0.00 0.00 0.00 0.00 0.00 0.00 0.00 0.00 0.00 0.23 1.31 2.14 2.98 3.58 3.77 3.61 2.97 2.15 1.28 0.13 0.00 0.00 0.00 0.00
0.00 0.00 0.00 0.00 0.00 0.00 0.00 0.00 0.00 7.90 16.34 26.04 33.56 44.94 46.71 44.77 26.57 19.35 10.78 0.29 0.00 0.00 0.00 0.00
0.00 0.00 0.00 0.00 0.00 0.00 0.00 0.00 0.00 5.32 29.92 49.04 68.03 81.96 86.13 82.56 68.02 49.22 29.30 2.90 0.00 0.00 0.00 0.00
0.00 0.00 0.00 0.00 0.00 0.00 0.00 0.00 0.00 18.91 106.33 174.27 241.78 291.28 306.11 293.42 241.75 174.94 104.13 10.30 0.00 0.00 0.00 0.00
0.00 0.00 0.00 0.00 0.00 0.00 0.00 0.00 0.00 0.59 2.24 3.47 4.44 4.86 4.82 4.55 3.17 2.20 1.10 0.00 0.00 0.00 0.00 0.00
0.00 0.00 0.00 0.00 0.00 0.00 0.00 0.00 0.00 37.95 238.39 395.52 549.34 664.46 713.96 686.17 583.11 419.40 253.22 33.78 0.00 0.00 0.00 0.00
0.00 0.00 0.00 0.00 0.00 0.00 0.00 0.00 0.00 0.69 2.34 3.81 5.07 4.28 4.31 4.13 3.69 2.47 1.27 0.00 0.00 0.00 0.00 0.00
0.00 0.00 0.00 0.00 0.00 0.00 0.00 0.00 0.00 0.45 0.92 1.49 2.03 2.29 2.35 2.30 1.76 1.26 0.69 0.03 0.00 0.00 0.00 0.00
0.00 0.00 0.00 0.00 0.00 0.00 0.00 0.00 0.00 0.71 1.48 2.39 3.24 3.66 3.76 3.67 2.81 2.02 1.11 0.05 0.00 0.00 0.00 0.00
0.00 0.00 0.00 0.00 0.00 0.00 0.00 0.00 0.00 0.71 1.48 2.39 3.24 3.66 3.76 3.67 2.81 2.02 1.11 0.05 0.00 0.00 0.00 0.00
0.00 0.00 0.00 0.00 0.00 0.00 0.00 0.00 0.00 1.29 4.51 7.25 10.09 12.87 13.27 12.91 10.72 7.58 4.23 0.17 0.00 0.00 0.00 0.00
0.00 0.00 0.00 0.00 0.00 0.00 0.00 0.00 0.00 0.67 2.13 3.48 4.80 5.92 6.09 5.91 4.92 3.51 1.96 0.07 0.00 0.00 0.00 0.00
0.00 0.00 0.00 0.00 0.00 0.00 0.00 0.00 0.00 0.86 2.74 4.47 6.18 7.61 7.83 7.60 6.33 4.52 2.52 0.09 0.00 0.00 0.00 0.00
0.00 0.00 0.00 0.00 0.00 0.00 0.00 0.00 0.00 0.57 1.82 2.98 4.12 5.08 5.22 5.06 4.22 3.01 1.68 0.06 0.00 0.00 0.00 0.00
0.00 0.00 0.00 0.00 0.00 0.00 0.00 0.00 0.00 0.57 1.82 2.98 4.12 5.08 5.22 5.06 4.22 3.01 1.68 0.06 0.00 0.00 0.00 0.00
0.00 0.00 0.00 0.00 0.00 0.00 0.00 0.00 0.00 7.24 20.80 33.76 44.69 57.73 60.88 58.58 67.81 48.73 28.66 2.54 0.00 0.00 0.00 0.00
0.00 0.00 0.00 0.00 0.00 0.00 0.00 0.00 0.00 3.78 12.77 20.81 29.25 37.72 38.25 37.26 32.19 22.79 12.57 0.36 0.00 0.00 0.00 0.00
0.00 0.00 0.00 0.00 0.00 0.00 0.00 0.00 0.00 2.93 8.71 14.22 19.28 22.50 23.12 22.28 23.21 16.42 9.08 0.29 0.00 0.00 0.00 0.00
0.00 0.00 0.00 0.00 0.00 0.00 0.00 0.00 0.00 11.19 70.32 116.67 162.03 195.99 210.59 202.40 172.00 123.71 74.69 9.96 0.00 0.00 0.00 0.00
0.00 0.00 0.00 0.00 0.00 0.00 0.00 0.00 0.00 10.65 66.89 110.97 154.13 186.43 200.32 192.52 163.61 117.67 71.05 9.48 0.00 0.00 0.00 0.00
0.00 0.00 0.00 0.00 0.00 0.00 0.00 0.00 0.00 20.48 128.63 213.41 296.40 358.52 385.23 370.24 314.63 226.29 136.63 18.23 0.00 0.00 0.00 0.00
0.00 0.00 0.00 0.00 0.00 0.00 0.00 0.00 0.00 20.14 126.48 209.86 291.46 352.54 378.81 364.06 309.38 222.52 134.35 17.92 0.00 0.00 0.00 0.00
0.00 0.00 0.00 0.00 0.00 0.00 0.00 0.00 0.00 21.28 136.34 226.49 314.76 382.68 397.97 383.29 316.61 227.90 135.42 12.55 0.00 0.00 0.00 0.00
0.00 0.00 0.00 0.00 0.00 0.00 0.00 0.00 0.00 0.45 0.92 1.49 2.03 2.29 2.35 2.30 1.76 1.26 0.69 0.03 0.00 0.00 0.00 0.00
0.00 0.00 0.00 0.00 0.00 0.00 0.00 0.00 0.00 2.26 4.68 7.56 10.26 11.59 11.90 11.63 8.90 6.39 3.51 0.17 0.00 0.00 0.00 0.00
0.00 0.00 0.00 0.00 0.00 0.00 0.00 0.00 0.00 11.52 23.89 38.61 52.40 59.19 60.76 59.38 45.45 32.61 17.93 0.86 0.00 0.00 0.00 0.00
0.00 0.00 0.00 0.00 0.00 0.00 0.00 0.00 0.00 0.76 4.80 7.97 11.07 13.38 14.38 13.82 11.75 8.45 5.10 0.68 0.00 0.00 0.00 0.00
0.00 0.00 0.00 0.00 0.00 0.00 0.00 0.00 0.00 18.62 104.67 171.55 238.01 286.74 301.34 288.85 237.98 172.21 102.50 10.14 0.00 0.00 0.00 0.00
0.00 0.00 0.00 0.00 0.00 0.00 0.00 0.00 0.00 1.71 7.76 12.42 17.23 21.80 23.33 22.35 18.72 14.03 8.27 1.09 0.00 0.00 0.00 0.00
0.00 0.00 0.00 0.00 0.00 0.00 0.00 0.00 0.00 9.39 51.95 83.55 111.82 135.18 137.76 131.50 106.91 76.47 43.07 1.35 0.00 0.00 0.00 0.00
0.00 0.00 0.00 0.00 0.00 0.00 0.00 0.00 0.00 0.31 1.74 2.86 3.97 4.78 5.02 4.81 3.97 2.87 1.71 0.17 0.00 0.00 0.00 0.00
0.00 0.00 0.00 0.00 0.00 0.00 0.00 0.00 0.00 13.96 78.50 128.67 178.51 215.05 226.01 216.64 178.48 129.16 76.88 7.61 0.00 0.00 0.00 0.00
0.00 0.00 0.00 0.00 0.00 0.00 0.00 0.00 0.00 17.92 100.75 165.12 229.09 275.99 290.04 278.02 229.05 165.75 98.66 9.76 0.00 0.00 0.00 0.00
0.00 0.00 0.00 0.00 0.00 0.00 0.00 0.00 0.00 28.06 179.79 298.68 415.09 504.66 524.82 505.46 417.53 300.55 178.58 16.55 0.00 0.00 0.00 0.00
0.00 0.00 0.00 0.00 0.00 0.00 0.00 0.00 0.00 1.09 3.16 5.23 7.30 9.45 9.94 9.56 7.64 5.48 3.11 0.18 0.00 0.00 0.00 0.00
0.00 0.00 0.00 0.00 0.00 0.00 0.00 0.00 0.00 1.34 3.99 6.67 9.26 11.73 12.38 11.93 9.62 6.88 3.89 0.18 0.00 0.00 0.00 0.00
0.00 0.00 0.00 0.00 0.00 0.00 0.00 0.00 0.00 7.04 32.03 51.24 71.09 89.91 96.23 92.20 77.21 57.88 34.11 4.48 0.00 0.00 0.00 0.00
0.00 0.00 0.00 0.00 0.00 0.00 0.00 0.00 0.00 6.98 114.95 202.98 290.69 367.66 392.69 374.76 317.92 233.69 139.67 13.56 0.00 0.00 0.00 0.00
0.00 0.00 0.00 0.00 0.00 0.00 0.00 0.00 0.00 0.30 0.89 1.46 2.04 2.46 2.49 2.37 2.19 1.56 0.85 0.01 0.00 0.00 0.00 0.00
0.00 0.00 0.00 0.00 0.00 0.00 0.00 0.00 0.00 5.00 26.60 43.25 60.18 71.67 74.44 70.95 58.31 41.51 24.20 1.66 0.00 0.00 0.00 0.00
0.00 0.00 0.00 0.00 0.00 0.00 0.00 0.00 0.00 1.22 8.96 15.24 21.85 26.16 28.14 26.57 21.91 15.95 9.57 1.42 0.00 0.00 0.00 0.00
0.00 0.00 0.00 0.00 0.00 0.00 0.00 0.00 0.00 0.83 2.81 4.43 5.83 4.95 5.08 4.78 3.88 2.62 1.32 0.00 0.00 0.00 0.00 0.00
0.00 0.00 0.00 0.00 0.00 0.00 0.00 0.00 0.00 0.42 1.40 2.22 2.91 2.48 2.54 2.39 1.94 1.31 0.66 0.00 0.00 0.00 0.00 0.00
0.00 0.00 0.00 0.00 0.00 0.00 0.00 0.00 0.00 0.91 3.07 4.85 6.38 5.42 5.55 5.23 4.25 2.87 1.45 0.00 0.00 0.00 0.00 0.00
0.00 0.00 0.00 0.00 0.00 0.00 0.00 0.00 0.00 1.11 3.57 5.67 7.53 6.01 6.13 5.84 4.85 3.28 1.67 0.00 0.00 0.00 0.00 0.00
0.00 0.00 0.00 0.00 0.00 0.00 0.00 0.00 0.00 1.69 5.45 8.64 11.47 9.15 9.34 8.91 7.39 5.00 2.54 0.00 0.00 0.00 0.00 0.00
0.00 0.00 0.00 0.00 0.00 0.00 0.00 0.00 0.00 1.39 4.62 7.43 9.90 8.29 8.34 8.04 7.28 4.84 2.49 0.00 0.00 0.00 0.00 0.00
0.00 0.00 0.00 0.00 0.00 0.00 0.00 0.00 0.00 0.89 4.14 6.62 8.89 10.96 11.06 10.37 8.40 5.85 3.18 0.03 0.00 0.00 0.00 0.00
0.00 0.00 0.00 0.00 0.00 0.00 0.00 0.00 0.00 2.30 10.71 17.11 22.95 28.31 28.58 26.80 21.70 15.11 8.21 0.08 0.00 0.00 0.00 0.00
0.00 0.00 0.00 0.00 0.00 0.00 0.00 0.00 0.00 0.54 2.52 4.06 5.49 7.19 7.28 6.88 5.78 4.13 2.29 0.06 0.00 0.00 0.00 0.00
0.00 0.00 0.00 0.00 0.00 0.00 0.00 0.00 0.00 1.13 3.11 5.12 6.82 8.98 9.31 8.96 8.10 5.66 3.01 0.00 0.00 0.00 0.00 0.00
0.00 0.00 0.00 0.00 0.00 0.00 0.00 0.00 0.00 2.53 7.47 12.13 16.16 18.10 18.45 17.75 12.71 8.82 4.63 0.00 0.00 0.00 0.00 0.00
0.00 0.00 0.00 0.00 0.00 0.00 0.00 0.00 0.00 0.28 0.76 1.16 1.46 1.39 1.39 1.33 1.17 0.82 0.41 0.00 0.00 0.00 0.00 0.00
0.00 0.00 0.00 0.00 0.00 0.00 0.00 0.00 0.00 1.36 3.56 5.71 7.37 10.03 10.06 9.78 6.79 4.71 2.46 0.00 0.00 0.00 0.00 0.00
0.00 0.00 0.00 0.00 0.00 0.00 0.00 0.00 0.00 0.78 2.65 4.20 5.30 6.59 6.69 6.42 4.91 3.37 1.72 0.00 0.00 0.00 0.00 0.00
0.00 0.00 0.00 0.00 0.00 0.00 0.00 0.00 0.00 1.08 3.65 5.79 7.32 9.10 9.24 8.85 6.78 4.65 2.38 0.00 0.00 0.00 0.00 0.00
0.00 0.00 0.00 0.00 0.00 0.00 0.00 0.00 0.00 0.74 2.49 3.95 4.98 6.20 6.29 6.03 4.62 3.17 1.62 0.00 0.00 0.00 0.00 0.00
0.00 0.00 0.00 0.00 0.00 0.00 0.00 0.00 0.00 0.73 1.90 3.04 3.93 5.35 5.37 5.21 3.62 2.51 1.31 0.00 0.00 0.00 0.00 0.00
0.00 0.00 0.00 0.00 0.00 0.00 0.00 0.00 0.00 0.58 2.03 3.19 3.95 4.85 4.89 4.57 3.02 2.11 1.06 0.00 0.00 0.00 0.00 0.00
0.00 0.00 0.00 0.00 0.00 0.00 0.00 0.00 0.00 1.28 2.65 4.28 5.81 6.56 6.73 6.58 5.04 3.61 1.99 0.09 0.00 0.00 0.00 0.00
0.00 0.00 0.00 0.00 0.00 0.00 0.00 0.00 0.00 9.42 27.07 43.95 58.17 75.15 79.24 76.25 88.26 63.43 37.30 3.31 0.00 0.00 0.00 0.00
0.00 0.00 0.00 0.00 0.00 0.00 0.00 0.00 0.00 1.47 5.11 8.21 11.43 14.59 15.04 14.63 12.14 8.59 4.80 0.19 0.00 0.00 0.00 0.00
0.00 0.00 0.00 0.00 0.00 0.00 0.00 0.00 0.00 2.53 4.84 8.10 11.07 14.30 14.47 14.29 11.77 8.24 4.51 0.14 0.00 0.00 0.00 0.00
0.00 0.00 0.00 0.00 0.00 0.00 0.00 0.00 0.00 1.16 2.22 3.71 5.07 6.56 6.63 6.55 5.39 3.78 2.07 0.06 0.00 0.00 0.00 0.00
0.00 0.00 0.00 0.00 0.00 0.00 0.00 0.00 0.00 1.73 6.21 9.93 13.90 18.16 18.67 18.04 15.09 10.71 5.98 0.22 0.00 0.00 0.00 0.00
0.00 0.00 0.00 0.00 0.00 0.00 0.00 0.00 0.00 0.73 2.17 3.55 4.95 5.97 6.06 5.76 5.32 3.79 2.07 0.04 0.00 0.00 0.00 0.00
0.00 0.00 0.00 0.00 0.00 0.00 0.00 0.00 0.00 7.29 33.16 53.05 73.60 93.09 99.63 95.46 79.94 59.92 35.32 4.64 0.00 0.00 0.00 0.00
0.00 0.00 0.00 0.00 0.00 0.00 0.00 0.00 0.00 2.25 12.42 19.98 26.74 32.33 32.94 31.45 25.57 18.29 10.30 0.32 0.00 0.00 0.00 0.00
0.00 0.00 0.00 0.00 0.00 0.00 0.00 0.00 0.00 0.52 2.79 4.51 6.11 7.21 7.42 7.12 5.92 4.20 2.38 0.09 0.00 0.00 0.00 0.00
0.00 0.00 0.00 0.00 0.00 0.00 0.00 0.00 0.00 0.66 3.09 5.00 6.66 8.76 9.01 8.54 7.40 5.36 3.05 0.13 0.00 0.00 0.00 0.00
0.00 0.00 0.00 0.00 0.00 0.00 0.00 0.00 0.00 1.05 4.94 8.00 10.65 14.02 14.41 13.67 11.85 8.57 4.88 0.21 0.00 0.00 0.00 0.00
0.00 0.00 0.00 0.00 0.00 0.00 0.00 0.00 0.00 20.82 130.77 216.97 301.34 364.49 391.65 376.41 319.87 230.06 138.91 18.53 0.00 0.00 0.00 0.00
