0.00 0.00 0.00 0.00 0.00 0.00 0.00 0.00 0.00 0.73 1.72 2.56 3.32 3.81 3.89 3.53 2.86 1.93 0.87 0.00 0.00 0.00 0.00 0.00
0.00 0.00 0.00 0.00 0.00 0.00 0.00 0.00 0.48 4.06 9.93 14.18 17.33 25.22 24.40 21.82 23.24 15.28 5.95 0.00 0.00 0.00 0.00 0.00
0.00 0.00 0.00 0.00 0.00 0.00 0.00 0.00 0.00 16.60 39.43 58.57 75.95 87.01 88.87 80.77 65.32 44.22 19.94 0.00 0.00 0.00 0.00 0.00
0.00 0.00 0.00 0.00 0.00 0.00 0.00 0.00 0.00 59.01 140.12 208.16 269.92 309.23 315.85 287.05 232.13 157.14 70.86 0.00 0.00 0.00 0.00 0.00
0.00 0.00 0.00 0.00 0.00 0.00 0.00 0.00 0.43 2.16 6.27 8.78 10.22 10.21 9.87 8.77 7.11 4.46 1.31 0.00 0.00 0.00 0.00 0.00
0.00 0.00 0.00 0.00 0.00 0.00 0.00 0.00 0.00 126.13 297.37 445.90 592.89 679.12 697.66 641.94 533.67 349.33 167.05 0.00 0.00 0.00 0.00 0.00
0.00 0.00 0.00 0.00 0.00 0.00 0.00 0.00 0.02 1.65 3.49 5.26 6.39 6.80 6.74 5.94 4.51 2.88 0.90 0.00 0.00 0.00 0.00 0.00
0.00 0.00 0.00 0.00 0.00 0.00 0.00 0.00 0.04 0.40 0.99 1.43 1.72 2.23 2.22 1.96 2.33 1.53 0.58 0.00 0.00 0.00 0.00 0.00
0.00 0.00 0.00 0.00 0.00 0.00 0.00 0.00 0.06 0.64 1.58 2.29 2.75 3.57 3.54 3.14 3.73 2.45 0.93 0.00 0.00 0.00 0.00 0.00
0.00 0.00 0.00 0.00 0.00 0.00 0.00 0.00 0.06 0.64 1.58 2.29 2.75 3.57 3.54 3.14 3.73 2.45 0.93 0.00 0.00 0.00 0.00 0.00
0.00 0.00 0.00 0.00 0.00 0.00 0.00 0.00 0.05 2.98 6.37 9.37 11.91 11.20 11.32 10.31 10.36 6.87 2.70 0.00 0.00 0.00 0.00 0.00
0.00 0.00 0.00 0.00 0.00 0.00 0.00 0.00 0.03 1.33 3.00 4.45 5.71 5.54 5.57 5.08 4.89 3.24 1.27 0.00 0.00 0.00 0.00 0.00
0.00 0.00 0.00 0.00 0.00 0.00 0.00 0.00 0.04 1.71 3.86 5.73 7.34 7.13 7.16 6.53 6.29 4.17 1.64 0.00 0.00 0.00 0.00 0.00
0.00 0.00 0.00 0.00 0.00 0.00 0.00 0.00 0.03 1.14 2.57 3.82 4.89 4.75 4.78 4.35 4.19 2.78 1.09 0.00 0.00 0.00 0.00 0.00
0.00 0.00 0.00 0.00 0.00 0.00 0.00 0.00 0.03 1.14 2.57 3.82 4.89 4.75 4.78 4.35 4.19 2.78 1.09 0.00 0.00 0.00 0.00 0.00
0.00 0.00 0.00 0.00 0.00 0.00 0.00 0.00 0.20 4.50 8.65 13.27 17.00 20.08 20.84 19.01 17.58 11.24 5.02 0.00 0.00 0.00 0.00 0.00
0.00 0.00 0.00 0.00 0.00 0.00 0.00 0.00 0.26 9.97 20.12 28.98 37.30 34.80 35.66 32.26 31.40 20.71 7.89 0.00 0.00 0.00 0.00 0.00
0.00 0.00 0.00 0.00 0.00 0.00 0.00 0.00 0.00 8.87 16.97 24.51 31.67 29.82 29.35 26.49 26.57 17.63 6.77 0.00 0.00 0.00 0.00 0.00
0.00 0.00 0.00 0.00 0.00 0.00 0.00 0.00 0.00 37.20 87.71 131.52 174.88 200.32 205.78 189.35 157.41 103.04 49.27 0.00 0.00 0.00 0.00 0.00
0.00 0.00 0.00 0.00 0.00 0.00 0.00 0.00 0.00 35.39 83.44 125.11 166.35 190.55 195.75 180.11 149.73 98.01 46.87 0.00 0.00 0.00 0.00 0.00
0.00 0.00 0.00 0.00 0.00 0.00 0.00 0.00 0.00 68.06 160.45 240.59 319.91 366.43 376.44 346.37 287.95 188.49 90.14 0.00 0.00 0.00 0.00 0.00
0.00 0.00 0.00 0.00 0.00 0.00 0.00 0.00 0.00 66.92 157.78 236.58 314.57 360.33 370.16 340.60 283.15 185.35 88.63 0.00 0.00 0.00 0.00 0.00
0.00 0.00 0.00 0.00 0.00 0.00 0.00 0.00 0.00 69.24 184.89 272.11 358.84 413.25 420.41 382.19 304.03 205.81 92.30 0.00 0.00 0.00 0.00 0.00
0.00 0.00 0.00 0.00 0.00 0.00 0.00 0.00 0.04 0.40 0.99 1.43 1.72 2.23 2.22 1.96 2.33 1.53 0.58 0.00 0.00 0.00 0.00 0.00
0.00 0.00 0.00 0.00 0.00 0.00 0.00 0.00 0.20 2.03 5.00 7.25 8.72 11.31 11.22 9.95 11.82 7.76 2.93 0.00 0.00 0.00 0.00 0.00
0.00 0.00 0.00 0.00 0.00 0.00 0.00 0.00 1.02 10.36 25.55 37.02 44.54 57.73 57.30 50.81 60.34 39.64 14.97 0.00 0.00 0.00 0.00 0.00
0.00 0.00 0.00 0.00 0.00 0.00 0.00 0.00 0.00 2.54 5.99 8.98 11.94 13.68 14.05 12.93 10.75 7.04 3.37 0.00 0.00 0.00 0.00 0.00
0.00 0.00 0.00 0.00 0.00 0.00 0.00 0.00 0.00 58.09 137.94 204.92 265.71 304.41 310.93 282.58 228.51 154.69 69.75 0.00 0.00 0.00 0.00 0.00
0.00 0.00 0.00 0.00 0.00 0.00 0.00 0.00 0.00 1.71 6.31 9.30 12.09 13.23 13.40 12.48 16.67 11.49 5.09 0.00 0.00 0.00 0.00 0.00
0.00 0.00 0.00 0.00 0.00 0.00 0.00 0.00 0.00 30.04 72.96 106.86 135.83 153.52 152.24 135.05 104.72 70.32 27.91 0.00 0.00 0.00 0.00 0.00
0.00 0.00 0.00 0.00 0.00 0.00 0.00 0.00 0.00 0.97 2.30 3.42 4.43 5.07 5.18 4.71 3.81 2.58 1.16 0.00 0.00 0.00 0.00 0.00
0.00 0.00 0.00 0.00 0.00 0.00 0.00 0.00 0.00 43.56 103.45 153.69 199.28 228.31 233.20 211.93 171.38 116.02 52.32 0.00 0.00 0.00 0.00 0.00
0.00 0.00 0.00 0.00 0.00 0.00 0.00 0.00 0.00 55.91 132.77 197.23 255.75 293.00 299.27 271.98 219.94 148.89 67.14 0.00 0.00 0.00 0.00 0.00
0.00 0.00 0.00 0.00 0.00 0.00 0.00 0.00 0.00 91.31 243.82 358.85 473.23 544.97 554.42 504.01 400.94 271.41 121.72 0.00 0.00 0.00 0.00 0.00
0.00 0.00 0.00 0.00 0.00 0.00 0.00 0.00 0.02 1.30 3.48 5.25 6.70 7.21 7.32 6.63 6.66 4.41 1.80 0.00 0.00 0.00 0.00 0.00
0.00 0.00 0.00 0.00 0.00 0.00 0.00 0.00 0.03 1.99 4.86 7.33 9.41 10.40 10.52 9.56 8.65 5.74 2.32 0.00 0.00 0.00 0.00 0.00
0.00 0.00 0.00 0.00 0.00 0.00 0.00 0.00 0.00 7.07 26.02 38.37 49.87 54.56 55.27 51.48 68.78 47.39 21.01 0.00 0.00 0.00 0.00 0.00
0.00 0.00 0.00 0.00 0.00 0.00 0.00 0.00 0.00 53.14 169.89 254.35 339.16 383.99 397.27 360.18 277.91 192.53 87.09 0.00 0.00 0.00 0.00 0.00
0.00 0.00 0.00 0.00 0.00 0.00 0.00 0.00 0.03 0.83 1.62 2.35 2.93 2.93 2.98 2.70 2.50 1.64 0.61 0.00 0.00 0.00 0.00 0.00
0.00 0.00 0.00 0.00 0.00 0.00 0.00 0.00 0.00 13.94 34.95 51.60 66.88 76.87 78.40 70.21 55.77 37.64 16.20 0.00 0.00 0.00 0.00 0.00
0.00 0.00 0.00 0.00 0.00 0.00 0.00 0.00 0.00 3.16 8.91 13.35 17.32 20.44 21.22 19.36 18.22 12.02 6.11 0.00 0.00 0.00 0.00 0.00
0.00 0.00 0.00 0.00 0.00 0.00 0.00 0.00 0.06 2.00 4.19 6.03 7.38 7.93 7.77 6.97 5.27 3.32 0.98 0.00 0.00 0.00 0.00 0.00
0.00 0.00 0.00 0.00 0.00 0.00 0.00 0.00 0.03 1.00 2.09 3.02 3.69 3.96 3.89 3.48 2.63 1.66 0.49 0.00 0.00 0.00 0.00 0.00
0.00 0.00 0.00 0.00 0.00 0.00 0.00 0.00 0.07 2.19 4.58 6.60 8.07 8.67 8.50 7.62 5.76 3.63 1.08 0.00 0.00 0.00 0.00 0.00
0.00 0.00 0.00 0.00 0.00 0.00 0.00 0.00 0.10 2.64 5.43 7.81 9.62 10.21 10.17 9.12 6.88 4.37 1.33 0.00 0.00 0.00 0.00 0.00
0.00 0.00 0.00 0.00 0.00 0.00 0.00 0.00 0.15 4.02 8.27 11.90 14.65 15.55 15.50 13.89 10.49 6.65 2.03 0.00 0.00 0.00 0.00 0.00
0.00 0.00 0.00 0.00 0.00 0.00 0.00 0.00 0.03 3.36 7.10 10.53 12.99 13.87 13.75 12.01 9.10 5.81 1.84 0.00 0.00 0.00 0.00 0.00
0.00 0.00 0.00 0.00 0.00 0.00 0.00 0.00 0.00 2.57 6.00 8.72 10.98 12.01 11.94 10.49 8.01 5.27 1.91 0.00 0.00 0.00 0.00 0.00
0.00 0.00 0.00 0.00 0.00 0.00 0.00 0.00 0.00 6.64 15.51 22.52 28.36 31.02 30.83 27.10 20.70 13.62 4.95 0.00 0.00 0.00 0.00 0.00
0.00 0.00 0.00 0.00 0.00 0.00 0.00 0.00 0.00 1.69 3.99 5.81 7.35 8.18 8.16 7.19 5.59 3.71 1.42 0.00 0.00 0.00 0.00 0.00
0.00 0.00 0.00 0.00 0.00 0.00 0.00 0.00 0.27 3.79 7.32 10.63 13.48 14.41 14.46 12.96 10.87 7.06 2.47 0.00 0.00 0.00 0.00 0.00
0.00 0.00 0.00 0.00 0.00 0.00 0.00 0.00 0.27 6.54 12.64 18.27 22.38 24.16 24.69 22.67 18.32 11.83 3.98 0.00 0.00 0.00 0.00 0.00
0.00 0.00 0.00 0.00 0.00 0.00 0.00 0.00 0.15 0.83 1.84 2.54 3.03 3.17 3.14 2.75 2.31 1.45 0.42 0.00 0.00 0.00 0.00 0.00
0.00 0.00 0.00 0.00 0.00 0.00 0.00 0.00 0.61 4.08 10.35 14.66 17.23 18.08 17.71 15.55 12.70 8.15 2.71 0.00 0.00 0.00 0.00 0.00
0.00 0.00 0.00 0.00 0.00 0.00 0.00 0.00 0.47 2.79 7.07 10.11 11.77 12.56 12.09 10.60 8.59 5.45 1.71 0.00 0.00 0.00 0.00 0.00
0.00 0.00 0.00 0.00 0.00 0.00 0.00 0.00 0.65 3.86 9.76 13.95 16.24 17.33 16.68 14.63 11.86 7.53 2.36 0.00 0.00 0.00 0.00 0.00
0.00 0.00 0.00 0.00 0.00 0.00 0.00 0.00 0.44 2.63 6.65 9.50 11.06 11.81 11.36 9.97 8.08 5.13 1.61 0.00 0.00 0.00 0.00 0.00
0.00 0.00 0.00 0.00 0.00 0.00 0.00 0.00 0.32 2.18 5.52 7.82 9.19 9.64 9.44 8.29 6.77 4.34 1.45 0.00 0.00 0.00 0.00 0.00
0.00 0.00 0.00 0.00 0.00 0.00 0.00 0.00 0.37 1.95 5.50 7.59 8.94 9.16 8.98 8.00 6.42 4.04 1.22 0.00 0.00 0.00 0.00 0.00
0.00 0.00 0.00 0.00 0.00 0.00 0.00 0.00 0.11 1.15 2.83 4.10 4.94 6.40 6.35 5.63 6.69 4.39 1.66 0.00 0.00 0.00 0.00 0.00
0.00 0.00 0.00 0.00 0.00 0.00 0.00 0.00 0.27 5.86 11.26 17.28 22.13 26.14 27.13 24.74 22.88 14.63 6.53 0.00 0.00 0.00 0.00 0.00
0.00 0.00 0.00 0.00 0.00 0.00 0.00 0.00 0.05 3.37 7.22 10.62 13.50 12.69 12.83 11.68 11.74 7.78 3.06 0.00 0.00 0.00 0.00 0.00
0.00 0.00 0.00 0.00 0.00 0.00 0.00 0.00 0.32 5.56 11.78 17.04 21.21 22.70 22.66 20.88 17.69 11.63 4.34 0.00 0.00 0.00 0.00 0.00
0.00 0.00 0.00 0.00 0.00 0.00 0.00 0.00 0.15 2.55 5.40 7.81 9.72 10.40 10.38 9.57 8.11 5.33 1.99 0.00 0.00 0.00 0.00 0.00
0.00 0.00 0.00 0.00 0.00 0.00 0.00 0.00 0.06 4.36 9.06 13.21 16.76 15.30 15.53 14.08 14.42 9.56 3.74 0.00 0.00 0.00 0.00 0.00
0.00 0.00 0.00 0.00 0.00 0.00 0.00 0.00 0.08 2.01 3.94 5.70 7.12 7.12 7.25 6.55 6.07 3.98 1.47 0.00 0.00 0.00 0.00 0.00
0.00 0.00 0.00 0.00 0.00 0.00 0.00 0.00 0.00 7.32 26.94 39.73 51.64 56.49 57.22 53.30 71.21 49.06 21.75 0.00 0.00 0.00 0.00 0.00
0.00 0.00 0.00 0.00 0.00 0.00 0.00 0.00 0.00 7.18 17.45 25.55 32.48 36.71 36.41 32.29 25.04 16.82 6.68 0.00 0.00 0.00 0.00 0.00
0.00 0.00 0.00 0.00 0.00 0.00 0.00 0.00 0.00 1.60 3.87 5.64 7.27 8.19 8.27 7.32 5.67 3.82 1.54 0.00 0.00 0.00 0.00 0.00
0.00 0.00 0.00 0.00 0.00 0.00 0.00 0.00 0.00 2.08 4.72 6.98 8.87 10.14 10.17 9.18 7.27 4.90 2.00 0.00 0.00 0.00 0.00 0.00
0.00 0.00 0.00 0.00 0.00 0.00 0.00 0.00 0.00 3.32 7.56 11.17 14.20 16.22 16.27 14.69 11.63 7.84 3.20 0.00 0.00 0.00 0.00 0.00
0.00 0.00 0.00 0.00 0.00 0.00 0.00 0.00 0.00 69.19 163.13 244.60 325.24 372.54 382.71 352.14 292.75 191.63 91.64 0.00 0.00 0.00 0.00 0.00
