0.00 0.00 0.00 0.00 0.00 0.00 0.00 0.00 0.00 0.66 1.37 2.19 2.89 3.41 3.54 3.38 3.43 2.61 1.56 0.57 0.00 0.00 0.00 0.00
0.00 0.00 0.00 0.00 0.00 0.00 0.00 0.00 0.38 12.43 29.22 43.63 55.15 56.23 57.82 56.16 47.67 35.07 20.81 3.26 0.00 0.00 0.00 0.00
0.00 0.00 0.00 0.00 0.00 0.00 0.00 0.00 0.00 15.21 31.24 50.16 66.12 77.97 80.98 77.28 78.38 59.73 35.72 13.00 0.00 0.00 0.00 0.00
0.00 0.00 0.00 0.00 0.00 0.00 0.00 0.00 0.00 54.04 111.03 178.28 234.99 277.09 287.79 274.66 278.57 212.28 126.94 46.20 0.00 0.00 0.00 0.00
0.00 0.00 0.00 0.00 0.00 0.00 0.00 0.00 0.39 2.65 5.24 8.03 9.97 11.07 11.14 10.19 8.23 5.88 3.44 0.24 0.00 0.00 0.00 0.00
0.00 0.00 0.00 0.00 0.00 0.00 0.00 0.00 0.00 116.10 313.80 510.70 665.83 712.76 761.73 737.13 670.38 513.95 319.04 111.85 0.00 0.00 0.00 0.00
0.00 0.00 0.00 0.00 0.00 0.00 0.00 0.00 0.00 1.38 1.90 2.90 3.62 4.54 4.54 4.26 3.38 2.49 1.47 0.25 0.00 0.00 0.00 0.00
0.00 0.00 0.00 0.00 0.00 0.00 0.00 0.00 0.01 0.62 1.65 2.47 3.23 3.41 3.48 3.42 3.12 2.29 1.36 0.15 0.00 0.00 0.00 0.00
0.00 0.00 0.00 0.00 0.00 0.00 0.00 0.00 0.02 0.99 2.63 3.95 5.17 5.46 5.57 5.48 4.99 3.67 2.18 0.23 0.00 0.00 0.00 0.00
0.00 0.00 0.00 0.00 0.00 0.00 0.00 0.00 0.02 0.99 2.63 3.95 5.17 5.46 5.57 5.48 4.99 3.67 2.18 0.23 0.00 0.00 0.00 0.00
0.00 0.00 0.00 0.00 0.00 0.00 0.00 0.00 0.00 2.87 6.42 9.93 13.15 14.50 15.07 14.52 12.49 9.42 5.66 1.20 0.00 0.00 0.00 0.00
0.00 0.00 0.00 0.00 0.00 0.00 0.00 0.00 0.00 1.39 3.07 4.77 6.32 7.07 7.17 6.93 5.98 4.51 2.64 0.55 0.00 0.00 0.00 0.00
0.00 0.00 0.00 0.00 0.00 0.00 0.00 0.00 0.00 1.79 3.95 6.13 8.12 9.09 9.22 8.91 7.69 5.80 3.39 0.70 0.00 0.00 0.00 0.00
0.00 0.00 0.00 0.00 0.00 0.00 0.00 0.00 0.00 1.19 2.63 4.08 5.42 6.06 6.14 5.94 5.13 3.87 2.26 0.47 0.00 0.00 0.00 0.00
0.00 0.00 0.00 0.00 0.00 0.00 0.00 0.00 0.00 1.19 2.63 4.08 5.42 6.06 6.14 5.94 5.13 3.87 2.26 0.47 0.00 0.00 0.00 0.00
0.00 0.00 0.00 0.00 0.00 0.00 0.00 0.00 0.00 15.07 33.86 54.73 73.66 80.48 83.66 80.59 66.10 49.42 28.28 6.85 0.00 0.00 0.00 0.00
0.00 0.00 0.00 0.00 0.00 0.00 0.00 0.00 0.00 8.70 19.49 30.01 39.37 44.83 46.02 43.38 37.41 28.39 16.55 3.46 0.00 0.00 0.00 0.00
0.00 0.00 0.00 0.00 0.00 0.00 0.00 0.00 0.00 7.10 17.15 26.03 33.74 38.08 38.72 37.09 30.59 23.01 13.87 2.80 0.00 0.00 0.00 0.00
0.00 0.00 0.00 0.00 0.00 0.00 0.00 0.00 0.00 34.25 92.56 150.64 196.40 210.24 224.68 217.43 197.74 151.60 94.10 32.99 0.00 0.00 0.00 0.00
0.00 0.00 0.00 0.00 0.00 0.00 0.00 0.00 0.00 32.58 88.05 143.29 186.82 199.98 213.72 206.82 188.09 144.20 89.51 31.38 0.00 0.00 0.00 0.00
0.00 0.00 0.00 0.00 0.00 0.00 0.00 0.00 0.00 62.65 169.32 275.56 359.26 384.58 411.00 397.73 361.71 277.31 172.14 60.35 0.00 0.00 0.00 0.00
0.00 0.00 0.00 0.00 0.00 0.00 0.00 0.00 0.00 61.60 166.50 270.97 353.27 378.17 404.15 391.10 355.69 272.69 169.27 59.35 0.00 0.00 0.00 0.00
0.00 0.00 0.00 0.00 0.00 0.00 0.00 0.00 0.00 66.70 115.48 189.63 254.01 296.94 302.74 285.98 314.17 235.94 143.59 51.98 0.00 0.00 0.00 0.00
0.00 0.00 0.00 0.00 0.00 0.00 0.00 0.00 0.01 0.62 1.65 2.47 3.23 3.41 3.48 3.42 3.12 2.29 1.36 0.15 0.00 0.00 0.00 0.00
0.00 0.00 0.00 0.00 0.00 0.00 0.00 0.00 0.07 3.14 8.34 12.52 16.38 17.30 17.65 17.34 15.81 11.62 6.90 0.74 0.00 0.00 0.00 0.00
0.00 0.00 0.00 0.00 0.00 0.00 0.00 0.00 0.37 16.03 42.57 63.92 83.61 88.33 90.09 88.54 80.73 59.33 35.21 3.76 0.00 0.00 0.00 0.00
0.00 0.00 0.00 0.00 0.00 0.00 0.00 0.00 0.00 2.34 6.32 10.29 13.41 14.36 15.34 14.85 13.50 10.35 6.43 2.25 0.00 0.00 0.00 0.00
0.00 0.00 0.00 0.00 0.00 0.00 0.00 0.00 0.00 53.20 109.30 175.50 231.33 272.77 283.30 270.38 274.22 208.97 124.96 45.48 0.00 0.00 0.00 0.00
0.00 0.00 0.00 0.00 0.00 0.00 0.00 0.00 0.00 3.47 9.11 14.40 19.87 23.06 24.19 23.62 20.32 15.70 9.96 2.72 0.00 0.00 0.00 0.00
0.00 0.00 0.00 0.00 0.00 0.00 0.00 0.00 0.00 17.93 30.35 48.43 63.96 75.97 79.65 76.48 95.51 71.03 42.12 14.12 0.00 0.00 0.00 0.00
0.00 0.00 0.00 0.00 0.00 0.00 0.00 0.00 0.00 0.89 1.82 2.92 3.86 4.55 4.72 4.51 4.57 3.48 2.08 0.76 0.00 0.00 0.00 0.00
0.00 0.00 0.00 0.00 0.00 0.00 0.00 0.00 0.00 39.90 81.98 131.62 173.49 204.58 212.48 202.79 205.67 156.73 93.72 34.11 0.00 0.00 0.00 0.00
0.00 0.00 0.00 0.00 0.00 0.00 0.00 0.00 0.00 51.20 105.20 168.92 222.65 262.54 272.68 260.24 263.94 201.14 120.28 43.77 0.00 0.00 0.00 0.00
0.00 0.00 0.00 0.00 0.00 0.00 0.00 0.00 0.00 87.96 152.29 250.08 334.97 391.59 399.24 377.13 414.31 311.14 189.36 68.55 0.00 0.00 0.00 0.00
0.00 0.00 0.00 0.00 0.00 0.00 0.00 0.00 0.00 2.11 4.47 6.97 9.22 10.58 10.90 10.58 9.43 7.06 4.20 0.87 0.00 0.00 0.00 0.00
0.00 0.00 0.00 0.00 0.00 0.00 0.00 0.00 0.00 2.71 5.84 8.89 11.83 13.35 13.69 13.23 11.72 8.79 5.21 1.06 0.00 0.00 0.00 0.00
0.00 0.00 0.00 0.00 0.00 0.00 0.00 0.00 0.00 14.33 37.57 59.39 81.97 95.12 99.77 97.45 83.81 64.78 41.09 11.23 0.00 0.00 0.00 0.00
0.00 0.00 0.00 0.00 0.00 0.00 0.00 0.00 0.00 57.28 133.31 222.07 302.10 402.04 415.93 398.27 338.07 266.93 165.18 55.44 0.00 0.00 0.00 0.00
0.00 0.00 0.00 0.00 0.00 0.00 0.00 0.00 0.00 0.63 1.55 2.41 3.14 3.50 3.63 3.46 2.89 2.16 1.28 0.24 0.00 0.00 0.00 0.00
0.00 0.00 0.00 0.00 0.00 0.00 0.00 0.00 0.00 13.44 22.24 36.14 47.72 51.86 53.51 51.14 59.17 44.35 26.83 9.74 0.00 0.00 0.00 0.00
0.00 0.00 0.00 0.00 0.00 0.00 0.00 0.00 0.00 3.96 11.28 18.32 24.82 26.05 26.66 26.13 24.93 19.10 12.17 4.96 0.00 0.00 0.00 0.00
0.00 0.00 0.00 0.00 0.00 0.00 0.00 0.00 0.03 1.60 2.20 3.38 4.30 5.57 5.52 5.07 3.69 2.74 1.63 0.26 0.00 0.00 0.00 0.00
0.00 0.00 0.00 0.00 0.00 0.00 0.00 0.00 0.02 0.80 1.10 1.69 2.15 2.79 2.76 2.53 1.84 1.37 0.81 0.13 0.00 0.00 0.00 0.00
0.00 0.00 0.00 0.00 0.00 0.00 0.00 0.00 0.03 1.75 2.41 3.70 4.70 6.09 6.04 5.54 4.03 3.00 1.78 0.28 0.00 0.00 0.00 0.00
0.00 0.00 0.00 0.00 0.00 0.00 0.00 0.00 0.03 1.79 2.88 4.47 5.57 7.29 7.25 6.77 5.01 3.74 2.20 0.34 0.00 0.00 0.00 0.00
0.00 0.00 0.00 0.00 0.00 0.00 0.00 0.00 0.05 2.73 4.38 6.81 8.48 11.11 11.05 10.31 7.63 5.70 3.35 0.51 0.00 0.00 0.00 0.00
0.00 0.00 0.00 0.00 0.00 0.00 0.00 0.00 0.00 2.76 4.00 6.13 7.60 9.13 9.20 8.70 6.91 5.19 3.06 0.54 0.00 0.00 0.00 0.00
0.00 0.00 0.00 0.00 0.00 0.00 0.00 0.00 0.00 2.26 3.42 5.31 6.81 5.39 5.67 5.47 6.56 4.88 2.82 0.66 0.00 0.00 0.00 0.00
0.00 0.00 0.00 0.00 0.00 0.00 0.00 0.00 0.00 5.83 8.83 13.73 17.59 13.93 14.65 14.13 16.95 12.60 7.29 1.70 0.00 0.00 0.00 0.00
0.00 0.00 0.00 0.00 0.00 0.00 0.00 0.00 0.00 1.11 1.48 2.34 3.12 4.06 4.21 3.99 5.08 3.78 2.24 0.64 0.00 0.00 0.00 0.00
0.00 0.00 0.00 0.00 0.00 0.00 0.00 0.00 0.05 2.60 6.78 10.38 13.22 15.13 15.62 14.94 12.32 9.23 5.54 0.88 0.00 0.00 0.00 0.00
0.00 0.00 0.00 0.00 0.00 0.00 0.00 0.00 0.02 4.25 10.62 15.90 19.97 21.78 22.15 21.01 14.61 10.86 6.33 1.09 0.00 0.00 0.00 0.00
0.00 0.00 0.00 0.00 0.00 0.00 0.00 0.00 0.11 0.81 1.61 2.41 3.01 3.33 3.32 3.15 2.60 1.90 1.11 0.09 0.00 0.00 0.00 0.00
0.00 0.00 0.00 0.00 0.00 0.00 0.00 0.00 0.31 3.43 8.79 13.34 17.35 18.84 19.10 18.08 15.11 11.18 6.65 0.70 0.00 0.00 0.00 0.00
0.00 0.00 0.00 0.00 0.00 0.00 0.00 0.00 0.33 2.88 6.09 9.08 11.54 12.83 12.71 11.97 10.01 7.32 4.29 0.41 0.00 0.00 0.00 0.00
0.00 0.00 0.00 0.00 0.00 0.00 0.00 0.00 0.45 3.98 8.41 12.53 15.93 17.70 17.53 16.52 13.82 10.10 5.92 0.57 0.00 0.00 0.00 0.00
0.00 0.00 0.00 0.00 0.00 0.00 0.00 0.00 0.31 2.71 5.73 8.53 10.85 12.06 11.94 11.25 9.41 6.88 4.03 0.39 0.00 0.00 0.00 0.00
0.00 0.00 0.00 0.00 0.00 0.00 0.00 0.00 0.16 1.83 4.69 7.11 9.25 10.05 10.19 9.64 8.06 5.96 3.55 0.37 0.00 0.00 0.00 0.00
0.00 0.00 0.00 0.00 0.00 0.00 0.00 0.00 0.33 2.38 4.69 7.03 8.82 9.70 9.86 9.10 7.43 5.38 3.16 0.25 0.00 0.00 0.00 0.00
0.00 0.00 0.00 0.00 0.00 0.00 0.00 0.00 0.04 1.78 4.72 7.08 9.27 9.79 9.98 9.81 8.95 6.58 3.90 0.42 0.00 0.00 0.00 0.00
0.00 0.00 0.00 0.00 0.00 0.00 0.00 0.00 0.00 19.61 44.07 71.24 95.88 104.75 108.89 104.90 86.04 64.32 36.81 8.91 0.00 0.00 0.00 0.00
0.00 0.00 0.00 0.00 0.00 0.00 0.00 0.00 0.00 3.26 7.28 11.26 14.90 16.44 17.08 16.46 14.15 10.68 6.41 1.36 0.00 0.00 0.00 0.00
0.00 0.00 0.00 0.00 0.00 0.00 0.00 0.00 0.00 3.55 10.63 16.51 22.05 25.29 25.38 24.33 20.38 15.28 9.28 1.59 0.00 0.00 0.00 0.00
0.00 0.00 0.00 0.00 0.00 0.00 0.00 0.00 0.00 1.63 4.87 7.57 10.11 11.59 11.63 11.15 9.34 7.01 4.25 0.73 0.00 0.00 0.00 0.00
0.00 0.00 0.00 0.00 0.00 0.00 0.00 0.00 0.00 3.99 8.97 13.84 18.15 20.17 21.07 20.18 17.22 13.05 7.95 1.69 0.00 0.00 0.00 0.00
0.00 0.00 0.00 0.00 0.00 0.00 0.00 0.00 0.00 1.54 3.76 5.85 7.62 8.51 8.81 8.39 7.01 5.25 3.11 0.57 0.00 0.00 0.00 0.00
0.00 0.00 0.00 0.00 0.00 0.00 0.00 0.00 0.00 14.83 38.90 61.49 84.86 98.48 103.30 100.90 86.78 67.07 42.54 11.63 0.00 0.00 0.00 0.00
0.00 0.00 0.00 0.00 0.00 0.00 0.00 0.00 0.00 4.29 7.26 11.58 15.29 18.17 19.05 18.29 22.84 16.99 10.07 3.38 0.00 0.00 0.00 0.00
0.00 0.00 0.00 0.00 0.00 0.00 0.00 0.00 0.00 1.06 1.68 2.72 3.60 4.36 4.52 4.39 5.60 4.12 2.45 0.83 0.00 0.00 0.00 0.00
0.00 0.00 0.00 0.00 0.00 0.00 0.00 0.00 0.00 1.72 2.94 4.65 6.08 6.34 6.57 6.32 7.77 5.81 3.50 1.03 0.00 0.00 0.00 0.00
0.00 0.00 0.00 0.00 0.00 0.00 0.00 0.00 0.00 2.75 4.70 7.44 9.73 10.14 10.51 10.11 12.44 9.30 5.60 1.64 0.00 0.00 0.00 0.00
0.00 0.00 0.00 0.00 0.00 0.00 0.00 0.00 0.00 63.69 172.14 280.15 365.25 390.99 417.85 404.36 367.74 281.93 175.01 61.36 0.00 0.00 0.00 0.00
