0.00 0.00 0.00 0.00 0.00 0.00 0.00 0.00 0.72 1.47 2.07 2.82 3.37 4.43 4.45 4.27 3.13 2.48 1.69 0.88 0.23 0.00 0.00 0.00
0.00 0.00 0.00 0.00 0.00 0.00 0.00 1.13 15.18 28.44 40.42 53.91 64.80 67.70 67.61 63.31 53.50 41.49 26.47 12.40 0.00 0.00 0.00 0.00
0.00 0.00 0.00 0.00 0.00 0.00 0.00 0.00 16.36 33.63 47.39 64.53 77.16 101.25 101.82 97.65 71.67 56.77 38.57 20.15 5.17 0.00 0.00 0.00
0.00 0.00 0.00 0.00 0.00 0.00 0.00 0.00 58.15 119.52 168.41 229.32 274.23 359.84 361.87 347.03 254.72 201.75 137.09 71.61 18.39 0.00 0.00 0.00
0.00 0.00 0.00 0.00 0.00 0.00 0.00 0.70 3.19 5.50 7.89 10.29 11.71 11.85 11.68 10.99 9.39 7.13 4.41 1.75 0.00 0.00 0.00 0.00
0.00 0.00 0.00 0.00 0.00 0.00 0.00 0.00 140.22 302.56 478.41 653.75 781.69 900.73 913.27 863.36 765.04 610.40 428.28 210.66 58.32 0.00 0.00 0.00
0.00 0.00 0.00 0.00 0.00 0.00 0.00 0.38 2.07 3.66 4.50 6.00 6.86 8.27 8.18 7.71 4.45 3.35 2.15 0.64 0.04 0.00 0.00 0.00
0.00 0.00 0.00 0.00 0.00 0.00 0.00 0.09 0.89 1.65 2.31 3.12 3.67 3.94 4.02 3.79 3.34 2.63 1.69 0.89 0.00 0.00 0.00 0.00
0.00 0.00 0.00 0.00 0.00 0.00 0.00 0.14 1.43 2.64 3.70 4.99 5.86 6.30 6.44 6.06 5.34 4.21 2.70 1.42 0.00 0.00 0.00 0.00
0.00 0.00 0.00 0.00 0.00 0.00 0.00 0.14 1.43 2.64 3.70 4.99 5.86 6.30 6.44 6.06 5.34 4.21 2.70 1.42 0.00 0.00 0.00 0.00
0.00 0.00 0.00 0.00 0.00 0.00 0.00 0.22 3.38 6.37 9.53 12.92 15.52 14.74 14.80 14.25 13.22 10.23 6.75 3.48 0.27 0.00 0.00 0.00
0.00 0.00 0.00 0.00 0.00 0.00 0.00 0.11 1.62 3.05 4.57 6.09 7.26 6.92 6.95 6.73 6.37 4.95 3.18 1.59 0.11 0.00 0.00 0.00
0.00 0.00 0.00 0.00 0.00 0.00 0.00 0.14 2.09 3.92 5.87 7.83 9.33 8.89 8.94 8.66 8.19 6.37 4.09 2.04 0.15 0.00 0.00 0.00
0.00 0.00 0.00 0.00 0.00 0.00 0.00 0.09 1.39 2.61 3.91 5.22 6.22 5.93 5.96 5.77 5.46 4.25 2.73 1.36 0.10 0.00 0.00 0.00
0.00 0.00 0.00 0.00 0.00 0.00 0.00 0.09 1.39 2.61 3.91 5.22 6.22 5.93 5.96 5.77 5.46 4.25 2.73 1.36 0.10 0.00 0.00 0.00
0.00 0.00 0.00 0.00 0.00 0.00 0.00 0.00 16.04 32.14 52.58 71.98 87.67 94.06 97.09 92.90 79.64 62.08 39.69 19.03 1.19 0.00 0.00 0.00
0.00 0.00 0.00 0.00 0.00 0.00 0.00 0.94 10.71 19.96 29.14 40.05 48.07 46.15 45.34 43.13 42.46 32.81 21.70 10.58 0.70 0.00 0.00 0.00
0.00 0.00 0.00 0.00 0.00 0.00 0.00 0.78 9.63 18.00 26.83 35.31 42.23 39.49 39.63 38.07 28.53 22.12 14.56 7.92 0.77 0.00 0.00 0.00
0.00 0.00 0.00 0.00 0.00 0.00 0.00 0.00 41.36 89.25 141.11 192.83 230.57 265.68 269.38 254.66 225.66 180.05 126.33 62.14 17.20 0.00 0.00 0.00
0.00 0.00 0.00 0.00 0.00 0.00 0.00 0.00 39.34 84.89 134.23 183.43 219.32 252.72 256.24 242.24 214.65 171.26 120.16 59.11 16.36 0.00 0.00 0.00
0.00 0.00 0.00 0.00 0.00 0.00 0.00 0.00 75.66 163.25 258.14 352.75 421.77 486.01 492.77 465.84 412.79 329.35 231.09 113.67 31.47 0.00 0.00 0.00
0.00 0.00 0.00 0.00 0.00 0.00 0.00 0.00 74.40 160.53 253.83 346.87 414.74 477.91 484.56 458.08 405.91 323.86 227.23 111.77 30.94 0.00 0.00 0.00
0.00 0.00 0.00 0.00 0.00 0.00 0.00 0.00 68.94 141.41 237.98 318.24 374.23 457.89 457.82 433.33 356.43 281.85 194.25 120.43 33.38 0.00 0.00 0.00
0.00 0.00 0.00 0.00 0.00 0.00 0.00 0.09 0.89 1.65 2.31 3.12 3.67 3.94 4.02 3.79 3.34 2.63 1.69 0.89 0.00 0.00 0.00 0.00
0.00 0.00 0.00 0.00 0.00 0.00 0.00 0.45 4.53 8.35 11.72 15.80 18.57 19.94 20.39 19.20 16.91 13.33 8.55 4.49 0.00 0.00 0.00 0.00
0.00 0.00 0.00 0.00 0.00 0.00 0.00 2.28 23.12 42.64 59.85 80.68 94.81 101.81 104.08 98.04 86.34 68.07 43.67 22.91 0.00 0.00 0.00 0.00
0.00 0.00 0.00 0.00 0.00 0.00 0.00 0.00 2.82 6.09 9.64 13.17 15.75 18.14 18.40 17.39 15.41 12.30 8.63 4.24 1.17 0.00 0.00 0.00
0.00 0.00 0.00 0.00 0.00 0.00 0.00 0.00 57.25 117.65 165.79 225.75 269.96 354.23 356.23 341.62 250.75 198.60 134.95 70.49 18.10 0.00 0.00 0.00
0.00 0.00 0.00 0.00 0.00 0.00 0.00 0.00 4.41 8.89 13.00 17.98 22.45 27.30 27.92 26.61 22.17 17.50 12.10 5.75 0.96 0.00 0.00 0.00
0.00 0.00 0.00 0.00 0.00 0.00 0.00 1.66 36.69 70.09 101.54 137.16 157.95 166.08 165.43 156.49 104.44 81.79 55.03 21.05 4.59 0.00 0.00 0.00
0.00 0.00 0.00 0.00 0.00 0.00 0.00 0.00 0.95 1.96 2.76 3.76 4.50 5.90 5.94 5.69 4.18 3.31 2.25 1.17 0.30 0.00 0.00 0.00
0.00 0.00 0.00 0.00 0.00 0.00 0.00 0.00 42.93 88.24 124.34 169.31 202.47 265.68 267.17 256.21 188.06 148.95 101.22 52.87 13.58 0.00 0.00 0.00
0.00 0.00 0.00 0.00 0.00 0.00 0.00 0.00 55.10 113.24 159.57 217.28 259.83 340.95 342.87 328.81 241.35 191.16 129.89 67.85 17.43 0.00 0.00 0.00
0.00 0.00 0.00 0.00 0.00 0.00 0.00 0.00 90.91 186.49 313.83 419.68 493.51 603.84 603.74 571.45 470.04 371.69 256.16 158.82 44.02 0.00 0.00 0.00
0.00 0.00 0.00 0.00 0.00 0.00 0.00 0.09 2.44 4.65 6.55 8.86 10.52 10.57 10.82 10.32 9.15 7.10 4.65 2.59 0.21 0.00 0.00 0.00
0.00 0.00 0.00 0.00 0.00 0.00 0.00 0.13 3.08 5.86 8.28 11.23 13.35 13.46 13.64 13.10 11.75 9.07 5.96 3.20 0.25 0.00 0.00 0.00
0.00 0.00 0.00 0.00 0.00 0.00 0.00 0.00 18.21 36.68 53.63 74.15 92.63 112.62 115.16 109.77 91.46 72.17 49.91 23.72 3.98 0.00 0.00 0.00
0.00 0.00 0.00 0.00 0.00 0.00 0.00 0.00 73.15 152.52 285.02 373.50 452.47 533.80 532.56 501.91 437.76 355.81 252.61 157.77 54.46 0.00 0.00 0.00
0.00 0.00 0.00 0.00 0.00 0.00 0.00 0.09 0.87 1.60 2.37 3.23 3.85 3.78 3.72 3.46 3.30 2.58 1.70 0.77 0.04 0.00 0.00 0.00
0.00 0.00 0.00 0.00 0.00 0.00 0.00 0.00 14.31 28.49 48.60 64.79 77.29 85.71 86.56 81.32 56.69 45.23 30.44 19.41 4.71 0.00 0.00 0.00
0.00 0.00 0.00 0.00 0.00 0.00 0.00 0.00 4.87 11.24 17.99 24.74 29.65 34.00 33.40 31.60 28.89 23.52 16.55 8.51 2.59 0.00 0.00 0.00
0.00 0.00 0.00 0.00 0.00 0.00 0.00 0.50 2.46 4.30 5.32 7.08 8.20 9.31 9.24 8.59 6.27 4.71 3.00 0.76 0.04 0.00 0.00 0.00
0.00 0.00 0.00 0.00 0.00 0.00 0.00 0.25 1.23 2.15 2.66 3.54 4.10 4.66 4.62 4.30 3.13 2.35 1.50 0.38 0.02 0.00 0.00 0.00
0.00 0.00 0.00 0.00 0.00 0.00 0.00 0.55 2.69 4.70 5.82 7.75 8.97 10.19 10.10 9.40 6.86 5.15 3.28 0.83 0.04 0.00 0.00 0.00
0.00 0.00 0.00 0.00 0.00 0.00 0.00 0.61 3.14 5.51 7.29 9.80 11.45 12.95 12.76 11.91 8.76 6.50 4.18 1.27 0.06 0.00 0.00 0.00
0.00 0.00 0.00 0.00 0.00 0.00 0.00 0.93 4.78 8.39 11.11 14.93 17.45 19.74 19.45 18.15 13.34 9.91 6.37 1.94 0.09 0.00 0.00 0.00
0.00 0.00 0.00 0.00 0.00 0.00 0.00 0.76 4.21 7.45 9.46 12.58 14.59 16.86 16.77 15.60 8.38 6.37 4.12 1.47 0.10 0.00 0.00 0.00
0.00 0.00 0.00 0.00 0.00 0.00 0.00 0.33 3.07 5.67 7.55 9.98 11.86 12.82 12.51 11.71 6.98 5.47 3.60 1.55 0.29 0.00 0.00 0.00
0.00 0.00 0.00 0.00 0.00 0.00 0.00 0.85 7.92 14.65 19.50 25.78 30.64 33.13 32.31 30.25 18.03 14.12 9.29 4.01 0.76 0.00 0.00 0.00
0.00 0.00 0.00 0.00 0.00 0.00 0.00 0.16 2.13 4.00 5.04 6.80 8.06 8.91 8.77 8.28 5.32 4.09 2.70 1.13 0.21 0.00 0.00 0.00
0.00 0.00 0.00 0.00 0.00 0.00 0.00 0.58 4.07 7.34 10.74 14.28 16.98 17.29 17.05 15.88 13.95 10.93 7.09 2.98 0.06 0.00 0.00 0.00
0.00 0.00 0.00 0.00 0.00 0.00 0.00 1.18 7.44 13.33 19.44 25.67 30.01 32.09 31.88 30.10 21.49 16.55 10.43 3.88 0.18 0.00 0.00 0.00
0.00 0.00 0.00 0.00 0.00 0.00 0.00 0.22 0.98 1.68 2.41 3.16 3.63 3.72 3.66 3.50 3.06 2.31 1.46 0.67 0.00 0.00 0.00 0.00
0.00 0.00 0.00 0.00 0.00 0.00 0.00 0.88 5.19 9.19 12.79 16.69 19.58 21.09 20.93 19.74 16.49 12.63 8.08 4.06 0.00 0.00 0.00 0.00
0.00 0.00 0.00 0.00 0.00 0.00 0.00 0.71 3.63 6.35 8.87 11.58 13.26 13.94 14.04 13.39 11.16 8.50 5.35 2.60 0.00 0.00 0.00 0.00
0.00 0.00 0.00 0.00 0.00 0.00 0.00 0.98 5.02 8.76 12.24 15.99 18.29 19.24 19.38 18.48 15.40 11.73 7.39 3.58 0.00 0.00 0.00 0.00
0.00 0.00 0.00 0.00 0.00 0.00 0.00 0.66 3.42 5.97 8.34 10.89 12.46 13.11 13.20 12.59 10.49 7.99 5.03 2.44 0.00 0.00 0.00 0.00
0.00 0.00 0.00 0.00 0.00 0.00 0.00 0.47 2.77 4.90 6.82 8.90 10.44 11.25 11.16 10.53 8.79 6.73 4.31 2.16 0.00 0.00 0.00 0.00
0.00 0.00 0.00 0.00 0.00 0.00 0.00 0.60 2.83 4.92 7.06 9.21 10.39 10.69 10.46 9.81 8.35 6.36 3.96 1.70 0.00 0.00 0.00 0.00
0.00 0.00 0.00 0.00 0.00 0.00 0.00 0.25 2.56 4.73 6.63 8.94 10.51 11.28 11.53 10.87 9.57 7.54 4.84 2.54 0.00 0.00 0.00 0.00
0.00 0.00 0.00 0.00 0.00 0.00 0.00 0.00 20.87 41.83 68.43 93.69 114.11 122.42 126.37 120.92 103.66 80.80 51.66 24.77 1.55 0.00 0.00 0.00
0.00 0.00 0.00 0.00 0.00 0.00 0.00 0.25 3.83 7.22 10.80 14.64 17.59 16.71 16.77 16.15 14.99 11.59 7.65 3.94 0.30 0.00 0.00 0.00
0.00 0.00 0.00 0.00 0.00 0.00 0.00 0.64 6.13 11.25 15.72 20.99 25.16 26.28 25.93 24.53 22.00 17.29 11.41 5.62 0.21 0.00 0.00 0.00
0.00 0.00 0.00 0.00 0.00 0.00 0.00 0.29 2.81 5.15 7.21 9.62 11.53 12.05 11.88 11.25 10.08 7.92 5.23 2.58 0.10 0.00 0.00 0.00
0.00 0.00 0.00 0.00 0.00 0.00 0.00 0.32 4.75 8.94 13.32 18.23 21.94 20.91 20.90 20.05 18.41 14.24 9.50 4.94 0.38 0.00 0.00 0.00
0.00 0.00 0.00 0.00 0.00 0.00 0.00 0.23 2.11 3.89 5.75 7.84 9.34 9.18 9.04 8.39 8.01 6.27 4.12 1.87 0.10 0.00 0.00 0.00
0.00 0.00 0.00 0.00 0.00 0.00 0.00 0.00 18.85 37.97 55.53 76.77 95.90 116.60 119.23 113.65 94.70 74.72 51.68 24.56 4.12 0.00 0.00 0.00
0.00 0.00 0.00 0.00 0.00 0.00 0.00 0.40 8.77 16.76 24.28 32.80 37.77 39.71 39.56 37.42 24.97 19.56 13.16 5.03 1.10 0.00 0.00 0.00
0.00 0.00 0.00 0.00 0.00 0.00 0.00 0.06 1.99 3.82 4.71 6.41 7.49 8.50 8.65 8.14 5.40 4.26 2.88 1.19 0.26 0.00 0.00 0.00
0.00 0.00 0.00 0.00 0.00 0.00 0.00 0.06 2.51 4.84 7.29 9.82 11.72 10.19 10.26 9.72 7.32 5.69 3.81 1.85 0.37 0.00 0.00 0.00
0.00 0.00 0.00 0.00 0.00 0.00 0.00 0.09 4.01 7.74 11.67 15.72 18.75 16.31 16.42 15.55 11.72 9.11 6.10 2.96 0.59 0.00 0.00 0.00
0.00 0.00 0.00 0.00 0.00 0.00 0.00 0.00 76.92 165.98 262.44 358.62 428.80 494.11 500.99 473.61 419.67 334.84 234.94 115.56 31.99 0.00 0.00 0.00
