0.00 0.00 0.00 0.00 0.00 0.00 0.00 0.03 0.58 1.12 1.01 1.37 1.67 1.74 1.77 1.68 1.91 1.52 1.02 1.01 0.32 0.00 0.00 0.00
0.00 0.00 0.00 0.00 0.00 0.00 0.00 1.79 10.44 18.68 43.48 57.61 68.39 83.54 83.81 78.28 57.69 44.42 28.76 8.86 0.60 0.00 0.00 0.00
0.00 0.00 0.00 0.00 0.00 0.00 0.00 0.78 13.36 25.59 23.15 31.25 38.13 39.80 40.59 38.32 43.68 34.71 23.30 23.07 7.23 0.00 0.00 0.00
0.00 0.00 0.00 0.00 0.00 0.00 0.00 2.77 47.48 90.93 82.27 111.08 135.49 141.44 144.24 136.18 155.25 123.34 82.82 81.99 25.70 0.00 0.00 0.00
0.00 0.00 0.00 0.00 0.00 0.00 0.00 0.48 1.63 2.77 6.34 8.09 9.19 12.74 12.65 11.45 9.28 6.95 4.33 1.42 0.00 0.00 0.00 0.00
0.00 0.00 0.00 0.00 0.00 0.00 0.00 0.00 82.65 165.58 126.78 171.77 209.05 508.23 513.44 481.90 497.75 385.32 264.61 204.49 67.23 0.00 0.00 0.00
0.00 0.00 0.00 0.00 0.00 0.00 0.00 0.35 1.26 2.12 2.52 3.22 3.76 4.38 4.50 4.23 3.26 2.51 1.61 0.91 0.15 0.00 0.00 0.00
0.00 0.00 0.00 0.00 0.00 0.00 0.00 0.11 0.55 0.98 2.38 3.15 3.72 4.74 4.75 4.52 3.27 2.54 1.65 0.53 0.05 0.00 0.00 0.00
0.00 0.00 0.00 0.00 0.00 0.00 0.00 0.17 0.88 1.56 3.81 5.05 5.96 7.58 7.60 7.23 5.23 4.07 2.65 0.85 0.08 0.00 0.00 0.00
0.00 0.00 0.00 0.00 0.00 0.00 0.00 0.17 0.88 1.56 3.81 5.05 5.96 7.58 7.60 7.23 5.23 4.07 2.65 0.85 0.08 0.00 0.00 0.00
0.00 0.00 0.00 0.00 0.00 0.00 0.00 0.31 1.82 3.27 5.79 7.93 9.72 11.35 11.83 11.29 11.71 9.10 5.92 2.69 0.43 0.00 0.00 0.00
0.00 0.00 0.00 0.00 0.00 0.00 0.00 0.14 0.85 1.53 2.75 3.78 4.60 5.54 5.74 5.45 5.48 4.25 2.75 1.39 0.21 0.00 0.00 0.00
0.00 0.00 0.00 0.00 0.00 0.00 0.00 0.19 1.09 1.97 3.54 4.86 5.91 7.13 7.38 7.00 7.05 5.47 3.53 1.79 0.27 0.00 0.00 0.00
0.00 0.00 0.00 0.00 0.00 0.00 0.00 0.12 0.73 1.31 2.36 3.24 3.94 4.75 4.92 4.67 4.70 3.64 2.35 1.19 0.18 0.00 0.00 0.00
0.00 0.00 0.00 0.00 0.00 0.00 0.00 0.12 0.73 1.31 2.36 3.24 3.94 4.75 4.92 4.67 4.70 3.64 2.35 1.19 0.18 0.00 0.00 0.00
0.00 0.00 0.00 0.00 0.00 0.00 0.00 1.12 19.33 36.79 44.35 58.57 69.35 72.14 73.76 71.18 84.46 64.83 41.10 16.55 2.24 0.00 0.00 0.00
0.00 0.00 0.00 0.00 0.00 0.00 0.00 1.00 5.29 9.41 16.96 22.70 27.71 37.39 38.14 36.92 30.89 23.99 15.70 6.79 1.02 0.00 0.00 0.00
0.00 0.00 0.00 0.00 0.00 0.00 0.00 0.87 4.67 8.32 14.61 19.32 23.53 28.67 29.40 28.27 22.83 17.85 11.63 5.16 0.92 0.00 0.00 0.00
0.00 0.00 0.00 0.00 0.00 0.00 0.00 0.00 24.38 48.84 37.39 50.66 61.66 149.91 151.45 142.14 146.82 113.66 78.05 60.32 19.83 0.00 0.00 0.00
0.00 0.00 0.00 0.00 0.00 0.00 0.00 0.00 23.19 46.46 35.57 48.19 58.66 142.60 144.06 135.21 139.66 108.11 74.24 57.37 18.86 0.00 0.00 0.00
0.00 0.00 0.00 0.00 0.00 0.00 0.00 0.00 44.60 89.34 68.40 92.68 112.80 274.23 277.04 260.02 268.57 207.91 142.78 110.34 36.28 0.00 0.00 0.00
0.00 0.00 0.00 0.00 0.00 0.00 0.00 0.00 43.85 87.86 67.26 91.13 110.92 269.66 272.42 255.68 264.09 204.44 140.40 108.50 35.67 0.00 0.00 0.00
0.00 0.00 0.00 0.00 0.00 0.00 0.00 6.04 92.70 176.90 105.31 142.83 173.54 177.16 181.10 171.55 195.67 155.16 104.71 58.98 19.61 0.00 0.00 0.00
0.00 0.00 0.00 0.00 0.00 0.00 0.00 0.11 0.55 0.98 2.38 3.15 3.72 4.74 4.75 4.52 3.27 2.54 1.65 0.53 0.05 0.00 0.00 0.00
0.00 0.00 0.00 0.00 0.00 0.00 0.00 0.54 2.80 4.95 12.05 15.98 18.86 24.01 24.07 22.91 16.56 12.89 8.38 2.70 0.24 0.00 0.00 0.00
0.00 0.00 0.00 0.00 0.00 0.00 0.00 2.76 14.27 25.27 61.53 81.59 96.31 122.58 122.89 116.94 84.53 65.82 42.80 13.78 1.23 0.00 0.00 0.00
0.00 0.00 0.00 0.00 0.00 0.00 0.00 0.00 1.66 3.34 2.55 3.46 4.21 10.24 10.34 9.71 10.03 7.76 5.33 4.12 1.35 0.00 0.00 0.00
0.00 0.00 0.00 0.00 0.00 0.00 0.00 2.72 46.74 89.52 80.98 109.34 133.38 139.23 141.99 134.06 152.83 121.42 81.53 80.71 25.30 0.00 0.00 0.00
0.00 0.00 0.00 0.00 0.00 0.00 0.00 0.20 2.79 5.29 7.62 11.11 14.26 17.74 18.75 18.01 23.92 18.83 12.74 6.46 1.51 0.00 0.00 0.00
0.00 0.00 0.00 0.00 0.00 0.00 0.00 6.67 39.65 71.29 78.57 103.08 121.44 95.42 97.60 93.39 48.63 38.73 26.31 16.27 4.66 0.00 0.00 0.00
0.00 0.00 0.00 0.00 0.00 0.00 0.00 0.05 0.78 1.49 1.35 1.82 2.22 2.32 2.37 2.23 2.55 2.02 1.36 1.35 0.42 0.00 0.00 0.00
0.00 0.00 0.00 0.00 0.00 0.00 0.00 2.04 35.05 67.14 60.74 82.01 100.04 104.42 106.50 100.54 114.62 91.06 61.15 60.53 18.98 0.00 0.00 0.00
0.00 0.00 0.00 0.00 0.00 0.00 0.00 2.62 44.99 86.16 77.95 105.24 128.38 134.01 136.67 129.03 147.10 116.86 78.47 77.68 24.35 0.00 0.00 0.00
0.00 0.00 0.00 0.00 0.00 0.00 0.00 7.97 122.25 233.29 138.88 188.36 228.86 233.62 238.82 226.23 258.04 204.61 138.09 77.78 25.86 0.00 0.00 0.00
0.00 0.00 0.00 0.00 0.00 0.00 0.00 0.19 1.31 2.39 3.71 5.15 6.37 6.59 6.69 6.44 11.13 8.63 5.71 2.73 0.44 0.00 0.00 0.00
0.00 0.00 0.00 0.00 0.00 0.00 0.00 0.25 1.65 3.00 5.02 6.92 8.68 9.28 9.53 9.14 12.88 9.89 6.47 3.22 0.51 0.00 0.00 0.00
0.00 0.00 0.00 0.00 0.00 0.00 0.00 0.83 11.50 21.83 31.44 45.84 58.84 73.18 77.34 74.28 98.65 77.69 52.57 26.65 6.24 0.00 0.00 0.00
0.00 0.00 0.00 0.00 0.00 0.00 0.00 3.91 62.93 120.70 151.92 204.66 246.43 223.90 229.38 222.09 185.86 148.47 105.23 75.89 29.94 0.00 0.00 0.00
0.00 0.00 0.00 0.00 0.00 0.00 0.00 0.09 0.43 0.76 1.39 1.91 2.32 3.53 3.61 3.43 2.31 1.79 1.17 0.47 0.07 0.00 0.00 0.00
0.00 0.00 0.00 0.00 0.00 0.00 0.00 1.60 15.27 28.50 23.20 31.26 37.82 32.34 32.77 30.79 34.69 27.65 19.17 10.65 3.23 0.00 0.00 0.00
0.00 0.00 0.00 0.00 0.00 0.00 0.00 0.00 4.97 10.49 13.07 17.91 21.46 27.65 27.54 25.31 30.44 24.04 16.90 9.49 3.35 0.00 0.00 0.00
0.00 0.00 0.00 0.00 0.00 0.00 0.00 0.41 1.40 2.36 2.79 3.65 4.24 4.67 4.74 4.51 3.63 2.80 1.82 0.99 0.15 0.00 0.00 0.00
0.00 0.00 0.00 0.00 0.00 0.00 0.00 0.20 0.70 1.18 1.39 1.83 2.12 2.34 2.37 2.26 1.82 1.40 0.91 0.49 0.07 0.00 0.00 0.00
0.00 0.00 0.00 0.00 0.00 0.00 0.00 0.45 1.54 2.58 3.05 3.99 4.63 5.11 5.18 4.93 3.97 3.06 1.99 1.08 0.16 0.00 0.00 0.00
0.00 0.00 0.00 0.00 0.00 0.00 0.00 0.44 1.57 2.65 3.83 5.02 5.82 5.93 6.04 5.84 5.02 3.82 2.51 1.35 0.19 0.00 0.00 0.00
0.00 0.00 0.00 0.00 0.00 0.00 0.00 0.67 2.40 4.03 5.83 7.66 8.87 9.03 9.21 8.90 7.64 5.82 3.83 2.06 0.29 0.00 0.00 0.00
0.00 0.00 0.00 0.00 0.00 0.00 0.00 0.67 2.49 4.21 4.92 6.29 7.35 9.06 9.17 8.67 6.64 5.12 3.36 1.90 0.31 0.00 0.00 0.00
0.00 0.00 0.00 0.00 0.00 0.00 0.00 0.85 3.89 6.77 8.70 11.32 13.26 11.27 11.28 10.62 4.80 3.75 2.54 1.20 0.31 0.00 0.00 0.00
0.00 0.00 0.00 0.00 0.00 0.00 0.00 2.19 10.04 17.49 22.48 29.23 34.25 29.12 29.15 27.43 12.39 9.68 6.56 3.09 0.81 0.00 0.00 0.00
0.00 0.00 0.00 0.00 0.00 0.00 0.00 0.45 2.36 4.18 4.20 5.52 6.47 6.42 6.55 6.16 3.53 2.76 1.87 1.27 0.33 0.00 0.00 0.00
0.00 0.00 0.00 0.00 0.00 0.00 0.00 0.46 1.96 3.41 6.08 8.05 9.57 17.41 17.86 16.84 12.20 9.35 6.12 2.07 0.24 0.00 0.00 0.00
0.00 0.00 0.00 0.00 0.00 0.00 0.00 0.85 3.41 5.85 9.55 12.73 15.53 17.64 17.79 16.88 15.47 11.81 7.58 3.55 0.49 0.00 0.00 0.00
0.00 0.00 0.00 0.00 0.00 0.00 0.00 0.21 0.71 1.20 2.41 3.06 3.47 4.10 4.07 3.83 3.12 2.35 1.50 0.51 0.00 0.00 0.00 0.00
0.00 0.00 0.00 0.00 0.00 0.00 0.00 1.03 4.08 6.97 10.91 14.14 16.32 24.54 24.48 23.06 19.52 14.95 9.63 3.59 0.12 0.00 0.00 0.00
0.00 0.00 0.00 0.00 0.00 0.00 0.00 0.80 2.94 4.98 7.84 10.11 11.54 16.03 15.97 14.89 12.00 9.19 5.85 2.17 0.01 0.00 0.00 0.00
0.00 0.00 0.00 0.00 0.00 0.00 0.00 1.11 4.06 6.88 10.82 13.95 15.92 22.12 22.04 20.54 16.56 12.68 8.07 2.99 0.01 0.00 0.00 0.00
0.00 0.00 0.00 0.00 0.00 0.00 0.00 0.75 2.76 4.68 7.37 9.50 10.85 15.07 15.01 13.99 11.28 8.64 5.50 2.04 0.01 0.00 0.00 0.00
0.00 0.00 0.00 0.00 0.00 0.00 0.00 0.55 2.18 3.72 5.82 7.54 8.71 13.09 13.06 12.30 10.41 7.98 5.14 1.91 0.07 0.00 0.00 0.00
0.00 0.00 0.00 0.00 0.00 0.00 0.00 0.44 1.53 2.60 5.60 7.12 8.17 11.72 11.64 10.62 9.21 6.88 4.28 1.43 0.00 0.00 0.00 0.00
0.00 0.00 0.00 0.00 0.00 0.00 0.00 0.31 1.58 2.80 6.82 9.04 10.67 13.58 13.62 12.96 9.37 7.29 4.74 1.53 0.14 0.00 0.00 0.00
0.00 0.00 0.00 0.00 0.00 0.00 0.00 1.45 25.16 47.89 57.73 76.23 90.27 93.90 96.00 92.65 109.93 84.38 53.49 21.54 2.91 0.00 0.00 0.00
0.00 0.00 0.00 0.00 0.00 0.00 0.00 0.35 2.06 3.70 6.56 8.99 11.02 12.87 13.40 12.79 13.27 10.32 6.71 3.05 0.48 0.00 0.00 0.00
0.00 0.00 0.00 0.00 0.00 0.00 0.00 0.54 2.70 4.77 11.52 15.90 18.96 26.87 26.94 25.56 17.12 13.17 8.57 3.36 0.42 0.00 0.00 0.00
0.00 0.00 0.00 0.00 0.00 0.00 0.00 0.25 1.24 2.19 5.28 7.29 8.69 12.31 12.35 11.72 7.85 6.03 3.93 1.54 0.19 0.00 0.00 0.00
0.00 0.00 0.00 0.00 0.00 0.00 0.00 0.43 2.51 4.51 8.06 10.99 13.51 16.13 16.79 16.05 15.81 12.31 8.04 3.44 0.55 0.00 0.00 0.00
0.00 0.00 0.00 0.00 0.00 0.00 0.00 0.21 1.04 1.84 3.38 4.65 5.63 8.58 8.78 8.32 5.61 4.35 2.85 1.14 0.16 0.00 0.00 0.00
0.00 0.00 0.00 0.00 0.00 0.00 0.00 0.85 11.90 22.60 32.55 47.46 60.92 75.77 80.07 76.91 102.14 80.44 54.43 27.59 6.46 0.00 0.00 0.00
0.00 0.00 0.00 0.00 0.00 0.00 0.00 1.59 9.48 17.05 18.79 24.65 29.04 22.82 23.34 22.33 11.63 9.26 6.29 3.89 1.11 0.00 0.00 0.00
0.00 0.00 0.00 0.00 0.00 0.00 0.00 0.35 2.20 3.98 3.89 5.12 6.04 4.84 4.99 4.72 3.28 2.58 1.75 1.24 0.35 0.00 0.00 0.00
0.00 0.00 0.00 0.00 0.00 0.00 0.00 0.30 2.03 3.69 4.37 5.83 7.02 7.36 7.39 6.93 5.82 4.55 3.08 1.36 0.37 0.00 0.00 0.00
0.00 0.00 0.00 0.00 0.00 0.00 0.00 0.48 3.24 5.90 6.99 9.32 11.23 11.77 11.82 11.10 9.31 7.27 4.93 2.18 0.59 0.00 0.00 0.00
0.00 0.00 0.00 0.00 0.00 0.00 0.00 0.00 45.34 90.83 69.54 94.22 114.68 278.80 281.65 264.35 273.05 211.37 145.16 112.18 36.88 0.00 0.00 0.00
