0.00 0.00 0.00 0.00 0.00 0.00 0.00 0.00 0.97 1.93 3.03 4.00 4.68 5.10 5.27 5.09 4.37 3.60 2.57 1.50 0.62 0.00 0.00 0.00
0.00 0.00 0.00 0.00 0.00 0.00 0.00 1.92 19.00 35.25 47.35 61.62 71.53 55.28 56.35 53.70 67.22 52.80 35.42 16.38 3.86 0.00 0.00 0.00
0.00 0.00 0.00 0.00 0.00 0.00 0.00 0.00 22.23 44.03 69.18 91.41 107.09 116.66 120.59 116.45 99.89 82.28 58.74 34.20 14.29 0.00 0.00 0.00
0.00 0.00 0.00 0.00 0.00 0.00 0.00 0.00 79.01 156.49 245.87 324.87 380.60 414.61 428.56 413.85 355.01 292.41 208.75 121.55 50.78 0.00 0.00 0.00
0.00 0.00 0.00 0.00 0.00 0.00 0.00 0.62 2.50 4.27 6.34 7.98 9.07 11.06 11.09 10.44 10.10 7.85 5.11 2.29 0.40 0.00 0.00 0.00
0.00 0.00 0.00 0.00 0.00 0.00 0.00 0.00 163.62 340.44 530.32 705.02 829.48 922.88 955.30 944.03 874.19 721.03 524.49 307.72 131.69 0.00 0.00 0.00
0.00 0.00 0.00 0.00 0.00 0.00 0.00 0.58 2.50 4.32 6.36 8.03 9.21 9.64 9.63 9.20 8.33 6.69 4.60 2.23 0.69 0.00 0.00 0.00
0.00 0.00 0.00 0.00 0.00 0.00 0.00 0.15 1.15 2.09 3.02 3.95 4.57 4.01 4.05 3.83 3.37 2.70 1.82 1.03 0.26 0.00 0.00 0.00
0.00 0.00 0.00 0.00 0.00 0.00 0.00 0.24 1.84 3.35 4.83 6.31 7.31 6.41 6.47 6.13 5.39 4.32 2.91 1.64 0.41 0.00 0.00 0.00
0.00 0.00 0.00 0.00 0.00 0.00 0.00 0.24 1.84 3.35 4.83 6.31 7.31 6.41 6.47 6.13 5.39 4.32 2.91 1.64 0.41 0.00 0.00 0.00
0.00 0.00 0.00 0.00 0.00 0.00 0.00 0.46 4.29 7.93 12.49 16.66 19.38 20.41 20.60 19.52 14.88 11.77 8.01 3.67 1.11 0.00 0.00 0.00
0.00 0.00 0.00 0.00 0.00 0.00 0.00 0.21 2.01 3.71 5.91 7.81 9.09 9.48 9.64 9.13 6.76 5.36 3.62 1.55 0.46 0.00 0.00 0.00
0.00 0.00 0.00 0.00 0.00 0.00 0.00 0.27 2.58 4.78 7.59 10.04 11.68 12.19 12.39 11.74 8.69 6.89 4.65 1.99 0.59 0.00 0.00 0.00
0.00 0.00 0.00 0.00 0.00 0.00 0.00 0.18 1.72 3.18 5.06 6.70 7.79 8.13 8.26 7.83 5.80 4.59 3.10 1.33 0.40 0.00 0.00 0.00
0.00 0.00 0.00 0.00 0.00 0.00 0.00 0.18 1.72 3.18 5.06 6.70 7.79 8.13 8.26 7.83 5.80 4.59 3.10 1.33 0.40 0.00 0.00 0.00
0.00 0.00 0.00 0.00 0.00 0.00 0.00 0.00 20.88 41.69 65.16 85.08 99.28 86.19 87.71 83.73 71.76 55.76 38.35 20.40 5.73 0.00 0.00 0.00
0.00 0.00 0.00 0.00 0.00 0.00 0.00 1.73 13.39 24.48 38.39 50.76 59.63 61.70 61.15 57.11 42.92 34.01 23.19 10.57 3.14 0.00 0.00 0.00
0.00 0.00 0.00 0.00 0.00 0.00 0.00 1.51 11.86 21.70 32.46 42.45 49.87 53.64 53.23 49.43 42.53 33.91 23.05 11.72 3.72 0.00 0.00 0.00
0.00 0.00 0.00 0.00 0.00 0.00 0.00 0.00 48.26 100.42 156.42 207.96 244.67 272.22 281.78 278.45 257.85 212.68 154.71 90.77 38.84 0.00 0.00 0.00
0.00 0.00 0.00 0.00 0.00 0.00 0.00 0.00 45.91 95.52 148.79 197.81 232.73 258.94 268.03 264.87 245.28 202.30 147.16 86.34 36.95 0.00 0.00 0.00
0.00 0.00 0.00 0.00 0.00 0.00 0.00 0.00 88.29 183.69 286.14 380.41 447.56 497.96 515.45 509.37 471.69 389.04 283.00 166.03 71.05 0.00 0.00 0.00
0.00 0.00 0.00 0.00 0.00 0.00 0.00 0.00 86.81 180.63 281.37 374.07 440.10 489.66 506.86 500.88 463.82 382.56 278.28 163.27 69.87 0.00 0.00 0.00
0.00 0.00 0.00 0.00 0.00 0.00 0.00 0.00 102.28 201.49 308.42 411.28 487.34 494.20 510.36 495.87 441.83 363.11 262.32 153.29 66.39 0.00 0.00 0.00
0.00 0.00 0.00 0.00 0.00 0.00 0.00 0.15 1.15 2.09 3.02 3.95 4.57 4.01 4.05 3.83 3.37 2.70 1.82 1.03 0.26 0.00 0.00 0.00
0.00 0.00 0.00 0.00 0.00 0.00 0.00 0.76 5.82 10.60 15.30 19.99 23.14 20.31 20.50 19.42 17.06 13.69 9.20 5.21 1.31 0.00 0.00 0.00
0.00 0.00 0.00 0.00 0.00 0.00 0.00 3.89 29.73 54.13 78.10 102.08 118.13 103.69 104.64 99.13 87.09 69.90 46.97 26.58 6.69 0.00 0.00 0.00
0.00 0.00 0.00 0.00 0.00 0.00 0.00 0.00 3.30 6.86 10.68 14.20 16.71 18.59 19.24 19.02 17.61 14.52 10.57 6.20 2.65 0.00 0.00 0.00
0.00 0.00 0.00 0.00 0.00 0.00 0.00 0.00 77.78 154.05 242.04 319.80 374.67 408.14 421.88 407.40 349.47 287.85 205.49 119.65 49.98 0.00 0.00 0.00
0.00 0.00 0.00 0.00 0.00 0.00 0.00 0.00 5.83 11.49 18.32 25.22 30.44 33.35 33.45 31.86 28.85 23.30 16.08 9.35 3.32 0.00 0.00 0.00
0.00 0.00 0.00 0.00 0.00 0.00 0.00 5.08 44.48 82.30 126.76 165.80 193.59 199.29 202.71 191.53 170.25 139.71 99.62 56.31 22.40 0.00 0.00 0.00
0.00 0.00 0.00 0.00 0.00 0.00 0.00 0.00 1.30 2.57 4.03 5.33 6.24 6.80 7.03 6.79 5.82 4.80 3.42 1.99 0.83 0.00 0.00 0.00
0.00 0.00 0.00 0.00 0.00 0.00 0.00 0.00 58.34 115.54 181.53 239.85 281.00 306.11 316.41 305.55 262.10 215.89 154.12 89.74 37.49 0.00 0.00 0.00
0.00 0.00 0.00 0.00 0.00 0.00 0.00 0.00 74.86 148.27 232.97 307.81 360.62 392.84 406.06 392.12 336.37 277.06 197.79 115.17 48.11 0.00 0.00 0.00
0.00 0.00 0.00 0.00 0.00 0.00 0.00 0.00 134.89 265.71 406.73 542.37 642.68 651.73 673.04 653.93 582.66 478.85 345.94 202.15 87.56 0.00 0.00 0.00
0.00 0.00 0.00 0.00 0.00 0.00 0.00 0.23 3.04 5.72 9.23 12.15 14.36 15.19 15.29 14.24 10.41 8.32 5.67 2.41 0.73 0.00 0.00 0.00
0.00 0.00 0.00 0.00 0.00 0.00 0.00 0.31 3.82 7.16 11.61 15.32 17.90 18.76 18.89 17.72 13.02 10.38 7.11 2.98 0.90 0.00 0.00 0.00
0.00 0.00 0.00 0.00 0.00 0.00 0.00 0.00 24.03 47.40 75.56 104.02 125.55 137.58 137.97 131.43 119.00 96.13 66.35 38.55 13.70 0.00 0.00 0.00
0.00 0.00 0.00 0.00 0.00 0.00 0.00 0.18 97.32 192.08 277.75 377.75 456.98 481.70 493.85 473.12 461.50 381.36 274.76 172.30 83.11 0.00 0.00 0.00
0.00 0.00 0.00 0.00 0.00 0.00 0.00 0.16 1.10 1.99 3.03 4.00 4.67 4.92 4.89 4.52 3.18 2.52 1.72 0.75 0.22 0.00 0.00 0.00
0.00 0.00 0.00 0.00 0.00 0.00 0.00 0.82 20.79 40.01 61.67 81.87 95.36 99.73 101.87 97.47 81.59 67.24 47.66 28.05 11.52 0.00 0.00 0.00
0.00 0.00 0.00 0.00 0.00 0.00 0.00 0.00 5.25 11.68 18.56 25.32 30.14 33.03 33.83 32.70 29.93 24.72 18.00 10.74 4.78 0.00 0.00 0.00
0.00 0.00 0.00 0.00 0.00 0.00 0.00 0.73 2.90 4.95 7.28 9.26 10.49 11.13 10.98 10.45 9.43 7.45 5.16 2.46 0.74 0.00 0.00 0.00
0.00 0.00 0.00 0.00 0.00 0.00 0.00 0.36 1.45 2.47 3.64 4.63 5.24 5.56 5.49 5.23 4.71 3.72 2.58 1.23 0.37 0.00 0.00 0.00
0.00 0.00 0.00 0.00 0.00 0.00 0.00 0.80 3.17 5.41 7.97 10.13 11.47 12.17 12.01 11.43 10.31 8.15 5.65 2.69 0.81 0.00 0.00 0.00
0.00 0.00 0.00 0.00 0.00 0.00 0.00 0.93 3.85 6.60 9.65 12.27 13.99 14.63 14.38 13.68 12.39 9.93 6.81 3.20 0.95 0.00 0.00 0.00
0.00 0.00 0.00 0.00 0.00 0.00 0.00 1.41 5.86 10.06 14.71 18.70 21.32 22.29 21.91 20.85 18.88 15.13 10.37 4.87 1.44 0.00 0.00 0.00
0.00 0.00 0.00 0.00 0.00 0.00 0.00 1.17 5.13 8.86 13.04 16.33 18.78 19.69 19.72 18.70 16.76 13.26 9.23 4.56 1.42 0.00 0.00 0.00
0.00 0.00 0.00 0.00 0.00 0.00 0.00 0.65 3.79 6.81 10.31 13.62 15.88 16.67 16.67 15.93 14.40 11.58 8.14 4.47 1.71 0.00 0.00 0.00
0.00 0.00 0.00 0.00 0.00 0.00 0.00 1.68 9.80 17.58 26.63 35.17 41.03 43.05 43.07 41.15 37.19 29.91 21.04 11.54 4.41 0.00 0.00 0.00
0.00 0.00 0.00 0.00 0.00 0.00 0.00 0.35 2.54 4.63 7.08 9.27 10.82 11.22 11.15 10.53 9.69 7.78 5.50 3.08 1.17 0.00 0.00 0.00
0.00 0.00 0.00 0.00 0.00 0.00 0.00 0.90 5.00 8.86 13.53 17.58 20.23 20.76 20.64 19.28 13.37 10.75 7.35 3.02 0.82 0.00 0.00 0.00
0.00 0.00 0.00 0.00 0.00 0.00 0.00 1.82 9.01 15.80 23.52 30.21 34.70 36.77 37.14 34.74 29.63 23.33 15.82 6.52 1.90 0.00 0.00 0.00
0.00 0.00 0.00 0.00 0.00 0.00 0.00 0.26 1.02 1.74 2.37 2.96 3.30 3.61 3.58 3.32 2.81 2.21 1.49 0.69 0.13 0.00 0.00 0.00
0.00 0.00 0.00 0.00 0.00 0.00 0.00 1.30 6.49 11.35 15.89 20.25 22.87 18.99 18.78 17.70 14.54 11.66 7.92 4.18 0.90 0.00 0.00 0.00
0.00 0.00 0.00 0.00 0.00 0.00 0.00 0.90 4.03 6.97 9.97 12.57 14.08 12.86 12.60 12.11 9.92 7.90 5.33 2.75 0.55 0.00 0.00 0.00
0.00 0.00 0.00 0.00 0.00 0.00 0.00 1.25 5.57 9.61 13.76 17.34 19.44 17.74 17.38 16.72 13.69 10.90 7.35 3.79 0.76 0.00 0.00 0.00
0.00 0.00 0.00 0.00 0.00 0.00 0.00 0.85 3.79 6.55 9.37 11.81 13.24 12.09 11.84 11.39 9.33 7.42 5.01 2.58 0.51 0.00 0.00 0.00
0.00 0.00 0.00 0.00 0.00 0.00 0.00 0.69 3.46 6.05 8.47 10.80 12.20 10.13 10.01 9.44 7.75 6.22 4.22 2.23 0.48 0.00 0.00 0.00
0.00 0.00 0.00 0.00 0.00 0.00 0.00 0.61 2.55 4.38 6.42 8.08 9.14 10.55 10.63 10.10 9.22 7.22 4.72 2.26 0.40 0.00 0.00 0.00
0.00 0.00 0.00 0.00 0.00 0.00 0.00 0.43 3.29 6.00 8.66 11.31 13.09 11.49 11.60 10.99 9.65 7.75 5.21 2.95 0.74 0.00 0.00 0.00
0.00 0.00 0.00 0.00 0.00 0.00 0.00 0.00 27.18 54.26 84.81 110.74 129.22 112.18 114.16 108.98 93.41 72.58 49.91 26.56 7.45 0.00 0.00 0.00
0.00 0.00 0.00 0.00 0.00 0.00 0.00 0.52 4.86 8.99 14.16 18.89 21.97 23.13 23.35 22.12 16.86 13.34 9.07 4.16 1.26 0.00 0.00 0.00
0.00 0.00 0.00 0.00 0.00 0.00 0.00 1.08 7.57 13.72 21.03 27.51 32.18 31.64 31.43 29.45 18.61 14.56 9.88 4.29 1.20 0.00 0.00 0.00
0.00 0.00 0.00 0.00 0.00 0.00 0.00 0.49 3.47 6.29 9.64 12.61 14.75 14.50 14.41 13.50 8.53 6.67 4.53 1.97 0.55 0.00 0.00 0.00
0.00 0.00 0.00 0.00 0.00 0.00 0.00 0.67 6.11 11.28 17.56 23.39 27.26 28.66 28.88 27.29 20.59 16.31 11.08 5.26 1.59 0.00 0.00 0.00
0.00 0.00 0.00 0.00 0.00 0.00 0.00 0.40 2.67 4.84 7.36 9.71 11.35 11.94 11.87 10.97 7.72 6.12 4.18 1.83 0.53 0.00 0.00 0.00
0.00 0.00 0.00 0.00 0.00 0.00 0.00 0.00 24.88 49.08 78.23 107.70 129.99 142.44 142.85 136.08 123.21 99.53 68.69 39.91 14.18 0.00 0.00 0.00
0.00 0.00 0.00 0.00 0.00 0.00 0.00 1.21 10.64 19.68 30.31 39.65 46.29 47.66 48.47 45.80 40.71 33.41 23.82 13.47 5.36 0.00 0.00 0.00
0.00 0.00 0.00 0.00 0.00 0.00 0.00 0.24 2.40 4.47 6.89 8.99 10.52 10.90 11.02 10.40 9.12 7.38 5.26 3.13 1.23 0.00 0.00 0.00
0.00 0.00 0.00 0.00 0.00 0.00 0.00 0.27 3.09 5.79 8.65 11.32 13.14 13.74 13.77 13.15 11.97 9.82 7.03 4.17 1.60 0.00 0.00 0.00
0.00 0.00 0.00 0.00 0.00 0.00 0.00 0.43 4.94 9.26 13.84 18.11 21.02 21.99 22.03 21.03 19.14 15.72 11.25 6.67 2.56 0.00 0.00 0.00
0.00 0.00 0.00 0.00 0.00 0.00 0.00 0.00 89.76 186.75 290.91 386.75 455.02 506.25 524.04 517.86 479.55 395.53 287.72 168.80 72.24 0.00 0.00 0.00
