0.00 0.00 0.00 0.00 0.00 0.00 0.00 0.23 1.16 2.06 3.10 4.09 4.90 5.22 5.33 5.04 4.44 3.58 2.47 1.38 0.56 0.00 0.00 0.00
0.00 0.00 0.00 0.00 0.00 0.00 0.00 5.09 19.07 32.24 47.32 62.42 74.12 81.45 82.01 77.07 65.82 51.46 34.28 14.17 2.91 0.00 0.00 0.00
0.00 0.00 0.00 0.00 0.00 0.00 0.00 5.32 26.61 47.03 70.99 93.56 112.06 119.36 121.80 115.34 101.60 81.91 56.43 31.49 12.73 0.00 0.00 0.00
0.00 0.00 0.00 0.00 0.00 0.00 0.00 18.91 94.58 167.15 252.29 332.52 398.24 424.19 432.87 409.89 361.06 291.10 200.54 111.92 45.23 0.00 0.00 0.00
0.00 0.00 0.00 0.00 0.00 0.00 0.00 1.19 3.21 5.18 7.16 9.11 10.35 8.87 8.89 8.15 6.06 4.61 2.96 1.32 0.19 0.00 0.00 0.00
0.00 0.00 0.00 0.00 0.00 0.00 0.00 26.48 193.99 355.01 503.20 665.98 796.58 824.21 833.06 784.24 490.94 386.24 272.32 208.30 86.03 0.00 0.00 0.00
0.00 0.00 0.00 0.00 0.00 0.00 0.00 0.94 2.57 4.11 5.99 7.56 8.78 9.40 9.68 9.15 8.18 6.41 4.26 1.97 0.58 0.00 0.00 0.00
0.00 0.00 0.00 0.00 0.00 0.00 0.00 0.24 0.83 1.38 2.37 3.12 3.67 3.91 3.93 3.77 3.15 2.49 1.67 0.82 0.18 0.00 0.00 0.00
0.00 0.00 0.00 0.00 0.00 0.00 0.00 0.38 1.33 2.21 3.79 4.99 5.88 6.25 6.29 6.03 5.05 3.99 2.67 1.31 0.30 0.00 0.00 0.00
0.00 0.00 0.00 0.00 0.00 0.00 0.00 0.38 1.33 2.21 3.79 4.99 5.88 6.25 6.29 6.03 5.05 3.99 2.67 1.31 0.30 0.00 0.00 0.00
0.00 0.00 0.00 0.00 0.00 0.00 0.00 0.76 2.78 4.71 7.72 10.47 12.76 17.04 17.73 16.96 11.37 9.01 6.06 2.89 0.81 0.00 0.00 0.00
0.00 0.00 0.00 0.00 0.00 0.00 0.00 0.31 1.15 1.94 3.36 4.56 5.52 7.31 7.56 7.18 4.87 3.85 2.57 1.40 0.39 0.00 0.00 0.00
0.00 0.00 0.00 0.00 0.00 0.00 0.00 0.40 1.47 2.49 4.32 5.86 7.09 9.40 9.71 9.24 6.27 4.95 3.30 1.80 0.50 0.00 0.00 0.00
0.00 0.00 0.00 0.00 0.00 0.00 0.00 0.27 0.98 1.66 2.88 3.91 4.73 6.26 6.48 6.16 4.18 3.30 2.20 1.20 0.33 0.00 0.00 0.00
0.00 0.00 0.00 0.00 0.00 0.00 0.00 0.27 0.98 1.66 2.88 3.91 4.73 6.26 6.48 6.16 4.18 3.30 2.20 1.20 0.33 0.00 0.00 0.00
0.00 0.00 0.00 0.00 0.00 0.00 0.00 3.87 22.40 39.89 61.13 79.53 93.19 98.30 100.35 96.93 79.68 62.16 40.52 19.64 4.94 0.00 0.00 0.00
0.00 0.00 0.00 0.00 0.00 0.00 0.00 2.60 9.01 15.12 24.59 32.56 39.53 53.68 54.82 53.24 35.70 28.25 19.07 9.41 2.59 0.00 0.00 0.00
0.00 0.00 0.00 0.00 0.00 0.00 0.00 3.15 10.91 18.28 26.90 35.16 42.53 37.84 38.95 37.69 26.05 20.71 13.90 7.01 2.09 0.00 0.00 0.00
0.00 0.00 0.00 0.00 0.00 0.00 0.00 7.81 57.22 104.71 148.42 196.44 234.96 243.11 245.72 231.32 144.81 113.93 80.33 61.44 25.38 0.00 0.00 0.00
0.00 0.00 0.00 0.00 0.00 0.00 0.00 7.43 54.43 99.61 141.18 186.86 223.50 231.25 233.74 220.04 137.75 108.37 76.41 58.44 24.14 0.00 0.00 0.00
0.00 0.00 0.00 0.00 0.00 0.00 0.00 14.29 104.67 191.55 271.51 359.34 429.81 444.72 449.49 423.15 264.90 208.40 146.94 112.39 46.42 0.00 0.00 0.00
0.00 0.00 0.00 0.00 0.00 0.00 0.00 14.05 102.92 188.36 266.98 353.35 422.65 437.30 442.00 416.10 260.48 204.93 144.49 110.52 45.65 0.00 0.00 0.00
0.00 0.00 0.00 0.00 0.00 0.00 0.00 26.97 128.87 226.59 335.79 443.29 527.39 571.27 583.32 553.31 487.88 393.11 272.49 96.86 40.75 0.00 0.00 0.00
0.00 0.00 0.00 0.00 0.00 0.00 0.00 0.24 0.83 1.38 2.37 3.12 3.67 3.91 3.93 3.77 3.15 2.49 1.67 0.82 0.18 0.00 0.00 0.00
0.00 0.00 0.00 0.00 0.00 0.00 0.00 1.21 4.20 7.01 12.01 15.81 18.61 19.79 19.92 19.09 15.98 12.64 8.46 4.14 0.94 0.00 0.00 0.00
0.00 0.00 0.00 0.00 0.00 0.00 0.00 6.19 21.46 35.80 61.32 80.72 95.00 101.03 101.71 97.44 81.57 64.53 43.21 21.13 4.78 0.00 0.00 0.00
0.00 0.00 0.00 0.00 0.00 0.00 0.00 0.53 3.91 7.15 10.14 13.42 16.05 16.60 16.78 15.80 9.89 7.78 5.49 4.20 1.73 0.00 0.00 0.00
0.00 0.00 0.00 0.00 0.00 0.00 0.00 18.61 93.11 164.55 248.36 327.33 392.03 417.58 426.12 403.50 355.43 286.56 197.42 110.18 44.53 0.00 0.00 0.00
0.00 0.00 0.00 0.00 0.00 0.00 0.00 0.61 3.11 5.52 13.40 19.23 24.41 28.20 29.79 28.67 23.82 19.07 13.27 5.05 1.70 0.00 0.00 0.00
0.00 0.00 0.00 0.00 0.00 0.00 0.00 15.42 53.76 90.22 130.94 169.10 197.20 211.75 214.75 204.24 179.92 145.59 101.70 52.37 20.30 0.00 0.00 0.00
0.00 0.00 0.00 0.00 0.00 0.00 0.00 0.31 1.55 2.74 4.14 5.46 6.53 6.96 7.10 6.73 5.92 4.78 3.29 1.84 0.74 0.00 0.00 0.00
0.00 0.00 0.00 0.00 0.00 0.00 0.00 13.96 69.83 123.41 186.27 245.50 294.02 313.19 319.59 302.63 266.58 214.92 148.06 82.63 33.40 0.00 0.00 0.00
0.00 0.00 0.00 0.00 0.00 0.00 0.00 17.91 89.62 158.38 239.04 315.06 377.33 401.92 410.14 388.37 342.11 275.82 190.01 106.05 42.86 0.00 0.00 0.00
0.00 0.00 0.00 0.00 0.00 0.00 0.00 35.57 169.95 298.81 442.83 584.59 695.50 753.36 769.25 729.68 643.39 518.41 359.35 127.73 53.74 0.00 0.00 0.00
0.00 0.00 0.00 0.00 0.00 0.00 0.00 0.42 1.66 2.85 4.65 6.38 7.83 11.56 11.71 11.28 7.96 6.29 4.30 2.40 0.67 0.00 0.00 0.00
0.00 0.00 0.00 0.00 0.00 0.00 0.00 0.50 1.96 3.34 5.93 8.07 10.05 13.89 14.23 13.65 9.72 7.62 5.14 2.97 0.83 0.00 0.00 0.00
0.00 0.00 0.00 0.00 0.00 0.00 0.00 2.53 12.84 22.77 55.29 79.32 100.67 116.33 122.90 118.27 98.27 78.66 54.73 20.84 7.01 0.00 0.00 0.00
0.00 0.00 0.00 0.00 0.00 0.00 0.00 28.45 129.55 227.12 329.93 435.93 518.20 508.56 519.44 502.74 479.43 387.40 280.60 127.36 60.22 0.00 0.00 0.00
0.00 0.00 0.00 0.00 0.00 0.00 0.00 0.22 0.74 1.23 1.94 2.65 3.18 4.22 4.33 4.13 2.93 2.31 1.57 0.87 0.23 0.00 0.00 0.00
0.00 0.00 0.00 0.00 0.00 0.00 0.00 5.89 24.90 43.10 63.34 83.13 98.52 107.03 108.61 102.47 90.07 73.02 52.07 25.07 9.97 0.00 0.00 0.00
0.00 0.00 0.00 0.00 0.00 0.00 0.00 0.37 6.83 13.07 18.36 24.71 29.26 36.05 35.90 33.06 26.87 21.47 15.42 8.07 3.46 0.00 0.00 0.00
0.00 0.00 0.00 0.00 0.00 0.00 0.00 1.08 2.88 4.59 6.73 8.72 10.05 10.69 10.87 10.41 9.37 7.35 4.94 2.27 0.65 0.00 0.00 0.00
0.00 0.00 0.00 0.00 0.00 0.00 0.00 0.54 1.44 2.29 3.37 4.36 5.02 5.35 5.43 5.21 4.68 3.68 2.47 1.14 0.33 0.00 0.00 0.00
0.00 0.00 0.00 0.00 0.00 0.00 0.00 1.19 3.15 5.02 7.37 9.54 10.99 11.69 11.89 11.39 10.25 8.04 5.40 2.49 0.71 0.00 0.00 0.00
0.00 0.00 0.00 0.00 0.00 0.00 0.00 1.38 3.73 5.96 8.55 11.09 12.76 13.81 14.12 13.73 12.28 9.53 6.50 2.97 0.83 0.00 0.00 0.00
0.00 0.00 0.00 0.00 0.00 0.00 0.00 2.10 5.68 9.07 13.03 16.90 19.44 21.05 21.52 20.91 18.71 14.52 9.90 4.52 1.27 0.00 0.00 0.00
0.00 0.00 0.00 0.00 0.00 0.00 0.00 1.87 5.17 8.30 12.18 15.39 17.84 19.18 19.47 18.52 16.43 12.92 8.75 4.09 1.21 0.00 0.00 0.00
0.00 0.00 0.00 0.00 0.00 0.00 0.00 1.49 4.59 7.52 10.39 13.34 15.51 17.15 17.07 16.02 14.15 11.24 7.83 3.91 1.46 0.00 0.00 0.00
0.00 0.00 0.00 0.00 0.00 0.00 0.00 3.86 11.85 19.42 26.84 34.46 40.07 44.30 44.11 41.39 36.57 29.03 20.24 10.10 3.76 0.00 0.00 0.00
0.00 0.00 0.00 0.00 0.00 0.00 0.00 0.86 2.86 4.77 7.08 9.16 10.64 11.39 11.56 10.82 9.41 7.49 5.23 2.64 0.97 0.00 0.00 0.00
0.00 0.00 0.00 0.00 0.00 0.00 0.00 1.15 3.55 5.82 8.24 10.82 12.80 18.01 18.53 17.56 12.17 9.50 6.43 2.33 0.58 0.00 0.00 0.00
0.00 0.00 0.00 0.00 0.00 0.00 0.00 2.81 8.27 13.43 18.88 24.89 30.17 33.98 34.38 32.82 29.85 23.25 15.44 7.04 1.93 0.00 0.00 0.00
0.00 0.00 0.00 0.00 0.00 0.00 0.00 0.19 0.50 0.81 1.86 2.35 2.66 2.70 2.69 2.55 2.01 1.55 1.02 0.67 0.11 0.00 0.00 0.00
0.00 0.00 0.00 0.00 0.00 0.00 0.00 1.41 4.20 6.82 11.09 14.26 16.42 17.54 17.58 16.68 11.39 8.90 5.93 2.62 0.50 0.00 0.00 0.00
0.00 0.00 0.00 0.00 0.00 0.00 0.00 1.18 3.34 5.39 6.72 8.63 9.84 10.48 10.50 9.87 7.59 5.93 3.90 2.24 0.39 0.00 0.00 0.00
0.00 0.00 0.00 0.00 0.00 0.00 0.00 1.63 4.61 7.44 9.28 11.91 13.58 14.47 14.50 13.62 10.48 8.18 5.39 3.09 0.53 0.00 0.00 0.00
0.00 0.00 0.00 0.00 0.00 0.00 0.00 1.11 3.14 5.07 6.32 8.11 9.25 9.86 9.87 9.28 7.14 5.57 3.67 2.10 0.36 0.00 0.00 0.00
0.00 0.00 0.00 0.00 0.00 0.00 0.00 0.75 2.24 3.64 5.91 7.61 8.76 9.35 9.38 8.90 6.07 4.75 3.16 1.40 0.26 0.00 0.00 0.00
0.00 0.00 0.00 0.00 0.00 0.00 0.00 1.15 3.15 5.09 6.02 7.63 8.77 7.01 7.02 6.48 5.51 4.18 2.68 1.05 0.16 0.00 0.00 0.00
0.00 0.00 0.00 0.00 0.00 0.00 0.00 0.69 2.38 3.97 6.80 8.95 10.53 11.20 11.27 10.80 9.04 7.15 4.79 2.34 0.53 0.00 0.00 0.00
0.00 0.00 0.00 0.00 0.00 0.00 0.00 5.03 29.16 51.92 79.57 103.51 121.30 127.94 130.61 126.16 103.71 80.90 52.74 25.56 6.42 0.00 0.00 0.00
0.00 0.00 0.00 0.00 0.00 0.00 0.00 0.86 3.15 5.34 8.75 11.87 14.46 19.31 20.10 19.23 12.88 10.21 6.87 3.28 0.92 0.00 0.00 0.00
0.00 0.00 0.00 0.00 0.00 0.00 0.00 1.15 3.88 6.47 10.79 14.74 17.50 19.68 19.76 18.82 13.13 10.27 6.90 4.41 1.13 0.00 0.00 0.00
0.00 0.00 0.00 0.00 0.00 0.00 0.00 0.53 1.78 2.96 4.94 6.76 8.02 9.02 9.06 8.63 6.02 4.71 3.16 2.02 0.52 0.00 0.00 0.00
0.00 0.00 0.00 0.00 0.00 0.00 0.00 1.15 4.16 7.04 11.23 15.15 18.51 24.66 25.66 24.59 16.52 13.11 8.84 4.05 1.14 0.00 0.00 0.00
0.00 0.00 0.00 0.00 0.00 0.00 0.00 0.54 1.80 3.00 4.72 6.43 7.73 10.26 10.52 10.02 7.11 5.62 3.80 2.11 0.57 0.00 0.00 0.00
0.00 0.00 0.00 0.00 0.00 0.00 0.00 2.62 13.29 23.58 57.25 82.12 104.23 120.45 127.24 122.45 101.74 81.44 56.67 21.58 7.26 0.00 0.00 0.00
0.00 0.00 0.00 0.00 0.00 0.00 0.00 3.69 12.86 21.57 31.31 40.44 47.16 50.64 51.35 48.84 43.02 34.81 24.32 12.52 4.85 0.00 0.00 0.00
0.00 0.00 0.00 0.00 0.00 0.00 0.00 0.78 2.81 4.74 6.98 9.03 10.54 11.35 11.61 10.92 9.64 7.72 5.39 2.49 0.96 0.00 0.00 0.00
0.00 0.00 0.00 0.00 0.00 0.00 0.00 0.89 3.35 5.68 8.25 10.84 12.93 14.13 14.18 13.33 11.44 9.07 6.31 2.84 1.05 0.00 0.00 0.00
0.00 0.00 0.00 0.00 0.00 0.00 0.00 1.43 5.36 9.09 13.20 17.34 20.69 22.61 22.68 21.33 18.30 14.51 10.10 4.54 1.68 0.00 0.00 0.00
0.00 0.00 0.00 0.00 0.00 0.00 0.00 14.52 106.41 194.74 276.03 365.33 436.97 452.13 456.98 430.20 269.31 211.88 149.39 114.27 47.19 0.00 0.00 0.00
