0.00 0.00 0.00 0.00 0.00 0.00 0.00 0.00 0.19 1.17 2.26 3.37 4.29 4.76 4.92 4.70 4.15 3.21 2.02 0.72 0.00 0.00 0.00 0.00
0.00 0.00 0.00 0.00 0.00 0.00 0.00 0.00 6.54 20.41 35.68 50.30 61.76 63.63 64.81 62.73 57.56 43.11 26.90 5.84 0.00 0.00 0.00 0.00
0.00 0.00 0.00 0.00 0.00 0.00 0.00 0.00 4.46 26.77 51.77 76.95 98.06 108.91 112.44 107.48 94.80 73.50 46.10 16.35 0.00 0.00 0.00 0.00
0.00 0.00 0.00 0.00 0.00 0.00 0.00 0.00 15.84 95.14 183.99 273.47 348.51 387.08 399.61 381.97 336.91 261.22 163.82 58.12 0.00 0.00 0.00 0.00
0.00 0.00 0.00 0.00 0.00 0.00 0.00 0.00 1.47 3.73 5.78 8.41 10.16 7.46 7.45 6.82 4.89 3.55 2.22 0.46 0.00 0.00 0.00 0.00
0.00 0.00 0.00 0.00 0.00 0.00 0.00 0.00 25.06 207.38 412.10 621.55 785.60 885.58 938.64 907.35 774.07 603.84 391.85 152.61 0.00 0.00 0.00 0.00
0.00 0.00 0.00 0.00 0.00 0.00 0.00 0.00 0.84 2.50 4.37 6.25 7.52 8.30 8.25 7.76 6.79 5.14 3.26 0.76 0.00 0.00 0.00 0.00
0.00 0.00 0.00 0.00 0.00 0.00 0.00 0.00 0.37 1.13 1.97 2.79 3.55 3.95 4.00 3.92 3.09 2.31 1.44 0.32 0.00 0.00 0.00 0.00
0.00 0.00 0.00 0.00 0.00 0.00 0.00 0.00 0.59 1.80 3.15 4.47 5.68 6.33 6.40 6.27 4.94 3.70 2.31 0.51 0.00 0.00 0.00 0.00
0.00 0.00 0.00 0.00 0.00 0.00 0.00 0.00 0.59 1.80 3.15 4.47 5.68 6.33 6.40 6.27 4.94 3.70 2.31 0.51 0.00 0.00 0.00 0.00
0.00 0.00 0.00 0.00 0.00 0.00 0.00 0.00 1.27 4.32 7.21 10.50 13.51 15.70 16.20 15.60 13.01 10.03 6.37 1.71 0.00 0.00 0.00 0.00
0.00 0.00 0.00 0.00 0.00 0.00 0.00 0.00 0.61 2.07 3.32 4.85 6.25 7.44 7.48 7.22 5.82 4.48 2.77 0.77 0.00 0.00 0.00 0.00
0.00 0.00 0.00 0.00 0.00 0.00 0.00 0.00 0.79 2.67 4.26 6.23 8.03 9.56 9.61 9.29 7.48 5.76 3.56 0.99 0.00 0.00 0.00 0.00
0.00 0.00 0.00 0.00 0.00 0.00 0.00 0.00 0.52 1.78 2.84 4.15 5.35 6.37 6.41 6.19 4.99 3.84 2.37 0.66 0.00 0.00 0.00 0.00
0.00 0.00 0.00 0.00 0.00 0.00 0.00 0.00 0.52 1.78 2.84 4.15 5.35 6.37 6.41 6.19 4.99 3.84 2.37 0.66 0.00 0.00 0.00 0.00
0.00 0.00 0.00 0.00 0.00 0.00 0.00 0.00 5.87 22.86 42.08 63.93 83.33 93.46 96.22 92.31 79.30 60.15 35.84 9.87 0.00 0.00 0.00 0.00
0.00 0.00 0.00 0.00 0.00 0.00 0.00 0.00 3.97 13.11 21.76 31.58 40.32 48.63 49.59 46.76 41.91 32.52 20.09 4.90 0.00 0.00 0.00 0.00
0.00 0.00 0.00 0.00 0.00 0.00 0.00 0.00 3.39 11.60 20.68 29.55 37.27 42.55 43.03 41.28 35.41 27.26 17.43 4.47 0.00 0.00 0.00 0.00
0.00 0.00 0.00 0.00 0.00 0.00 0.00 0.00 7.39 61.17 121.55 183.34 231.72 261.21 276.86 267.64 228.32 178.11 115.58 45.02 0.00 0.00 0.00 0.00
0.00 0.00 0.00 0.00 0.00 0.00 0.00 0.00 7.03 58.19 115.63 174.39 220.42 248.47 263.36 254.58 217.19 169.42 109.94 42.82 0.00 0.00 0.00 0.00
0.00 0.00 0.00 0.00 0.00 0.00 0.00 0.00 13.52 111.90 222.36 335.37 423.88 477.83 506.46 489.58 417.66 325.81 211.43 82.35 0.00 0.00 0.00 0.00
0.00 0.00 0.00 0.00 0.00 0.00 0.00 0.00 13.30 110.03 218.65 329.78 416.82 469.87 498.02 481.42 410.70 320.38 207.91 80.97 0.00 0.00 0.00 0.00
0.00 0.00 0.00 0.00 0.00 0.00 0.00 0.00 18.99 121.73 238.24 358.95 461.73 515.01 520.63 491.39 429.04 328.46 210.29 72.90 0.00 0.00 0.00 0.00
0.00 0.00 0.00 0.00 0.00 0.00 0.00 0.00 0.37 1.13 1.97 2.79 3.55 3.95 4.00 3.92 3.09 2.31 1.44 0.32 0.00 0.00 0.00 0.00
0.00 0.00 0.00 0.00 0.00 0.00 0.00 0.00 1.85 5.71 9.99 14.15 17.99 20.03 20.26 19.87 15.65 11.70 7.31 1.61 0.00 0.00 0.00 0.00
0.00 0.00 0.00 0.00 0.00 0.00 0.00 0.00 9.46 29.18 50.98 72.26 91.86 102.26 103.42 101.42 79.92 59.74 37.31 8.21 0.00 0.00 0.00 0.00
0.00 0.00 0.00 0.00 0.00 0.00 0.00 0.00 0.50 4.18 8.30 12.52 15.82 17.84 18.91 18.28 15.59 12.16 7.89 3.07 0.00 0.00 0.00 0.00
0.00 0.00 0.00 0.00 0.00 0.00 0.00 0.00 15.59 93.65 181.13 269.21 343.07 381.04 393.38 376.01 331.66 257.14 161.27 57.21 0.00 0.00 0.00 0.00
0.00 0.00 0.00 0.00 0.00 0.00 0.00 0.00 1.33 6.00 11.32 16.69 22.26 25.92 26.95 26.27 22.73 17.88 11.89 3.67 0.00 0.00 0.00 0.00
0.00 0.00 0.00 0.00 0.00 0.00 0.00 0.00 11.48 48.64 90.48 132.97 168.48 188.86 195.72 187.22 162.11 123.44 77.77 23.14 0.00 0.00 0.00 0.00
0.00 0.00 0.00 0.00 0.00 0.00 0.00 0.00 0.26 1.56 3.02 4.49 5.72 6.35 6.56 6.27 5.53 4.29 2.69 0.95 0.00 0.00 0.00 0.00
0.00 0.00 0.00 0.00 0.00 0.00 0.00 0.00 11.69 70.24 135.84 201.91 257.31 285.78 295.04 282.01 248.75 192.86 120.95 42.91 0.00 0.00 0.00 0.00
0.00 0.00 0.00 0.00 0.00 0.00 0.00 0.00 15.00 90.14 174.33 259.11 330.21 366.75 378.63 361.91 319.22 247.50 155.22 55.06 0.00 0.00 0.00 0.00
0.00 0.00 0.00 0.00 0.00 0.00 0.00 0.00 25.04 160.53 314.18 473.36 608.90 679.16 686.57 648.02 565.79 433.15 277.32 96.13 0.00 0.00 0.00 0.00
0.00 0.00 0.00 0.00 0.00 0.00 0.00 0.00 0.90 3.18 5.44 7.97 10.23 11.67 11.92 11.55 9.35 7.13 4.46 1.05 0.00 0.00 0.00 0.00
0.00 0.00 0.00 0.00 0.00 0.00 0.00 0.00 1.15 4.06 6.61 9.47 12.24 14.38 14.62 14.11 11.60 8.87 5.54 1.36 0.00 0.00 0.00 0.00
0.00 0.00 0.00 0.00 0.00 0.00 0.00 0.00 5.48 24.74 46.69 68.83 91.84 106.90 111.15 108.35 93.75 73.76 49.04 15.12 0.00 0.00 0.00 0.00
0.00 0.00 0.00 0.00 0.00 0.00 0.00 0.00 11.05 111.34 227.61 342.93 445.57 515.06 527.65 504.66 441.37 355.05 231.32 84.78 3.95 0.00 0.00 0.00
0.00 0.00 0.00 0.00 0.00 0.00 0.00 0.00 0.32 1.03 1.60 2.36 2.99 3.72 3.83 3.65 3.25 2.49 1.57 0.38 0.00 0.00 0.00 0.00
0.00 0.00 0.00 0.00 0.00 0.00 0.00 0.00 4.58 23.54 45.15 67.63 85.90 95.95 98.06 93.51 80.02 61.06 38.86 12.71 0.00 0.00 0.00 0.00
0.00 0.00 0.00 0.00 0.00 0.00 0.00 0.00 0.43 7.33 14.96 22.32 29.14 32.70 33.08 32.27 28.44 22.10 14.63 5.82 0.38 0.00 0.00 0.00
0.00 0.00 0.00 0.00 0.00 0.00 0.00 0.00 1.00 2.88 4.99 7.17 8.81 9.82 9.68 8.91 7.51 5.75 3.68 0.81 0.00 0.00 0.00 0.00
0.00 0.00 0.00 0.00 0.00 0.00 0.00 0.00 0.50 1.44 2.49 3.58 4.40 4.91 4.84 4.45 3.75 2.87 1.84 0.40 0.00 0.00 0.00 0.00
0.00 0.00 0.00 0.00 0.00 0.00 0.00 0.00 1.10 3.15 5.45 7.84 9.63 10.74 10.59 9.74 8.21 6.29 4.03 0.89 0.00 0.00 0.00 0.00
0.00 0.00 0.00 0.00 0.00 0.00 0.00 0.00 1.30 3.76 6.54 9.52 11.48 12.70 12.57 11.77 9.99 7.67 4.87 1.07 0.00 0.00 0.00 0.00
0.00 0.00 0.00 0.00 0.00 0.00 0.00 0.00 1.98 5.73 9.97 14.51 17.50 19.35 19.15 17.94 15.22 11.69 7.41 1.63 0.00 0.00 0.00 0.00
0.00 0.00 0.00 0.00 0.00 0.00 0.00 0.00 1.69 5.06 8.89 12.74 15.27 16.78 16.81 15.91 13.75 10.62 6.74 1.62 0.00 0.00 0.00 0.00
0.00 0.00 0.00 0.00 0.00 0.00 0.00 0.00 1.11 4.10 7.43 10.68 13.15 14.87 15.45 14.85 12.62 9.64 5.97 1.67 0.00 0.00 0.00 0.00
0.00 0.00 0.00 0.00 0.00 0.00 0.00 0.00 2.87 10.58 19.20 27.58 33.97 38.41 39.92 38.35 32.61 24.90 15.41 4.32 0.00 0.00 0.00 0.00
0.00 0.00 0.00 0.00 0.00 0.00 0.00 0.00 0.69 2.65 4.88 7.12 9.13 10.28 10.55 9.96 8.49 6.47 4.08 1.20 0.00 0.00 0.00 0.00
0.00 0.00 0.00 0.00 0.00 0.00 0.00 0.00 1.42 4.26 6.68 9.65 11.97 15.76 16.16 15.47 13.79 10.59 6.77 1.55 0.00 0.00 0.00 0.00
0.00 0.00 0.00 0.00 0.00 0.00 0.00 0.00 2.89 8.71 15.31 21.58 26.35 29.85 30.23 28.75 25.39 19.41 12.13 2.81 0.00 0.00 0.00 0.00
0.00 0.00 0.00 0.00 0.00 0.00 0.00 0.00 0.45 1.15 1.52 2.15 2.62 2.02 2.01 1.90 2.06 1.53 0.96 0.19 0.00 0.00 0.00 0.00
0.00 0.00 0.00 0.00 0.00 0.00 0.00 0.00 2.22 6.12 9.93 14.27 18.07 15.50 15.61 14.78 13.12 9.88 6.22 1.67 0.00 0.00 0.00 0.00
0.00 0.00 0.00 0.00 0.00 0.00 0.00 0.00 1.61 4.27 6.78 9.58 11.86 9.77 9.62 9.06 8.02 5.97 3.72 0.96 0.00 0.00 0.00 0.00
0.00 0.00 0.00 0.00 0.00 0.00 0.00 0.00 2.22 5.89 9.36 13.22 16.36 13.49 13.28 12.51 11.07 8.24 5.13 1.32 0.00 0.00 0.00 0.00
0.00 0.00 0.00 0.00 0.00 0.00 0.00 0.00 1.51 4.01 6.38 9.01 11.14 9.19 9.04 8.52 7.54 5.61 3.50 0.90 0.00 0.00 0.00 0.00
0.00 0.00 0.00 0.00 0.00 0.00 0.00 0.00 1.18 3.27 5.30 7.61 9.64 8.26 8.33 7.88 7.00 5.27 3.32 0.89 0.00 0.00 0.00 0.00
0.00 0.00 0.00 0.00 0.00 0.00 0.00 0.00 1.30 3.35 5.24 7.44 9.08 7.04 7.10 6.55 4.79 3.54 2.21 0.49 0.00 0.00 0.00 0.00
0.00 0.00 0.00 0.00 0.00 0.00 0.00 0.00 1.05 3.23 5.65 8.01 10.18 11.33 11.46 11.24 8.86 6.62 4.13 0.91 0.00 0.00 0.00 0.00
0.00 0.00 0.00 0.00 0.00 0.00 0.00 0.00 7.64 29.75 54.77 83.21 108.47 121.65 125.23 120.15 103.21 78.29 46.64 12.85 0.00 0.00 0.00 0.00
0.00 0.00 0.00 0.00 0.00 0.00 0.00 0.00 1.43 4.90 8.18 11.90 15.31 17.80 18.36 17.68 14.74 11.36 7.22 1.94 0.00 0.00 0.00 0.00
0.00 0.00 0.00 0.00 0.00 0.00 0.00 0.00 2.31 7.28 12.72 18.61 24.17 25.87 25.79 24.72 19.90 15.23 9.79 2.45 0.00 0.00 0.00 0.00
0.00 0.00 0.00 0.00 0.00 0.00 0.00 0.00 1.06 3.34 5.83 8.53 11.08 11.86 11.82 11.33 9.12 6.98 4.49 1.12 0.00 0.00 0.00 0.00
0.00 0.00 0.00 0.00 0.00 0.00 0.00 0.00 1.77 6.03 10.37 15.07 19.21 21.97 22.78 21.82 18.65 14.44 9.30 2.41 0.00 0.00 0.00 0.00
0.00 0.00 0.00 0.00 0.00 0.00 0.00 0.00 0.79 2.51 3.89 5.73 7.27 9.05 9.31 8.87 7.88 6.04 3.81 0.93 0.00 0.00 0.00 0.00
0.00 0.00 0.00 0.00 0.00 0.00 0.00 0.00 5.67 25.61 48.34 71.26 95.09 110.68 115.08 112.18 97.06 76.37 50.77 15.65 0.00 0.00 0.00 0.00
0.00 0.00 0.00 0.00 0.00 0.00 0.00 0.00 2.74 11.63 21.64 31.80 40.29 45.16 46.80 44.77 38.77 29.52 18.60 5.53 0.00 0.00 0.00 0.00
0.00 0.00 0.00 0.00 0.00 0.00 0.00 0.00 0.60 2.56 4.78 7.11 9.04 10.20 10.46 10.12 8.71 6.55 4.13 1.24 0.00 0.00 0.00 0.00
0.00 0.00 0.00 0.00 0.00 0.00 0.00 0.00 0.76 3.21 5.95 8.75 11.05 12.59 12.92 12.41 10.67 8.13 5.16 1.55 0.00 0.00 0.00 0.00
0.00 0.00 0.00 0.00 0.00 0.00 0.00 0.00 1.21 5.13 9.52 14.00 17.68 20.15 20.67 19.86 17.07 13.00 8.26 2.48 0.00 0.00 0.00 0.00
0.00 0.00 0.00 0.00 0.00 0.00 0.00 0.00 13.75 113.76 226.06 340.96 430.95 485.79 514.90 497.74 424.63 331.24 214.95 83.72 0.00 0.00 0.00 0.00
