0.00 0.00 0.00 0.00 0.00 0.00 0.00 0.09 1.03 1.94 3.02 3.95 4.61 5.08 5.24 5.06 4.60 3.80 2.73 1.59 0.72 0.00 0.00 0.00
0.00 0.00 0.00 0.00 0.00 0.00 0.00 3.55 20.39 36.35 53.81 69.55 80.44 90.42 91.94 87.50 73.76 58.34 39.58 17.69 4.93 0.00 0.00 0.00
0.00 0.00 0.00 0.00 0.00 0.00 0.00 2.09 23.53 44.29 69.00 90.39 105.38 116.13 119.84 115.68 105.29 86.99 62.53 36.39 16.36 0.00 0.00 0.00
0.00 0.00 0.00 0.00 0.00 0.00 0.00 7.42 83.64 157.39 245.23 321.22 374.52 412.70 425.92 411.12 374.20 309.15 222.22 129.31 58.16 0.00 0.00 0.00
0.00 0.00 0.00 0.00 0.00 0.00 0.00 1.24 4.11 6.79 9.10 11.39 12.92 12.61 12.66 11.94 11.74 9.17 6.03 2.75 0.63 0.00 0.00 0.00
0.00 0.00 0.00 0.00 0.00 0.00 0.00 1.01 168.54 331.43 506.88 668.30 782.83 853.05 882.05 871.69 825.32 683.05 500.38 306.44 139.98 0.00 0.00 0.00
0.00 0.00 0.00 0.00 0.00 0.00 0.00 0.77 2.60 4.33 6.24 7.83 8.96 9.49 9.47 9.07 7.98 6.43 4.46 2.32 0.82 0.00 0.00 0.00
0.00 0.00 0.00 0.00 0.00 0.00 0.00 0.25 1.23 2.14 2.92 3.80 4.40 4.95 4.99 4.72 4.56 3.68 2.49 1.19 0.35 0.00 0.00 0.00
0.00 0.00 0.00 0.00 0.00 0.00 0.00 0.40 1.96 3.43 4.68 6.09 7.03 7.92 7.98 7.55 7.29 5.88 3.99 1.90 0.56 0.00 0.00 0.00
0.00 0.00 0.00 0.00 0.00 0.00 0.00 0.40 1.96 3.43 4.68 6.09 7.03 7.92 7.98 7.55 7.29 5.88 3.99 1.90 0.56 0.00 0.00 0.00
0.00 0.00 0.00 0.00 0.00 0.00 0.00 0.85 4.62 8.21 12.70 16.84 19.54 21.37 21.56 20.44 17.52 13.90 9.53 4.86 1.66 0.00 0.00 0.00
0.00 0.00 0.00 0.00 0.00 0.00 0.00 0.40 2.17 3.84 5.99 7.88 9.14 10.05 10.21 9.68 8.11 6.44 4.39 2.30 0.78 0.00 0.00 0.00
0.00 0.00 0.00 0.00 0.00 0.00 0.00 0.51 2.78 4.94 7.70 10.13 11.75 12.93 13.13 12.45 10.42 8.28 5.64 2.95 1.00 0.00 0.00 0.00
0.00 0.00 0.00 0.00 0.00 0.00 0.00 0.34 1.86 3.29 5.13 6.75 7.83 8.62 8.75 8.30 6.95 5.52 3.76 1.97 0.67 0.00 0.00 0.00
0.00 0.00 0.00 0.00 0.00 0.00 0.00 0.34 1.86 3.29 5.13 6.75 7.83 8.62 8.75 8.30 6.95 5.52 3.76 1.97 0.67 0.00 0.00 0.00
0.00 0.00 0.00 0.00 0.00 0.00 0.00 1.18 22.21 42.33 66.39 86.05 99.99 112.49 114.08 108.63 100.81 78.68 54.56 27.37 8.72 0.00 0.00 0.00
0.00 0.00 0.00 0.00 0.00 0.00 0.00 2.94 14.47 25.40 39.06 51.36 60.19 64.82 64.21 60.01 53.20 42.31 29.10 14.26 4.83 0.00 0.00 0.00
0.00 0.00 0.00 0.00 0.00 0.00 0.00 2.58 12.72 22.34 32.94 42.81 50.15 54.09 53.67 49.88 45.94 36.77 25.21 13.24 4.73 0.00 0.00 0.00
0.00 0.00 0.00 0.00 0.00 0.00 0.00 0.30 49.71 97.76 149.51 197.12 230.91 251.62 260.17 257.12 243.44 201.47 147.59 90.39 41.29 0.00 0.00 0.00
0.00 0.00 0.00 0.00 0.00 0.00 0.00 0.28 47.29 92.99 142.22 187.51 219.64 239.34 247.48 244.57 231.57 191.65 140.39 85.98 39.27 0.00 0.00 0.00
0.00 0.00 0.00 0.00 0.00 0.00 0.00 0.55 90.94 178.83 273.50 360.59 422.39 460.28 475.93 470.33 445.32 368.55 269.99 165.34 75.53 0.00 0.00 0.00
0.00 0.00 0.00 0.00 0.00 0.00 0.00 0.54 89.42 175.85 268.94 354.58 415.35 452.61 468.00 462.50 437.90 362.41 265.49 162.59 74.27 0.00 0.00 0.00
0.00 0.00 0.00 0.00 0.00 0.00 0.00 11.06 109.78 205.13 315.69 417.29 492.08 532.20 548.77 533.04 474.82 391.51 284.87 171.66 79.70 0.00 0.00 0.00
0.00 0.00 0.00 0.00 0.00 0.00 0.00 0.25 1.23 2.14 2.92 3.80 4.40 4.95 4.99 4.72 4.56 3.68 2.49 1.19 0.35 0.00 0.00 0.00
0.00 0.00 0.00 0.00 0.00 0.00 0.00 1.26 6.21 10.86 14.82 19.27 22.27 25.07 25.26 23.92 23.08 18.62 12.63 6.03 1.78 0.00 0.00 0.00
0.00 0.00 0.00 0.00 0.00 0.00 0.00 6.41 31.72 55.44 75.65 98.40 113.69 127.99 128.96 122.11 117.85 95.07 64.49 30.77 9.10 0.00 0.00 0.00
0.00 0.00 0.00 0.00 0.00 0.00 0.00 0.02 3.39 6.68 10.21 13.46 15.77 17.18 17.77 17.56 16.63 13.76 10.08 6.17 2.82 0.00 0.00 0.00
0.00 0.00 0.00 0.00 0.00 0.00 0.00 7.31 82.34 154.94 241.41 316.22 368.68 406.27 419.28 404.71 368.37 304.34 218.76 127.30 57.25 0.00 0.00 0.00
0.00 0.00 0.00 0.00 0.00 0.00 0.00 0.52 6.11 11.49 18.04 24.63 29.59 32.49 32.54 30.99 28.34 22.96 15.96 9.48 3.69 0.00 0.00 0.00
0.00 0.00 0.00 0.00 0.00 0.00 0.00 9.26 46.48 82.07 126.37 163.93 190.53 201.23 204.47 193.24 177.34 146.14 105.10 58.50 25.33 0.00 0.00 0.00
0.00 0.00 0.00 0.00 0.00 0.00 0.00 0.12 1.37 2.58 4.02 5.27 6.14 6.77 6.99 6.75 6.14 5.07 3.65 2.12 0.95 0.00 0.00 0.00
0.00 0.00 0.00 0.00 0.00 0.00 0.00 5.48 61.75 116.21 181.06 237.16 276.51 304.70 314.46 303.53 276.28 228.25 164.07 95.47 42.94 0.00 0.00 0.00
0.00 0.00 0.00 0.00 0.00 0.00 0.00 7.03 79.25 149.13 232.36 304.36 354.85 391.04 403.55 389.53 354.56 292.92 210.55 122.52 55.10 0.00 0.00 0.00
0.00 0.00 0.00 0.00 0.00 0.00 0.00 14.59 144.77 270.51 416.31 550.30 648.93 701.84 723.69 702.95 626.17 516.31 375.67 226.37 105.10 0.00 0.00 0.00
0.00 0.00 0.00 0.00 0.00 0.00 0.00 0.51 3.28 5.90 9.32 12.21 14.38 15.29 15.39 14.35 12.14 9.72 6.67 3.72 1.27 0.00 0.00 0.00
0.00 0.00 0.00 0.00 0.00 0.00 0.00 0.67 4.12 7.39 11.74 15.41 17.96 19.36 19.49 18.30 15.32 12.24 8.44 4.60 1.57 0.00 0.00 0.00
0.00 0.00 0.00 0.00 0.00 0.00 0.00 2.16 25.18 47.41 74.43 101.62 122.07 134.02 134.23 127.84 116.89 94.73 65.84 39.09 15.22 0.00 0.00 0.00
0.00 0.00 0.00 0.00 0.00 0.00 0.00 12.14 106.44 198.22 298.32 401.85 483.59 534.21 547.23 524.48 481.65 399.52 289.98 179.59 91.64 2.25 0.00 0.00
0.00 0.00 0.00 0.00 0.00 0.00 0.00 0.26 1.19 2.06 3.08 4.03 4.70 5.12 5.09 4.71 4.10 3.26 2.25 1.13 0.38 0.00 0.00 0.00
0.00 0.00 0.00 0.00 0.00 0.00 0.00 2.99 22.00 40.31 61.85 81.44 94.44 101.46 103.45 98.93 91.19 75.41 53.84 30.79 13.66 0.00 0.00 0.00
0.00 0.00 0.00 0.00 0.00 0.00 0.00 0.00 5.49 11.42 17.80 24.10 28.61 30.90 31.63 30.59 28.30 23.46 17.19 10.96 5.16 0.00 0.00 0.00
0.00 0.00 0.00 0.00 0.00 0.00 0.00 0.93 2.98 4.92 6.98 8.82 9.97 10.96 10.81 10.30 8.17 6.48 4.53 2.54 0.88 0.00 0.00 0.00
0.00 0.00 0.00 0.00 0.00 0.00 0.00 0.46 1.49 2.46 3.49 4.41 4.99 5.48 5.41 5.15 4.08 3.24 2.26 1.27 0.44 0.00 0.00 0.00
0.00 0.00 0.00 0.00 0.00 0.00 0.00 1.02 3.26 5.38 7.64 9.65 10.91 11.98 11.83 11.27 8.93 7.08 4.95 2.77 0.96 0.00 0.00 0.00
0.00 0.00 0.00 0.00 0.00 0.00 0.00 1.21 3.99 6.63 9.55 12.09 13.76 14.49 14.24 13.56 11.46 9.21 6.37 3.35 1.15 0.00 0.00 0.00
0.00 0.00 0.00 0.00 0.00 0.00 0.00 1.84 6.09 10.10 14.55 18.42 20.97 22.08 21.70 20.67 17.46 14.04 9.71 5.10 1.75 0.00 0.00 0.00
0.00 0.00 0.00 0.00 0.00 0.00 0.00 1.56 5.33 8.90 12.88 16.05 18.42 19.40 19.43 18.45 16.54 13.15 9.22 4.77 1.69 0.00 0.00 0.00
0.00 0.00 0.00 0.00 0.00 0.00 0.00 0.97 3.93 6.74 10.12 13.25 15.39 16.27 16.27 15.57 14.17 11.45 8.13 4.59 1.93 0.00 0.00 0.00
0.00 0.00 0.00 0.00 0.00 0.00 0.00 2.51 10.14 17.40 26.14 34.24 39.76 42.02 42.04 40.22 36.60 29.58 21.00 11.84 4.98 0.00 0.00 0.00
0.00 0.00 0.00 0.00 0.00 0.00 0.00 0.57 2.63 4.59 7.01 9.10 10.58 11.15 11.08 10.47 9.63 7.77 5.53 3.16 1.32 0.00 0.00 0.00
0.00 0.00 0.00 0.00 0.00 0.00 0.00 1.33 5.36 9.15 13.72 17.74 20.37 22.11 22.00 20.58 15.39 12.42 8.57 4.03 1.28 0.00 0.00 0.00
0.00 0.00 0.00 0.00 0.00 0.00 0.00 2.54 9.49 16.06 23.58 30.12 34.53 36.61 36.97 34.61 31.57 24.97 17.08 8.27 2.78 0.00 0.00 0.00
0.00 0.00 0.00 0.00 0.00 0.00 0.00 0.40 1.31 2.16 2.94 3.65 4.07 3.39 3.36 3.13 2.75 2.18 1.48 0.79 0.19 0.00 0.00 0.00
0.00 0.00 0.00 0.00 0.00 0.00 0.00 1.82 6.93 11.69 16.33 20.71 23.36 22.60 22.34 21.09 20.52 16.54 11.34 5.39 1.43 0.00 0.00 0.00
0.00 0.00 0.00 0.00 0.00 0.00 0.00 1.37 4.83 8.05 11.06 13.88 15.54 14.50 14.22 13.69 13.97 11.16 7.60 3.71 0.93 0.00 0.00 0.00
0.00 0.00 0.00 0.00 0.00 0.00 0.00 1.89 6.66 11.11 15.27 19.16 21.45 20.01 19.62 18.90 19.28 15.41 10.49 5.11 1.28 0.00 0.00 0.00
0.00 0.00 0.00 0.00 0.00 0.00 0.00 1.28 4.54 7.57 10.40 13.05 14.61 13.63 13.36 12.87 13.13 10.49 7.15 3.48 0.88 0.00 0.00 0.00
0.00 0.00 0.00 0.00 0.00 0.00 0.00 0.97 3.70 6.23 8.71 11.05 12.46 12.05 11.91 11.25 10.94 8.82 6.05 2.88 0.76 0.00 0.00 0.00
0.00 0.00 0.00 0.00 0.00 0.00 0.00 1.05 3.58 5.95 8.47 10.61 11.98 12.27 12.36 11.78 11.33 8.91 5.89 2.61 0.61 0.00 0.00 0.00
0.00 0.00 0.00 0.00 0.00 0.00 0.00 0.71 3.51 6.14 8.38 10.91 12.60 14.18 14.29 13.53 13.06 10.54 7.15 3.41 1.01 0.00 0.00 0.00
0.00 0.00 0.00 0.00 0.00 0.00 0.00 1.53 28.90 55.10 86.42 112.00 130.14 146.41 148.48 141.39 131.21 102.41 71.01 35.62 11.35 0.00 0.00 0.00
0.00 0.00 0.00 0.00 0.00 0.00 0.00 0.96 5.24 9.31 14.39 19.08 22.14 24.22 24.43 23.16 19.85 15.76 10.80 5.50 1.88 0.00 0.00 0.00
0.00 0.00 0.00 0.00 0.00 0.00 0.00 1.75 8.16 14.17 21.20 27.58 32.18 35.73 35.48 33.26 28.28 22.22 15.21 7.71 2.49 0.00 0.00 0.00
0.00 0.00 0.00 0.00 0.00 0.00 0.00 0.80 3.74 6.49 9.72 12.64 14.75 16.38 16.26 15.25 12.96 10.18 6.97 3.53 1.14 0.00 0.00 0.00
0.00 0.00 0.00 0.00 0.00 0.00 0.00 1.23 6.59 11.69 17.88 23.68 27.54 29.89 30.10 28.46 24.73 19.66 13.45 6.68 2.29 0.00 0.00 0.00
0.00 0.00 0.00 0.00 0.00 0.00 0.00 0.63 2.88 5.01 7.47 9.80 11.42 12.43 12.35 11.44 9.96 7.93 5.46 2.74 0.91 0.00 0.00 0.00
0.00 0.00 0.00 0.00 0.00 0.00 0.00 2.24 26.07 49.09 77.06 105.21 126.39 138.76 138.97 132.36 121.02 98.08 68.17 40.47 15.76 0.00 0.00 0.00
0.00 0.00 0.00 0.00 0.00 0.00 0.00 2.21 11.12 19.63 30.22 39.20 45.56 48.12 48.90 46.21 42.41 34.95 25.13 13.99 6.06 0.00 0.00 0.00
0.00 0.00 0.00 0.00 0.00 0.00 0.00 0.47 2.51 4.46 6.84 8.87 10.33 10.95 11.06 10.43 9.40 7.63 5.48 3.23 1.39 0.00 0.00 0.00
0.00 0.00 0.00 0.00 0.00 0.00 0.00 0.56 3.23 5.80 8.62 11.18 12.92 13.66 13.67 13.05 11.98 9.87 7.12 4.26 1.79 0.00 0.00 0.00
0.00 0.00 0.00 0.00 0.00 0.00 0.00 0.90 5.18 9.28 13.79 17.89 20.67 21.86 21.88 20.88 19.17 15.80 11.40 6.82 2.86 0.00 0.00 0.00
0.00 0.00 0.00 0.00 0.00 0.00 0.00 0.55 92.45 181.81 278.05 366.60 429.43 467.95 483.86 478.17 452.74 374.69 274.49 168.10 76.79 0.00 0.00 0.00
