0.00 0.00 0.00 0.00 0.00 0.00 0.00 0.00 0.00 0.47 1.44 2.21 2.90 3.32 3.40 3.08 2.38 1.59 0.67 0.00 0.00 0.00 0.00 0.00
0.00 0.00 0.00 0.00 0.00 0.00 0.00 0.00 0.00 14.01 30.18 43.74 53.63 58.24 56.43 50.38 39.92 26.07 9.48 0.00 0.00 0.00 0.00 0.00
0.00 0.00 0.00 0.00 0.00 0.00 0.00 0.00 0.00 10.69 32.90 50.54 66.33 75.87 77.68 70.50 54.51 36.42 15.30 0.00 0.00 0.00 0.00 0.00
0.00 0.00 0.00 0.00 0.00 0.00 0.00 0.00 0.00 37.99 116.93 179.62 235.74 269.65 276.07 250.56 193.73 129.43 54.37 0.00 0.00 0.00 0.00 0.00
0.00 0.00 0.00 0.00 0.00 0.00 0.00 0.00 0.20 2.61 5.29 7.56 8.88 9.61 9.33 8.29 6.34 3.90 0.97 0.00 0.00 0.00 0.00 0.00
0.00 0.00 0.00 0.00 0.00 0.00 0.00 0.00 0.00 84.89 269.95 416.91 558.78 643.76 664.55 612.34 469.54 305.00 138.40 0.00 0.00 0.00 0.00 0.00
0.00 0.00 0.00 0.00 0.00 0.00 0.00 0.00 0.00 1.17 2.82 4.38 5.38 5.79 5.74 5.05 3.74 2.32 0.60 0.00 0.00 0.00 0.00 0.00
0.00 0.00 0.00 0.00 0.00 0.00 0.00 0.00 0.00 0.82 1.74 2.56 3.09 3.44 3.42 3.02 2.32 1.50 0.52 0.00 0.00 0.00 0.00 0.00
0.00 0.00 0.00 0.00 0.00 0.00 0.00 0.00 0.00 1.31 2.78 4.09 4.94 5.51 5.47 4.84 3.71 2.41 0.83 0.00 0.00 0.00 0.00 0.00
0.00 0.00 0.00 0.00 0.00 0.00 0.00 0.00 0.00 1.31 2.78 4.09 4.94 5.51 5.47 4.84 3.71 2.41 0.83 0.00 0.00 0.00 0.00 0.00
0.00 0.00 0.00 0.00 0.00 0.00 0.00 0.00 0.00 2.60 5.86 8.77 11.20 12.90 13.07 11.88 9.24 6.06 2.19 0.00 0.00 0.00 0.00 0.00
0.00 0.00 0.00 0.00 0.00 0.00 0.00 0.00 0.00 1.25 2.78 4.20 5.41 6.11 6.15 5.59 4.32 2.83 1.02 0.00 0.00 0.00 0.00 0.00
0.00 0.00 0.00 0.00 0.00 0.00 0.00 0.00 0.00 1.61 3.58 5.40 6.95 7.86 7.91 7.18 5.55 3.64 1.32 0.00 0.00 0.00 0.00 0.00
0.00 0.00 0.00 0.00 0.00 0.00 0.00 0.00 0.00 1.07 2.38 3.60 4.64 5.24 5.27 4.79 3.70 2.42 0.88 0.00 0.00 0.00 0.00 0.00
0.00 0.00 0.00 0.00 0.00 0.00 0.00 0.00 0.00 1.07 2.38 3.60 4.64 5.24 5.27 4.79 3.70 2.42 0.88 0.00 0.00 0.00 0.00 0.00
0.00 0.00 0.00 0.00 0.00 0.00 0.00 0.00 0.00 13.02 28.27 44.10 56.69 58.08 60.25 54.77 42.38 26.88 11.45 0.00 0.00 0.00 0.00 0.00
0.00 0.00 0.00 0.00 0.00 0.00 0.00 0.00 0.00 7.98 18.17 26.66 34.45 39.37 40.43 36.55 27.57 17.96 6.24 0.00 0.00 0.00 0.00 0.00
0.00 0.00 0.00 0.00 0.00 0.00 0.00 0.00 0.00 6.47 15.50 22.86 29.69 32.89 32.50 29.35 22.65 14.77 5.13 0.00 0.00 0.00 0.00 0.00
0.00 0.00 0.00 0.00 0.00 0.00 0.00 0.00 0.00 25.04 79.63 122.97 164.82 189.89 196.02 180.62 138.50 89.96 40.82 0.00 0.00 0.00 0.00 0.00
0.00 0.00 0.00 0.00 0.00 0.00 0.00 0.00 0.00 23.82 75.74 116.97 156.78 180.62 186.46 171.81 131.74 85.58 38.83 0.00 0.00 0.00 0.00 0.00
0.00 0.00 0.00 0.00 0.00 0.00 0.00 0.00 0.00 45.80 145.66 224.95 301.50 347.35 358.57 330.40 253.35 164.57 74.68 0.00 0.00 0.00 0.00 0.00
0.00 0.00 0.00 0.00 0.00 0.00 0.00 0.00 0.00 45.04 143.23 221.20 296.48 341.56 352.59 324.89 249.13 161.83 73.43 0.00 0.00 0.00 0.00 0.00
0.00 0.00 0.00 0.00 0.00 0.00 0.00 0.00 0.00 45.55 149.96 228.72 305.41 354.99 361.51 327.68 255.98 170.88 71.02 0.00 0.00 0.00 0.00 0.00
0.00 0.00 0.00 0.00 0.00 0.00 0.00 0.00 0.00 0.82 1.74 2.56 3.09 3.44 3.42 3.02 2.32 1.50 0.52 0.00 0.00 0.00 0.00 0.00
0.00 0.00 0.00 0.00 0.00 0.00 0.00 0.00 0.00 4.14 8.80 12.96 15.66 17.45 17.32 15.32 11.73 7.62 2.64 0.00 0.00 0.00 0.00 0.00
0.00 0.00 0.00 0.00 0.00 0.00 0.00 0.00 0.00 21.15 44.94 66.17 79.94 89.07 88.41 78.22 59.90 38.93 13.50 0.00 0.00 0.00 0.00 0.00
0.00 0.00 0.00 0.00 0.00 0.00 0.00 0.00 0.00 1.71 5.44 8.40 11.26 12.97 13.39 12.33 9.46 6.14 2.79 0.00 0.00 0.00 0.00 0.00
0.00 0.00 0.00 0.00 0.00 0.00 0.00 0.00 0.00 37.40 115.11 176.82 232.06 265.45 271.76 246.65 190.71 127.41 53.52 0.00 0.00 0.00 0.00 0.00
0.00 0.00 0.00 0.00 0.00 0.00 0.00 0.00 0.00 3.55 8.54 12.90 16.90 20.25 20.59 19.20 15.31 10.47 4.38 0.00 0.00 0.00 0.00 0.00
0.00 0.00 0.00 0.00 0.00 0.00 0.00 0.00 0.00 19.98 58.55 88.55 113.83 130.24 128.87 113.59 85.79 56.26 19.92 0.00 0.00 0.00 0.00 0.00
0.00 0.00 0.00 0.00 0.00 0.00 0.00 0.00 0.00 0.62 1.92 2.95 3.87 4.42 4.53 4.11 3.18 2.12 0.89 0.00 0.00 0.00 0.00 0.00
0.00 0.00 0.00 0.00 0.00 0.00 0.00 0.00 0.00 28.05 86.33 132.61 174.05 199.09 203.82 184.99 143.03 95.56 40.14 0.00 0.00 0.00 0.00 0.00
0.00 0.00 0.00 0.00 0.00 0.00 0.00 0.00 0.00 36.00 110.79 170.19 223.36 255.50 261.57 237.40 183.56 122.63 51.51 0.00 0.00 0.00 0.00 0.00
0.00 0.00 0.00 0.00 0.00 0.00 0.00 0.00 0.00 60.06 197.76 301.62 402.75 468.14 476.74 432.12 337.57 225.34 93.66 0.00 0.00 0.00 0.00 0.00
0.00 0.00 0.00 0.00 0.00 0.00 0.00 0.00 0.00 1.92 4.33 6.65 8.52 9.66 9.80 8.83 6.91 4.52 1.71 0.00 0.00 0.00 0.00 0.00
0.00 0.00 0.00 0.00 0.00 0.00 0.00 0.00 0.00 2.42 5.37 8.27 10.67 12.06 12.19 11.04 8.61 5.65 2.12 0.00 0.00 0.00 0.00 0.00
0.00 0.00 0.00 0.00 0.00 0.00 0.00 0.00 0.00 14.65 35.23 53.20 69.70 83.51 84.93 79.18 63.14 43.20 18.07 0.00 0.00 0.00 0.00 0.00
0.00 0.00 0.00 0.00 0.00 0.00 0.00 0.00 0.00 30.89 138.27 217.55 295.61 340.20 353.61 320.65 244.52 166.07 68.55 0.00 0.00 0.00 0.00 0.00
0.00 0.00 0.00 0.00 0.00 0.00 0.00 0.00 0.00 0.64 1.46 2.15 2.70 3.05 3.11 2.81 2.15 1.39 0.46 0.00 0.00 0.00 0.00 0.00
0.00 0.00 0.00 0.00 0.00 0.00 0.00 0.00 0.00 9.25 28.24 43.08 56.49 65.41 66.72 59.52 46.02 30.58 12.10 0.00 0.00 0.00 0.00 0.00
0.00 0.00 0.00 0.00 0.00 0.00 0.00 0.00 0.00 3.13 10.37 16.13 21.22 24.16 25.22 23.05 17.89 11.73 5.73 0.00 0.00 0.00 0.00 0.00
0.00 0.00 0.00 0.00 0.00 0.00 0.00 0.00 0.00 1.43 3.39 5.03 6.22 6.76 6.64 5.94 4.37 2.68 0.64 0.00 0.00 0.00 0.00 0.00
0.00 0.00 0.00 0.00 0.00 0.00 0.00 0.00 0.00 0.71 1.70 2.51 3.11 3.38 3.32 2.97 2.18 1.34 0.32 0.00 0.00 0.00 0.00 0.00
0.00 0.00 0.00 0.00 0.00 0.00 0.00 0.00 0.00 1.56 3.71 5.50 6.80 7.39 7.27 6.50 4.78 2.93 0.70 0.00 0.00 0.00 0.00 0.00
0.00 0.00 0.00 0.00 0.00 0.00 0.00 0.00 0.00 1.88 4.40 6.50 8.10 8.68 8.67 7.75 5.71 3.52 0.88 0.00 0.00 0.00 0.00 0.00
0.00 0.00 0.00 0.00 0.00 0.00 0.00 0.00 0.00 2.86 6.70 9.90 12.34 13.23 13.21 11.81 8.70 5.36 1.35 0.00 0.00 0.00 0.00 0.00
0.00 0.00 0.00 0.00 0.00 0.00 0.00 0.00 0.00 2.37 5.74 8.75 10.93 11.79 11.70 10.20 7.54 4.68 1.24 0.00 0.00 0.00 0.00 0.00
0.00 0.00 0.00 0.00 0.00 0.00 0.00 0.00 0.00 1.71 4.79 7.19 9.18 10.20 10.14 8.87 6.58 4.22 1.33 0.00 0.00 0.00 0.00 0.00
0.00 0.00 0.00 0.00 0.00 0.00 0.00 0.00 0.00 4.43 12.38 18.58 23.71 26.34 26.18 22.92 17.00 10.89 3.42 0.00 0.00 0.00 0.00 0.00
0.00 0.00 0.00 0.00 0.00 0.00 0.00 0.00 0.00 1.14 3.20 4.80 6.15 6.92 6.90 6.05 4.58 2.98 1.01 0.00 0.00 0.00 0.00 0.00
0.00 0.00 0.00 0.00 0.00 0.00 0.00 0.00 0.00 2.90 6.47 9.60 12.26 13.32 13.39 11.98 9.17 5.84 1.81 0.00 0.00 0.00 0.00 0.00
0.00 0.00 0.00 0.00 0.00 0.00 0.00 0.00 0.00 4.66 10.70 15.86 19.63 21.36 21.87 20.05 14.91 9.39 2.73 0.00 0.00 0.00 0.00 0.00
0.00 0.00 0.00 0.00 0.00 0.00 0.00 0.00 0.04 0.77 1.57 2.22 2.66 2.92 2.91 2.55 1.96 1.20 0.29 0.00 0.00 0.00 0.00 0.00
0.00 0.00 0.00 0.00 0.00 0.00 0.00 0.00 0.06 4.51 9.25 13.37 15.83 17.04 16.73 14.68 11.15 7.03 2.06 0.00 0.00 0.00 0.00 0.00
0.00 0.00 0.00 0.00 0.00 0.00 0.00 0.00 0.11 3.02 6.15 8.96 10.51 11.66 11.25 9.86 7.40 4.60 1.25 0.00 0.00 0.00 0.00 0.00
0.00 0.00 0.00 0.00 0.00 0.00 0.00 0.00 0.16 4.17 8.48 12.36 14.51 16.09 15.52 13.61 10.22 6.35 1.73 0.00 0.00 0.00 0.00 0.00
0.00 0.00 0.00 0.00 0.00 0.00 0.00 0.00 0.11 2.84 5.78 8.42 9.88 10.96 10.57 9.27 6.96 4.33 1.18 0.00 0.00 0.00 0.00 0.00
0.00 0.00 0.00 0.00 0.00 0.00 0.00 0.00 0.03 2.41 4.94 7.13 8.44 9.09 8.92 7.83 5.95 3.75 1.10 0.00 0.00 0.00 0.00 0.00
0.00 0.00 0.00 0.00 0.00 0.00 0.00 0.00 0.16 2.35 4.76 6.70 7.97 8.60 8.46 7.53 5.65 3.49 0.90 0.00 0.00 0.00 0.00 0.00
0.00 0.00 0.00 0.00 0.00 0.00 0.00 0.00 0.00 2.34 4.98 7.33 8.86 9.87 9.80 8.67 6.64 4.31 1.50 0.00 0.00 0.00 0.00 0.00
0.00 0.00 0.00 0.00 0.00 0.00 0.00 0.00 0.00 16.94 36.80 57.41 73.79 75.59 78.42 71.29 55.16 34.99 14.91 0.00 0.00 0.00 0.00 0.00
0.00 0.00 0.00 0.00 0.00 0.00 0.00 0.00 0.00 2.95 6.64 9.94 12.69 14.62 14.81 13.47 10.47 6.87 2.49 0.00 0.00 0.00 0.00 0.00
0.00 0.00 0.00 0.00 0.00 0.00 0.00 0.00 0.00 4.89 10.66 15.71 19.66 21.56 21.52 19.78 15.40 10.00 3.39 0.00 0.00 0.00 0.00 0.00
0.00 0.00 0.00 0.00 0.00 0.00 0.00 0.00 0.00 2.24 4.89 7.20 9.01 9.88 9.87 9.06 7.06 4.58 1.55 0.00 0.00 0.00 0.00 0.00
0.00 0.00 0.00 0.00 0.00 0.00 0.00 0.00 0.00 3.63 8.25 12.24 15.59 18.08 18.41 16.68 12.96 8.50 3.06 0.00 0.00 0.00 0.00 0.00
0.00 0.00 0.00 0.00 0.00 0.00 0.00 0.00 0.00 1.55 3.54 5.22 6.56 7.40 7.55 6.82 5.21 3.37 1.13 0.00 0.00 0.00 0.00 0.00
0.00 0.00 0.00 0.00 0.00 0.00 0.00 0.00 0.00 15.17 36.47 55.08 72.16 86.47 87.94 81.98 65.37 44.73 18.71 0.00 0.00 0.00 0.00 0.00
0.00 0.00 0.00 0.00 0.00 0.00 0.00 0.00 0.00 4.78 14.00 21.18 27.22 31.14 30.82 27.16 20.51 13.45 4.76 0.00 0.00 0.00 0.00 0.00
0.00 0.00 0.00 0.00 0.00 0.00 0.00 0.00 0.00 1.08 3.12 4.70 6.12 6.96 7.01 6.17 4.66 3.07 1.11 0.00 0.00 0.00 0.00 0.00
0.00 0.00 0.00 0.00 0.00 0.00 0.00 0.00 0.00 1.39 3.85 5.87 7.54 8.58 8.61 7.75 5.97 3.95 1.47 0.00 0.00 0.00 0.00 0.00
0.00 0.00 0.00 0.00 0.00 0.00 0.00 0.00 0.00 2.23 6.17 9.40 12.07 13.73 13.78 12.41 9.54 6.32 2.35 0.00 0.00 0.00 0.00 0.00
0.00 0.00 0.00 0.00 0.00 0.00 0.00 0.00 0.00 46.57 148.08 228.70 306.53 353.14 364.54 335.91 257.57 167.31 75.92 0.00 0.00 0.00 0.00 0.00
