0.00 0.00 0.00 0.00 0.00 0.00 0.00 0.19 1.15 2.06 3.12 4.12 4.94 5.36 5.47 5.17 4.52 3.62 2.47 1.38 0.52 0.00 0.00 0.00
0.00 0.00 0.00 0.00 0.00 0.00 0.00 4.69 19.39 33.16 48.32 63.75 75.60 82.29 82.81 77.69 65.69 51.12 33.74 13.41 2.12 0.00 0.00 0.00
0.00 0.00 0.00 0.00 0.00 0.00 0.00 4.29 26.26 47.04 71.45 94.30 112.89 122.64 125.08 118.29 103.31 82.79 56.47 31.66 11.84 0.00 0.00 0.00
0.00 0.00 0.00 0.00 0.00 0.00 0.00 15.24 93.33 167.17 253.92 335.13 401.20 435.87 444.54 420.40 367.15 294.24 200.71 112.52 42.09 0.00 0.00 0.00
0.00 0.00 0.00 0.00 0.00 0.00 0.00 1.35 3.84 6.25 9.17 11.68 13.29 14.34 14.32 13.06 11.04 8.38 5.35 1.96 0.17 0.00 0.00 0.00
0.00 0.00 0.00 0.00 0.00 0.00 0.00 19.31 204.02 380.72 590.99 782.72 935.13 1014.32 1023.54 961.14 818.88 640.47 447.26 248.78 95.81 0.00 0.00 0.00
0.00 0.00 0.00 0.00 0.00 0.00 0.00 0.86 2.51 4.03 5.84 7.35 8.50 9.01 9.27 8.74 7.22 5.64 3.70 1.73 0.43 0.00 0.00 0.00
0.00 0.00 0.00 0.00 0.00 0.00 0.00 0.30 1.12 1.89 2.85 3.76 4.43 4.95 4.98 4.76 4.17 3.28 2.18 0.90 0.16 0.00 0.00 0.00
0.00 0.00 0.00 0.00 0.00 0.00 0.00 0.48 1.79 3.02 4.56 6.02 7.10 7.92 7.96 7.61 6.67 5.26 3.49 1.45 0.26 0.00 0.00 0.00
0.00 0.00 0.00 0.00 0.00 0.00 0.00 0.48 1.79 3.02 4.56 6.02 7.10 7.92 7.96 7.61 6.67 5.26 3.49 1.45 0.26 0.00 0.00 0.00
0.00 0.00 0.00 0.00 0.00 0.00 0.00 0.95 3.83 6.53 10.06 13.65 16.61 18.47 19.26 18.45 16.67 13.14 8.74 3.97 0.95 0.00 0.00 0.00
0.00 0.00 0.00 0.00 0.00 0.00 0.00 0.45 1.82 3.09 4.77 6.47 7.83 8.82 9.14 8.71 7.88 6.20 4.09 1.84 0.43 0.00 0.00 0.00
0.00 0.00 0.00 0.00 0.00 0.00 0.00 0.58 2.33 3.97 6.13 8.32 10.07 11.34 11.75 11.19 10.14 7.97 5.26 2.37 0.56 0.00 0.00 0.00
0.00 0.00 0.00 0.00 0.00 0.00 0.00 0.39 1.56 2.65 4.09 5.55 6.71 7.56 7.83 7.46 6.76 5.31 3.51 1.58 0.37 0.00 0.00 0.00
0.00 0.00 0.00 0.00 0.00 0.00 0.00 0.39 1.56 2.65 4.09 5.55 6.71 7.56 7.83 7.46 6.76 5.31 3.51 1.58 0.37 0.00 0.00 0.00
0.00 0.00 0.00 0.00 0.00 0.00 0.00 3.23 22.56 40.63 61.92 80.61 94.41 99.91 101.85 98.16 89.51 69.55 44.97 19.40 4.10 0.00 0.00 0.00
0.00 0.00 0.00 0.00 0.00 0.00 0.00 3.20 12.12 20.48 31.21 41.32 50.09 55.26 56.55 54.99 49.98 39.34 26.29 11.85 2.77 0.00 0.00 0.00
0.00 0.00 0.00 0.00 0.00 0.00 0.00 2.93 11.14 18.81 27.58 36.05 43.53 46.36 47.64 45.99 41.05 32.48 21.59 9.95 2.57 0.00 0.00 0.00
0.00 0.00 0.00 0.00 0.00 0.00 0.00 5.69 60.18 112.30 174.32 230.87 275.83 299.19 301.91 283.50 241.54 188.92 131.93 73.38 28.26 0.00 0.00 0.00
0.00 0.00 0.00 0.00 0.00 0.00 0.00 5.42 57.24 106.82 165.82 219.61 262.37 284.59 287.18 269.67 229.76 179.70 125.49 69.80 26.88 0.00 0.00 0.00
0.00 0.00 0.00 0.00 0.00 0.00 0.00 10.42 110.08 205.42 318.88 422.33 504.57 547.30 552.27 518.60 441.84 345.58 241.33 134.24 51.70 0.00 0.00 0.00
0.00 0.00 0.00 0.00 0.00 0.00 0.00 10.24 108.25 202.00 313.56 415.29 496.16 538.18 543.06 509.96 434.48 339.82 237.31 132.00 50.84 0.00 0.00 0.00
0.00 0.00 0.00 0.00 0.00 0.00 0.00 22.09 128.66 229.75 342.51 452.37 537.45 579.35 591.53 560.56 489.13 391.81 268.97 153.92 60.31 0.00 0.00 0.00
0.00 0.00 0.00 0.00 0.00 0.00 0.00 0.30 1.12 1.89 2.85 3.76 4.43 4.95 4.98 4.76 4.17 3.28 2.18 0.90 0.16 0.00 0.00 0.00
0.00 0.00 0.00 0.00 0.00 0.00 0.00 1.50 5.68 9.57 14.44 19.06 22.47 25.09 25.22 24.11 21.13 16.64 11.05 4.58 0.82 0.00 0.00 0.00
0.00 0.00 0.00 0.00 0.00 0.00 0.00 7.68 29.01 48.85 73.72 97.30 114.71 128.07 128.76 123.08 107.85 84.97 56.40 23.39 4.19 0.00 0.00 0.00
0.00 0.00 0.00 0.00 0.00 0.00 0.00 0.39 4.11 7.67 11.90 15.77 18.84 20.43 20.62 19.36 16.50 12.90 9.01 5.01 1.93 0.00 0.00 0.00
0.00 0.00 0.00 0.00 0.00 0.00 0.00 15.00 91.88 164.56 249.96 329.91 394.95 429.08 437.61 413.85 361.43 289.65 197.58 110.77 41.44 0.00 0.00 0.00
0.00 0.00 0.00 0.00 0.00 0.00 0.00 0.78 4.74 8.49 13.59 19.54 24.83 28.55 30.15 28.97 25.44 20.26 13.97 6.68 2.01 0.00 0.00 0.00
0.00 0.00 0.00 0.00 0.00 0.00 0.00 13.46 52.55 89.26 129.12 166.36 193.19 206.65 209.07 198.17 171.61 138.06 95.48 46.82 16.53 0.00 0.00 0.00
0.00 0.00 0.00 0.00 0.00 0.00 0.00 0.25 1.53 2.74 4.17 5.50 6.58 7.15 7.29 6.90 6.02 4.83 3.29 1.85 0.69 0.00 0.00 0.00
0.00 0.00 0.00 0.00 0.00 0.00 0.00 11.25 68.91 123.42 187.47 247.43 296.21 321.81 328.21 310.39 271.07 217.24 148.18 83.07 31.08 0.00 0.00 0.00
0.00 0.00 0.00 0.00 0.00 0.00 0.00 14.44 88.43 158.39 240.58 317.53 380.14 412.99 421.20 398.33 347.87 278.79 190.17 106.61 39.88 0.00 0.00 0.00
0.00 0.00 0.00 0.00 0.00 0.00 0.00 29.14 169.67 302.99 451.68 596.56 708.76 764.02 780.08 739.24 645.03 516.69 354.71 202.99 79.54 0.00 0.00 0.00
0.00 0.00 0.00 0.00 0.00 0.00 0.00 0.63 2.81 4.83 7.38 10.12 12.41 13.75 13.98 13.50 12.25 9.63 6.52 2.95 0.71 0.00 0.00 0.00
0.00 0.00 0.00 0.00 0.00 0.00 0.00 0.81 3.51 6.02 9.15 12.47 15.51 17.21 17.69 17.02 15.53 12.10 8.09 3.65 0.87 0.00 0.00 0.00
0.00 0.00 0.00 0.00 0.00 0.00 0.00 3.23 19.57 35.03 56.06 80.62 102.43 117.77 124.35 119.50 104.93 83.58 57.62 27.55 8.30 0.00 0.00 0.00
0.00 0.00 0.00 0.00 0.00 0.00 0.00 23.00 128.93 230.11 334.13 442.62 526.50 569.80 581.35 561.52 501.70 403.20 289.43 190.91 85.73 0.00 0.00 0.00
0.00 0.00 0.00 0.00 0.00 0.00 0.00 0.27 0.99 1.65 2.44 3.33 4.00 4.40 4.52 4.31 3.88 3.05 2.04 0.91 0.20 0.00 0.00 0.00
0.00 0.00 0.00 0.00 0.00 0.00 0.00 4.96 24.46 42.87 63.35 83.05 98.15 106.35 107.87 101.61 88.44 71.25 50.30 27.07 9.91 0.00 0.00 0.00
0.00 0.00 0.00 0.00 0.00 0.00 0.00 0.04 6.99 13.64 21.58 29.17 34.63 38.04 37.91 34.89 29.59 23.53 16.77 9.82 3.96 0.00 0.00 0.00
0.00 0.00 0.00 0.00 0.00 0.00 0.00 1.00 2.80 4.49 6.55 8.46 9.72 10.12 10.27 9.82 7.67 5.99 3.98 1.94 0.46 0.00 0.00 0.00
0.00 0.00 0.00 0.00 0.00 0.00 0.00 0.50 1.40 2.24 3.28 4.23 4.86 5.06 5.14 4.91 3.84 2.99 1.99 0.97 0.23 0.00 0.00 0.00
0.00 0.00 0.00 0.00 0.00 0.00 0.00 1.09 3.06 4.91 7.17 9.26 10.63 11.07 11.24 10.74 8.39 6.55 4.35 2.12 0.51 0.00 0.00 0.00
0.00 0.00 0.00 0.00 0.00 0.00 0.00 1.26 3.61 5.80 8.50 11.01 12.63 13.28 13.56 13.15 10.53 8.13 5.49 2.57 0.60 0.00 0.00 0.00
0.00 0.00 0.00 0.00 0.00 0.00 0.00 1.92 5.51 8.83 12.95 16.77 19.24 20.23 20.67 20.04 16.04 12.39 8.36 3.91 0.92 0.00 0.00 0.00
0.00 0.00 0.00 0.00 0.00 0.00 0.00 1.72 5.05 8.13 11.89 14.99 17.32 18.43 18.68 17.71 14.86 11.63 7.80 3.60 0.90 0.00 0.00 0.00
0.00 0.00 0.00 0.00 0.00 0.00 0.00 1.34 4.51 7.48 10.62 13.57 15.70 16.54 16.42 15.34 12.94 10.21 7.05 2.24 0.75 0.00 0.00 0.00
0.00 0.00 0.00 0.00 0.00 0.00 0.00 3.47 11.65 19.31 27.42 35.07 40.55 42.74 42.41 39.63 33.44 26.39 18.21 5.78 1.94 0.00 0.00 0.00
0.00 0.00 0.00 0.00 0.00 0.00 0.00 0.79 2.88 4.83 6.92 8.93 10.34 10.98 11.11 10.36 8.21 6.50 4.49 1.94 0.65 0.00 0.00 0.00
0.00 0.00 0.00 0.00 0.00 0.00 0.00 1.40 4.63 7.64 11.39 14.97 17.68 19.26 19.87 18.87 16.98 13.19 8.84 3.80 0.78 0.00 0.00 0.00
0.00 0.00 0.00 0.00 0.00 0.00 0.00 2.62 8.23 13.47 19.42 25.61 31.00 33.49 33.89 32.32 28.82 22.32 14.67 6.45 1.47 0.00 0.00 0.00
0.00 0.00 0.00 0.00 0.00 0.00 0.00 0.43 1.21 1.96 2.81 3.56 4.04 4.35 4.35 4.12 3.60 2.75 1.80 0.70 0.07 0.00 0.00 0.00
0.00 0.00 0.00 0.00 0.00 0.00 0.00 2.10 6.66 10.88 15.88 20.50 23.65 25.53 25.59 24.26 20.87 16.19 10.65 4.20 0.58 0.00 0.00 0.00
0.00 0.00 0.00 0.00 0.00 0.00 0.00 1.51 4.52 7.36 10.80 13.89 15.85 17.12 17.15 16.10 13.64 10.59 6.90 2.67 0.31 0.00 0.00 0.00
0.00 0.00 0.00 0.00 0.00 0.00 0.00 2.08 6.24 10.16 14.91 19.17 21.87 23.63 23.66 22.21 18.82 14.61 9.52 3.68 0.43 0.00 0.00 0.00
0.00 0.00 0.00 0.00 0.00 0.00 0.00 1.42 4.25 6.92 10.16 13.05 14.89 16.10 16.12 15.13 12.82 9.95 6.48 2.51 0.30 0.00 0.00 0.00
0.00 0.00 0.00 0.00 0.00 0.00 0.00 1.12 3.55 5.80 8.47 10.93 12.61 13.62 13.65 12.94 11.13 8.63 5.68 2.24 0.31 0.00 0.00 0.00
0.00 0.00 0.00 0.00 0.00 0.00 0.00 1.18 3.45 5.62 8.23 10.43 11.98 13.04 13.03 11.97 10.12 7.66 4.88 1.81 0.17 0.00 0.00 0.00
0.00 0.00 0.00 0.00 0.00 0.00 0.00 0.85 3.22 5.41 8.17 10.78 12.71 14.19 14.27 13.64 11.95 9.42 6.25 2.59 0.46 0.00 0.00 0.00
0.00 0.00 0.00 0.00 0.00 0.00 0.00 4.21 29.37 52.89 80.59 104.92 122.88 130.04 132.57 127.77 116.51 90.53 58.53 25.25 5.33 0.00 0.00 0.00
0.00 0.00 0.00 0.00 0.00 0.00 0.00 1.07 4.34 7.40 11.40 15.47 18.82 20.93 21.83 20.91 18.89 14.89 9.91 4.50 1.08 0.00 0.00 0.00
0.00 0.00 0.00 0.00 0.00 0.00 0.00 1.79 6.50 10.88 16.96 23.22 27.56 30.91 31.10 29.65 26.99 21.03 13.99 6.06 1.29 0.00 0.00 0.00
0.00 0.00 0.00 0.00 0.00 0.00 0.00 0.82 2.98 4.99 7.77 10.64 12.63 14.17 14.25 13.59 12.37 9.64 6.41 2.78 0.59 0.00 0.00 0.00
0.00 0.00 0.00 0.00 0.00 0.00 0.00 1.35 5.40 9.21 14.12 19.06 23.26 25.73 26.82 25.73 23.21 18.31 12.22 5.55 1.33 0.00 0.00 0.00
0.00 0.00 0.00 0.00 0.00 0.00 0.00 0.67 2.39 4.01 5.94 8.08 9.71 10.68 10.98 10.47 9.43 7.41 4.96 2.21 0.50 0.00 0.00 0.00
0.00 0.00 0.00 0.00 0.00 0.00 0.00 3.35 20.26 36.26 58.05 83.47 106.05 121.93 128.75 123.73 108.64 86.53 59.65 28.53 8.59 0.00 0.00 0.00
0.00 0.00 0.00 0.00 0.00 0.00 0.00 3.22 12.57 21.35 30.88 39.78 46.20 49.42 50.00 47.39 41.04 33.01 22.83 11.20 3.95 0.00 0.00 0.00
0.00 0.00 0.00 0.00 0.00 0.00 0.00 0.67 2.74 4.68 6.87 8.87 10.31 11.03 11.26 10.55 9.00 7.17 4.96 2.26 0.79 0.00 0.00 0.00
0.00 0.00 0.00 0.00 0.00 0.00 0.00 0.77 3.24 5.57 8.06 10.57 12.58 13.70 13.71 12.85 10.20 8.04 5.55 2.60 0.87 0.00 0.00 0.00
0.00 0.00 0.00 0.00 0.00 0.00 0.00 1.22 5.19 8.91 12.90 16.91 20.12 21.91 21.93 20.56 16.31 12.86 8.87 4.16 1.40 0.00 0.00 0.00
0.00 0.00 0.00 0.00 0.00 0.00 0.00 10.59 111.92 208.85 324.19 429.37 512.98 556.42 561.47 527.25 449.20 351.34 245.35 136.47 52.56 0.00 0.00 0.00
