0.00 0.00 0.00 0.00 0.00 0.00 0.00 0.00 0.06 0.99 2.06 2.97 3.72 4.12 4.19 3.96 3.27 2.28 1.24 0.01 0.00 0.00 0.00 0.00
0.00 0.00 0.00 0.00 0.00 0.00 0.00 0.00 5.44 18.42 33.69 46.60 54.06 59.22 57.64 52.07 31.79 21.15 10.29 0.00 0.00 0.00 0.00 0.00
0.00 0.00 0.00 0.00 0.00 0.00 0.00 0.00 1.32 22.60 47.10 67.97 85.02 94.13 95.75 90.46 74.73 52.04 28.37 0.25 0.00 0.00 0.00 0.00
0.00 0.00 0.00 0.00 0.00 0.00 0.00 0.00 4.68 80.31 167.40 241.57 302.16 334.52 340.29 321.50 265.60 184.95 100.82 0.90 0.00 0.00 0.00 0.00
0.00 0.00 0.00 0.00 0.00 0.00 0.00 0.00 0.75 2.11 4.14 5.51 6.27 5.94 5.68 4.96 7.19 4.59 1.94 0.00 0.00 0.00 0.00 0.00
0.00 0.00 0.00 0.00 0.00 0.00 0.00 0.00 2.90 170.56 366.52 529.76 666.21 766.71 793.12 755.65 625.25 438.32 246.63 8.41 0.00 0.00 0.00 0.00
0.00 0.00 0.00 0.00 0.00 0.00 0.00 0.00 0.59 2.26 4.15 5.79 6.90 7.60 7.61 6.94 5.52 3.53 1.59 0.00 0.00 0.00 0.00 0.00
0.00 0.00 0.00 0.00 0.00 0.00 0.00 0.00 0.23 0.79 1.89 2.59 2.94 4.00 3.91 3.57 2.80 1.87 0.90 0.00 0.00 0.00 0.00 0.00
0.00 0.00 0.00 0.00 0.00 0.00 0.00 0.00 0.37 1.27 3.02 4.15 4.70 6.40 6.25 5.71 4.49 2.99 1.44 0.00 0.00 0.00 0.00 0.00
0.00 0.00 0.00 0.00 0.00 0.00 0.00 0.00 0.37 1.27 3.02 4.15 4.70 6.40 6.25 5.71 4.49 2.99 1.44 0.00 0.00 0.00 0.00 0.00
0.00 0.00 0.00 0.00 0.00 0.00 0.00 0.00 0.81 3.34 7.92 11.42 13.60 15.99 15.72 14.69 12.43 8.38 4.18 0.00 0.00 0.00 0.00 0.00
0.00 0.00 0.00 0.00 0.00 0.00 0.00 0.00 0.35 1.43 3.64 5.26 6.18 7.51 7.40 6.97 5.87 3.94 1.96 0.00 0.00 0.00 0.00 0.00
0.00 0.00 0.00 0.00 0.00 0.00 0.00 0.00 0.45 1.84 4.68 6.76 7.95 9.65 9.52 8.97 7.54 5.06 2.52 0.00 0.00 0.00 0.00 0.00
0.00 0.00 0.00 0.00 0.00 0.00 0.00 0.00 0.30 1.23 3.12 4.51 5.30 6.43 6.35 5.98 5.03 3.38 1.68 0.00 0.00 0.00 0.00 0.00
0.00 0.00 0.00 0.00 0.00 0.00 0.00 0.00 0.30 1.23 3.12 4.51 5.30 6.43 6.35 5.98 5.03 3.38 1.68 0.00 0.00 0.00 0.00 0.00
0.00 0.00 0.00 0.00 0.00 0.00 0.00 0.00 6.21 25.95 48.58 69.60 81.94 88.88 88.61 81.89 67.74 46.12 24.32 0.00 0.00 0.00 0.00 0.00
0.00 0.00 0.00 0.00 0.00 0.00 0.00 0.00 2.51 9.99 24.33 34.78 40.99 47.75 47.51 43.81 36.99 25.00 12.27 0.00 0.00 0.00 0.00 0.00
0.00 0.00 0.00 0.00 0.00 0.00 0.00 0.00 2.38 10.34 20.29 28.83 35.06 40.66 40.55 37.84 31.50 21.31 10.53 0.00 0.00 0.00 0.00 0.00
0.00 0.00 0.00 0.00 0.00 0.00 0.00 0.00 0.85 50.31 108.11 156.26 196.51 226.15 233.94 222.89 184.43 129.29 72.75 2.48 0.00 0.00 0.00 0.00
0.00 0.00 0.00 0.00 0.00 0.00 0.00 0.00 0.81 47.85 102.84 148.64 186.92 215.12 222.53 212.02 175.43 122.98 69.20 2.36 0.00 0.00 0.00 0.00
0.00 0.00 0.00 0.00 0.00 0.00 0.00 0.00 1.56 92.03 197.77 285.84 359.46 413.69 427.94 407.73 337.37 236.50 133.08 4.54 0.00 0.00 0.00 0.00
0.00 0.00 0.00 0.00 0.00 0.00 0.00 0.00 1.54 90.49 194.47 281.08 353.47 406.80 420.81 400.93 331.74 232.56 130.86 4.46 0.00 0.00 0.00 0.00
0.00 0.00 0.00 0.00 0.00 0.00 0.00 0.00 2.91 101.56 215.42 307.73 390.55 436.83 447.66 418.99 345.78 240.26 131.21 0.81 0.00 0.00 0.00 0.00
0.00 0.00 0.00 0.00 0.00 0.00 0.00 0.00 0.23 0.79 1.89 2.59 2.94 4.00 3.91 3.57 2.80 1.87 0.90 0.00 0.00 0.00 0.00 0.00
0.00 0.00 0.00 0.00 0.00 0.00 0.00 0.00 1.16 4.02 9.56 13.14 14.90 20.27 19.80 18.09 14.21 9.46 4.56 0.00 0.00 0.00 0.00 0.00
0.00 0.00 0.00 0.00 0.00 0.00 0.00 0.00 5.92 20.52 48.83 67.07 76.04 103.49 101.06 92.37 72.54 48.27 23.28 0.00 0.00 0.00 0.00 0.00
0.00 0.00 0.00 0.00 0.00 0.00 0.00 0.00 0.06 3.44 7.38 10.67 13.42 15.44 15.98 15.22 12.60 8.83 4.97 0.17 0.00 0.00 0.00 0.00
0.00 0.00 0.00 0.00 0.00 0.00 0.00 0.00 4.60 79.06 164.79 237.80 297.45 329.31 334.99 316.49 261.46 182.07 99.25 0.88 0.00 0.00 0.00 0.00
0.00 0.00 0.00 0.00 0.00 0.00 0.00 0.00 0.92 5.69 11.49 17.15 21.92 24.65 25.96 25.03 20.21 14.37 7.66 0.00 0.00 0.00 0.00 0.00
0.00 0.00 0.00 0.00 0.00 0.00 0.00 0.00 5.42 43.21 86.04 122.27 146.61 163.28 168.59 155.29 126.40 84.00 42.87 0.00 0.00 0.00 0.00 0.00
0.00 0.00 0.00 0.00 0.00 0.00 0.00 0.00 0.08 1.32 2.75 3.96 4.96 5.49 5.58 5.27 4.36 3.03 1.65 0.01 0.00 0.00 0.00 0.00
0.00 0.00 0.00 0.00 0.00 0.00 0.00 0.00 3.45 59.29 123.59 178.35 223.09 246.98 251.24 237.37 196.09 136.55 74.44 0.66 0.00 0.00 0.00 0.00
0.00 0.00 0.00 0.00 0.00 0.00 0.00 0.00 4.43 76.09 158.61 228.88 286.29 316.96 322.43 304.63 251.65 175.24 95.53 0.85 0.00 0.00 0.00 0.00
0.00 0.00 0.00 0.00 0.00 0.00 0.00 0.00 3.84 133.94 284.08 405.82 515.04 576.06 590.35 552.55 456.00 316.85 173.03 1.07 0.00 0.00 0.00 0.00
0.00 0.00 0.00 0.00 0.00 0.00 0.00 0.00 0.71 2.98 5.89 8.47 10.07 11.91 11.71 10.72 9.18 6.29 3.19 0.00 0.00 0.00 0.00 0.00
0.00 0.00 0.00 0.00 0.00 0.00 0.00 0.00 0.85 3.56 7.17 10.26 12.31 14.82 14.52 13.60 11.50 7.86 3.97 0.00 0.00 0.00 0.00 0.00
0.00 0.00 0.00 0.00 0.00 0.00 0.00 0.00 3.80 23.49 47.39 70.74 90.41 101.67 107.10 103.26 83.38 59.26 31.61 0.00 0.00 0.00 0.00 0.00
0.00 0.00 0.00 0.00 0.00 0.00 0.00 0.00 0.00 90.26 208.57 304.75 384.66 432.11 446.35 416.51 342.08 241.12 134.18 3.42 0.00 0.00 0.00 0.00
0.00 0.00 0.00 0.00 0.00 0.00 0.00 0.00 0.21 0.80 1.98 2.72 3.23 3.78 3.73 3.40 2.84 1.90 0.92 0.00 0.00 0.00 0.00 0.00
0.00 0.00 0.00 0.00 0.00 0.00 0.00 0.00 1.72 20.35 41.88 60.22 74.55 83.28 85.37 79.01 64.25 44.22 23.53 0.00 0.00 0.00 0.00 0.00
0.00 0.00 0.00 0.00 0.00 0.00 0.00 0.00 0.00 6.43 14.16 20.93 25.82 29.30 30.20 28.34 23.20 16.48 9.62 0.64 0.00 0.00 0.00 0.00
0.00 0.00 0.00 0.00 0.00 0.00 0.00 0.00 0.73 2.67 4.86 6.82 8.23 8.91 8.68 7.95 6.20 3.98 1.76 0.00 0.00 0.00 0.00 0.00
0.00 0.00 0.00 0.00 0.00 0.00 0.00 0.00 0.37 1.34 2.43 3.41 4.11 4.46 4.34 3.97 3.10 1.99 0.88 0.00 0.00 0.00 0.00 0.00
0.00 0.00 0.00 0.00 0.00 0.00 0.00 0.00 0.80 2.93 5.32 7.46 9.00 9.75 9.50 8.69 6.79 4.36 1.92 0.00 0.00 0.00 0.00 0.00
0.00 0.00 0.00 0.00 0.00 0.00 0.00 0.00 0.96 3.50 6.40 8.86 10.61 11.59 11.45 10.48 8.23 5.27 2.35 0.00 0.00 0.00 0.00 0.00
0.00 0.00 0.00 0.00 0.00 0.00 0.00 0.00 1.47 5.33 9.76 13.49 16.17 17.66 17.45 15.97 12.54 8.02 3.58 0.00 0.00 0.00 0.00 0.00
0.00 0.00 0.00 0.00 0.00 0.00 0.00 0.00 1.19 4.58 8.45 11.65 14.02 15.50 15.57 14.20 11.13 7.24 3.28 0.00 0.00 0.00 0.00 0.00
0.00 0.00 0.00 0.00 0.00 0.00 0.00 0.00 0.60 3.64 7.05 9.83 11.70 12.68 12.87 11.86 9.40 6.27 3.08 0.00 0.00 0.00 0.00 0.00
0.00 0.00 0.00 0.00 0.00 0.00 0.00 0.00 1.54 9.39 18.21 25.39 30.22 32.76 33.24 30.63 24.30 16.19 7.96 0.00 0.00 0.00 0.00 0.00
0.00 0.00 0.00 0.00 0.00 0.00 0.00 0.00 0.38 2.40 4.70 6.53 7.91 8.74 8.94 8.13 6.63 4.35 2.18 0.00 0.00 0.00 0.00 0.00
0.00 0.00 0.00 0.00 0.00 0.00 0.00 0.00 0.92 3.27 8.17 11.34 13.18 16.57 16.50 14.95 12.18 8.02 3.76 0.00 0.00 0.00 0.00 0.00
0.00 0.00 0.00 0.00 0.00 0.00 0.00 0.00 2.15 8.00 15.26 21.09 25.11 28.86 29.44 26.90 21.57 13.92 6.45 0.00 0.00 0.00 0.00 0.00
0.00 0.00 0.00 0.00 0.00 0.00 0.00 0.00 0.22 0.63 1.19 1.60 1.79 2.70 2.63 2.33 2.39 1.55 0.66 0.00 0.00 0.00 0.00 0.00
0.00 0.00 0.00 0.00 0.00 0.00 0.00 0.00 1.17 3.61 6.72 9.10 10.38 17.00 16.29 14.56 14.48 9.53 4.31 0.00 0.00 0.00 0.00 0.00
0.00 0.00 0.00 0.00 0.00 0.00 0.00 0.00 0.90 2.64 4.62 6.20 6.94 9.44 9.19 8.14 9.37 5.99 2.63 0.00 0.00 0.00 0.00 0.00
0.00 0.00 0.00 0.00 0.00 0.00 0.00 0.00 1.24 3.65 6.38 8.56 9.58 13.02 12.68 11.23 12.93 8.26 3.63 0.00 0.00 0.00 0.00 0.00
0.00 0.00 0.00 0.00 0.00 0.00 0.00 0.00 0.84 2.49 4.34 5.83 6.53 8.87 8.64 7.65 8.81 5.63 2.47 0.00 0.00 0.00 0.00 0.00
0.00 0.00 0.00 0.00 0.00 0.00 0.00 0.00 0.63 1.93 3.58 4.85 5.53 9.07 8.69 7.76 7.72 5.09 2.30 0.00 0.00 0.00 0.00 0.00
0.00 0.00 0.00 0.00 0.00 0.00 0.00 0.00 0.63 1.80 3.45 4.65 5.29 5.42 5.27 4.66 6.44 4.06 1.74 0.00 0.00 0.00 0.00 0.00
0.00 0.00 0.00 0.00 0.00 0.00 0.00 0.00 0.66 2.27 5.41 7.43 8.43 11.47 11.20 10.24 8.04 5.35 2.58 0.00 0.00 0.00 0.00 0.00
0.00 0.00 0.00 0.00 0.00 0.00 0.00 0.00 8.08 33.77 63.24 90.59 106.65 115.68 115.33 106.58 88.18 60.02 31.66 0.00 0.00 0.00 0.00 0.00
0.00 0.00 0.00 0.00 0.00 0.00 0.00 0.00 0.92 3.78 8.97 12.94 15.41 18.12 17.82 16.64 14.09 9.50 4.73 0.00 0.00 0.00 0.00 0.00
0.00 0.00 0.00 0.00 0.00 0.00 0.00 0.00 0.94 3.50 10.32 14.26 16.74 25.93 25.87 23.96 19.89 13.44 6.50 0.00 0.00 0.00 0.00 0.00
0.00 0.00 0.00 0.00 0.00 0.00 0.00 0.00 0.43 1.60 4.73 6.54 7.67 11.89 11.86 10.98 9.11 6.16 2.98 0.00 0.00 0.00 0.00 0.00
0.00 0.00 0.00 0.00 0.00 0.00 0.00 0.00 1.18 4.87 11.06 15.91 18.97 22.31 21.99 20.44 17.26 11.75 5.84 0.00 0.00 0.00 0.00 0.00
0.00 0.00 0.00 0.00 0.00 0.00 0.00 0.00 0.51 1.95 4.80 6.62 7.84 9.19 9.05 8.27 6.91 4.61 2.23 0.00 0.00 0.00 0.00 0.00
0.00 0.00 0.00 0.00 0.00 0.00 0.00 0.00 3.94 24.32 49.07 73.24 93.61 105.26 110.89 106.91 86.32 61.35 32.73 0.00 0.00 0.00 0.00 0.00
0.00 0.00 0.00 0.00 0.00 0.00 0.00 0.00 1.30 10.33 20.58 29.24 35.06 39.05 40.31 37.13 30.23 20.09 10.25 0.00 0.00 0.00 0.00 0.00
0.00 0.00 0.00 0.00 0.00 0.00 0.00 0.00 0.29 2.31 4.59 6.56 7.92 8.86 9.00 8.26 6.69 4.56 2.34 0.00 0.00 0.00 0.00 0.00
0.00 0.00 0.00 0.00 0.00 0.00 0.00 0.00 0.40 2.82 5.56 7.87 9.64 10.91 11.01 10.11 8.37 5.74 2.95 0.00 0.00 0.00 0.00 0.00
0.00 0.00 0.00 0.00 0.00 0.00 0.00 0.00 0.64 4.52 8.90 12.60 15.43 17.46 17.62 16.18 13.39 9.18 4.73 0.00 0.00 0.00 0.00 0.00
0.00 0.00 0.00 0.00 0.00 0.00 0.00 0.00 1.59 93.56 201.06 290.61 365.46 420.59 435.08 414.52 342.99 240.44 135.29 4.61 0.00 0.00 0.00 0.00
