0.00 0.00 0.00 0.00 0.00 0.00 0.00 0.00 0.90 1.82 2.52 3.34 3.93 5.09 5.25 5.06 4.57 3.75 2.67 1.38 0.56 0.00 0.00 0.00
0.00 0.00 0.00 0.00 0.00 0.00 0.00 1.45 18.45 34.60 47.16 61.44 71.34 71.08 72.31 68.76 69.44 54.66 36.68 16.36 3.58 0.00 0.00 0.00
0.00 0.00 0.00 0.00 0.00 0.00 0.00 0.00 20.65 41.72 57.52 76.37 89.82 116.47 120.08 115.61 104.52 85.81 60.97 31.58 12.81 0.00 0.00 0.00
0.00 0.00 0.00 0.00 0.00 0.00 0.00 0.00 73.37 148.27 204.41 271.43 319.23 413.91 426.75 410.87 371.45 304.96 216.70 112.23 45.54 0.00 0.00 0.00
0.00 0.00 0.00 0.00 0.00 0.00 0.00 0.77 3.37 5.82 7.87 9.90 11.24 10.75 10.78 10.16 9.54 7.42 4.83 1.06 0.16 0.00 0.00 0.00
0.00 0.00 0.00 0.00 0.00 0.00 0.00 0.00 147.95 314.76 508.59 678.18 799.32 879.65 910.71 899.78 851.01 700.17 507.35 286.95 119.38 0.00 0.00 0.00
0.00 0.00 0.00 0.00 0.00 0.00 0.00 0.47 2.23 3.89 6.07 7.70 8.85 9.33 9.33 8.93 7.93 6.36 4.35 2.10 0.61 0.00 0.00 0.00
0.00 0.00 0.00 0.00 0.00 0.00 0.00 0.12 1.12 2.06 2.78 3.64 4.23 5.02 5.05 4.76 4.42 3.54 2.37 1.09 0.26 0.00 0.00 0.00
0.00 0.00 0.00 0.00 0.00 0.00 0.00 0.19 1.79 3.30 4.44 5.83 6.76 8.04 8.07 7.61 7.07 5.66 3.79 1.74 0.41 0.00 0.00 0.00
0.00 0.00 0.00 0.00 0.00 0.00 0.00 0.19 1.79 3.30 4.44 5.83 6.76 8.04 8.07 7.61 7.07 5.66 3.79 1.74 0.41 0.00 0.00 0.00
0.00 0.00 0.00 0.00 0.00 0.00 0.00 0.34 4.15 7.76 12.33 16.48 19.20 21.13 21.31 20.17 18.09 14.25 9.63 4.81 1.38 0.00 0.00 0.00
0.00 0.00 0.00 0.00 0.00 0.00 0.00 0.16 1.95 3.64 5.82 7.72 9.00 10.00 10.15 9.61 8.62 6.80 4.56 2.25 0.64 0.00 0.00 0.00
0.00 0.00 0.00 0.00 0.00 0.00 0.00 0.20 2.50 4.68 7.48 9.93 11.57 12.86 13.06 12.36 11.08 8.74 5.86 2.89 0.82 0.00 0.00 0.00
0.00 0.00 0.00 0.00 0.00 0.00 0.00 0.14 1.67 3.12 4.99 6.62 7.71 8.57 8.70 8.24 7.39 5.83 3.91 1.93 0.55 0.00 0.00 0.00
0.00 0.00 0.00 0.00 0.00 0.00 0.00 0.14 1.67 3.12 4.99 6.62 7.71 8.57 8.70 8.24 7.39 5.83 3.91 1.93 0.55 0.00 0.00 0.00
0.00 0.00 0.00 0.00 0.00 0.00 0.00 0.00 20.26 41.00 65.27 85.29 99.49 112.08 113.73 108.21 98.99 76.82 52.67 25.38 6.78 0.00 0.00 0.00
0.00 0.00 0.00 0.00 0.00 0.00 0.00 1.36 12.94 23.93 37.85 50.18 59.05 63.93 63.31 59.06 53.47 42.19 28.60 14.01 3.94 0.00 0.00 0.00
0.00 0.00 0.00 0.00 0.00 0.00 0.00 1.17 11.32 20.98 31.77 41.64 48.97 53.02 52.63 48.86 44.35 35.25 23.84 10.77 3.25 0.00 0.00 0.00
0.00 0.00 0.00 0.00 0.00 0.00 0.00 0.00 43.64 92.84 150.02 200.04 235.77 259.47 268.63 265.40 251.02 206.52 149.65 84.64 35.21 0.00 0.00 0.00
0.00 0.00 0.00 0.00 0.00 0.00 0.00 0.00 41.51 88.31 142.70 190.28 224.27 246.81 255.52 252.46 238.77 196.45 142.35 80.51 33.50 0.00 0.00 0.00
0.00 0.00 0.00 0.00 0.00 0.00 0.00 0.00 79.83 169.83 274.42 365.92 431.29 474.63 491.39 485.49 459.18 377.79 273.75 154.83 64.41 0.00 0.00 0.00
0.00 0.00 0.00 0.00 0.00 0.00 0.00 0.00 78.50 167.00 269.84 359.82 424.10 466.72 483.20 477.40 451.53 371.49 269.19 152.25 63.34 0.00 0.00 0.00
0.00 0.00 0.00 0.00 0.00 0.00 0.00 0.00 95.57 192.43 262.33 352.08 419.41 535.43 551.55 534.34 485.64 398.07 286.40 144.60 60.94 0.00 0.00 0.00
0.00 0.00 0.00 0.00 0.00 0.00 0.00 0.12 1.12 2.06 2.78 3.64 4.23 5.02 5.05 4.76 4.42 3.54 2.37 1.09 0.26 0.00 0.00 0.00
0.00 0.00 0.00 0.00 0.00 0.00 0.00 0.62 5.68 10.44 14.07 18.45 21.41 25.45 25.57 24.10 22.40 17.93 11.99 5.50 1.30 0.00 0.00 0.00
0.00 0.00 0.00 0.00 0.00 0.00 0.00 3.15 28.99 53.30 71.85 94.21 109.30 129.92 130.53 123.05 114.35 91.54 61.22 28.08 6.62 0.00 0.00 0.00
0.00 0.00 0.00 0.00 0.00 0.00 0.00 0.00 2.98 6.34 10.24 13.66 16.10 17.72 18.35 18.13 17.14 14.10 10.22 5.78 2.40 0.00 0.00 0.00
0.00 0.00 0.00 0.00 0.00 0.00 0.00 0.00 72.23 145.96 201.22 267.20 314.25 407.46 420.10 404.46 365.66 300.21 213.32 110.48 44.83 0.00 0.00 0.00
0.00 0.00 0.00 0.00 0.00 0.00 0.00 0.00 5.55 11.12 17.97 24.78 29.93 32.98 33.05 31.45 28.68 23.09 15.87 9.13 3.12 0.00 0.00 0.00
0.00 0.00 0.00 0.00 0.00 0.00 0.00 3.59 41.64 78.20 123.66 162.04 189.32 200.66 204.05 192.66 175.75 144.00 102.37 54.16 20.81 0.00 0.00 0.00
0.00 0.00 0.00 0.00 0.00 0.00 0.00 0.00 1.20 2.43 3.35 4.45 5.24 6.79 7.00 6.74 6.09 5.00 3.56 1.84 0.75 0.00 0.00 0.00
0.00 0.00 0.00 0.00 0.00 0.00 0.00 0.00 54.17 109.47 150.92 200.40 235.69 305.60 315.07 303.35 274.25 225.16 159.99 82.86 33.62 0.00 0.00 0.00
0.00 0.00 0.00 0.00 0.00 0.00 0.00 0.00 69.52 140.49 193.68 257.18 302.47 392.18 404.34 389.30 351.95 288.95 205.32 106.34 43.15 0.00 0.00 0.00
0.00 0.00 0.00 0.00 0.00 0.00 0.00 0.00 126.03 253.77 345.94 464.31 553.10 706.09 727.36 704.66 640.44 524.96 377.69 190.69 80.36 0.00 0.00 0.00
0.00 0.00 0.00 0.00 0.00 0.00 0.00 0.15 2.96 5.63 9.10 12.02 14.23 15.73 15.81 14.70 13.53 10.75 7.27 3.61 1.04 0.00 0.00 0.00
0.00 0.00 0.00 0.00 0.00 0.00 0.00 0.21 3.71 7.03 11.46 15.16 17.75 19.68 19.79 18.53 16.88 13.38 9.10 4.51 1.29 0.00 0.00 0.00
0.00 0.00 0.00 0.00 0.00 0.00 0.00 0.00 22.89 45.87 74.13 102.22 123.44 136.06 136.35 129.74 118.30 95.27 65.44 37.64 12.88 0.00 0.00 0.00
0.00 0.00 0.00 0.00 0.00 0.00 0.00 0.00 96.11 193.49 300.46 409.53 495.89 547.96 561.53 537.47 488.48 403.15 289.66 167.88 79.16 0.00 0.00 0.00
0.00 0.00 0.00 0.00 0.00 0.00 0.00 0.13 1.06 1.94 2.98 3.94 4.62 5.07 5.03 4.65 4.17 3.29 2.23 1.06 0.29 0.00 0.00 0.00
0.00 0.00 0.00 0.00 0.00 0.00 0.00 0.15 19.37 38.02 56.34 75.14 87.84 101.38 103.42 98.77 90.60 74.47 52.56 28.67 11.41 0.00 0.00 0.00
0.00 0.00 0.00 0.00 0.00 0.00 0.00 0.00 4.82 10.96 17.91 24.51 29.25 31.98 32.78 31.70 28.99 23.90 17.34 10.19 4.42 0.00 0.00 0.00
0.00 0.00 0.00 0.00 0.00 0.00 0.00 0.54 2.35 4.06 6.80 8.68 9.85 10.75 10.63 10.13 9.15 7.22 4.99 2.34 0.66 0.00 0.00 0.00
0.00 0.00 0.00 0.00 0.00 0.00 0.00 0.27 1.17 2.03 3.40 4.34 4.92 5.37 5.31 5.06 4.57 3.61 2.49 1.17 0.33 0.00 0.00 0.00
0.00 0.00 0.00 0.00 0.00 0.00 0.00 0.59 2.57 4.44 7.44 9.49 10.77 11.76 11.62 11.08 10.00 7.89 5.46 2.56 0.72 0.00 0.00 0.00
0.00 0.00 0.00 0.00 0.00 0.00 0.00 0.68 3.07 5.35 8.87 11.32 12.94 14.02 13.80 13.14 11.26 9.01 6.15 2.84 0.79 0.00 0.00 0.00
0.00 0.00 0.00 0.00 0.00 0.00 0.00 1.03 4.68 8.15 13.51 17.25 19.71 21.37 21.03 20.03 17.15 13.73 9.38 4.32 1.20 0.00 0.00 0.00
0.00 0.00 0.00 0.00 0.00 0.00 0.00 0.97 4.65 8.13 12.45 15.65 18.05 19.01 19.08 18.11 15.93 12.59 8.73 4.30 1.26 0.00 0.00 0.00
0.00 0.00 0.00 0.00 0.00 0.00 0.00 0.52 3.54 6.43 9.92 13.12 15.32 16.22 16.23 15.51 13.96 11.23 7.88 4.24 1.56 0.00 0.00 0.00
0.00 0.00 0.00 0.00 0.00 0.00 0.00 1.34 9.15 16.62 25.63 33.90 39.57 41.89 41.94 40.08 36.07 29.00 20.35 10.96 4.03 0.00 0.00 0.00
0.00 0.00 0.00 0.00 0.00 0.00 0.00 0.26 2.35 4.34 6.83 8.95 10.46 11.06 11.00 10.39 9.49 7.61 5.36 2.91 1.06 0.00 0.00 0.00
0.00 0.00 0.00 0.00 0.00 0.00 0.00 0.77 4.80 8.59 13.20 17.21 19.83 21.86 21.73 20.27 17.69 14.16 9.62 4.38 1.12 0.00 0.00 0.00
0.00 0.00 0.00 0.00 0.00 0.00 0.00 1.07 5.95 10.62 17.69 22.78 26.22 31.63 32.03 30.02 25.80 20.20 13.59 6.60 1.81 0.00 0.00 0.00
0.00 0.00 0.00 0.00 0.00 0.00 0.00 0.20 0.86 1.48 2.22 2.77 3.10 3.58 3.54 3.28 2.97 2.34 1.58 0.36 0.06 0.00 0.00 0.00
0.00 0.00 0.00 0.00 0.00 0.00 0.00 1.15 6.35 11.24 16.60 21.18 23.94 21.66 21.37 20.09 16.73 13.38 9.04 4.72 0.93 0.00 0.00 0.00
0.00 0.00 0.00 0.00 0.00 0.00 0.00 0.90 4.38 7.64 10.97 13.83 15.50 15.79 15.45 14.82 11.25 8.95 6.03 1.81 0.33 0.00 0.00 0.00
0.00 0.00 0.00 0.00 0.00 0.00 0.00 1.24 6.04 10.54 15.13 19.09 21.39 21.79 21.32 20.45 15.53 12.36 8.32 2.50 0.45 0.00 0.00 0.00
0.00 0.00 0.00 0.00 0.00 0.00 0.00 0.84 4.11 7.18 10.31 13.00 14.57 14.84 14.52 13.93 10.58 8.42 5.67 1.71 0.31 0.00 0.00 0.00
0.00 0.00 0.00 0.00 0.00 0.00 0.00 0.61 3.39 5.99 8.85 11.30 12.77 11.55 11.40 10.72 8.92 7.14 4.82 2.52 0.50 0.00 0.00 0.00
0.00 0.00 0.00 0.00 0.00 0.00 0.00 0.68 3.09 5.35 7.58 9.54 10.78 10.18 10.26 9.77 9.10 7.13 4.65 1.10 0.17 0.00 0.00 0.00
0.00 0.00 0.00 0.00 0.00 0.00 0.00 0.35 3.21 5.91 7.96 10.44 12.11 14.40 14.47 13.64 12.67 10.14 6.78 3.11 0.73 0.00 0.00 0.00
0.00 0.00 0.00 0.00 0.00 0.00 0.00 0.00 26.37 53.37 84.96 111.01 129.50 145.89 148.03 140.85 128.85 99.99 68.56 33.03 8.82 0.00 0.00 0.00
0.00 0.00 0.00 0.00 0.00 0.00 0.00 0.38 4.70 8.80 13.97 18.68 21.76 23.95 24.15 22.86 20.50 16.14 10.91 5.45 1.56 0.00 0.00 0.00
0.00 0.00 0.00 0.00 0.00 0.00 0.00 0.88 7.36 13.46 20.59 27.01 31.65 35.69 35.40 33.09 29.95 23.31 15.71 7.24 1.91 0.00 0.00 0.00
0.00 0.00 0.00 0.00 0.00 0.00 0.00 0.41 3.37 6.17 9.44 12.38 14.51 16.36 16.22 15.17 13.73 10.68 7.20 3.32 0.88 0.00 0.00 0.00
0.00 0.00 0.00 0.00 0.00 0.00 0.00 0.50 5.90 11.03 17.32 23.13 27.00 29.47 29.67 28.00 25.13 19.82 13.38 6.71 1.93 0.00 0.00 0.00
0.00 0.00 0.00 0.00 0.00 0.00 0.00 0.32 2.58 4.72 7.24 9.58 11.21 12.30 12.22 11.29 10.12 7.98 5.42 2.58 0.70 0.00 0.00 0.00
0.00 0.00 0.00 0.00 0.00 0.00 0.00 0.00 23.70 47.50 76.75 105.83 127.81 140.87 141.17 134.33 122.49 98.63 67.76 38.97 13.34 0.00 0.00 0.00
0.00 0.00 0.00 0.00 0.00 0.00 0.00 0.86 9.96 18.70 29.57 38.75 45.27 47.98 48.79 46.07 42.03 34.43 24.48 12.95 4.98 0.00 0.00 0.00
0.00 0.00 0.00 0.00 0.00 0.00 0.00 0.16 2.23 4.22 6.66 8.72 10.23 10.89 11.01 10.38 9.30 7.51 5.33 3.00 1.14 0.00 0.00 0.00
0.00 0.00 0.00 0.00 0.00 0.00 0.00 0.17 2.86 5.45 8.36 10.95 12.73 13.54 13.56 12.94 11.82 9.69 6.91 3.95 1.46 0.00 0.00 0.00
0.00 0.00 0.00 0.00 0.00 0.00 0.00 0.27 4.58 8.72 13.37 17.53 20.37 21.66 21.70 20.70 18.92 15.50 11.05 6.32 2.34 0.00 0.00 0.00
0.00 0.00 0.00 0.00 0.00 0.00 0.00 0.00 81.16 172.66 278.99 372.02 438.47 482.54 499.58 493.58 466.83 384.08 278.31 157.41 65.49 0.00 0.00 0.00
