0.00 0.00 0.00 0.00 0.00 0.00 0.00 0.24 1.09 1.92 2.85 3.75 4.52 5.09 5.23 4.92 3.87 3.15 2.28 1.01 0.46 0.00 0.00 0.00
0.00 0.00 0.00 0.00 0.00 0.00 0.00 6.00 21.88 36.91 50.53 65.40 76.34 87.67 87.52 81.37 71.02 56.27 37.66 16.96 4.74 0.00 0.00 0.00
0.00 0.00 0.00 0.00 0.00 0.00 0.00 5.45 25.01 43.85 65.24 85.77 103.44 116.45 119.61 112.42 88.48 72.07 52.21 23.05 10.47 0.00 0.00 0.00
0.00 0.00 0.00 0.00 0.00 0.00 0.00 19.36 88.87 155.84 231.84 304.82 367.63 413.85 425.09 399.55 314.47 256.13 185.54 81.92 37.22 0.00 0.00 0.00
0.00 0.00 0.00 0.00 0.00 0.00 0.00 1.59 4.20 6.99 10.31 13.00 14.74 14.96 14.86 13.39 11.37 8.92 5.97 2.13 0.50 0.00 0.00 0.00
0.00 0.00 0.00 0.00 0.00 0.00 0.00 29.66 191.15 347.45 525.39 695.62 837.20 909.50 931.33 884.46 713.70 582.21 414.24 247.83 114.20 0.00 0.00 0.00
0.00 0.00 0.00 0.00 0.00 0.00 0.00 0.97 2.57 4.25 6.07 7.79 8.96 9.60 9.66 9.00 8.15 6.49 4.47 2.22 0.80 0.00 0.00 0.00
0.00 0.00 0.00 0.00 0.00 0.00 0.00 0.41 1.39 2.30 3.40 4.33 4.95 5.47 5.58 5.24 4.58 3.58 2.43 1.14 0.34 0.00 0.00 0.00
0.00 0.00 0.00 0.00 0.00 0.00 0.00 0.66 2.22 3.69 5.44 6.92 7.93 8.75 8.93 8.39 7.33 5.72 3.89 1.82 0.54 0.00 0.00 0.00
0.00 0.00 0.00 0.00 0.00 0.00 0.00 0.66 2.22 3.69 5.44 6.92 7.93 8.75 8.93 8.39 7.33 5.72 3.89 1.82 0.54 0.00 0.00 0.00
0.00 0.00 0.00 0.00 0.00 0.00 0.00 1.21 4.24 7.12 10.41 14.02 16.67 21.18 21.13 19.98 18.83 15.22 10.59 5.29 1.82 0.00 0.00 0.00
0.00 0.00 0.00 0.00 0.00 0.00 0.00 0.60 2.12 3.56 5.42 7.29 8.65 10.22 10.30 9.68 9.00 7.22 5.00 2.46 0.84 0.00 0.00 0.00
0.00 0.00 0.00 0.00 0.00 0.00 0.00 0.78 2.73 4.57 6.97 9.37 11.12 13.14 13.25 12.45 11.57 9.28 6.42 3.17 1.08 0.00 0.00 0.00
0.00 0.00 0.00 0.00 0.00 0.00 0.00 0.52 1.82 3.05 4.65 6.25 7.42 8.76 8.83 8.30 7.72 6.19 4.28 2.11 0.72 0.00 0.00 0.00
0.00 0.00 0.00 0.00 0.00 0.00 0.00 0.52 1.82 3.05 4.65 6.25 7.42 8.76 8.83 8.30 7.72 6.19 4.28 2.11 0.72 0.00 0.00 0.00
0.00 0.00 0.00 0.00 0.00 0.00 0.00 4.38 24.35 43.30 67.18 87.71 99.94 111.62 113.65 108.39 99.49 78.57 53.57 25.76 8.11 0.00 0.00 0.00
0.00 0.00 0.00 0.00 0.00 0.00 0.00 3.93 13.09 21.79 30.64 40.62 48.48 63.50 63.98 59.89 56.26 45.22 31.92 15.80 5.38 0.00 0.00 0.00
0.00 0.00 0.00 0.00 0.00 0.00 0.00 3.17 10.52 17.53 22.67 28.97 34.12 52.44 52.91 50.36 46.37 36.84 25.48 13.29 4.79 0.00 0.00 0.00
0.00 0.00 0.00 0.00 0.00 0.00 0.00 8.75 56.38 102.49 154.97 205.18 246.94 268.27 274.71 260.88 210.52 171.73 122.19 73.10 33.69 0.00 0.00 0.00
0.00 0.00 0.00 0.00 0.00 0.00 0.00 8.32 53.63 97.49 147.41 195.17 234.90 255.18 261.31 248.16 200.25 163.35 116.23 69.53 32.04 0.00 0.00 0.00
0.00 0.00 0.00 0.00 0.00 0.00 0.00 16.00 103.14 187.47 283.48 375.34 451.72 490.74 502.52 477.23 385.09 314.14 223.51 133.72 61.62 0.00 0.00 0.00
0.00 0.00 0.00 0.00 0.00 0.00 0.00 15.74 101.42 184.35 278.76 369.08 444.20 482.56 494.14 469.27 378.67 308.91 219.78 131.49 60.59 0.00 0.00 0.00
0.00 0.00 0.00 0.00 0.00 0.00 0.00 27.52 120.45 210.06 306.42 404.44 488.56 528.39 538.27 526.93 473.63 382.93 278.30 155.33 73.04 0.00 0.00 0.00
0.00 0.00 0.00 0.00 0.00 0.00 0.00 0.41 1.39 2.30 3.40 4.33 4.95 5.47 5.58 5.24 4.58 3.58 2.43 1.14 0.34 0.00 0.00 0.00
0.00 0.00 0.00 0.00 0.00 0.00 0.00 2.09 7.03 11.67 17.23 21.92 25.10 27.70 28.28 26.57 23.21 18.12 12.33 5.77 1.72 0.00 0.00 0.00
0.00 0.00 0.00 0.00 0.00 0.00 0.00 10.69 35.91 59.60 87.94 111.93 128.16 141.41 144.36 135.63 118.48 92.49 62.93 29.43 8.79 0.00 0.00 0.00
0.00 0.00 0.00 0.00 0.00 0.00 0.00 0.60 3.85 7.00 10.58 14.01 16.86 18.32 18.76 17.82 14.38 11.73 8.34 4.99 2.30 0.00 0.00 0.00
0.00 0.00 0.00 0.00 0.00 0.00 0.00 19.06 87.48 153.41 228.23 300.06 361.90 407.40 418.47 393.32 309.57 252.14 182.65 80.64 36.64 0.00 0.00 0.00
0.00 0.00 0.00 0.00 0.00 0.00 0.00 1.20 5.69 9.98 15.14 21.01 26.59 30.52 31.36 30.33 27.93 22.54 15.78 9.26 3.62 0.00 0.00 0.00
0.00 0.00 0.00 0.00 0.00 0.00 0.00 14.30 47.30 78.98 118.41 151.34 176.58 200.17 208.63 197.86 172.12 140.38 100.66 59.17 25.96 0.00 0.00 0.00
0.00 0.00 0.00 0.00 0.00 0.00 0.00 0.32 1.46 2.56 3.80 5.00 6.03 6.79 6.97 6.56 5.16 4.20 3.04 1.34 0.61 0.00 0.00 0.00
0.00 0.00 0.00 0.00 0.00 0.00 0.00 14.29 65.61 115.06 171.17 225.05 271.42 305.55 313.85 294.99 232.18 189.11 136.99 60.48 27.48 0.00 0.00 0.00
0.00 0.00 0.00 0.00 0.00 0.00 0.00 18.34 84.20 147.66 219.67 288.81 348.33 392.12 402.77 378.57 297.96 242.69 175.80 77.61 35.27 0.00 0.00 0.00
0.00 0.00 0.00 0.00 0.00 0.00 0.00 36.30 158.85 277.02 404.09 533.36 644.29 696.81 709.85 694.89 624.60 505.00 367.00 204.84 96.32 0.00 0.00 0.00
0.00 0.00 0.00 0.00 0.00 0.00 0.00 0.88 3.35 5.69 8.73 11.50 13.64 15.87 15.94 15.09 14.23 11.18 7.78 3.91 1.34 0.00 0.00 0.00
0.00 0.00 0.00 0.00 0.00 0.00 0.00 1.14 4.26 7.21 10.89 14.26 17.04 19.84 20.02 19.04 17.73 13.86 9.79 4.89 1.67 0.00 0.00 0.00
0.00 0.00 0.00 0.00 0.00 0.00 0.00 4.94 23.46 41.18 62.44 86.65 109.66 125.90 129.34 125.13 115.22 92.98 65.08 38.21 14.93 0.00 0.00 0.00
0.00 0.00 0.00 0.00 0.00 0.00 0.00 30.99 127.38 221.12 332.88 431.53 513.39 530.20 541.43 507.94 479.19 389.07 286.41 169.28 87.58 4.90 0.00 0.00
0.00 0.00 0.00 0.00 0.00 0.00 0.00 0.37 1.16 1.92 2.65 3.47 4.07 5.05 5.06 4.78 4.40 3.52 2.48 1.20 0.40 0.00 0.00 0.00
0.00 0.00 0.00 0.00 0.00 0.00 0.00 5.83 22.99 39.52 58.63 75.46 89.64 100.98 101.78 95.74 85.08 69.32 51.11 21.52 9.67 0.00 0.00 0.00
0.00 0.00 0.00 0.00 0.00 0.00 0.00 0.51 6.76 12.83 18.99 25.40 30.60 32.65 33.11 30.44 20.58 16.54 11.93 6.40 3.03 0.00 0.00 0.00
0.00 0.00 0.00 0.00 0.00 0.00 0.00 1.21 3.09 5.09 7.09 9.01 10.35 11.17 11.13 10.44 9.58 7.55 5.15 2.52 0.89 0.00 0.00 0.00
0.00 0.00 0.00 0.00 0.00 0.00 0.00 0.60 1.54 2.55 3.54 4.51 5.18 5.58 5.57 5.22 4.79 3.77 2.58 1.26 0.44 0.00 0.00 0.00
0.00 0.00 0.00 0.00 0.00 0.00 0.00 1.32 3.38 5.57 7.75 9.86 11.33 12.22 12.18 11.42 10.48 8.25 5.63 2.75 0.97 0.00 0.00 0.00
0.00 0.00 0.00 0.00 0.00 0.00 0.00 1.55 4.06 6.70 9.41 11.81 13.62 14.75 14.76 13.81 12.69 9.93 6.87 3.30 1.15 0.00 0.00 0.00
0.00 0.00 0.00 0.00 0.00 0.00 0.00 2.36 6.18 10.21 14.34 18.00 20.75 22.48 22.49 21.04 19.34 15.13 10.47 5.04 1.75 0.00 0.00 0.00
0.00 0.00 0.00 0.00 0.00 0.00 0.00 1.91 5.11 8.40 12.15 15.72 17.88 19.51 19.52 18.28 16.62 13.31 9.09 4.56 1.64 0.00 0.00 0.00
0.00 0.00 0.00 0.00 0.00 0.00 0.00 1.41 4.14 6.75 9.98 12.54 14.50 15.30 15.91 15.51 13.93 11.09 7.85 4.64 1.97 0.00 0.00 0.00
0.00 0.00 0.00 0.00 0.00 0.00 0.00 3.64 10.70 17.43 25.79 32.40 37.46 39.52 41.10 40.07 35.98 28.65 20.27 11.99 5.10 0.00 0.00 0.00
0.00 0.00 0.00 0.00 0.00 0.00 0.00 0.79 2.49 4.12 6.49 8.28 9.66 10.77 10.97 10.53 9.47 7.63 5.34 3.12 1.31 0.00 0.00 0.00
0.00 0.00 0.00 0.00 0.00 0.00 0.00 1.82 5.42 8.88 11.62 15.46 18.01 22.28 22.57 20.90 19.27 15.30 10.66 4.85 1.56 0.00 0.00 0.00
0.00 0.00 0.00 0.00 0.00 0.00 0.00 3.44 9.74 15.89 19.66 25.33 30.17 37.14 37.76 35.35 32.95 25.99 17.69 8.39 2.85 0.00 0.00 0.00
0.00 0.00 0.00 0.00 0.00 0.00 0.00 0.53 1.38 2.22 3.13 3.94 4.41 5.02 4.91 4.55 3.31 2.61 1.73 0.70 0.17 0.00 0.00 0.00
0.00 0.00 0.00 0.00 0.00 0.00 0.00 2.65 7.66 12.59 16.58 20.58 23.12 29.84 30.00 27.71 21.61 16.67 11.03 4.84 1.30 0.00 0.00 0.00
0.00 0.00 0.00 0.00 0.00 0.00 0.00 1.92 5.31 8.69 11.89 14.89 16.31 19.41 18.91 17.73 14.15 10.96 7.36 2.98 0.76 0.00 0.00 0.00
0.00 0.00 0.00 0.00 0.00 0.00 0.00 2.65 7.32 12.00 16.41 20.55 22.51 26.79 26.10 24.47 19.53 15.13 10.15 4.11 1.05 0.00 0.00 0.00
0.00 0.00 0.00 0.00 0.00 0.00 0.00 1.81 4.99 8.17 11.18 14.00 15.33 18.25 17.78 16.67 13.30 10.30 6.92 2.80 0.72 0.00 0.00 0.00
0.00 0.00 0.00 0.00 0.00 0.00 0.00 1.41 4.09 6.71 8.84 10.97 12.33 15.91 16.00 14.78 11.53 8.89 5.88 2.58 0.70 0.00 0.00 0.00
0.00 0.00 0.00 0.00 0.00 0.00 0.00 1.43 3.84 6.31 8.81 11.00 12.31 13.35 13.33 12.29 10.67 8.40 5.78 2.32 0.55 0.00 0.00 0.00
0.00 0.00 0.00 0.00 0.00 0.00 0.00 1.19 3.98 6.61 9.75 12.40 14.20 15.67 16.00 15.03 13.13 10.25 6.97 3.26 0.97 0.00 0.00 0.00
0.00 0.00 0.00 0.00 0.00 0.00 0.00 5.70 31.70 56.36 87.44 114.16 130.08 145.29 147.93 141.08 129.49 102.27 69.72 33.54 10.56 0.00 0.00 0.00
0.00 0.00 0.00 0.00 0.00 0.00 0.00 1.37 4.80 8.06 11.79 15.89 18.89 24.00 23.95 22.64 21.34 17.25 12.00 5.99 2.06 0.00 0.00 0.00
0.00 0.00 0.00 0.00 0.00 0.00 0.00 2.31 7.47 12.34 19.96 26.28 31.40 36.32 36.92 34.39 31.20 24.93 17.37 8.16 2.66 0.00 0.00 0.00
0.00 0.00 0.00 0.00 0.00 0.00 0.00 1.06 3.43 5.66 9.15 12.05 14.39 16.65 16.92 15.76 14.30 11.43 7.96 3.74 1.22 0.00 0.00 0.00
0.00 0.00 0.00 0.00 0.00 0.00 0.00 1.64 5.72 9.60 13.59 18.25 21.76 29.37 29.11 27.51 25.98 20.91 14.72 7.37 2.54 0.00 0.00 0.00
0.00 0.00 0.00 0.00 0.00 0.00 0.00 0.89 2.83 4.66 6.43 8.42 9.89 12.27 12.29 11.60 10.68 8.55 6.01 2.91 0.97 0.00 0.00 0.00
0.00 0.00 0.00 0.00 0.00 0.00 0.00 5.12 24.29 42.63 64.65 89.71 113.54 130.35 133.91 129.56 119.30 96.27 67.38 39.56 15.46 0.00 0.00 0.00
0.00 0.00 0.00 0.00 0.00 0.00 0.00 3.42 11.31 18.89 28.31 36.19 42.23 47.87 49.89 47.32 41.16 33.57 24.07 14.15 6.21 0.00 0.00 0.00
0.00 0.00 0.00 0.00 0.00 0.00 0.00 0.73 2.48 4.17 6.11 7.79 9.18 10.70 10.85 10.31 9.24 7.49 5.31 3.25 1.41 0.00 0.00 0.00
0.00 0.00 0.00 0.00 0.00 0.00 0.00 0.77 2.73 4.62 7.89 10.11 11.86 13.16 13.53 13.11 11.96 9.46 6.73 4.09 1.73 0.00 0.00 0.00
0.00 0.00 0.00 0.00 0.00 0.00 0.00 1.23 4.38 7.39 12.63 16.17 18.97 21.06 21.64 20.98 19.14 15.14 10.77 6.54 2.77 0.00 0.00 0.00
0.00 0.00 0.00 0.00 0.00 0.00 0.00 16.27 104.86 190.60 288.21 381.59 459.25 498.92 510.89 485.18 391.51 319.38 227.23 135.95 62.65 0.00 0.00 0.00
