0.00 0.00 0.00 0.00 0.00 0.00 0.00 0.00 0.33 1.17 1.98 2.78 3.45 3.24 3.33 3.17 1.91 1.41 0.84 0.21 0.00 0.00 0.00 0.00
0.00 0.00 0.00 0.00 0.00 0.00 0.00 0.00 12.82 31.56 48.72 62.93 76.16 69.41 67.42 62.19 56.09 40.23 23.70 4.10 0.00 0.00 0.00 0.00
0.00 0.00 0.00 0.00 0.00 0.00 0.00 0.00 7.52 26.64 45.37 63.47 78.89 74.06 76.19 72.44 43.61 32.32 19.23 4.69 0.00 0.00 0.00 0.00
0.00 0.00 0.00 0.00 0.00 0.00 0.00 0.00 26.73 94.69 161.24 225.56 280.36 263.20 270.79 257.44 154.99 114.86 68.34 16.67 0.00 0.00 0.00 0.00
0.00 0.00 0.00 0.00 0.00 0.00 0.00 0.00 2.55 5.51 7.65 9.81 11.32 9.82 9.52 8.66 7.94 5.58 3.19 0.20 0.00 0.00 0.00 0.00
0.00 0.00 0.00 0.00 0.00 0.00 0.00 0.00 33.82 135.98 283.19 399.02 495.64 620.37 633.97 613.66 536.48 399.55 240.66 63.97 0.00 0.00 0.00 0.00
0.00 0.00 0.00 0.00 0.00 0.00 0.00 0.00 1.19 2.84 4.66 6.17 7.38 7.05 7.12 6.58 4.42 3.17 1.84 0.25 0.00 0.00 0.00 0.00
0.00 0.00 0.00 0.00 0.00 0.00 0.00 0.00 0.74 1.81 2.87 3.80 4.44 3.62 3.56 3.31 2.60 1.88 1.08 0.20 0.00 0.00 0.00 0.00
0.00 0.00 0.00 0.00 0.00 0.00 0.00 0.00 1.19 2.90 4.59 6.08 7.10 5.79 5.70 5.30 4.15 3.01 1.72 0.32 0.00 0.00 0.00 0.00
0.00 0.00 0.00 0.00 0.00 0.00 0.00 0.00 1.19 2.90 4.59 6.08 7.10 5.79 5.70 5.30 4.15 3.01 1.72 0.32 0.00 0.00 0.00 0.00
0.00 0.00 0.00 0.00 0.00 0.00 0.00 0.00 2.44 6.35 10.72 14.47 17.52 19.82 19.93 18.46 14.87 10.59 6.04 0.81 0.00 0.00 0.00 0.00
0.00 0.00 0.00 0.00 0.00 0.00 0.00 0.00 1.15 2.99 5.08 6.92 8.38 9.45 9.37 8.66 6.68 4.76 2.69 0.36 0.00 0.00 0.00 0.00
0.00 0.00 0.00 0.00 0.00 0.00 0.00 0.00 1.48 3.85 6.54 8.90 10.78 12.16 12.05 11.14 8.59 6.12 3.46 0.47 0.00 0.00 0.00 0.00
0.00 0.00 0.00 0.00 0.00 0.00 0.00 0.00 0.99 2.56 4.36 5.93 7.19 8.10 8.03 7.42 5.72 4.08 2.30 0.31 0.00 0.00 0.00 0.00
0.00 0.00 0.00 0.00 0.00 0.00 0.00 0.00 0.99 2.56 4.36 5.93 7.19 8.10 8.03 7.42 5.72 4.08 2.30 0.31 0.00 0.00 0.00 0.00
0.00 0.00 0.00 0.00 0.00 0.00 0.00 0.00 12.73 35.61 61.56 82.80 98.81 102.91 102.88 95.88 68.45 49.89 28.14 5.77 0.00 0.00 0.00 0.00
0.00 0.00 0.00 0.00 0.00 0.00 0.00 0.00 7.47 19.06 31.90 42.69 51.46 58.18 58.41 53.86 44.86 31.96 18.30 2.29 0.00 0.00 0.00 0.00
0.00 0.00 0.00 0.00 0.00 0.00 0.00 0.00 6.00 15.64 26.33 35.19 42.08 47.10 46.49 43.48 36.98 26.94 15.71 2.23 0.00 0.00 0.00 0.00
0.00 0.00 0.00 0.00 0.00 0.00 0.00 0.00 9.98 40.11 83.53 117.70 146.20 182.99 187.00 181.01 158.24 117.85 70.99 18.87 0.00 0.00 0.00 0.00
0.00 0.00 0.00 0.00 0.00 0.00 0.00 0.00 9.49 38.15 79.46 111.96 139.07 174.06 177.88 172.18 150.52 112.10 67.52 17.95 0.00 0.00 0.00 0.00
0.00 0.00 0.00 0.00 0.00 0.00 0.00 0.00 18.25 73.37 152.80 215.30 267.43 334.73 342.07 331.11 289.47 215.59 129.85 34.52 0.00 0.00 0.00 0.00
0.00 0.00 0.00 0.00 0.00 0.00 0.00 0.00 17.94 72.15 150.25 211.71 262.98 329.15 336.37 325.59 284.64 211.99 127.69 33.94 0.00 0.00 0.00 0.00
0.00 0.00 0.00 0.00 0.00 0.00 0.00 0.00 21.72 79.51 194.98 272.19 341.26 399.69 410.58 387.85 184.26 138.06 82.92 22.62 0.00 0.00 0.00 0.00
0.00 0.00 0.00 0.00 0.00 0.00 0.00 0.00 0.74 1.81 2.87 3.80 4.44 3.62 3.56 3.31 2.60 1.88 1.08 0.20 0.00 0.00 0.00 0.00
0.00 0.00 0.00 0.00 0.00 0.00 0.00 0.00 3.75 9.17 14.53 19.25 22.48 18.33 18.05 16.79 13.16 9.53 5.45 1.00 0.00 0.00 0.00 0.00
0.00 0.00 0.00 0.00 0.00 0.00 0.00 0.00 19.16 46.81 74.16 98.27 114.76 93.60 92.17 85.70 67.17 48.65 27.82 5.10 0.00 0.00 0.00 0.00
0.00 0.00 0.00 0.00 0.00 0.00 0.00 0.00 0.68 2.74 5.70 8.04 9.98 12.50 12.77 12.36 10.81 8.05 4.85 1.29 0.00 0.00 0.00 0.00
0.00 0.00 0.00 0.00 0.00 0.00 0.00 0.00 26.31 93.22 158.73 222.04 275.99 259.10 266.57 253.43 152.57 113.07 67.27 16.41 0.00 0.00 0.00 0.00
0.00 0.00 0.00 0.00 0.00 0.00 0.00 0.00 2.98 9.09 15.75 21.78 26.86 30.19 30.09 27.84 23.77 17.24 10.57 1.92 0.00 0.00 0.00 0.00
0.00 0.00 0.00 0.00 0.00 0.00 0.00 0.00 11.57 34.64 52.20 72.17 88.24 114.30 116.89 108.51 100.93 75.23 43.80 9.95 0.00 0.00 0.00 0.00
0.00 0.00 0.00 0.00 0.00 0.00 0.00 0.00 0.44 1.55 2.65 3.70 4.60 4.32 4.44 4.22 2.54 1.88 1.12 0.27 0.00 0.00 0.00 0.00
0.00 0.00 0.00 0.00 0.00 0.00 0.00 0.00 19.73 69.91 119.04 166.53 206.99 194.32 199.93 190.07 114.43 84.81 50.45 12.31 0.00 0.00 0.00 0.00
0.00 0.00 0.00 0.00 0.00 0.00 0.00 0.00 25.33 89.72 152.77 213.72 265.64 249.38 256.57 243.92 146.85 108.83 64.75 15.80 0.00 0.00 0.00 0.00
0.00 0.00 0.00 0.00 0.00 0.00 0.00 0.00 28.64 104.85 257.13 358.95 450.04 527.09 541.45 511.47 242.99 182.07 109.35 29.83 0.00 0.00 0.00 0.00
0.00 0.00 0.00 0.00 0.00 0.00 0.00 0.00 1.73 4.62 8.00 10.89 13.25 14.94 14.88 13.71 10.13 7.30 4.16 0.59 0.00 0.00 0.00 0.00
0.00 0.00 0.00 0.00 0.00 0.00 0.00 0.00 2.18 5.79 10.07 13.71 16.68 18.85 18.74 17.21 12.78 9.21 5.23 0.75 0.00 0.00 0.00 0.00
0.00 0.00 0.00 0.00 0.00 0.00 0.00 0.00 12.28 37.51 64.95 89.83 110.79 124.55 124.13 114.86 98.06 71.12 43.60 7.93 0.00 0.00 0.00 0.00
0.00 0.00 0.00 0.00 0.00 0.00 0.00 0.00 27.05 118.41 225.85 312.74 389.89 441.51 454.97 428.27 367.27 278.47 171.49 41.26 0.00 0.00 0.00 0.00
0.00 0.00 0.00 0.00 0.00 0.00 0.00 0.00 0.60 1.49 2.48 3.37 4.06 4.51 4.50 4.11 3.32 2.38 1.37 0.17 0.00 0.00 0.00 0.00
0.00 0.00 0.00 0.00 0.00 0.00 0.00 0.00 7.19 23.70 42.70 59.18 72.76 67.94 69.10 65.54 40.01 29.44 17.16 4.17 0.00 0.00 0.00 0.00
0.00 0.00 0.00 0.00 0.00 0.00 0.00 0.00 1.50 7.35 14.27 20.42 25.50 25.64 26.07 24.41 21.67 16.29 10.24 2.17 0.00 0.00 0.00 0.00
0.00 0.00 0.00 0.00 0.00 0.00 0.00 0.00 1.42 3.33 5.36 6.99 8.33 7.95 8.06 7.49 4.75 3.36 1.95 0.23 0.00 0.00 0.00 0.00
0.00 0.00 0.00 0.00 0.00 0.00 0.00 0.00 0.71 1.66 2.68 3.50 4.16 3.98 4.03 3.75 2.38 1.68 0.98 0.11 0.00 0.00 0.00 0.00
0.00 0.00 0.00 0.00 0.00 0.00 0.00 0.00 1.55 3.64 5.87 7.65 9.11 8.70 8.82 8.19 5.20 3.67 2.13 0.25 0.00 0.00 0.00 0.00
0.00 0.00 0.00 0.00 0.00 0.00 0.00 0.00 1.88 4.43 7.14 9.34 11.03 10.83 10.80 10.17 7.33 5.22 3.02 0.34 0.00 0.00 0.00 0.00
0.00 0.00 0.00 0.00 0.00 0.00 0.00 0.00 2.87 6.74 10.89 14.23 16.81 16.51 16.46 15.50 11.16 7.95 4.61 0.52 0.00 0.00 0.00 0.00
0.00 0.00 0.00 0.00 0.00 0.00 0.00 0.00 2.41 5.78 9.40 12.48 14.83 14.76 14.82 13.79 10.03 7.18 4.18 0.57 0.00 0.00 0.00 0.00
0.00 0.00 0.00 0.00 0.00 0.00 0.00 0.00 1.34 3.69 4.73 6.44 7.90 8.20 8.33 7.89 9.20 6.60 3.78 0.66 0.00 0.00 0.00 0.00
0.00 0.00 0.00 0.00 0.00 0.00 0.00 0.00 3.45 9.53 12.23 16.64 20.42 21.19 21.52 20.38 23.78 17.05 9.78 1.70 0.00 0.00 0.00 0.00
0.00 0.00 0.00 0.00 0.00 0.00 0.00 0.00 0.64 1.80 3.00 4.15 5.08 6.74 6.74 6.24 5.45 3.98 2.30 0.48 0.00 0.00 0.00 0.00
0.00 0.00 0.00 0.00 0.00 0.00 0.00 0.00 2.88 6.91 11.08 14.93 17.69 19.10 19.12 17.23 12.53 8.87 5.07 0.60 0.00 0.00 0.00 0.00
0.00 0.00 0.00 0.00 0.00 0.00 0.00 0.00 4.53 10.91 17.82 23.71 28.56 30.90 30.68 28.19 22.61 16.23 9.27 1.08 0.00 0.00 0.00 0.00
0.00 0.00 0.00 0.00 0.00 0.00 0.00 0.00 0.79 1.72 2.66 3.36 3.87 3.52 3.47 3.19 2.38 1.65 0.95 0.07 0.00 0.00 0.00 0.00
0.00 0.00 0.00 0.00 0.00 0.00 0.00 0.00 4.29 9.77 15.33 19.90 23.58 21.34 20.91 19.18 14.42 10.05 5.77 0.60 0.00 0.00 0.00 0.00
0.00 0.00 0.00 0.00 0.00 0.00 0.00 0.00 2.95 6.56 9.79 12.57 14.51 12.88 12.62 11.73 8.94 6.33 3.63 0.34 0.00 0.00 0.00 0.00
0.00 0.00 0.00 0.00 0.00 0.00 0.00 0.00 4.07 9.05 13.50 17.35 20.03 17.78 17.42 16.19 12.34 8.74 5.01 0.47 0.00 0.00 0.00 0.00
0.00 0.00 0.00 0.00 0.00 0.00 0.00 0.00 2.77 6.16 9.20 11.82 13.64 12.11 11.86 11.03 8.41 5.95 3.41 0.32 0.00 0.00 0.00 0.00
0.00 0.00 0.00 0.00 0.00 0.00 0.00 0.00 2.29 5.21 8.17 10.61 12.58 11.38 11.15 10.23 7.69 5.36 3.08 0.32 0.00 0.00 0.00 0.00
0.00 0.00 0.00 0.00 0.00 0.00 0.00 0.00 2.27 4.94 6.41 8.37 9.72 8.26 8.07 7.36 7.43 5.22 2.98 0.20 0.00 0.00 0.00 0.00
0.00 0.00 0.00 0.00 0.00 0.00 0.00 0.00 2.12 5.19 8.22 10.89 12.72 10.37 10.21 9.50 7.44 5.39 3.08 0.57 0.00 0.00 0.00 0.00
0.00 0.00 0.00 0.00 0.00 0.00 0.00 0.00 16.58 46.35 80.12 107.77 128.61 133.95 133.91 124.79 89.10 64.94 36.63 7.51 0.00 0.00 0.00 0.00
0.00 0.00 0.00 0.00 0.00 0.00 0.00 0.00 2.76 7.20 12.15 16.40 19.86 22.47 22.58 20.92 16.85 12.00 6.85 0.92 0.00 0.00 0.00 0.00
0.00 0.00 0.00 0.00 0.00 0.00 0.00 0.00 4.41 10.96 18.33 24.76 29.45 31.54 31.16 28.70 19.07 13.44 7.77 1.08 0.00 0.00 0.00 0.00
0.00 0.00 0.00 0.00 0.00 0.00 0.00 0.00 2.02 5.02 8.40 11.35 13.50 14.45 14.28 13.15 8.74 6.16 3.56 0.50 0.00 0.00 0.00 0.00
0.00 0.00 0.00 0.00 0.00 0.00 0.00 0.00 3.41 8.87 14.95 20.08 24.30 27.47 27.73 25.66 21.03 15.04 8.62 1.14 0.00 0.00 0.00 0.00
0.00 0.00 0.00 0.00 0.00 0.00 0.00 0.00 1.45 3.62 6.02 8.17 9.85 10.95 10.94 9.98 8.05 5.79 3.32 0.41 0.00 0.00 0.00 0.00
0.00 0.00 0.00 0.00 0.00 0.00 0.00 0.00 12.71 38.83 67.25 93.00 114.71 128.95 128.52 118.92 101.53 73.63 45.14 8.21 0.00 0.00 0.00 0.00
0.00 0.00 0.00 0.00 0.00 0.00 0.00 0.00 2.77 8.28 12.48 17.26 21.10 27.33 27.95 25.95 24.14 17.99 10.47 2.38 0.00 0.00 0.00 0.00
0.00 0.00 0.00 0.00 0.00 0.00 0.00 0.00 0.60 1.80 3.07 4.21 5.14 5.88 6.01 5.67 4.74 3.46 2.05 0.46 0.00 0.00 0.00 0.00
0.00 0.00 0.00 0.00 0.00 0.00 0.00 0.00 0.79 2.37 3.77 5.24 6.47 8.04 7.98 7.38 5.46 3.94 2.32 0.58 0.00 0.00 0.00 0.00
0.00 0.00 0.00 0.00 0.00 0.00 0.00 0.00 1.27 3.79 6.04 8.38 10.35 12.87 12.76 11.81 8.74 6.30 3.71 0.93 0.00 0.00 0.00 0.00
0.00 0.00 0.00 0.00 0.00 0.00 0.00 0.00 18.55 74.59 155.35 218.89 271.89 340.31 347.77 336.63 294.29 219.18 132.02 35.09 0.00 0.00 0.00 0.00
