0.00 0.00 0.00 0.00 0.00 0.00 0.00 0.00 0.68 1.57 2.61 3.49 4.10 4.65 4.67 4.50 4.04 3.31 2.29 1.06 0.30 0.00 0.00 0.00
0.00 0.00 0.00 0.00 0.00 0.00 0.00 0.00 16.17 32.89 50.43 64.34 75.07 81.67 81.06 75.58 66.02 50.83 33.80 11.24 0.30 0.00 0.00 0.00
0.00 0.00 0.00 0.00 0.00 0.00 0.00 0.00 15.55 35.91 59.58 79.75 93.84 106.24 106.73 102.90 92.43 75.59 52.44 24.28 6.85 0.00 0.00 0.00
0.00 0.00 0.00 0.00 0.00 0.00 0.00 0.00 55.25 127.62 211.74 283.42 333.49 377.56 379.31 365.70 328.49 268.63 186.36 86.28 24.36 0.00 0.00 0.00
0.00 0.00 0.00 0.00 0.00 0.00 0.00 0.33 3.27 6.01 8.22 10.40 11.79 10.39 10.14 9.34 9.32 7.15 4.50 1.67 0.00 0.00 0.00 0.00
0.00 0.00 0.00 0.00 0.00 0.00 0.00 0.00 105.90 261.27 454.45 613.05 737.87 820.66 850.92 846.31 781.59 636.87 436.75 211.96 63.94 0.00 0.00 0.00
0.00 0.00 0.00 0.00 0.00 0.00 0.00 0.09 1.83 3.48 5.58 7.25 8.41 9.05 8.92 8.34 7.32 5.60 3.63 1.32 0.13 0.00 0.00 0.00
0.00 0.00 0.00 0.00 0.00 0.00 0.00 0.00 0.97 1.93 2.70 3.53 4.10 4.77 4.64 4.41 3.71 2.88 1.90 0.75 0.03 0.00 0.00 0.00
0.00 0.00 0.00 0.00 0.00 0.00 0.00 0.00 1.54 3.09 4.32 5.64 6.56 7.63 7.42 7.05 5.93 4.60 3.04 1.21 0.05 0.00 0.00 0.00
0.00 0.00 0.00 0.00 0.00 0.00 0.00 0.00 1.54 3.09 4.32 5.64 6.56 7.63 7.42 7.05 5.93 4.60 3.04 1.21 0.05 0.00 0.00 0.00
0.00 0.00 0.00 0.00 0.00 0.00 0.00 0.00 3.57 7.33 11.93 15.91 18.47 19.98 19.95 18.80 17.18 13.43 8.54 3.10 0.35 0.00 0.00 0.00
0.00 0.00 0.00 0.00 0.00 0.00 0.00 0.00 1.67 3.43 5.58 7.45 8.63 9.47 9.44 8.84 8.15 6.40 4.06 1.46 0.16 0.00 0.00 0.00
0.00 0.00 0.00 0.00 0.00 0.00 0.00 0.00 2.15 4.41 7.17 9.58 11.09 12.17 12.14 11.37 10.48 8.22 5.22 1.87 0.20 0.00 0.00 0.00
0.00 0.00 0.00 0.00 0.00 0.00 0.00 0.00 1.43 2.94 4.78 6.39 7.40 8.12 8.09 7.58 6.98 5.48 3.48 1.25 0.14 0.00 0.00 0.00
0.00 0.00 0.00 0.00 0.00 0.00 0.00 0.00 1.43 2.94 4.78 6.39 7.40 8.12 8.09 7.58 6.98 5.48 3.48 1.25 0.14 0.00 0.00 0.00
0.00 0.00 0.00 0.00 0.00 0.00 0.00 0.00 17.74 39.55 64.55 85.63 99.84 112.63 112.01 105.22 94.10 72.68 47.81 18.03 1.94 0.00 0.00 0.00
0.00 0.00 0.00 0.00 0.00 0.00 0.00 0.00 10.98 22.25 35.53 47.47 55.20 60.30 60.18 55.83 50.29 39.27 25.36 9.45 0.97 0.00 0.00 0.00
0.00 0.00 0.00 0.00 0.00 0.00 0.00 0.00 9.32 18.98 30.50 40.77 46.89 50.55 50.29 47.16 41.76 32.75 21.15 8.01 1.04 0.00 0.00 0.00
0.00 0.00 0.00 0.00 0.00 0.00 0.00 0.00 31.24 77.07 134.05 180.83 217.64 242.07 250.99 249.63 230.54 187.85 128.82 62.52 18.86 0.00 0.00 0.00
0.00 0.00 0.00 0.00 0.00 0.00 0.00 0.00 29.71 73.31 127.51 172.01 207.03 230.26 238.75 237.45 219.30 178.69 122.54 59.47 17.94 0.00 0.00 0.00
0.00 0.00 0.00 0.00 0.00 0.00 0.00 0.00 57.14 140.97 245.21 330.78 398.13 442.80 459.13 456.64 421.72 343.64 235.65 114.37 34.50 0.00 0.00 0.00
0.00 0.00 0.00 0.00 0.00 0.00 0.00 0.00 56.19 138.62 241.12 325.27 391.49 435.42 451.48 449.03 414.69 337.91 231.73 112.46 33.93 0.00 0.00 0.00
0.00 0.00 0.00 0.00 0.00 0.00 0.00 0.00 71.96 165.70 274.37 372.83 449.48 500.59 514.12 492.20 447.84 354.80 244.49 116.29 35.00 0.00 0.00 0.00
0.00 0.00 0.00 0.00 0.00 0.00 0.00 0.00 0.97 1.93 2.70 3.53 4.10 4.77 4.64 4.41 3.71 2.88 1.90 0.75 0.03 0.00 0.00 0.00
0.00 0.00 0.00 0.00 0.00 0.00 0.00 0.00 4.89 9.78 13.68 17.86 20.78 24.17 23.50 22.33 18.77 14.58 9.63 3.82 0.16 0.00 0.00 0.00
0.00 0.00 0.00 0.00 0.00 0.00 0.00 0.00 24.97 49.92 69.85 91.18 106.10 123.39 119.98 113.98 95.85 74.42 49.14 19.49 0.83 0.00 0.00 0.00
0.00 0.00 0.00 0.00 0.00 0.00 0.00 0.00 2.13 5.26 9.15 12.35 14.86 16.53 17.14 17.05 15.74 12.83 8.80 4.27 1.29 0.00 0.00 0.00
0.00 0.00 0.00 0.00 0.00 0.00 0.00 0.00 54.39 125.63 208.44 279.00 328.30 371.67 373.40 360.00 323.37 264.45 183.45 84.94 23.98 0.00 0.00 0.00
0.00 0.00 0.00 0.00 0.00 0.00 0.00 0.00 4.73 10.63 17.66 24.16 28.77 31.59 31.28 29.40 26.54 21.00 13.97 5.89 1.17 0.00 0.00 0.00
0.00 0.00 0.00 0.00 0.00 0.00 0.00 0.00 31.07 65.21 107.97 146.18 172.87 188.55 189.64 179.22 158.90 127.18 87.11 37.63 9.02 0.00 0.00 0.00
0.00 0.00 0.00 0.00 0.00 0.00 0.00 0.00 0.91 2.09 3.47 4.65 5.47 6.19 6.22 6.00 5.39 4.41 3.06 1.42 0.40 0.00 0.00 0.00
0.00 0.00 0.00 0.00 0.00 0.00 0.00 0.00 40.79 94.23 156.33 209.25 246.22 278.75 280.05 270.00 242.53 198.33 137.59 63.70 17.98 0.00 0.00 0.00
0.00 0.00 0.00 0.00 0.00 0.00 0.00 0.00 52.35 120.92 200.63 268.54 315.99 357.73 359.39 346.50 311.25 254.53 176.57 81.75 23.08 0.00 0.00 0.00
0.00 0.00 0.00 0.00 0.00 0.00 0.00 0.00 94.90 218.51 361.82 491.66 592.75 660.16 677.99 649.09 590.58 467.89 322.42 153.35 46.15 0.00 0.00 0.00
0.00 0.00 0.00 0.00 0.00 0.00 0.00 0.00 2.47 5.17 8.69 11.66 13.53 15.05 14.99 13.95 12.65 9.57 6.39 2.39 0.28 0.00 0.00 0.00
0.00 0.00 0.00 0.00 0.00 0.00 0.00 0.00 3.15 6.56 10.95 14.67 17.04 18.92 18.88 17.59 15.87 12.07 7.94 2.91 0.34 0.00 0.00 0.00
0.00 0.00 0.00 0.00 0.00 0.00 0.00 0.00 19.50 43.83 72.87 99.64 118.68 130.31 129.03 121.28 109.50 86.62 57.63 24.30 4.82 0.00 0.00 0.00
0.00 0.00 0.00 0.00 0.00 0.00 0.00 0.00 72.10 169.35 278.33 383.00 465.00 511.84 519.13 486.87 453.13 364.61 253.81 137.49 49.87 0.00 0.00 0.00
0.00 0.00 0.00 0.00 0.00 0.00 0.00 0.00 0.88 1.76 2.81 3.73 4.29 4.66 4.67 4.37 3.85 2.92 1.93 0.70 0.06 0.00 0.00 0.00
0.00 0.00 0.00 0.00 0.00 0.00 0.00 0.00 14.67 32.56 53.17 71.81 86.24 94.65 95.69 91.43 80.81 63.98 44.39 20.10 5.34 0.00 0.00 0.00
0.00 0.00 0.00 0.00 0.00 0.00 0.00 0.00 3.39 9.12 15.92 22.18 26.70 30.11 30.82 29.99 27.99 21.96 15.61 5.08 1.67 0.00 0.00 0.00
0.00 0.00 0.00 0.00 0.00 0.00 0.00 0.17 2.20 4.13 6.39 8.32 9.58 10.19 10.13 9.49 8.24 6.37 4.07 1.45 0.12 0.00 0.00 0.00
0.00 0.00 0.00 0.00 0.00 0.00 0.00 0.08 1.10 2.06 3.20 4.16 4.79 5.10 5.06 4.75 4.12 3.18 2.03 0.73 0.06 0.00 0.00 0.00
0.00 0.00 0.00 0.00 0.00 0.00 0.00 0.18 2.41 4.52 6.99 9.10 10.47 11.15 11.07 10.38 9.01 6.97 4.45 1.59 0.13 0.00 0.00 0.00
0.00 0.00 0.00 0.00 0.00 0.00 0.00 0.18 2.87 5.42 8.48 10.97 12.78 13.69 13.42 12.62 11.09 8.47 5.41 1.91 0.15 0.00 0.00 0.00
0.00 0.00 0.00 0.00 0.00 0.00 0.00 0.28 4.38 8.25 12.92 16.72 19.48 20.86 20.45 19.24 16.89 12.91 8.24 2.90 0.22 0.00 0.00 0.00
0.00 0.00 0.00 0.00 0.00 0.00 0.00 0.16 3.70 7.06 11.34 14.59 16.97 18.22 17.85 16.80 14.85 11.46 7.50 2.77 0.28 0.00 0.00 0.00
0.00 0.00 0.00 0.00 0.00 0.00 0.00 0.00 2.73 5.50 8.75 11.86 13.99 14.90 15.03 14.32 12.77 10.01 6.68 2.78 0.58 0.00 0.00 0.00
0.00 0.00 0.00 0.00 0.00 0.00 0.00 0.00 7.06 14.21 22.60 30.64 36.14 38.48 38.84 37.01 32.98 25.86 17.25 7.17 1.51 0.00 0.00 0.00
0.00 0.00 0.00 0.00 0.00 0.00 0.00 0.00 1.79 3.68 5.85 7.93 9.40 10.12 10.05 9.39 8.28 6.49 4.44 1.88 0.40 0.00 0.00 0.00
0.00 0.00 0.00 0.00 0.00 0.00 0.00 0.00 4.13 8.05 12.43 16.31 18.72 20.32 20.26 18.60 14.76 11.27 7.21 2.67 0.16 0.00 0.00 0.00
0.00 0.00 0.00 0.00 0.00 0.00 0.00 0.11 6.82 13.20 20.96 27.63 31.91 33.80 34.07 31.85 27.59 21.15 13.54 4.76 0.38 0.00 0.00 0.00
0.00 0.00 0.00 0.00 0.00 0.00 0.00 0.10 1.03 1.89 2.51 3.18 3.59 3.47 3.35 3.11 2.84 2.17 1.37 0.52 0.00 0.00 0.00 0.00
0.00 0.00 0.00 0.00 0.00 0.00 0.00 0.19 5.51 10.49 13.57 17.25 19.42 20.61 19.84 18.55 17.81 13.65 8.79 3.51 0.00 0.00 0.00 0.00
0.00 0.00 0.00 0.00 0.00 0.00 0.00 0.25 3.71 6.93 9.24 11.71 13.13 13.50 12.83 12.16 13.51 10.31 6.66 2.19 0.00 0.00 0.00 0.00
0.00 0.00 0.00 0.00 0.00 0.00 0.00 0.34 5.11 9.57 12.76 16.16 18.12 18.63 17.70 16.78 18.64 14.22 9.18 3.03 0.00 0.00 0.00 0.00
0.00 0.00 0.00 0.00 0.00 0.00 0.00 0.23 3.48 6.52 8.69 11.01 12.34 12.69 12.06 11.43 12.70 9.69 6.26 2.06 0.00 0.00 0.00 0.00
0.00 0.00 0.00 0.00 0.00 0.00 0.00 0.10 2.94 5.59 7.24 9.20 10.36 10.99 10.58 9.90 9.50 7.28 4.69 1.87 0.00 0.00 0.00 0.00
0.00 0.00 0.00 0.00 0.00 0.00 0.00 0.26 2.88 5.33 7.19 9.08 10.30 9.69 9.55 8.90 9.28 7.14 4.48 1.55 0.00 0.00 0.00 0.00
0.00 0.00 0.00 0.00 0.00 0.00 0.00 0.00 2.77 5.53 7.74 10.11 11.76 13.67 13.30 12.63 10.62 8.25 5.45 2.16 0.09 0.00 0.00 0.00
0.00 0.00 0.00 0.00 0.00 0.00 0.00 0.00 23.09 51.48 84.02 111.46 129.95 146.60 145.79 136.95 122.48 94.60 62.23 23.47 2.53 0.00 0.00 0.00
0.00 0.00 0.00 0.00 0.00 0.00 0.00 0.00 4.04 8.31 13.52 18.03 20.93 22.64 22.61 21.30 19.47 15.22 9.68 3.51 0.40 0.00 0.00 0.00
0.00 0.00 0.00 0.00 0.00 0.00 0.00 0.00 6.04 12.05 18.05 24.04 28.17 33.34 33.25 30.78 26.42 20.13 13.06 4.83 0.37 0.00 0.00 0.00
0.00 0.00 0.00 0.00 0.00 0.00 0.00 0.00 2.77 5.52 8.27 11.02 12.91 15.28 15.24 14.11 12.11 9.23 5.99 2.21 0.17 0.00 0.00 0.00
0.00 0.00 0.00 0.00 0.00 0.00 0.00 0.00 5.02 10.31 16.72 22.24 25.86 27.91 27.84 26.23 23.88 18.62 11.89 4.39 0.50 0.00 0.00 0.00
0.00 0.00 0.00 0.00 0.00 0.00 0.00 0.00 2.14 4.28 6.83 9.06 10.43 11.32 11.34 10.61 9.34 7.08 4.69 1.70 0.15 0.00 0.00 0.00
0.00 0.00 0.00 0.00 0.00 0.00 0.00 0.00 20.19 45.38 75.44 103.17 122.88 134.92 133.59 125.56 113.37 89.68 59.66 25.16 4.99 0.00 0.00 0.00
0.00 0.00 0.00 0.00 0.00 0.00 0.00 0.00 7.43 15.59 25.82 34.96 41.34 45.09 45.35 42.86 38.00 30.41 20.83 9.00 2.16 0.00 0.00 0.00
0.00 0.00 0.00 0.00 0.00 0.00 0.00 0.00 1.70 3.59 5.78 7.78 9.39 10.26 10.13 9.54 8.50 6.78 4.66 2.00 0.48 0.00 0.00 0.00
0.00 0.00 0.00 0.00 0.00 0.00 0.00 0.00 2.15 4.59 7.51 9.96 11.54 12.42 12.54 12.01 10.59 8.47 5.77 2.46 0.55 0.00 0.00 0.00
0.00 0.00 0.00 0.00 0.00 0.00 0.00 0.00 3.45 7.35 12.01 15.93 18.46 19.88 20.06 19.21 16.94 13.55 9.24 3.93 0.88 0.00 0.00 0.00
0.00 0.00 0.00 0.00 0.00 0.00 0.00 0.00 58.09 143.32 249.29 336.29 404.76 450.18 466.78 464.25 428.75 349.36 239.58 116.27 35.08 0.00 0.00 0.00
