0.00 0.00 0.00 0.00 0.00 0.00 0.00 0.00 0.45 1.45 2.34 3.32 4.05 4.40 4.46 4.28 3.75 2.94 1.94 0.78 0.05 0.00 0.00 0.00
0.00 0.00 0.00 0.00 0.00 0.00 0.00 0.00 8.49 20.74 38.93 53.48 65.13 65.83 66.14 62.02 51.55 39.54 24.40 8.49 0.00 0.00 0.00 0.00
0.00 0.00 0.00 0.00 0.00 0.00 0.00 0.00 10.27 33.20 53.59 76.02 92.66 100.70 101.88 97.76 85.83 67.21 44.26 17.93 1.08 0.00 0.00 0.00
0.00 0.00 0.00 0.00 0.00 0.00 0.00 0.00 36.50 118.00 190.47 270.17 329.31 357.88 362.08 347.44 305.03 238.86 157.31 63.72 3.85 0.00 0.00 0.00
0.00 0.00 0.00 0.00 0.00 0.00 0.00 0.00 2.20 4.70 7.49 10.05 11.60 11.74 11.64 10.97 9.10 6.80 4.02 1.00 0.00 0.00 0.00 0.00
0.00 0.00 0.00 0.00 0.00 0.00 0.00 0.00 68.63 249.95 432.49 616.03 750.62 812.71 830.60 787.17 708.03 558.74 380.75 158.65 16.33 0.00 0.00 0.00
0.00 0.00 0.00 0.00 0.00 0.00 0.00 0.00 1.38 3.17 5.02 6.92 8.07 8.65 8.59 8.09 6.79 5.01 3.07 1.13 0.00 0.00 0.00 0.00
0.00 0.00 0.00 0.00 0.00 0.00 0.00 0.00 0.51 1.23 2.26 3.14 3.74 3.82 3.93 3.70 3.21 2.50 1.54 0.60 0.00 0.00 0.00 0.00
0.00 0.00 0.00 0.00 0.00 0.00 0.00 0.00 0.82 1.97 3.62 5.02 5.98 6.11 6.28 5.92 5.14 4.00 2.47 0.95 0.00 0.00 0.00 0.00
0.00 0.00 0.00 0.00 0.00 0.00 0.00 0.00 0.82 1.97 3.62 5.02 5.98 6.11 6.28 5.92 5.14 4.00 2.47 0.95 0.00 0.00 0.00 0.00
0.00 0.00 0.00 0.00 0.00 0.00 0.00 0.00 2.15 5.44 9.14 12.87 15.76 16.12 16.25 15.65 13.74 10.47 6.66 2.31 0.00 0.00 0.00 0.00
0.00 0.00 0.00 0.00 0.00 0.00 0.00 0.00 1.02 2.58 4.38 6.05 7.35 7.52 7.60 7.36 6.42 4.92 3.04 1.04 0.00 0.00 0.00 0.00
0.00 0.00 0.00 0.00 0.00 0.00 0.00 0.00 1.31 3.32 5.63 7.78 9.45 9.67 9.77 9.46 8.25 6.32 3.91 1.33 0.00 0.00 0.00 0.00
0.00 0.00 0.00 0.00 0.00 0.00 0.00 0.00 0.88 2.21 3.75 5.19 6.30 6.45 6.51 6.31 5.50 4.21 2.61 0.89 0.00 0.00 0.00 0.00
0.00 0.00 0.00 0.00 0.00 0.00 0.00 0.00 0.88 2.21 3.75 5.19 6.30 6.45 6.51 6.31 5.50 4.21 2.61 0.89 0.00 0.00 0.00 0.00
0.00 0.00 0.00 0.00 0.00 0.00 0.00 0.00 9.63 26.90 45.64 64.83 80.51 89.22 92.87 89.21 75.90 58.55 36.37 13.33 0.00 0.00 0.00 0.00
0.00 0.00 0.00 0.00 0.00 0.00 0.00 0.00 6.86 17.03 27.85 39.69 48.57 49.46 48.82 46.41 41.30 31.43 20.00 6.82 0.00 0.00 0.00 0.00
0.00 0.00 0.00 0.00 0.00 0.00 0.00 0.00 6.03 15.24 25.26 34.52 42.09 41.84 42.11 40.38 35.32 26.99 17.10 5.94 0.00 0.00 0.00 0.00
0.00 0.00 0.00 0.00 0.00 0.00 0.00 0.00 20.24 73.73 127.57 181.71 221.41 239.72 245.00 232.19 208.84 164.81 112.31 46.80 4.82 0.00 0.00 0.00
0.00 0.00 0.00 0.00 0.00 0.00 0.00 0.00 19.26 70.13 121.35 172.84 210.61 228.03 233.05 220.86 198.65 156.77 106.83 44.51 4.58 0.00 0.00 0.00
0.00 0.00 0.00 0.00 0.00 0.00 0.00 0.00 37.03 134.87 233.36 332.39 405.01 438.51 448.17 424.73 382.03 301.48 205.44 85.60 8.81 0.00 0.00 0.00
0.00 0.00 0.00 0.00 0.00 0.00 0.00 0.00 36.41 132.62 229.47 326.85 398.26 431.20 440.70 417.65 375.66 296.46 202.02 84.18 8.66 0.00 0.00 0.00
0.00 0.00 0.00 0.00 0.00 0.00 0.00 0.00 49.57 162.67 260.56 363.47 435.92 471.10 474.55 449.99 377.05 294.27 196.12 83.22 6.85 0.00 0.00 0.00
0.00 0.00 0.00 0.00 0.00 0.00 0.00 0.00 0.51 1.23 2.26 3.14 3.74 3.82 3.93 3.70 3.21 2.50 1.54 0.60 0.00 0.00 0.00 0.00
0.00 0.00 0.00 0.00 0.00 0.00 0.00 0.00 2.59 6.23 11.46 15.90 18.93 19.36 19.89 18.74 16.28 12.66 7.82 3.02 0.00 0.00 0.00 0.00
0.00 0.00 0.00 0.00 0.00 0.00 0.00 0.00 13.20 31.82 58.49 81.18 96.62 98.82 101.54 95.67 83.12 64.62 39.94 15.42 0.00 0.00 0.00 0.00
0.00 0.00 0.00 0.00 0.00 0.00 0.00 0.00 1.38 5.04 8.71 12.41 15.12 16.37 16.73 15.86 14.26 11.26 7.67 3.20 0.33 0.00 0.00 0.00
0.00 0.00 0.00 0.00 0.00 0.00 0.00 0.00 35.93 116.16 187.50 265.95 324.18 352.30 356.43 342.03 300.28 235.14 154.86 62.73 3.79 0.00 0.00 0.00
0.00 0.00 0.00 0.00 0.00 0.00 0.00 0.00 2.73 7.97 13.06 18.85 24.13 26.43 27.25 26.06 22.85 17.83 11.96 4.46 0.00 0.00 0.00 0.00
0.00 0.00 0.00 0.00 0.00 0.00 0.00 0.00 22.74 62.68 102.52 144.36 169.79 176.61 177.00 167.49 142.57 109.74 70.91 27.90 0.00 0.00 0.00 0.00
0.00 0.00 0.00 0.00 0.00 0.00 0.00 0.00 0.60 1.94 3.12 4.43 5.40 5.87 5.94 5.70 5.00 3.92 2.58 1.05 0.06 0.00 0.00 0.00
0.00 0.00 0.00 0.00 0.00 0.00 0.00 0.00 26.95 87.12 140.62 199.47 243.13 264.23 267.32 256.52 225.21 176.36 116.14 47.05 2.84 0.00 0.00 0.00
0.00 0.00 0.00 0.00 0.00 0.00 0.00 0.00 34.59 111.80 180.47 255.98 312.02 339.09 343.07 329.20 289.02 226.32 149.05 60.38 3.65 0.00 0.00 0.00
0.00 0.00 0.00 0.00 0.00 0.00 0.00 0.00 65.37 214.52 343.61 479.32 574.87 621.26 625.81 593.42 497.24 388.07 258.64 109.75 9.04 0.00 0.00 0.00
0.00 0.00 0.00 0.00 0.00 0.00 0.00 0.00 1.42 3.67 6.66 9.34 11.29 11.76 12.10 11.54 10.02 7.67 4.85 1.65 0.00 0.00 0.00 0.00
0.00 0.00 0.00 0.00 0.00 0.00 0.00 0.00 1.83 4.71 8.36 11.74 14.21 14.79 15.06 14.48 12.57 9.57 6.07 2.07 0.00 0.00 0.00 0.00
0.00 0.00 0.00 0.00 0.00 0.00 0.00 0.00 11.24 32.89 53.86 77.78 99.55 109.04 112.41 107.49 94.24 73.54 49.32 18.41 0.00 0.00 0.00 0.00
0.00 0.00 0.00 0.00 0.00 0.00 0.00 0.00 40.51 147.35 243.56 334.82 414.99 433.94 438.96 416.92 357.78 288.12 198.57 97.80 16.06 0.00 0.00 0.00
0.00 0.00 0.00 0.00 0.00 0.00 0.00 0.00 0.56 1.37 2.25 3.18 3.86 3.93 3.89 3.61 3.15 2.43 1.53 0.48 0.00 0.00 0.00 0.00
0.00 0.00 0.00 0.00 0.00 0.00 0.00 0.00 9.94 30.07 48.30 67.17 81.80 87.69 89.07 83.68 73.38 57.73 37.52 15.38 0.45 0.00 0.00 0.00
0.00 0.00 0.00 0.00 0.00 0.00 0.00 0.00 2.11 9.26 15.77 22.77 27.98 30.77 30.49 28.95 27.50 22.13 15.14 6.40 0.98 0.00 0.00 0.00
0.00 0.00 0.00 0.00 0.00 0.00 0.00 0.00 1.66 3.73 5.77 7.95 9.39 9.94 9.91 9.21 7.90 5.81 3.53 1.24 0.00 0.00 0.00 0.00
0.00 0.00 0.00 0.00 0.00 0.00 0.00 0.00 0.83 1.87 2.88 3.98 4.69 4.97 4.95 4.60 3.95 2.91 1.76 0.62 0.00 0.00 0.00 0.00
0.00 0.00 0.00 0.00 0.00 0.00 0.00 0.00 1.82 4.08 6.31 8.70 10.27 10.88 10.84 10.07 8.64 6.36 3.86 1.36 0.00 0.00 0.00 0.00
0.00 0.00 0.00 0.00 0.00 0.00 0.00 0.00 2.11 4.77 7.51 10.45 12.44 13.25 13.10 12.21 10.30 7.50 4.59 1.65 0.00 0.00 0.00 0.00
0.00 0.00 0.00 0.00 0.00 0.00 0.00 0.00 3.22 7.27 11.44 15.93 18.96 20.19 19.96 18.61 15.70 11.43 7.00 2.51 0.00 0.00 0.00 0.00
0.00 0.00 0.00 0.00 0.00 0.00 0.00 0.00 2.79 6.44 10.15 13.98 16.51 17.54 17.52 16.27 13.71 10.21 6.29 2.22 0.00 0.00 0.00 0.00
0.00 0.00 0.00 0.00 0.00 0.00 0.00 0.00 1.95 5.00 8.29 11.40 13.82 14.74 14.47 13.56 11.56 8.90 5.61 2.04 0.00 0.00 0.00 0.00
0.00 0.00 0.00 0.00 0.00 0.00 0.00 0.00 5.03 12.93 21.42 29.45 35.70 38.07 37.38 35.03 29.87 22.98 14.49 5.26 0.00 0.00 0.00 0.00
0.00 0.00 0.00 0.00 0.00 0.00 0.00 0.00 1.28 3.38 5.55 7.79 9.42 9.69 9.59 9.06 7.68 5.80 3.67 1.37 0.00 0.00 0.00 0.00
0.00 0.00 0.00 0.00 0.00 0.00 0.00 0.00 2.72 6.38 10.26 14.11 17.05 17.72 17.53 16.31 12.53 9.65 6.00 1.80 0.00 0.00 0.00 0.00
0.00 0.00 0.00 0.00 0.00 0.00 0.00 0.00 4.97 11.58 18.55 25.38 30.22 31.30 31.21 29.42 25.04 18.91 11.39 3.80 0.00 0.00 0.00 0.00
0.00 0.00 0.00 0.00 0.00 0.00 0.00 0.00 0.67 1.44 2.30 3.10 3.61 3.64 3.59 3.44 2.54 1.88 1.13 0.38 0.00 0.00 0.00 0.00
0.00 0.00 0.00 0.00 0.00 0.00 0.00 0.00 3.55 7.96 12.62 16.94 20.12 20.82 20.76 19.57 14.77 11.14 6.84 2.58 0.00 0.00 0.00 0.00
0.00 0.00 0.00 0.00 0.00 0.00 0.00 0.00 2.50 5.47 8.61 11.57 13.42 13.71 13.88 13.24 10.11 7.58 4.57 1.63 0.00 0.00 0.00 0.00
0.00 0.00 0.00 0.00 0.00 0.00 0.00 0.00 3.45 7.55 11.89 15.97 18.51 18.93 19.16 18.27 13.95 10.46 6.30 2.25 0.00 0.00 0.00 0.00
0.00 0.00 0.00 0.00 0.00 0.00 0.00 0.00 2.35 5.14 8.10 10.88 12.61 12.89 13.05 12.44 9.50 7.12 4.29 1.53 0.00 0.00 0.00 0.00
0.00 0.00 0.00 0.00 0.00 0.00 0.00 0.00 1.89 4.24 6.73 9.03 10.73 11.10 11.07 10.44 7.88 5.94 3.65 1.38 0.00 0.00 0.00 0.00
0.00 0.00 0.00 0.00 0.00 0.00 0.00 0.00 1.96 4.21 6.71 9.00 10.31 10.57 10.40 9.77 8.15 6.11 3.64 1.00 0.00 0.00 0.00 0.00
0.00 0.00 0.00 0.00 0.00 0.00 0.00 0.00 1.46 3.53 6.48 9.00 10.71 10.95 11.25 10.60 9.21 7.16 4.43 1.71 0.00 0.00 0.00 0.00
0.00 0.00 0.00 0.00 0.00 0.00 0.00 0.00 12.54 35.02 59.41 84.38 104.79 116.13 120.88 116.12 98.79 76.21 47.34 17.35 0.00 0.00 0.00 0.00
0.00 0.00 0.00 0.00 0.00 0.00 0.00 0.00 2.44 6.17 10.36 14.58 17.86 18.27 18.42 17.74 15.57 11.87 7.55 2.62 0.00 0.00 0.00 0.00
0.00 0.00 0.00 0.00 0.00 0.00 0.00 0.00 4.01 9.73 15.41 21.25 25.86 26.16 25.93 24.51 21.01 16.24 10.30 2.52 0.00 0.00 0.00 0.00
0.00 0.00 0.00 0.00 0.00 0.00 0.00 0.00 1.84 4.46 7.06 9.74 11.85 11.99 11.88 11.23 9.63 7.44 4.72 1.16 0.00 0.00 0.00 0.00
0.00 0.00 0.00 0.00 0.00 0.00 0.00 0.00 3.01 7.61 12.78 18.16 22.29 22.70 22.80 21.86 19.26 14.68 9.45 3.29 0.00 0.00 0.00 0.00
0.00 0.00 0.00 0.00 0.00 0.00 0.00 0.00 1.37 3.34 5.46 7.71 9.37 9.55 9.45 8.76 7.66 5.90 3.72 1.16 0.00 0.00 0.00 0.00
0.00 0.00 0.00 0.00 0.00 0.00 0.00 0.00 11.64 34.05 55.76 80.53 103.07 112.89 116.38 111.29 97.57 76.14 51.07 19.07 0.00 0.00 0.00 0.00
0.00 0.00 0.00 0.00 0.00 0.00 0.00 0.00 5.44 14.99 24.52 34.52 40.60 42.23 42.33 40.05 34.09 26.24 16.96 6.67 0.00 0.00 0.00 0.00
0.00 0.00 0.00 0.00 0.00 0.00 0.00 0.00 1.19 3.31 5.45 7.72 9.19 9.23 9.45 8.90 7.74 6.01 3.90 1.52 0.00 0.00 0.00 0.00
0.00 0.00 0.00 0.00 0.00 0.00 0.00 0.00 1.48 4.13 6.61 9.26 11.27 11.65 11.77 11.12 9.93 7.62 4.92 1.86 0.00 0.00 0.00 0.00
0.00 0.00 0.00 0.00 0.00 0.00 0.00 0.00 2.38 6.61 10.57 14.82 18.03 18.64 18.83 17.79 15.88 12.19 7.88 2.98 0.00 0.00 0.00 0.00
0.00 0.00 0.00 0.00 0.00 0.00 0.00 0.00 37.65 137.11 237.25 337.93 411.76 445.82 455.64 431.81 388.40 306.51 208.87 87.03 8.96 0.00 0.00 0.00
