0.00 0.00 0.00 0.00 0.00 0.00 0.00 0.00 0.00 0.66 1.53 2.27 2.94 3.30 3.37 3.06 2.53 1.71 0.77 0.00 0.00 0.00 0.00 0.00
0.00 0.00 0.00 0.00 0.00 0.00 0.00 0.00 1.22 11.22 9.49 13.57 16.59 13.56 13.16 11.80 9.76 6.44 2.50 0.00 0.00 0.00 0.00 0.00
0.00 0.00 0.00 0.00 0.00 0.00 0.00 0.00 0.00 15.13 35.00 51.95 67.18 75.36 77.00 69.97 57.84 39.19 17.58 0.00 0.00 0.00 0.00 0.00
0.00 0.00 0.00 0.00 0.00 0.00 0.00 0.00 0.00 53.78 124.40 184.63 238.74 267.83 273.64 248.67 205.58 139.28 62.48 0.00 0.00 0.00 0.00 0.00
0.00 0.00 0.00 0.00 0.00 0.00 0.00 0.00 0.63 3.37 5.88 8.22 9.55 5.88 5.70 5.07 2.86 1.78 0.51 0.00 0.00 0.00 0.00 0.00
0.00 0.00 0.00 0.00 0.00 0.00 0.00 0.00 0.00 115.31 265.36 396.98 525.65 512.16 527.94 487.27 460.22 301.10 143.23 0.00 0.00 0.00 0.00 0.00
0.00 0.00 0.00 0.00 0.00 0.00 0.00 0.00 0.00 1.63 3.31 5.00 6.06 6.25 6.18 5.44 4.19 2.66 0.82 0.00 0.00 0.00 0.00 0.00
0.00 0.00 0.00 0.00 0.00 0.00 0.00 0.00 0.08 0.86 0.99 1.43 1.72 1.03 1.03 0.91 0.59 0.38 0.14 0.00 0.00 0.00 0.00 0.00
0.00 0.00 0.00 0.00 0.00 0.00 0.00 0.00 0.12 1.37 1.58 2.29 2.75 1.65 1.64 1.46 0.94 0.62 0.23 0.00 0.00 0.00 0.00 0.00
0.00 0.00 0.00 0.00 0.00 0.00 0.00 0.00 0.12 1.37 1.58 2.29 2.75 1.65 1.64 1.46 0.94 0.62 0.23 0.00 0.00 0.00 0.00 0.00
0.00 0.00 0.00 0.00 0.00 0.00 0.00 0.00 0.01 3.24 5.11 7.53 9.58 4.03 4.08 3.72 2.85 1.88 0.73 0.00 0.00 0.00 0.00 0.00
0.00 0.00 0.00 0.00 0.00 0.00 0.00 0.00 0.01 1.55 2.29 3.41 4.37 1.90 1.91 1.74 1.28 0.84 0.33 0.00 0.00 0.00 0.00 0.00
0.00 0.00 0.00 0.00 0.00 0.00 0.00 0.00 0.02 2.00 2.95 4.38 5.62 2.44 2.46 2.24 1.64 1.08 0.42 0.00 0.00 0.00 0.00 0.00
0.00 0.00 0.00 0.00 0.00 0.00 0.00 0.00 0.01 1.33 1.97 2.92 3.75 1.63 1.64 1.49 1.10 0.72 0.28 0.00 0.00 0.00 0.00 0.00
0.00 0.00 0.00 0.00 0.00 0.00 0.00 0.00 0.01 1.33 1.97 2.92 3.75 1.63 1.64 1.49 1.10 0.72 0.28 0.00 0.00 0.00 0.00 0.00
0.00 0.00 0.00 0.00 0.00 0.00 0.00 0.00 0.17 4.98 9.12 14.04 18.01 27.17 28.13 25.59 24.89 15.88 7.05 0.00 0.00 0.00 0.00 0.00
0.00 0.00 0.00 0.00 0.00 0.00 0.00 0.00 0.12 10.07 17.97 25.89 33.27 13.73 14.12 12.81 9.08 5.96 2.24 0.00 0.00 0.00 0.00 0.00
0.00 0.00 0.00 0.00 0.00 0.00 0.00 0.00 0.00 8.47 16.15 23.29 30.01 14.25 14.13 12.84 7.42 4.89 1.85 0.00 0.00 0.00 0.00 0.00
0.00 0.00 0.00 0.00 0.00 0.00 0.00 0.00 0.00 34.01 78.27 117.09 155.05 151.07 155.72 143.73 135.75 88.81 42.25 0.00 0.00 0.00 0.00 0.00
0.00 0.00 0.00 0.00 0.00 0.00 0.00 0.00 0.00 32.35 74.45 111.38 147.48 143.70 148.13 136.72 129.13 84.48 40.19 0.00 0.00 0.00 0.00 0.00
0.00 0.00 0.00 0.00 0.00 0.00 0.00 0.00 0.00 62.22 143.18 214.20 283.62 276.34 284.86 262.92 248.32 162.46 77.28 0.00 0.00 0.00 0.00 0.00
0.00 0.00 0.00 0.00 0.00 0.00 0.00 0.00 0.00 61.18 140.79 210.63 278.90 271.74 280.11 258.54 244.18 159.75 76.00 0.00 0.00 0.00 0.00 0.00
0.00 0.00 0.00 0.00 0.00 0.00 0.00 0.00 0.00 66.98 167.47 245.74 322.44 368.96 374.54 339.62 271.04 183.68 81.94 0.00 0.00 0.00 0.00 0.00
0.00 0.00 0.00 0.00 0.00 0.00 0.00 0.00 0.08 0.86 0.99 1.43 1.72 1.03 1.03 0.91 0.59 0.38 0.14 0.00 0.00 0.00 0.00 0.00
0.00 0.00 0.00 0.00 0.00 0.00 0.00 0.00 0.38 4.35 5.00 7.24 8.71 5.24 5.21 4.62 2.98 1.95 0.73 0.00 0.00 0.00 0.00 0.00
0.00 0.00 0.00 0.00 0.00 0.00 0.00 0.00 1.95 22.22 25.51 36.98 44.48 26.73 26.58 23.61 15.20 9.94 3.71 0.00 0.00 0.00 0.00 0.00
0.00 0.00 0.00 0.00 0.00 0.00 0.00 0.00 0.00 2.32 5.35 8.00 10.59 10.32 10.63 9.82 9.27 6.07 2.89 0.00 0.00 0.00 0.00 0.00
0.00 0.00 0.00 0.00 0.00 0.00 0.00 0.00 0.00 52.94 122.46 181.76 235.02 263.65 269.38 244.80 202.37 137.11 61.50 0.00 0.00 0.00 0.00 0.00
0.00 0.00 0.00 0.00 0.00 0.00 0.00 0.00 0.00 2.38 2.74 4.08 5.34 6.09 6.18 5.76 9.44 6.48 2.84 0.00 0.00 0.00 0.00 0.00
0.00 0.00 0.00 0.00 0.00 0.00 0.00 0.00 0.00 29.27 67.48 98.48 124.49 137.51 135.94 120.15 91.87 61.66 24.24 0.00 0.00 0.00 0.00 0.00
0.00 0.00 0.00 0.00 0.00 0.00 0.00 0.00 0.00 0.88 2.04 3.03 3.92 4.39 4.49 4.08 3.37 2.29 1.03 0.00 0.00 0.00 0.00 0.00
0.00 0.00 0.00 0.00 0.00 0.00 0.00 0.00 0.00 39.71 91.84 136.32 176.26 197.74 202.03 183.60 151.78 102.83 46.13 0.00 0.00 0.00 0.00 0.00
0.00 0.00 0.00 0.00 0.00 0.00 0.00 0.00 0.00 50.96 117.87 174.94 226.20 253.77 259.28 235.62 194.78 131.97 59.20 0.00 0.00 0.00 0.00 0.00
0.00 0.00 0.00 0.00 0.00 0.00 0.00 0.00 0.00 88.33 220.85 324.07 425.22 486.56 493.93 447.87 357.43 242.23 108.05 0.00 0.00 0.00 0.00 0.00
0.00 0.00 0.00 0.00 0.00 0.00 0.00 0.00 0.00 2.03 1.97 2.98 3.81 2.84 2.89 2.62 1.91 1.26 0.51 0.00 0.00 0.00 0.00 0.00
0.00 0.00 0.00 0.00 0.00 0.00 0.00 0.00 0.00 2.82 3.07 4.64 5.98 3.66 3.70 3.37 2.47 1.63 0.65 0.00 0.00 0.00 0.00 0.00
0.00 0.00 0.00 0.00 0.00 0.00 0.00 0.00 0.00 9.81 11.31 16.81 22.01 25.11 25.49 23.78 38.95 26.71 11.72 0.00 0.00 0.00 0.00 0.00
0.00 0.00 0.00 0.00 0.00 0.00 0.00 0.00 0.00 49.49 161.33 241.99 322.42 364.01 374.77 337.92 258.03 178.64 80.17 0.00 0.00 0.00 0.00 0.00
0.00 0.00 0.00 0.00 0.00 0.00 0.00 0.00 0.02 0.82 1.53 2.21 2.75 1.28 1.31 1.19 0.72 0.47 0.17 0.00 0.00 0.00 0.00 0.00
0.00 0.00 0.00 0.00 0.00 0.00 0.00 0.00 0.00 13.30 30.90 45.51 58.75 65.86 67.08 59.97 48.99 33.10 14.16 0.00 0.00 0.00 0.00 0.00
0.00 0.00 0.00 0.00 0.00 0.00 0.00 0.00 0.00 1.49 3.71 5.59 7.26 11.29 11.72 10.70 10.60 6.98 3.52 0.00 0.00 0.00 0.00 0.00
0.00 0.00 0.00 0.00 0.00 0.00 0.00 0.00 0.03 1.96 4.01 5.78 7.05 7.40 7.25 6.49 4.93 3.10 0.90 0.00 0.00 0.00 0.00 0.00
0.00 0.00 0.00 0.00 0.00 0.00 0.00 0.00 0.01 0.98 2.01 2.89 3.52 3.70 3.63 3.24 2.46 1.55 0.45 0.00 0.00 0.00 0.00 0.00
0.00 0.00 0.00 0.00 0.00 0.00 0.00 0.00 0.03 2.15 4.39 6.32 7.71 8.10 7.93 7.09 5.39 3.39 0.99 0.00 0.00 0.00 0.00 0.00
0.00 0.00 0.00 0.00 0.00 0.00 0.00 0.00 0.06 2.62 5.15 7.39 9.08 9.22 9.17 8.20 6.33 4.00 1.20 0.00 0.00 0.00 0.00 0.00
0.00 0.00 0.00 0.00 0.00 0.00 0.00 0.00 0.09 3.99 7.84 11.27 13.84 14.05 13.98 12.50 9.64 6.09 1.82 0.00 0.00 0.00 0.00 0.00
0.00 0.00 0.00 0.00 0.00 0.00 0.00 0.00 0.00 3.32 6.71 9.93 12.23 12.49 12.36 10.78 8.38 5.34 1.66 0.00 0.00 0.00 0.00 0.00
0.00 0.00 0.00 0.00 0.00 0.00 0.00 0.00 0.00 2.46 5.71 8.24 10.31 10.95 10.85 9.51 7.11 4.68 1.68 0.00 0.00 0.00 0.00 0.00
0.00 0.00 0.00 0.00 0.00 0.00 0.00 0.00 0.00 6.34 14.74 21.30 26.64 28.29 28.04 24.56 18.37 12.08 4.33 0.00 0.00 0.00 0.00 0.00
0.00 0.00 0.00 0.00 0.00 0.00 0.00 0.00 0.00 1.69 3.70 5.36 6.74 7.24 7.21 6.33 4.90 3.26 1.24 0.00 0.00 0.00 0.00 0.00
0.00 0.00 0.00 0.00 0.00 0.00 0.00 0.00 0.23 3.80 6.95 10.08 12.74 7.26 7.30 6.56 3.40 2.19 0.75 0.00 0.00 0.00 0.00 0.00
0.00 0.00 0.00 0.00 0.00 0.00 0.00 0.00 0.17 6.26 11.73 16.94 20.73 18.74 19.15 17.57 6.90 4.45 1.47 0.00 0.00 0.00 0.00 0.00
0.00 0.00 0.00 0.00 0.00 0.00 0.00 0.00 0.18 1.02 1.78 2.46 2.91 1.86 1.84 1.62 0.92 0.57 0.16 0.00 0.00 0.00 0.00 0.00
0.00 0.00 0.00 0.00 0.00 0.00 0.00 0.00 0.81 5.81 9.13 12.92 15.15 7.90 7.75 6.82 4.17 2.66 0.87 0.00 0.00 0.00 0.00 0.00
0.00 0.00 0.00 0.00 0.00 0.00 0.00 0.00 0.63 3.92 6.62 9.44 10.96 6.13 5.91 5.19 3.23 2.04 0.63 0.00 0.00 0.00 0.00 0.00
0.00 0.00 0.00 0.00 0.00 0.00 0.00 0.00 0.86 5.41 9.14 13.03 15.12 8.46 8.16 7.17 4.45 2.81 0.87 0.00 0.00 0.00 0.00 0.00
0.00 0.00 0.00 0.00 0.00 0.00 0.00 0.00 0.59 3.69 6.22 8.88 10.30 5.77 5.56 4.88 3.03 1.91 0.59 0.00 0.00 0.00 0.00 0.00
0.00 0.00 0.00 0.00 0.00 0.00 0.00 0.00 0.43 3.10 4.87 6.89 8.08 4.22 4.13 3.64 2.23 1.42 0.46 0.00 0.00 0.00 0.00 0.00
0.00 0.00 0.00 0.00 0.00 0.00 0.00 0.00 0.56 3.05 5.22 7.19 8.45 4.67 4.59 4.09 2.54 1.59 0.47 0.00 0.00 0.00 0.00 0.00
0.00 0.00 0.00 0.00 0.00 0.00 0.00 0.00 0.22 2.46 2.83 4.10 4.93 2.96 2.95 2.62 1.68 1.10 0.41 0.00 0.00 0.00 0.00 0.00
0.00 0.00 0.00 0.00 0.00 0.00 0.00 0.00 0.22 6.48 11.87 18.27 23.44 35.37 36.62 33.31 32.39 20.68 9.18 0.00 0.00 0.00 0.00 0.00
0.00 0.00 0.00 0.00 0.00 0.00 0.00 0.00 0.01 3.67 5.79 8.53 10.86 4.56 4.62 4.22 3.24 2.14 0.83 0.00 0.00 0.00 0.00 0.00
0.00 0.00 0.00 0.00 0.00 0.00 0.00 0.00 0.27 6.14 9.95 14.38 17.88 7.40 7.40 6.84 5.26 3.44 1.26 0.00 0.00 0.00 0.00 0.00
0.00 0.00 0.00 0.00 0.00 0.00 0.00 0.00 0.13 2.81 4.56 6.59 8.20 3.39 3.39 3.13 2.41 1.57 0.58 0.00 0.00 0.00 0.00 0.00
0.00 0.00 0.00 0.00 0.00 0.00 0.00 0.00 0.01 4.55 7.53 10.99 13.95 5.78 5.88 5.35 4.12 2.72 1.05 0.00 0.00 0.00 0.00 0.00
0.00 0.00 0.00 0.00 0.00 0.00 0.00 0.00 0.06 2.00 3.71 5.36 6.69 3.12 3.19 2.89 1.75 1.15 0.42 0.00 0.00 0.00 0.00 0.00
0.00 0.00 0.00 0.00 0.00 0.00 0.00 0.00 0.00 10.15 11.71 17.40 22.79 26.00 26.39 24.62 40.32 27.66 12.14 0.00 0.00 0.00 0.00 0.00
0.00 0.00 0.00 0.00 0.00 0.00 0.00 0.00 0.00 7.00 16.14 23.55 29.77 32.88 32.51 28.73 21.97 14.74 5.80 0.00 0.00 0.00 0.00 0.00
0.00 0.00 0.00 0.00 0.00 0.00 0.00 0.00 0.00 1.58 3.54 5.14 6.59 7.08 7.14 6.30 4.95 3.33 1.33 0.00 0.00 0.00 0.00 0.00
0.00 0.00 0.00 0.00 0.00 0.00 0.00 0.00 0.00 1.96 4.15 6.12 7.75 8.45 8.48 7.65 5.90 3.98 1.61 0.00 0.00 0.00 0.00 0.00
0.00 0.00 0.00 0.00 0.00 0.00 0.00 0.00 0.00 3.14 6.64 9.80 12.40 13.53 13.57 12.24 9.45 6.36 2.58 0.00 0.00 0.00 0.00 0.00
0.00 0.00 0.00 0.00 0.00 0.00 0.00 0.00 0.00 63.25 145.57 217.77 288.35 280.95 289.61 267.30 252.46 165.17 78.57 0.00 0.00 0.00 0.00 0.00
