0.00 0.00 0.00 0.00 0.00 0.00 0.00 0.25 1.12 1.96 2.89 3.80 4.58 5.05 5.22 4.93 4.34 3.53 2.55 1.51 0.66 0.00 0.00 0.00
0.00 0.00 0.00 0.00 0.00 0.00 0.00 6.31 22.55 37.76 56.94 73.11 84.69 90.99 90.76 84.29 69.67 55.22 36.86 17.66 4.46 0.00 0.00 0.00
0.00 0.00 0.00 0.00 0.00 0.00 0.00 5.69 25.69 44.77 66.16 86.91 104.72 115.53 119.28 112.65 99.16 80.69 58.26 34.46 15.07 0.00 0.00 0.00
0.00 0.00 0.00 0.00 0.00 0.00 0.00 20.21 91.31 159.13 235.12 308.87 372.19 410.59 423.92 400.36 352.39 286.75 207.05 122.47 53.57 0.00 0.00 0.00
0.00 0.00 0.00 0.00 0.00 0.00 0.00 1.65 4.31 7.14 10.39 13.04 14.73 16.41 16.26 14.61 11.90 9.29 6.17 2.51 0.50 0.00 0.00 0.00
0.00 0.00 0.00 0.00 0.00 0.00 0.00 30.98 194.14 350.36 527.49 696.35 835.59 905.48 928.42 882.65 808.12 656.87 464.68 270.42 120.52 0.00 0.00 0.00
0.00 0.00 0.00 0.00 0.00 0.00 0.00 0.98 2.58 4.25 5.76 7.37 8.47 5.42 5.49 5.16 7.42 5.87 4.01 2.14 0.72 0.00 0.00 0.00
0.00 0.00 0.00 0.00 0.00 0.00 0.00 0.43 1.41 2.33 3.45 4.37 4.98 5.66 5.76 5.40 4.50 3.50 2.37 1.15 0.31 0.00 0.00 0.00
0.00 0.00 0.00 0.00 0.00 0.00 0.00 0.68 2.26 3.73 5.52 6.99 7.97 9.05 9.22 8.63 7.20 5.60 3.79 1.84 0.50 0.00 0.00 0.00
0.00 0.00 0.00 0.00 0.00 0.00 0.00 0.68 2.26 3.73 5.52 6.99 7.97 9.05 9.22 8.63 7.20 5.60 3.79 1.84 0.50 0.00 0.00 0.00
0.00 0.00 0.00 0.00 0.00 0.00 0.00 1.32 4.55 7.60 11.64 15.62 18.50 20.79 20.73 19.58 18.19 14.65 10.12 4.66 1.50 0.00 0.00 0.00
0.00 0.00 0.00 0.00 0.00 0.00 0.00 0.63 2.19 3.65 5.54 7.42 8.78 10.07 10.14 9.51 8.71 6.95 4.77 2.33 0.74 0.00 0.00 0.00
0.00 0.00 0.00 0.00 0.00 0.00 0.00 0.81 2.81 4.69 7.12 9.54 11.29 12.95 13.04 12.23 11.20 8.94 6.14 2.99 0.95 0.00 0.00 0.00
0.00 0.00 0.00 0.00 0.00 0.00 0.00 0.54 1.87 3.13 4.75 6.36 7.52 8.64 8.69 8.15 7.46 5.96 4.09 1.99 0.63 0.00 0.00 0.00
0.00 0.00 0.00 0.00 0.00 0.00 0.00 0.54 1.87 3.13 4.75 6.36 7.52 8.64 8.69 8.15 7.46 5.96 4.09 1.99 0.63 0.00 0.00 0.00
0.00 0.00 0.00 0.00 0.00 0.00 0.00 4.65 24.80 43.67 67.02 87.20 99.01 110.42 112.22 106.79 97.68 76.76 51.92 25.02 7.31 0.00 0.00 0.00
0.00 0.00 0.00 0.00 0.00 0.00 0.00 4.42 14.52 24.03 36.04 47.55 56.51 62.24 62.67 58.60 54.41 43.58 30.56 10.64 3.38 0.00 0.00 0.00
0.00 0.00 0.00 0.00 0.00 0.00 0.00 3.96 12.98 21.47 30.97 39.38 46.16 50.91 51.36 48.85 39.93 31.76 21.94 5.50 1.86 0.00 0.00 0.00
0.00 0.00 0.00 0.00 0.00 0.00 0.00 9.14 57.26 103.34 155.59 205.40 246.47 267.08 273.85 260.35 238.37 193.75 137.06 79.76 35.55 0.00 0.00 0.00
0.00 0.00 0.00 0.00 0.00 0.00 0.00 8.69 54.47 98.30 148.00 195.38 234.45 254.05 260.49 247.65 226.74 184.30 130.38 75.87 33.82 0.00 0.00 0.00
0.00 0.00 0.00 0.00 0.00 0.00 0.00 16.72 104.75 189.04 284.62 375.73 450.86 488.57 500.95 476.25 436.03 354.43 250.73 145.91 65.03 0.00 0.00 0.00
0.00 0.00 0.00 0.00 0.00 0.00 0.00 16.44 103.01 185.89 279.87 369.47 443.35 480.42 492.60 468.32 428.77 348.52 246.55 143.48 63.95 0.00 0.00 0.00
0.00 0.00 0.00 0.00 0.00 0.00 0.00 28.72 124.11 215.21 308.12 407.55 493.42 520.30 533.44 525.44 476.44 385.50 279.75 167.34 75.84 0.00 0.00 0.00
0.00 0.00 0.00 0.00 0.00 0.00 0.00 0.43 1.41 2.33 3.45 4.37 4.98 5.66 5.76 5.40 4.50 3.50 2.37 1.15 0.31 0.00 0.00 0.00
0.00 0.00 0.00 0.00 0.00 0.00 0.00 2.17 7.16 11.81 17.48 22.15 25.24 28.66 29.18 27.34 22.80 17.74 11.99 5.82 1.59 0.00 0.00 0.00
0.00 0.00 0.00 0.00 0.00 0.00 0.00 11.05 36.54 60.30 89.27 113.08 128.85 146.33 148.99 139.57 116.39 90.56 61.22 29.69 8.11 0.00 0.00 0.00
0.00 0.00 0.00 0.00 0.00 0.00 0.00 0.62 3.91 7.06 10.63 14.03 16.83 18.24 18.70 17.78 16.28 13.23 9.36 5.45 2.43 0.00 0.00 0.00
0.00 0.00 0.00 0.00 0.00 0.00 0.00 19.89 89.88 156.65 231.45 304.05 366.38 404.19 417.31 394.12 346.90 282.28 203.83 120.56 52.73 0.00 0.00 0.00
0.00 0.00 0.00 0.00 0.00 0.00 0.00 1.23 5.70 9.95 14.98 20.74 26.20 29.95 30.71 29.64 27.10 21.76 15.12 8.92 3.31 0.00 0.00 0.00
0.00 0.00 0.00 0.00 0.00 0.00 0.00 14.97 49.12 81.65 120.31 153.55 178.87 192.72 201.97 192.56 160.56 131.20 94.02 58.14 24.42 0.00 0.00 0.00
0.00 0.00 0.00 0.00 0.00 0.00 0.00 0.33 1.50 2.61 3.86 5.07 6.11 6.74 6.96 6.57 5.78 4.70 3.40 2.01 0.88 0.00 0.00 0.00
0.00 0.00 0.00 0.00 0.00 0.00 0.00 14.92 67.41 117.48 173.59 228.04 274.79 303.14 312.98 295.59 260.17 211.71 152.87 90.42 39.55 0.00 0.00 0.00
0.00 0.00 0.00 0.00 0.00 0.00 0.00 19.15 86.51 150.77 222.77 292.65 352.64 389.03 401.66 379.34 333.89 271.70 196.18 116.04 50.75 0.00 0.00 0.00
0.00 0.00 0.00 0.00 0.00 0.00 0.00 37.88 163.68 283.81 406.33 537.46 650.69 686.15 703.48 692.93 628.31 508.38 368.92 220.68 100.01 0.00 0.00 0.00
0.00 0.00 0.00 0.00 0.00 0.00 0.00 0.90 3.36 5.68 8.71 11.44 13.53 15.67 15.72 14.85 13.78 10.78 7.45 3.74 1.20 0.00 0.00 0.00
0.00 0.00 0.00 0.00 0.00 0.00 0.00 1.16 4.27 7.19 10.90 14.23 16.95 19.58 19.73 18.73 17.15 13.36 9.36 4.71 1.51 0.00 0.00 0.00
0.00 0.00 0.00 0.00 0.00 0.00 0.00 5.07 23.50 41.05 61.78 85.56 108.07 123.54 126.68 122.28 111.77 89.76 62.35 36.81 13.65 0.00 0.00 0.00
0.00 0.00 0.00 0.00 0.00 0.00 0.00 31.07 128.30 223.85 335.30 438.14 525.44 550.96 567.11 536.08 472.39 383.84 282.26 178.91 89.63 0.00 0.00 0.00
0.00 0.00 0.00 0.00 0.00 0.00 0.00 0.38 1.19 1.96 2.96 3.86 4.51 4.96 4.96 4.68 4.19 3.35 2.34 0.69 0.21 0.00 0.00 0.00
0.00 0.00 0.00 0.00 0.00 0.00 0.00 6.22 24.23 41.40 60.48 77.79 92.35 99.54 100.97 95.56 82.23 67.02 49.31 30.24 13.04 0.00 0.00 0.00
0.00 0.00 0.00 0.00 0.00 0.00 0.00 0.54 6.76 12.77 18.98 25.33 30.45 33.06 33.52 30.78 27.77 22.20 15.89 9.50 4.35 0.00 0.00 0.00
0.00 0.00 0.00 0.00 0.00 0.00 0.00 1.21 3.10 5.09 6.63 8.42 9.66 5.75 5.78 5.46 7.94 6.20 4.19 2.43 0.80 0.00 0.00 0.00
0.00 0.00 0.00 0.00 0.00 0.00 0.00 0.61 1.55 2.54 3.32 4.21 4.83 2.87 2.89 2.73 3.97 3.10 2.10 1.22 0.40 0.00 0.00 0.00
0.00 0.00 0.00 0.00 0.00 0.00 0.00 1.33 3.39 5.57 7.25 9.21 10.57 6.29 6.32 5.97 8.68 6.78 4.58 2.66 0.87 0.00 0.00 0.00
0.00 0.00 0.00 0.00 0.00 0.00 0.00 1.57 4.07 6.70 9.04 11.33 13.04 9.00 9.06 8.53 9.94 7.73 5.30 3.11 1.00 0.00 0.00 0.00
0.00 0.00 0.00 0.00 0.00 0.00 0.00 2.39 6.21 10.21 13.78 17.26 19.86 13.72 13.80 13.00 15.15 11.77 8.07 4.73 1.53 0.00 0.00 0.00
0.00 0.00 0.00 0.00 0.00 0.00 0.00 1.97 5.23 8.57 11.90 15.36 17.44 13.18 13.27 12.50 15.08 12.01 8.13 4.38 1.47 0.00 0.00 0.00
0.00 0.00 0.00 0.00 0.00 0.00 0.00 1.43 4.19 6.81 9.87 12.41 14.36 15.06 15.71 15.36 13.89 11.05 7.79 4.59 1.86 0.00 0.00 0.00
0.00 0.00 0.00 0.00 0.00 0.00 0.00 3.71 10.83 17.60 25.50 32.07 37.11 38.90 40.58 39.68 35.88 28.55 20.13 11.85 4.82 0.00 0.00 0.00
0.00 0.00 0.00 0.00 0.00 0.00 0.00 0.87 2.73 4.50 6.55 8.35 9.72 10.50 10.74 10.36 8.96 7.23 5.06 3.05 1.22 0.00 0.00 0.00
0.00 0.00 0.00 0.00 0.00 0.00 0.00 1.86 5.48 8.95 12.99 17.20 19.96 22.06 22.32 20.63 18.82 14.89 10.32 2.45 0.72 0.00 0.00 0.00
0.00 0.00 0.00 0.00 0.00 0.00 0.00 3.48 9.80 15.91 22.06 28.32 33.59 36.61 37.24 34.87 20.67 16.29 11.04 6.74 2.13 0.00 0.00 0.00
0.00 0.00 0.00 0.00 0.00 0.00 0.00 0.54 1.41 2.26 3.15 3.96 4.41 5.10 4.98 4.60 3.94 3.08 2.03 0.86 0.19 0.00 0.00 0.00
0.00 0.00 0.00 0.00 0.00 0.00 0.00 2.73 7.79 12.74 18.28 22.57 25.24 29.35 29.48 27.19 22.51 17.29 11.35 4.91 1.18 0.00 0.00 0.00
0.00 0.00 0.00 0.00 0.00 0.00 0.00 1.98 5.40 8.79 12.41 15.47 16.87 19.15 18.63 17.44 14.59 11.25 7.49 3.21 0.73 0.00 0.00 0.00
0.00 0.00 0.00 0.00 0.00 0.00 0.00 2.73 7.45 12.14 17.13 21.36 23.28 26.43 25.71 24.07 20.13 15.52 10.34 4.43 1.00 0.00 0.00 0.00
0.00 0.00 0.00 0.00 0.00 0.00 0.00 1.86 5.07 8.27 11.67 14.55 15.86 18.00 17.52 16.40 13.71 10.57 7.04 3.02 0.68 0.00 0.00 0.00
0.00 0.00 0.00 0.00 0.00 0.00 0.00 1.45 4.16 6.79 9.75 12.04 13.46 15.65 15.72 14.50 12.01 9.22 6.05 2.62 0.63 0.00 0.00 0.00
0.00 0.00 0.00 0.00 0.00 0.00 0.00 1.47 3.92 6.40 9.24 11.48 12.80 14.15 14.11 12.97 10.43 8.18 5.58 2.35 0.48 0.00 0.00 0.00
0.00 0.00 0.00 0.00 0.00 0.00 0.00 1.23 4.05 6.68 9.89 12.53 14.28 16.22 16.51 15.47 12.90 10.04 6.78 3.29 0.90 0.00 0.00 0.00
0.00 0.00 0.00 0.00 0.00 0.00 0.00 6.05 32.27 56.84 87.24 113.50 128.87 143.72 146.07 138.99 127.14 99.91 67.58 32.57 9.51 0.00 0.00 0.00
0.00 0.00 0.00 0.00 0.00 0.00 0.00 1.49 5.16 8.61 13.20 17.71 20.97 23.56 23.49 22.19 20.62 16.60 11.46 5.29 1.70 0.00 0.00 0.00
0.00 0.00 0.00 0.00 0.00 0.00 0.00 2.56 8.17 13.41 20.42 26.79 31.88 35.95 36.48 33.91 30.44 24.22 16.76 7.83 2.35 0.00 0.00 0.00
0.00 0.00 0.00 0.00 0.00 0.00 0.00 1.17 3.74 6.15 9.36 12.28 14.61 16.48 16.72 15.54 13.95 11.10 7.68 3.59 1.08 0.00 0.00 0.00
0.00 0.00 0.00 0.00 0.00 0.00 0.00 1.87 6.41 10.69 16.32 21.82 25.89 28.78 28.51 26.92 25.10 20.12 14.07 6.11 1.97 0.00 0.00 0.00
0.00 0.00 0.00 0.00 0.00 0.00 0.00 0.92 2.90 4.76 7.19 9.37 10.96 12.04 12.04 11.35 10.18 8.13 5.69 1.67 0.52 0.00 0.00 0.00
0.00 0.00 0.00 0.00 0.00 0.00 0.00 5.24 24.34 42.50 63.96 88.58 111.89 127.91 131.16 126.61 115.72 92.93 64.56 38.11 14.13 0.00 0.00 0.00
0.00 0.00 0.00 0.00 0.00 0.00 0.00 3.58 11.75 19.52 28.77 36.72 42.77 46.08 48.30 46.05 38.40 31.38 22.48 13.90 5.84 0.00 0.00 0.00
0.00 0.00 0.00 0.00 0.00 0.00 0.00 0.77 2.62 4.38 6.56 8.34 9.81 10.48 10.68 10.20 8.31 6.74 4.78 3.08 1.28 0.00 0.00 0.00
0.00 0.00 0.00 0.00 0.00 0.00 0.00 0.91 3.19 5.36 7.87 10.04 11.74 12.90 13.30 12.93 11.55 9.15 6.50 3.87 1.56 0.00 0.00 0.00
0.00 0.00 0.00 0.00 0.00 0.00 0.00 1.45 5.11 8.58 12.59 16.07 18.79 20.64 21.28 20.69 18.48 14.63 10.39 6.19 2.50 0.00 0.00 0.00
0.00 0.00 0.00 0.00 0.00 0.00 0.00 17.00 106.50 192.19 289.36 381.99 458.37 496.71 509.30 484.19 443.30 360.33 254.91 148.34 66.11 0.00 0.00 0.00
