0.00 0.00 0.00 0.00 0.00 0.00 0.00 0.00 0.00 0.51 1.44 2.18 2.84 3.16 3.22 2.92 2.28 1.53 0.66 0.00 0.00 0.00 0.00 0.00
0.00 0.00 0.00 0.00 0.00 0.00 0.00 0.00 0.55 14.84 30.90 44.37 54.13 58.15 56.40 50.45 39.64 26.07 9.72 0.00 0.00 0.00 0.00 0.00
0.00 0.00 0.00 0.00 0.00 0.00 0.00 0.00 0.00 11.76 33.02 49.85 64.84 72.15 73.64 66.71 52.05 34.98 15.05 0.00 0.00 0.00 0.00 0.00
0.00 0.00 0.00 0.00 0.00 0.00 0.00 0.00 0.00 41.78 117.34 177.18 230.44 256.41 261.71 237.09 184.97 124.30 53.49 0.00 0.00 0.00 0.00 0.00
0.00 0.00 0.00 0.00 0.00 0.00 0.00 0.00 0.36 2.86 5.67 8.00 9.32 9.59 9.29 8.25 6.19 3.84 1.01 0.00 0.00 0.00 0.00 0.00
0.00 0.00 0.00 0.00 0.00 0.00 0.00 0.00 0.00 92.39 270.06 409.81 544.16 605.83 620.90 568.65 432.06 282.07 130.45 0.00 0.00 0.00 0.00 0.00
0.00 0.00 0.00 0.00 0.00 0.00 0.00 0.00 0.00 1.22 2.82 4.29 5.22 5.56 5.50 4.83 3.61 2.26 0.63 0.00 0.00 0.00 0.00 0.00
0.00 0.00 0.00 0.00 0.00 0.00 0.00 0.00 0.01 0.85 1.76 2.57 3.08 3.34 3.32 2.95 2.28 1.49 0.53 0.00 0.00 0.00 0.00 0.00
0.00 0.00 0.00 0.00 0.00 0.00 0.00 0.00 0.01 1.37 2.82 4.11 4.93 5.35 5.32 4.71 3.64 2.38 0.85 0.00 0.00 0.00 0.00 0.00
0.00 0.00 0.00 0.00 0.00 0.00 0.00 0.00 0.01 1.37 2.82 4.11 4.93 5.35 5.32 4.71 3.64 2.38 0.85 0.00 0.00 0.00 0.00 0.00
0.00 0.00 0.00 0.00 0.00 0.00 0.00 0.00 0.00 2.67 5.89 8.75 11.15 12.46 12.59 11.44 8.94 5.89 2.19 0.00 0.00 0.00 0.00 0.00
0.00 0.00 0.00 0.00 0.00 0.00 0.00 0.00 0.00 1.28 2.81 4.21 5.40 5.90 5.93 5.39 4.19 2.76 1.03 0.00 0.00 0.00 0.00 0.00
0.00 0.00 0.00 0.00 0.00 0.00 0.00 0.00 0.00 1.65 3.61 5.41 6.94 7.59 7.62 6.93 5.38 3.54 1.32 0.00 0.00 0.00 0.00 0.00
0.00 0.00 0.00 0.00 0.00 0.00 0.00 0.00 0.00 1.10 2.41 3.61 4.63 5.06 5.08 4.62 3.59 2.36 0.88 0.00 0.00 0.00 0.00 0.00
0.00 0.00 0.00 0.00 0.00 0.00 0.00 0.00 0.00 1.10 2.41 3.61 4.63 5.06 5.08 4.62 3.59 2.36 0.88 0.00 0.00 0.00 0.00 0.00
0.00 0.00 0.00 0.00 0.00 0.00 0.00 0.00 0.00 14.87 33.09 50.84 64.66 72.77 75.23 68.22 53.43 34.16 14.84 0.00 0.00 0.00 0.00 0.00
0.00 0.00 0.00 0.00 0.00 0.00 0.00 0.00 0.00 8.25 18.15 26.41 34.02 37.94 38.87 35.09 26.68 17.48 6.26 0.00 0.00 0.00 0.00 0.00
0.00 0.00 0.00 0.00 0.00 0.00 0.00 0.00 0.00 6.84 15.33 22.37 28.93 31.39 30.90 27.84 21.81 14.35 5.17 0.00 0.00 0.00 0.00 0.00
0.00 0.00 0.00 0.00 0.00 0.00 0.00 0.00 0.00 27.25 79.66 120.88 160.51 178.70 183.14 167.73 127.44 83.20 38.48 0.00 0.00 0.00 0.00 0.00
0.00 0.00 0.00 0.00 0.00 0.00 0.00 0.00 0.00 25.92 75.77 114.98 152.68 169.98 174.21 159.55 121.23 79.14 36.60 0.00 0.00 0.00 0.00 0.00
0.00 0.00 0.00 0.00 0.00 0.00 0.00 0.00 0.00 49.85 145.71 221.12 293.61 326.89 335.02 306.82 233.13 152.19 70.39 0.00 0.00 0.00 0.00 0.00
0.00 0.00 0.00 0.00 0.00 0.00 0.00 0.00 0.00 49.02 143.29 217.44 288.72 321.44 329.43 301.71 229.24 149.66 69.21 0.00 0.00 0.00 0.00 0.00
0.00 0.00 0.00 0.00 0.00 0.00 0.00 0.00 0.00 51.14 150.58 225.91 299.41 342.30 348.03 315.40 249.22 167.34 71.36 0.00 0.00 0.00 0.00 0.00
0.00 0.00 0.00 0.00 0.00 0.00 0.00 0.00 0.01 0.85 1.76 2.57 3.08 3.34 3.32 2.95 2.28 1.49 0.53 0.00 0.00 0.00 0.00 0.00
0.00 0.00 0.00 0.00 0.00 0.00 0.00 0.00 0.04 4.32 8.93 13.00 15.60 16.94 16.83 14.92 11.53 7.55 2.70 0.00 0.00 0.00 0.00 0.00
0.00 0.00 0.00 0.00 0.00 0.00 0.00 0.00 0.20 22.08 45.60 66.37 79.63 86.48 85.93 76.18 58.89 38.53 13.77 0.00 0.00 0.00 0.00 0.00
0.00 0.00 0.00 0.00 0.00 0.00 0.00 0.00 0.00 1.86 5.44 8.26 10.96 12.20 12.51 11.45 8.70 5.68 2.63 0.00 0.00 0.00 0.00 0.00
0.00 0.00 0.00 0.00 0.00 0.00 0.00 0.00 0.00 41.13 115.51 174.42 226.85 252.41 257.63 233.40 182.09 122.37 52.66 0.00 0.00 0.00 0.00 0.00
0.00 0.00 0.00 0.00 0.00 0.00 0.00 0.00 0.00 3.64 8.69 12.98 16.93 19.59 19.86 18.47 14.36 9.84 4.19 0.00 0.00 0.00 0.00 0.00
0.00 0.00 0.00 0.00 0.00 0.00 0.00 0.00 0.00 21.55 58.34 86.78 110.58 123.13 122.08 107.98 82.51 54.78 20.23 0.00 0.00 0.00 0.00 0.00
0.00 0.00 0.00 0.00 0.00 0.00 0.00 0.00 0.00 0.69 1.93 2.91 3.78 4.21 4.29 3.89 3.03 2.04 0.88 0.00 0.00 0.00 0.00 0.00
0.00 0.00 0.00 0.00 0.00 0.00 0.00 0.00 0.00 30.85 86.63 130.81 170.14 189.31 193.22 175.05 136.56 91.78 39.49 0.00 0.00 0.00 0.00 0.00
0.00 0.00 0.00 0.00 0.00 0.00 0.00 0.00 0.00 39.59 111.18 167.88 218.34 242.95 247.97 224.64 175.26 117.78 50.68 0.00 0.00 0.00 0.00 0.00
0.00 0.00 0.00 0.00 0.00 0.00 0.00 0.00 0.00 67.44 198.58 297.92 394.85 451.41 458.97 415.94 328.66 220.67 94.11 0.00 0.00 0.00 0.00 0.00
0.00 0.00 0.00 0.00 0.00 0.00 0.00 0.00 0.00 2.02 4.35 6.61 8.43 9.39 9.52 8.59 6.74 4.44 1.72 0.00 0.00 0.00 0.00 0.00
0.00 0.00 0.00 0.00 0.00 0.00 0.00 0.00 0.00 2.50 5.40 8.23 10.58 11.70 11.82 10.71 8.38 5.53 2.13 0.00 0.00 0.00 0.00 0.00
0.00 0.00 0.00 0.00 0.00 0.00 0.00 0.00 0.00 15.01 35.84 53.55 69.84 80.82 81.92 76.20 59.22 40.58 17.27 0.00 0.00 0.00 0.00 0.00
0.00 0.00 0.00 0.00 0.00 0.00 0.00 0.00 0.00 35.65 139.21 214.82 289.70 330.55 342.56 310.15 239.52 163.98 69.87 0.00 0.00 0.00 0.00 0.00
0.00 0.00 0.00 0.00 0.00 0.00 0.00 0.00 0.00 0.67 1.45 2.12 2.66 2.93 2.98 2.69 2.08 1.36 0.47 0.00 0.00 0.00 0.00 0.00
0.00 0.00 0.00 0.00 0.00 0.00 0.00 0.00 0.00 10.23 28.09 42.22 54.99 62.42 63.61 56.78 44.63 29.85 12.15 0.00 0.00 0.00 0.00 0.00
0.00 0.00 0.00 0.00 0.00 0.00 0.00 0.00 0.00 3.38 9.95 15.21 19.84 21.95 22.88 20.92 15.51 10.21 5.06 0.00 0.00 0.00 0.00 0.00
0.00 0.00 0.00 0.00 0.00 0.00 0.00 0.00 0.00 1.49 3.39 4.94 6.03 6.50 6.36 5.67 4.20 2.61 0.68 0.00 0.00 0.00 0.00 0.00
0.00 0.00 0.00 0.00 0.00 0.00 0.00 0.00 0.00 0.74 1.70 2.47 3.02 3.25 3.18 2.84 2.10 1.30 0.34 0.00 0.00 0.00 0.00 0.00
0.00 0.00 0.00 0.00 0.00 0.00 0.00 0.00 0.00 1.63 3.71 5.40 6.60 7.11 6.96 6.21 4.59 2.85 0.74 0.00 0.00 0.00 0.00 0.00
0.00 0.00 0.00 0.00 0.00 0.00 0.00 0.00 0.00 1.95 4.41 6.39 7.86 8.35 8.31 7.41 5.49 3.43 0.93 0.00 0.00 0.00 0.00 0.00
0.00 0.00 0.00 0.00 0.00 0.00 0.00 0.00 0.00 2.97 6.71 9.74 11.98 12.73 12.66 11.29 8.36 5.23 1.41 0.00 0.00 0.00 0.00 0.00
0.00 0.00 0.00 0.00 0.00 0.00 0.00 0.00 0.00 2.48 5.74 8.59 10.60 11.32 11.20 9.74 7.27 4.58 1.29 0.00 0.00 0.00 0.00 0.00
0.00 0.00 0.00 0.00 0.00 0.00 0.00 0.00 0.00 1.82 4.79 7.06 8.93 9.77 9.71 8.50 6.34 4.11 1.36 0.00 0.00 0.00 0.00 0.00
0.00 0.00 0.00 0.00 0.00 0.00 0.00 0.00 0.00 4.70 12.37 18.25 23.06 25.24 25.07 21.96 16.37 10.63 3.52 0.00 0.00 0.00 0.00 0.00
0.00 0.00 0.00 0.00 0.00 0.00 0.00 0.00 0.00 1.22 3.19 4.70 5.96 6.54 6.53 5.74 4.41 2.90 1.03 0.00 0.00 0.00 0.00 0.00
0.00 0.00 0.00 0.00 0.00 0.00 0.00 0.00 0.00 3.03 6.49 9.50 12.03 12.79 12.83 11.48 8.90 5.72 1.85 0.00 0.00 0.00 0.00 0.00
0.00 0.00 0.00 0.00 0.00 0.00 0.00 0.00 0.00 4.80 10.71 15.61 19.12 20.49 20.93 19.17 14.45 9.22 2.83 0.00 0.00 0.00 0.00 0.00
0.00 0.00 0.00 0.00 0.00 0.00 0.00 0.00 0.08 0.81 1.64 2.28 2.71 2.88 2.86 2.50 1.93 1.20 0.31 0.00 0.00 0.00 0.00 0.00
0.00 0.00 0.00 0.00 0.00 0.00 0.00 0.00 0.32 4.73 9.62 13.72 16.11 16.74 16.40 14.38 10.94 6.96 2.13 0.00 0.00 0.00 0.00 0.00
0.00 0.00 0.00 0.00 0.00 0.00 0.00 0.00 0.29 3.18 6.41 9.22 10.73 11.48 11.05 9.68 7.29 4.58 1.31 0.00 0.00 0.00 0.00 0.00
0.00 0.00 0.00 0.00 0.00 0.00 0.00 0.00 0.40 4.38 8.84 12.73 14.81 15.84 15.25 13.36 10.05 6.32 1.81 0.00 0.00 0.00 0.00 0.00
0.00 0.00 0.00 0.00 0.00 0.00 0.00 0.00 0.27 2.99 6.02 8.67 10.09 10.79 10.39 9.10 6.85 4.30 1.23 0.00 0.00 0.00 0.00 0.00
0.00 0.00 0.00 0.00 0.00 0.00 0.00 0.00 0.17 2.52 5.13 7.32 8.59 8.93 8.75 7.67 5.83 3.71 1.14 0.00 0.00 0.00 0.00 0.00
0.00 0.00 0.00 0.00 0.00 0.00 0.00 0.00 0.30 2.54 5.04 7.01 8.26 8.55 8.40 7.48 5.55 3.45 0.94 0.00 0.00 0.00 0.00 0.00
0.00 0.00 0.00 0.00 0.00 0.00 0.00 0.00 0.02 2.45 5.05 7.36 8.82 9.58 9.52 8.44 6.53 4.27 1.53 0.00 0.00 0.00 0.00 0.00
0.00 0.00 0.00 0.00 0.00 0.00 0.00 0.00 0.00 19.36 43.07 66.17 84.16 94.72 97.92 88.79 69.55 44.46 19.31 0.00 0.00 0.00 0.00 0.00
0.00 0.00 0.00 0.00 0.00 0.00 0.00 0.00 0.00 3.02 6.68 9.92 12.63 14.13 14.27 12.97 10.13 6.68 2.48 0.00 0.00 0.00 0.00 0.00
0.00 0.00 0.00 0.00 0.00 0.00 0.00 0.00 0.00 5.06 10.79 15.72 19.54 20.81 20.75 19.07 15.01 9.80 3.43 0.00 0.00 0.00 0.00 0.00
0.00 0.00 0.00 0.00 0.00 0.00 0.00 0.00 0.00 2.32 4.95 7.20 8.96 9.54 9.51 8.74 6.88 4.49 1.57 0.00 0.00 0.00 0.00 0.00
0.00 0.00 0.00 0.00 0.00 0.00 0.00 0.00 0.00 3.74 8.27 12.18 15.47 17.46 17.73 16.04 12.52 8.26 3.06 0.00 0.00 0.00 0.00 0.00
0.00 0.00 0.00 0.00 0.00 0.00 0.00 0.00 0.00 1.62 3.53 5.16 6.45 7.12 7.25 6.54 5.06 3.30 1.14 0.00 0.00 0.00 0.00 0.00
0.00 0.00 0.00 0.00 0.00 0.00 0.00 0.00 0.00 15.54 37.10 55.44 72.31 83.68 84.81 78.89 61.32 42.01 17.88 0.00 0.00 0.00 0.00 0.00
0.00 0.00 0.00 0.00 0.00 0.00 0.00 0.00 0.00 5.15 13.95 20.75 26.44 29.44 29.19 25.82 19.73 13.10 4.84 0.00 0.00 0.00 0.00 0.00
0.00 0.00 0.00 0.00 0.00 0.00 0.00 0.00 0.00 1.17 3.10 4.59 5.93 6.53 6.58 5.81 4.51 3.00 1.13 0.00 0.00 0.00 0.00 0.00
0.00 0.00 0.00 0.00 0.00 0.00 0.00 0.00 0.00 1.50 3.81 5.72 7.28 8.04 8.07 7.27 5.74 3.83 1.47 0.00 0.00 0.00 0.00 0.00
0.00 0.00 0.00 0.00 0.00 0.00 0.00 0.00 0.00 2.40 6.10 9.15 11.65 12.86 12.91 11.63 9.18 6.13 2.36 0.00 0.00 0.00 0.00 0.00
0.00 0.00 0.00 0.00 0.00 0.00 0.00 0.00 0.00 50.68 148.14 224.81 298.51 332.34 340.60 311.94 237.01 154.73 71.56 0.00 0.00 0.00 0.00 0.00
