0.00 0.00 0.00 0.00 0.00 0.00 0.00 0.00 0.00 0.11 1.05 1.78 2.53 3.02 3.14 2.94 2.38 1.60 0.79 0.00 0.00 0.00 0.00 0.00
0.00 0.00 0.00 0.00 0.00 0.00 0.00 0.00 0.00 7.23 18.00 27.25 35.57 36.70 36.91 35.02 27.51 18.49 8.32 0.00 0.00 0.00 0.00 0.00
0.00 0.00 0.00 0.00 0.00 0.00 0.00 0.00 0.00 2.45 23.97 40.81 57.79 69.10 71.79 67.20 54.53 36.67 17.99 0.00 0.00 0.00 0.00 0.00
0.00 0.00 0.00 0.00 0.00 0.00 0.00 0.00 0.00 8.71 85.19 145.04 205.39 245.58 255.15 238.81 193.80 130.34 63.94 0.00 0.00 0.00 0.00 0.00
0.00 0.00 0.00 0.00 0.00 0.00 0.00 0.00 0.00 1.44 4.05 5.97 7.66 8.65 8.74 7.87 6.28 4.11 1.47 0.00 0.00 0.00 0.00 0.00
0.00 0.00 0.00 0.00 0.00 0.00 0.00 0.00 0.00 17.59 194.35 334.28 478.64 594.71 618.95 574.89 464.74 318.03 165.19 0.00 0.00 0.00 0.00 0.00
0.00 0.00 0.00 0.00 0.00 0.00 0.00 0.00 0.00 0.55 2.15 3.32 4.44 5.12 5.20 4.69 3.64 2.40 0.87 0.00 0.00 0.00 0.00 0.00
0.00 0.00 0.00 0.00 0.00 0.00 0.00 0.00 0.00 0.42 1.26 1.89 2.45 2.67 2.77 2.58 1.93 1.30 0.56 0.00 0.00 0.00 0.00 0.00
0.00 0.00 0.00 0.00 0.00 0.00 0.00 0.00 0.00 0.67 2.01 3.02 3.93 4.27 4.44 4.13 3.10 2.08 0.90 0.00 0.00 0.00 0.00 0.00
0.00 0.00 0.00 0.00 0.00 0.00 0.00 0.00 0.00 0.67 2.01 3.02 3.93 4.27 4.44 4.13 3.10 2.08 0.90 0.00 0.00 0.00 0.00 0.00
0.00 0.00 0.00 0.00 0.00 0.00 0.00 0.00 0.00 1.28 4.50 6.95 9.44 10.63 11.05 10.41 8.77 6.02 2.68 0.00 0.00 0.00 0.00 0.00
0.00 0.00 0.00 0.00 0.00 0.00 0.00 0.00 0.00 0.61 2.12 3.27 4.50 5.12 5.26 4.94 4.15 2.81 1.25 0.00 0.00 0.00 0.00 0.00
0.00 0.00 0.00 0.00 0.00 0.00 0.00 0.00 0.00 0.79 2.73 4.20 5.78 6.58 6.76 6.35 5.33 3.61 1.61 0.00 0.00 0.00 0.00 0.00
0.00 0.00 0.00 0.00 0.00 0.00 0.00 0.00 0.00 0.53 1.82 2.80 3.85 4.39 4.51 4.23 3.56 2.41 1.07 0.00 0.00 0.00 0.00 0.00
0.00 0.00 0.00 0.00 0.00 0.00 0.00 0.00 0.00 0.53 1.82 2.80 3.85 4.39 4.51 4.23 3.56 2.41 1.07 0.00 0.00 0.00 0.00 0.00
0.00 0.00 0.00 0.00 0.00 0.00 0.00 0.00 0.00 7.29 24.44 37.49 52.44 59.70 62.22 59.20 49.11 33.32 16.71 0.00 0.00 0.00 0.00 0.00
0.00 0.00 0.00 0.00 0.00 0.00 0.00 0.00 0.00 4.06 14.27 21.96 29.31 32.77 34.10 31.83 26.93 18.01 7.82 0.00 0.00 0.00 0.00 0.00
0.00 0.00 0.00 0.00 0.00 0.00 0.00 0.00 0.00 3.27 12.46 19.39 25.83 29.44 30.11 28.05 22.75 15.55 6.74 0.00 0.00 0.00 0.00 0.00
0.00 0.00 0.00 0.00 0.00 0.00 0.00 0.00 0.00 5.19 57.33 98.60 141.18 175.42 182.57 169.57 137.08 93.81 48.72 0.00 0.00 0.00 0.00 0.00
0.00 0.00 0.00 0.00 0.00 0.00 0.00 0.00 0.00 4.94 54.53 93.79 134.29 166.86 173.66 161.30 130.39 89.23 46.35 0.00 0.00 0.00 0.00 0.00
0.00 0.00 0.00 0.00 0.00 0.00 0.00 0.00 0.00 9.49 104.87 180.37 258.26 320.89 333.97 310.20 250.76 171.60 89.13 0.00 0.00 0.00 0.00 0.00
0.00 0.00 0.00 0.00 0.00 0.00 0.00 0.00 0.00 9.33 103.12 177.36 253.95 315.54 328.40 305.03 246.58 168.74 87.65 0.00 0.00 0.00 0.00 0.00
0.00 0.00 0.00 0.00 0.00 0.00 0.00 0.00 0.00 7.19 106.09 184.42 260.26 315.46 325.44 302.58 243.99 164.61 79.93 0.00 0.00 0.00 0.00 0.00
0.00 0.00 0.00 0.00 0.00 0.00 0.00 0.00 0.00 0.42 1.26 1.89 2.45 2.67 2.77 2.58 1.93 1.30 0.56 0.00 0.00 0.00 0.00 0.00
0.00 0.00 0.00 0.00 0.00 0.00 0.00 0.00 0.00 2.14 6.37 9.57 12.44 13.51 14.06 13.08 9.80 6.57 2.86 0.00 0.00 0.00 0.00 0.00
0.00 0.00 0.00 0.00 0.00 0.00 0.00 0.00 0.00 10.91 32.51 48.84 63.50 68.96 71.76 66.78 50.04 33.56 14.60 0.00 0.00 0.00 0.00 0.00
0.00 0.00 0.00 0.00 0.00 0.00 0.00 0.00 0.00 0.35 3.91 6.73 9.64 11.98 12.47 11.58 9.36 6.41 3.33 0.00 0.00 0.00 0.00 0.00
0.00 0.00 0.00 0.00 0.00 0.00 0.00 0.00 0.00 8.58 83.86 142.78 202.19 241.75 251.17 235.09 190.78 128.30 62.94 0.00 0.00 0.00 0.00 0.00
0.00 0.00 0.00 0.00 0.00 0.00 0.00 0.00 0.00 1.52 7.14 11.44 15.53 18.66 20.06 19.18 15.88 11.58 5.68 0.00 0.00 0.00 0.00 0.00
0.00 0.00 0.00 0.00 0.00 0.00 0.00 0.00 0.00 5.88 37.53 62.62 86.86 114.80 116.25 106.95 85.26 58.53 25.51 0.00 0.00 0.00 0.00 0.00
0.00 0.00 0.00 0.00 0.00 0.00 0.00 0.00 0.00 0.14 1.40 2.38 3.37 4.03 4.19 3.92 3.18 2.14 1.05 0.00 0.00 0.00 0.00 0.00
0.00 0.00 0.00 0.00 0.00 0.00 0.00 0.00 0.00 6.43 62.90 107.08 151.64 181.31 188.38 176.32 143.09 96.23 47.20 0.00 0.00 0.00 0.00 0.00
0.00 0.00 0.00 0.00 0.00 0.00 0.00 0.00 0.00 8.26 80.72 137.42 194.61 232.68 241.75 226.27 183.63 123.49 60.58 0.00 0.00 0.00 0.00 0.00
0.00 0.00 0.00 0.00 0.00 0.00 0.00 0.00 0.00 9.48 139.90 243.21 343.22 416.02 429.18 399.03 321.77 217.08 105.41 0.00 0.00 0.00 0.00 0.00
0.00 0.00 0.00 0.00 0.00 0.00 0.00 0.00 0.00 0.91 3.23 4.97 6.92 8.13 8.66 8.04 6.42 4.35 2.00 0.00 0.00 0.00 0.00 0.00
0.00 0.00 0.00 0.00 0.00 0.00 0.00 0.00 0.00 1.16 4.08 6.27 8.74 10.27 10.82 10.11 8.12 5.49 2.51 0.00 0.00 0.00 0.00 0.00
0.00 0.00 0.00 0.00 0.00 0.00 0.00 0.00 0.00 6.28 29.44 47.19 64.08 76.99 82.75 79.14 65.52 47.77 23.45 0.00 0.00 0.00 0.00 0.00
0.00 0.00 0.00 0.00 0.00 0.00 0.00 0.00 0.00 0.00 70.07 133.97 189.91 187.79 200.12 188.13 140.52 95.42 45.64 0.00 0.00 0.00 0.00 0.00
0.00 0.00 0.00 0.00 0.00 0.00 0.00 0.00 0.00 0.33 1.14 1.74 2.33 2.61 2.70 2.52 2.07 1.40 0.59 0.00 0.00 0.00 0.00 0.00
0.00 0.00 0.00 0.00 0.00 0.00 0.00 0.00 0.00 2.32 21.20 35.83 50.27 60.90 62.01 57.05 45.91 31.27 14.68 0.00 0.00 0.00 0.00 0.00
0.00 0.00 0.00 0.00 0.00 0.00 0.00 0.00 0.00 0.44 6.98 12.30 17.65 21.64 23.28 21.78 17.06 12.00 6.57 0.08 0.00 0.00 0.00 0.00
0.00 0.00 0.00 0.00 0.00 0.00 0.00 0.00 0.00 0.67 2.53 3.89 5.17 5.90 5.85 5.30 4.08 2.68 0.92 0.00 0.00 0.00 0.00 0.00
0.00 0.00 0.00 0.00 0.00 0.00 0.00 0.00 0.00 0.34 1.26 1.94 2.58 2.95 2.93 2.65 2.04 1.34 0.46 0.00 0.00 0.00 0.00 0.00
0.00 0.00 0.00 0.00 0.00 0.00 0.00 0.00 0.00 0.73 2.76 4.25 5.65 6.46 6.40 5.79 4.47 2.93 1.01 0.00 0.00 0.00 0.00 0.00
0.00 0.00 0.00 0.00 0.00 0.00 0.00 0.00 0.00 0.91 3.32 5.09 6.70 7.78 7.82 7.19 5.64 3.71 1.32 0.00 0.00 0.00 0.00 0.00
0.00 0.00 0.00 0.00 0.00 0.00 0.00 0.00 0.00 1.38 5.07 7.76 10.21 11.85 11.92 10.95 8.59 5.66 2.01 0.00 0.00 0.00 0.00 0.00
0.00 0.00 0.00 0.00 0.00 0.00 0.00 0.00 0.00 1.12 4.38 6.77 9.18 10.59 10.55 9.50 7.45 4.93 1.80 0.00 0.00 0.00 0.00 0.00
0.00 0.00 0.00 0.00 0.00 0.00 0.00 0.00 0.00 0.56 3.10 5.10 7.01 7.83 7.86 7.34 6.63 4.47 1.80 0.00 0.00 0.00 0.00 0.00
0.00 0.00 0.00 0.00 0.00 0.00 0.00 0.00 0.00 1.44 8.01 13.18 18.12 20.23 20.31 18.96 17.14 11.54 4.64 0.00 0.00 0.00 0.00 0.00
0.00 0.00 0.00 0.00 0.00 0.00 0.00 0.00 0.00 0.40 2.29 3.74 5.09 5.93 5.96 5.55 4.49 3.07 1.30 0.00 0.00 0.00 0.00 0.00
0.00 0.00 0.00 0.00 0.00 0.00 0.00 0.00 0.00 1.57 5.23 7.91 10.36 11.78 12.03 11.21 8.99 6.03 2.44 0.00 0.00 0.00 0.00 0.00
0.00 0.00 0.00 0.00 0.00 0.00 0.00 0.00 0.00 2.33 8.28 12.67 17.09 19.88 20.24 18.38 14.83 9.92 3.85 0.00 0.00 0.00 0.00 0.00
0.00 0.00 0.00 0.00 0.00 0.00 0.00 0.00 0.00 0.42 1.19 1.75 2.22 2.59 2.60 2.37 1.94 1.27 0.45 0.00 0.00 0.00 0.00 0.00
0.00 0.00 0.00 0.00 0.00 0.00 0.00 0.00 0.00 2.31 6.85 10.14 13.27 15.36 15.37 13.97 11.16 7.45 2.94 0.00 0.00 0.00 0.00 0.00
0.00 0.00 0.00 0.00 0.00 0.00 0.00 0.00 0.00 1.64 4.76 7.07 9.11 10.36 10.39 9.44 7.52 4.95 1.87 0.00 0.00 0.00 0.00 0.00
0.00 0.00 0.00 0.00 0.00 0.00 0.00 0.00 0.00 2.27 6.57 9.76 12.58 14.29 14.34 13.02 10.38 6.83 2.57 0.00 0.00 0.00 0.00 0.00
0.00 0.00 0.00 0.00 0.00 0.00 0.00 0.00 0.00 1.54 4.48 6.65 8.57 9.73 9.77 8.87 7.07 4.65 1.75 0.00 0.00 0.00 0.00 0.00
0.00 0.00 0.00 0.00 0.00 0.00 0.00 0.00 0.00 1.23 3.65 5.41 7.08 8.19 8.20 7.45 5.95 3.97 1.57 0.00 0.00 0.00 0.00 0.00
0.00 0.00 0.00 0.00 0.00 0.00 0.00 0.00 0.00 1.31 3.72 5.52 6.95 7.87 8.02 7.24 5.76 3.79 1.39 0.00 0.00 0.00 0.00 0.00
0.00 0.00 0.00 0.00 0.00 0.00 0.00 0.00 0.00 1.21 3.60 5.41 7.04 7.64 7.95 7.40 5.55 3.72 1.62 0.00 0.00 0.00 0.00 0.00
0.00 0.00 0.00 0.00 0.00 0.00 0.00 0.00 0.00 9.49 31.81 48.79 68.26 77.71 80.98 77.06 63.92 43.37 21.75 0.00 0.00 0.00 0.00 0.00
0.00 0.00 0.00 0.00 0.00 0.00 0.00 0.00 0.00 1.45 5.10 7.87 10.70 12.05 12.52 11.79 9.94 6.83 3.04 0.00 0.00 0.00 0.00 0.00
0.00 0.00 0.00 0.00 0.00 0.00 0.00 0.00 0.00 2.41 8.01 12.13 16.46 18.59 18.90 17.71 12.99 8.77 3.74 0.00 0.00 0.00 0.00 0.00
0.00 0.00 0.00 0.00 0.00 0.00 0.00 0.00 0.00 1.11 3.67 5.56 7.54 8.52 8.66 8.12 5.95 4.02 1.72 0.00 0.00 0.00 0.00 0.00
0.00 0.00 0.00 0.00 0.00 0.00 0.00 0.00 0.00 1.80 6.38 9.85 13.30 14.89 15.42 14.53 12.27 8.47 3.76 0.00 0.00 0.00 0.00 0.00
0.00 0.00 0.00 0.00 0.00 0.00 0.00 0.00 0.00 0.79 2.76 4.22 5.66 6.35 6.55 6.13 5.03 3.39 1.44 0.00 0.00 0.00 0.00 0.00
0.00 0.00 0.00 0.00 0.00 0.00 0.00 0.00 0.00 6.50 30.48 48.86 66.35 79.71 85.68 81.93 67.84 49.46 24.28 0.00 0.00 0.00 0.00 0.00
0.00 0.00 0.00 0.00 0.00 0.00 0.00 0.00 0.00 1.41 8.98 14.97 20.77 27.45 27.80 25.57 20.39 14.00 6.10 0.00 0.00 0.00 0.00 0.00
0.00 0.00 0.00 0.00 0.00 0.00 0.00 0.00 0.00 0.34 2.25 3.74 5.16 6.33 6.39 5.88 4.70 3.22 1.43 0.00 0.00 0.00 0.00 0.00
0.00 0.00 0.00 0.00 0.00 0.00 0.00 0.00 0.00 0.49 2.96 4.85 6.68 7.76 7.99 7.40 6.05 4.11 1.85 0.00 0.00 0.00 0.00 0.00
0.00 0.00 0.00 0.00 0.00 0.00 0.00 0.00 0.00 0.78 4.73 7.76 10.68 12.42 12.79 11.84 9.68 6.58 2.96 0.00 0.00 0.00 0.00 0.00
0.00 0.00 0.00 0.00 0.00 0.00 0.00 0.00 0.00 9.65 106.61 183.37 262.56 326.23 339.53 315.36 254.94 174.46 90.62 0.00 0.00 0.00 0.00 0.00
