0.00 0.00 0.00 0.00 0.00 0.00 0.00 0.00 0.53 1.43 2.43 3.35 4.15 4.47 4.62 4.43 4.12 3.18 2.05 0.74 0.03 0.00 0.00 0.00
0.00 0.00 0.00 0.00 0.00 0.00 0.00 0.00 10.76 23.83 23.95 30.84 37.48 62.82 61.37 57.25 38.04 28.35 18.31 6.93 0.00 0.00 0.00 0.00
0.00 0.00 0.00 0.00 0.00 0.00 0.00 0.00 12.13 32.63 55.52 76.63 95.00 102.32 105.64 101.35 94.27 72.68 46.92 16.93 0.67 0.00 0.00 0.00
0.00 0.00 0.00 0.00 0.00 0.00 0.00 0.00 43.11 115.98 197.30 272.33 337.61 363.65 375.45 360.20 335.03 258.29 166.74 60.15 2.38 0.00 0.00 0.00
0.00 0.00 0.00 0.00 0.00 0.00 0.00 0.00 3.04 5.96 8.71 11.04 12.69 12.89 12.59 11.59 9.90 7.29 4.68 1.01 0.00 0.00 0.00 0.00
0.00 0.00 0.00 0.00 0.00 0.00 0.00 0.00 84.43 247.48 436.15 606.10 750.46 696.15 718.64 706.41 588.83 454.70 295.21 121.17 9.93 0.00 0.00 0.00
0.00 0.00 0.00 0.00 0.00 0.00 0.00 0.00 1.57 3.27 5.14 6.74 8.07 8.72 8.86 8.29 7.22 5.42 3.50 0.89 0.00 0.00 0.00 0.00
0.00 0.00 0.00 0.00 0.00 0.00 0.00 0.00 0.88 1.92 2.72 3.59 4.19 3.22 3.20 3.02 3.08 2.32 1.46 0.45 0.00 0.00 0.00 0.00
0.00 0.00 0.00 0.00 0.00 0.00 0.00 0.00 1.41 3.07 4.36 5.74 6.71 5.16 5.12 4.83 4.93 3.71 2.33 0.71 0.00 0.00 0.00 0.00
0.00 0.00 0.00 0.00 0.00 0.00 0.00 0.00 1.41 3.07 4.36 5.74 6.71 5.16 5.12 4.83 4.93 3.71 2.33 0.71 0.00 0.00 0.00 0.00
0.00 0.00 0.00 0.00 0.00 0.00 0.00 0.00 3.02 6.84 10.16 13.62 16.52 15.17 15.39 14.48 13.04 9.66 6.04 2.45 0.00 0.00 0.00 0.00
0.00 0.00 0.00 0.00 0.00 0.00 0.00 0.00 1.42 3.21 4.73 6.39 7.76 6.97 6.97 6.54 5.63 4.17 2.58 1.06 0.00 0.00 0.00 0.00
0.00 0.00 0.00 0.00 0.00 0.00 0.00 0.00 1.82 4.12 6.08 8.22 9.98 8.96 8.97 8.41 7.24 5.36 3.32 1.36 0.00 0.00 0.00 0.00
0.00 0.00 0.00 0.00 0.00 0.00 0.00 0.00 1.22 2.75 4.05 5.48 6.65 5.97 5.98 5.61 4.82 3.57 2.21 0.91 0.00 0.00 0.00 0.00
0.00 0.00 0.00 0.00 0.00 0.00 0.00 0.00 1.22 2.75 4.05 5.48 6.65 5.97 5.98 5.61 4.82 3.57 2.21 0.91 0.00 0.00 0.00 0.00
0.00 0.00 0.00 0.00 0.00 0.00 0.00 0.00 8.89 21.99 40.41 54.29 65.18 45.07 45.63 43.29 49.07 37.02 22.59 10.02 0.00 0.00 0.00 0.00
0.00 0.00 0.00 0.00 0.00 0.00 0.00 0.00 9.21 20.50 31.20 41.49 50.09 47.02 47.63 44.57 42.54 31.56 19.85 7.64 0.00 0.00 0.00 0.00
0.00 0.00 0.00 0.00 0.00 0.00 0.00 0.00 7.58 17.06 25.15 33.41 40.06 41.48 41.27 39.14 37.81 28.69 18.37 6.13 0.00 0.00 0.00 0.00
0.00 0.00 0.00 0.00 0.00 0.00 0.00 0.00 24.90 73.00 128.65 178.78 221.36 205.34 211.97 208.37 173.68 134.12 87.08 35.74 2.93 0.00 0.00 0.00
0.00 0.00 0.00 0.00 0.00 0.00 0.00 0.00 23.69 69.44 122.37 170.06 210.56 195.32 201.63 198.20 165.21 127.58 82.83 34.00 2.79 0.00 0.00 0.00
0.00 0.00 0.00 0.00 0.00 0.00 0.00 0.00 45.56 133.53 235.33 327.03 404.92 375.62 387.75 381.16 317.71 245.34 159.29 65.38 5.36 0.00 0.00 0.00
0.00 0.00 0.00 0.00 0.00 0.00 0.00 0.00 44.80 131.31 231.41 321.58 398.17 369.36 381.29 374.80 312.42 241.25 156.63 64.29 5.27 0.00 0.00 0.00
0.00 0.00 0.00 0.00 0.00 0.00 0.00 0.00 55.10 149.38 256.53 352.64 440.37 494.34 511.03 488.62 438.68 341.05 221.68 79.77 5.08 0.00 0.00 0.00
0.00 0.00 0.00 0.00 0.00 0.00 0.00 0.00 0.88 1.92 2.72 3.59 4.19 3.22 3.20 3.02 3.08 2.32 1.46 0.45 0.00 0.00 0.00 0.00
0.00 0.00 0.00 0.00 0.00 0.00 0.00 0.00 4.46 9.71 13.80 18.18 21.25 16.33 16.22 15.29 15.60 11.75 7.38 2.26 0.00 0.00 0.00 0.00
0.00 0.00 0.00 0.00 0.00 0.00 0.00 0.00 22.77 49.58 70.47 92.80 108.49 83.38 82.80 78.07 79.66 60.00 37.68 11.56 0.00 0.00 0.00 0.00
0.00 0.00 0.00 0.00 0.00 0.00 0.00 0.00 1.70 4.99 8.79 12.21 15.12 14.02 14.48 14.23 11.86 9.16 5.95 2.44 0.20 0.00 0.00 0.00
0.00 0.00 0.00 0.00 0.00 0.00 0.00 0.00 42.44 114.17 194.23 268.09 332.35 357.98 369.59 354.59 329.81 254.26 164.14 59.22 2.34 0.00 0.00 0.00
0.00 0.00 0.00 0.00 0.00 0.00 0.00 0.00 3.98 10.10 16.53 22.67 27.97 26.35 26.51 24.90 17.85 13.43 8.93 3.94 0.00 0.00 0.00 0.00
0.00 0.00 0.00 0.00 0.00 0.00 0.00 0.00 25.88 61.81 100.90 136.99 166.21 184.52 190.48 179.57 154.89 120.50 76.90 24.66 0.00 0.00 0.00 0.00
0.00 0.00 0.00 0.00 0.00 0.00 0.00 0.00 0.71 1.90 3.24 4.47 5.54 5.97 6.16 5.91 5.50 4.24 2.74 0.99 0.04 0.00 0.00 0.00
0.00 0.00 0.00 0.00 0.00 0.00 0.00 0.00 31.83 85.63 145.67 201.07 249.26 268.49 277.20 265.94 247.35 190.70 123.11 44.41 1.75 0.00 0.00 0.00
0.00 0.00 0.00 0.00 0.00 0.00 0.00 0.00 40.85 109.89 186.94 258.03 319.89 344.56 355.73 341.29 317.44 244.73 157.99 57.00 2.25 0.00 0.00 0.00
0.00 0.00 0.00 0.00 0.00 0.00 0.00 0.00 72.66 196.99 338.29 465.05 580.74 651.91 673.93 644.37 578.50 449.76 292.35 105.20 6.70 0.00 0.00 0.00
0.00 0.00 0.00 0.00 0.00 0.00 0.00 0.00 2.15 4.96 7.35 9.94 12.12 10.24 10.30 9.64 8.04 6.02 3.75 1.27 0.00 0.00 0.00 0.00
0.00 0.00 0.00 0.00 0.00 0.00 0.00 0.00 2.71 6.24 9.30 12.58 15.33 12.96 13.02 12.14 10.08 7.55 4.68 1.65 0.00 0.00 0.00 0.00
0.00 0.00 0.00 0.00 0.00 0.00 0.00 0.00 16.43 41.65 68.20 93.51 115.36 108.69 109.36 102.70 73.64 55.42 36.85 16.26 0.00 0.00 0.00 0.00
0.00 0.00 0.00 0.00 0.00 0.00 0.00 0.00 46.47 134.13 238.84 325.32 404.50 464.20 482.95 461.76 413.73 326.00 217.29 86.60 13.09 0.00 0.00 0.00
0.00 0.00 0.00 0.00 0.00 0.00 0.00 0.00 0.73 1.60 2.47 3.33 4.02 3.95 3.98 3.68 3.47 2.60 1.64 0.56 0.00 0.00 0.00 0.00
0.00 0.00 0.00 0.00 0.00 0.00 0.00 0.00 11.50 29.44 48.97 66.94 82.06 92.64 94.60 90.58 81.59 62.50 39.64 13.69 0.11 0.00 0.00 0.00
0.00 0.00 0.00 0.00 0.00 0.00 0.00 0.00 2.58 8.59 15.56 21.96 27.37 30.45 31.11 29.42 23.36 18.18 12.26 4.72 0.63 0.00 0.00 0.00
0.00 0.00 0.00 0.00 0.00 0.00 0.00 0.00 1.89 3.86 5.92 7.65 9.10 9.86 10.06 9.46 8.18 6.06 3.93 0.96 0.00 0.00 0.00 0.00
0.00 0.00 0.00 0.00 0.00 0.00 0.00 0.00 0.94 1.93 2.96 3.82 4.55 4.93 5.03 4.73 4.09 3.03 1.97 0.48 0.00 0.00 0.00 0.00
0.00 0.00 0.00 0.00 0.00 0.00 0.00 0.00 2.07 4.22 6.47 8.37 9.96 10.78 11.00 10.35 8.94 6.62 4.30 1.05 0.00 0.00 0.00 0.00
0.00 0.00 0.00 0.00 0.00 0.00 0.00 0.00 2.44 5.02 7.87 10.21 12.06 13.01 13.06 12.46 10.88 8.14 5.27 1.27 0.00 0.00 0.00 0.00
0.00 0.00 0.00 0.00 0.00 0.00 0.00 0.00 3.72 7.65 11.99 15.56 18.38 19.83 19.91 18.99 16.59 12.40 8.03 1.93 0.00 0.00 0.00 0.00
0.00 0.00 0.00 0.00 0.00 0.00 0.00 0.00 3.16 6.58 10.35 13.63 16.19 17.64 17.83 16.80 14.71 11.04 7.15 1.87 0.00 0.00 0.00 0.00
0.00 0.00 0.00 0.00 0.00 0.00 0.00 0.00 2.28 5.17 8.32 11.11 13.52 14.79 15.14 14.55 12.37 9.29 5.88 1.80 0.00 0.00 0.00 0.00
0.00 0.00 0.00 0.00 0.00 0.00 0.00 0.00 5.90 13.34 21.48 28.70 34.93 38.19 39.11 37.58 31.94 24.00 15.20 4.65 0.00 0.00 0.00 0.00
0.00 0.00 0.00 0.00 0.00 0.00 0.00 0.00 1.50 3.48 5.53 7.52 9.17 9.95 10.05 9.45 8.22 6.28 3.99 1.26 0.00 0.00 0.00 0.00
0.00 0.00 0.00 0.00 0.00 0.00 0.00 0.00 3.50 7.42 11.33 15.17 17.99 18.06 18.23 16.67 15.75 11.63 7.36 2.22 0.00 0.00 0.00 0.00
0.00 0.00 0.00 0.00 0.00 0.00 0.00 0.00 4.76 10.04 18.72 24.71 29.78 32.94 33.01 30.79 27.60 20.72 13.14 3.24 0.00 0.00 0.00 0.00
0.00 0.00 0.00 0.00 0.00 0.00 0.00 0.00 0.94 1.85 2.80 3.51 4.04 4.19 4.15 3.86 3.13 2.28 1.46 0.34 0.00 0.00 0.00 0.00
0.00 0.00 0.00 0.00 0.00 0.00 0.00 0.00 5.12 10.49 15.72 20.25 23.98 22.26 21.96 20.38 17.83 12.98 8.28 2.56 0.00 0.00 0.00 0.00
0.00 0.00 0.00 0.00 0.00 0.00 0.00 0.00 3.51 7.05 10.64 13.54 15.60 15.16 14.95 14.08 12.08 8.95 5.72 1.53 0.00 0.00 0.00 0.00
0.00 0.00 0.00 0.00 0.00 0.00 0.00 0.00 4.85 9.73 14.68 18.69 21.53 20.91 20.64 19.43 16.68 12.35 7.89 2.12 0.00 0.00 0.00 0.00
0.00 0.00 0.00 0.00 0.00 0.00 0.00 0.00 3.30 6.63 10.00 12.73 14.67 14.25 14.06 13.23 11.36 8.41 5.37 1.44 0.00 0.00 0.00 0.00
0.00 0.00 0.00 0.00 0.00 0.00 0.00 0.00 2.73 5.60 8.38 10.80 12.79 11.87 11.71 10.87 9.51 6.92 4.41 1.36 0.00 0.00 0.00 0.00
0.00 0.00 0.00 0.00 0.00 0.00 0.00 0.00 2.69 5.33 7.82 10.10 11.68 12.33 12.12 11.20 9.79 7.22 4.62 1.00 0.00 0.00 0.00 0.00
0.00 0.00 0.00 0.00 0.00 0.00 0.00 0.00 2.52 5.50 7.81 10.28 12.02 9.24 9.18 8.65 8.83 6.65 4.18 1.28 0.00 0.00 0.00 0.00
0.00 0.00 0.00 0.00 0.00 0.00 0.00 0.00 11.56 28.62 52.60 70.67 84.84 58.66 59.40 56.35 63.87 48.18 29.40 13.04 0.00 0.00 0.00 0.00
0.00 0.00 0.00 0.00 0.00 0.00 0.00 0.00 3.42 7.75 11.52 15.44 18.72 17.19 17.45 16.41 14.78 10.95 6.85 2.78 0.00 0.00 0.00 0.00
0.00 0.00 0.00 0.00 0.00 0.00 0.00 0.00 5.38 11.75 17.64 23.67 28.20 26.38 26.29 24.57 19.89 14.59 9.28 3.16 0.00 0.00 0.00 0.00
0.00 0.00 0.00 0.00 0.00 0.00 0.00 0.00 2.47 5.38 8.09 10.85 12.92 12.09 12.05 11.26 9.12 6.69 4.25 1.45 0.00 0.00 0.00 0.00
0.00 0.00 0.00 0.00 0.00 0.00 0.00 0.00 4.23 9.56 14.35 19.15 23.19 21.49 21.90 20.56 19.18 14.27 8.97 3.56 0.00 0.00 0.00 0.00
0.00 0.00 0.00 0.00 0.00 0.00 0.00 0.00 1.78 3.90 6.00 8.09 9.77 9.59 9.66 8.94 8.43 6.32 3.99 1.37 0.00 0.00 0.00 0.00
0.00 0.00 0.00 0.00 0.00 0.00 0.00 0.00 17.01 43.12 70.61 96.82 119.44 112.54 113.22 106.34 76.25 57.38 38.16 16.83 0.00 0.00 0.00 0.00
0.00 0.00 0.00 0.00 0.00 0.00 0.00 0.00 6.19 14.78 24.13 32.76 39.75 44.12 45.55 42.94 37.04 28.82 18.39 5.90 0.00 0.00 0.00 0.00
0.00 0.00 0.00 0.00 0.00 0.00 0.00 0.00 1.38 3.33 5.42 7.31 8.89 9.88 10.18 9.74 8.33 6.34 4.11 1.31 0.00 0.00 0.00 0.00
0.00 0.00 0.00 0.00 0.00 0.00 0.00 0.00 1.73 4.16 6.79 9.31 11.49 12.85 12.83 12.02 10.57 7.95 5.12 1.62 0.00 0.00 0.00 0.00
0.00 0.00 0.00 0.00 0.00 0.00 0.00 0.00 2.76 6.65 10.86 14.90 18.38 20.56 20.52 19.24 16.92 12.73 8.19 2.59 0.00 0.00 0.00 0.00
0.00 0.00 0.00 0.00 0.00 0.00 0.00 0.00 46.32 135.76 239.26 332.48 411.67 381.88 394.22 387.51 323.01 249.43 161.94 66.47 5.45 0.00 0.00 0.00
