0.00 0.00 0.00 0.00 0.00 0.00 0.00 0.00 0.24 1.05 2.03 2.85 3.52 3.91 4.00 3.84 3.30 2.41 1.50 0.20 0.00 0.00 0.00 0.00
0.00 0.00 0.00 0.00 0.00 0.00 0.00 0.00 8.88 23.49 31.87 43.54 50.43 52.60 51.53 47.19 54.96 38.55 22.05 1.43 0.00 0.00 0.00 0.00
0.00 0.00 0.00 0.00 0.00 0.00 0.00 0.00 5.51 24.03 46.44 65.07 80.39 89.40 91.55 87.71 75.54 55.14 34.35 4.54 0.00 0.00 0.00 0.00
0.00 0.00 0.00 0.00 0.00 0.00 0.00 0.00 19.58 85.42 165.05 231.27 285.69 317.73 325.35 311.70 268.46 195.98 122.08 16.15 0.00 0.00 0.00 0.00
0.00 0.00 0.00 0.00 0.00 0.00 0.00 0.00 2.17 4.96 7.31 9.57 10.79 9.60 9.26 8.22 8.04 5.48 2.92 0.00 0.00 0.00 0.00 0.00
0.00 0.00 0.00 0.00 0.00 0.00 0.00 0.00 34.89 179.58 341.32 480.49 598.51 732.99 763.12 736.84 633.29 464.14 294.39 46.96 0.00 0.00 0.00 0.00
0.00 0.00 0.00 0.00 0.00 0.00 0.00 0.00 0.93 2.44 4.17 5.65 6.63 7.27 7.32 6.75 5.60 3.84 2.15 0.06 0.00 0.00 0.00 0.00
0.00 0.00 0.00 0.00 0.00 0.00 0.00 0.00 0.58 1.52 2.51 3.39 3.82 3.36 3.31 3.06 2.66 1.86 1.06 0.12 0.00 0.00 0.00 0.00
0.00 0.00 0.00 0.00 0.00 0.00 0.00 0.00 0.92 2.43 4.02 5.42 6.11 5.38 5.29 4.90 4.25 2.98 1.70 0.19 0.00 0.00 0.00 0.00
0.00 0.00 0.00 0.00 0.00 0.00 0.00 0.00 0.92 2.43 4.02 5.42 6.11 5.38 5.29 4.90 4.25 2.98 1.70 0.19 0.00 0.00 0.00 0.00
0.00 0.00 0.00 0.00 0.00 0.00 0.00 0.00 1.46 4.20 8.77 12.28 14.37 16.21 16.00 15.10 13.03 9.24 5.40 0.56 0.00 0.00 0.00 0.00
0.00 0.00 0.00 0.00 0.00 0.00 0.00 0.00 0.73 2.09 4.21 5.91 6.84 7.67 7.59 7.22 6.12 4.32 2.52 0.26 0.00 0.00 0.00 0.00
0.00 0.00 0.00 0.00 0.00 0.00 0.00 0.00 0.94 2.69 5.42 7.60 8.80 9.86 9.75 9.28 7.87 5.56 3.24 0.34 0.00 0.00 0.00 0.00
0.00 0.00 0.00 0.00 0.00 0.00 0.00 0.00 0.63 1.79 3.61 5.07 5.87 6.57 6.50 6.19 5.24 3.70 2.16 0.23 0.00 0.00 0.00 0.00
0.00 0.00 0.00 0.00 0.00 0.00 0.00 0.00 0.63 1.79 3.61 5.07 5.87 6.57 6.50 6.19 5.24 3.70 2.16 0.23 0.00 0.00 0.00 0.00
0.00 0.00 0.00 0.00 0.00 0.00 0.00 0.00 9.51 28.98 52.79 74.72 87.82 87.41 87.59 81.86 57.65 40.97 24.52 3.23 0.00 0.00 0.00 0.00
0.00 0.00 0.00 0.00 0.00 0.00 0.00 0.00 5.10 14.31 27.02 37.47 43.37 47.98 47.91 44.67 38.51 27.41 15.89 1.51 0.00 0.00 0.00 0.00
0.00 0.00 0.00 0.00 0.00 0.00 0.00 0.00 4.23 12.25 21.36 29.47 35.26 39.91 39.97 37.74 32.39 23.11 13.49 0.96 0.00 0.00 0.00 0.00
0.00 0.00 0.00 0.00 0.00 0.00 0.00 0.00 10.29 52.97 100.68 141.73 176.54 216.20 225.09 217.34 186.80 136.90 86.84 13.85 0.00 0.00 0.00 0.00
0.00 0.00 0.00 0.00 0.00 0.00 0.00 0.00 9.79 50.39 95.77 134.82 167.93 205.66 214.11 206.74 177.69 130.23 82.60 13.18 0.00 0.00 0.00 0.00
0.00 0.00 0.00 0.00 0.00 0.00 0.00 0.00 18.82 96.89 184.16 259.26 322.93 395.50 411.76 397.58 341.70 250.43 158.85 25.34 0.00 0.00 0.00 0.00
0.00 0.00 0.00 0.00 0.00 0.00 0.00 0.00 18.51 95.28 181.10 254.94 317.55 388.90 404.89 390.95 336.01 246.26 156.20 24.92 0.00 0.00 0.00 0.00
0.00 0.00 0.00 0.00 0.00 0.00 0.00 0.00 22.52 104.38 211.31 293.24 368.19 415.94 429.11 407.41 348.30 253.85 158.72 28.88 0.00 0.00 0.00 0.00
0.00 0.00 0.00 0.00 0.00 0.00 0.00 0.00 0.58 1.52 2.51 3.39 3.82 3.36 3.31 3.06 2.66 1.86 1.06 0.12 0.00 0.00 0.00 0.00
0.00 0.00 0.00 0.00 0.00 0.00 0.00 0.00 2.92 7.70 12.74 17.18 19.34 17.03 16.75 15.52 13.47 9.45 5.39 0.62 0.00 0.00 0.00 0.00
0.00 0.00 0.00 0.00 0.00 0.00 0.00 0.00 14.91 39.30 65.04 87.69 98.71 86.96 85.53 79.25 68.75 48.24 27.54 3.15 0.00 0.00 0.00 0.00
0.00 0.00 0.00 0.00 0.00 0.00 0.00 0.00 0.70 3.62 6.88 9.68 12.06 14.77 15.37 14.84 12.76 9.35 5.93 0.95 0.00 0.00 0.00 0.00
0.00 0.00 0.00 0.00 0.00 0.00 0.00 0.00 19.27 84.09 162.48 227.66 281.24 312.78 320.28 306.85 264.28 192.93 120.18 15.90 0.00 0.00 0.00 0.00
0.00 0.00 0.00 0.00 0.00 0.00 0.00 0.00 1.85 6.45 12.00 17.46 22.04 24.53 25.93 25.26 21.03 15.64 9.53 1.09 0.00 0.00 0.00 0.00
0.00 0.00 0.00 0.00 0.00 0.00 0.00 0.00 13.11 46.10 85.03 117.38 139.06 155.42 161.16 150.31 126.80 89.20 53.72 5.75 0.00 0.00 0.00 0.00
0.00 0.00 0.00 0.00 0.00 0.00 0.00 0.00 0.32 1.40 2.71 3.79 4.69 5.21 5.34 5.11 4.40 3.22 2.00 0.26 0.00 0.00 0.00 0.00
0.00 0.00 0.00 0.00 0.00 0.00 0.00 0.00 14.45 63.06 121.86 170.75 210.93 234.58 240.21 230.13 198.21 144.69 90.14 11.92 0.00 0.00 0.00 0.00
0.00 0.00 0.00 0.00 0.00 0.00 0.00 0.00 18.55 80.93 156.38 219.13 270.69 301.05 308.27 295.34 254.37 185.69 115.67 15.30 0.00 0.00 0.00 0.00
0.00 0.00 0.00 0.00 0.00 0.00 0.00 0.00 29.69 137.66 278.66 386.71 485.54 548.52 565.89 537.27 459.32 334.77 209.31 38.09 0.00 0.00 0.00 0.00
0.00 0.00 0.00 0.00 0.00 0.00 0.00 0.00 1.21 3.56 6.42 9.01 10.59 12.01 11.84 10.94 9.57 6.88 4.05 0.45 0.00 0.00 0.00 0.00
0.00 0.00 0.00 0.00 0.00 0.00 0.00 0.00 1.50 4.39 8.19 11.42 13.52 15.06 14.80 14.00 12.16 8.73 5.13 0.56 0.00 0.00 0.00 0.00
0.00 0.00 0.00 0.00 0.00 0.00 0.00 0.00 7.62 26.61 49.50 72.02 90.92 101.17 106.97 104.21 86.74 64.51 39.30 4.50 0.00 0.00 0.00 0.00
0.00 0.00 0.00 0.00 0.00 0.00 0.00 0.00 7.84 51.90 143.81 203.57 254.64 335.16 347.43 328.11 338.95 251.18 160.40 34.81 0.00 0.00 0.00 0.00
0.00 0.00 0.00 0.00 0.00 0.00 0.00 0.00 0.46 1.27 2.20 2.94 3.42 3.78 3.73 3.45 2.92 2.06 1.18 0.10 0.00 0.00 0.00 0.00
0.00 0.00 0.00 0.00 0.00 0.00 0.00 0.00 5.48 21.82 41.39 57.68 70.40 78.84 81.35 76.36 64.74 46.85 28.82 3.79 0.00 0.00 0.00 0.00
0.00 0.00 0.00 0.00 0.00 0.00 0.00 0.00 0.97 6.75 14.17 20.36 24.85 27.56 28.59 27.20 23.92 17.66 11.44 1.77 0.00 0.00 0.00 0.00
0.00 0.00 0.00 0.00 0.00 0.00 0.00 0.00 1.13 2.89 4.87 6.63 7.86 8.55 8.36 7.75 6.30 4.34 2.41 0.07 0.00 0.00 0.00 0.00
0.00 0.00 0.00 0.00 0.00 0.00 0.00 0.00 0.56 1.44 2.43 3.31 3.93 4.27 4.18 3.87 3.15 2.17 1.20 0.03 0.00 0.00 0.00 0.00
0.00 0.00 0.00 0.00 0.00 0.00 0.00 0.00 1.23 3.16 5.32 7.25 8.60 9.35 9.14 8.47 6.89 4.74 2.63 0.07 0.00 0.00 0.00 0.00
0.00 0.00 0.00 0.00 0.00 0.00 0.00 0.00 1.49 3.82 6.48 8.69 10.25 11.11 11.02 10.22 8.35 5.72 3.18 0.10 0.00 0.00 0.00 0.00
0.00 0.00 0.00 0.00 0.00 0.00 0.00 0.00 2.27 5.82 9.87 13.24 15.61 16.93 16.79 15.57 12.73 8.71 4.85 0.15 0.00 0.00 0.00 0.00
0.00 0.00 0.00 0.00 0.00 0.00 0.00 0.00 1.87 4.94 8.49 11.37 13.46 14.83 14.96 13.82 11.27 7.84 4.41 0.15 0.00 0.00 0.00 0.00
0.00 0.00 0.00 0.00 0.00 0.00 0.00 0.00 1.22 3.88 7.00 9.49 11.17 12.16 12.38 11.54 9.62 6.80 4.01 0.28 0.00 0.00 0.00 0.00
0.00 0.00 0.00 0.00 0.00 0.00 0.00 0.00 3.15 10.02 18.09 24.53 28.86 31.42 31.98 29.81 24.85 17.56 10.36 0.72 0.00 0.00 0.00 0.00
0.00 0.00 0.00 0.00 0.00 0.00 0.00 0.00 0.78 2.56 4.66 6.29 7.52 8.33 8.56 7.87 6.67 4.64 2.76 0.23 0.00 0.00 0.00 0.00
0.00 0.00 0.00 0.00 0.00 0.00 0.00 0.00 2.22 5.79 9.83 13.24 15.09 16.49 16.49 15.12 12.39 8.63 4.88 0.37 0.00 0.00 0.00 0.00
0.00 0.00 0.00 0.00 0.00 0.00 0.00 0.00 3.50 9.22 15.02 20.15 23.58 27.86 28.54 26.39 21.87 14.97 8.45 0.46 0.00 0.00 0.00 0.00
0.00 0.00 0.00 0.00 0.00 0.00 0.00 0.00 0.65 1.50 2.35 3.11 3.44 3.49 3.42 3.09 2.59 1.80 0.96 0.00 0.00 0.00 0.00 0.00
0.00 0.00 0.00 0.00 0.00 0.00 0.00 0.00 3.36 8.17 13.69 18.13 20.43 20.42 19.74 17.94 14.35 10.04 5.54 0.18 0.00 0.00 0.00 0.00
0.00 0.00 0.00 0.00 0.00 0.00 0.00 0.00 2.41 5.71 9.09 11.94 13.21 13.14 12.92 11.65 9.99 6.80 3.69 0.06 0.00 0.00 0.00 0.00
0.00 0.00 0.00 0.00 0.00 0.00 0.00 0.00 3.33 7.88 12.54 16.47 18.23 18.14 17.83 16.07 13.79 9.38 5.10 0.09 0.00 0.00 0.00 0.00
0.00 0.00 0.00 0.00 0.00 0.00 0.00 0.00 2.27 5.37 8.54 11.22 12.42 12.35 12.14 10.95 9.39 6.39 3.47 0.06 0.00 0.00 0.00 0.00
0.00 0.00 0.00 0.00 0.00 0.00 0.00 0.00 1.79 4.36 7.30 9.67 10.90 10.89 10.53 9.57 7.65 5.35 2.95 0.10 0.00 0.00 0.00 0.00
0.00 0.00 0.00 0.00 0.00 0.00 0.00 0.00 1.86 4.29 6.51 8.61 9.71 8.75 8.58 7.72 7.54 5.08 2.72 0.00 0.00 0.00 0.00 0.00
0.00 0.00 0.00 0.00 0.00 0.00 0.00 0.00 1.65 4.36 7.21 9.72 10.94 9.64 9.48 8.78 7.62 5.35 3.05 0.35 0.00 0.00 0.00 0.00
0.00 0.00 0.00 0.00 0.00 0.00 0.00 0.00 12.38 37.72 68.71 97.25 114.31 113.78 114.01 106.55 75.04 53.32 31.92 4.20 0.00 0.00 0.00 0.00
0.00 0.00 0.00 0.00 0.00 0.00 0.00 0.00 1.65 4.76 9.93 13.91 16.29 18.37 18.13 17.12 14.77 10.48 6.12 0.63 0.00 0.00 0.00 0.00
0.00 0.00 0.00 0.00 0.00 0.00 0.00 0.00 3.35 9.06 15.51 20.87 24.14 26.25 26.28 24.61 17.91 12.76 7.32 0.70 0.00 0.00 0.00 0.00
0.00 0.00 0.00 0.00 0.00 0.00 0.00 0.00 1.53 4.15 7.11 9.57 11.06 12.03 12.05 11.28 8.21 5.85 3.36 0.32 0.00 0.00 0.00 0.00
0.00 0.00 0.00 0.00 0.00 0.00 0.00 0.00 2.03 5.84 12.17 16.99 19.90 22.51 22.26 20.92 18.05 12.93 7.55 0.77 0.00 0.00 0.00 0.00
0.00 0.00 0.00 0.00 0.00 0.00 0.00 0.00 1.13 3.08 5.34 7.13 8.30 9.17 9.07 8.37 7.08 4.99 2.87 0.24 0.00 0.00 0.00 0.00
0.00 0.00 0.00 0.00 0.00 0.00 0.00 0.00 7.89 27.55 51.25 74.57 94.13 104.75 110.75 107.89 89.81 66.79 40.69 4.66 0.00 0.00 0.00 0.00
0.00 0.00 0.00 0.00 0.00 0.00 0.00 0.00 3.13 11.02 20.33 28.07 33.25 37.17 38.54 35.94 30.32 21.33 12.85 1.37 0.00 0.00 0.00 0.00
0.00 0.00 0.00 0.00 0.00 0.00 0.00 0.00 0.70 2.46 4.53 6.29 7.50 8.41 8.60 7.99 6.72 4.85 2.93 0.28 0.00 0.00 0.00 0.00
0.00 0.00 0.00 0.00 0.00 0.00 0.00 0.00 0.87 3.03 5.54 7.61 9.18 10.41 10.56 9.82 8.46 6.12 3.69 0.33 0.00 0.00 0.00 0.00
0.00 0.00 0.00 0.00 0.00 0.00 0.00 0.00 1.40 4.84 8.87 12.18 14.69 16.65 16.89 15.72 13.53 9.80 5.91 0.52 0.00 0.00 0.00 0.00
0.00 0.00 0.00 0.00 0.00 0.00 0.00 0.00 19.14 98.51 187.23 263.58 328.32 402.09 418.62 404.20 347.40 254.61 161.49 25.76 0.00 0.00 0.00 0.00
