0.00 0.00 0.00 0.00 0.00 0.00 0.00 0.00 0.51 1.50 2.59 3.65 4.44 4.89 4.94 4.74 4.10 3.21 2.12 0.82 0.07 0.00 0.00 0.00
0.00 0.00 0.00 0.00 0.00 0.00 0.00 0.00 11.24 26.09 42.40 57.84 70.11 75.57 75.55 70.53 58.45 44.72 27.61 7.74 0.00 0.00 0.00 0.00
0.00 0.00 0.00 0.00 0.00 0.00 0.00 0.00 11.63 34.27 59.12 83.40 101.47 111.81 113.00 108.39 93.84 73.47 48.50 18.77 1.67 0.00 0.00 0.00
0.00 0.00 0.00 0.00 0.00 0.00 0.00 0.00 41.34 121.79 210.11 296.41 360.60 397.37 401.59 385.21 333.51 261.11 172.38 66.72 5.94 0.00 0.00 0.00
0.00 0.00 0.00 0.00 0.00 0.00 0.00 0.00 1.63 3.37 6.85 9.15 10.54 11.82 11.67 10.94 9.13 6.81 4.04 0.92 0.00 0.00 0.00 0.00
0.00 0.00 0.00 0.00 0.00 0.00 0.00 0.00 81.02 264.31 485.05 686.22 833.42 906.31 924.35 874.88 754.85 596.37 407.83 166.68 21.26 0.00 0.00 0.00
0.00 0.00 0.00 0.00 0.00 0.00 0.00 0.00 1.44 3.15 4.95 6.80 7.92 8.74 8.68 8.19 6.98 5.17 3.20 0.97 0.00 0.00 0.00 0.00
0.00 0.00 0.00 0.00 0.00 0.00 0.00 0.00 0.66 1.51 2.41 3.33 3.95 4.28 4.38 4.12 3.58 2.78 1.72 0.49 0.00 0.00 0.00 0.00
0.00 0.00 0.00 0.00 0.00 0.00 0.00 0.00 1.06 2.42 3.85 5.32 6.32 6.85 7.01 6.59 5.72 4.45 2.76 0.79 0.00 0.00 0.00 0.00
0.00 0.00 0.00 0.00 0.00 0.00 0.00 0.00 1.06 2.42 3.85 5.32 6.32 6.85 7.01 6.59 5.72 4.45 2.76 0.79 0.00 0.00 0.00 0.00
0.00 0.00 0.00 0.00 0.00 0.00 0.00 0.00 2.34 5.61 9.67 13.52 16.50 16.50 16.60 15.96 13.84 10.56 6.75 2.24 0.00 0.00 0.00 0.00
0.00 0.00 0.00 0.00 0.00 0.00 0.00 0.00 1.12 2.67 4.64 6.38 7.72 7.92 7.98 7.71 6.70 5.14 3.19 1.03 0.00 0.00 0.00 0.00
0.00 0.00 0.00 0.00 0.00 0.00 0.00 0.00 1.43 3.43 5.97 8.20 9.92 10.18 10.26 9.91 8.62 6.61 4.11 1.32 0.00 0.00 0.00 0.00
0.00 0.00 0.00 0.00 0.00 0.00 0.00 0.00 0.96 2.29 3.98 5.47 6.61 6.79 6.84 6.61 5.74 4.41 2.74 0.88 0.00 0.00 0.00 0.00
0.00 0.00 0.00 0.00 0.00 0.00 0.00 0.00 0.96 2.29 3.98 5.47 6.61 6.79 6.84 6.61 5.74 4.41 2.74 0.88 0.00 0.00 0.00 0.00
0.00 0.00 0.00 0.00 0.00 0.00 0.00 0.00 11.05 28.96 52.46 73.85 91.14 103.08 107.06 102.66 86.76 66.96 41.71 13.41 0.00 0.00 0.00 0.00
0.00 0.00 0.00 0.00 0.00 0.00 0.00 0.00 7.35 17.31 29.33 41.52 50.59 52.98 52.17 49.50 43.73 33.33 21.31 6.56 0.00 0.00 0.00 0.00
0.00 0.00 0.00 0.00 0.00 0.00 0.00 0.00 6.51 15.53 26.27 35.67 43.33 45.38 45.57 43.63 37.88 29.00 18.47 5.91 0.00 0.00 0.00 0.00
0.00 0.00 0.00 0.00 0.00 0.00 0.00 0.00 23.90 77.96 143.07 202.41 245.83 267.33 272.65 258.06 222.65 175.91 120.29 49.17 6.27 0.00 0.00 0.00
0.00 0.00 0.00 0.00 0.00 0.00 0.00 0.00 22.73 74.16 136.09 192.54 233.84 254.29 259.35 245.47 211.79 167.33 114.43 46.77 5.97 0.00 0.00 0.00
0.00 0.00 0.00 0.00 0.00 0.00 0.00 0.00 43.72 142.61 261.72 370.26 449.69 489.02 498.75 472.06 407.29 321.78 220.05 89.94 11.47 0.00 0.00 0.00
0.00 0.00 0.00 0.00 0.00 0.00 0.00 0.00 42.99 140.24 257.36 364.09 442.19 480.87 490.44 464.19 400.51 316.42 216.38 88.44 11.28 0.00 0.00 0.00
0.00 0.00 0.00 0.00 0.00 0.00 0.00 0.00 55.61 165.52 285.76 396.71 475.16 518.31 521.62 494.54 431.68 336.75 224.94 88.95 9.88 0.00 0.00 0.00
0.00 0.00 0.00 0.00 0.00 0.00 0.00 0.00 0.66 1.51 2.41 3.33 3.95 4.28 4.38 4.12 3.58 2.78 1.72 0.49 0.00 0.00 0.00 0.00
0.00 0.00 0.00 0.00 0.00 0.00 0.00 0.00 3.35 7.65 12.21 16.86 20.02 21.69 22.21 20.86 18.12 14.09 8.73 2.50 0.00 0.00 0.00 0.00
0.00 0.00 0.00 0.00 0.00 0.00 0.00 0.00 17.08 39.06 62.32 86.07 102.19 110.72 113.37 106.50 92.53 71.93 44.59 12.78 0.00 0.00 0.00 0.00
0.00 0.00 0.00 0.00 0.00 0.00 0.00 0.00 1.63 5.32 9.77 13.82 16.79 18.26 18.62 17.62 15.21 12.01 8.22 3.36 0.43 0.00 0.00 0.00
0.00 0.00 0.00 0.00 0.00 0.00 0.00 0.00 40.69 119.89 206.83 291.79 354.98 391.17 395.33 379.21 328.31 257.04 169.69 65.68 5.85 0.00 0.00 0.00
0.00 0.00 0.00 0.00 0.00 0.00 0.00 0.00 3.03 8.23 14.38 20.57 26.17 29.92 30.81 29.44 25.07 19.60 13.20 4.78 0.00 0.00 0.00 0.00
0.00 0.00 0.00 0.00 0.00 0.00 0.00 0.00 24.95 63.96 107.87 151.09 177.33 190.38 190.81 180.73 155.98 120.11 77.89 27.27 0.12 0.00 0.00 0.00
0.00 0.00 0.00 0.00 0.00 0.00 0.00 0.00 0.68 2.00 3.45 4.86 5.92 6.52 6.59 6.32 5.47 4.28 2.83 1.09 0.10 0.00 0.00 0.00
0.00 0.00 0.00 0.00 0.00 0.00 0.00 0.00 30.52 89.92 155.13 218.84 266.24 293.38 296.50 284.41 246.24 192.78 127.27 49.26 4.39 0.00 0.00 0.00
0.00 0.00 0.00 0.00 0.00 0.00 0.00 0.00 39.17 115.39 199.08 280.85 341.67 376.50 380.51 364.99 316.00 247.40 163.33 63.22 5.63 0.00 0.00 0.00
0.00 0.00 0.00 0.00 0.00 0.00 0.00 0.00 73.34 218.28 376.84 523.16 626.61 683.52 687.89 652.18 569.28 444.08 296.64 117.30 13.03 0.00 0.00 0.00
0.00 0.00 0.00 0.00 0.00 0.00 0.00 0.00 1.68 4.13 7.12 9.92 11.95 13.20 13.54 12.90 11.15 8.55 5.42 1.75 0.00 0.00 0.00 0.00
0.00 0.00 0.00 0.00 0.00 0.00 0.00 0.00 2.11 5.15 8.92 12.46 15.04 16.52 16.78 16.09 13.90 10.60 6.75 2.16 0.00 0.00 0.00 0.00
0.00 0.00 0.00 0.00 0.00 0.00 0.00 0.00 12.48 33.97 59.31 84.86 107.94 123.41 127.08 121.46 103.40 80.83 54.45 19.71 0.00 0.00 0.00 0.00
0.00 0.00 0.00 0.00 0.00 0.00 0.00 0.00 48.28 155.17 268.61 366.93 453.72 493.43 498.33 472.93 426.37 342.94 236.71 102.95 19.63 0.00 0.00 0.00
0.00 0.00 0.00 0.00 0.00 0.00 0.00 0.00 0.60 1.38 2.35 3.30 3.99 4.36 4.30 3.98 3.47 2.68 1.70 0.49 0.00 0.00 0.00 0.00
0.00 0.00 0.00 0.00 0.00 0.00 0.00 0.00 10.91 30.32 52.40 72.57 88.29 96.62 98.11 92.21 80.50 63.33 41.28 15.56 0.95 0.00 0.00 0.00
0.00 0.00 0.00 0.00 0.00 0.00 0.00 0.00 2.59 9.84 17.86 25.52 31.16 33.69 33.36 31.67 28.14 22.68 15.57 6.67 1.16 0.00 0.00 0.00
0.00 0.00 0.00 0.00 0.00 0.00 0.00 0.00 1.71 3.67 5.62 7.72 9.10 9.99 9.95 9.26 8.07 5.96 3.65 1.10 0.00 0.00 0.00 0.00
0.00 0.00 0.00 0.00 0.00 0.00 0.00 0.00 0.85 1.84 2.81 3.86 4.55 4.99 4.98 4.63 4.03 2.98 1.83 0.55 0.00 0.00 0.00 0.00
0.00 0.00 0.00 0.00 0.00 0.00 0.00 0.00 1.87 4.01 6.15 8.44 9.95 10.92 10.88 10.13 8.83 6.52 4.00 1.21 0.00 0.00 0.00 0.00
0.00 0.00 0.00 0.00 0.00 0.00 0.00 0.00 2.16 4.67 7.26 10.06 11.96 13.29 13.14 12.26 10.58 7.73 4.77 1.42 0.00 0.00 0.00 0.00
0.00 0.00 0.00 0.00 0.00 0.00 0.00 0.00 3.29 7.11 11.06 15.34 18.23 20.25 20.03 18.68 16.11 11.78 7.27 2.17 0.00 0.00 0.00 0.00
0.00 0.00 0.00 0.00 0.00 0.00 0.00 0.00 2.93 6.43 9.99 13.70 16.17 17.76 17.74 16.50 14.12 10.55 6.55 2.04 0.00 0.00 0.00 0.00
0.00 0.00 0.00 0.00 0.00 0.00 0.00 0.00 2.15 5.17 8.56 11.71 14.17 15.37 15.10 14.18 12.32 9.49 6.01 2.01 0.00 0.00 0.00 0.00
0.00 0.00 0.00 0.00 0.00 0.00 0.00 0.00 5.55 13.36 22.11 30.26 36.61 39.71 39.01 36.62 31.83 24.52 15.52 5.20 0.00 0.00 0.00 0.00
0.00 0.00 0.00 0.00 0.00 0.00 0.00 0.00 1.39 3.43 5.76 8.04 9.69 10.43 10.33 9.76 8.35 6.32 4.01 1.40 0.00 0.00 0.00 0.00
0.00 0.00 0.00 0.00 0.00 0.00 0.00 0.00 2.84 6.35 10.45 14.30 17.23 18.87 18.64 17.31 14.50 11.19 6.99 2.01 0.00 0.00 0.00 0.00
0.00 0.00 0.00 0.00 0.00 0.00 0.00 0.00 5.18 11.50 18.55 25.26 30.01 32.09 31.95 30.11 26.25 19.88 12.06 3.59 0.00 0.00 0.00 0.00
0.00 0.00 0.00 0.00 0.00 0.00 0.00 0.00 0.52 1.07 2.24 3.01 3.49 3.73 3.66 3.49 2.89 2.14 1.29 0.32 0.00 0.00 0.00 0.00
0.00 0.00 0.00 0.00 0.00 0.00 0.00 0.00 3.78 8.15 12.90 17.26 20.50 21.87 21.72 20.42 17.29 13.04 8.03 2.01 0.00 0.00 0.00 0.00
0.00 0.00 0.00 0.00 0.00 0.00 0.00 0.00 2.51 5.29 8.87 11.88 13.76 14.15 14.27 13.56 11.49 8.61 5.20 1.31 0.00 0.00 0.00 0.00
0.00 0.00 0.00 0.00 0.00 0.00 0.00 0.00 3.46 7.29 12.24 16.39 18.98 19.53 19.69 18.71 15.86 11.88 7.18 1.81 0.00 0.00 0.00 0.00
0.00 0.00 0.00 0.00 0.00 0.00 0.00 0.00 2.36 4.97 8.34 11.16 12.93 13.30 13.41 12.75 10.80 8.09 4.89 1.23 0.00 0.00 0.00 0.00
0.00 0.00 0.00 0.00 0.00 0.00 0.00 0.00 2.02 4.34 6.88 9.21 10.93 11.66 11.59 10.89 9.22 6.95 4.28 1.07 0.00 0.00 0.00 0.00
0.00 0.00 0.00 0.00 0.00 0.00 0.00 0.00 1.66 3.45 6.64 8.88 10.13 10.82 10.59 9.90 8.37 6.26 3.74 0.87 0.00 0.00 0.00 0.00
0.00 0.00 0.00 0.00 0.00 0.00 0.00 0.00 1.89 4.33 6.91 9.54 11.33 12.27 12.56 11.80 10.25 7.97 4.94 1.42 0.00 0.00 0.00 0.00
0.00 0.00 0.00 0.00 0.00 0.00 0.00 0.00 14.39 37.69 68.28 96.13 118.62 134.17 139.35 133.63 112.92 87.15 54.29 17.46 0.00 0.00 0.00 0.00
0.00 0.00 0.00 0.00 0.00 0.00 0.00 0.00 2.65 6.36 10.96 15.33 18.70 18.70 18.82 18.08 15.68 11.97 7.65 2.54 0.00 0.00 0.00 0.00
0.00 0.00 0.00 0.00 0.00 0.00 0.00 0.00 4.27 9.84 16.09 22.08 26.82 29.22 28.89 27.27 23.55 18.26 11.64 3.33 0.00 0.00 0.00 0.00
0.00 0.00 0.00 0.00 0.00 0.00 0.00 0.00 1.96 4.51 7.37 10.12 12.29 13.39 13.24 12.50 10.79 8.37 5.33 1.53 0.00 0.00 0.00 0.00
0.00 0.00 0.00 0.00 0.00 0.00 0.00 0.00 3.26 7.82 13.48 19.02 23.25 22.99 23.04 22.04 19.11 14.59 9.43 3.14 0.00 0.00 0.00 0.00
0.00 0.00 0.00 0.00 0.00 0.00 0.00 0.00 1.45 3.36 5.71 8.00 9.68 10.58 10.44 9.67 8.43 6.51 4.13 1.20 0.00 0.00 0.00 0.00
0.00 0.00 0.00 0.00 0.00 0.00 0.00 0.00 12.92 35.17 61.40 87.86 111.76 127.77 131.57 125.75 107.05 83.69 56.37 20.41 0.00 0.00 0.00 0.00
0.00 0.00 0.00 0.00 0.00 0.00 0.00 0.00 5.97 15.29 25.80 36.13 42.41 45.53 45.63 43.22 37.30 28.72 18.62 6.52 0.03 0.00 0.00 0.00
0.00 0.00 0.00 0.00 0.00 0.00 0.00 0.00 1.29 3.35 5.75 8.09 9.61 10.13 10.37 9.77 8.41 6.53 4.26 1.51 0.00 0.00 0.00 0.00
0.00 0.00 0.00 0.00 0.00 0.00 0.00 0.00 1.60 4.15 7.00 9.78 11.88 12.85 12.97 12.26 10.72 8.23 5.34 1.89 0.00 0.00 0.00 0.00
0.00 0.00 0.00 0.00 0.00 0.00 0.00 0.00 2.56 6.64 11.21 15.64 19.01 20.57 20.76 19.61 17.15 13.17 8.54 3.03 0.00 0.00 0.00 0.00
0.00 0.00 0.00 0.00 0.00 0.00 0.00 0.00 44.44 144.99 266.08 376.43 457.18 497.17 507.06 479.92 414.08 327.15 223.72 91.44 11.66 0.00 0.00 0.00
