0.00 0.00 0.00 0.00 0.00 0.00 0.00 0.00 0.00 0.27 0.60 0.97 1.35 1.29 1.36 1.31 1.07 0.78 0.48 0.13 0.00 0.00 0.00 0.00
0.00 0.00 0.00 0.00 0.00 0.00 0.00 0.00 0.00 4.05 8.28 13.14 16.96 15.15 15.73 15.11 14.76 10.82 6.20 0.61 0.00 0.00 0.00 0.00
0.00 0.00 0.00 0.00 0.00 0.00 0.00 0.00 0.00 6.18 13.76 22.24 30.89 29.46 31.07 29.95 24.43 17.82 10.91 2.87 0.00 0.00 0.00 0.00
0.00 0.00 0.00 0.00 0.00 0.00 0.00 0.00 0.00 21.95 48.89 79.05 109.79 104.69 110.40 106.44 86.82 63.34 38.76 10.19 0.00 0.00 0.00 0.00
0.00 0.00 0.00 0.00 0.00 0.00 0.00 0.00 0.00 1.99 2.31 3.54 4.51 3.10 3.08 2.92 2.29 1.61 0.84 0.00 0.00 0.00 0.00 0.00
0.00 0.00 0.00 0.00 0.00 0.00 0.00 0.00 0.00 25.53 88.29 144.70 201.49 223.74 241.28 233.22 258.30 187.39 116.07 31.38 0.00 0.00 0.00 0.00
0.00 0.00 0.00 0.00 0.00 0.00 0.00 0.00 0.00 0.87 1.74 2.80 3.73 2.50 2.52 2.43 1.89 1.28 0.69 0.02 0.00 0.00 0.00 0.00
0.00 0.00 0.00 0.00 0.00 0.00 0.00 0.00 0.00 0.16 0.37 0.60 0.82 0.97 1.00 0.98 0.97 0.70 0.40 0.04 0.00 0.00 0.00 0.00
0.00 0.00 0.00 0.00 0.00 0.00 0.00 0.00 0.00 0.26 0.60 0.96 1.30 1.56 1.60 1.56 1.56 1.12 0.64 0.07 0.00 0.00 0.00 0.00
0.00 0.00 0.00 0.00 0.00 0.00 0.00 0.00 0.00 0.26 0.60 0.96 1.30 1.56 1.60 1.56 1.56 1.12 0.64 0.07 0.00 0.00 0.00 0.00
0.00 0.00 0.00 0.00 0.00 0.00 0.00 0.00 0.00 0.56 1.48 2.36 3.29 5.23 5.41 5.28 4.82 3.44 1.98 0.22 0.00 0.00 0.00 0.00
0.00 0.00 0.00 0.00 0.00 0.00 0.00 0.00 0.00 0.27 0.69 1.13 1.56 2.38 2.46 2.40 2.30 1.65 0.95 0.10 0.00 0.00 0.00 0.00
0.00 0.00 0.00 0.00 0.00 0.00 0.00 0.00 0.00 0.34 0.89 1.45 2.01 3.06 3.16 3.08 2.95 2.12 1.22 0.13 0.00 0.00 0.00 0.00
0.00 0.00 0.00 0.00 0.00 0.00 0.00 0.00 0.00 0.23 0.60 0.97 1.34 2.04 2.11 2.05 1.97 1.42 0.82 0.09 0.00 0.00 0.00 0.00
0.00 0.00 0.00 0.00 0.00 0.00 0.00 0.00 0.00 0.23 0.60 0.97 1.34 2.04 2.11 2.05 1.97 1.42 0.82 0.09 0.00 0.00 0.00 0.00
0.00 0.00 0.00 0.00 0.00 0.00 0.00 0.00 0.00 5.32 13.85 22.36 29.66 31.00 32.92 31.95 28.52 20.73 12.54 2.63 0.00 0.00 0.00 0.00
0.00 0.00 0.00 0.00 0.00 0.00 0.00 0.00 0.00 1.70 4.94 7.98 11.22 15.46 15.71 15.37 14.33 10.23 5.83 0.62 0.00 0.00 0.00 0.00
0.00 0.00 0.00 0.00 0.00 0.00 0.00 0.00 0.00 1.91 5.54 8.95 12.09 13.83 14.26 13.82 12.67 9.04 5.17 0.47 0.00 0.00 0.00 0.00
0.00 0.00 0.00 0.00 0.00 0.00 0.00 0.00 0.00 7.53 26.04 42.68 59.43 66.00 71.17 68.79 76.19 55.27 34.24 9.26 0.00 0.00 0.00 0.00
0.00 0.00 0.00 0.00 0.00 0.00 0.00 0.00 0.00 7.16 24.77 40.60 56.53 62.78 67.70 65.44 72.47 52.58 32.57 8.80 0.00 0.00 0.00 0.00
0.00 0.00 0.00 0.00 0.00 0.00 0.00 0.00 0.00 13.78 47.64 78.08 108.72 120.72 130.19 125.84 139.37 101.11 62.63 16.93 0.00 0.00 0.00 0.00
0.00 0.00 0.00 0.00 0.00 0.00 0.00 0.00 0.00 13.55 46.85 76.78 106.91 118.71 128.02 123.74 137.05 99.43 61.58 16.65 0.00 0.00 0.00 0.00
0.00 0.00 0.00 0.00 0.00 0.00 0.00 0.00 0.00 35.74 88.57 144.85 201.38 146.91 153.30 148.52 122.44 88.85 54.34 13.55 0.00 0.00 0.00 0.00
0.00 0.00 0.00 0.00 0.00 0.00 0.00 0.00 0.00 0.16 0.37 0.60 0.82 0.97 1.00 0.98 0.97 0.70 0.40 0.04 0.00 0.00 0.00 0.00
0.00 0.00 0.00 0.00 0.00 0.00 0.00 0.00 0.00 0.83 1.89 3.04 4.13 4.93 5.05 4.95 4.93 3.56 2.02 0.21 0.00 0.00 0.00 0.00
0.00 0.00 0.00 0.00 0.00 0.00 0.00 0.00 0.00 4.22 9.64 15.50 21.09 25.15 25.80 25.26 25.18 18.18 10.30 1.08 0.00 0.00 0.00 0.00
0.00 0.00 0.00 0.00 0.00 0.00 0.00 0.00 0.00 0.51 1.78 2.91 4.06 4.51 4.86 4.70 5.20 3.77 2.34 0.63 0.00 0.00 0.00 0.00
0.00 0.00 0.00 0.00 0.00 0.00 0.00 0.00 0.00 21.60 48.13 77.82 108.08 103.06 108.68 104.78 85.47 62.35 38.16 10.03 0.00 0.00 0.00 0.00
0.00 0.00 0.00 0.00 0.00 0.00 0.00 0.00 0.00 0.70 2.69 4.26 5.93 10.02 10.77 10.38 8.40 6.36 3.86 0.86 0.00 0.00 0.00 0.00
0.00 0.00 0.00 0.00 0.00 0.00 0.00 0.00 0.00 18.01 51.91 82.14 109.68 91.53 93.63 89.92 49.30 35.56 20.72 3.08 0.00 0.00 0.00 0.00
0.00 0.00 0.00 0.00 0.00 0.00 0.00 0.00 0.00 0.36 0.80 1.30 1.80 1.72 1.81 1.75 1.42 1.04 0.64 0.17 0.00 0.00 0.00 0.00
0.00 0.00 0.00 0.00 0.00 0.00 0.00 0.00 0.00 16.20 36.09 58.37 81.06 77.29 81.51 78.58 64.10 46.76 28.62 7.52 0.00 0.00 0.00 0.00
0.00 0.00 0.00 0.00 0.00 0.00 0.00 0.00 0.00 20.79 46.32 74.90 104.02 99.19 104.61 100.85 82.27 60.01 36.73 9.65 0.00 0.00 0.00 0.00
0.00 0.00 0.00 0.00 0.00 0.00 0.00 0.00 0.00 47.13 116.80 191.02 265.57 193.73 202.17 195.86 161.46 117.17 71.66 17.87 0.00 0.00 0.00 0.00
0.00 0.00 0.00 0.00 0.00 0.00 0.00 0.00 0.00 0.41 1.27 2.09 2.92 3.00 3.18 3.08 3.87 2.80 1.63 0.23 0.00 0.00 0.00 0.00
0.00 0.00 0.00 0.00 0.00 0.00 0.00 0.00 0.00 0.51 1.43 2.38 3.32 4.01 4.25 4.13 4.57 3.30 1.92 0.24 0.00 0.00 0.00 0.00
0.00 0.00 0.00 0.00 0.00 0.00 0.00 0.00 0.00 2.89 11.09 17.59 24.44 41.35 44.41 42.80 34.66 26.25 15.93 3.56 0.00 0.00 0.00 0.00
0.00 0.00 0.00 0.00 0.00 0.00 0.00 0.00 0.00 17.10 138.99 238.45 339.29 421.93 450.53 431.02 370.85 275.24 169.80 24.13 0.00 0.00 0.00 0.00
0.00 0.00 0.00 0.00 0.00 0.00 0.00 0.00 0.00 0.14 0.41 0.67 0.93 1.31 1.33 1.27 1.11 0.80 0.45 0.04 0.00 0.00 0.00 0.00
0.00 0.00 0.00 0.00 0.00 0.00 0.00 0.00 0.00 7.74 15.66 25.09 34.92 27.45 28.62 27.45 22.75 16.33 9.81 1.99 0.00 0.00 0.00 0.00
0.00 0.00 0.00 0.00 0.00 0.00 0.00 0.00 0.00 0.69 3.85 6.45 9.25 14.69 15.80 14.96 15.39 11.32 6.96 2.06 0.00 0.00 0.00 0.00
0.00 0.00 0.00 0.00 0.00 0.00 0.00 0.00 0.00 1.09 2.11 3.30 4.34 3.04 3.12 2.95 2.24 1.53 0.81 0.00 0.00 0.00 0.00 0.00
0.00 0.00 0.00 0.00 0.00 0.00 0.00 0.00 0.00 0.55 1.06 1.65 2.17 1.52 1.56 1.48 1.12 0.76 0.40 0.00 0.00 0.00 0.00 0.00
0.00 0.00 0.00 0.00 0.00 0.00 0.00 0.00 0.00 1.19 2.31 3.61 4.75 3.33 3.41 3.23 2.45 1.67 0.88 0.00 0.00 0.00 0.00 0.00
0.00 0.00 0.00 0.00 0.00 0.00 0.00 0.00 0.00 1.27 2.26 3.55 4.71 5.44 5.56 5.31 3.78 2.59 1.38 0.02 0.00 0.00 0.00 0.00
0.00 0.00 0.00 0.00 0.00 0.00 0.00 0.00 0.00 1.93 3.44 5.41 7.17 8.29 8.47 8.09 5.76 3.94 2.10 0.02 0.00 0.00 0.00 0.00
0.00 0.00 0.00 0.00 0.00 0.00 0.00 0.00 0.00 1.68 3.28 5.21 6.94 5.22 5.27 5.10 3.87 2.60 1.40 0.08 0.00 0.00 0.00 0.00
0.00 0.00 0.00 0.00 0.00 0.00 0.00 0.00 0.00 1.60 5.10 8.02 10.73 8.87 8.98 8.47 4.91 3.46 1.96 0.16 0.00 0.00 0.00 0.00
0.00 0.00 0.00 0.00 0.00 0.00 0.00 0.00 0.00 4.14 13.18 20.71 27.71 22.91 23.19 21.87 12.70 8.94 5.06 0.42 0.00 0.00 0.00 0.00
0.00 0.00 0.00 0.00 0.00 0.00 0.00 0.00 0.00 1.02 2.40 3.81 5.15 3.04 3.09 2.94 2.55 1.84 1.06 0.15 0.00 0.00 0.00 0.00
0.00 0.00 0.00 0.00 0.00 0.00 0.00 0.00 0.00 0.66 1.57 2.56 3.41 5.45 5.65 5.45 4.67 3.30 1.82 0.10 0.00 0.00 0.00 0.00
0.00 0.00 0.00 0.00 0.00 0.00 0.00 0.00 0.00 2.04 5.50 8.83 11.74 14.02 14.30 13.79 10.34 7.26 3.98 0.19 0.00 0.00 0.00 0.00
0.00 0.00 0.00 0.00 0.00 0.00 0.00 0.00 0.00 0.49 0.61 0.93 1.16 0.83 0.84 0.80 0.70 0.50 0.26 0.00 0.00 0.00 0.00 0.00
0.00 0.00 0.00 0.00 0.00 0.00 0.00 0.00 0.00 1.50 2.58 4.09 5.28 5.00 5.02 4.90 4.09 2.86 1.55 0.07 0.00 0.00 0.00 0.00
0.00 0.00 0.00 0.00 0.00 0.00 0.00 0.00 0.00 1.44 1.97 3.09 3.90 3.40 3.46 3.33 2.70 1.87 1.00 0.00 0.00 0.00 0.00 0.00
0.00 0.00 0.00 0.00 0.00 0.00 0.00 0.00 0.00 1.99 2.72 4.27 5.38 4.69 4.77 4.59 3.73 2.59 1.38 0.00 0.00 0.00 0.00 0.00
0.00 0.00 0.00 0.00 0.00 0.00 0.00 0.00 0.00 1.35 1.85 2.91 3.67 3.20 3.25 3.13 2.54 1.76 0.94 0.00 0.00 0.00 0.00 0.00
0.00 0.00 0.00 0.00 0.00 0.00 0.00 0.00 0.00 0.80 1.38 2.18 2.81 2.67 2.68 2.61 2.18 1.52 0.83 0.04 0.00 0.00 0.00 0.00
0.00 0.00 0.00 0.00 0.00 0.00 0.00 0.00 0.00 1.53 1.88 2.92 3.61 2.79 2.81 2.64 2.13 1.51 0.79 0.00 0.00 0.00 0.00 0.00
0.00 0.00 0.00 0.00 0.00 0.00 0.00 0.00 0.00 0.47 1.07 1.72 2.34 2.79 2.86 2.80 2.79 2.01 1.14 0.12 0.00 0.00 0.00 0.00
0.00 0.00 0.00 0.00 0.00 0.00 0.00 0.00 0.00 6.92 18.02 29.10 38.61 40.35 42.85 41.59 37.13 26.99 16.32 3.43 0.00 0.00 0.00 0.00
0.00 0.00 0.00 0.00 0.00 0.00 0.00 0.00 0.00 0.63 1.68 2.68 3.73 5.93 6.13 5.99 5.46 3.90 2.25 0.25 0.00 0.00 0.00 0.00
0.00 0.00 0.00 0.00 0.00 0.00 0.00 0.00 0.00 0.98 2.35 3.91 5.34 6.25 6.34 6.29 7.13 5.03 2.84 0.21 0.00 0.00 0.00 0.00
0.00 0.00 0.00 0.00 0.00 0.00 0.00 0.00 0.00 0.45 1.08 1.79 2.45 2.86 2.91 2.89 3.27 2.31 1.30 0.10 0.00 0.00 0.00 0.00
0.00 0.00 0.00 0.00 0.00 0.00 0.00 0.00 0.00 0.78 2.08 3.30 4.63 7.33 7.55 7.33 6.65 4.76 2.74 0.31 0.00 0.00 0.00 0.00
0.00 0.00 0.00 0.00 0.00 0.00 0.00 0.00 0.00 0.33 1.00 1.62 2.25 3.17 3.22 3.08 2.69 1.94 1.09 0.09 0.00 0.00 0.00 0.00
0.00 0.00 0.00 0.00 0.00 0.00 0.00 0.00 0.00 2.99 11.48 18.21 25.31 42.82 45.98 44.31 35.89 27.18 16.49 3.68 0.00 0.00 0.00 0.00
0.00 0.00 0.00 0.00 0.00 0.00 0.00 0.00 0.00 4.31 12.41 19.64 26.23 21.89 22.39 21.50 11.79 8.50 4.95 0.74 0.00 0.00 0.00 0.00
0.00 0.00 0.00 0.00 0.00 0.00 0.00 0.00 0.00 0.96 2.09 3.32 4.49 2.99 3.09 2.99 2.41 1.72 1.01 0.16 0.00 0.00 0.00 0.00
0.00 0.00 0.00 0.00 0.00 0.00 0.00 0.00 0.00 0.88 1.81 2.89 3.84 3.48 3.60 3.44 2.70 1.97 1.16 0.20 0.00 0.00 0.00 0.00
0.00 0.00 0.00 0.00 0.00 0.00 0.00 0.00 0.00 1.42 2.89 4.62 6.14 5.57 5.75 5.50 4.32 3.15 1.85 0.33 0.00 0.00 0.00 0.00
0.00 0.00 0.00 0.00 0.00 0.00 0.00 0.00 0.00 14.01 48.43 79.38 110.53 122.74 132.36 127.94 141.69 102.80 63.67 17.21 0.00 0.00 0.00 0.00
