0.00 0.00 0.00 0.00 0.00 0.00 0.00 0.00 0.31 1.19 2.19 3.06 3.79 4.27 4.36 4.10 3.47 2.56 1.49 0.26 0.00 0.00 0.00 0.00
0.00 0.00 0.00 0.00 0.00 0.00 0.00 0.00 12.28 31.14 48.63 62.93 76.18 79.56 77.11 70.91 58.58 41.62 23.93 1.93 0.00 0.00 0.00 0.00
0.00 0.00 0.00 0.00 0.00 0.00 0.00 0.00 7.08 27.13 50.07 70.02 86.76 97.58 99.59 93.81 79.45 58.50 34.17 5.92 0.00 0.00 0.00 0.00
0.00 0.00 0.00 0.00 0.00 0.00 0.00 0.00 25.15 96.43 177.95 248.84 308.33 346.80 353.95 333.38 282.36 207.92 121.42 21.05 0.00 0.00 0.00 0.00
0.00 0.00 0.00 0.00 0.00 0.00 0.00 0.00 2.47 5.46 5.47 7.03 8.12 10.86 10.49 9.49 6.35 4.41 2.44 0.08 0.00 0.00 0.00 0.00
0.00 0.00 0.00 0.00 0.00 0.00 0.00 0.00 46.99 207.27 396.90 559.27 692.73 775.08 791.00 763.60 655.21 484.45 286.55 59.43 0.00 0.00 0.00 0.00
0.00 0.00 0.00 0.00 0.00 0.00 0.00 0.00 1.14 2.83 4.70 6.23 7.45 7.96 7.98 7.32 5.99 4.24 2.39 0.15 0.00 0.00 0.00 0.00
0.00 0.00 0.00 0.00 0.00 0.00 0.00 0.00 0.71 1.78 2.91 3.87 4.52 4.54 4.46 4.13 3.43 2.46 1.37 0.14 0.00 0.00 0.00 0.00
0.00 0.00 0.00 0.00 0.00 0.00 0.00 0.00 1.13 2.85 4.66 6.19 7.24 7.26 7.13 6.61 5.49 3.94 2.20 0.22 0.00 0.00 0.00 0.00
0.00 0.00 0.00 0.00 0.00 0.00 0.00 0.00 1.13 2.85 4.66 6.19 7.24 7.26 7.13 6.61 5.49 3.94 2.20 0.22 0.00 0.00 0.00 0.00
0.00 0.00 0.00 0.00 0.00 0.00 0.00 0.00 2.31 6.27 10.64 14.36 17.37 19.55 19.61 18.11 14.87 10.50 5.85 0.69 0.00 0.00 0.00 0.00
0.00 0.00 0.00 0.00 0.00 0.00 0.00 0.00 1.09 2.95 5.05 6.87 8.31 9.39 9.29 8.56 6.98 4.92 2.72 0.31 0.00 0.00 0.00 0.00
0.00 0.00 0.00 0.00 0.00 0.00 0.00 0.00 1.41 3.80 6.49 8.84 10.69 12.07 11.94 11.00 8.97 6.33 3.50 0.40 0.00 0.00 0.00 0.00
0.00 0.00 0.00 0.00 0.00 0.00 0.00 0.00 0.94 2.53 4.33 5.89 7.13 8.04 7.96 7.33 5.98 4.22 2.33 0.27 0.00 0.00 0.00 0.00
0.00 0.00 0.00 0.00 0.00 0.00 0.00 0.00 0.94 2.53 4.33 5.89 7.13 8.04 7.96 7.33 5.98 4.22 2.33 0.27 0.00 0.00 0.00 0.00
0.00 0.00 0.00 0.00 0.00 0.00 0.00 0.00 11.87 34.43 60.20 81.14 96.89 97.69 97.51 90.61 61.02 44.10 24.36 4.03 0.00 0.00 0.00 0.00
0.00 0.00 0.00 0.00 0.00 0.00 0.00 0.00 7.10 18.80 31.73 42.49 51.15 57.55 57.65 52.98 43.77 30.90 17.27 1.91 0.00 0.00 0.00 0.00
0.00 0.00 0.00 0.00 0.00 0.00 0.00 0.00 5.65 15.36 26.19 35.01 41.81 46.62 45.90 42.75 36.10 26.07 14.84 1.70 0.00 0.00 0.00 0.00
0.00 0.00 0.00 0.00 0.00 0.00 0.00 0.00 13.86 61.14 117.07 164.96 204.33 228.62 233.32 225.24 193.26 142.90 84.52 17.53 0.00 0.00 0.00 0.00
0.00 0.00 0.00 0.00 0.00 0.00 0.00 0.00 13.18 58.15 111.36 156.92 194.36 217.47 221.93 214.25 183.84 135.93 80.40 16.68 0.00 0.00 0.00 0.00
0.00 0.00 0.00 0.00 0.00 0.00 0.00 0.00 25.36 111.84 214.16 301.76 373.78 418.21 426.80 412.02 353.53 261.39 154.61 32.07 0.00 0.00 0.00 0.00
0.00 0.00 0.00 0.00 0.00 0.00 0.00 0.00 24.93 109.97 210.59 296.73 367.55 411.24 419.68 405.15 347.64 257.04 152.04 31.53 0.00 0.00 0.00 0.00
0.00 0.00 0.00 0.00 0.00 0.00 0.00 0.00 30.86 123.40 230.95 322.35 402.91 450.04 460.27 432.30 367.84 273.10 160.55 29.56 0.00 0.00 0.00 0.00
0.00 0.00 0.00 0.00 0.00 0.00 0.00 0.00 0.71 1.78 2.91 3.87 4.52 4.54 4.46 4.13 3.43 2.46 1.37 0.14 0.00 0.00 0.00 0.00
0.00 0.00 0.00 0.00 0.00 0.00 0.00 0.00 3.59 9.03 14.77 19.61 22.92 22.99 22.59 20.92 17.37 12.48 6.96 0.69 0.00 0.00 0.00 0.00
0.00 0.00 0.00 0.00 0.00 0.00 0.00 0.00 18.31 46.11 75.39 100.12 116.99 117.40 115.32 106.82 88.68 63.71 35.55 3.51 0.00 0.00 0.00 0.00
0.00 0.00 0.00 0.00 0.00 0.00 0.00 0.00 0.95 4.18 8.00 11.27 13.95 15.61 15.93 15.38 13.20 9.76 5.77 1.20 0.00 0.00 0.00 0.00
0.00 0.00 0.00 0.00 0.00 0.00 0.00 0.00 24.75 94.92 175.18 244.96 303.52 341.40 348.44 328.18 277.96 204.68 119.53 20.72 0.00 0.00 0.00 0.00
0.00 0.00 0.00 0.00 0.00 0.00 0.00 0.00 2.75 8.84 15.44 21.39 26.38 29.48 29.30 27.02 22.90 16.46 9.88 1.66 0.00 0.00 0.00 0.00
0.00 0.00 0.00 0.00 0.00 0.00 0.00 0.00 16.05 51.03 90.10 124.24 151.07 166.92 170.12 157.16 128.40 94.99 54.11 6.93 0.00 0.00 0.00 0.00
0.00 0.00 0.00 0.00 0.00 0.00 0.00 0.00 0.41 1.58 2.92 4.08 5.06 5.69 5.81 5.47 4.63 3.41 1.99 0.35 0.00 0.00 0.00 0.00
0.00 0.00 0.00 0.00 0.00 0.00 0.00 0.00 18.57 71.19 131.38 183.72 227.64 256.05 261.33 246.14 208.47 153.51 89.65 15.54 0.00 0.00 0.00 0.00
0.00 0.00 0.00 0.00 0.00 0.00 0.00 0.00 23.83 91.36 168.61 235.77 292.14 328.60 335.37 315.88 267.53 197.00 115.05 19.94 0.00 0.00 0.00 0.00
0.00 0.00 0.00 0.00 0.00 0.00 0.00 0.00 40.70 162.73 304.57 425.10 531.34 593.49 606.98 570.10 485.08 360.15 211.73 38.98 0.00 0.00 0.00 0.00
0.00 0.00 0.00 0.00 0.00 0.00 0.00 0.00 1.65 4.57 7.94 10.81 13.13 14.77 14.68 13.49 10.73 7.66 4.27 0.55 0.00 0.00 0.00 0.00
0.00 0.00 0.00 0.00 0.00 0.00 0.00 0.00 2.08 5.74 10.00 13.61 16.52 18.66 18.52 16.96 13.57 9.69 5.37 0.65 0.00 0.00 0.00 0.00
0.00 0.00 0.00 0.00 0.00 0.00 0.00 0.00 11.32 36.47 63.68 88.23 108.80 121.59 120.88 111.44 94.48 67.92 40.76 6.84 0.00 0.00 0.00 0.00
0.00 0.00 0.00 0.00 0.00 0.00 0.00 0.00 22.00 111.71 217.97 303.95 380.31 434.30 447.98 421.50 360.54 271.35 163.93 34.98 0.00 0.00 0.00 0.00
0.00 0.00 0.00 0.00 0.00 0.00 0.00 0.00 0.57 1.48 2.47 3.36 4.04 4.47 4.46 4.05 3.34 2.38 1.33 0.14 0.00 0.00 0.00 0.00
0.00 0.00 0.00 0.00 0.00 0.00 0.00 0.00 6.87 24.34 43.82 60.72 74.44 83.49 84.27 79.18 67.95 49.61 28.32 4.64 0.00 0.00 0.00 0.00
0.00 0.00 0.00 0.00 0.00 0.00 0.00 0.00 1.30 7.25 14.18 20.36 25.44 28.43 28.82 26.87 22.96 17.13 10.59 2.44 0.00 0.00 0.00 0.00
0.00 0.00 0.00 0.00 0.00 0.00 0.00 0.00 1.37 3.34 5.41 7.07 8.40 9.01 9.07 8.35 6.77 4.73 2.67 0.15 0.00 0.00 0.00 0.00
0.00 0.00 0.00 0.00 0.00 0.00 0.00 0.00 0.69 1.67 2.71 3.53 4.20 4.50 4.53 4.18 3.39 2.37 1.33 0.07 0.00 0.00 0.00 0.00
0.00 0.00 0.00 0.00 0.00 0.00 0.00 0.00 1.50 3.65 5.92 7.73 9.19 9.85 9.92 9.14 7.41 5.17 2.92 0.16 0.00 0.00 0.00 0.00
0.00 0.00 0.00 0.00 0.00 0.00 0.00 0.00 1.80 4.39 7.26 9.50 11.21 11.94 11.83 11.05 9.05 6.39 3.60 0.20 0.00 0.00 0.00 0.00
0.00 0.00 0.00 0.00 0.00 0.00 0.00 0.00 2.75 6.69 11.06 14.48 17.08 18.19 18.03 16.84 13.79 9.73 5.48 0.31 0.00 0.00 0.00 0.00
0.00 0.00 0.00 0.00 0.00 0.00 0.00 0.00 2.29 5.71 9.48 12.61 14.96 16.10 16.07 14.84 12.21 8.66 4.90 0.34 0.00 0.00 0.00 0.00
0.00 0.00 0.00 0.00 0.00 0.00 0.00 0.00 1.47 4.29 7.43 10.08 12.30 13.36 13.51 12.72 10.19 7.26 4.07 0.44 0.00 0.00 0.00 0.00
0.00 0.00 0.00 0.00 0.00 0.00 0.00 0.00 3.80 11.08 19.18 26.03 31.77 34.52 34.90 32.85 26.32 18.75 10.51 1.15 0.00 0.00 0.00 0.00
0.00 0.00 0.00 0.00 0.00 0.00 0.00 0.00 0.97 2.89 4.95 6.84 8.34 9.00 8.98 8.28 6.82 4.94 2.79 0.34 0.00 0.00 0.00 0.00
0.00 0.00 0.00 0.00 0.00 0.00 0.00 0.00 2.75 6.85 11.11 14.97 17.69 19.55 19.53 17.54 14.27 10.01 5.58 0.47 0.00 0.00 0.00 0.00
0.00 0.00 0.00 0.00 0.00 0.00 0.00 0.00 4.32 10.78 17.91 23.84 28.67 30.92 30.61 27.99 23.44 16.67 9.27 0.62 0.00 0.00 0.00 0.00
0.00 0.00 0.00 0.00 0.00 0.00 0.00 0.00 0.77 1.71 2.35 2.98 3.43 3.86 3.79 3.47 2.31 1.59 0.88 0.04 0.00 0.00 0.00 0.00
0.00 0.00 0.00 0.00 0.00 0.00 0.00 0.00 4.11 9.61 11.63 15.18 18.05 17.69 17.29 15.78 18.80 12.95 7.21 0.36 0.00 0.00 0.00 0.00
0.00 0.00 0.00 0.00 0.00 0.00 0.00 0.00 2.84 6.47 7.74 9.97 11.54 8.67 8.50 7.89 9.74 6.80 3.77 0.20 0.00 0.00 0.00 0.00
0.00 0.00 0.00 0.00 0.00 0.00 0.00 0.00 3.92 8.93 10.68 13.76 15.92 11.97 11.73 10.89 13.44 9.39 5.20 0.27 0.00 0.00 0.00 0.00
0.00 0.00 0.00 0.00 0.00 0.00 0.00 0.00 2.67 6.08 7.27 9.38 10.84 8.15 7.99 7.42 9.16 6.39 3.54 0.18 0.00 0.00 0.00 0.00
0.00 0.00 0.00 0.00 0.00 0.00 0.00 0.00 2.19 5.13 6.21 8.10 9.63 9.44 9.22 8.42 10.03 6.90 3.84 0.19 0.00 0.00 0.00 0.00
0.00 0.00 0.00 0.00 0.00 0.00 0.00 0.00 2.19 4.88 4.86 6.36 7.39 8.66 8.44 7.67 6.11 4.25 2.35 0.09 0.00 0.00 0.00 0.00
0.00 0.00 0.00 0.00 0.00 0.00 0.00 0.00 2.03 5.11 8.35 11.10 12.97 13.01 12.78 11.84 9.83 7.06 3.94 0.39 0.00 0.00 0.00 0.00
0.00 0.00 0.00 0.00 0.00 0.00 0.00 0.00 15.45 44.81 78.36 105.62 126.11 127.16 126.92 117.94 79.42 57.40 31.71 5.25 0.00 0.00 0.00 0.00
0.00 0.00 0.00 0.00 0.00 0.00 0.00 0.00 2.62 7.10 12.06 16.28 19.69 22.15 22.23 20.53 16.85 11.90 6.63 0.78 0.00 0.00 0.00 0.00
0.00 0.00 0.00 0.00 0.00 0.00 0.00 0.00 4.23 10.88 18.27 24.66 29.27 33.27 32.80 30.10 22.61 15.79 8.90 0.95 0.00 0.00 0.00 0.00
0.00 0.00 0.00 0.00 0.00 0.00 0.00 0.00 1.94 4.99 8.37 11.30 13.41 15.25 15.03 13.80 10.36 7.24 4.08 0.43 0.00 0.00 0.00 0.00
0.00 0.00 0.00 0.00 0.00 0.00 0.00 0.00 3.23 8.74 14.84 19.95 24.10 27.11 27.31 25.19 20.72 14.68 8.22 0.98 0.00 0.00 0.00 0.00
0.00 0.00 0.00 0.00 0.00 0.00 0.00 0.00 1.39 3.59 6.01 8.16 9.81 10.86 10.82 9.84 8.11 5.77 3.23 0.33 0.00 0.00 0.00 0.00
0.00 0.00 0.00 0.00 0.00 0.00 0.00 0.00 11.72 37.76 65.93 91.35 112.65 125.89 125.16 115.38 97.82 70.32 42.20 7.09 0.00 0.00 0.00 0.00
0.00 0.00 0.00 0.00 0.00 0.00 0.00 0.00 3.84 12.20 21.55 29.71 36.13 39.92 40.68 37.58 30.70 22.71 12.94 1.66 0.00 0.00 0.00 0.00
0.00 0.00 0.00 0.00 0.00 0.00 0.00 0.00 0.86 2.77 4.86 6.64 8.08 8.94 9.11 8.54 6.93 5.02 2.91 0.38 0.00 0.00 0.00 0.00
0.00 0.00 0.00 0.00 0.00 0.00 0.00 0.00 1.10 3.48 6.13 8.51 10.48 11.66 11.51 10.59 8.86 6.34 3.65 0.47 0.00 0.00 0.00 0.00
0.00 0.00 0.00 0.00 0.00 0.00 0.00 0.00 1.76 5.56 9.81 13.62 16.77 18.66 18.42 16.94 14.17 10.14 5.84 0.75 0.00 0.00 0.00 0.00
0.00 0.00 0.00 0.00 0.00 0.00 0.00 0.00 25.78 113.70 217.73 306.79 380.01 425.18 433.91 418.88 359.42 265.75 157.19 32.60 0.00 0.00 0.00 0.00
