0.00 0.00 0.00 0.00 0.00 0.00 0.00 0.00 0.03 0.91 1.95 2.79 3.47 3.82 3.88 3.66 2.99 2.08 1.12 0.00 0.00 0.00 0.00 0.00
0.00 0.00 0.00 0.00 0.00 0.00 0.00 0.00 6.43 22.56 31.53 43.76 50.88 50.52 49.06 44.19 41.16 27.21 12.98 0.00 0.00 0.00 0.00 0.00
0.00 0.00 0.00 0.00 0.00 0.00 0.00 0.00 0.69 20.76 44.49 63.88 79.31 87.39 88.76 83.66 68.40 47.50 25.53 0.00 0.00 0.00 0.00 0.00
0.00 0.00 0.00 0.00 0.00 0.00 0.00 0.00 2.44 73.77 158.11 227.03 281.87 310.58 315.44 297.31 243.09 168.80 90.74 0.00 0.00 0.00 0.00 0.00
0.00 0.00 0.00 0.00 0.00 0.00 0.00 0.00 1.60 4.57 7.48 9.91 11.18 11.98 11.44 9.97 7.66 4.87 2.01 0.00 0.00 0.00 0.00 0.00
0.00 0.00 0.00 0.00 0.00 0.00 0.00 0.00 0.00 159.14 347.89 500.29 624.47 713.05 737.15 701.33 572.73 400.43 222.58 4.39 0.00 0.00 0.00 0.00
0.00 0.00 0.00 0.00 0.00 0.00 0.00 0.00 0.54 2.19 4.02 5.56 6.57 7.08 7.06 6.40 4.98 3.17 1.39 0.00 0.00 0.00 0.00 0.00
0.00 0.00 0.00 0.00 0.00 0.00 0.00 0.00 0.40 1.43 2.26 3.09 3.48 3.03 2.96 2.70 2.23 1.47 0.69 0.00 0.00 0.00 0.00 0.00
0.00 0.00 0.00 0.00 0.00 0.00 0.00 0.00 0.64 2.28 3.61 4.94 5.57 4.85 4.73 4.31 3.57 2.35 1.11 0.00 0.00 0.00 0.00 0.00
0.00 0.00 0.00 0.00 0.00 0.00 0.00 0.00 0.64 2.28 3.61 4.94 5.57 4.85 4.73 4.31 3.57 2.35 1.11 0.00 0.00 0.00 0.00 0.00
0.00 0.00 0.00 0.00 0.00 0.00 0.00 0.00 1.01 4.39 8.18 11.71 13.80 15.49 15.17 14.09 11.45 7.64 3.71 0.00 0.00 0.00 0.00 0.00
0.00 0.00 0.00 0.00 0.00 0.00 0.00 0.00 0.50 2.13 3.95 5.65 6.58 7.31 7.18 6.72 5.26 3.49 1.69 0.00 0.00 0.00 0.00 0.00
0.00 0.00 0.00 0.00 0.00 0.00 0.00 0.00 0.64 2.74 5.08 7.27 8.46 9.40 9.23 8.64 6.76 4.49 2.18 0.00 0.00 0.00 0.00 0.00
0.00 0.00 0.00 0.00 0.00 0.00 0.00 0.00 0.43 1.83 3.39 4.85 5.64 6.27 6.15 5.76 4.51 2.99 1.45 0.00 0.00 0.00 0.00 0.00
0.00 0.00 0.00 0.00 0.00 0.00 0.00 0.00 0.43 1.83 3.39 4.85 5.64 6.27 6.15 5.76 4.51 2.99 1.45 0.00 0.00 0.00 0.00 0.00
0.00 0.00 0.00 0.00 0.00 0.00 0.00 0.00 6.07 26.76 49.87 71.70 84.60 86.88 86.40 79.59 55.59 37.53 19.43 0.00 0.00 0.00 0.00 0.00
0.00 0.00 0.00 0.00 0.00 0.00 0.00 0.00 3.25 13.66 25.33 35.86 41.79 45.98 45.56 41.79 34.11 22.80 10.89 0.00 0.00 0.00 0.00 0.00
0.00 0.00 0.00 0.00 0.00 0.00 0.00 0.00 2.34 10.75 19.60 27.62 33.25 38.31 38.07 35.36 28.74 19.26 9.29 0.00 0.00 0.00 0.00 0.00
0.00 0.00 0.00 0.00 0.00 0.00 0.00 0.00 0.00 46.94 102.61 147.57 184.20 210.33 217.43 206.87 168.94 118.11 65.65 1.29 0.00 0.00 0.00 0.00
0.00 0.00 0.00 0.00 0.00 0.00 0.00 0.00 0.00 44.65 97.61 140.37 175.21 200.07 206.83 196.78 160.69 112.35 62.45 1.23 0.00 0.00 0.00 0.00
0.00 0.00 0.00 0.00 0.00 0.00 0.00 0.00 0.00 85.87 187.71 269.94 336.95 384.74 397.74 378.42 309.03 216.06 120.10 2.37 0.00 0.00 0.00 0.00
0.00 0.00 0.00 0.00 0.00 0.00 0.00 0.00 0.00 84.43 184.58 265.44 331.33 378.33 391.12 372.11 303.88 212.46 118.10 2.33 0.00 0.00 0.00 0.00
0.00 0.00 0.00 0.00 0.00 0.00 0.00 0.00 0.25 94.18 204.35 290.36 365.59 407.00 416.93 389.76 320.17 221.33 118.88 0.00 0.00 0.00 0.00 0.00
0.00 0.00 0.00 0.00 0.00 0.00 0.00 0.00 0.40 1.43 2.26 3.09 3.48 3.03 2.96 2.70 2.23 1.47 0.69 0.00 0.00 0.00 0.00 0.00
0.00 0.00 0.00 0.00 0.00 0.00 0.00 0.00 2.01 7.22 11.43 15.63 17.64 15.37 14.98 13.66 11.31 7.46 3.51 0.00 0.00 0.00 0.00 0.00
0.00 0.00 0.00 0.00 0.00 0.00 0.00 0.00 10.28 36.88 58.33 79.82 90.06 78.45 76.49 69.75 57.76 38.07 17.91 0.00 0.00 0.00 0.00 0.00
0.00 0.00 0.00 0.00 0.00 0.00 0.00 0.00 0.00 3.21 7.01 10.08 12.58 14.36 14.85 14.13 11.54 8.07 4.48 0.09 0.00 0.00 0.00 0.00
0.00 0.00 0.00 0.00 0.00 0.00 0.00 0.00 2.40 72.62 155.65 223.49 277.48 305.73 310.52 292.68 239.30 166.17 89.33 0.00 0.00 0.00 0.00 0.00
0.00 0.00 0.00 0.00 0.00 0.00 0.00 0.00 0.78 5.36 10.72 15.96 20.32 23.40 24.58 23.61 18.70 13.16 6.88 0.00 0.00 0.00 0.00 0.00
0.00 0.00 0.00 0.00 0.00 0.00 0.00 0.00 4.07 39.72 81.13 114.89 136.97 151.78 155.99 142.90 114.64 75.87 37.99 0.00 0.00 0.00 0.00 0.00
0.00 0.00 0.00 0.00 0.00 0.00 0.00 0.00 0.04 1.21 2.59 3.72 4.62 5.10 5.18 4.88 3.99 2.77 1.49 0.00 0.00 0.00 0.00 0.00
0.00 0.00 0.00 0.00 0.00 0.00 0.00 0.00 1.80 54.47 116.74 167.62 208.11 229.30 232.89 219.51 179.47 124.63 66.99 0.00 0.00 0.00 0.00 0.00
0.00 0.00 0.00 0.00 0.00 0.00 0.00 0.00 2.31 69.90 149.81 215.11 267.07 294.27 298.88 281.70 230.32 159.94 85.98 0.00 0.00 0.00 0.00 0.00
0.00 0.00 0.00 0.00 0.00 0.00 0.00 0.00 0.32 124.21 269.49 382.92 482.12 536.73 549.83 514.00 422.23 291.88 156.77 0.00 0.00 0.00 0.00 0.00
0.00 0.00 0.00 0.00 0.00 0.00 0.00 0.00 0.74 3.30 6.19 8.83 10.41 11.82 11.57 10.52 8.51 5.77 2.85 0.00 0.00 0.00 0.00 0.00
0.00 0.00 0.00 0.00 0.00 0.00 0.00 0.00 0.94 4.18 7.81 11.08 13.16 14.65 14.28 13.29 10.39 7.03 3.47 0.00 0.00 0.00 0.00 0.00
0.00 0.00 0.00 0.00 0.00 0.00 0.00 0.00 3.20 22.11 44.20 65.84 83.82 96.53 101.40 97.40 77.13 54.29 28.36 0.00 0.00 0.00 0.00 0.00
0.00 0.00 0.00 0.00 0.00 0.00 0.00 0.00 0.00 82.29 195.51 286.14 360.63 405.03 419.11 391.43 318.88 223.77 122.53 0.76 0.00 0.00 0.00 0.00
0.00 0.00 0.00 0.00 0.00 0.00 0.00 0.00 0.28 1.13 2.08 2.83 3.31 3.63 3.56 3.24 2.54 1.68 0.79 0.00 0.00 0.00 0.00 0.00
0.00 0.00 0.00 0.00 0.00 0.00 0.00 0.00 1.12 18.71 39.63 56.62 69.49 77.20 78.97 72.86 58.62 40.23 21.08 0.00 0.00 0.00 0.00 0.00
0.00 0.00 0.00 0.00 0.00 0.00 0.00 0.00 0.00 5.93 13.33 19.67 24.20 27.47 28.36 26.64 21.69 15.34 8.85 0.43 0.00 0.00 0.00 0.00
0.00 0.00 0.00 0.00 0.00 0.00 0.00 0.00 0.67 2.59 4.72 6.58 7.86 8.34 8.09 7.36 5.61 3.58 1.54 0.00 0.00 0.00 0.00 0.00
0.00 0.00 0.00 0.00 0.00 0.00 0.00 0.00 0.34 1.29 2.36 3.29 3.93 4.17 4.04 3.68 2.81 1.79 0.77 0.00 0.00 0.00 0.00 0.00
0.00 0.00 0.00 0.00 0.00 0.00 0.00 0.00 0.74 2.83 5.17 7.20 8.59 9.12 8.85 8.05 6.14 3.92 1.68 0.00 0.00 0.00 0.00 0.00
0.00 0.00 0.00 0.00 0.00 0.00 0.00 0.00 0.91 3.45 6.27 8.59 10.17 10.84 10.66 9.71 7.44 4.73 2.05 0.00 0.00 0.00 0.00 0.00
0.00 0.00 0.00 0.00 0.00 0.00 0.00 0.00 1.38 5.26 9.55 13.08 15.50 16.52 16.25 14.79 11.34 7.21 3.12 0.00 0.00 0.00 0.00 0.00
0.00 0.00 0.00 0.00 0.00 0.00 0.00 0.00 1.09 4.44 8.20 11.20 13.34 14.41 14.41 13.07 10.02 6.49 2.87 0.00 0.00 0.00 0.00 0.00
0.00 0.00 0.00 0.00 0.00 0.00 0.00 0.00 0.48 3.37 6.66 9.24 10.93 11.77 11.89 10.89 8.57 5.66 2.71 0.00 0.00 0.00 0.00 0.00
0.00 0.00 0.00 0.00 0.00 0.00 0.00 0.00 1.24 8.70 17.20 23.88 28.24 30.42 30.71 28.13 22.13 14.62 7.01 0.00 0.00 0.00 0.00 0.00
0.00 0.00 0.00 0.00 0.00 0.00 0.00 0.00 0.31 2.21 4.42 6.12 7.36 8.08 8.22 7.43 5.95 3.89 1.91 0.00 0.00 0.00 0.00 0.00
0.00 0.00 0.00 0.00 0.00 0.00 0.00 0.00 1.43 5.27 9.44 12.92 14.77 15.99 15.86 14.29 10.65 6.93 3.16 0.00 0.00 0.00 0.00 0.00
0.00 0.00 0.00 0.00 0.00 0.00 0.00 0.00 2.15 8.33 15.07 20.63 24.26 27.00 27.42 24.91 19.46 12.43 5.60 0.00 0.00 0.00 0.00 0.00
0.00 0.00 0.00 0.00 0.00 0.00 0.00 0.00 0.47 1.38 2.30 3.07 3.40 3.56 3.46 3.06 2.45 1.58 0.65 0.00 0.00 0.00 0.00 0.00
0.00 0.00 0.00 0.00 0.00 0.00 0.00 0.00 2.47 7.82 13.25 17.75 20.00 17.91 17.17 15.34 10.66 6.95 3.05 0.00 0.00 0.00 0.00 0.00
0.00 0.00 0.00 0.00 0.00 0.00 0.00 0.00 1.72 5.20 8.80 11.69 12.94 13.32 12.97 11.48 7.79 4.93 2.10 0.00 0.00 0.00 0.00 0.00
0.00 0.00 0.00 0.00 0.00 0.00 0.00 0.00 2.37 7.17 12.14 16.14 17.86 18.38 17.89 15.84 10.75 6.81 2.90 0.00 0.00 0.00 0.00 0.00
0.00 0.00 0.00 0.00 0.00 0.00 0.00 0.00 1.62 4.89 8.27 10.99 12.17 12.52 12.19 10.79 7.32 4.64 1.98 0.00 0.00 0.00 0.00 0.00
0.00 0.00 0.00 0.00 0.00 0.00 0.00 0.00 1.32 4.17 7.06 9.47 10.67 9.55 9.16 8.18 5.68 3.71 1.63 0.00 0.00 0.00 0.00 0.00
0.00 0.00 0.00 0.00 0.00 0.00 0.00 0.00 1.35 3.90 6.50 8.71 9.83 10.49 10.18 9.00 6.63 4.17 1.74 0.00 0.00 0.00 0.00 0.00
0.00 0.00 0.00 0.00 0.00 0.00 0.00 0.00 1.14 4.09 6.46 8.85 9.98 8.69 8.48 7.73 6.40 4.22 1.98 0.00 0.00 0.00 0.00 0.00
0.00 0.00 0.00 0.00 0.00 0.00 0.00 0.00 7.91 34.83 64.91 93.33 110.12 113.08 112.45 103.60 72.35 48.85 25.29 0.00 0.00 0.00 0.00 0.00
0.00 0.00 0.00 0.00 0.00 0.00 0.00 0.00 1.14 4.97 9.27 13.27 15.64 17.56 17.19 15.97 12.98 8.66 4.21 0.00 0.00 0.00 0.00 0.00
0.00 0.00 0.00 0.00 0.00 0.00 0.00 0.00 2.11 8.20 14.57 19.90 23.05 23.84 23.68 21.82 14.27 9.53 4.49 0.00 0.00 0.00 0.00 0.00
0.00 0.00 0.00 0.00 0.00 0.00 0.00 0.00 0.97 3.76 6.68 9.12 10.56 10.93 10.85 10.00 6.54 4.37 2.06 0.00 0.00 0.00 0.00 0.00
0.00 0.00 0.00 0.00 0.00 0.00 0.00 0.00 1.39 6.08 11.35 16.19 19.11 21.53 21.13 19.55 15.94 10.74 5.21 0.00 0.00 0.00 0.00 0.00
0.00 0.00 0.00 0.00 0.00 0.00 0.00 0.00 0.69 2.75 5.05 6.87 8.04 8.82 8.65 7.86 6.18 4.08 1.92 0.00 0.00 0.00 0.00 0.00
0.00 0.00 0.00 0.00 0.00 0.00 0.00 0.00 3.31 22.89 45.76 68.17 86.79 99.95 104.98 100.84 79.85 56.21 29.37 0.00 0.00 0.00 0.00 0.00
0.00 0.00 0.00 0.00 0.00 0.00 0.00 0.00 0.97 9.50 19.40 27.47 32.75 36.29 37.30 34.17 27.41 18.14 9.09 0.00 0.00 0.00 0.00 0.00
0.00 0.00 0.00 0.00 0.00 0.00 0.00 0.00 0.22 2.12 4.31 6.13 7.36 8.19 8.29 7.57 6.03 4.10 2.07 0.00 0.00 0.00 0.00 0.00
0.00 0.00 0.00 0.00 0.00 0.00 0.00 0.00 0.31 2.60 5.22 7.35 8.94 10.05 10.11 9.24 7.52 5.14 2.60 0.00 0.00 0.00 0.00 0.00
0.00 0.00 0.00 0.00 0.00 0.00 0.00 0.00 0.50 4.16 8.36 11.77 14.30 16.08 16.17 14.79 12.04 8.22 4.16 0.00 0.00 0.00 0.00 0.00
0.00 0.00 0.00 0.00 0.00 0.00 0.00 0.00 0.00 87.30 190.84 274.44 342.56 391.15 404.37 384.72 314.18 219.66 122.10 2.41 0.00 0.00 0.00 0.00
