0.00 0.00 0.00 0.00 0.00 0.00 0.00 0.00 0.00 0.80 1.84 2.68 3.36 3.63 3.67 3.44 2.96 2.02 1.03 0.00 0.00 0.00 0.00 0.00
0.00 0.00 0.00 0.00 0.00 0.00 0.00 0.00 4.16 17.05 31.58 44.15 51.50 52.21 50.71 45.59 24.38 15.85 7.12 0.00 0.00 0.00 0.00 0.00
0.00 0.00 0.00 0.00 0.00 0.00 0.00 0.00 0.00 18.29 42.07 61.36 76.83 82.97 83.99 78.69 67.65 46.15 23.52 0.00 0.00 0.00 0.00 0.00
0.00 0.00 0.00 0.00 0.00 0.00 0.00 0.00 0.00 65.00 149.51 218.06 273.03 294.88 298.48 279.66 240.42 164.00 83.60 0.00 0.00 0.00 0.00 0.00
0.00 0.00 0.00 0.00 0.00 0.00 0.00 0.00 1.00 3.23 4.63 6.20 7.04 5.63 5.38 4.67 4.24 2.62 0.98 0.00 0.00 0.00 0.00 0.00
0.00 0.00 0.00 0.00 0.00 0.00 0.00 0.00 0.00 140.92 305.79 446.42 561.65 655.10 673.68 636.12 535.42 368.43 195.64 0.00 0.00 0.00 0.00 0.00
0.00 0.00 0.00 0.00 0.00 0.00 0.00 0.00 0.17 0.91 1.70 2.41 2.88 2.68 2.68 2.43 2.22 1.38 0.55 0.00 0.00 0.00 0.00 0.00
0.00 0.00 0.00 0.00 0.00 0.00 0.00 0.00 0.16 0.69 1.33 1.85 2.10 2.92 2.83 2.56 1.86 1.20 0.53 0.00 0.00 0.00 0.00 0.00
0.00 0.00 0.00 0.00 0.00 0.00 0.00 0.00 0.26 1.10 2.13 2.96 3.37 4.67 4.52 4.09 2.97 1.92 0.84 0.00 0.00 0.00 0.00 0.00
0.00 0.00 0.00 0.00 0.00 0.00 0.00 0.00 0.26 1.10 2.13 2.96 3.37 4.67 4.52 4.09 2.97 1.92 0.84 0.00 0.00 0.00 0.00 0.00
0.00 0.00 0.00 0.00 0.00 0.00 0.00 0.00 0.39 2.19 4.38 6.36 7.59 8.81 8.64 8.01 6.06 3.96 1.80 0.00 0.00 0.00 0.00 0.00
0.00 0.00 0.00 0.00 0.00 0.00 0.00 0.00 0.21 1.18 2.02 2.94 3.47 4.16 4.08 3.81 2.83 1.84 0.83 0.00 0.00 0.00 0.00 0.00
0.00 0.00 0.00 0.00 0.00 0.00 0.00 0.00 0.27 1.51 2.60 3.79 4.47 5.34 5.25 4.90 3.63 2.36 1.07 0.00 0.00 0.00 0.00 0.00
0.00 0.00 0.00 0.00 0.00 0.00 0.00 0.00 0.18 1.01 1.73 2.52 2.98 3.56 3.50 3.27 2.42 1.57 0.71 0.00 0.00 0.00 0.00 0.00
0.00 0.00 0.00 0.00 0.00 0.00 0.00 0.00 0.18 1.01 1.73 2.52 2.98 3.56 3.50 3.27 2.42 1.57 0.71 0.00 0.00 0.00 0.00 0.00
0.00 0.00 0.00 0.00 0.00 0.00 0.00 0.00 3.43 18.75 42.66 61.81 73.16 81.83 81.25 74.59 54.86 36.53 18.08 0.00 0.00 0.00 0.00 0.00
0.00 0.00 0.00 0.00 0.00 0.00 0.00 0.00 1.06 5.73 12.25 17.65 20.84 25.81 25.59 23.44 17.82 11.65 5.19 0.00 0.00 0.00 0.00 0.00
0.00 0.00 0.00 0.00 0.00 0.00 0.00 0.00 0.74 4.62 11.10 15.92 19.39 20.82 20.71 19.21 15.82 10.35 4.65 0.00 0.00 0.00 0.00 0.00
0.00 0.00 0.00 0.00 0.00 0.00 0.00 0.00 0.00 41.57 90.20 131.68 165.67 193.23 198.71 187.63 157.93 108.67 57.71 0.00 0.00 0.00 0.00 0.00
0.00 0.00 0.00 0.00 0.00 0.00 0.00 0.00 0.00 39.54 85.80 125.25 157.58 183.80 189.02 178.48 150.23 103.37 54.89 0.00 0.00 0.00 0.00 0.00
0.00 0.00 0.00 0.00 0.00 0.00 0.00 0.00 0.00 76.04 165.00 240.87 303.05 353.47 363.50 343.23 288.90 198.79 105.56 0.00 0.00 0.00 0.00 0.00
0.00 0.00 0.00 0.00 0.00 0.00 0.00 0.00 0.00 74.77 162.25 236.86 298.00 347.58 357.44 337.51 284.08 195.48 103.80 0.00 0.00 0.00 0.00 0.00
0.00 0.00 0.00 0.00 0.00 0.00 0.00 0.00 0.00 73.79 173.34 251.60 321.14 402.81 411.36 382.36 321.20 218.66 111.52 0.00 0.00 0.00 0.00 0.00
0.00 0.00 0.00 0.00 0.00 0.00 0.00 0.00 0.16 0.69 1.33 1.85 2.10 2.92 2.83 2.56 1.86 1.20 0.53 0.00 0.00 0.00 0.00 0.00
0.00 0.00 0.00 0.00 0.00 0.00 0.00 0.00 0.81 3.50 6.74 9.36 10.66 14.77 14.32 12.97 9.40 6.08 2.68 0.00 0.00 0.00 0.00 0.00
0.00 0.00 0.00 0.00 0.00 0.00 0.00 0.00 4.14 17.85 34.43 47.79 54.43 75.42 73.13 66.19 47.98 31.03 13.66 0.00 0.00 0.00 0.00 0.00
0.00 0.00 0.00 0.00 0.00 0.00 0.00 0.00 0.00 2.84 6.16 8.99 11.31 13.20 13.57 12.81 10.79 7.42 3.94 0.00 0.00 0.00 0.00 0.00
0.00 0.00 0.00 0.00 0.00 0.00 0.00 0.00 0.00 63.98 147.18 214.66 268.78 290.28 293.83 275.30 236.68 161.45 82.29 0.00 0.00 0.00 0.00 0.00
0.00 0.00 0.00 0.00 0.00 0.00 0.00 0.00 0.32 3.83 8.07 12.18 15.62 20.46 21.48 20.56 18.10 12.56 6.25 0.00 0.00 0.00 0.00 0.00
0.00 0.00 0.00 0.00 0.00 0.00 0.00 0.00 0.39 18.17 38.89 56.39 68.35 83.71 86.31 79.09 70.79 45.71 21.30 0.00 0.00 0.00 0.00 0.00
0.00 0.00 0.00 0.00 0.00 0.00 0.00 0.00 0.00 1.07 2.45 3.58 4.48 4.84 4.90 4.59 3.94 2.69 1.37 0.00 0.00 0.00 0.00 0.00
0.00 0.00 0.00 0.00 0.00 0.00 0.00 0.00 0.00 47.99 110.38 161.00 201.58 217.71 220.37 206.48 177.51 121.09 61.72 0.00 0.00 0.00 0.00 0.00
0.00 0.00 0.00 0.00 0.00 0.00 0.00 0.00 0.00 61.59 141.66 206.61 258.70 279.40 282.81 264.98 227.80 155.39 79.21 0.00 0.00 0.00 0.00 0.00
0.00 0.00 0.00 0.00 0.00 0.00 0.00 0.00 0.00 97.31 228.59 331.79 423.50 531.20 542.48 504.24 423.59 288.36 147.07 0.00 0.00 0.00 0.00 0.00
0.00 0.00 0.00 0.00 0.00 0.00 0.00 0.00 0.31 1.81 3.31 4.80 5.72 6.32 6.18 5.60 5.34 3.54 1.64 0.00 0.00 0.00 0.00 0.00
0.00 0.00 0.00 0.00 0.00 0.00 0.00 0.00 0.40 2.31 4.08 5.89 7.08 8.51 8.29 7.70 6.41 4.25 1.96 0.00 0.00 0.00 0.00 0.00
0.00 0.00 0.00 0.00 0.00 0.00 0.00 0.00 1.32 15.78 33.30 50.25 64.44 84.42 88.59 84.83 74.68 51.83 25.79 0.00 0.00 0.00 0.00 0.00
0.00 0.00 0.00 0.00 0.00 0.00 0.00 0.00 0.00 76.98 177.06 264.86 337.86 408.31 420.85 390.37 313.96 216.10 111.75 0.00 0.00 0.00 0.00 0.00
0.00 0.00 0.00 0.00 0.00 0.00 0.00 0.00 0.08 0.43 0.92 1.28 1.51 2.02 1.98 1.79 1.47 0.95 0.41 0.00 0.00 0.00 0.00 0.00
0.00 0.00 0.00 0.00 0.00 0.00 0.00 0.00 0.00 12.50 29.42 42.90 53.33 67.77 69.31 63.78 56.61 38.08 18.81 0.00 0.00 0.00 0.00 0.00
0.00 0.00 0.00 0.00 0.00 0.00 0.00 0.00 0.00 5.44 12.21 18.27 22.60 25.67 26.51 24.87 20.71 14.47 8.05 0.17 0.00 0.00 0.00 0.00
0.00 0.00 0.00 0.00 0.00 0.00 0.00 0.00 0.20 0.96 2.15 3.05 3.68 3.18 3.09 2.82 2.46 1.53 0.59 0.00 0.00 0.00 0.00 0.00
0.00 0.00 0.00 0.00 0.00 0.00 0.00 0.00 0.10 0.48 1.07 1.52 1.84 1.59 1.55 1.41 1.23 0.76 0.30 0.00 0.00 0.00 0.00 0.00
0.00 0.00 0.00 0.00 0.00 0.00 0.00 0.00 0.22 1.05 2.35 3.33 4.03 3.48 3.38 3.08 2.69 1.67 0.65 0.00 0.00 0.00 0.00 0.00
0.00 0.00 0.00 0.00 0.00 0.00 0.00 0.00 0.28 1.37 2.23 3.11 3.75 5.22 5.12 4.64 3.68 2.27 0.89 0.00 0.00 0.00 0.00 0.00
0.00 0.00 0.00 0.00 0.00 0.00 0.00 0.00 0.43 2.08 3.39 4.75 5.71 7.95 7.80 7.07 5.60 3.47 1.36 0.00 0.00 0.00 0.00 0.00
0.00 0.00 0.00 0.00 0.00 0.00 0.00 0.00 0.37 1.97 3.29 4.60 5.56 6.02 6.04 5.47 4.53 2.85 1.14 0.00 0.00 0.00 0.00 0.00
0.00 0.00 0.00 0.00 0.00 0.00 0.00 0.00 0.10 1.44 2.88 4.10 4.93 5.44 5.50 5.03 4.07 2.62 1.15 0.00 0.00 0.00 0.00 0.00
0.00 0.00 0.00 0.00 0.00 0.00 0.00 0.00 0.25 3.72 7.43 10.58 12.74 14.05 14.21 13.00 10.52 6.76 2.98 0.00 0.00 0.00 0.00 0.00
0.00 0.00 0.00 0.00 0.00 0.00 0.00 0.00 0.07 1.09 2.13 3.01 3.68 4.81 4.91 4.43 3.68 2.34 1.06 0.00 0.00 0.00 0.00 0.00
0.00 0.00 0.00 0.00 0.00 0.00 0.00 0.00 0.61 2.74 4.13 5.79 6.73 8.24 8.16 7.33 6.32 4.02 1.69 0.00 0.00 0.00 0.00 0.00
0.00 0.00 0.00 0.00 0.00 0.00 0.00 0.00 0.55 2.69 6.63 9.23 11.00 15.08 15.28 13.80 10.80 6.72 2.77 0.00 0.00 0.00 0.00 0.00
0.00 0.00 0.00 0.00 0.00 0.00 0.00 0.00 0.34 1.13 1.48 2.01 2.25 1.49 1.44 1.27 1.24 0.77 0.29 0.00 0.00 0.00 0.00 0.00
0.00 0.00 0.00 0.00 0.00 0.00 0.00 0.00 1.27 4.65 5.81 8.00 9.22 10.40 9.90 8.76 5.99 3.81 1.53 0.00 0.00 0.00 0.00 0.00
0.00 0.00 0.00 0.00 0.00 0.00 0.00 0.00 1.12 3.86 5.50 7.48 8.44 7.20 6.98 6.14 5.99 3.70 1.44 0.00 0.00 0.00 0.00 0.00
0.00 0.00 0.00 0.00 0.00 0.00 0.00 0.00 1.54 5.33 7.59 10.33 11.64 9.94 9.63 8.47 8.26 5.10 1.99 0.00 0.00 0.00 0.00 0.00
0.00 0.00 0.00 0.00 0.00 0.00 0.00 0.00 1.05 3.63 5.17 7.03 7.93 6.77 6.56 5.77 5.63 3.48 1.35 0.00 0.00 0.00 0.00 0.00
0.00 0.00 0.00 0.00 0.00 0.00 0.00 0.00 0.68 2.48 3.10 4.27 4.92 5.55 5.28 4.67 3.19 2.03 0.82 0.00 0.00 0.00 0.00 0.00
0.00 0.00 0.00 0.00 0.00 0.00 0.00 0.00 0.87 2.86 4.21 5.71 6.50 5.58 5.41 4.77 4.20 2.57 0.97 0.00 0.00 0.00 0.00 0.00
0.00 0.00 0.00 0.00 0.00 0.00 0.00 0.00 0.46 1.98 3.82 5.30 6.03 8.36 8.10 7.34 5.32 3.44 1.51 0.00 0.00 0.00 0.00 0.00
0.00 0.00 0.00 0.00 0.00 0.00 0.00 0.00 4.47 24.41 55.53 80.45 95.23 106.51 105.76 97.09 71.40 47.55 23.53 0.00 0.00 0.00 0.00 0.00
0.00 0.00 0.00 0.00 0.00 0.00 0.00 0.00 0.44 2.48 4.96 7.21 8.61 9.99 9.79 9.08 6.87 4.49 2.04 0.00 0.00 0.00 0.00 0.00
0.00 0.00 0.00 0.00 0.00 0.00 0.00 0.00 0.75 3.60 7.19 10.05 11.86 13.04 12.94 11.88 11.04 7.22 3.16 0.00 0.00 0.00 0.00 0.00
0.00 0.00 0.00 0.00 0.00 0.00 0.00 0.00 0.34 1.65 3.30 4.61 5.43 5.98 5.93 5.45 5.06 3.31 1.45 0.00 0.00 0.00 0.00 0.00
0.00 0.00 0.00 0.00 0.00 0.00 0.00 0.00 0.48 2.73 6.18 8.96 10.70 12.06 11.85 10.95 8.47 5.58 2.53 0.00 0.00 0.00 0.00 0.00
0.00 0.00 0.00 0.00 0.00 0.00 0.00 0.00 0.21 1.04 2.24 3.10 3.68 4.90 4.81 4.36 3.57 2.31 1.01 0.00 0.00 0.00 0.00 0.00
0.00 0.00 0.00 0.00 0.00 0.00 0.00 0.00 1.36 16.34 34.48 52.03 66.71 87.40 91.72 87.83 77.32 53.66 26.70 0.00 0.00 0.00 0.00 0.00
0.00 0.00 0.00 0.00 0.00 0.00 0.00 0.00 0.09 4.35 9.30 13.48 16.35 20.02 20.64 18.91 16.93 10.93 5.09 0.00 0.00 0.00 0.00 0.00
0.00 0.00 0.00 0.00 0.00 0.00 0.00 0.00 0.03 0.99 2.26 3.29 4.00 4.98 5.05 4.61 3.88 2.57 1.21 0.00 0.00 0.00 0.00 0.00
0.00 0.00 0.00 0.00 0.00 0.00 0.00 0.00 0.06 1.35 3.23 4.62 5.68 7.30 7.35 6.70 5.34 3.57 1.69 0.00 0.00 0.00 0.00 0.00
0.00 0.00 0.00 0.00 0.00 0.00 0.00 0.00 0.10 2.16 5.17 7.40 9.09 11.69 11.75 10.72 8.54 5.71 2.71 0.00 0.00 0.00 0.00 0.00
0.00 0.00 0.00 0.00 0.00 0.00 0.00 0.00 0.00 77.30 167.75 244.89 308.10 359.36 369.55 348.95 293.71 202.11 107.32 0.00 0.00 0.00 0.00 0.00
