0.00 0.00 0.00 0.00 0.00 0.00 0.00 0.11 0.50 0.88 1.38 1.83 2.22 2.87 2.95 2.78 2.52 2.04 1.46 1.06 0.46 0.00 0.00 0.00
0.00 0.00 0.00 0.00 0.00 0.00 0.00 4.15 14.89 25.07 39.59 51.16 59.65 77.44 77.09 71.47 52.48 41.40 27.53 10.41 2.65 0.00 0.00 0.00
0.00 0.00 0.00 0.00 0.00 0.00 0.00 2.51 11.42 20.14 31.61 41.86 50.85 65.64 67.50 63.51 57.55 46.60 33.49 24.19 10.55 0.00 0.00 0.00
0.00 0.00 0.00 0.00 0.00 0.00 0.00 8.91 40.59 71.58 112.36 148.76 180.71 233.29 239.90 225.70 204.54 165.61 119.03 85.98 37.49 0.00 0.00 0.00
0.00 0.00 0.00 0.00 0.00 0.00 0.00 1.54 4.05 6.72 8.07 10.18 11.56 11.22 11.13 10.01 6.24 4.88 3.25 1.49 0.30 0.00 0.00 0.00
0.00 0.00 0.00 0.00 0.00 0.00 0.00 13.69 86.67 158.60 243.63 325.96 396.54 435.25 446.45 424.60 414.70 335.63 236.49 174.74 77.22 0.00 0.00 0.00
0.00 0.00 0.00 0.00 0.00 0.00 0.00 0.92 2.45 4.06 6.29 8.07 9.29 9.87 9.93 9.25 8.42 6.71 4.60 2.51 0.85 0.00 0.00 0.00
0.00 0.00 0.00 0.00 0.00 0.00 0.00 0.27 0.91 1.52 2.54 3.24 3.72 4.51 4.60 4.31 3.66 2.85 1.92 0.95 0.26 0.00 0.00 0.00
0.00 0.00 0.00 0.00 0.00 0.00 0.00 0.44 1.46 2.43 4.06 5.18 5.95 7.22 7.36 6.90 5.86 4.56 3.08 1.52 0.42 0.00 0.00 0.00
0.00 0.00 0.00 0.00 0.00 0.00 0.00 0.44 1.46 2.43 4.06 5.18 5.95 7.22 7.36 6.90 5.86 4.56 3.08 1.52 0.42 0.00 0.00 0.00
0.00 0.00 0.00 0.00 0.00 0.00 0.00 1.09 3.82 6.46 8.71 11.80 14.11 14.98 14.98 14.18 14.20 11.44 7.90 4.37 1.40 0.00 0.00 0.00
0.00 0.00 0.00 0.00 0.00 0.00 0.00 0.56 1.96 3.31 4.75 6.43 7.68 8.45 8.53 8.02 7.91 6.32 4.35 2.29 0.73 0.00 0.00 0.00
0.00 0.00 0.00 0.00 0.00 0.00 0.00 0.72 2.52 4.26 6.11 8.26 9.87 10.86 10.96 10.31 10.17 8.12 5.59 2.95 0.94 0.00 0.00 0.00
0.00 0.00 0.00 0.00 0.00 0.00 0.00 0.48 1.68 2.84 4.07 5.51 6.58 7.24 7.31 6.88 6.78 5.42 3.73 1.96 0.62 0.00 0.00 0.00
0.00 0.00 0.00 0.00 0.00 0.00 0.00 0.48 1.68 2.84 4.07 5.51 6.58 7.24 7.31 6.88 6.78 5.42 3.73 1.96 0.62 0.00 0.00 0.00
0.00 0.00 0.00 0.00 0.00 0.00 0.00 4.40 23.52 41.50 46.70 61.30 70.22 68.23 69.61 66.49 47.40 37.29 25.26 17.90 5.24 0.00 0.00 0.00
0.00 0.00 0.00 0.00 0.00 0.00 0.00 3.45 11.48 19.25 21.56 28.76 34.56 39.30 39.63 37.11 35.60 28.47 19.95 12.18 3.87 0.00 0.00 0.00
0.00 0.00 0.00 0.00 0.00 0.00 0.00 2.07 6.88 11.55 17.11 21.96 25.98 33.70 33.99 32.32 40.53 32.07 22.03 13.87 4.70 0.00 0.00 0.00
0.00 0.00 0.00 0.00 0.00 0.00 0.00 4.04 25.56 46.78 71.86 96.15 116.96 128.38 131.69 125.24 122.32 99.00 69.76 51.54 22.78 0.00 0.00 0.00
0.00 0.00 0.00 0.00 0.00 0.00 0.00 3.84 24.32 44.50 68.36 91.46 111.26 122.12 125.26 119.13 116.35 94.17 66.35 49.03 21.67 0.00 0.00 0.00
0.00 0.00 0.00 0.00 0.00 0.00 0.00 7.39 46.76 85.58 131.45 175.88 213.96 234.85 240.89 229.10 223.76 181.10 127.60 94.28 41.66 0.00 0.00 0.00
0.00 0.00 0.00 0.00 0.00 0.00 0.00 7.27 45.98 84.15 129.26 172.94 210.39 230.93 236.87 225.28 220.03 178.08 125.47 92.71 40.97 0.00 0.00 0.00
0.00 0.00 0.00 0.00 0.00 0.00 0.00 16.89 73.49 128.67 173.93 231.18 281.30 337.94 345.06 338.48 335.95 270.48 195.38 154.86 70.08 0.00 0.00 0.00
0.00 0.00 0.00 0.00 0.00 0.00 0.00 0.27 0.91 1.52 2.54 3.24 3.72 4.51 4.60 4.31 3.66 2.85 1.92 0.95 0.26 0.00 0.00 0.00
0.00 0.00 0.00 0.00 0.00 0.00 0.00 1.39 4.63 7.71 12.85 16.40 18.83 22.85 23.30 21.85 18.56 14.43 9.75 4.81 1.32 0.00 0.00 0.00
0.00 0.00 0.00 0.00 0.00 0.00 0.00 7.08 23.61 39.34 65.59 83.72 96.13 116.65 118.93 111.55 94.73 73.67 49.79 24.56 6.73 0.00 0.00 0.00
0.00 0.00 0.00 0.00 0.00 0.00 0.00 0.28 1.75 3.19 4.91 6.57 7.99 8.77 8.99 8.55 8.35 6.76 4.76 3.52 1.56 0.00 0.00 0.00
0.00 0.00 0.00 0.00 0.00 0.00 0.00 8.77 39.95 70.46 110.61 146.44 177.90 229.66 236.16 222.18 201.35 163.03 117.17 84.64 36.90 0.00 0.00 0.00
0.00 0.00 0.00 0.00 0.00 0.00 0.00 0.87 4.11 7.28 9.13 12.77 16.29 20.85 21.48 20.83 16.35 13.17 9.18 5.65 2.09 0.00 0.00 0.00
0.00 0.00 0.00 0.00 0.00 0.00 0.00 15.70 51.58 86.01 121.23 155.21 181.41 195.57 204.37 194.28 168.26 137.15 98.06 66.71 28.08 0.00 0.00 0.00
0.00 0.00 0.00 0.00 0.00 0.00 0.00 0.15 0.67 1.17 1.84 2.44 2.96 3.83 3.94 3.70 3.36 2.72 1.95 1.41 0.62 0.00 0.00 0.00
0.00 0.00 0.00 0.00 0.00 0.00 0.00 6.57 29.96 52.85 82.95 109.83 133.42 172.24 177.12 166.64 151.01 122.27 87.88 63.48 27.68 0.00 0.00 0.00
0.00 0.00 0.00 0.00 0.00 0.00 0.00 8.44 38.45 67.82 106.46 140.95 171.23 221.05 227.31 213.85 193.80 156.92 112.78 81.47 35.52 0.00 0.00 0.00
0.00 0.00 0.00 0.00 0.00 0.00 0.00 22.28 96.91 169.69 229.37 304.87 370.96 445.66 455.04 446.37 443.03 356.70 257.66 204.22 92.42 0.00 0.00 0.00
0.00 0.00 0.00 0.00 0.00 0.00 0.00 0.84 3.16 5.40 8.51 11.27 13.44 15.29 15.42 14.63 12.23 9.60 6.67 3.62 1.16 0.00 0.00 0.00
0.00 0.00 0.00 0.00 0.00 0.00 0.00 1.08 4.00 6.82 10.58 13.93 16.73 19.27 19.50 18.59 16.77 13.10 9.22 4.83 1.55 0.00 0.00 0.00
0.00 0.00 0.00 0.00 0.00 0.00 0.00 3.60 16.93 30.01 37.66 52.68 67.20 86.03 88.60 85.91 67.44 54.33 37.88 23.30 8.61 0.00 0.00 0.00
0.00 0.00 0.00 0.00 0.00 0.00 0.00 33.63 137.23 237.37 353.94 459.39 547.22 572.49 583.93 547.06 481.70 390.20 286.08 188.83 95.16 0.40 0.00 0.00
0.00 0.00 0.00 0.00 0.00 0.00 0.00 0.25 0.80 1.33 1.63 2.15 2.54 3.14 3.14 2.96 2.99 2.38 1.66 1.10 0.34 0.00 0.00 0.00
0.00 0.00 0.00 0.00 0.00 0.00 0.00 5.07 19.85 34.18 50.67 65.55 78.29 81.41 82.26 77.57 65.84 53.44 39.18 27.26 11.75 0.00 0.00 0.00
0.00 0.00 0.00 0.00 0.00 0.00 0.00 0.32 3.96 7.55 13.34 17.93 21.71 23.24 23.60 21.71 20.55 16.41 11.73 8.33 3.80 0.00 0.00 0.00
0.00 0.00 0.00 0.00 0.00 0.00 0.00 1.18 3.03 5.01 7.33 9.34 10.74 11.37 11.33 10.63 9.98 7.85 5.34 2.83 0.94 0.00 0.00 0.00
0.00 0.00 0.00 0.00 0.00 0.00 0.00 0.59 1.51 2.51 3.67 4.67 5.37 5.68 5.67 5.31 4.99 3.93 2.67 1.42 0.47 0.00 0.00 0.00
0.00 0.00 0.00 0.00 0.00 0.00 0.00 1.29 3.31 5.48 8.02 10.21 11.74 12.43 12.39 11.62 10.91 8.59 5.84 3.10 1.02 0.00 0.00 0.00
0.00 0.00 0.00 0.00 0.00 0.00 0.00 1.43 3.75 6.23 9.63 12.11 13.98 14.16 14.17 13.25 13.12 10.26 7.08 3.66 1.19 0.00 0.00 0.00
0.00 0.00 0.00 0.00 0.00 0.00 0.00 2.18 5.72 9.49 14.68 18.45 21.30 21.58 21.59 20.20 20.00 15.63 10.78 5.57 1.82 0.00 0.00 0.00
0.00 0.00 0.00 0.00 0.00 0.00 0.00 1.83 4.90 8.10 12.55 16.25 18.50 19.76 19.77 18.51 17.07 13.67 9.30 5.14 1.75 0.00 0.00 0.00
0.00 0.00 0.00 0.00 0.00 0.00 0.00 1.53 4.48 7.29 10.45 13.15 15.22 15.95 16.61 16.21 14.05 11.17 7.88 5.40 2.20 0.00 0.00 0.00
0.00 0.00 0.00 0.00 0.00 0.00 0.00 3.96 11.57 18.83 27.00 33.96 39.32 41.20 42.91 41.87 36.29 28.87 20.36 13.96 5.69 0.00 0.00 0.00
0.00 0.00 0.00 0.00 0.00 0.00 0.00 0.90 2.83 4.68 6.59 8.42 9.85 10.65 10.87 10.46 9.21 7.41 5.18 3.49 1.41 0.00 0.00 0.00
0.00 0.00 0.00 0.00 0.00 0.00 0.00 1.40 4.17 6.88 8.51 11.37 13.31 14.25 14.45 13.38 13.71 10.82 7.48 5.03 1.50 0.00 0.00 0.00
0.00 0.00 0.00 0.00 0.00 0.00 0.00 2.67 7.57 12.42 17.19 22.17 26.44 34.25 34.80 32.54 32.55 25.65 17.40 9.46 3.02 0.00 0.00 0.00
0.00 0.00 0.00 0.00 0.00 0.00 0.00 0.44 1.16 1.86 2.43 3.06 3.43 3.79 3.71 3.44 2.39 1.87 1.23 0.63 0.14 0.00 0.00 0.00
0.00 0.00 0.00 0.00 0.00 0.00 0.00 1.58 4.56 7.51 11.72 14.57 16.40 22.51 22.61 20.85 15.61 11.99 7.88 3.70 0.90 0.00 0.00 0.00
0.00 0.00 0.00 0.00 0.00 0.00 0.00 1.35 3.69 6.06 7.44 9.34 10.25 14.35 13.96 13.06 8.87 6.85 4.56 2.26 0.52 0.00 0.00 0.00
0.00 0.00 0.00 0.00 0.00 0.00 0.00 1.86 5.10 8.36 10.27 12.89 14.14 19.80 19.26 18.02 12.24 9.45 6.30 3.11 0.71 0.00 0.00 0.00
0.00 0.00 0.00 0.00 0.00 0.00 0.00 1.26 3.47 5.70 7.00 8.78 9.63 13.49 13.12 12.27 8.34 6.43 4.29 2.12 0.48 0.00 0.00 0.00
0.00 0.00 0.00 0.00 0.00 0.00 0.00 0.84 2.43 4.01 6.25 7.77 8.74 12.01 12.06 11.12 8.33 6.40 4.20 1.97 0.48 0.00 0.00 0.00
0.00 0.00 0.00 0.00 0.00 0.00 0.00 1.34 3.57 5.86 6.62 8.27 9.27 10.16 10.13 9.31 5.77 4.53 3.10 1.42 0.30 0.00 0.00 0.00
0.00 0.00 0.00 0.00 0.00 0.00 0.00 0.79 2.62 4.36 7.27 9.28 10.65 12.93 13.18 12.36 10.50 8.16 5.52 2.72 0.75 0.00 0.00 0.00
0.00 0.00 0.00 0.00 0.00 0.00 0.00 5.73 30.61 54.01 60.78 79.79 91.40 88.81 90.60 86.54 61.70 48.53 32.88 23.30 6.83 0.00 0.00 0.00
0.00 0.00 0.00 0.00 0.00 0.00 0.00 1.24 4.33 7.33 9.87 13.38 15.99 16.98 16.98 16.07 16.09 12.96 8.96 4.95 1.59 0.00 0.00 0.00
0.00 0.00 0.00 0.00 0.00 0.00 0.00 1.90 6.14 10.21 17.68 23.41 28.14 34.81 35.39 32.96 25.80 20.55 14.25 6.40 1.93 0.00 0.00 0.00
0.00 0.00 0.00 0.00 0.00 0.00 0.00 0.87 2.81 4.68 8.10 10.73 12.90 15.95 16.22 15.11 11.82 9.42 6.53 2.93 0.88 0.00 0.00 0.00
0.00 0.00 0.00 0.00 0.00 0.00 0.00 1.45 5.06 8.55 10.88 14.69 17.62 18.88 18.75 17.74 17.79 14.26 9.96 5.64 1.82 0.00 0.00 0.00
0.00 0.00 0.00 0.00 0.00 0.00 0.00 0.61 1.94 3.24 3.96 5.22 6.16 7.62 7.63 7.19 7.26 5.78 4.03 2.68 0.83 0.00 0.00 0.00
0.00 0.00 0.00 0.00 0.00 0.00 0.00 3.73 17.53 31.07 38.99 54.54 69.57 89.07 91.73 88.95 69.83 56.25 39.22 24.13 8.91 0.00 0.00 0.00
0.00 0.00 0.00 0.00 0.00 0.00 0.00 3.75 12.33 20.57 28.99 37.12 43.38 46.77 48.87 46.46 40.23 32.80 23.45 15.95 6.71 0.00 0.00 0.00
0.00 0.00 0.00 0.00 0.00 0.00 0.00 0.79 2.68 4.51 6.29 8.04 9.50 10.10 10.26 9.77 8.79 7.11 5.03 3.57 1.49 0.00 0.00 0.00
0.00 0.00 0.00 0.00 0.00 0.00 0.00 0.75 2.64 4.48 7.38 9.47 11.14 12.43 12.81 12.44 11.38 8.98 6.36 4.40 1.78 0.00 0.00 0.00
0.00 0.00 0.00 0.00 0.00 0.00 0.00 1.20 4.23 7.16 11.80 15.15 17.82 19.89 20.49 19.91 18.20 14.37 10.18 7.04 2.85 0.00 0.00 0.00
0.00 0.00 0.00 0.00 0.00 0.00 0.00 7.51 47.54 87.00 133.65 178.81 217.52 238.76 244.90 232.92 227.49 184.11 129.73 95.86 42.36 0.00 0.00 0.00
