0.00 0.00 0.00 0.00 0.00 0.00 0.00 0.00 0.00 0.65 1.47 2.19 2.93 3.47 3.61 3.46 3.60 2.70 1.77 0.40 0.00 0.00 0.00 0.00
0.00 0.00 0.00 0.00 0.00 0.00 0.00 0.00 0.00 9.57 19.13 28.88 36.40 46.32 48.01 46.23 47.28 35.65 22.02 2.97 0.00 0.00 0.00 0.00
0.00 0.00 0.00 0.00 0.00 0.00 0.00 0.00 0.00 14.80 33.57 50.06 67.07 79.42 82.66 79.16 82.34 61.66 40.45 9.18 0.00 0.00 0.00 0.00
0.00 0.00 0.00 0.00 0.00 0.00 0.00 0.00 0.00 52.60 119.30 177.91 238.37 282.26 293.75 281.35 292.63 219.12 143.76 32.63 0.00 0.00 0.00 0.00
0.00 0.00 0.00 0.00 0.00 0.00 0.00 0.00 0.11 1.30 2.50 3.68 4.62 5.33 5.28 5.02 4.54 3.31 1.92 0.12 0.00 0.00 0.00 0.00
0.00 0.00 0.00 0.00 0.00 0.00 0.00 0.00 0.00 96.48 201.87 304.28 407.89 797.01 845.51 809.09 703.13 522.58 344.35 91.29 0.00 0.00 0.00 0.00
0.00 0.00 0.00 0.00 0.00 0.00 0.00 0.00 0.00 1.35 2.04 3.07 3.98 4.66 4.67 4.51 3.73 2.62 1.56 0.29 0.00 0.00 0.00 0.00
0.00 0.00 0.00 0.00 0.00 0.00 0.00 0.00 0.00 0.33 0.87 1.33 1.77 1.90 1.94 1.91 1.77 1.32 0.81 0.20 0.00 0.00 0.00 0.00
0.00 0.00 0.00 0.00 0.00 0.00 0.00 0.00 0.00 0.53 1.39 2.13 2.83 3.03 3.11 3.06 2.83 2.10 1.29 0.32 0.00 0.00 0.00 0.00
0.00 0.00 0.00 0.00 0.00 0.00 0.00 0.00 0.00 0.53 1.39 2.13 2.83 3.03 3.11 3.06 2.83 2.10 1.29 0.32 0.00 0.00 0.00 0.00
0.00 0.00 0.00 0.00 0.00 0.00 0.00 0.00 0.00 2.21 5.57 8.37 11.34 10.31 10.65 10.45 9.15 6.72 4.20 0.80 0.00 0.00 0.00 0.00
0.00 0.00 0.00 0.00 0.00 0.00 0.00 0.00 0.00 0.99 2.43 3.72 5.01 4.23 4.36 4.27 4.09 3.03 1.89 0.35 0.00 0.00 0.00 0.00
0.00 0.00 0.00 0.00 0.00 0.00 0.00 0.00 0.00 1.27 3.12 4.79 6.45 5.44 5.60 5.49 5.26 3.90 2.43 0.46 0.00 0.00 0.00 0.00
0.00 0.00 0.00 0.00 0.00 0.00 0.00 0.00 0.00 0.85 2.08 3.19 4.30 3.62 3.74 3.66 3.50 2.60 1.62 0.30 0.00 0.00 0.00 0.00
0.00 0.00 0.00 0.00 0.00 0.00 0.00 0.00 0.00 0.85 2.08 3.19 4.30 3.62 3.74 3.66 3.50 2.60 1.62 0.30 0.00 0.00 0.00 0.00
0.00 0.00 0.00 0.00 0.00 0.00 0.00 0.00 0.00 9.04 18.65 28.64 37.09 60.36 63.49 61.36 77.40 57.27 36.56 7.07 0.00 0.00 0.00 0.00
0.00 0.00 0.00 0.00 0.00 0.00 0.00 0.00 0.00 6.59 17.51 26.66 36.43 30.25 30.73 30.24 25.77 19.01 11.79 2.31 0.00 0.00 0.00 0.00
0.00 0.00 0.00 0.00 0.00 0.00 0.00 0.00 0.00 6.93 16.29 24.71 32.41 31.78 32.60 31.63 25.65 18.94 11.81 2.06 0.00 0.00 0.00 0.00
0.00 0.00 0.00 0.00 0.00 0.00 0.00 0.00 0.00 28.46 59.54 89.75 120.31 235.09 249.40 238.65 207.40 154.14 101.57 26.93 0.00 0.00 0.00 0.00
0.00 0.00 0.00 0.00 0.00 0.00 0.00 0.00 0.00 27.07 56.64 85.37 114.45 223.62 237.23 227.01 197.28 146.62 96.62 25.61 0.00 0.00 0.00 0.00
0.00 0.00 0.00 0.00 0.00 0.00 0.00 0.00 0.00 52.06 108.92 164.18 220.09 430.04 456.21 436.56 379.39 281.97 185.80 49.26 0.00 0.00 0.00 0.00
0.00 0.00 0.00 0.00 0.00 0.00 0.00 0.00 0.00 51.19 107.11 161.45 216.42 422.87 448.61 429.28 373.06 277.27 182.70 48.44 0.00 0.00 0.00 0.00
0.00 0.00 0.00 0.00 0.00 0.00 0.00 0.00 0.00 66.80 185.51 277.02 369.16 444.58 458.40 441.88 382.21 285.35 187.75 42.54 0.00 0.00 0.00 0.00
0.00 0.00 0.00 0.00 0.00 0.00 0.00 0.00 0.00 0.33 0.87 1.33 1.77 1.90 1.94 1.91 1.77 1.32 0.81 0.20 0.00 0.00 0.00 0.00
0.00 0.00 0.00 0.00 0.00 0.00 0.00 0.00 0.00 1.67 4.41 6.74 8.95 9.60 9.84 9.68 8.95 6.66 4.10 1.01 0.00 0.00 0.00 0.00
0.00 0.00 0.00 0.00 0.00 0.00 0.00 0.00 0.00 8.54 22.49 34.40 45.71 49.03 50.24 49.43 45.69 34.02 20.91 5.13 0.00 0.00 0.00 0.00
0.00 0.00 0.00 0.00 0.00 0.00 0.00 0.00 0.00 1.94 4.07 6.13 8.22 16.05 17.03 16.30 14.16 10.53 6.94 1.84 0.00 0.00 0.00 0.00
0.00 0.00 0.00 0.00 0.00 0.00 0.00 0.00 0.00 51.78 117.44 175.14 234.65 277.86 289.17 276.96 288.07 215.71 141.52 32.12 0.00 0.00 0.00 0.00
0.00 0.00 0.00 0.00 0.00 0.00 0.00 0.00 0.00 4.09 9.58 14.23 19.16 22.71 24.25 23.36 21.81 16.91 10.95 2.26 0.00 0.00 0.00 0.00
0.00 0.00 0.00 0.00 0.00 0.00 0.00 0.00 0.00 29.96 73.91 108.01 139.04 153.97 156.15 149.76 129.15 96.23 61.20 11.15 0.00 0.00 0.00 0.00
0.00 0.00 0.00 0.00 0.00 0.00 0.00 0.00 0.00 0.86 1.96 2.92 3.91 4.63 4.82 4.62 4.80 3.60 2.36 0.54 0.00 0.00 0.00 0.00
0.00 0.00 0.00 0.00 0.00 0.00 0.00 0.00 0.00 38.84 88.08 131.36 175.99 208.39 216.88 207.72 216.05 161.78 106.14 24.09 0.00 0.00 0.00 0.00
0.00 0.00 0.00 0.00 0.00 0.00 0.00 0.00 0.00 49.84 113.04 168.57 225.85 267.44 278.33 266.57 277.26 207.62 136.22 30.92 0.00 0.00 0.00 0.00
0.00 0.00 0.00 0.00 0.00 0.00 0.00 0.00 0.00 88.09 244.64 365.32 486.84 586.29 604.51 582.72 504.04 376.31 247.59 56.11 0.00 0.00 0.00 0.00
0.00 0.00 0.00 0.00 0.00 0.00 0.00 0.00 0.00 1.63 3.18 4.95 6.75 6.03 6.35 6.16 5.88 4.37 2.75 0.59 0.00 0.00 0.00 0.00
0.00 0.00 0.00 0.00 0.00 0.00 0.00 0.00 0.00 2.01 4.23 6.64 9.00 7.80 8.24 8.02 7.56 5.61 3.52 0.72 0.00 0.00 0.00 0.00
0.00 0.00 0.00 0.00 0.00 0.00 0.00 0.00 0.00 16.89 39.53 58.68 79.03 93.69 100.02 96.37 89.98 69.77 45.16 9.34 0.00 0.00 0.00 0.00
0.00 0.00 0.00 0.00 0.00 0.00 0.00 0.00 0.00 48.94 168.10 259.72 354.84 433.49 459.59 440.08 386.24 295.06 196.52 48.69 0.00 0.00 0.00 0.00
0.00 0.00 0.00 0.00 0.00 0.00 0.00 0.00 0.00 0.53 1.29 1.98 2.68 2.22 2.25 2.17 1.72 1.28 0.79 0.16 0.00 0.00 0.00 0.00
0.00 0.00 0.00 0.00 0.00 0.00 0.00 0.00 0.00 13.71 34.92 51.53 69.01 73.85 76.19 72.82 71.09 52.51 34.04 7.35 0.00 0.00 0.00 0.00
0.00 0.00 0.00 0.00 0.00 0.00 0.00 0.00 0.00 3.42 11.88 18.26 25.22 31.18 33.33 31.56 27.12 20.36 13.20 3.89 0.00 0.00 0.00 0.00
0.00 0.00 0.00 0.00 0.00 0.00 0.00 0.00 0.00 1.32 2.12 3.12 4.00 4.51 4.61 4.37 4.07 2.89 1.71 0.29 0.00 0.00 0.00 0.00
0.00 0.00 0.00 0.00 0.00 0.00 0.00 0.00 0.00 0.66 1.06 1.56 2.00 2.25 2.30 2.18 2.04 1.45 0.86 0.15 0.00 0.00 0.00 0.00
0.00 0.00 0.00 0.00 0.00 0.00 0.00 0.00 0.00 1.44 2.32 3.42 4.38 4.93 5.04 4.78 4.46 3.16 1.87 0.32 0.00 0.00 0.00 0.00
0.00 0.00 0.00 0.00 0.00 0.00 0.00 0.00 0.00 1.45 2.65 3.92 5.07 6.39 6.50 6.23 5.48 3.89 2.31 0.39 0.00 0.00 0.00 0.00
0.00 0.00 0.00 0.00 0.00 0.00 0.00 0.00 0.00 2.21 4.03 5.98 7.73 9.74 9.91 9.49 8.34 5.93 3.52 0.59 0.00 0.00 0.00 0.00
0.00 0.00 0.00 0.00 0.00 0.00 0.00 0.00 0.00 2.81 4.40 6.58 8.52 9.73 9.76 9.47 7.68 5.35 3.20 0.64 0.00 0.00 0.00 0.00
0.00 0.00 0.00 0.00 0.00 0.00 0.00 0.00 0.00 2.59 6.14 8.93 11.52 12.82 12.90 12.17 10.29 7.50 4.68 0.66 0.00 0.00 0.00 0.00
0.00 0.00 0.00 0.00 0.00 0.00 0.00 0.00 0.00 6.70 15.85 23.06 29.77 33.13 33.32 31.45 26.58 19.38 12.08 1.72 0.00 0.00 0.00 0.00
0.00 0.00 0.00 0.00 0.00 0.00 0.00 0.00 0.00 1.64 3.93 5.78 7.54 7.92 8.00 7.61 6.78 5.05 3.17 0.55 0.00 0.00 0.00 0.00
0.00 0.00 0.00 0.00 0.00 0.00 0.00 0.00 0.00 2.24 4.82 7.42 9.62 7.40 7.70 7.49 6.05 4.42 2.68 0.47 0.00 0.00 0.00 0.00
0.00 0.00 0.00 0.00 0.00 0.00 0.00 0.00 0.00 3.89 11.20 16.94 21.87 22.86 23.25 22.51 13.44 9.79 5.92 1.03 0.00 0.00 0.00 0.00
0.00 0.00 0.00 0.00 0.00 0.00 0.00 0.00 0.03 0.42 0.63 0.91 1.13 1.58 1.57 1.51 1.22 0.90 0.52 0.04 0.00 0.00 0.00 0.00
0.00 0.00 0.00 0.00 0.00 0.00 0.00 0.00 0.06 2.39 4.23 6.45 8.19 7.86 7.85 7.66 8.62 6.24 3.71 0.41 0.00 0.00 0.00 0.00
0.00 0.00 0.00 0.00 0.00 0.00 0.00 0.00 0.10 1.85 2.84 4.28 5.30 6.43 6.51 6.28 5.89 4.23 2.49 0.23 0.00 0.00 0.00 0.00
0.00 0.00 0.00 0.00 0.00 0.00 0.00 0.00 0.14 2.56 3.92 5.91 7.32 8.87 8.99 8.67 8.13 5.84 3.44 0.31 0.00 0.00 0.00 0.00
0.00 0.00 0.00 0.00 0.00 0.00 0.00 0.00 0.09 1.74 2.67 4.02 4.98 6.04 6.12 5.90 5.54 3.98 2.34 0.21 0.00 0.00 0.00 0.00
0.00 0.00 0.00 0.00 0.00 0.00 0.00 0.00 0.03 1.27 2.26 3.44 4.37 4.19 4.19 4.09 4.60 3.33 1.98 0.22 0.00 0.00 0.00 0.00
0.00 0.00 0.00 0.00 0.00 0.00 0.00 0.00 0.10 1.26 2.56 3.82 4.65 4.96 4.99 4.70 4.92 3.61 2.11 0.14 0.00 0.00 0.00 0.00
0.00 0.00 0.00 0.00 0.00 0.00 0.00 0.00 0.00 0.95 2.49 3.81 5.07 5.43 5.57 5.48 5.06 3.77 2.32 0.57 0.00 0.00 0.00 0.00
0.00 0.00 0.00 0.00 0.00 0.00 0.00 0.00 0.00 11.76 24.27 37.27 48.28 78.57 82.63 79.86 100.74 74.54 47.58 9.21 0.00 0.00 0.00 0.00
0.00 0.00 0.00 0.00 0.00 0.00 0.00 0.00 0.00 2.51 6.31 9.49 12.86 11.68 12.07 11.85 10.37 7.62 4.76 0.90 0.00 0.00 0.00 0.00
0.00 0.00 0.00 0.00 0.00 0.00 0.00 0.00 0.00 3.20 6.70 10.56 14.08 10.83 11.03 11.05 9.31 6.79 4.17 0.88 0.00 0.00 0.00 0.00
0.00 0.00 0.00 0.00 0.00 0.00 0.00 0.00 0.00 1.47 3.07 4.84 6.45 4.96 5.05 5.06 4.27 3.11 1.91 0.40 0.00 0.00 0.00 0.00
0.00 0.00 0.00 0.00 0.00 0.00 0.00 0.00 0.00 3.18 7.99 11.96 16.28 15.32 15.76 15.37 12.73 9.40 5.87 1.12 0.00 0.00 0.00 0.00
0.00 0.00 0.00 0.00 0.00 0.00 0.00 0.00 0.00 1.28 3.14 4.81 6.50 5.39 5.47 5.26 4.17 3.10 1.91 0.39 0.00 0.00 0.00 0.00
0.00 0.00 0.00 0.00 0.00 0.00 0.00 0.00 0.00 17.49 40.92 60.75 81.83 97.01 103.56 99.78 93.16 72.23 46.75 9.67 0.00 0.00 0.00 0.00
0.00 0.00 0.00 0.00 0.00 0.00 0.00 0.00 0.00 7.16 17.67 25.83 33.25 36.82 37.34 35.81 30.88 23.01 14.63 2.67 0.00 0.00 0.00 0.00
0.00 0.00 0.00 0.00 0.00 0.00 0.00 0.00 0.00 1.61 3.89 5.71 7.45 7.81 8.00 7.71 7.00 5.16 3.29 0.62 0.00 0.00 0.00 0.00
0.00 0.00 0.00 0.00 0.00 0.00 0.00 0.00 0.00 1.97 4.65 6.89 8.84 9.18 9.41 8.99 8.16 6.13 3.90 0.79 0.00 0.00 0.00 0.00
0.00 0.00 0.00 0.00 0.00 0.00 0.00 0.00 0.00 3.15 7.45 11.03 14.14 14.68 15.05 14.38 13.05 9.80 6.25 1.27 0.00 0.00 0.00 0.00
0.00 0.00 0.00 0.00 0.00 0.00 0.00 0.00 0.00 52.93 110.74 166.92 223.76 437.21 463.81 443.84 385.71 286.67 188.90 50.08 0.00 0.00 0.00 0.00
