0.00 0.00 0.00 0.00 0.00 0.00 0.00 0.00 0.00 0.24 1.29 2.13 2.95 3.26 3.42 3.27 2.68 1.93 1.14 0.10 0.00 0.00 0.00 0.00
0.00 0.00 0.00 0.00 0.00 0.00 0.00 0.00 0.00 5.43 14.69 23.47 30.28 33.05 34.30 32.83 30.70 22.37 12.42 0.79 0.00 0.00 0.00 0.00
0.00 0.00 0.00 0.00 0.00 0.00 0.00 0.00 0.00 5.43 29.59 48.60 67.40 74.46 78.14 74.77 61.28 44.16 26.08 2.28 0.00 0.00 0.00 0.00
0.00 0.00 0.00 0.00 0.00 0.00 0.00 0.00 0.00 19.29 105.18 172.72 239.55 264.62 277.71 265.73 217.77 156.94 92.69 8.09 0.00 0.00 0.00 0.00
0.00 0.00 0.00 0.00 0.00 0.00 0.00 0.00 0.00 0.96 2.62 4.05 5.17 6.98 6.92 6.52 6.94 4.82 2.39 0.00 0.00 0.00 0.00 0.00
0.00 0.00 0.00 0.00 0.00 0.00 0.00 0.00 0.00 39.79 221.47 368.06 510.86 592.82 635.83 609.73 513.61 368.49 221.26 26.50 0.00 0.00 0.00 0.00
0.00 0.00 0.00 0.00 0.00 0.00 0.00 0.00 0.00 0.65 2.30 3.74 4.98 6.38 6.39 6.11 4.86 3.25 1.65 0.00 0.00 0.00 0.00 0.00
0.00 0.00 0.00 0.00 0.00 0.00 0.00 0.00 0.00 0.24 0.63 1.02 1.39 2.01 2.06 2.01 1.91 1.37 0.74 0.03 0.00 0.00 0.00 0.00
0.00 0.00 0.00 0.00 0.00 0.00 0.00 0.00 0.00 0.38 1.01 1.63 2.22 3.22 3.30 3.21 3.06 2.18 1.19 0.04 0.00 0.00 0.00 0.00
0.00 0.00 0.00 0.00 0.00 0.00 0.00 0.00 0.00 0.38 1.01 1.63 2.22 3.22 3.30 3.21 3.06 2.18 1.19 0.04 0.00 0.00 0.00 0.00
0.00 0.00 0.00 0.00 0.00 0.00 0.00 0.00 0.00 1.45 4.32 6.96 9.70 9.92 10.25 9.98 8.98 6.33 3.51 0.19 0.00 0.00 0.00 0.00
0.00 0.00 0.00 0.00 0.00 0.00 0.00 0.00 0.00 0.66 1.80 2.95 4.08 4.19 4.32 4.19 3.96 2.81 1.56 0.08 0.00 0.00 0.00 0.00
0.00 0.00 0.00 0.00 0.00 0.00 0.00 0.00 0.00 0.84 2.31 3.79 5.24 5.39 5.55 5.39 5.09 3.62 2.00 0.11 0.00 0.00 0.00 0.00
0.00 0.00 0.00 0.00 0.00 0.00 0.00 0.00 0.00 0.56 1.54 2.52 3.50 3.59 3.70 3.59 3.40 2.41 1.34 0.07 0.00 0.00 0.00 0.00
0.00 0.00 0.00 0.00 0.00 0.00 0.00 0.00 0.00 0.56 1.54 2.52 3.50 3.59 3.70 3.59 3.40 2.41 1.34 0.07 0.00 0.00 0.00 0.00
0.00 0.00 0.00 0.00 0.00 0.00 0.00 0.00 0.00 10.28 30.10 48.88 64.67 74.25 78.38 75.50 60.67 43.52 25.48 3.19 0.00 0.00 0.00 0.00
0.00 0.00 0.00 0.00 0.00 0.00 0.00 0.00 0.00 4.57 13.89 22.69 31.90 29.98 30.43 29.66 25.80 18.21 9.96 0.43 0.00 0.00 0.00 0.00
0.00 0.00 0.00 0.00 0.00 0.00 0.00 0.00 0.00 3.84 13.03 21.26 28.73 32.53 33.41 32.16 26.92 19.04 10.47 0.29 0.00 0.00 0.00 0.00
0.00 0.00 0.00 0.00 0.00 0.00 0.00 0.00 0.00 11.74 65.33 108.57 150.68 174.86 187.55 179.85 151.50 108.69 65.26 7.82 0.00 0.00 0.00 0.00
0.00 0.00 0.00 0.00 0.00 0.00 0.00 0.00 0.00 11.17 62.14 103.27 143.33 166.33 178.40 171.08 144.11 103.39 62.08 7.43 0.00 0.00 0.00 0.00
0.00 0.00 0.00 0.00 0.00 0.00 0.00 0.00 0.00 21.47 119.50 198.60 275.64 319.87 343.08 328.99 277.13 198.83 119.39 14.30 0.00 0.00 0.00 0.00
0.00 0.00 0.00 0.00 0.00 0.00 0.00 0.00 0.00 21.11 117.51 195.29 271.05 314.54 337.36 323.51 272.51 195.51 117.40 14.06 0.00 0.00 0.00 0.00
0.00 0.00 0.00 0.00 0.00 0.00 0.00 0.00 0.00 21.42 135.89 226.29 314.44 352.96 366.43 352.19 290.29 208.07 122.64 10.80 0.00 0.00 0.00 0.00
0.00 0.00 0.00 0.00 0.00 0.00 0.00 0.00 0.00 0.24 0.63 1.02 1.39 2.01 2.06 2.01 1.91 1.37 0.74 0.03 0.00 0.00 0.00 0.00
0.00 0.00 0.00 0.00 0.00 0.00 0.00 0.00 0.00 1.20 3.19 5.18 7.04 10.21 10.44 10.17 9.68 6.92 3.77 0.13 0.00 0.00 0.00 0.00
0.00 0.00 0.00 0.00 0.00 0.00 0.00 0.00 0.00 6.15 16.29 26.42 35.96 52.12 53.32 51.91 49.41 35.31 19.26 0.69 0.00 0.00 0.00 0.00
0.00 0.00 0.00 0.00 0.00 0.00 0.00 0.00 0.00 0.80 4.46 7.41 10.29 11.94 12.81 12.28 10.35 7.42 4.46 0.53 0.00 0.00 0.00 0.00
0.00 0.00 0.00 0.00 0.00 0.00 0.00 0.00 0.00 18.99 103.54 170.03 235.82 260.50 273.39 261.59 214.38 154.49 91.24 7.97 0.00 0.00 0.00 0.00
0.00 0.00 0.00 0.00 0.00 0.00 0.00 0.00 0.00 2.16 7.86 12.59 17.46 20.35 21.81 20.92 17.57 13.14 7.70 0.67 0.00 0.00 0.00 0.00
0.00 0.00 0.00 0.00 0.00 0.00 0.00 0.00 0.00 11.61 55.31 89.16 119.32 139.32 141.80 135.12 109.66 78.10 43.59 1.60 0.00 0.00 0.00 0.00
0.00 0.00 0.00 0.00 0.00 0.00 0.00 0.00 0.00 0.32 1.73 2.83 3.93 4.34 4.56 4.36 3.57 2.57 1.52 0.13 0.00 0.00 0.00 0.00
0.00 0.00 0.00 0.00 0.00 0.00 0.00 0.00 0.00 14.24 77.65 127.52 176.86 195.37 205.04 196.19 160.78 115.87 68.43 5.97 0.00 0.00 0.00 0.00
0.00 0.00 0.00 0.00 0.00 0.00 0.00 0.00 0.00 18.28 99.65 163.66 226.98 250.73 263.13 251.78 206.34 148.70 87.82 7.67 0.00 0.00 0.00 0.00
0.00 0.00 0.00 0.00 0.00 0.00 0.00 0.00 0.00 28.25 179.21 298.43 414.67 465.46 483.23 464.45 382.82 274.39 161.74 14.25 0.00 0.00 0.00 0.00
0.00 0.00 0.00 0.00 0.00 0.00 0.00 0.00 0.00 1.02 2.94 4.90 6.85 6.87 7.24 6.98 7.31 5.23 2.94 0.25 0.00 0.00 0.00 0.00
0.00 0.00 0.00 0.00 0.00 0.00 0.00 0.00 0.00 1.24 3.55 5.96 8.30 8.27 8.75 8.45 8.70 6.20 3.48 0.26 0.00 0.00 0.00 0.00
0.00 0.00 0.00 0.00 0.00 0.00 0.00 0.00 0.00 8.90 32.43 51.94 72.02 83.94 89.97 86.30 72.47 54.20 31.76 2.76 0.00 0.00 0.00 0.00
0.00 0.00 0.00 0.00 0.00 0.00 0.00 0.00 0.00 6.27 116.75 207.57 298.22 370.56 395.69 377.36 316.98 232.09 137.60 14.32 0.00 0.00 0.00 0.00
0.00 0.00 0.00 0.00 0.00 0.00 0.00 0.00 0.00 0.37 1.12 1.84 2.56 2.48 2.52 2.39 2.11 1.50 0.81 0.02 0.00 0.00 0.00 0.00
0.00 0.00 0.00 0.00 0.00 0.00 0.00 0.00 0.00 5.13 27.32 44.50 61.90 69.77 72.39 68.89 55.04 39.01 22.55 1.64 0.00 0.00 0.00 0.00
0.00 0.00 0.00 0.00 0.00 0.00 0.00 0.00 0.00 1.22 5.74 9.81 14.10 15.85 17.06 16.13 9.91 7.20 4.30 1.38 0.00 0.00 0.00 0.00
0.00 0.00 0.00 0.00 0.00 0.00 0.00 0.00 0.00 0.84 2.68 4.24 5.58 7.09 7.24 6.79 5.61 3.78 1.89 0.00 0.00 0.00 0.00 0.00
0.00 0.00 0.00 0.00 0.00 0.00 0.00 0.00 0.00 0.42 1.34 2.12 2.79 3.54 3.62 3.39 2.80 1.89 0.95 0.00 0.00 0.00 0.00 0.00
0.00 0.00 0.00 0.00 0.00 0.00 0.00 0.00 0.00 0.92 2.93 4.63 6.10 7.75 7.91 7.43 6.13 4.14 2.07 0.00 0.00 0.00 0.00 0.00
0.00 0.00 0.00 0.00 0.00 0.00 0.00 0.00 0.00 1.17 3.71 5.90 7.83 9.52 9.68 9.19 7.27 4.92 2.48 0.00 0.00 0.00 0.00 0.00
0.00 0.00 0.00 0.00 0.00 0.00 0.00 0.00 0.00 1.78 5.65 8.99 11.93 14.50 14.75 14.00 11.07 7.49 3.78 0.00 0.00 0.00 0.00 0.00
0.00 0.00 0.00 0.00 0.00 0.00 0.00 0.00 0.00 1.33 4.94 7.96 10.61 12.58 12.63 12.13 9.82 6.53 3.34 0.00 0.00 0.00 0.00 0.00
0.00 0.00 0.00 0.00 0.00 0.00 0.00 0.00 0.00 1.05 4.55 7.30 9.81 11.37 11.46 10.72 8.55 5.93 3.19 0.01 0.00 0.00 0.00 0.00
0.00 0.00 0.00 0.00 0.00 0.00 0.00 0.00 0.00 2.72 11.76 18.86 25.34 29.37 29.60 27.69 22.09 15.33 8.25 0.02 0.00 0.00 0.00 0.00
0.00 0.00 0.00 0.00 0.00 0.00 0.00 0.00 0.00 0.68 2.95 4.76 6.44 7.42 7.50 7.08 5.90 4.20 2.31 0.07 0.00 0.00 0.00 0.00
0.00 0.00 0.00 0.00 0.00 0.00 0.00 0.00 0.00 1.62 4.82 7.92 10.53 10.52 10.91 10.49 9.28 6.48 3.43 0.00 0.00 0.00 0.00 0.00
0.00 0.00 0.00 0.00 0.00 0.00 0.00 0.00 0.00 2.80 9.47 15.38 20.48 23.44 23.82 22.85 18.17 12.61 6.58 0.00 0.00 0.00 0.00 0.00
0.00 0.00 0.00 0.00 0.00 0.00 0.00 0.00 0.00 0.34 0.98 1.49 1.87 2.11 2.10 2.01 2.19 1.53 0.76 0.00 0.00 0.00 0.00 0.00
0.00 0.00 0.00 0.00 0.00 0.00 0.00 0.00 0.00 1.90 5.04 8.07 10.40 11.68 11.71 11.36 11.47 7.95 4.12 0.00 0.00 0.00 0.00 0.00
0.00 0.00 0.00 0.00 0.00 0.00 0.00 0.00 0.00 1.23 3.64 5.78 7.28 7.78 7.89 7.56 7.86 5.39 2.74 0.00 0.00 0.00 0.00 0.00
0.00 0.00 0.00 0.00 0.00 0.00 0.00 0.00 0.00 1.70 5.03 7.97 10.05 10.74 10.89 10.43 10.85 7.44 3.78 0.00 0.00 0.00 0.00 0.00
0.00 0.00 0.00 0.00 0.00 0.00 0.00 0.00 0.00 1.16 3.42 5.43 6.85 7.31 7.42 7.11 7.39 5.07 2.58 0.00 0.00 0.00 0.00 0.00
0.00 0.00 0.00 0.00 0.00 0.00 0.00 0.00 0.00 1.01 2.69 4.30 5.54 6.23 6.24 6.06 6.12 4.24 2.20 0.00 0.00 0.00 0.00 0.00
0.00 0.00 0.00 0.00 0.00 0.00 0.00 0.00 0.00 0.99 2.38 3.74 4.63 6.22 6.26 5.84 5.90 4.13 2.07 0.00 0.00 0.00 0.00 0.00
0.00 0.00 0.00 0.00 0.00 0.00 0.00 0.00 0.00 0.68 1.81 2.93 3.98 5.78 5.91 5.75 5.48 3.91 2.13 0.08 0.00 0.00 0.00 0.00
0.00 0.00 0.00 0.00 0.00 0.00 0.00 0.00 0.00 13.39 39.18 63.63 84.17 96.65 102.02 98.27 78.96 56.65 33.16 4.16 0.00 0.00 0.00 0.00
0.00 0.00 0.00 0.00 0.00 0.00 0.00 0.00 0.00 1.65 4.90 7.89 11.00 11.24 11.61 11.31 10.18 7.17 3.98 0.22 0.00 0.00 0.00 0.00
0.00 0.00 0.00 0.00 0.00 0.00 0.00 0.00 0.00 1.85 4.45 7.48 10.25 13.31 13.48 13.31 12.31 8.59 4.66 0.14 0.00 0.00 0.00 0.00
0.00 0.00 0.00 0.00 0.00 0.00 0.00 0.00 0.00 0.85 2.04 3.43 4.70 6.10 6.18 6.10 5.64 3.94 2.13 0.06 0.00 0.00 0.00 0.00
0.00 0.00 0.00 0.00 0.00 0.00 0.00 0.00 0.00 2.05 6.36 10.19 14.27 14.43 14.86 14.37 12.50 8.84 4.90 0.25 0.00 0.00 0.00 0.00
0.00 0.00 0.00 0.00 0.00 0.00 0.00 0.00 0.00 0.89 2.72 4.46 6.22 6.03 6.12 5.82 5.12 3.64 1.97 0.04 0.00 0.00 0.00 0.00
0.00 0.00 0.00 0.00 0.00 0.00 0.00 0.00 0.00 9.22 33.58 53.77 74.57 86.91 93.15 89.35 75.03 56.11 32.88 2.86 0.00 0.00 0.00 0.00
0.00 0.00 0.00 0.00 0.00 0.00 0.00 0.00 0.00 2.78 13.23 21.32 28.53 33.32 33.91 32.31 26.22 18.68 10.42 0.38 0.00 0.00 0.00 0.00
0.00 0.00 0.00 0.00 0.00 0.00 0.00 0.00 0.00 0.64 2.97 4.80 6.51 7.40 7.60 7.28 5.97 4.22 2.37 0.10 0.00 0.00 0.00 0.00
0.00 0.00 0.00 0.00 0.00 0.00 0.00 0.00 0.00 0.84 3.69 5.99 7.96 9.18 9.43 8.94 7.28 5.25 2.96 0.12 0.00 0.00 0.00 0.00
0.00 0.00 0.00 0.00 0.00 0.00 0.00 0.00 0.00 1.35 5.91 9.58 12.73 14.69 15.09 14.31 11.65 8.40 4.74 0.19 0.00 0.00 0.00 0.00
0.00 0.00 0.00 0.00 0.00 0.00 0.00 0.00 0.00 21.83 121.49 201.91 280.24 325.20 348.79 334.48 281.75 202.14 121.37 14.53 0.00 0.00 0.00 0.00
