0.00 0.00 0.00 0.00 0.00 0.00 0.00 0.00 0.70 1.62 2.69 3.61 4.25 4.68 4.70 4.53 4.06 3.32 2.29 1.05 0.29 0.00 0.00 0.00
0.00 0.00 0.00 0.00 0.00 0.00 0.00 0.00 15.98 32.69 50.47 64.48 75.29 84.20 83.55 77.90 65.16 50.06 33.19 11.25 0.13 0.00 0.00 0.00
0.00 0.00 0.00 0.00 0.00 0.00 0.00 0.00 16.00 37.13 61.55 82.49 97.15 106.99 107.51 103.65 92.89 75.84 52.48 23.98 6.54 0.00 0.00 0.00
0.00 0.00 0.00 0.00 0.00 0.00 0.00 0.00 56.85 131.97 218.73 293.17 345.28 380.22 382.07 368.38 330.11 269.54 186.50 85.21 23.24 0.00 0.00 0.00
0.00 0.00 0.00 0.00 0.00 0.00 0.00 0.30 3.24 5.97 5.91 7.52 8.57 13.13 12.73 11.64 10.64 8.15 5.12 1.63 0.00 0.00 0.00 0.00
0.00 0.00 0.00 0.00 0.00 0.00 0.00 0.00 108.82 270.57 462.01 624.67 753.20 832.90 863.95 859.52 793.47 645.68 441.79 212.77 62.37 0.00 0.00 0.00
0.00 0.00 0.00 0.00 0.00 0.00 0.00 0.07 1.84 3.50 5.59 7.25 8.40 8.99 8.86 8.28 7.22 5.52 3.57 1.28 0.11 0.00 0.00 0.00
0.00 0.00 0.00 0.00 0.00 0.00 0.00 0.00 0.95 1.92 2.79 3.65 4.25 4.42 4.30 4.08 3.53 2.74 1.80 0.75 0.02 0.00 0.00 0.00
0.00 0.00 0.00 0.00 0.00 0.00 0.00 0.00 1.53 3.07 4.47 5.84 6.80 7.07 6.87 6.53 5.65 4.38 2.88 1.20 0.03 0.00 0.00 0.00
0.00 0.00 0.00 0.00 0.00 0.00 0.00 0.00 1.53 3.07 4.47 5.84 6.80 7.07 6.87 6.53 5.65 4.38 2.88 1.20 0.03 0.00 0.00 0.00
0.00 0.00 0.00 0.00 0.00 0.00 0.00 0.00 3.55 7.33 11.87 15.86 18.43 19.96 19.91 18.75 16.73 13.05 8.28 2.94 0.29 0.00 0.00 0.00
0.00 0.00 0.00 0.00 0.00 0.00 0.00 0.00 1.66 3.42 5.53 7.40 8.58 9.42 9.39 8.78 7.75 6.08 3.85 1.35 0.13 0.00 0.00 0.00
0.00 0.00 0.00 0.00 0.00 0.00 0.00 0.00 2.13 4.39 7.11 9.52 11.03 12.11 12.07 11.29 9.96 7.81 4.95 1.74 0.16 0.00 0.00 0.00
0.00 0.00 0.00 0.00 0.00 0.00 0.00 0.00 1.42 2.93 4.74 6.34 7.35 8.08 8.05 7.53 6.64 5.21 3.30 1.16 0.11 0.00 0.00 0.00
0.00 0.00 0.00 0.00 0.00 0.00 0.00 0.00 1.42 2.93 4.74 6.34 7.35 8.08 8.05 7.53 6.64 5.21 3.30 1.16 0.11 0.00 0.00 0.00
0.00 0.00 0.00 0.00 0.00 0.00 0.00 0.00 17.52 39.28 64.11 85.16 99.39 107.39 106.93 100.55 78.76 60.80 39.93 17.66 1.68 0.00 0.00 0.00
0.00 0.00 0.00 0.00 0.00 0.00 0.00 0.00 10.95 22.24 35.38 47.36 55.14 60.30 60.14 55.74 49.54 38.62 24.87 9.13 0.81 0.00 0.00 0.00
0.00 0.00 0.00 0.00 0.00 0.00 0.00 0.00 9.31 19.02 30.46 40.75 46.89 50.55 50.24 47.06 41.60 32.57 20.97 7.85 0.91 0.00 0.00 0.00
0.00 0.00 0.00 0.00 0.00 0.00 0.00 0.00 32.10 79.81 136.28 184.26 222.17 245.67 254.83 253.53 234.05 190.45 130.31 62.76 18.40 0.00 0.00 0.00
0.00 0.00 0.00 0.00 0.00 0.00 0.00 0.00 30.53 75.92 129.63 175.27 211.33 233.69 242.40 241.16 222.63 181.16 123.95 59.70 17.50 0.00 0.00 0.00
0.00 0.00 0.00 0.00 0.00 0.00 0.00 0.00 58.72 145.99 249.28 337.05 406.40 449.41 466.16 463.77 428.13 348.39 238.38 114.81 33.65 0.00 0.00 0.00
0.00 0.00 0.00 0.00 0.00 0.00 0.00 0.00 57.74 143.56 245.13 331.44 399.63 441.92 458.39 456.04 421.00 342.58 234.40 112.89 33.09 0.00 0.00 0.00
0.00 0.00 0.00 0.00 0.00 0.00 0.00 0.00 72.40 167.62 276.26 375.90 453.57 504.08 517.87 495.83 450.18 356.32 245.06 115.54 33.67 0.00 0.00 0.00
0.00 0.00 0.00 0.00 0.00 0.00 0.00 0.00 0.95 1.92 2.79 3.65 4.25 4.42 4.30 4.08 3.53 2.74 1.80 0.75 0.02 0.00 0.00 0.00
0.00 0.00 0.00 0.00 0.00 0.00 0.00 0.00 4.84 9.71 14.16 18.49 21.52 22.38 21.77 20.68 17.89 13.87 9.13 3.79 0.10 0.00 0.00 0.00
0.00 0.00 0.00 0.00 0.00 0.00 0.00 0.00 24.70 49.59 72.27 94.40 109.88 114.27 111.12 105.55 91.33 70.81 46.62 19.37 0.52 0.00 0.00 0.00
0.00 0.00 0.00 0.00 0.00 0.00 0.00 0.00 2.19 5.45 9.31 12.58 15.17 16.78 17.40 17.31 15.98 13.01 8.90 4.29 1.26 0.00 0.00 0.00
0.00 0.00 0.00 0.00 0.00 0.00 0.00 0.00 55.97 129.91 215.32 288.60 339.90 374.29 376.12 362.64 324.97 265.33 183.60 83.88 22.88 0.00 0.00 0.00
0.00 0.00 0.00 0.00 0.00 0.00 0.00 0.00 4.72 10.67 17.72 24.26 28.92 31.75 31.41 29.50 26.57 20.99 13.93 5.86 1.10 0.00 0.00 0.00
0.00 0.00 0.00 0.00 0.00 0.00 0.00 0.00 18.59 39.40 75.52 102.51 121.47 148.91 149.47 140.95 139.15 111.01 75.70 36.90 8.43 0.00 0.00 0.00
0.00 0.00 0.00 0.00 0.00 0.00 0.00 0.00 0.93 2.17 3.59 4.81 5.66 6.24 6.27 6.04 5.42 4.42 3.06 1.40 0.38 0.00 0.00 0.00
0.00 0.00 0.00 0.00 0.00 0.00 0.00 0.00 41.97 97.43 161.49 216.45 254.92 280.72 282.09 271.98 243.73 199.00 137.70 62.91 17.16 0.00 0.00 0.00
0.00 0.00 0.00 0.00 0.00 0.00 0.00 0.00 53.87 125.04 207.24 277.78 327.15 360.26 362.01 349.04 312.78 255.38 176.71 80.73 22.02 0.00 0.00 0.00
0.00 0.00 0.00 0.00 0.00 0.00 0.00 0.00 95.48 221.05 364.31 495.72 598.14 664.76 682.94 653.88 593.67 469.90 323.17 152.37 44.41 0.00 0.00 0.00
0.00 0.00 0.00 0.00 0.00 0.00 0.00 0.00 2.45 5.15 8.66 11.63 13.51 15.05 14.98 13.93 12.03 9.09 6.06 2.27 0.24 0.00 0.00 0.00
0.00 0.00 0.00 0.00 0.00 0.00 0.00 0.00 3.12 6.53 10.91 14.64 17.03 18.93 18.87 17.56 15.08 11.46 7.51 2.76 0.29 0.00 0.00 0.00
0.00 0.00 0.00 0.00 0.00 0.00 0.00 0.00 19.47 44.01 73.08 100.06 119.29 130.96 129.58 121.68 109.60 86.59 57.47 24.17 4.53 0.00 0.00 0.00
0.00 0.00 0.00 0.00 0.00 0.00 0.00 0.00 69.54 164.64 261.99 361.47 439.84 474.42 480.99 450.85 419.40 337.68 234.96 133.07 47.13 0.00 0.00 0.00
0.00 0.00 0.00 0.00 0.00 0.00 0.00 0.00 0.88 1.76 2.80 3.72 4.28 4.66 4.66 4.36 3.76 2.85 1.88 0.69 0.05 0.00 0.00 0.00
0.00 0.00 0.00 0.00 0.00 0.00 0.00 0.00 13.35 29.76 50.24 67.96 81.70 93.00 94.00 89.76 79.22 62.61 43.31 19.76 5.05 0.00 0.00 0.00
0.00 0.00 0.00 0.00 0.00 0.00 0.00 0.00 3.39 9.23 16.15 22.51 27.10 30.56 31.24 30.35 28.59 22.42 15.91 8.35 2.69 0.00 0.00 0.00
0.00 0.00 0.00 0.00 0.00 0.00 0.00 0.15 2.20 4.14 6.39 8.31 9.56 10.13 10.06 9.42 8.12 6.28 4.00 1.41 0.09 0.00 0.00 0.00
0.00 0.00 0.00 0.00 0.00 0.00 0.00 0.07 1.10 2.07 3.19 4.15 4.78 5.07 5.03 4.71 4.06 3.14 2.00 0.70 0.04 0.00 0.00 0.00
0.00 0.00 0.00 0.00 0.00 0.00 0.00 0.16 2.41 4.53 6.99 9.09 10.45 11.08 11.00 10.30 8.89 6.87 4.38 1.54 0.10 0.00 0.00 0.00
0.00 0.00 0.00 0.00 0.00 0.00 0.00 0.16 2.88 5.43 8.47 10.95 12.75 13.62 13.34 12.53 10.95 8.36 5.33 1.85 0.11 0.00 0.00 0.00
0.00 0.00 0.00 0.00 0.00 0.00 0.00 0.24 4.38 8.27 12.91 16.69 19.43 20.75 20.32 19.09 16.69 12.74 8.12 2.81 0.17 0.00 0.00 0.00
0.00 0.00 0.00 0.00 0.00 0.00 0.00 0.13 3.76 7.18 11.37 14.62 16.99 18.11 17.73 16.66 14.65 11.29 7.37 2.69 0.23 0.00 0.00 0.00
0.00 0.00 0.00 0.00 0.00 0.00 0.00 0.00 2.72 5.50 8.72 11.84 13.97 14.85 14.97 14.25 12.64 9.89 6.58 2.75 0.54 0.00 0.00 0.00
0.00 0.00 0.00 0.00 0.00 0.00 0.00 0.00 7.03 14.21 22.52 30.58 36.08 38.36 38.68 36.81 32.65 25.55 16.99 7.10 1.40 0.00 0.00 0.00
0.00 0.00 0.00 0.00 0.00 0.00 0.00 0.00 1.48 3.07 5.02 6.83 8.11 8.90 8.82 8.23 7.50 5.86 3.99 1.83 0.37 0.00 0.00 0.00
0.00 0.00 0.00 0.00 0.00 0.00 0.00 0.00 4.12 8.04 12.14 15.95 18.32 19.48 19.40 17.79 14.98 11.42 7.28 2.75 0.12 0.00 0.00 0.00
0.00 0.00 0.00 0.00 0.00 0.00 0.00 0.04 6.81 13.19 20.87 27.52 31.78 33.66 33.89 31.64 27.58 21.11 13.48 4.67 0.30 0.00 0.00 0.00
0.00 0.00 0.00 0.00 0.00 0.00 0.00 0.10 1.02 1.88 2.39 3.03 3.42 3.58 3.43 3.19 2.99 2.29 1.44 0.52 0.00 0.00 0.00 0.00
0.00 0.00 0.00 0.00 0.00 0.00 0.00 0.14 5.47 10.44 13.87 17.62 19.81 21.41 20.61 19.26 18.00 13.77 8.84 3.55 0.00 0.00 0.00 0.00
0.00 0.00 0.00 0.00 0.00 0.00 0.00 0.22 3.68 6.91 8.90 11.27 12.64 13.19 12.51 11.83 12.30 9.38 6.04 2.24 0.00 0.00 0.00 0.00
0.00 0.00 0.00 0.00 0.00 0.00 0.00 0.30 5.08 9.53 12.28 15.55 17.44 18.20 17.26 16.33 16.97 12.94 8.34 3.09 0.00 0.00 0.00 0.00
0.00 0.00 0.00 0.00 0.00 0.00 0.00 0.20 3.46 6.49 8.36 10.59 11.88 12.40 11.76 11.12 11.56 8.81 5.68 2.10 0.00 0.00 0.00 0.00
0.00 0.00 0.00 0.00 0.00 0.00 0.00 0.08 2.92 5.57 7.40 9.40 10.57 11.42 10.99 10.27 9.60 7.35 4.72 1.89 0.00 0.00 0.00 0.00
0.00 0.00 0.00 0.00 0.00 0.00 0.00 0.23 2.86 5.30 5.78 7.32 8.33 10.91 10.70 9.92 9.63 7.40 4.64 1.45 0.00 0.00 0.00 0.00
0.00 0.00 0.00 0.00 0.00 0.00 0.00 0.00 2.74 5.50 8.01 10.46 12.18 12.66 12.32 11.70 10.12 7.85 5.17 2.15 0.06 0.00 0.00 0.00
0.00 0.00 0.00 0.00 0.00 0.00 0.00 0.00 22.80 51.12 83.45 110.85 129.36 139.78 139.19 130.88 102.52 79.14 51.97 22.99 2.19 0.00 0.00 0.00
0.00 0.00 0.00 0.00 0.00 0.00 0.00 0.00 4.03 8.30 13.45 17.97 20.89 22.63 22.57 21.25 18.96 14.79 9.39 3.34 0.33 0.00 0.00 0.00
0.00 0.00 0.00 0.00 0.00 0.00 0.00 0.00 5.98 11.99 18.21 24.27 28.45 30.06 29.95 27.70 24.52 18.65 12.06 4.77 0.30 0.00 0.00 0.00
0.00 0.00 0.00 0.00 0.00 0.00 0.00 0.00 2.74 5.49 8.35 11.12 13.04 13.78 13.73 12.70 11.24 8.55 5.53 2.19 0.14 0.00 0.00 0.00
0.00 0.00 0.00 0.00 0.00 0.00 0.00 0.00 5.01 10.32 16.65 22.19 25.83 27.90 27.81 26.18 23.44 18.25 11.63 4.19 0.42 0.00 0.00 0.00
0.00 0.00 0.00 0.00 0.00 0.00 0.00 0.00 2.14 4.28 6.80 9.03 10.41 11.31 11.32 10.58 9.14 6.91 4.57 1.67 0.12 0.00 0.00 0.00
0.00 0.00 0.00 0.00 0.00 0.00 0.00 0.00 20.16 45.57 75.66 103.60 123.51 135.59 134.16 125.99 113.47 89.65 59.50 25.03 4.69 0.00 0.00 0.00
0.00 0.00 0.00 0.00 0.00 0.00 0.00 0.00 4.44 9.42 18.06 24.51 29.05 35.61 35.74 33.71 33.28 26.55 18.10 8.82 2.02 0.00 0.00 0.00
0.00 0.00 0.00 0.00 0.00 0.00 0.00 0.00 0.97 2.07 4.32 5.81 7.03 8.59 8.47 7.96 7.50 5.96 4.08 1.93 0.44 0.00 0.00 0.00
0.00 0.00 0.00 0.00 0.00 0.00 0.00 0.00 1.88 4.02 6.94 9.21 10.68 12.01 12.11 11.59 10.19 8.13 5.52 2.38 0.51 0.00 0.00 0.00
0.00 0.00 0.00 0.00 0.00 0.00 0.00 0.00 3.01 6.44 11.10 14.74 17.09 19.22 19.38 18.54 16.30 13.00 8.83 3.82 0.81 0.00 0.00 0.00
0.00 0.00 0.00 0.00 0.00 0.00 0.00 0.00 59.70 148.42 253.44 342.67 413.17 456.90 473.93 471.50 435.27 354.19 242.35 116.72 34.21 0.00 0.00 0.00
