0.00 0.00 0.00 0.00 0.00 0.00 0.00 0.17 1.10 2.01 3.07 4.00 4.65 5.06 5.21 5.02 4.55 3.76 2.70 1.34 0.62 0.00 0.00 0.00
0.00 0.00 0.00 0.00 0.00 0.00 0.00 4.90 21.87 37.93 55.61 71.33 82.04 91.34 92.77 88.23 74.01 58.59 39.85 17.97 5.30 0.00 0.00 0.00
0.00 0.00 0.00 0.00 0.00 0.00 0.00 3.94 25.22 45.85 70.23 91.44 106.25 115.67 119.10 114.78 104.04 85.91 61.83 30.53 14.08 0.00 0.00 0.00
0.00 0.00 0.00 0.00 0.00 0.00 0.00 13.99 89.62 162.96 249.59 324.96 377.61 411.07 423.26 407.92 369.75 305.34 219.73 108.50 50.03 0.00 0.00 0.00
0.00 0.00 0.00 0.00 0.00 0.00 0.00 1.51 4.41 7.12 10.03 12.46 14.04 16.06 16.05 15.10 12.99 10.17 6.72 2.91 0.73 0.00 0.00 0.00
0.00 0.00 0.00 0.00 0.00 0.00 0.00 15.27 182.22 345.58 534.89 700.38 817.10 904.81 933.05 920.25 865.85 715.84 524.61 300.30 140.48 0.00 0.00 0.00
0.00 0.00 0.00 0.00 0.00 0.00 0.00 0.93 2.75 4.45 6.26 7.83 8.93 9.50 9.47 9.06 7.33 5.92 4.12 1.21 0.45 0.00 0.00 0.00
0.00 0.00 0.00 0.00 0.00 0.00 0.00 0.33 1.31 2.24 3.34 4.32 4.97 5.71 5.74 5.43 4.76 3.84 2.61 1.22 0.38 0.00 0.00 0.00
0.00 0.00 0.00 0.00 0.00 0.00 0.00 0.53 2.10 3.58 5.35 6.91 7.95 9.14 9.19 8.68 7.61 6.14 4.17 1.95 0.61 0.00 0.00 0.00
0.00 0.00 0.00 0.00 0.00 0.00 0.00 0.53 2.10 3.58 5.35 6.91 7.95 9.14 9.19 8.68 7.61 6.14 4.17 1.95 0.61 0.00 0.00 0.00
0.00 0.00 0.00 0.00 0.00 0.00 0.00 1.16 4.93 8.49 12.90 17.02 19.70 21.56 21.73 20.59 18.63 14.78 10.15 5.30 1.90 0.00 0.00 0.00
0.00 0.00 0.00 0.00 0.00 0.00 0.00 0.54 2.31 3.98 6.09 7.97 9.22 10.18 10.32 9.78 8.85 7.03 4.79 2.46 0.88 0.00 0.00 0.00
0.00 0.00 0.00 0.00 0.00 0.00 0.00 0.70 2.97 5.11 7.83 10.25 11.85 13.08 13.27 12.58 11.38 9.04 6.16 3.17 1.13 0.00 0.00 0.00
0.00 0.00 0.00 0.00 0.00 0.00 0.00 0.47 1.98 3.41 5.22 6.83 7.90 8.72 8.85 8.39 7.59 6.03 4.11 2.11 0.75 0.00 0.00 0.00
0.00 0.00 0.00 0.00 0.00 0.00 0.00 0.47 1.98 3.41 5.22 6.83 7.90 8.72 8.85 8.39 7.59 6.03 4.11 2.11 0.75 0.00 0.00 0.00
0.00 0.00 0.00 0.00 0.00 0.00 0.00 2.83 24.28 44.64 68.44 88.05 101.79 113.52 115.00 109.46 96.75 75.56 52.50 23.20 7.69 0.00 0.00 0.00
0.00 0.00 0.00 0.00 0.00 0.00 0.00 3.90 15.41 26.26 39.71 51.97 60.75 65.39 64.71 60.45 55.29 43.94 30.26 15.58 5.54 0.00 0.00 0.00
0.00 0.00 0.00 0.00 0.00 0.00 0.00 3.45 13.56 23.11 33.43 43.26 50.55 54.45 53.95 50.11 46.35 37.09 25.47 13.60 5.09 0.00 0.00 0.00
0.00 0.00 0.00 0.00 0.00 0.00 0.00 4.50 53.75 101.93 157.77 206.59 241.01 266.89 275.22 271.44 255.39 211.15 154.74 88.58 41.44 0.00 0.00 0.00
0.00 0.00 0.00 0.00 0.00 0.00 0.00 4.28 51.13 96.96 150.08 196.51 229.26 253.87 261.79 258.20 242.94 200.85 147.19 84.26 39.42 0.00 0.00 0.00
0.00 0.00 0.00 0.00 0.00 0.00 0.00 8.24 98.32 186.47 288.61 377.90 440.88 488.21 503.44 496.54 467.18 386.24 283.06 162.03 75.80 0.00 0.00 0.00
0.00 0.00 0.00 0.00 0.00 0.00 0.00 8.10 96.68 183.36 283.80 371.60 433.53 480.07 495.05 488.26 459.40 379.81 278.34 159.33 74.54 0.00 0.00 0.00
0.00 0.00 0.00 0.00 0.00 0.00 0.00 19.31 115.03 207.86 319.80 420.47 494.49 490.44 504.68 489.56 409.66 337.63 245.96 155.27 73.83 0.00 0.00 0.00
0.00 0.00 0.00 0.00 0.00 0.00 0.00 0.33 1.31 2.24 3.34 4.32 4.97 5.71 5.74 5.43 4.76 3.84 2.61 1.22 0.38 0.00 0.00 0.00
0.00 0.00 0.00 0.00 0.00 0.00 0.00 1.67 6.66 11.35 16.95 21.89 25.17 28.95 29.10 27.50 24.11 19.45 13.22 6.19 1.94 0.00 0.00 0.00
0.00 0.00 0.00 0.00 0.00 0.00 0.00 8.51 33.98 57.92 86.51 111.74 128.48 147.79 148.55 140.41 123.09 99.31 67.49 31.59 9.90 0.00 0.00 0.00
0.00 0.00 0.00 0.00 0.00 0.00 0.00 0.31 3.67 6.96 10.77 14.11 16.46 18.23 18.80 18.54 17.44 14.42 10.57 6.05 2.83 0.00 0.00 0.00
0.00 0.00 0.00 0.00 0.00 0.00 0.00 13.78 88.22 160.42 245.70 319.90 371.73 404.66 416.66 401.56 363.99 300.58 216.31 106.81 49.25 0.00 0.00 0.00
0.00 0.00 0.00 0.00 0.00 0.00 0.00 0.98 6.57 11.95 18.72 25.40 30.42 33.35 33.35 31.73 29.10 23.58 16.41 9.88 3.99 0.00 0.00 0.00
0.00 0.00 0.00 0.00 0.00 0.00 0.00 12.54 49.44 84.82 125.41 162.10 188.20 182.60 185.40 175.20 115.71 95.53 68.96 46.61 20.77 0.00 0.00 0.00
0.00 0.00 0.00 0.00 0.00 0.00 0.00 0.23 1.47 2.67 4.09 5.33 6.20 6.74 6.94 6.69 6.07 5.01 3.61 1.78 0.82 0.00 0.00 0.00
0.00 0.00 0.00 0.00 0.00 0.00 0.00 10.33 66.16 120.32 184.27 239.92 278.79 303.50 312.50 301.17 272.99 225.43 162.23 80.10 36.94 0.00 0.00 0.00
0.00 0.00 0.00 0.00 0.00 0.00 0.00 13.26 84.91 154.41 236.49 307.90 357.79 389.49 401.04 386.50 350.34 289.31 208.20 102.80 47.40 0.00 0.00 0.00
0.00 0.00 0.00 0.00 0.00 0.00 0.00 25.47 151.70 274.12 421.74 554.50 652.11 646.77 665.55 645.61 540.24 445.25 324.37 204.76 97.36 0.00 0.00 0.00
0.00 0.00 0.00 0.00 0.00 0.00 0.00 0.74 3.51 6.13 9.54 12.42 14.58 16.02 16.10 14.99 13.90 11.13 7.65 3.97 1.42 0.00 0.00 0.00
0.00 0.00 0.00 0.00 0.00 0.00 0.00 0.95 4.40 7.66 11.99 15.65 18.18 20.03 20.14 18.89 17.35 13.85 9.57 4.96 1.77 0.00 0.00 0.00
0.00 0.00 0.00 0.00 0.00 0.00 0.00 4.06 27.10 49.29 77.20 104.79 125.46 137.55 137.55 130.88 120.03 97.25 67.70 40.74 16.44 0.00 0.00 0.00
0.00 0.00 0.00 0.00 0.00 0.00 0.00 11.01 60.45 109.38 254.02 341.13 410.48 543.44 555.56 531.76 442.32 366.51 266.17 180.39 94.15 6.78 0.00 0.00
0.00 0.00 0.00 0.00 0.00 0.00 0.00 0.34 1.27 2.14 3.14 4.10 4.77 5.20 5.16 4.77 4.33 3.44 2.37 1.19 0.42 0.00 0.00 0.00
0.00 0.00 0.00 0.00 0.00 0.00 0.00 4.65 23.54 41.77 62.73 82.17 95.05 99.59 101.33 96.76 71.61 59.22 42.37 26.75 12.19 0.00 0.00 0.00
0.00 0.00 0.00 0.00 0.00 0.00 0.00 0.00 5.98 11.88 18.57 25.01 29.61 32.34 33.08 31.99 29.00 24.03 17.63 11.05 5.32 0.00 0.00 0.00
0.00 0.00 0.00 0.00 0.00 0.00 0.00 1.12 3.17 5.10 7.14 8.99 10.14 10.82 10.66 10.16 8.02 6.37 4.47 1.57 0.57 0.00 0.00 0.00
0.00 0.00 0.00 0.00 0.00 0.00 0.00 0.56 1.58 2.55 3.57 4.50 5.07 5.41 5.33 5.08 4.01 3.19 2.24 0.78 0.28 0.00 0.00 0.00
0.00 0.00 0.00 0.00 0.00 0.00 0.00 1.22 3.47 5.58 7.81 9.84 11.09 11.83 11.66 11.11 8.77 6.97 4.89 1.71 0.62 0.00 0.00 0.00
0.00 0.00 0.00 0.00 0.00 0.00 0.00 1.47 4.26 6.89 9.59 12.08 13.72 14.57 14.30 13.62 12.30 9.89 6.85 2.56 0.92 0.00 0.00 0.00
0.00 0.00 0.00 0.00 0.00 0.00 0.00 2.24 6.49 10.50 14.61 18.41 20.90 22.20 21.79 20.75 18.74 15.07 10.44 3.91 1.40 0.00 0.00 0.00
0.00 0.00 0.00 0.00 0.00 0.00 0.00 1.89 5.65 9.18 12.87 15.96 18.28 19.50 19.52 18.52 15.53 12.35 8.70 2.40 0.89 0.00 0.00 0.00
0.00 0.00 0.00 0.00 0.00 0.00 0.00 1.20 4.04 6.75 8.28 10.84 12.59 11.05 11.07 10.61 10.11 8.16 5.80 4.78 2.08 0.00 0.00 0.00
0.00 0.00 0.00 0.00 0.00 0.00 0.00 3.09 10.43 17.44 21.40 27.99 32.53 28.54 28.59 27.40 26.12 21.09 14.99 12.34 5.36 0.00 0.00 0.00
0.00 0.00 0.00 0.00 0.00 0.00 0.00 0.75 2.79 4.73 6.93 8.96 10.40 10.20 10.13 9.57 5.18 4.19 3.00 2.70 1.16 0.00 0.00 0.00
0.00 0.00 0.00 0.00 0.00 0.00 0.00 1.68 5.73 9.53 14.05 18.07 20.69 22.57 22.41 20.94 19.22 15.50 10.70 5.12 1.72 0.00 0.00 0.00
0.00 0.00 0.00 0.00 0.00 0.00 0.00 3.19 10.21 16.79 24.02 30.54 34.92 37.09 37.40 34.99 32.04 25.32 17.35 8.57 3.04 0.00 0.00 0.00
0.00 0.00 0.00 0.00 0.00 0.00 0.00 0.48 1.40 2.26 3.21 3.96 4.39 4.97 4.91 4.55 4.03 3.18 2.17 1.00 0.26 0.00 0.00 0.00
0.00 0.00 0.00 0.00 0.00 0.00 0.00 2.26 7.42 12.24 17.83 22.46 25.21 28.84 28.41 26.74 23.57 19.02 13.08 5.96 1.70 0.00 0.00 0.00
0.00 0.00 0.00 0.00 0.00 0.00 0.00 1.67 5.17 8.42 12.07 15.04 16.75 19.14 18.70 17.95 15.74 12.59 8.61 3.89 1.06 0.00 0.00 0.00
0.00 0.00 0.00 0.00 0.00 0.00 0.00 2.31 7.13 11.62 16.66 20.76 23.11 26.42 25.80 24.77 21.71 17.38 11.88 5.36 1.46 0.00 0.00 0.00
0.00 0.00 0.00 0.00 0.00 0.00 0.00 1.57 4.86 7.92 11.35 14.14 15.74 18.00 17.57 16.87 14.79 11.84 8.09 3.65 0.99 0.00 0.00 0.00
0.00 0.00 0.00 0.00 0.00 0.00 0.00 1.21 3.96 6.53 9.51 11.98 13.45 15.38 15.15 14.26 12.57 10.15 6.97 3.18 0.91 0.00 0.00 0.00
0.00 0.00 0.00 0.00 0.00 0.00 0.00 1.28 3.84 6.22 8.96 11.14 12.51 14.49 14.55 13.82 11.91 9.39 6.23 2.73 0.69 0.00 0.00 0.00
0.00 0.00 0.00 0.00 0.00 0.00 0.00 0.94 3.77 6.42 9.59 12.38 14.24 16.38 16.46 15.56 13.64 11.01 7.48 3.50 1.10 0.00 0.00 0.00
0.00 0.00 0.00 0.00 0.00 0.00 0.00 3.68 31.61 58.11 89.08 114.60 132.49 147.76 149.68 142.47 125.93 98.35 68.34 30.19 10.01 0.00 0.00 0.00
0.00 0.00 0.00 0.00 0.00 0.00 0.00 1.32 5.59 9.62 14.62 19.29 22.33 24.44 24.62 23.34 21.12 16.75 11.50 6.00 2.16 0.00 0.00 0.00
0.00 0.00 0.00 0.00 0.00 0.00 0.00 2.30 8.73 14.74 21.73 28.09 32.63 36.26 35.94 33.65 30.75 24.13 16.53 8.07 2.75 0.00 0.00 0.00
0.00 0.00 0.00 0.00 0.00 0.00 0.00 1.05 4.00 6.76 9.96 12.87 14.96 16.62 16.47 15.42 14.09 11.06 7.57 3.70 1.26 0.00 0.00 0.00
0.00 0.00 0.00 0.00 0.00 0.00 0.00 1.67 7.02 12.07 18.15 23.93 27.76 30.14 30.32 28.65 25.96 20.62 14.13 7.40 2.66 0.00 0.00 0.00
0.00 0.00 0.00 0.00 0.00 0.00 0.00 0.83 3.08 5.20 7.63 9.96 11.58 12.62 12.52 11.59 10.53 8.37 5.77 2.90 1.01 0.00 0.00 0.00
0.00 0.00 0.00 0.00 0.00 0.00 0.00 4.21 28.06 51.03 79.93 108.50 129.90 142.41 142.41 135.51 124.27 100.69 70.09 42.18 17.02 0.00 0.00 0.00
0.00 0.00 0.00 0.00 0.00 0.00 0.00 3.00 11.82 20.28 29.99 38.76 45.00 43.67 44.33 41.90 27.67 22.84 16.49 11.15 4.97 0.00 0.00 0.00
0.00 0.00 0.00 0.00 0.00 0.00 0.00 0.65 2.67 4.61 6.91 8.91 10.37 10.33 10.42 9.83 6.42 5.22 3.76 2.36 1.05 0.00 0.00 0.00
0.00 0.00 0.00 0.00 0.00 0.00 0.00 0.79 3.44 5.99 8.75 11.29 13.01 13.74 13.73 13.09 11.17 9.20 6.65 4.31 1.87 0.00 0.00 0.00
0.00 0.00 0.00 0.00 0.00 0.00 0.00 1.27 5.51 9.58 13.99 18.06 20.82 21.99 21.97 20.95 17.88 14.73 10.64 6.89 2.99 0.00 0.00 0.00
0.00 0.00 0.00 0.00 0.00 0.00 0.00 8.37 99.96 189.57 293.42 384.20 448.23 496.34 511.84 504.82 474.97 392.68 287.78 164.73 77.06 0.00 0.00 0.00
