0.00 0.00 0.00 0.00 0.00 0.00 0.00 0.13 1.06 1.96 3.06 4.01 4.68 5.18 5.34 5.16 4.71 3.89 2.80 1.65 0.75 0.00 0.00 0.00
0.00 0.00 0.00 0.00 0.00 0.00 0.00 2.99 15.25 26.87 45.39 58.44 67.38 83.77 84.86 80.48 62.20 49.12 33.30 15.20 4.39 0.00 0.00 0.00
0.00 0.00 0.00 0.00 0.00 0.00 0.00 2.87 24.20 44.86 70.04 91.68 106.96 118.37 122.18 118.00 107.71 88.99 64.03 37.72 17.20 0.00 0.00 0.00
0.00 0.00 0.00 0.00 0.00 0.00 0.00 10.22 86.00 159.41 248.91 325.84 380.12 420.69 434.23 419.36 382.79 316.27 227.55 134.07 61.12 0.00 0.00 0.00
0.00 0.00 0.00 0.00 0.00 0.00 0.00 1.24 3.87 6.35 9.88 12.31 13.89 16.00 15.99 15.02 12.83 10.02 6.60 2.80 0.67 0.00 0.00 0.00
0.00 0.00 0.00 0.00 0.00 0.00 0.00 7.12 174.28 336.41 527.49 694.41 813.22 905.74 936.24 925.23 862.21 713.56 523.13 314.98 145.62 0.00 0.00 0.00
0.00 0.00 0.00 0.00 0.00 0.00 0.00 0.88 2.78 4.59 6.62 8.30 9.49 10.03 10.02 9.60 8.79 7.09 4.91 2.48 0.90 0.00 0.00 0.00
0.00 0.00 0.00 0.00 0.00 0.00 0.00 0.28 1.24 2.15 3.23 4.19 4.83 5.49 5.51 5.20 4.31 3.46 2.34 1.21 0.37 0.00 0.00 0.00
0.00 0.00 0.00 0.00 0.00 0.00 0.00 0.44 1.98 3.43 5.17 6.70 7.73 8.78 8.82 8.32 6.89 5.54 3.75 1.93 0.59 0.00 0.00 0.00
0.00 0.00 0.00 0.00 0.00 0.00 0.00 0.44 1.98 3.43 5.17 6.70 7.73 8.78 8.82 8.32 6.89 5.54 3.75 1.93 0.59 0.00 0.00 0.00
0.00 0.00 0.00 0.00 0.00 0.00 0.00 0.97 4.70 8.23 12.58 16.66 19.32 21.34 21.53 20.43 18.43 14.62 10.02 5.36 1.88 0.00 0.00 0.00
0.00 0.00 0.00 0.00 0.00 0.00 0.00 0.45 2.19 3.84 5.92 7.77 9.02 10.05 10.21 9.68 8.80 6.98 4.75 2.48 0.86 0.00 0.00 0.00
0.00 0.00 0.00 0.00 0.00 0.00 0.00 0.58 2.82 4.94 7.61 9.99 11.59 12.92 13.12 12.45 11.31 8.98 6.11 3.19 1.11 0.00 0.00 0.00
0.00 0.00 0.00 0.00 0.00 0.00 0.00 0.39 1.88 3.29 5.07 6.66 7.73 8.61 8.75 8.30 7.54 5.99 4.07 2.12 0.74 0.00 0.00 0.00
0.00 0.00 0.00 0.00 0.00 0.00 0.00 0.39 1.88 3.29 5.07 6.66 7.73 8.61 8.75 8.30 7.54 5.99 4.07 2.12 0.74 0.00 0.00 0.00
0.00 0.00 0.00 0.00 0.00 0.00 0.00 1.19 14.78 27.87 46.42 60.12 69.87 81.76 82.99 79.12 68.09 53.02 36.71 21.81 7.08 0.00 0.00 0.00
0.00 0.00 0.00 0.00 0.00 0.00 0.00 3.30 14.69 25.50 38.87 51.05 59.82 65.00 64.41 60.22 55.52 44.13 30.36 16.08 5.60 0.00 0.00 0.00
0.00 0.00 0.00 0.00 0.00 0.00 0.00 2.92 12.97 22.56 33.01 42.87 50.22 54.56 54.18 50.41 47.12 37.71 25.87 14.01 5.14 0.00 0.00 0.00
0.00 0.00 0.00 0.00 0.00 0.00 0.00 2.10 51.41 99.23 155.59 204.83 239.87 267.16 276.16 272.91 254.32 210.47 154.30 92.91 42.95 0.00 0.00 0.00
0.00 0.00 0.00 0.00 0.00 0.00 0.00 2.00 48.90 94.39 148.00 194.84 228.17 254.13 262.69 259.60 241.91 200.21 146.78 88.37 40.86 0.00 0.00 0.00
0.00 0.00 0.00 0.00 0.00 0.00 0.00 3.84 94.03 181.52 284.62 374.68 438.79 488.71 505.16 499.22 465.22 385.01 282.26 169.95 78.57 0.00 0.00 0.00
0.00 0.00 0.00 0.00 0.00 0.00 0.00 3.78 92.47 178.49 279.87 368.44 431.47 480.56 496.75 490.90 457.47 378.60 277.56 167.12 77.26 0.00 0.00 0.00
0.00 0.00 0.00 0.00 0.00 0.00 0.00 14.78 113.09 208.30 322.54 425.81 502.07 544.26 560.90 544.68 491.25 404.91 294.76 173.16 81.44 0.00 0.00 0.00
0.00 0.00 0.00 0.00 0.00 0.00 0.00 0.28 1.24 2.15 3.23 4.19 4.83 5.49 5.51 5.20 4.31 3.46 2.34 1.21 0.37 0.00 0.00 0.00
0.00 0.00 0.00 0.00 0.00 0.00 0.00 1.40 6.28 10.87 16.36 21.22 24.47 27.80 27.92 26.35 21.82 17.54 11.86 6.13 1.87 0.00 0.00 0.00
0.00 0.00 0.00 0.00 0.00 0.00 0.00 7.16 32.08 55.51 83.53 108.34 124.93 141.92 142.52 134.55 111.40 89.55 60.57 31.27 9.55 0.00 0.00 0.00
0.00 0.00 0.00 0.00 0.00 0.00 0.00 0.14 3.51 6.78 10.63 13.99 16.38 18.25 18.86 18.64 17.37 14.37 10.54 6.34 2.93 0.00 0.00 0.00
0.00 0.00 0.00 0.00 0.00 0.00 0.00 10.06 84.66 156.93 245.03 320.76 374.19 414.13 427.46 412.82 376.82 311.34 224.00 131.98 60.16 0.00 0.00 0.00
0.00 0.00 0.00 0.00 0.00 0.00 0.00 0.73 6.37 11.78 18.33 25.00 30.02 29.59 29.75 28.46 19.86 16.08 11.18 8.90 3.53 0.00 0.00 0.00
0.00 0.00 0.00 0.00 0.00 0.00 0.00 10.84 48.62 84.93 130.04 168.55 195.96 207.87 211.21 199.66 184.47 151.92 109.31 61.63 27.13 0.00 0.00 0.00
0.00 0.00 0.00 0.00 0.00 0.00 0.00 0.17 1.41 2.62 4.08 5.35 6.24 6.90 7.12 6.88 6.28 5.19 3.73 2.20 1.00 0.00 0.00 0.00
0.00 0.00 0.00 0.00 0.00 0.00 0.00 7.54 63.49 117.70 183.77 240.57 280.65 310.60 320.59 309.62 282.61 233.50 168.00 98.99 45.12 0.00 0.00 0.00
0.00 0.00 0.00 0.00 0.00 0.00 0.00 9.68 81.48 151.04 235.84 308.73 360.16 398.60 411.43 397.34 362.69 299.66 215.60 127.03 57.91 0.00 0.00 0.00
0.00 0.00 0.00 0.00 0.00 0.00 0.00 19.50 149.14 274.69 425.35 561.54 662.10 717.74 739.68 718.30 647.84 533.97 388.72 228.35 107.40 0.00 0.00 0.00
0.00 0.00 0.00 0.00 0.00 0.00 0.00 0.60 3.32 5.90 9.23 12.07 14.23 15.78 15.87 14.79 13.68 10.94 7.50 3.99 1.40 0.00 0.00 0.00
0.00 0.00 0.00 0.00 0.00 0.00 0.00 0.77 4.17 7.38 11.60 15.21 17.72 19.74 19.86 18.64 17.11 13.65 9.41 4.97 1.74 0.00 0.00 0.00
0.00 0.00 0.00 0.00 0.00 0.00 0.00 3.01 26.28 48.59 75.62 103.11 123.84 122.05 122.72 117.38 81.91 66.32 46.10 36.70 14.57 0.00 0.00 0.00
0.00 0.00 0.00 0.00 0.00 0.00 0.00 16.53 113.80 208.62 313.92 421.17 505.40 556.68 569.83 545.93 500.25 414.94 301.40 182.08 94.08 4.62 0.00 0.00
0.00 0.00 0.00 0.00 0.00 0.00 0.00 0.29 1.21 2.08 3.09 4.05 4.72 5.20 5.17 4.79 4.37 3.48 2.40 1.24 0.42 0.00 0.00 0.00
0.00 0.00 0.00 0.00 0.00 0.00 0.00 3.72 22.79 41.22 63.09 82.99 96.26 103.80 105.85 101.26 93.66 77.45 55.36 31.70 14.27 0.00 0.00 0.00
0.00 0.00 0.00 0.00 0.00 0.00 0.00 0.00 5.71 11.65 18.41 24.89 29.52 32.34 33.09 32.00 29.11 24.11 17.67 10.48 4.98 0.00 0.00 0.00
0.00 0.00 0.00 0.00 0.00 0.00 0.00 1.07 3.24 5.28 7.59 9.58 10.83 11.57 11.42 10.89 9.93 7.87 5.51 2.74 0.98 0.00 0.00 0.00
0.00 0.00 0.00 0.00 0.00 0.00 0.00 0.53 1.62 2.64 3.80 4.79 5.41 5.78 5.71 5.44 4.96 3.94 2.75 1.37 0.49 0.00 0.00 0.00
0.00 0.00 0.00 0.00 0.00 0.00 0.00 1.17 3.54 5.78 8.30 10.48 11.84 12.65 12.49 11.91 10.86 8.61 6.03 3.00 1.07 0.00 0.00 0.00
0.00 0.00 0.00 0.00 0.00 0.00 0.00 1.38 4.29 7.04 10.08 12.74 14.50 15.30 15.04 14.34 13.10 10.53 7.29 3.58 1.26 0.00 0.00 0.00
0.00 0.00 0.00 0.00 0.00 0.00 0.00 2.10 6.54 10.72 15.35 19.41 22.10 23.31 22.92 21.86 19.96 16.05 11.10 5.46 1.92 0.00 0.00 0.00
0.00 0.00 0.00 0.00 0.00 0.00 0.00 1.77 5.69 9.39 13.54 16.86 19.35 20.50 20.55 19.52 17.84 14.17 9.95 5.09 1.85 0.00 0.00 0.00
0.00 0.00 0.00 0.00 0.00 0.00 0.00 1.11 4.15 7.05 10.53 13.78 16.02 17.06 17.06 16.33 14.94 12.07 8.57 4.88 2.09 0.00 0.00 0.00
0.00 0.00 0.00 0.00 0.00 0.00 0.00 2.88 10.71 18.20 27.19 35.61 41.37 44.06 44.08 42.18 38.61 31.17 22.13 12.60 5.39 0.00 0.00 0.00
0.00 0.00 0.00 0.00 0.00 0.00 0.00 0.66 2.75 4.76 7.23 9.38 10.90 11.57 11.49 10.87 10.08 8.13 5.79 3.33 1.42 0.00 0.00 0.00
0.00 0.00 0.00 0.00 0.00 0.00 0.00 1.47 5.49 9.28 13.88 17.94 20.61 22.79 22.67 21.21 19.60 15.81 10.91 5.36 1.76 0.00 0.00 0.00
0.00 0.00 0.00 0.00 0.00 0.00 0.00 2.84 9.90 16.58 24.24 30.95 35.50 38.09 38.51 36.10 33.22 26.25 17.98 8.87 3.07 0.00 0.00 0.00
0.00 0.00 0.00 0.00 0.00 0.00 0.00 0.43 1.33 2.18 3.18 3.93 4.37 5.00 4.95 4.58 4.17 3.29 2.24 0.99 0.25 0.00 0.00 0.00
0.00 0.00 0.00 0.00 0.00 0.00 0.00 1.99 7.09 11.84 17.36 21.95 24.69 28.43 27.99 26.31 23.04 18.54 12.70 6.27 1.74 0.00 0.00 0.00
0.00 0.00 0.00 0.00 0.00 0.00 0.00 1.48 4.94 8.16 11.86 14.82 16.54 19.09 18.63 17.87 15.62 12.47 8.50 3.96 1.04 0.00 0.00 0.00
0.00 0.00 0.00 0.00 0.00 0.00 0.00 2.05 6.82 11.27 16.37 20.45 22.82 26.34 25.71 24.66 21.55 17.21 11.73 5.46 1.44 0.00 0.00 0.00
0.00 0.00 0.00 0.00 0.00 0.00 0.00 1.40 4.64 7.67 11.15 13.93 15.55 17.94 17.51 16.80 14.68 11.72 7.99 3.72 0.98 0.00 0.00 0.00
0.00 0.00 0.00 0.00 0.00 0.00 0.00 1.06 3.78 6.31 9.26 11.71 13.17 15.17 14.93 14.03 12.29 9.89 6.77 3.34 0.93 0.00 0.00 0.00
0.00 0.00 0.00 0.00 0.00 0.00 0.00 1.07 3.44 5.66 8.80 10.97 12.33 14.44 14.49 13.75 11.75 9.25 6.11 2.67 0.65 0.00 0.00 0.00
0.00 0.00 0.00 0.00 0.00 0.00 0.00 0.79 3.56 6.15 9.26 12.01 13.85 15.73 15.80 14.91 12.35 9.92 6.71 3.47 1.06 0.00 0.00 0.00
0.00 0.00 0.00 0.00 0.00 0.00 0.00 1.54 19.24 36.28 60.42 78.25 90.95 106.41 108.01 102.98 88.63 69.01 47.78 28.39 9.21 0.00 0.00 0.00
0.00 0.00 0.00 0.00 0.00 0.00 0.00 1.10 5.32 9.33 14.25 18.88 21.90 24.19 24.40 23.15 20.89 16.57 11.36 6.07 2.14 0.00 0.00 0.00
0.00 0.00 0.00 0.00 0.00 0.00 0.00 1.96 8.29 14.24 21.21 27.57 32.16 35.83 35.54 33.30 30.49 23.90 16.35 8.36 2.79 0.00 0.00 0.00
0.00 0.00 0.00 0.00 0.00 0.00 0.00 0.90 3.80 6.53 9.72 12.64 14.74 16.42 16.29 15.26 13.97 10.96 7.49 3.83 1.28 0.00 0.00 0.00
0.00 0.00 0.00 0.00 0.00 0.00 0.00 1.40 6.70 11.73 17.74 23.46 27.27 29.88 30.09 28.47 25.87 20.55 14.07 7.53 2.66 0.00 0.00 0.00
0.00 0.00 0.00 0.00 0.00 0.00 0.00 0.71 2.94 5.05 7.50 9.83 11.47 12.63 12.56 11.63 10.62 8.44 5.82 3.01 1.03 0.00 0.00 0.00
0.00 0.00 0.00 0.00 0.00 0.00 0.00 3.11 27.21 50.31 78.29 106.76 128.22 126.36 127.06 121.53 84.80 68.67 47.73 38.00 15.08 0.00 0.00 0.00
0.00 0.00 0.00 0.00 0.00 0.00 0.00 2.59 11.63 20.31 31.10 40.30 46.86 49.71 50.51 47.74 44.11 36.33 26.14 14.74 6.49 0.00 0.00 0.00
0.00 0.00 0.00 0.00 0.00 0.00 0.00 0.55 2.62 4.60 7.02 9.09 10.59 11.29 11.40 10.76 9.76 7.92 5.69 3.39 1.48 0.00 0.00 0.00
0.00 0.00 0.00 0.00 0.00 0.00 0.00 0.66 3.35 5.93 8.79 11.39 13.17 14.03 14.06 13.45 12.44 10.26 7.41 4.46 1.91 0.00 0.00 0.00
0.00 0.00 0.00 0.00 0.00 0.00 0.00 1.06 5.35 9.49 14.06 18.23 21.07 22.45 22.50 21.51 19.90 16.41 11.85 7.13 3.05 0.00 0.00 0.00
0.00 0.00 0.00 0.00 0.00 0.00 0.00 3.90 95.60 184.54 289.36 380.93 446.10 496.85 513.58 507.54 472.97 391.43 286.97 172.78 79.88 0.00 0.00 0.00
