0.00 0.00 0.00 0.00 0.00 0.00 0.00 0.00 0.00 0.53 1.66 2.57 3.51 4.01 4.21 4.06 3.36 2.49 1.59 0.46 0.00 0.00 0.00 0.00
0.00 0.00 0.00 0.00 0.00 0.00 0.00 0.00 0.00 10.04 13.68 21.14 26.97 22.73 23.58 22.67 16.45 12.27 7.36 1.26 0.00 0.00 0.00 0.00
0.00 0.00 0.00 0.00 0.00 0.00 0.00 0.00 0.00 12.16 37.95 58.79 80.23 91.81 96.34 92.77 76.84 56.99 36.42 10.45 0.00 0.00 0.00 0.00
0.00 0.00 0.00 0.00 0.00 0.00 0.00 0.00 0.00 43.22 134.87 208.93 285.13 326.29 342.38 329.69 273.07 202.53 129.42 37.13 0.00 0.00 0.00 0.00
0.00 0.00 0.00 0.00 0.00 0.00 0.00 0.00 0.00 2.38 4.45 6.64 8.37 6.18 6.13 5.82 4.71 3.38 1.88 0.07 0.00 0.00 0.00 0.00
0.00 0.00 0.00 0.00 0.00 0.00 0.00 0.00 0.00 90.76 293.13 459.20 627.01 719.01 770.49 742.75 635.94 468.11 301.06 97.14 0.00 0.00 0.00 0.00
0.00 0.00 0.00 0.00 0.00 0.00 0.00 0.00 0.00 1.42 3.15 4.89 6.43 6.95 6.97 6.72 5.69 3.94 2.26 0.25 0.00 0.00 0.00 0.00
0.00 0.00 0.00 0.00 0.00 0.00 0.00 0.00 0.00 0.66 1.45 2.26 3.03 2.33 2.39 2.34 1.32 0.97 0.58 0.09 0.00 0.00 0.00 0.00
0.00 0.00 0.00 0.00 0.00 0.00 0.00 0.00 0.00 1.05 2.33 3.62 4.85 3.72 3.82 3.74 2.10 1.55 0.92 0.15 0.00 0.00 0.00 0.00
0.00 0.00 0.00 0.00 0.00 0.00 0.00 0.00 0.00 1.05 2.33 3.62 4.85 3.72 3.82 3.74 2.10 1.55 0.92 0.15 0.00 0.00 0.00 0.00
0.00 0.00 0.00 0.00 0.00 0.00 0.00 0.00 0.00 2.35 5.52 8.53 11.70 13.95 14.38 14.06 10.79 7.84 4.74 0.78 0.00 0.00 0.00 0.00
0.00 0.00 0.00 0.00 0.00 0.00 0.00 0.00 0.00 1.12 2.65 4.17 5.68 6.61 6.80 6.63 4.69 3.44 2.08 0.35 0.00 0.00 0.00 0.00
0.00 0.00 0.00 0.00 0.00 0.00 0.00 0.00 0.00 1.44 3.41 5.36 7.31 8.49 8.74 8.52 6.04 4.42 2.67 0.45 0.00 0.00 0.00 0.00
0.00 0.00 0.00 0.00 0.00 0.00 0.00 0.00 0.00 0.96 2.27 3.57 4.87 5.66 5.83 5.68 4.02 2.95 1.78 0.30 0.00 0.00 0.00 0.00
0.00 0.00 0.00 0.00 0.00 0.00 0.00 0.00 0.00 0.96 2.27 3.57 4.87 5.66 5.83 5.68 4.02 2.95 1.78 0.30 0.00 0.00 0.00 0.00
0.00 0.00 0.00 0.00 0.00 0.00 0.00 0.00 0.00 9.76 21.54 33.86 44.35 45.97 48.61 47.13 36.90 27.17 17.02 4.38 0.00 0.00 0.00 0.00
0.00 0.00 0.00 0.00 0.00 0.00 0.00 0.00 0.00 7.41 16.80 26.31 36.44 41.91 42.46 41.56 35.24 25.64 15.39 2.31 0.00 0.00 0.00 0.00
0.00 0.00 0.00 0.00 0.00 0.00 0.00 0.00 0.00 6.50 14.64 22.87 30.48 33.31 34.21 33.13 29.44 21.44 12.92 2.18 0.00 0.00 0.00 0.00
0.00 0.00 0.00 0.00 0.00 0.00 0.00 0.00 0.00 26.77 86.46 135.45 184.94 212.08 227.27 219.08 187.58 138.07 88.80 28.65 0.00 0.00 0.00 0.00
0.00 0.00 0.00 0.00 0.00 0.00 0.00 0.00 0.00 25.46 82.24 128.84 175.92 201.74 216.18 208.40 178.43 131.34 84.47 27.25 0.00 0.00 0.00 0.00
0.00 0.00 0.00 0.00 0.00 0.00 0.00 0.00 0.00 48.97 158.16 247.77 338.31 387.95 415.73 400.76 343.13 252.57 162.44 52.41 0.00 0.00 0.00 0.00
0.00 0.00 0.00 0.00 0.00 0.00 0.00 0.00 0.00 48.15 155.53 243.64 332.67 381.49 408.81 394.08 337.42 248.37 159.74 51.54 0.00 0.00 0.00 0.00
0.00 0.00 0.00 0.00 0.00 0.00 0.00 0.00 0.00 52.99 175.76 274.85 375.62 433.37 450.42 436.35 362.61 267.81 171.33 49.59 0.00 0.00 0.00 0.00
0.00 0.00 0.00 0.00 0.00 0.00 0.00 0.00 0.00 0.66 1.45 2.26 3.03 2.33 2.39 2.34 1.32 0.97 0.58 0.09 0.00 0.00 0.00 0.00
0.00 0.00 0.00 0.00 0.00 0.00 0.00 0.00 0.00 3.33 7.36 11.47 15.35 11.78 12.09 11.85 6.66 4.90 2.92 0.48 0.00 0.00 0.00 0.00
0.00 0.00 0.00 0.00 0.00 0.00 0.00 0.00 0.00 17.00 37.59 58.56 78.36 60.15 61.71 60.51 34.02 25.03 14.92 2.44 0.00 0.00 0.00 0.00
0.00 0.00 0.00 0.00 0.00 0.00 0.00 0.00 0.00 1.83 5.90 9.25 12.63 14.48 15.52 14.96 12.81 9.43 6.06 1.96 0.00 0.00 0.00 0.00
0.00 0.00 0.00 0.00 0.00 0.00 0.00 0.00 0.00 42.54 132.77 205.67 280.69 321.20 337.04 324.55 268.81 199.37 127.41 36.55 0.00 0.00 0.00 0.00
0.00 0.00 0.00 0.00 0.00 0.00 0.00 0.00 0.00 3.60 9.31 14.22 19.42 21.88 23.41 22.56 19.82 15.23 9.62 2.18 0.00 0.00 0.00 0.00
0.00 0.00 0.00 0.00 0.00 0.00 0.00 0.00 0.00 24.46 70.56 107.40 141.36 158.30 161.37 155.11 127.94 94.13 57.90 12.39 0.00 0.00 0.00 0.00
0.00 0.00 0.00 0.00 0.00 0.00 0.00 0.00 0.00 0.71 2.21 3.43 4.68 5.35 5.62 5.41 4.48 3.32 2.12 0.61 0.00 0.00 0.00 0.00
0.00 0.00 0.00 0.00 0.00 0.00 0.00 0.00 0.00 31.91 99.57 154.25 210.52 240.90 252.78 243.41 201.61 149.53 95.55 27.41 0.00 0.00 0.00 0.00
0.00 0.00 0.00 0.00 0.00 0.00 0.00 0.00 0.00 40.95 127.79 197.96 270.16 309.15 324.40 312.38 258.73 191.89 122.63 35.18 0.00 0.00 0.00 0.00
0.00 0.00 0.00 0.00 0.00 0.00 0.00 0.00 0.00 69.88 231.78 362.46 495.35 571.51 593.99 575.43 478.19 353.18 225.95 65.40 0.00 0.00 0.00 0.00
0.00 0.00 0.00 0.00 0.00 0.00 0.00 0.00 0.00 1.71 4.13 6.59 9.07 9.45 9.96 9.64 6.34 4.67 2.85 0.52 0.00 0.00 0.00 0.00
0.00 0.00 0.00 0.00 0.00 0.00 0.00 0.00 0.00 2.14 5.15 8.28 11.35 12.12 12.80 12.42 8.03 5.89 3.59 0.65 0.00 0.00 0.00 0.00
0.00 0.00 0.00 0.00 0.00 0.00 0.00 0.00 0.00 14.83 38.39 58.67 80.10 90.25 96.58 93.04 81.78 62.83 39.67 9.01 0.00 0.00 0.00 0.00
0.00 0.00 0.00 0.00 0.00 0.00 0.00 0.00 0.00 33.29 155.31 253.28 355.56 435.74 465.68 447.96 396.12 299.36 193.68 57.25 0.00 0.00 0.00 0.00
0.00 0.00 0.00 0.00 0.00 0.00 0.00 0.00 0.00 0.60 1.32 2.07 2.84 3.29 3.34 3.19 2.82 2.07 1.23 0.17 0.00 0.00 0.00 0.00
0.00 0.00 0.00 0.00 0.00 0.00 0.00 0.00 0.00 11.27 34.38 52.82 72.25 81.55 84.71 81.24 67.65 49.44 31.13 8.16 0.00 0.00 0.00 0.00
0.00 0.00 0.00 0.00 0.00 0.00 0.00 0.00 0.00 3.11 10.80 17.24 24.22 27.58 29.55 27.96 23.48 17.48 11.10 3.89 0.00 0.00 0.00 0.00
0.00 0.00 0.00 0.00 0.00 0.00 0.00 0.00 0.00 1.66 3.62 5.48 7.10 7.74 7.92 7.50 6.57 4.61 2.61 0.28 0.00 0.00 0.00 0.00
0.00 0.00 0.00 0.00 0.00 0.00 0.00 0.00 0.00 0.83 1.81 2.74 3.55 3.87 3.96 3.75 3.29 2.30 1.31 0.14 0.00 0.00 0.00 0.00
0.00 0.00 0.00 0.00 0.00 0.00 0.00 0.00 0.00 1.81 3.96 5.99 7.77 8.46 8.66 8.20 7.19 5.04 2.86 0.30 0.00 0.00 0.00 0.00
0.00 0.00 0.00 0.00 0.00 0.00 0.00 0.00 0.00 2.17 4.69 7.14 9.33 10.10 10.29 9.85 8.39 5.89 3.36 0.36 0.00 0.00 0.00 0.00
0.00 0.00 0.00 0.00 0.00 0.00 0.00 0.00 0.00 3.31 7.14 10.87 14.22 15.39 15.67 15.00 12.78 8.97 5.12 0.55 0.00 0.00 0.00 0.00
0.00 0.00 0.00 0.00 0.00 0.00 0.00 0.00 0.00 2.88 6.39 9.85 12.94 14.00 14.07 13.63 11.43 7.87 4.53 0.54 0.00 0.00 0.00 0.00
0.00 0.00 0.00 0.00 0.00 0.00 0.00 0.00 0.00 2.14 5.83 8.83 11.66 13.00 13.14 12.41 10.32 7.42 4.45 0.75 0.00 0.00 0.00 0.00
0.00 0.00 0.00 0.00 0.00 0.00 0.00 0.00 0.00 5.54 15.05 22.81 30.12 33.59 33.94 32.06 26.66 19.16 11.51 1.93 0.00 0.00 0.00 0.00
0.00 0.00 0.00 0.00 0.00 0.00 0.00 0.00 0.00 1.36 3.73 5.70 7.59 8.37 8.48 8.07 6.99 5.14 3.12 0.62 0.00 0.00 0.00 0.00
0.00 0.00 0.00 0.00 0.00 0.00 0.00 0.00 0.00 2.72 5.81 9.17 12.02 14.12 14.63 14.14 12.25 8.83 5.18 0.57 0.00 0.00 0.00 0.00
0.00 0.00 0.00 0.00 0.00 0.00 0.00 0.00 0.00 5.07 10.87 16.92 22.19 23.90 24.32 23.51 20.03 14.37 8.36 0.99 0.00 0.00 0.00 0.00
0.00 0.00 0.00 0.00 0.00 0.00 0.00 0.00 0.00 0.74 1.60 2.34 2.91 2.99 2.98 2.86 2.31 1.67 0.93 0.04 0.00 0.00 0.00 0.00
0.00 0.00 0.00 0.00 0.00 0.00 0.00 0.00 0.00 3.85 8.70 13.41 17.02 16.57 16.60 16.21 9.87 7.06 4.06 0.34 0.00 0.00 0.00 0.00
0.00 0.00 0.00 0.00 0.00 0.00 0.00 0.00 0.00 2.67 5.64 8.62 10.72 10.05 10.21 9.83 7.14 5.06 2.87 0.19 0.00 0.00 0.00 0.00
0.00 0.00 0.00 0.00 0.00 0.00 0.00 0.00 0.00 3.68 7.78 11.90 14.79 13.87 14.09 13.57 9.85 6.98 3.96 0.27 0.00 0.00 0.00 0.00
0.00 0.00 0.00 0.00 0.00 0.00 0.00 0.00 0.00 2.51 5.30 8.10 10.07 9.45 9.60 9.24 6.71 4.76 2.70 0.18 0.00 0.00 0.00 0.00
0.00 0.00 0.00 0.00 0.00 0.00 0.00 0.00 0.00 2.05 4.64 7.15 9.08 8.83 8.86 8.64 5.26 3.76 2.17 0.18 0.00 0.00 0.00 0.00
0.00 0.00 0.00 0.00 0.00 0.00 0.00 0.00 0.00 2.11 3.53 5.35 6.54 5.29 5.33 5.00 3.99 2.89 1.62 0.08 0.00 0.00 0.00 0.00
0.00 0.00 0.00 0.00 0.00 0.00 0.00 0.00 0.00 1.88 4.17 6.49 8.68 6.67 6.84 6.71 3.77 2.77 1.65 0.27 0.00 0.00 0.00 0.00
0.00 0.00 0.00 0.00 0.00 0.00 0.00 0.00 0.00 12.71 28.04 44.07 57.72 59.84 63.27 61.34 48.02 35.36 22.15 5.70 0.00 0.00 0.00 0.00
0.00 0.00 0.00 0.00 0.00 0.00 0.00 0.00 0.00 2.67 6.26 9.67 13.26 15.81 16.30 15.93 12.23 8.88 5.38 0.88 0.00 0.00 0.00 0.00
0.00 0.00 0.00 0.00 0.00 0.00 0.00 0.00 0.00 4.06 9.34 15.04 20.22 23.19 23.47 23.30 17.78 12.80 7.62 0.97 0.00 0.00 0.00 0.00
0.00 0.00 0.00 0.00 0.00 0.00 0.00 0.00 0.00 1.86 4.28 6.89 9.27 10.63 10.76 10.68 8.15 5.87 3.49 0.45 0.00 0.00 0.00 0.00
0.00 0.00 0.00 0.00 0.00 0.00 0.00 0.00 0.00 3.31 7.68 11.80 16.28 19.50 20.03 19.46 15.66 11.42 6.91 1.10 0.00 0.00 0.00 0.00
0.00 0.00 0.00 0.00 0.00 0.00 0.00 0.00 0.00 1.46 3.20 5.03 6.90 8.00 8.10 7.74 6.85 5.02 2.99 0.41 0.00 0.00 0.00 0.00
0.00 0.00 0.00 0.00 0.00 0.00 0.00 0.00 0.00 15.36 39.75 60.75 82.94 93.44 100.00 96.33 84.67 65.05 41.07 9.33 0.00 0.00 0.00 0.00
0.00 0.00 0.00 0.00 0.00 0.00 0.00 0.00 0.00 5.85 16.87 25.68 33.80 37.85 38.59 37.09 30.59 22.51 13.85 2.96 0.00 0.00 0.00 0.00
0.00 0.00 0.00 0.00 0.00 0.00 0.00 0.00 0.00 1.31 3.73 5.70 7.59 8.31 8.54 8.25 7.04 5.13 3.17 0.69 0.00 0.00 0.00 0.00
0.00 0.00 0.00 0.00 0.00 0.00 0.00 0.00 0.00 1.67 4.51 6.92 9.05 10.15 10.43 9.96 8.57 6.37 3.94 0.89 0.00 0.00 0.00 0.00
0.00 0.00 0.00 0.00 0.00 0.00 0.00 0.00 0.00 2.67 7.21 11.08 14.48 16.24 16.69 15.94 13.72 10.19 6.30 1.42 0.00 0.00 0.00 0.00
0.00 0.00 0.00 0.00 0.00 0.00 0.00 0.00 0.00 49.78 160.80 251.90 343.95 394.42 422.66 407.44 348.85 256.78 165.15 53.29 0.00 0.00 0.00 0.00
