0.00 0.00 0.00 0.00 0.00 0.00 0.00 0.00 0.35 1.22 1.90 2.65 3.29 3.73 3.82 3.61 3.26 2.43 1.45 0.32 0.00 0.00 0.00 0.00
0.00 0.00 0.00 0.00 0.00 0.00 0.00 0.00 7.74 19.01 24.12 31.28 38.02 60.35 58.49 53.88 61.98 44.50 26.34 2.77 0.00 0.00 0.00 0.00
0.00 0.00 0.00 0.00 0.00 0.00 0.00 0.00 8.03 27.92 43.51 60.68 75.26 85.40 87.29 82.47 74.60 55.46 33.18 7.31 0.00 0.00 0.00 0.00
0.00 0.00 0.00 0.00 0.00 0.00 0.00 0.00 28.54 99.23 154.62 215.66 267.46 303.52 310.21 293.08 265.14 197.10 117.93 25.98 0.00 0.00 0.00 0.00
0.00 0.00 0.00 0.00 0.00 0.00 0.00 0.00 1.81 3.90 5.28 6.79 7.85 9.00 8.71 7.91 6.47 4.56 2.62 0.21 0.00 0.00 0.00 0.00
0.00 0.00 0.00 0.00 0.00 0.00 0.00 0.00 45.23 177.84 375.47 527.69 654.17 784.79 801.78 776.13 582.97 435.00 263.22 77.78 0.00 0.00 0.00 0.00
0.00 0.00 0.00 0.00 0.00 0.00 0.00 0.00 1.22 2.90 4.76 6.29 7.52 7.98 8.02 7.39 5.51 3.95 2.31 0.25 0.00 0.00 0.00 0.00
0.00 0.00 0.00 0.00 0.00 0.00 0.00 0.00 0.47 1.16 1.74 2.31 2.71 4.15 4.08 3.79 3.41 2.48 1.42 0.20 0.00 0.00 0.00 0.00
0.00 0.00 0.00 0.00 0.00 0.00 0.00 0.00 0.76 1.85 2.78 3.69 4.33 6.65 6.53 6.06 5.46 3.97 2.28 0.32 0.00 0.00 0.00 0.00
0.00 0.00 0.00 0.00 0.00 0.00 0.00 0.00 0.76 1.85 2.78 3.69 4.33 6.65 6.53 6.06 5.46 3.97 2.28 0.32 0.00 0.00 0.00 0.00
0.00 0.00 0.00 0.00 0.00 0.00 0.00 0.00 2.02 5.24 10.29 13.88 16.81 17.14 17.29 16.08 9.99 7.13 4.09 1.01 0.00 0.00 0.00 0.00
0.00 0.00 0.00 0.00 0.00 0.00 0.00 0.00 0.86 2.23 4.66 6.34 7.68 7.28 7.25 6.74 4.15 2.96 1.68 0.49 0.00 0.00 0.00 0.00
0.00 0.00 0.00 0.00 0.00 0.00 0.00 0.00 1.11 2.87 5.99 8.15 9.87 9.37 9.33 8.66 5.34 3.81 2.16 0.63 0.00 0.00 0.00 0.00
0.00 0.00 0.00 0.00 0.00 0.00 0.00 0.00 0.74 1.92 3.99 5.43 6.58 6.24 6.22 5.77 3.56 2.54 1.44 0.42 0.00 0.00 0.00 0.00
0.00 0.00 0.00 0.00 0.00 0.00 0.00 0.00 0.74 1.92 3.99 5.43 6.58 6.24 6.22 5.77 3.56 2.54 1.44 0.42 0.00 0.00 0.00 0.00
0.00 0.00 0.00 0.00 0.00 0.00 0.00 0.00 12.79 35.53 59.48 80.02 95.58 87.01 87.09 81.29 66.63 48.65 27.57 5.71 0.00 0.00 0.00 0.00
0.00 0.00 0.00 0.00 0.00 0.00 0.00 0.00 6.29 15.98 31.45 42.09 50.77 52.91 53.24 49.22 31.78 22.72 13.10 2.67 0.00 0.00 0.00 0.00
0.00 0.00 0.00 0.00 0.00 0.00 0.00 0.00 5.23 13.55 25.99 34.70 41.47 46.81 46.20 43.22 32.04 23.44 13.79 2.12 0.00 0.00 0.00 0.00
0.00 0.00 0.00 0.00 0.00 0.00 0.00 0.00 13.34 52.46 110.75 155.65 192.96 231.48 236.49 228.93 171.95 128.31 77.64 22.94 0.00 0.00 0.00 0.00
0.00 0.00 0.00 0.00 0.00 0.00 0.00 0.00 12.69 49.90 105.35 148.06 183.54 220.19 224.96 217.76 163.57 122.05 73.85 21.82 0.00 0.00 0.00 0.00
0.00 0.00 0.00 0.00 0.00 0.00 0.00 0.00 24.40 95.95 202.59 284.73 352.97 423.45 432.61 418.78 314.55 234.71 142.03 41.97 0.00 0.00 0.00 0.00
0.00 0.00 0.00 0.00 0.00 0.00 0.00 0.00 24.00 94.36 199.21 279.98 347.08 416.39 425.40 411.80 309.31 230.80 139.66 41.27 0.00 0.00 0.00 0.00
0.00 0.00 0.00 0.00 0.00 0.00 0.00 0.00 23.96 85.94 167.42 233.16 291.84 359.75 368.36 347.00 336.27 251.93 151.70 38.38 0.00 0.00 0.00 0.00
0.00 0.00 0.00 0.00 0.00 0.00 0.00 0.00 0.47 1.16 1.74 2.31 2.71 4.15 4.08 3.79 3.41 2.48 1.42 0.20 0.00 0.00 0.00 0.00
0.00 0.00 0.00 0.00 0.00 0.00 0.00 0.00 2.40 5.85 8.79 11.70 13.73 21.05 20.68 19.19 17.30 12.56 7.22 1.00 0.00 0.00 0.00 0.00
0.00 0.00 0.00 0.00 0.00 0.00 0.00 0.00 12.25 29.88 44.88 59.72 70.07 107.46 105.58 97.98 88.33 64.11 36.86 5.10 0.00 0.00 0.00 0.00
0.00 0.00 0.00 0.00 0.00 0.00 0.00 0.00 0.91 3.58 7.56 10.63 13.18 15.81 16.15 15.63 11.74 8.76 5.30 1.57 0.00 0.00 0.00 0.00
0.00 0.00 0.00 0.00 0.00 0.00 0.00 0.00 28.09 97.68 152.21 212.30 263.29 298.78 305.37 288.51 261.00 194.03 116.09 25.57 0.00 0.00 0.00 0.00
0.00 0.00 0.00 0.00 0.00 0.00 0.00 0.00 2.26 6.85 14.82 20.46 25.21 30.33 30.21 27.96 22.05 16.04 9.89 2.10 0.00 0.00 0.00 0.00
0.00 0.00 0.00 0.00 0.00 0.00 0.00 0.00 17.73 52.33 79.89 109.83 133.59 148.85 152.13 141.18 118.38 88.44 51.78 10.10 0.00 0.00 0.00 0.00
0.00 0.00 0.00 0.00 0.00 0.00 0.00 0.00 0.47 1.63 2.54 3.54 4.39 4.98 5.09 4.81 4.35 3.23 1.93 0.43 0.00 0.00 0.00 0.00
0.00 0.00 0.00 0.00 0.00 0.00 0.00 0.00 21.07 73.26 114.15 159.22 197.47 224.09 229.03 216.39 195.75 145.52 87.07 19.18 0.00 0.00 0.00 0.00
0.00 0.00 0.00 0.00 0.00 0.00 0.00 0.00 27.04 94.02 146.50 204.34 253.42 287.58 293.92 277.69 251.22 186.75 111.74 24.61 0.00 0.00 0.00 0.00
0.00 0.00 0.00 0.00 0.00 0.00 0.00 0.00 31.59 113.34 220.78 307.47 384.86 474.42 485.78 457.60 443.46 332.23 200.05 50.61 0.00 0.00 0.00 0.00
0.00 0.00 0.00 0.00 0.00 0.00 0.00 0.00 1.04 2.77 7.71 10.48 12.76 10.84 10.84 10.03 8.45 6.09 3.49 0.82 0.00 0.00 0.00 0.00
0.00 0.00 0.00 0.00 0.00 0.00 0.00 0.00 1.47 3.89 9.46 12.88 15.67 13.48 13.46 12.42 10.08 7.27 4.14 1.01 0.00 0.00 0.00 0.00
0.00 0.00 0.00 0.00 0.00 0.00 0.00 0.00 9.33 28.27 61.14 84.41 103.98 125.11 124.64 115.33 90.98 66.15 40.79 8.67 0.00 0.00 0.00 0.00
0.00 0.00 0.00 0.00 0.00 0.00 0.00 0.00 27.82 118.19 228.26 316.99 396.68 456.51 471.24 444.51 385.15 292.83 181.31 49.43 0.00 0.00 0.00 0.00
0.00 0.00 0.00 0.00 0.00 0.00 0.00 0.00 0.44 1.09 2.35 3.19 3.85 4.19 4.19 3.83 2.60 1.88 1.09 0.20 0.00 0.00 0.00 0.00
0.00 0.00 0.00 0.00 0.00 0.00 0.00 0.00 7.72 25.04 37.40 51.67 63.38 71.75 72.56 68.42 61.65 45.47 26.63 5.94 0.00 0.00 0.00 0.00
0.00 0.00 0.00 0.00 0.00 0.00 0.00 0.00 1.56 7.45 14.46 20.67 25.81 28.93 29.36 27.45 23.53 17.71 11.18 2.80 0.00 0.00 0.00 0.00
0.00 0.00 0.00 0.00 0.00 0.00 0.00 0.00 1.47 3.42 5.47 7.13 8.48 9.01 9.10 8.42 6.13 4.34 2.54 0.27 0.00 0.00 0.00 0.00
0.00 0.00 0.00 0.00 0.00 0.00 0.00 0.00 0.73 1.71 2.74 3.56 4.24 4.51 4.55 4.21 3.07 2.17 1.27 0.14 0.00 0.00 0.00 0.00
0.00 0.00 0.00 0.00 0.00 0.00 0.00 0.00 1.61 3.74 5.98 7.80 9.28 9.86 9.95 9.21 6.71 4.75 2.78 0.30 0.00 0.00 0.00 0.00
0.00 0.00 0.00 0.00 0.00 0.00 0.00 0.00 1.92 4.48 7.32 9.56 11.30 12.00 11.92 11.18 8.41 6.01 3.51 0.39 0.00 0.00 0.00 0.00
0.00 0.00 0.00 0.00 0.00 0.00 0.00 0.00 2.93 6.83 11.15 14.57 17.22 18.28 18.16 17.04 12.81 9.16 5.35 0.59 0.00 0.00 0.00 0.00
0.00 0.00 0.00 0.00 0.00 0.00 0.00 0.00 2.45 5.85 9.59 12.73 15.11 16.17 16.17 14.99 11.28 8.10 4.74 0.53 0.00 0.00 0.00 0.00
0.00 0.00 0.00 0.00 0.00 0.00 0.00 0.00 0.73 1.99 5.33 7.21 8.80 9.95 10.09 9.54 9.67 6.95 4.01 0.71 0.00 0.00 0.00 0.00
0.00 0.00 0.00 0.00 0.00 0.00 0.00 0.00 1.88 5.14 13.76 18.62 22.74 25.70 26.06 24.65 24.98 17.96 10.36 1.83 0.00 0.00 0.00 0.00
0.00 0.00 0.00 0.00 0.00 0.00 0.00 0.00 1.02 2.85 4.50 6.18 7.53 8.49 8.49 7.86 5.80 4.25 2.47 0.49 0.00 0.00 0.00 0.00
0.00 0.00 0.00 0.00 0.00 0.00 0.00 0.00 2.18 5.23 9.77 13.20 15.67 18.69 18.71 16.87 11.93 8.47 4.87 0.77 0.00 0.00 0.00 0.00
0.00 0.00 0.00 0.00 0.00 0.00 0.00 0.00 4.19 10.04 17.04 22.67 27.32 30.91 30.66 28.16 21.66 15.59 8.97 1.11 0.00 0.00 0.00 0.00
0.00 0.00 0.00 0.00 0.00 0.00 0.00 0.00 0.61 1.32 2.02 2.56 2.95 3.14 3.09 2.83 2.45 1.71 0.98 0.08 0.00 0.00 0.00 0.00
0.00 0.00 0.00 0.00 0.00 0.00 0.00 0.00 3.99 9.07 12.84 16.72 19.86 19.85 19.43 17.80 17.29 12.07 6.97 0.70 0.00 0.00 0.00 0.00
0.00 0.00 0.00 0.00 0.00 0.00 0.00 0.00 2.81 6.21 9.53 12.26 14.18 12.17 11.93 11.09 9.71 6.89 3.97 0.40 0.00 0.00 0.00 0.00
0.00 0.00 0.00 0.00 0.00 0.00 0.00 0.00 3.87 8.57 13.15 16.92 19.57 16.79 16.46 15.31 13.40 9.51 5.48 0.55 0.00 0.00 0.00 0.00
0.00 0.00 0.00 0.00 0.00 0.00 0.00 0.00 2.64 5.84 8.96 11.52 13.33 11.44 11.21 10.43 9.13 6.48 3.73 0.37 0.00 0.00 0.00 0.00
0.00 0.00 0.00 0.00 0.00 0.00 0.00 0.00 2.13 4.84 6.85 8.91 10.59 10.59 10.36 9.49 9.22 6.44 3.72 0.37 0.00 0.00 0.00 0.00
0.00 0.00 0.00 0.00 0.00 0.00 0.00 0.00 1.68 3.65 5.49 7.16 8.33 8.77 8.56 7.81 6.72 4.74 2.73 0.22 0.00 0.00 0.00 0.00
0.00 0.00 0.00 0.00 0.00 0.00 0.00 0.00 1.36 3.31 4.97 6.62 7.77 11.91 11.70 10.86 9.79 7.10 4.08 0.57 0.00 0.00 0.00 0.00
0.00 0.00 0.00 0.00 0.00 0.00 0.00 0.00 16.64 46.24 77.42 104.16 124.40 113.25 113.36 105.80 86.72 63.32 35.88 7.43 0.00 0.00 0.00 0.00
0.00 0.00 0.00 0.00 0.00 0.00 0.00 0.00 2.29 5.94 11.66 15.73 19.05 19.43 19.59 18.22 11.32 8.08 4.64 1.14 0.00 0.00 0.00 0.00
0.00 0.00 0.00 0.00 0.00 0.00 0.00 0.00 2.76 6.85 15.83 21.41 25.51 24.31 24.10 22.29 16.11 11.35 6.59 1.38 0.00 0.00 0.00 0.00
0.00 0.00 0.00 0.00 0.00 0.00 0.00 0.00 1.27 3.14 7.26 9.81 11.69 11.14 11.05 10.21 7.38 5.20 3.02 0.63 0.00 0.00 0.00 0.00
0.00 0.00 0.00 0.00 0.00 0.00 0.00 0.00 3.03 7.84 14.65 19.67 23.80 24.85 25.16 23.35 14.83 10.64 6.14 1.34 0.00 0.00 0.00 0.00
0.00 0.00 0.00 0.00 0.00 0.00 0.00 0.00 1.06 2.64 5.71 7.76 9.36 10.18 10.18 9.30 6.32 4.56 2.64 0.49 0.00 0.00 0.00 0.00
0.00 0.00 0.00 0.00 0.00 0.00 0.00 0.00 9.66 29.26 63.30 87.39 107.66 129.53 129.04 119.40 94.19 68.49 42.23 8.97 0.00 0.00 0.00 0.00
0.00 0.00 0.00 0.00 0.00 0.00 0.00 0.00 4.24 12.51 19.10 26.26 31.95 35.60 36.38 33.76 28.31 21.15 12.38 2.41 0.00 0.00 0.00 0.00
0.00 0.00 0.00 0.00 0.00 0.00 0.00 0.00 0.96 2.86 4.56 6.21 7.55 7.85 8.02 7.56 5.63 4.12 2.45 0.58 0.00 0.00 0.00 0.00
0.00 0.00 0.00 0.00 0.00 0.00 0.00 0.00 1.23 3.62 6.22 8.58 10.55 11.10 10.99 10.16 7.61 5.50 3.26 0.60 0.00 0.00 0.00 0.00
0.00 0.00 0.00 0.00 0.00 0.00 0.00 0.00 1.97 5.79 9.94 13.73 16.88 17.76 17.58 16.25 12.17 8.81 5.21 0.96 0.00 0.00 0.00 0.00
0.00 0.00 0.00 0.00 0.00 0.00 0.00 0.00 24.81 97.55 205.97 289.47 358.85 430.50 439.82 425.76 319.79 238.63 144.39 42.67 0.00 0.00 0.00 0.00
