0.00 0.00 0.00 0.00 0.00 0.00 0.00 0.13 1.07 1.98 3.06 4.05 4.85 5.30 5.40 5.10 4.48 3.58 2.43 1.29 0.45 0.00 0.00 0.00
0.00 0.00 0.00 0.00 0.00 0.00 0.00 3.99 18.80 32.72 48.40 64.05 76.09 83.41 83.92 78.66 66.95 51.88 33.95 12.80 1.48 0.00 0.00 0.00
0.00 0.00 0.00 0.00 0.00 0.00 0.00 2.91 24.51 45.20 69.88 92.50 110.86 121.20 123.53 116.65 102.41 81.94 55.62 29.61 10.28 0.00 0.00 0.00
0.00 0.00 0.00 0.00 0.00 0.00 0.00 10.35 87.11 160.63 248.35 328.74 393.98 430.72 439.01 414.58 363.96 291.21 197.66 105.22 36.54 0.00 0.00 0.00
0.00 0.00 0.00 0.00 0.00 0.00 0.00 1.25 3.82 6.30 9.28 11.84 13.48 13.51 13.47 12.27 11.06 8.35 5.27 1.82 0.06 0.00 0.00 0.00
0.00 0.00 0.00 0.00 0.00 0.00 0.00 8.55 188.49 361.82 572.70 761.20 910.94 999.29 1008.43 946.22 791.93 618.98 430.62 238.50 85.71 0.00 0.00 0.00
0.00 0.00 0.00 0.00 0.00 0.00 0.00 0.76 2.41 3.96 5.85 7.43 8.66 9.26 9.53 8.97 7.92 6.15 4.01 1.72 0.36 0.00 0.00 0.00
0.00 0.00 0.00 0.00 0.00 0.00 0.00 0.26 1.10 1.89 2.88 3.81 4.49 4.16 4.18 3.99 3.64 2.85 1.88 0.86 0.12 0.00 0.00 0.00
0.00 0.00 0.00 0.00 0.00 0.00 0.00 0.42 1.77 3.02 4.62 6.10 7.19 6.65 6.69 6.39 5.82 4.56 3.00 1.38 0.19 0.00 0.00 0.00
0.00 0.00 0.00 0.00 0.00 0.00 0.00 0.42 1.77 3.02 4.62 6.10 7.19 6.65 6.69 6.39 5.82 4.56 3.00 1.38 0.19 0.00 0.00 0.00
0.00 0.00 0.00 0.00 0.00 0.00 0.00 0.81 3.78 6.58 10.23 13.92 16.97 18.75 19.53 18.67 14.61 11.47 7.57 2.32 0.47 0.00 0.00 0.00
0.00 0.00 0.00 0.00 0.00 0.00 0.00 0.38 1.79 3.11 4.86 6.62 8.02 8.82 9.13 8.68 6.48 5.07 3.32 1.00 0.20 0.00 0.00 0.00
0.00 0.00 0.00 0.00 0.00 0.00 0.00 0.49 2.30 4.00 6.25 8.51 10.31 11.34 11.74 11.16 8.33 6.52 4.27 1.28 0.25 0.00 0.00 0.00
0.00 0.00 0.00 0.00 0.00 0.00 0.00 0.33 1.53 2.67 4.16 5.67 6.87 7.56 7.83 7.44 5.55 4.35 2.85 0.85 0.17 0.00 0.00 0.00
0.00 0.00 0.00 0.00 0.00 0.00 0.00 0.33 1.53 2.67 4.16 5.67 6.87 7.56 7.83 7.44 5.55 4.35 2.85 0.85 0.17 0.00 0.00 0.00
0.00 0.00 0.00 0.00 0.00 0.00 0.00 2.32 21.67 39.94 62.83 82.13 96.44 104.31 106.47 102.68 77.29 59.85 38.42 13.90 2.43 0.00 0.00 0.00
0.00 0.00 0.00 0.00 0.00 0.00 0.00 2.78 11.97 20.61 31.62 42.04 51.08 56.56 57.78 56.05 43.90 34.41 22.81 7.83 1.52 0.00 0.00 0.00
0.00 0.00 0.00 0.00 0.00 0.00 0.00 2.53 10.96 18.90 27.89 36.61 44.33 47.50 48.75 46.98 40.55 31.94 21.06 7.82 1.72 0.00 0.00 0.00
0.00 0.00 0.00 0.00 0.00 0.00 0.00 2.52 55.60 106.72 168.93 224.53 268.69 294.76 297.45 279.10 233.59 182.58 127.02 70.35 25.28 0.00 0.00 0.00
0.00 0.00 0.00 0.00 0.00 0.00 0.00 2.40 52.89 101.52 160.69 213.57 255.59 280.38 282.94 265.49 222.19 173.67 120.82 66.92 24.05 0.00 0.00 0.00
0.00 0.00 0.00 0.00 0.00 0.00 0.00 4.61 101.70 195.22 309.01 410.72 491.51 539.19 544.12 510.55 427.30 333.98 232.35 128.68 46.25 0.00 0.00 0.00
0.00 0.00 0.00 0.00 0.00 0.00 0.00 4.54 100.01 191.97 303.86 403.87 483.32 530.20 535.05 502.04 420.18 328.42 228.47 126.54 45.48 0.00 0.00 0.00
0.00 0.00 0.00 0.00 0.00 0.00 0.00 14.95 117.98 216.69 328.68 436.10 519.52 564.05 575.46 544.49 476.55 380.92 260.08 145.36 53.13 0.00 0.00 0.00
0.00 0.00 0.00 0.00 0.00 0.00 0.00 0.26 1.10 1.89 2.88 3.81 4.49 4.16 4.18 3.99 3.64 2.85 1.88 0.86 0.12 0.00 0.00 0.00
0.00 0.00 0.00 0.00 0.00 0.00 0.00 1.31 5.59 9.58 14.62 19.31 22.76 21.06 21.18 20.24 18.43 14.45 9.50 4.38 0.60 0.00 0.00 0.00
0.00 0.00 0.00 0.00 0.00 0.00 0.00 6.71 28.54 48.90 74.63 98.60 116.19 107.54 108.14 103.32 94.10 73.77 48.52 22.34 3.06 0.00 0.00 0.00
0.00 0.00 0.00 0.00 0.00 0.00 0.00 0.17 3.80 7.29 11.54 15.33 18.35 20.13 20.31 19.06 15.95 12.47 8.67 4.80 1.73 0.00 0.00 0.00
0.00 0.00 0.00 0.00 0.00 0.00 0.00 10.18 85.75 158.13 244.48 323.62 387.84 424.01 432.17 408.12 358.29 286.67 194.58 103.58 35.97 0.00 0.00 0.00
0.00 0.00 0.00 0.00 0.00 0.00 0.00 0.59 4.71 8.61 13.86 20.02 25.49 29.29 30.97 29.78 26.40 20.96 14.36 6.55 1.76 0.00 0.00 0.00
0.00 0.00 0.00 0.00 0.00 0.00 0.00 10.74 49.07 85.37 126.20 163.79 191.28 205.23 207.77 196.89 171.93 138.09 94.98 46.12 14.91 0.00 0.00 0.00
0.00 0.00 0.00 0.00 0.00 0.00 0.00 0.17 1.43 2.64 4.07 5.39 6.46 7.07 7.20 6.80 5.97 4.78 3.24 1.73 0.60 0.00 0.00 0.00
0.00 0.00 0.00 0.00 0.00 0.00 0.00 7.64 64.32 118.60 183.36 242.71 290.88 318.01 324.13 306.09 268.72 215.00 145.93 77.68 26.98 0.00 0.00 0.00
0.00 0.00 0.00 0.00 0.00 0.00 0.00 9.80 82.54 152.20 235.31 311.48 373.30 408.11 415.97 392.82 344.85 275.92 187.28 99.69 34.62 0.00 0.00 0.00
0.00 0.00 0.00 0.00 0.00 0.00 0.00 19.71 155.59 285.76 433.45 575.11 685.12 743.84 758.89 718.04 628.46 502.34 342.98 191.70 70.06 0.00 0.00 0.00
0.00 0.00 0.00 0.00 0.00 0.00 0.00 0.53 2.76 4.87 7.55 10.38 12.75 14.19 14.41 13.88 9.82 7.70 5.17 1.55 0.31 0.00 0.00 0.00
0.00 0.00 0.00 0.00 0.00 0.00 0.00 0.68 3.46 6.07 9.35 12.78 15.92 17.58 18.06 17.33 12.59 9.77 6.49 1.99 0.40 0.00 0.00 0.00
0.00 0.00 0.00 0.00 0.00 0.00 0.00 2.45 19.42 35.51 57.19 82.56 105.14 120.80 127.73 122.84 108.89 86.48 59.24 27.02 7.28 0.00 0.00 0.00
0.00 0.00 0.00 0.00 0.00 0.00 0.00 15.00 115.69 212.39 322.10 427.03 507.24 551.17 562.74 543.50 484.39 389.52 278.87 177.06 75.36 0.00 0.00 0.00
0.00 0.00 0.00 0.00 0.00 0.00 0.00 0.24 0.97 1.66 2.48 3.38 4.08 4.47 4.59 4.37 3.43 2.69 1.78 0.69 0.13 0.00 0.00 0.00
0.00 0.00 0.00 0.00 0.00 0.00 0.00 3.68 22.86 41.17 61.80 81.41 96.51 104.91 106.31 99.98 87.47 70.31 49.36 25.53 8.63 0.00 0.00 0.00
0.00 0.00 0.00 0.00 0.00 0.00 0.00 0.00 6.41 12.91 20.74 28.05 33.26 36.35 36.27 33.39 27.86 22.13 15.70 8.97 3.40 0.00 0.00 0.00
0.00 0.00 0.00 0.00 0.00 0.00 0.00 0.87 2.66 4.35 6.58 8.58 9.92 10.38 10.54 10.06 9.08 7.05 4.64 1.98 0.39 0.00 0.00 0.00
0.00 0.00 0.00 0.00 0.00 0.00 0.00 0.44 1.33 2.18 3.29 4.29 4.96 5.19 5.27 5.03 4.54 3.53 2.32 0.99 0.20 0.00 0.00 0.00
0.00 0.00 0.00 0.00 0.00 0.00 0.00 0.96 2.91 4.76 7.20 9.38 10.86 11.36 11.52 11.01 9.93 7.71 5.08 2.16 0.43 0.00 0.00 0.00
0.00 0.00 0.00 0.00 0.00 0.00 0.00 1.08 3.37 5.52 8.54 11.16 12.90 13.69 13.97 13.53 11.98 9.21 6.15 2.59 0.50 0.00 0.00 0.00
0.00 0.00 0.00 0.00 0.00 0.00 0.00 1.64 5.13 8.41 13.01 17.00 19.65 20.86 21.29 20.62 18.26 14.03 9.37 3.94 0.76 0.00 0.00 0.00
0.00 0.00 0.00 0.00 0.00 0.00 0.00 1.50 4.84 7.97 11.90 15.14 17.63 18.94 19.20 18.20 15.92 12.40 8.24 3.58 0.76 0.00 0.00 0.00
0.00 0.00 0.00 0.00 0.00 0.00 0.00 1.11 4.20 7.12 10.40 13.40 15.60 16.51 16.42 15.36 13.45 10.60 7.27 3.40 1.03 0.00 0.00 0.00
0.00 0.00 0.00 0.00 0.00 0.00 0.00 2.87 10.86 18.40 26.86 34.63 40.30 42.65 42.41 39.67 34.74 27.38 18.79 8.78 2.66 0.00 0.00 0.00
0.00 0.00 0.00 0.00 0.00 0.00 0.00 0.64 2.71 4.65 6.83 8.88 10.34 11.05 11.19 10.44 9.00 7.11 4.88 2.31 0.69 0.00 0.00 0.00
0.00 0.00 0.00 0.00 0.00 0.00 0.00 1.25 4.59 7.71 11.54 15.21 18.01 19.28 19.84 18.80 15.09 11.67 7.75 3.51 0.57 0.00 0.00 0.00
0.00 0.00 0.00 0.00 0.00 0.00 0.00 2.34 8.11 13.54 19.58 25.98 31.59 34.69 35.05 33.34 29.88 23.03 15.00 6.29 1.18 0.00 0.00 0.00
0.00 0.00 0.00 0.00 0.00 0.00 0.00 0.40 1.22 1.98 2.86 3.63 4.12 3.70 3.69 3.49 2.96 2.25 1.46 0.65 0.03 0.00 0.00 0.00
0.00 0.00 0.00 0.00 0.00 0.00 0.00 1.91 6.60 10.95 16.01 20.69 23.86 17.62 17.68 16.77 17.84 13.74 8.94 3.60 0.32 0.00 0.00 0.00
0.00 0.00 0.00 0.00 0.00 0.00 0.00 1.39 4.51 7.43 10.93 14.07 16.05 13.43 13.45 12.61 12.37 9.54 6.15 2.51 0.17 0.00 0.00 0.00
0.00 0.00 0.00 0.00 0.00 0.00 0.00 1.92 6.22 10.25 15.08 19.42 22.15 18.54 18.56 17.41 17.07 13.16 8.48 3.46 0.23 0.00 0.00 0.00
0.00 0.00 0.00 0.00 0.00 0.00 0.00 1.31 4.23 6.98 10.27 13.23 15.09 12.63 12.64 11.86 11.63 8.97 5.78 2.36 0.16 0.00 0.00 0.00
0.00 0.00 0.00 0.00 0.00 0.00 0.00 1.02 3.52 5.84 8.54 11.03 12.73 9.40 9.43 8.94 9.51 7.33 4.77 1.92 0.17 0.00 0.00 0.00
0.00 0.00 0.00 0.00 0.00 0.00 0.00 1.10 3.42 5.65 8.27 10.51 12.08 11.73 11.71 10.75 9.64 7.26 4.57 1.67 0.07 0.00 0.00 0.00
0.00 0.00 0.00 0.00 0.00 0.00 0.00 0.74 3.16 5.42 8.27 10.93 12.88 11.92 11.98 11.45 10.43 8.18 5.38 2.48 0.34 0.00 0.00 0.00
0.00 0.00 0.00 0.00 0.00 0.00 0.00 3.02 28.20 51.99 81.77 106.90 125.52 135.76 138.58 133.65 100.61 77.90 50.01 18.09 3.17 0.00 0.00 0.00
0.00 0.00 0.00 0.00 0.00 0.00 0.00 0.92 4.29 7.46 11.59 15.78 19.23 21.25 22.13 21.15 16.56 13.00 8.58 2.63 0.53 0.00 0.00 0.00
0.00 0.00 0.00 0.00 0.00 0.00 0.00 1.57 6.42 10.97 17.29 23.74 28.21 26.24 26.37 25.09 18.04 14.00 9.23 3.66 0.63 0.00 0.00 0.00
0.00 0.00 0.00 0.00 0.00 0.00 0.00 0.72 2.94 5.03 7.93 10.88 12.93 12.03 12.08 11.50 8.27 6.42 4.23 1.68 0.29 0.00 0.00 0.00
0.00 0.00 0.00 0.00 0.00 0.00 0.00 1.16 5.34 9.28 14.33 19.41 23.74 26.26 27.33 26.17 20.75 16.30 10.80 3.49 0.70 0.00 0.00 0.00
0.00 0.00 0.00 0.00 0.00 0.00 0.00 0.58 2.36 4.03 6.01 8.22 9.90 10.87 11.15 10.60 8.34 6.52 4.33 1.67 0.31 0.00 0.00 0.00
0.00 0.00 0.00 0.00 0.00 0.00 0.00 2.54 20.11 36.76 59.21 85.48 108.86 125.07 132.25 127.19 112.74 89.53 61.33 27.98 7.54 0.00 0.00 0.00
0.00 0.00 0.00 0.00 0.00 0.00 0.00 2.57 11.73 20.41 30.18 39.17 45.74 49.08 49.68 47.08 41.11 33.02 22.71 11.03 3.56 0.00 0.00 0.00
0.00 0.00 0.00 0.00 0.00 0.00 0.00 0.53 2.57 4.51 6.75 8.78 10.26 11.05 11.28 10.57 9.26 7.36 5.06 2.43 0.78 0.00 0.00 0.00
0.00 0.00 0.00 0.00 0.00 0.00 0.00 0.61 3.09 5.45 8.07 10.64 12.70 13.93 13.94 13.06 11.48 9.03 6.19 2.91 0.89 0.00 0.00 0.00
0.00 0.00 0.00 0.00 0.00 0.00 0.00 0.98 4.95 8.72 12.91 17.02 20.33 22.29 22.31 20.89 18.38 14.44 9.90 4.66 1.42 0.00 0.00 0.00
0.00 0.00 0.00 0.00 0.00 0.00 0.00 4.69 103.40 198.48 314.16 417.56 499.71 548.17 553.19 519.06 434.42 339.55 236.22 130.83 47.02 0.00 0.00 0.00
