0.00 0.00 0.00 0.00 0.00 0.00 0.00 0.00 0.00 0.09 0.98 1.67 2.28 2.93 3.06 2.80 2.14 1.50 0.68 0.00 0.00 0.00 0.00 0.00
0.00 0.00 0.00 0.00 0.00 0.00 0.00 0.00 0.00 8.14 22.86 34.90 44.17 50.76 53.02 47.74 40.48 27.70 11.62 0.00 0.00 0.00 0.00 0.00
0.00 0.00 0.00 0.00 0.00 0.00 0.00 0.00 0.00 2.08 22.48 38.26 52.15 66.95 70.06 63.98 48.83 34.26 15.66 0.00 0.00 0.00 0.00 0.00
0.00 0.00 0.00 0.00 0.00 0.00 0.00 0.00 0.00 7.38 79.90 135.96 185.34 237.94 248.99 227.37 173.55 121.77 55.66 0.00 0.00 0.00 0.00 0.00
0.00 0.00 0.00 0.00 0.00 0.00 0.00 0.00 0.00 0.87 2.02 3.04 3.77 5.90 5.93 5.19 6.09 3.92 1.23 0.00 0.00 0.00 0.00 0.00
0.00 0.00 0.00 0.00 0.00 0.00 0.00 0.00 0.00 23.37 226.04 387.38 527.42 622.83 661.15 616.93 500.69 352.20 172.66 0.00 0.00 0.00 0.00 0.00
0.00 0.00 0.00 0.00 0.00 0.00 0.00 0.00 0.00 0.19 0.68 1.06 1.37 2.39 2.41 2.17 3.96 2.55 0.80 0.00 0.00 0.00 0.00 0.00
0.00 0.00 0.00 0.00 0.00 0.00 0.00 0.00 0.00 0.38 1.36 2.09 2.66 3.11 3.20 2.88 2.51 1.71 0.69 0.00 0.00 0.00 0.00 0.00
0.00 0.00 0.00 0.00 0.00 0.00 0.00 0.00 0.00 0.61 2.18 3.35 4.26 4.97 5.12 4.61 4.02 2.73 1.10 0.00 0.00 0.00 0.00 0.00
0.00 0.00 0.00 0.00 0.00 0.00 0.00 0.00 0.00 0.61 2.18 3.35 4.26 4.97 5.12 4.61 4.02 2.73 1.10 0.00 0.00 0.00 0.00 0.00
0.00 0.00 0.00 0.00 0.00 0.00 0.00 0.00 0.00 1.52 5.41 8.30 10.86 12.75 13.04 11.81 9.80 6.70 2.76 0.00 0.00 0.00 0.00 0.00
0.00 0.00 0.00 0.00 0.00 0.00 0.00 0.00 0.00 0.73 2.52 3.85 5.04 5.99 6.16 5.57 4.54 3.11 1.28 0.00 0.00 0.00 0.00 0.00
0.00 0.00 0.00 0.00 0.00 0.00 0.00 0.00 0.00 0.94 3.24 4.95 6.47 7.71 7.91 7.17 5.84 4.00 1.65 0.00 0.00 0.00 0.00 0.00
0.00 0.00 0.00 0.00 0.00 0.00 0.00 0.00 0.00 0.63 2.16 3.30 4.32 5.14 5.28 4.78 3.90 2.66 1.10 0.00 0.00 0.00 0.00 0.00
0.00 0.00 0.00 0.00 0.00 0.00 0.00 0.00 0.00 0.63 2.16 3.30 4.32 5.14 5.28 4.78 3.90 2.66 1.10 0.00 0.00 0.00 0.00 0.00
0.00 0.00 0.00 0.00 0.00 0.00 0.00 0.00 0.00 9.31 27.97 43.89 57.42 67.25 71.84 65.53 56.13 38.00 18.14 0.00 0.00 0.00 0.00 0.00
0.00 0.00 0.00 0.00 0.00 0.00 0.00 0.00 0.00 4.47 14.40 22.02 29.18 39.24 39.74 35.40 28.79 19.53 7.80 0.00 0.00 0.00 0.00 0.00
0.00 0.00 0.00 0.00 0.00 0.00 0.00 0.00 0.00 2.82 9.72 15.05 19.32 31.05 32.09 28.43 23.79 16.13 6.42 0.00 0.00 0.00 0.00 0.00
0.00 0.00 0.00 0.00 0.00 0.00 0.00 0.00 0.00 6.89 66.67 114.26 155.57 183.71 195.02 181.97 147.69 103.89 50.93 0.00 0.00 0.00 0.00 0.00
0.00 0.00 0.00 0.00 0.00 0.00 0.00 0.00 0.00 6.56 63.42 108.69 147.98 174.75 185.50 173.10 140.48 98.82 48.44 0.00 0.00 0.00 0.00 0.00
0.00 0.00 0.00 0.00 0.00 0.00 0.00 0.00 0.00 12.61 121.96 209.02 284.58 336.06 356.74 332.88 270.16 190.04 93.16 0.00 0.00 0.00 0.00 0.00
0.00 0.00 0.00 0.00 0.00 0.00 0.00 0.00 0.00 12.40 119.93 205.54 279.84 330.46 350.79 327.33 265.65 186.87 91.61 0.00 0.00 0.00 0.00 0.00
0.00 0.00 0.00 0.00 0.00 0.00 0.00 0.00 0.00 3.91 50.00 87.16 120.43 289.43 305.64 277.39 231.98 162.18 73.09 0.00 0.00 0.00 0.00 0.00
0.00 0.00 0.00 0.00 0.00 0.00 0.00 0.00 0.00 0.38 1.36 2.09 2.66 3.11 3.20 2.88 2.51 1.71 0.69 0.00 0.00 0.00 0.00 0.00
0.00 0.00 0.00 0.00 0.00 0.00 0.00 0.00 0.00 1.94 6.91 10.61 13.48 15.74 16.22 14.61 12.74 8.64 3.48 0.00 0.00 0.00 0.00 0.00
0.00 0.00 0.00 0.00 0.00 0.00 0.00 0.00 0.00 9.89 35.30 54.16 68.79 80.35 82.78 74.57 65.02 44.13 17.75 0.00 0.00 0.00 0.00 0.00
0.00 0.00 0.00 0.00 0.00 0.00 0.00 0.00 0.00 0.47 4.55 7.80 10.62 12.55 13.32 12.43 10.09 7.09 3.48 0.00 0.00 0.00 0.00 0.00
0.00 0.00 0.00 0.00 0.00 0.00 0.00 0.00 0.00 7.27 78.65 133.84 182.45 234.23 245.11 223.83 170.84 119.87 54.79 0.00 0.00 0.00 0.00 0.00
0.00 0.00 0.00 0.00 0.00 0.00 0.00 0.00 0.00 1.87 8.46 13.48 17.66 20.64 21.85 19.94 16.80 11.81 5.45 0.00 0.00 0.00 0.00 0.00
0.00 0.00 0.00 0.00 0.00 0.00 0.00 0.00 0.00 2.39 14.45 24.18 32.68 88.40 90.49 82.25 93.57 63.51 25.21 0.00 0.00 0.00 0.00 0.00
0.00 0.00 0.00 0.00 0.00 0.00 0.00 0.00 0.00 0.12 1.31 2.23 3.04 3.90 4.09 3.73 2.85 2.00 0.91 0.00 0.00 0.00 0.00 0.00
0.00 0.00 0.00 0.00 0.00 0.00 0.00 0.00 0.00 5.45 58.99 100.38 136.84 175.67 183.83 167.87 128.13 89.90 41.09 0.00 0.00 0.00 0.00 0.00
0.00 0.00 0.00 0.00 0.00 0.00 0.00 0.00 0.00 6.99 75.70 128.82 175.61 225.45 235.92 215.44 164.44 115.38 52.73 0.00 0.00 0.00 0.00 0.00
0.00 0.00 0.00 0.00 0.00 0.00 0.00 0.00 0.00 5.15 65.94 114.95 158.82 381.68 403.07 365.81 305.93 213.88 96.39 0.00 0.00 0.00 0.00 0.00
0.00 0.00 0.00 0.00 0.00 0.00 0.00 0.00 0.00 1.15 3.94 6.04 7.87 9.42 9.84 9.05 7.34 5.07 2.17 0.00 0.00 0.00 0.00 0.00
0.00 0.00 0.00 0.00 0.00 0.00 0.00 0.00 0.00 1.43 4.87 7.47 9.75 11.65 12.25 11.19 9.11 6.28 2.68 0.00 0.00 0.00 0.00 0.00
0.00 0.00 0.00 0.00 0.00 0.00 0.00 0.00 0.00 7.73 34.88 55.62 72.83 85.13 90.11 82.25 69.30 48.72 22.49 0.00 0.00 0.00 0.00 0.00
0.00 0.00 0.00 0.00 0.00 0.00 0.00 0.00 0.00 0.00 69.01 130.87 184.63 255.24 266.04 241.26 157.71 110.31 48.89 0.00 0.00 0.00 0.00 0.00
0.00 0.00 0.00 0.00 0.00 0.00 0.00 0.00 0.00 0.31 0.85 1.30 1.70 2.97 3.05 2.71 2.18 1.46 0.57 0.00 0.00 0.00 0.00 0.00
0.00 0.00 0.00 0.00 0.00 0.00 0.00 0.00 0.00 1.14 10.04 17.02 23.37 54.17 56.20 50.92 47.58 32.96 14.32 0.00 0.00 0.00 0.00 0.00
0.00 0.00 0.00 0.00 0.00 0.00 0.00 0.00 0.00 0.64 8.13 14.27 19.85 24.33 25.91 24.41 19.89 13.84 7.23 0.00 0.00 0.00 0.00 0.00
0.00 0.00 0.00 0.00 0.00 0.00 0.00 0.00 0.00 0.23 0.79 1.22 1.56 2.47 2.52 2.21 4.32 2.75 0.81 0.00 0.00 0.00 0.00 0.00
0.00 0.00 0.00 0.00 0.00 0.00 0.00 0.00 0.00 0.11 0.39 0.61 0.78 1.24 1.26 1.10 2.16 1.38 0.41 0.00 0.00 0.00 0.00 0.00
0.00 0.00 0.00 0.00 0.00 0.00 0.00 0.00 0.00 0.25 0.86 1.33 1.70 2.70 2.76 2.41 4.72 3.01 0.89 0.00 0.00 0.00 0.00 0.00
0.00 0.00 0.00 0.00 0.00 0.00 0.00 0.00 0.00 0.29 1.04 1.60 2.06 3.93 4.02 3.56 6.15 3.95 1.21 0.00 0.00 0.00 0.00 0.00
0.00 0.00 0.00 0.00 0.00 0.00 0.00 0.00 0.00 0.43 1.59 2.44 3.14 5.99 6.13 5.43 9.37 6.01 1.85 0.00 0.00 0.00 0.00 0.00
0.00 0.00 0.00 0.00 0.00 0.00 0.00 0.00 0.00 0.37 1.42 2.20 2.86 5.53 5.57 5.05 8.29 5.36 1.70 0.00 0.00 0.00 0.00 0.00
0.00 0.00 0.00 0.00 0.00 0.00 0.00 0.00 0.00 0.24 1.12 1.85 2.47 6.24 6.29 5.64 7.18 4.77 1.71 0.00 0.00 0.00 0.00 0.00
0.00 0.00 0.00 0.00 0.00 0.00 0.00 0.00 0.00 0.61 2.90 4.79 6.39 16.11 16.26 14.57 18.55 12.31 4.42 0.00 0.00 0.00 0.00 0.00
0.00 0.00 0.00 0.00 0.00 0.00 0.00 0.00 0.00 0.14 0.78 1.28 1.75 4.60 4.72 4.17 5.06 3.41 1.31 0.00 0.00 0.00 0.00 0.00
0.00 0.00 0.00 0.00 0.00 0.00 0.00 0.00 0.00 1.44 2.77 4.20 5.38 12.13 12.59 10.98 9.35 6.21 2.27 0.00 0.00 0.00 0.00 0.00
0.00 0.00 0.00 0.00 0.00 0.00 0.00 0.00 0.00 0.79 2.70 4.13 5.32 17.06 17.32 15.54 15.30 10.06 3.48 0.00 0.00 0.00 0.00 0.00
0.00 0.00 0.00 0.00 0.00 0.00 0.00 0.00 0.00 0.22 0.69 1.03 1.26 1.68 1.73 1.54 1.99 1.28 0.40 0.00 0.00 0.00 0.00 0.00
0.00 0.00 0.00 0.00 0.00 0.00 0.00 0.00 0.00 2.01 4.85 7.38 9.15 13.34 13.80 12.40 11.83 7.79 2.76 0.00 0.00 0.00 0.00 0.00
0.00 0.00 0.00 0.00 0.00 0.00 0.00 0.00 0.00 1.21 3.15 4.82 6.02 8.75 8.96 8.02 7.69 5.00 1.67 0.00 0.00 0.00 0.00 0.00
0.00 0.00 0.00 0.00 0.00 0.00 0.00 0.00 0.00 1.67 4.35 6.64 8.30 12.07 12.37 11.07 10.62 6.90 2.31 0.00 0.00 0.00 0.00 0.00
0.00 0.00 0.00 0.00 0.00 0.00 0.00 0.00 0.00 1.14 2.96 4.53 5.66 8.22 8.42 7.54 7.23 4.70 1.57 0.00 0.00 0.00 0.00 0.00
0.00 0.00 0.00 0.00 0.00 0.00 0.00 0.00 0.00 1.07 2.59 3.94 4.88 7.11 7.36 6.61 6.31 4.16 1.47 0.00 0.00 0.00 0.00 0.00
0.00 0.00 0.00 0.00 0.00 0.00 0.00 0.00 0.00 0.84 2.08 3.10 3.91 5.84 5.89 5.18 5.62 3.63 1.17 0.00 0.00 0.00 0.00 0.00
0.00 0.00 0.00 0.00 0.00 0.00 0.00 0.00 0.00 1.10 3.91 6.00 7.62 8.90 9.17 8.26 7.21 4.89 1.97 0.00 0.00 0.00 0.00 0.00
0.00 0.00 0.00 0.00 0.00 0.00 0.00 0.00 0.00 12.12 36.40 57.13 74.74 87.53 93.51 85.29 73.06 49.46 23.61 0.00 0.00 0.00 0.00 0.00
0.00 0.00 0.00 0.00 0.00 0.00 0.00 0.00 0.00 1.73 6.13 9.41 12.31 14.45 14.78 13.38 11.10 7.59 3.13 0.00 0.00 0.00 0.00 0.00
0.00 0.00 0.00 0.00 0.00 0.00 0.00 0.00 0.00 2.26 7.52 11.41 15.05 20.93 21.12 18.90 15.69 10.61 4.17 0.00 0.00 0.00 0.00 0.00
0.00 0.00 0.00 0.00 0.00 0.00 0.00 0.00 0.00 1.04 3.45 5.23 6.90 9.59 9.68 8.66 7.19 4.86 1.91 0.00 0.00 0.00 0.00 0.00
0.00 0.00 0.00 0.00 0.00 0.00 0.00 0.00 0.00 2.13 7.63 11.70 15.26 17.89 18.34 16.45 13.74 9.38 3.85 0.00 0.00 0.00 0.00 0.00
0.00 0.00 0.00 0.00 0.00 0.00 0.00 0.00 0.00 0.76 2.07 3.16 4.13 7.22 7.40 6.59 5.28 3.56 1.38 0.00 0.00 0.00 0.00 0.00
0.00 0.00 0.00 0.00 0.00 0.00 0.00 0.00 0.00 8.01 36.11 57.59 75.40 88.14 93.30 85.16 71.75 50.44 23.28 0.00 0.00 0.00 0.00 0.00
0.00 0.00 0.00 0.00 0.00 0.00 0.00 0.00 0.00 0.57 3.45 5.78 7.81 21.14 21.64 19.67 22.37 15.19 6.03 0.00 0.00 0.00 0.00 0.00
0.00 0.00 0.00 0.00 0.00 0.00 0.00 0.00 0.00 0.14 0.86 1.44 1.96 5.31 5.35 4.92 5.08 3.46 1.40 0.00 0.00 0.00 0.00 0.00
0.00 0.00 0.00 0.00 0.00 0.00 0.00 0.00 0.00 0.21 1.61 2.64 3.51 7.67 7.89 7.22 6.31 4.32 1.79 0.00 0.00 0.00 0.00 0.00
0.00 0.00 0.00 0.00 0.00 0.00 0.00 0.00 0.00 0.34 2.57 4.22 5.62 12.27 12.63 11.55 10.09 6.91 2.87 0.00 0.00 0.00 0.00 0.00
0.00 0.00 0.00 0.00 0.00 0.00 0.00 0.00 0.00 12.82 124.00 212.50 289.32 341.66 362.68 338.43 274.66 193.20 94.71 0.00 0.00 0.00 0.00 0.00
