0.00 0.00 0.00 0.00 0.00 0.00 0.00 0.16 1.09 1.98 3.03 3.95 4.59 4.60 4.74 4.58 2.66 2.20 1.59 1.04 0.48 0.00 0.00 0.00
0.00 0.00 0.00 0.00 0.00 0.00 0.00 4.71 21.46 37.38 55.09 70.78 81.54 87.42 88.69 84.26 72.76 57.57 39.13 17.95 5.29 0.00 0.00 0.00
0.00 0.00 0.00 0.00 0.00 0.00 0.00 3.74 24.81 45.26 69.38 90.37 105.03 105.07 108.45 104.76 60.85 50.33 36.28 23.84 10.96 0.00 0.00 0.00
0.00 0.00 0.00 0.00 0.00 0.00 0.00 13.28 88.19 160.84 246.57 321.16 373.26 373.42 385.43 372.33 216.25 178.88 128.93 84.73 38.96 0.00 0.00 0.00
0.00 0.00 0.00 0.00 0.00 0.00 0.00 1.47 4.34 7.02 9.94 12.36 13.95 15.71 15.72 14.79 12.56 9.83 6.49 2.89 0.72 0.00 0.00 0.00
0.00 0.00 0.00 0.00 0.00 0.00 0.00 14.06 181.62 345.04 531.40 696.68 813.60 893.83 923.44 912.50 739.60 612.09 449.06 309.47 144.59 0.00 0.00 0.00
0.00 0.00 0.00 0.00 0.00 0.00 0.00 0.89 2.66 4.34 6.32 7.91 9.04 9.51 9.48 9.08 8.14 6.56 4.55 2.39 0.89 0.00 0.00 0.00
0.00 0.00 0.00 0.00 0.00 0.00 0.00 0.32 1.29 2.21 3.32 4.29 4.94 5.36 5.38 5.09 4.27 3.45 2.34 1.20 0.37 0.00 0.00 0.00
0.00 0.00 0.00 0.00 0.00 0.00 0.00 0.51 2.06 3.53 5.31 6.87 7.90 8.57 8.61 8.14 6.84 5.52 3.75 1.92 0.60 0.00 0.00 0.00
0.00 0.00 0.00 0.00 0.00 0.00 0.00 0.51 2.06 3.53 5.31 6.87 7.90 8.57 8.61 8.14 6.84 5.52 3.75 1.92 0.60 0.00 0.00 0.00
0.00 0.00 0.00 0.00 0.00 0.00 0.00 1.12 4.86 8.40 12.82 16.91 19.57 21.43 21.57 20.42 18.29 14.51 9.95 5.14 1.84 0.00 0.00 0.00
0.00 0.00 0.00 0.00 0.00 0.00 0.00 0.52 2.27 3.92 6.05 7.91 9.15 10.10 10.24 9.69 8.64 6.86 4.68 2.38 0.84 0.00 0.00 0.00
0.00 0.00 0.00 0.00 0.00 0.00 0.00 0.67 2.92 5.05 7.77 10.17 11.76 12.99 13.16 12.46 11.11 8.82 6.01 3.06 1.08 0.00 0.00 0.00
0.00 0.00 0.00 0.00 0.00 0.00 0.00 0.45 1.95 3.36 5.18 6.78 7.84 8.66 8.77 8.31 7.40 5.88 4.01 2.04 0.72 0.00 0.00 0.00
0.00 0.00 0.00 0.00 0.00 0.00 0.00 0.45 1.95 3.36 5.18 6.78 7.84 8.66 8.77 8.31 7.40 5.88 4.01 2.04 0.72 0.00 0.00 0.00
0.00 0.00 0.00 0.00 0.00 0.00 0.00 2.62 23.64 43.70 67.31 86.73 100.40 105.47 106.75 101.53 84.98 66.24 45.93 24.07 7.96 0.00 0.00 0.00
0.00 0.00 0.00 0.00 0.00 0.00 0.00 3.78 15.17 25.96 39.37 51.52 60.21 65.00 64.27 59.98 53.76 42.74 29.42 14.73 5.22 0.00 0.00 0.00
0.00 0.00 0.00 0.00 0.00 0.00 0.00 3.36 13.44 22.99 33.29 43.05 50.26 54.13 53.61 49.78 45.94 36.77 25.25 13.50 5.04 0.00 0.00 0.00
0.00 0.00 0.00 0.00 0.00 0.00 0.00 4.15 53.57 101.77 156.74 205.49 239.98 263.65 272.38 269.15 218.15 180.55 132.46 91.28 42.65 0.00 0.00 0.00
0.00 0.00 0.00 0.00 0.00 0.00 0.00 3.94 50.96 96.81 149.10 195.47 228.28 250.79 259.09 256.02 207.51 171.74 125.99 86.83 40.57 0.00 0.00 0.00
0.00 0.00 0.00 0.00 0.00 0.00 0.00 7.59 97.99 186.17 286.73 375.90 438.99 482.28 498.26 492.36 399.06 330.27 242.30 166.98 78.02 0.00 0.00 0.00
0.00 0.00 0.00 0.00 0.00 0.00 0.00 7.46 96.36 183.07 281.95 369.64 431.67 474.25 489.95 484.15 392.41 324.76 238.26 164.20 76.72 0.00 0.00 0.00
0.00 0.00 0.00 0.00 0.00 0.00 0.00 18.58 114.49 207.49 316.98 416.69 489.92 504.66 519.72 504.51 359.44 296.46 216.11 119.29 56.61 0.00 0.00 0.00
0.00 0.00 0.00 0.00 0.00 0.00 0.00 0.32 1.29 2.21 3.32 4.29 4.94 5.36 5.38 5.09 4.27 3.45 2.34 1.20 0.37 0.00 0.00 0.00
0.00 0.00 0.00 0.00 0.00 0.00 0.00 1.60 6.53 11.18 16.82 21.74 25.02 27.15 27.27 25.76 21.66 17.47 11.86 6.07 1.90 0.00 0.00 0.00
0.00 0.00 0.00 0.00 0.00 0.00 0.00 8.19 33.32 57.05 85.85 111.01 127.75 138.60 139.24 131.53 110.57 89.17 60.57 30.97 9.69 0.00 0.00 0.00
0.00 0.00 0.00 0.00 0.00 0.00 0.00 0.28 3.66 6.95 10.70 14.03 16.39 18.01 18.60 18.38 14.90 12.33 9.05 6.23 2.91 0.00 0.00 0.00
0.00 0.00 0.00 0.00 0.00 0.00 0.00 13.07 86.81 158.33 242.73 316.15 367.44 367.60 379.42 366.52 212.88 176.09 126.92 83.41 38.35 0.00 0.00 0.00
0.00 0.00 0.00 0.00 0.00 0.00 0.00 0.96 6.62 12.05 18.60 25.27 30.27 33.19 33.19 31.58 28.92 23.42 16.29 9.97 4.02 0.00 0.00 0.00
0.00 0.00 0.00 0.00 0.00 0.00 0.00 12.02 48.34 83.27 127.53 164.83 191.32 202.42 205.21 193.62 136.89 113.07 81.64 28.18 12.52 0.00 0.00 0.00
0.00 0.00 0.00 0.00 0.00 0.00 0.00 0.22 1.45 2.64 4.05 5.27 6.12 6.13 6.32 6.11 3.55 2.93 2.12 1.39 0.64 0.00 0.00 0.00
0.00 0.00 0.00 0.00 0.00 0.00 0.00 9.80 65.11 118.75 182.05 237.12 275.58 275.70 284.57 274.89 159.66 132.07 95.19 62.56 28.76 0.00 0.00 0.00
0.00 0.00 0.00 0.00 0.00 0.00 0.00 12.58 83.56 152.40 233.63 304.30 353.67 353.82 365.19 352.78 204.89 169.49 122.16 80.28 36.91 0.00 0.00 0.00
0.00 0.00 0.00 0.00 0.00 0.00 0.00 24.51 150.99 273.63 418.01 549.52 646.08 665.53 685.39 665.32 474.02 390.96 284.99 157.32 74.66 0.00 0.00 0.00
0.00 0.00 0.00 0.00 0.00 0.00 0.00 0.71 3.45 6.05 9.46 12.33 14.48 15.92 15.97 14.86 13.73 10.98 7.54 3.91 1.40 0.00 0.00 0.00
0.00 0.00 0.00 0.00 0.00 0.00 0.00 0.91 4.33 7.57 11.90 15.53 18.04 19.89 19.96 18.70 17.06 13.62 9.40 4.86 1.74 0.00 0.00 0.00
0.00 0.00 0.00 0.00 0.00 0.00 0.00 3.95 27.32 49.72 76.74 104.23 124.86 136.91 136.91 130.27 119.28 96.61 67.21 41.14 16.60 0.00 0.00 0.00
0.00 0.00 0.00 0.00 0.00 0.00 0.00 15.77 88.99 160.98 282.29 378.58 454.76 504.28 515.28 492.99 457.46 378.95 275.14 163.40 85.06 5.88 0.00 0.00
0.00 0.00 0.00 0.00 0.00 0.00 0.00 0.33 1.25 2.11 3.11 4.06 4.72 5.16 5.12 4.73 4.21 3.35 2.31 1.15 0.40 0.00 0.00 0.00
0.00 0.00 0.00 0.00 0.00 0.00 0.00 4.48 23.26 41.40 62.42 81.74 94.50 97.82 99.60 95.17 67.41 55.79 39.93 20.03 9.11 0.00 0.00 0.00
0.00 0.00 0.00 0.00 0.00 0.00 0.00 0.00 5.69 11.37 17.55 23.67 28.05 28.77 29.42 28.45 18.07 14.97 10.98 8.48 4.07 0.00 0.00 0.00
0.00 0.00 0.00 0.00 0.00 0.00 0.00 1.05 3.01 4.87 7.24 9.12 10.29 10.97 10.82 10.31 8.91 7.06 4.95 2.63 0.96 0.00 0.00 0.00
0.00 0.00 0.00 0.00 0.00 0.00 0.00 0.52 1.51 2.44 3.62 4.56 5.15 5.48 5.41 5.15 4.45 3.53 2.47 1.31 0.48 0.00 0.00 0.00
0.00 0.00 0.00 0.00 0.00 0.00 0.00 1.15 3.29 5.33 7.92 9.97 11.26 12.00 11.83 11.27 9.74 7.72 5.41 2.87 1.05 0.00 0.00 0.00
0.00 0.00 0.00 0.00 0.00 0.00 0.00 1.39 4.08 6.63 9.66 12.18 13.84 14.53 14.27 13.59 12.38 9.95 6.89 3.47 1.25 0.00 0.00 0.00
0.00 0.00 0.00 0.00 0.00 0.00 0.00 2.11 6.22 10.10 14.72 18.56 21.09 22.14 21.74 20.71 18.86 15.17 10.50 5.29 1.90 0.00 0.00 0.00
0.00 0.00 0.00 0.00 0.00 0.00 0.00 1.82 5.51 9.01 12.96 16.09 18.44 19.40 19.42 18.43 16.78 13.33 9.37 4.89 1.82 0.00 0.00 0.00
0.00 0.00 0.00 0.00 0.00 0.00 0.00 0.95 3.26 5.48 9.64 12.59 14.61 16.35 16.32 15.59 12.79 10.34 7.36 2.77 1.20 0.00 0.00 0.00
0.00 0.00 0.00 0.00 0.00 0.00 0.00 2.45 8.42 14.16 24.91 32.53 37.74 42.24 42.17 40.28 33.03 26.71 19.00 7.16 3.10 0.00 0.00 0.00
0.00 0.00 0.00 0.00 0.00 0.00 0.00 0.72 2.73 4.66 7.08 9.15 10.62 11.13 11.04 10.42 8.74 7.06 5.05 1.51 0.65 0.00 0.00 0.00
0.00 0.00 0.00 0.00 0.00 0.00 0.00 1.63 5.62 9.39 13.90 17.89 20.50 22.43 22.27 20.80 19.00 15.33 10.58 5.02 1.68 0.00 0.00 0.00
0.00 0.00 0.00 0.00 0.00 0.00 0.00 3.09 10.05 16.60 23.92 30.42 34.79 36.79 37.12 34.74 31.84 25.18 17.26 8.57 3.03 0.00 0.00 0.00
0.00 0.00 0.00 0.00 0.00 0.00 0.00 0.47 1.38 2.23 3.18 3.93 4.36 4.92 4.86 4.50 4.03 3.18 2.17 0.99 0.26 0.00 0.00 0.00
0.00 0.00 0.00 0.00 0.00 0.00 0.00 2.19 7.29 12.06 17.68 22.31 25.08 28.78 28.35 26.68 22.84 18.43 12.67 5.94 1.69 0.00 0.00 0.00
0.00 0.00 0.00 0.00 0.00 0.00 0.00 1.62 5.07 8.30 11.96 14.93 16.65 19.01 18.57 17.83 15.38 12.31 8.41 3.87 1.05 0.00 0.00 0.00
0.00 0.00 0.00 0.00 0.00 0.00 0.00 2.24 7.00 11.46 16.51 20.60 22.97 26.24 25.63 24.60 21.22 16.99 11.61 5.35 1.45 0.00 0.00 0.00
0.00 0.00 0.00 0.00 0.00 0.00 0.00 1.52 4.77 7.80 11.25 14.03 15.65 17.87 17.46 16.76 14.45 11.57 7.91 3.64 0.99 0.00 0.00 0.00
0.00 0.00 0.00 0.00 0.00 0.00 0.00 1.17 3.89 6.43 9.43 11.90 13.37 15.35 15.12 14.23 12.18 9.83 6.76 3.17 0.90 0.00 0.00 0.00
0.00 0.00 0.00 0.00 0.00 0.00 0.00 1.25 3.77 6.14 8.88 11.06 12.43 14.33 14.40 13.68 11.36 8.96 5.94 2.71 0.68 0.00 0.00 0.00
0.00 0.00 0.00 0.00 0.00 0.00 0.00 0.91 3.69 6.32 9.51 12.30 14.16 15.36 15.43 14.58 12.25 9.88 6.71 3.43 1.07 0.00 0.00 0.00
0.00 0.00 0.00 0.00 0.00 0.00 0.00 3.41 30.76 56.88 87.61 112.89 130.68 137.27 138.95 132.15 110.61 86.21 59.78 31.33 10.36 0.00 0.00 0.00
0.00 0.00 0.00 0.00 0.00 0.00 0.00 1.27 5.51 9.52 14.53 19.17 22.17 24.28 24.45 23.14 20.73 16.44 11.28 5.83 2.09 0.00 0.00 0.00
0.00 0.00 0.00 0.00 0.00 0.00 0.00 2.21 8.54 14.49 21.49 27.81 32.35 35.91 35.56 33.26 27.95 21.94 15.03 7.55 2.56 0.00 0.00 0.00
0.00 0.00 0.00 0.00 0.00 0.00 0.00 1.01 3.91 6.64 9.85 12.75 14.82 16.46 16.30 15.24 12.81 10.06 6.89 3.46 1.18 0.00 0.00 0.00
0.00 0.00 0.00 0.00 0.00 0.00 0.00 1.62 6.92 11.95 18.05 23.78 27.57 29.96 30.11 28.43 25.49 20.25 13.87 7.18 2.57 0.00 0.00 0.00
0.00 0.00 0.00 0.00 0.00 0.00 0.00 0.80 3.03 5.13 7.54 9.85 11.46 12.54 12.43 11.50 10.23 8.13 5.61 2.79 0.97 0.00 0.00 0.00
0.00 0.00 0.00 0.00 0.00 0.00 0.00 4.09 28.28 51.47 79.45 107.92 129.27 141.75 141.75 134.88 123.50 100.02 69.59 42.59 17.18 0.00 0.00 0.00
0.00 0.00 0.00 0.00 0.00 0.00 0.00 2.88 11.56 19.91 30.50 39.42 45.75 48.40 49.07 46.30 32.74 27.04 19.52 6.74 2.99 0.00 0.00 0.00
0.00 0.00 0.00 0.00 0.00 0.00 0.00 0.63 2.64 4.57 6.93 8.94 10.39 11.04 11.12 10.47 7.92 6.45 4.65 1.90 0.84 0.00 0.00 0.00
0.00 0.00 0.00 0.00 0.00 0.00 0.00 0.77 3.42 5.97 8.75 11.29 13.01 13.64 13.64 13.00 10.21 8.43 6.11 2.44 1.05 0.00 0.00 0.00
0.00 0.00 0.00 0.00 0.00 0.00 0.00 1.23 5.48 9.55 14.00 18.07 20.82 21.83 21.82 20.80 16.34 13.50 9.77 3.91 1.69 0.00 0.00 0.00
0.00 0.00 0.00 0.00 0.00 0.00 0.00 7.71 99.63 189.28 291.51 382.17 446.31 490.32 506.56 500.56 405.71 335.77 246.33 169.76 79.32 0.00 0.00 0.00
