0.00 0.00 0.00 0.00 0.00 0.00 0.00 0.00 0.00 1.00 2.06 3.16 4.08 4.23 4.40 4.22 3.63 2.79 1.72 0.55 0.00 0.00 0.00 0.00
0.00 0.00 0.00 0.00 0.00 0.00 0.00 0.00 0.96 4.30 8.40 12.16 15.20 20.77 21.24 20.59 13.28 9.84 6.01 2.60 0.00 0.00 0.00 0.00
0.00 0.00 0.00 0.00 0.00 0.00 0.00 0.00 0.06 22.91 47.11 72.17 93.38 96.77 100.57 96.51 83.01 63.88 39.35 12.55 0.00 0.00 0.00 0.00
0.00 0.00 0.00 0.00 0.00 0.00 0.00 0.00 0.22 81.42 167.44 256.48 331.87 343.93 357.42 342.98 295.01 227.01 139.86 44.60 0.00 0.00 0.00 0.00
0.00 0.00 0.00 0.00 0.00 0.00 0.00 0.00 1.05 3.39 5.87 8.72 10.67 9.26 9.29 8.52 3.36 2.43 1.48 0.27 0.00 0.00 0.00 0.00
0.00 0.00 0.00 0.00 0.00 0.00 0.00 0.00 0.00 151.45 364.37 568.17 731.09 900.41 960.74 932.49 763.06 591.58 378.08 128.35 0.00 0.00 0.00 0.00
0.00 0.00 0.00 0.00 0.00 0.00 0.00 0.00 0.56 2.40 4.33 6.31 7.66 8.46 8.43 7.94 6.86 5.14 3.17 0.78 0.00 0.00 0.00 0.00
0.00 0.00 0.00 0.00 0.00 0.00 0.00 0.00 0.14 0.64 0.59 0.86 1.12 1.38 1.41 1.38 1.36 1.00 0.61 0.25 0.00 0.00 0.00 0.00
0.00 0.00 0.00 0.00 0.00 0.00 0.00 0.00 0.23 1.02 0.95 1.38 1.79 2.21 2.25 2.21 2.17 1.61 0.98 0.40 0.00 0.00 0.00 0.00
0.00 0.00 0.00 0.00 0.00 0.00 0.00 0.00 0.23 1.02 0.95 1.38 1.79 2.21 2.25 2.21 2.17 1.61 0.98 0.40 0.00 0.00 0.00 0.00
0.00 0.00 0.00 0.00 0.00 0.00 0.00 0.00 0.61 3.37 5.12 7.65 10.00 7.26 7.55 7.30 6.46 4.92 3.05 1.20 0.00 0.00 0.00 0.00
0.00 0.00 0.00 0.00 0.00 0.00 0.00 0.00 0.29 1.56 2.00 3.00 3.94 3.05 3.09 3.00 3.06 2.33 1.41 0.57 0.00 0.00 0.00 0.00
0.00 0.00 0.00 0.00 0.00 0.00 0.00 0.00 0.37 2.01 2.57 3.86 5.07 3.92 3.98 3.86 3.94 3.00 1.81 0.73 0.00 0.00 0.00 0.00
0.00 0.00 0.00 0.00 0.00 0.00 0.00 0.00 0.25 1.34 1.71 2.57 3.38 2.62 2.65 2.57 2.63 2.00 1.21 0.49 0.00 0.00 0.00 0.00
0.00 0.00 0.00 0.00 0.00 0.00 0.00 0.00 0.25 1.34 1.71 2.57 3.38 2.62 2.65 2.57 2.63 2.00 1.21 0.49 0.00 0.00 0.00 0.00
0.00 0.00 0.00 0.00 0.00 0.00 0.00 0.00 1.09 7.37 14.31 22.46 29.94 39.27 40.76 39.34 40.60 30.60 17.96 7.79 0.00 0.00 0.00 0.00
0.00 0.00 0.00 0.00 0.00 0.00 0.00 0.00 2.11 10.82 18.80 27.94 36.14 29.69 30.48 28.86 19.90 15.26 9.21 3.39 0.00 0.00 0.00 0.00
0.00 0.00 0.00 0.00 0.00 0.00 0.00 0.00 2.03 11.35 19.77 28.89 36.84 38.11 38.70 37.18 25.28 19.24 12.02 3.15 0.00 0.00 0.00 0.00
0.00 0.00 0.00 0.00 0.00 0.00 0.00 0.00 0.00 44.67 107.48 167.59 215.64 265.59 283.38 275.05 225.08 174.49 111.52 37.86 0.00 0.00 0.00 0.00
0.00 0.00 0.00 0.00 0.00 0.00 0.00 0.00 0.00 42.49 102.23 159.41 205.12 252.63 269.56 261.63 214.10 165.98 106.08 36.01 0.00 0.00 0.00 0.00
0.00 0.00 0.00 0.00 0.00 0.00 0.00 0.00 0.00 81.72 196.60 306.57 394.47 485.83 518.38 503.14 411.73 319.20 204.00 69.25 0.00 0.00 0.00 0.00
0.00 0.00 0.00 0.00 0.00 0.00 0.00 0.00 0.00 80.36 193.33 301.46 387.90 477.74 509.74 494.76 404.86 313.88 200.60 68.10 0.00 0.00 0.00 0.00
0.00 0.00 0.00 0.00 0.00 0.00 0.00 0.00 0.00 97.10 203.18 315.49 411.80 413.78 421.49 399.75 322.35 244.91 154.00 48.39 0.00 0.00 0.00 0.00
0.00 0.00 0.00 0.00 0.00 0.00 0.00 0.00 0.14 0.64 0.59 0.86 1.12 1.38 1.41 1.38 1.36 1.00 0.61 0.25 0.00 0.00 0.00 0.00
0.00 0.00 0.00 0.00 0.00 0.00 0.00 0.00 0.73 3.24 3.00 4.38 5.67 7.01 7.12 7.01 6.87 5.08 3.11 1.27 0.00 0.00 0.00 0.00
0.00 0.00 0.00 0.00 0.00 0.00 0.00 0.00 3.73 16.53 15.31 22.35 28.97 35.77 36.37 35.78 35.07 25.95 15.86 6.50 0.00 0.00 0.00 0.00
0.00 0.00 0.00 0.00 0.00 0.00 0.00 0.00 0.00 3.05 7.34 11.45 14.73 18.14 19.35 18.78 15.37 11.92 7.62 2.59 0.00 0.00 0.00 0.00
0.00 0.00 0.00 0.00 0.00 0.00 0.00 0.00 0.21 80.15 164.83 252.48 326.70 338.57 351.85 337.64 290.41 223.47 137.68 43.90 0.00 0.00 0.00 0.00
0.00 0.00 0.00 0.00 0.00 0.00 0.00 0.00 0.48 5.39 6.63 10.11 13.77 12.32 12.90 12.64 12.13 9.45 6.16 2.63 0.00 0.00 0.00 0.00
0.00 0.00 0.00 0.00 0.00 0.00 0.00 0.00 3.92 43.11 67.87 102.54 131.69 149.98 156.19 149.69 128.46 97.04 59.91 16.13 0.00 0.00 0.00 0.00
0.00 0.00 0.00 0.00 0.00 0.00 0.00 0.00 0.00 1.34 2.75 4.21 5.44 5.64 5.86 5.63 4.84 3.72 2.29 0.73 0.00 0.00 0.00 0.00
0.00 0.00 0.00 0.00 0.00 0.00 0.00 0.00 0.16 60.11 123.62 189.36 245.02 253.93 263.89 253.23 217.81 167.60 103.26 32.93 0.00 0.00 0.00 0.00
0.00 0.00 0.00 0.00 0.00 0.00 0.00 0.00 0.20 77.15 158.65 243.01 314.45 325.87 338.65 324.97 279.52 215.09 132.52 42.25 0.00 0.00 0.00 0.00
0.00 0.00 0.00 0.00 0.00 0.00 0.00 0.00 0.00 128.05 267.94 416.05 543.06 545.67 555.84 527.17 425.10 322.98 203.09 63.81 0.00 0.00 0.00 0.00
0.00 0.00 0.00 0.00 0.00 0.00 0.00 0.00 0.26 1.55 2.09 3.16 4.14 5.18 5.33 5.19 5.05 3.82 2.34 1.00 0.00 0.00 0.00 0.00
0.00 0.00 0.00 0.00 0.00 0.00 0.00 0.00 0.41 2.35 2.84 4.19 5.52 6.01 6.16 5.97 6.25 4.73 2.89 1.25 0.00 0.00 0.00 0.00
0.00 0.00 0.00 0.00 0.00 0.00 0.00 0.00 1.96 22.22 27.36 41.69 56.79 50.81 53.22 52.13 50.04 38.99 25.41 10.83 0.00 0.00 0.00 0.00
0.00 0.00 0.00 0.00 0.00 0.00 0.00 0.00 0.00 92.61 209.22 326.07 430.38 501.20 517.64 497.57 436.94 349.30 223.70 74.20 0.00 0.00 0.00 0.00
0.00 0.00 0.00 0.00 0.00 0.00 0.00 0.00 0.20 0.95 1.68 2.53 3.25 2.84 2.94 2.81 1.70 1.29 0.79 0.26 0.00 0.00 0.00 0.00
0.00 0.00 0.00 0.00 0.00 0.00 0.00 0.00 0.74 19.78 39.01 60.15 77.51 90.42 92.96 88.93 73.79 55.89 34.93 11.21 0.00 0.00 0.00 0.00
0.00 0.00 0.00 0.00 0.00 0.00 0.00 0.00 0.00 6.36 14.61 22.50 29.83 33.90 34.43 33.63 29.40 22.74 14.87 5.29 0.00 0.00 0.00 0.00
0.00 0.00 0.00 0.00 0.00 0.00 0.00 0.00 0.68 2.77 4.97 7.28 9.02 10.04 9.93 9.15 7.57 5.73 3.58 0.87 0.00 0.00 0.00 0.00
0.00 0.00 0.00 0.00 0.00 0.00 0.00 0.00 0.34 1.38 2.48 3.64 4.51 5.02 4.97 4.57 3.79 2.87 1.79 0.43 0.00 0.00 0.00 0.00
0.00 0.00 0.00 0.00 0.00 0.00 0.00 0.00 0.75 3.03 5.43 7.96 9.86 10.99 10.87 10.01 8.28 6.27 3.91 0.95 0.00 0.00 0.00 0.00
0.00 0.00 0.00 0.00 0.00 0.00 0.00 0.00 0.90 3.67 6.53 9.68 11.77 12.90 12.81 12.00 10.08 7.66 4.73 1.32 0.00 0.00 0.00 0.00
0.00 0.00 0.00 0.00 0.00 0.00 0.00 0.00 1.37 5.59 9.94 14.75 17.93 19.65 19.52 18.29 15.36 11.66 7.20 2.01 0.00 0.00 0.00 0.00
0.00 0.00 0.00 0.00 0.00 0.00 0.00 0.00 1.11 4.86 8.75 12.80 15.47 17.06 17.15 16.24 13.89 10.60 6.56 1.69 0.00 0.00 0.00 0.00
0.00 0.00 0.00 0.00 0.00 0.00 0.00 0.00 0.51 3.70 6.86 10.10 12.59 13.96 14.57 14.02 11.62 8.79 5.32 1.44 0.00 0.00 0.00 0.00
0.00 0.00 0.00 0.00 0.00 0.00 0.00 0.00 1.32 9.56 17.71 26.09 32.52 36.06 37.65 36.22 30.03 22.72 13.74 3.73 0.00 0.00 0.00 0.00
0.00 0.00 0.00 0.00 0.00 0.00 0.00 0.00 0.29 2.37 3.66 5.48 7.12 8.51 8.77 8.28 8.14 6.14 3.79 0.96 0.00 0.00 0.00 0.00
0.00 0.00 0.00 0.00 0.00 0.00 0.00 0.00 1.08 4.64 8.09 11.93 14.93 14.90 15.38 14.78 8.02 6.09 3.80 1.02 0.00 0.00 0.00 0.00
0.00 0.00 0.00 0.00 0.00 0.00 0.00 0.00 2.00 8.70 15.40 22.14 27.27 30.68 31.16 29.66 25.72 19.43 11.83 3.47 0.00 0.00 0.00 0.00
0.00 0.00 0.00 0.00 0.00 0.00 0.00 0.00 0.35 1.14 1.91 2.76 3.40 2.76 2.76 2.62 1.26 0.93 0.57 0.13 0.00 0.00 0.00 0.00
0.00 0.00 0.00 0.00 0.00 0.00 0.00 0.00 1.54 5.63 8.60 12.66 16.27 7.68 7.79 7.40 6.28 4.69 2.89 0.86 0.00 0.00 0.00 0.00
0.00 0.00 0.00 0.00 0.00 0.00 0.00 0.00 1.14 3.92 6.90 9.97 12.50 7.12 7.05 6.68 3.93 2.90 1.77 0.46 0.00 0.00 0.00 0.00
0.00 0.00 0.00 0.00 0.00 0.00 0.00 0.00 1.57 5.42 9.53 13.76 17.24 9.83 9.74 9.22 5.42 4.00 2.44 0.63 0.00 0.00 0.00 0.00
0.00 0.00 0.00 0.00 0.00 0.00 0.00 0.00 1.07 3.69 6.49 9.37 11.75 6.70 6.63 6.28 3.69 2.73 1.66 0.43 0.00 0.00 0.00 0.00
0.00 0.00 0.00 0.00 0.00 0.00 0.00 0.00 0.82 3.00 4.59 6.75 8.68 4.10 4.15 3.95 3.35 2.50 1.54 0.46 0.00 0.00 0.00 0.00
0.00 0.00 0.00 0.00 0.00 0.00 0.00 0.00 0.94 3.09 5.30 7.69 9.52 7.26 7.36 6.81 2.86 2.10 1.28 0.28 0.00 0.00 0.00 0.00
0.00 0.00 0.00 0.00 0.00 0.00 0.00 0.00 0.41 1.83 1.70 2.48 3.21 3.96 4.03 3.96 3.89 2.88 1.76 0.72 0.00 0.00 0.00 0.00
0.00 0.00 0.00 0.00 0.00 0.00 0.00 0.00 1.42 9.60 18.62 29.23 38.96 51.11 53.06 51.21 52.85 39.83 23.37 10.13 0.00 0.00 0.00 0.00
0.00 0.00 0.00 0.00 0.00 0.00 0.00 0.00 0.70 3.82 5.80 8.67 11.33 8.23 8.56 8.27 7.32 5.58 3.46 1.37 0.00 0.00 0.00 0.00
0.00 0.00 0.00 0.00 0.00 0.00 0.00 0.00 1.22 5.73 6.81 10.25 13.56 10.03 10.06 9.69 9.75 7.38 4.64 1.77 0.00 0.00 0.00 0.00
0.00 0.00 0.00 0.00 0.00 0.00 0.00 0.00 0.56 2.63 3.12 4.70 6.21 4.60 4.61 4.44 4.47 3.38 2.13 0.81 0.00 0.00 0.00 0.00
0.00 0.00 0.00 0.00 0.00 0.00 0.00 0.00 0.86 4.70 7.90 11.77 15.23 11.04 11.53 11.09 8.97 6.87 4.32 1.65 0.00 0.00 0.00 0.00
0.00 0.00 0.00 0.00 0.00 0.00 0.00 0.00 0.48 2.31 4.09 6.14 7.88 6.89 7.14 6.83 4.14 3.14 1.93 0.63 0.00 0.00 0.00 0.00
0.00 0.00 0.00 0.00 0.00 0.00 0.00 0.00 2.03 23.00 28.33 43.16 58.80 52.60 55.10 53.98 51.81 40.36 26.31 11.22 0.00 0.00 0.00 0.00
0.00 0.00 0.00 0.00 0.00 0.00 0.00 0.00 0.94 10.31 16.23 24.52 31.49 35.87 37.35 35.79 30.72 23.21 14.33 3.86 0.00 0.00 0.00 0.00
0.00 0.00 0.00 0.00 0.00 0.00 0.00 0.00 0.20 2.23 3.77 5.76 7.42 9.14 9.42 9.13 7.89 5.88 3.64 0.93 0.00 0.00 0.00 0.00
0.00 0.00 0.00 0.00 0.00 0.00 0.00 0.00 0.28 2.88 5.57 8.41 10.77 12.62 13.02 12.53 10.63 8.03 5.00 1.36 0.00 0.00 0.00 0.00
0.00 0.00 0.00 0.00 0.00 0.00 0.00 0.00 0.44 4.60 8.91 13.46 17.22 20.19 20.83 20.05 17.01 12.85 8.00 2.17 0.00 0.00 0.00 0.00
0.00 0.00 0.00 0.00 0.00 0.00 0.00 0.00 0.00 83.08 199.88 311.67 401.05 493.93 527.02 511.53 418.59 324.52 207.40 70.41 0.00 0.00 0.00 0.00
