0.00 0.00 0.00 0.00 0.00 0.00 0.00 0.00 0.00 0.41 1.32 2.07 2.75 2.21 2.28 2.08 0.91 0.60 0.25 0.00 0.00 0.00 0.00 0.00
0.00 0.00 0.00 0.00 0.00 0.00 0.00 0.00 0.00 9.56 20.48 30.23 37.57 30.20 29.46 26.46 20.65 13.42 4.79 0.00 0.00 0.00 0.00 0.00
0.00 0.00 0.00 0.00 0.00 0.00 0.00 0.00 0.00 9.45 30.17 47.28 62.77 50.64 52.15 47.55 20.86 13.82 5.68 0.00 0.00 0.00 0.00 0.00
0.00 0.00 0.00 0.00 0.00 0.00 0.00 0.00 0.00 33.57 107.21 168.02 223.09 179.98 185.34 168.99 74.14 49.12 20.17 0.00 0.00 0.00 0.00 0.00
0.00 0.00 0.00 0.00 0.00 0.00 0.00 0.00 0.05 2.35 5.04 7.29 8.62 6.48 6.31 5.61 3.42 2.09 0.50 0.00 0.00 0.00 0.00 0.00
0.00 0.00 0.00 0.00 0.00 0.00 0.00 0.00 0.00 73.95 228.38 360.13 488.68 323.95 336.39 311.46 168.12 108.43 48.34 0.00 0.00 0.00 0.00 0.00
0.00 0.00 0.00 0.00 0.00 0.00 0.00 0.00 0.00 1.08 2.69 4.23 5.24 5.23 5.20 4.58 2.23 1.37 0.34 0.00 0.00 0.00 0.00 0.00
0.00 0.00 0.00 0.00 0.00 0.00 0.00 0.00 0.00 0.59 1.20 1.80 2.21 2.63 2.62 2.33 1.79 1.15 0.39 0.00 0.00 0.00 0.00 0.00
0.00 0.00 0.00 0.00 0.00 0.00 0.00 0.00 0.00 0.95 1.92 2.88 3.53 4.21 4.20 3.73 2.86 1.84 0.63 0.00 0.00 0.00 0.00 0.00
0.00 0.00 0.00 0.00 0.00 0.00 0.00 0.00 0.00 0.95 1.92 2.88 3.53 4.21 4.20 3.73 2.86 1.84 0.63 0.00 0.00 0.00 0.00 0.00
0.00 0.00 0.00 0.00 0.00 0.00 0.00 0.00 0.00 2.13 3.03 4.64 6.03 7.28 7.39 6.74 5.85 3.80 1.34 0.00 0.00 0.00 0.00 0.00
0.00 0.00 0.00 0.00 0.00 0.00 0.00 0.00 0.00 0.99 1.40 2.16 2.83 3.63 3.66 3.34 2.79 1.81 0.64 0.00 0.00 0.00 0.00 0.00
0.00 0.00 0.00 0.00 0.00 0.00 0.00 0.00 0.00 1.27 1.80 2.78 3.64 4.67 4.71 4.29 3.59 2.33 0.82 0.00 0.00 0.00 0.00 0.00
0.00 0.00 0.00 0.00 0.00 0.00 0.00 0.00 0.00 0.85 1.20 1.85 2.43 3.11 3.14 2.86 2.40 1.55 0.55 0.00 0.00 0.00 0.00 0.00
0.00 0.00 0.00 0.00 0.00 0.00 0.00 0.00 0.00 0.85 1.20 1.85 2.43 3.11 3.14 2.86 2.40 1.55 0.55 0.00 0.00 0.00 0.00 0.00
0.00 0.00 0.00 0.00 0.00 0.00 0.00 0.00 0.00 9.45 29.53 46.54 60.14 51.04 53.33 48.79 27.63 17.55 7.43 0.00 0.00 0.00 0.00 0.00
0.00 0.00 0.00 0.00 0.00 0.00 0.00 0.00 0.00 6.85 10.88 16.34 21.48 20.30 20.90 18.92 17.27 11.14 3.76 0.00 0.00 0.00 0.00 0.00
0.00 0.00 0.00 0.00 0.00 0.00 0.00 0.00 0.00 5.75 12.66 19.07 25.15 13.40 13.28 12.03 12.95 8.37 2.83 0.00 0.00 0.00 0.00 0.00
0.00 0.00 0.00 0.00 0.00 0.00 0.00 0.00 0.00 21.81 67.36 106.23 144.14 95.55 99.22 91.87 49.59 31.98 14.26 0.00 0.00 0.00 0.00 0.00
0.00 0.00 0.00 0.00 0.00 0.00 0.00 0.00 0.00 20.75 64.08 101.04 137.11 90.89 94.38 87.39 47.17 30.42 13.56 0.00 0.00 0.00 0.00 0.00
0.00 0.00 0.00 0.00 0.00 0.00 0.00 0.00 0.00 39.90 123.23 194.32 263.68 174.79 181.51 168.05 90.71 58.50 26.08 0.00 0.00 0.00 0.00 0.00
0.00 0.00 0.00 0.00 0.00 0.00 0.00 0.00 0.00 39.24 121.17 191.08 259.28 171.88 178.48 165.25 89.20 57.53 25.65 0.00 0.00 0.00 0.00 0.00
0.00 0.00 0.00 0.00 0.00 0.00 0.00 0.00 0.00 40.79 142.03 221.21 298.87 308.57 315.93 287.59 122.72 81.22 32.95 0.00 0.00 0.00 0.00 0.00
0.00 0.00 0.00 0.00 0.00 0.00 0.00 0.00 0.00 0.59 1.20 1.80 2.21 2.63 2.62 2.33 1.79 1.15 0.39 0.00 0.00 0.00 0.00 0.00
0.00 0.00 0.00 0.00 0.00 0.00 0.00 0.00 0.00 3.00 6.07 9.11 11.17 13.33 13.29 11.81 9.05 5.84 1.98 0.00 0.00 0.00 0.00 0.00
0.00 0.00 0.00 0.00 0.00 0.00 0.00 0.00 0.00 15.32 30.97 46.51 57.04 68.04 67.87 60.29 46.20 29.82 10.11 0.00 0.00 0.00 0.00 0.00
0.00 0.00 0.00 0.00 0.00 0.00 0.00 0.00 0.00 1.49 4.60 7.25 9.84 6.53 6.78 6.27 3.39 2.18 0.97 0.00 0.00 0.00 0.00 0.00
0.00 0.00 0.00 0.00 0.00 0.00 0.00 0.00 0.00 33.05 105.54 165.40 219.61 177.17 182.45 166.35 72.98 48.35 19.86 0.00 0.00 0.00 0.00 0.00
0.00 0.00 0.00 0.00 0.00 0.00 0.00 0.00 0.00 1.99 3.49 5.38 7.15 12.35 12.58 11.72 11.73 7.96 3.26 0.00 0.00 0.00 0.00 0.00
0.00 0.00 0.00 0.00 0.00 0.00 0.00 0.00 0.00 18.42 56.20 86.64 112.58 119.17 118.82 105.41 57.90 37.74 12.97 0.00 0.00 0.00 0.00 0.00
0.00 0.00 0.00 0.00 0.00 0.00 0.00 0.00 0.00 0.55 1.76 2.76 3.66 2.95 3.04 2.77 1.22 0.81 0.33 0.00 0.00 0.00 0.00 0.00
0.00 0.00 0.00 0.00 0.00 0.00 0.00 0.00 0.00 24.79 79.15 124.05 164.71 132.88 136.84 124.77 54.74 36.27 14.89 0.00 0.00 0.00 0.00 0.00
0.00 0.00 0.00 0.00 0.00 0.00 0.00 0.00 0.00 31.81 101.58 159.20 211.37 170.53 175.61 160.12 70.24 46.54 19.11 0.00 0.00 0.00 0.00 0.00
0.00 0.00 0.00 0.00 0.00 0.00 0.00 0.00 0.00 53.79 187.31 291.73 394.14 406.92 416.63 379.26 161.84 107.10 43.45 0.00 0.00 0.00 0.00 0.00
0.00 0.00 0.00 0.00 0.00 0.00 0.00 0.00 0.00 1.10 2.23 3.50 4.57 6.64 6.77 6.14 4.47 2.91 1.08 0.00 0.00 0.00 0.00 0.00
0.00 0.00 0.00 0.00 0.00 0.00 0.00 0.00 0.00 1.55 2.72 4.28 5.62 8.04 8.17 7.43 5.57 3.63 1.33 0.00 0.00 0.00 0.00 0.00
0.00 0.00 0.00 0.00 0.00 0.00 0.00 0.00 0.00 8.20 14.38 22.18 29.49 50.96 51.87 48.36 48.38 32.82 13.46 0.00 0.00 0.00 0.00 0.00
0.00 0.00 0.00 0.00 0.00 0.00 0.00 0.00 0.00 26.39 135.42 218.70 301.21 334.19 349.02 317.56 231.08 155.36 62.27 0.00 0.00 0.00 0.00 0.00
0.00 0.00 0.00 0.00 0.00 0.00 0.00 0.00 0.00 0.56 1.06 1.60 2.04 1.48 1.51 1.37 1.24 0.80 0.26 0.00 0.00 0.00 0.00 0.00
0.00 0.00 0.00 0.00 0.00 0.00 0.00 0.00 0.00 8.30 26.61 41.46 55.07 52.75 54.15 48.56 19.01 12.53 4.83 0.00 0.00 0.00 0.00 0.00
0.00 0.00 0.00 0.00 0.00 0.00 0.00 0.00 0.00 2.59 6.84 10.88 14.50 9.04 9.50 8.73 6.06 3.95 1.90 0.00 0.00 0.00 0.00 0.00
0.00 0.00 0.00 0.00 0.00 0.00 0.00 0.00 0.00 1.32 3.24 4.87 6.07 6.19 6.10 5.46 2.94 1.78 0.41 0.00 0.00 0.00 0.00 0.00
0.00 0.00 0.00 0.00 0.00 0.00 0.00 0.00 0.00 0.66 1.62 2.43 3.03 3.10 3.05 2.73 1.47 0.89 0.20 0.00 0.00 0.00 0.00 0.00
0.00 0.00 0.00 0.00 0.00 0.00 0.00 0.00 0.00 1.44 3.55 5.33 6.64 6.77 6.67 5.97 3.21 1.95 0.44 0.00 0.00 0.00 0.00 0.00
0.00 0.00 0.00 0.00 0.00 0.00 0.00 0.00 0.00 1.72 4.18 6.26 7.86 7.59 7.60 6.80 3.10 1.90 0.45 0.00 0.00 0.00 0.00 0.00
0.00 0.00 0.00 0.00 0.00 0.00 0.00 0.00 0.00 2.62 6.37 9.55 11.98 11.57 11.58 10.36 4.73 2.89 0.69 0.00 0.00 0.00 0.00 0.00
0.00 0.00 0.00 0.00 0.00 0.00 0.00 0.00 0.00 2.18 5.46 8.45 10.63 10.46 10.41 9.08 4.20 2.59 0.65 0.00 0.00 0.00 0.00 0.00
0.00 0.00 0.00 0.00 0.00 0.00 0.00 0.00 0.00 1.59 4.66 7.11 9.15 9.62 9.61 8.45 5.73 3.64 1.10 0.00 0.00 0.00 0.00 0.00
0.00 0.00 0.00 0.00 0.00 0.00 0.00 0.00 0.00 4.12 12.03 18.37 23.65 24.86 24.84 21.83 14.80 9.41 2.84 0.00 0.00 0.00 0.00 0.00
0.00 0.00 0.00 0.00 0.00 0.00 0.00 0.00 0.00 1.05 3.06 4.67 6.04 6.20 6.22 5.48 2.41 1.56 0.51 0.00 0.00 0.00 0.00 0.00
0.00 0.00 0.00 0.00 0.00 0.00 0.00 0.00 0.00 2.56 5.52 8.33 10.75 6.70 6.76 6.07 4.88 3.09 0.92 0.00 0.00 0.00 0.00 0.00
0.00 0.00 0.00 0.00 0.00 0.00 0.00 0.00 0.00 4.18 10.11 15.19 18.97 14.83 15.25 14.02 7.44 4.65 1.30 0.00 0.00 0.00 0.00 0.00
0.00 0.00 0.00 0.00 0.00 0.00 0.00 0.00 0.00 0.68 1.48 2.12 2.57 1.97 1.96 1.72 1.15 0.70 0.16 0.00 0.00 0.00 0.00 0.00
0.00 0.00 0.00 0.00 0.00 0.00 0.00 0.00 0.00 3.88 7.53 11.05 13.23 11.99 11.80 10.38 8.24 5.17 1.48 0.00 0.00 0.00 0.00 0.00
0.00 0.00 0.00 0.00 0.00 0.00 0.00 0.00 0.00 2.63 5.17 7.64 9.05 7.54 7.30 6.41 4.84 3.00 0.79 0.00 0.00 0.00 0.00 0.00
0.00 0.00 0.00 0.00 0.00 0.00 0.00 0.00 0.00 3.63 7.13 10.54 12.49 10.41 10.07 8.85 6.68 4.14 1.09 0.00 0.00 0.00 0.00 0.00
0.00 0.00 0.00 0.00 0.00 0.00 0.00 0.00 0.00 2.47 4.86 7.18 8.51 7.09 6.86 6.03 4.55 2.82 0.74 0.00 0.00 0.00 0.00 0.00
0.00 0.00 0.00 0.00 0.00 0.00 0.00 0.00 0.00 2.07 4.02 5.89 7.06 6.39 6.30 5.53 4.40 2.76 0.79 0.00 0.00 0.00 0.00 0.00
0.00 0.00 0.00 0.00 0.00 0.00 0.00 0.00 0.03 2.08 4.23 6.03 7.22 5.76 5.69 5.08 3.31 2.03 0.50 0.00 0.00 0.00 0.00 0.00
0.00 0.00 0.00 0.00 0.00 0.00 0.00 0.00 0.00 1.70 3.43 5.15 6.32 7.54 7.52 6.68 5.12 3.31 1.12 0.00 0.00 0.00 0.00 0.00
0.00 0.00 0.00 0.00 0.00 0.00 0.00 0.00 0.00 12.30 38.44 60.57 78.28 66.44 69.41 63.50 35.96 22.84 9.67 0.00 0.00 0.00 0.00 0.00
0.00 0.00 0.00 0.00 0.00 0.00 0.00 0.00 0.00 2.41 3.43 5.26 6.84 8.26 8.38 7.63 6.63 4.30 1.52 0.00 0.00 0.00 0.00 0.00
0.00 0.00 0.00 0.00 0.00 0.00 0.00 0.00 0.00 4.17 6.03 9.08 11.56 11.84 11.87 10.94 10.34 6.65 2.19 0.00 0.00 0.00 0.00 0.00
0.00 0.00 0.00 0.00 0.00 0.00 0.00 0.00 0.00 1.91 2.76 4.16 5.30 5.43 5.44 5.01 4.74 3.05 1.00 0.00 0.00 0.00 0.00 0.00
0.00 0.00 0.00 0.00 0.00 0.00 0.00 0.00 0.00 3.04 4.43 6.73 8.73 9.87 10.07 9.13 8.14 5.28 1.85 0.00 0.00 0.00 0.00 0.00
0.00 0.00 0.00 0.00 0.00 0.00 0.00 0.00 0.00 1.36 2.58 3.89 4.96 3.58 3.67 3.32 3.02 1.93 0.63 0.00 0.00 0.00 0.00 0.00
0.00 0.00 0.00 0.00 0.00 0.00 0.00 0.00 0.00 8.49 14.89 22.97 30.54 52.76 53.71 50.07 50.09 33.98 13.94 0.00 0.00 0.00 0.00 0.00
0.00 0.00 0.00 0.00 0.00 0.00 0.00 0.00 0.00 4.40 13.44 20.72 26.92 28.50 28.41 25.21 13.85 9.02 3.10 0.00 0.00 0.00 0.00 0.00
0.00 0.00 0.00 0.00 0.00 0.00 0.00 0.00 0.00 0.98 2.96 4.54 5.98 5.82 5.91 5.23 2.10 1.37 0.48 0.00 0.00 0.00 0.00 0.00
0.00 0.00 0.00 0.00 0.00 0.00 0.00 0.00 0.00 1.25 3.60 5.59 7.26 5.21 5.26 4.77 2.19 1.44 0.52 0.00 0.00 0.00 0.00 0.00
0.00 0.00 0.00 0.00 0.00 0.00 0.00 0.00 0.00 1.99 5.77 8.95 11.62 8.33 8.42 7.63 3.51 2.30 0.83 0.00 0.00 0.00 0.00 0.00
0.00 0.00 0.00 0.00 0.00 0.00 0.00 0.00 0.00 40.57 125.28 197.55 268.07 177.71 184.53 170.85 92.22 59.48 26.52 0.00 0.00 0.00 0.00 0.00
