0.00 0.00 0.00 0.00 0.00 0.00 0.00 0.00 0.00 0.65 1.62 2.39 3.17 3.33 3.48 3.34 2.88 2.16 1.42 0.47 0.00 0.00 0.00 0.00
0.00 0.00 0.00 0.00 0.00 0.00 0.00 0.00 0.00 14.05 31.56 47.34 59.35 63.92 66.16 63.65 53.24 40.36 25.10 3.06 0.00 0.00 0.00 0.00
0.00 0.00 0.00 0.00 0.00 0.00 0.00 0.00 0.00 14.81 37.02 54.60 72.51 76.12 79.52 76.49 65.94 49.46 32.56 10.78 0.00 0.00 0.00 0.00
0.00 0.00 0.00 0.00 0.00 0.00 0.00 0.00 0.00 52.65 131.56 194.05 257.70 270.51 282.61 271.82 234.33 175.76 115.71 38.31 0.00 0.00 0.00 0.00
0.00 0.00 0.00 0.00 0.00 0.00 0.00 0.00 0.17 1.64 3.64 5.31 6.62 6.55 6.51 6.21 5.87 4.29 2.51 0.21 0.00 0.00 0.00 0.00
0.00 0.00 0.00 0.00 0.00 0.00 0.00 0.00 0.00 112.51 304.48 454.64 605.04 610.81 652.55 629.15 558.04 415.27 274.43 99.98 0.00 0.00 0.00 0.00
0.00 0.00 0.00 0.00 0.00 0.00 0.00 0.00 0.00 1.25 2.77 4.17 5.39 6.74 6.74 6.51 4.93 3.47 2.08 0.37 0.00 0.00 0.00 0.00
0.00 0.00 0.00 0.00 0.00 0.00 0.00 0.00 0.00 0.60 1.62 2.45 3.23 3.76 3.83 3.75 3.17 2.37 1.46 0.21 0.00 0.00 0.00 0.00
0.00 0.00 0.00 0.00 0.00 0.00 0.00 0.00 0.00 0.96 2.59 3.93 5.17 6.01 6.13 6.00 5.08 3.79 2.34 0.33 0.00 0.00 0.00 0.00
0.00 0.00 0.00 0.00 0.00 0.00 0.00 0.00 0.00 0.96 2.59 3.93 5.17 6.01 6.13 6.00 5.08 3.79 2.34 0.33 0.00 0.00 0.00 0.00
0.00 0.00 0.00 0.00 0.00 0.00 0.00 0.00 0.00 2.73 6.19 9.26 12.49 14.57 14.96 14.60 12.33 9.05 5.66 1.05 0.00 0.00 0.00 0.00
0.00 0.00 0.00 0.00 0.00 0.00 0.00 0.00 0.00 1.29 2.95 4.49 6.01 7.02 7.19 7.00 5.89 4.36 2.72 0.49 0.00 0.00 0.00 0.00
0.00 0.00 0.00 0.00 0.00 0.00 0.00 0.00 0.00 1.66 3.79 5.77 7.73 9.03 9.25 9.00 7.57 5.61 3.50 0.62 0.00 0.00 0.00 0.00
0.00 0.00 0.00 0.00 0.00 0.00 0.00 0.00 0.00 1.11 2.53 3.85 5.15 6.02 6.17 6.00 5.05 3.74 2.34 0.42 0.00 0.00 0.00 0.00
0.00 0.00 0.00 0.00 0.00 0.00 0.00 0.00 0.00 1.11 2.53 3.85 5.15 6.02 6.17 6.00 5.05 3.74 2.34 0.42 0.00 0.00 0.00 0.00
0.00 0.00 0.00 0.00 0.00 0.00 0.00 0.00 0.00 16.45 38.71 58.79 75.43 82.74 87.00 84.11 76.24 56.65 36.37 7.50 0.00 0.00 0.00 0.00
0.00 0.00 0.00 0.00 0.00 0.00 0.00 0.00 0.00 8.43 18.97 28.73 39.09 43.45 43.87 42.93 36.76 27.07 16.81 3.00 0.00 0.00 0.00 0.00
0.00 0.00 0.00 0.00 0.00 0.00 0.00 0.00 0.00 7.28 16.70 25.19 32.91 35.60 36.42 35.25 30.09 22.18 13.84 2.64 0.00 0.00 0.00 0.00
0.00 0.00 0.00 0.00 0.00 0.00 0.00 0.00 0.00 33.19 89.81 134.10 178.47 180.17 192.48 185.58 164.60 122.49 80.95 29.49 0.00 0.00 0.00 0.00
0.00 0.00 0.00 0.00 0.00 0.00 0.00 0.00 0.00 31.57 85.43 127.56 169.76 171.38 183.09 176.52 156.57 116.52 77.00 28.05 0.00 0.00 0.00 0.00
0.00 0.00 0.00 0.00 0.00 0.00 0.00 0.00 0.00 60.71 164.29 245.31 326.46 329.58 352.09 339.47 301.10 224.07 148.07 53.95 0.00 0.00 0.00 0.00
0.00 0.00 0.00 0.00 0.00 0.00 0.00 0.00 0.00 59.69 161.55 241.22 321.02 324.08 346.23 333.81 296.08 220.33 145.61 53.05 0.00 0.00 0.00 0.00
0.00 0.00 0.00 0.00 0.00 0.00 0.00 0.00 0.00 63.33 173.55 258.00 343.11 357.10 369.60 357.80 308.28 230.31 151.92 51.11 0.00 0.00 0.00 0.00
0.00 0.00 0.00 0.00 0.00 0.00 0.00 0.00 0.00 0.60 1.62 2.45 3.23 3.76 3.83 3.75 3.17 2.37 1.46 0.21 0.00 0.00 0.00 0.00
0.00 0.00 0.00 0.00 0.00 0.00 0.00 0.00 0.00 3.03 8.21 12.43 16.37 19.04 19.42 19.01 16.08 12.01 7.42 1.05 0.00 0.00 0.00 0.00
0.00 0.00 0.00 0.00 0.00 0.00 0.00 0.00 0.00 15.46 41.94 63.46 83.55 97.23 99.14 97.03 82.08 61.30 37.87 5.38 0.00 0.00 0.00 0.00
0.00 0.00 0.00 0.00 0.00 0.00 0.00 0.00 0.00 2.27 6.13 9.16 12.19 12.30 13.14 12.67 11.24 8.37 5.53 2.01 0.00 0.00 0.00 0.00
0.00 0.00 0.00 0.00 0.00 0.00 0.00 0.00 0.00 51.82 129.51 191.03 253.69 266.29 278.20 267.59 230.68 173.02 113.91 37.71 0.00 0.00 0.00 0.00
0.00 0.00 0.00 0.00 0.00 0.00 0.00 0.00 0.00 4.34 10.65 15.73 21.13 22.93 24.44 23.52 19.15 14.84 9.62 2.74 0.00 0.00 0.00 0.00
0.00 0.00 0.00 0.00 0.00 0.00 0.00 0.00 0.00 29.31 62.88 91.75 118.19 139.84 142.03 136.50 109.92 82.11 52.47 14.42 0.00 0.00 0.00 0.00
0.00 0.00 0.00 0.00 0.00 0.00 0.00 0.00 0.00 0.86 2.16 3.18 4.23 4.44 4.64 4.46 3.84 2.88 1.90 0.63 0.00 0.00 0.00 0.00
0.00 0.00 0.00 0.00 0.00 0.00 0.00 0.00 0.00 38.87 97.13 143.27 190.27 199.72 208.65 200.69 173.01 129.77 85.43 28.29 0.00 0.00 0.00 0.00
0.00 0.00 0.00 0.00 0.00 0.00 0.00 0.00 0.00 49.88 124.65 183.87 244.17 256.31 267.77 257.55 222.03 166.53 109.64 36.30 0.00 0.00 0.00 0.00
0.00 0.00 0.00 0.00 0.00 0.00 0.00 0.00 0.00 83.52 228.87 340.24 452.47 470.93 487.41 471.85 406.54 303.72 200.35 67.40 0.00 0.00 0.00 0.00
0.00 0.00 0.00 0.00 0.00 0.00 0.00 0.00 0.00 1.69 4.55 7.02 9.50 10.99 11.51 11.12 9.11 6.77 4.27 0.84 0.00 0.00 0.00 0.00
0.00 0.00 0.00 0.00 0.00 0.00 0.00 0.00 0.00 2.22 5.68 8.86 11.93 13.72 14.41 13.95 11.43 8.47 5.33 1.00 0.00 0.00 0.00 0.00
0.00 0.00 0.00 0.00 0.00 0.00 0.00 0.00 0.00 17.89 43.93 64.91 87.15 94.57 100.81 97.00 78.99 61.22 39.67 11.31 0.00 0.00 0.00 0.00
0.00 0.00 0.00 0.00 0.00 0.00 0.00 0.00 0.00 51.77 166.14 257.35 353.72 419.67 446.74 429.74 342.61 261.71 174.65 55.26 0.00 0.00 0.00 0.00
0.00 0.00 0.00 0.00 0.00 0.00 0.00 0.00 0.00 0.65 1.48 2.25 3.04 3.43 3.46 3.31 2.87 2.13 1.31 0.23 0.00 0.00 0.00 0.00
0.00 0.00 0.00 0.00 0.00 0.00 0.00 0.00 0.00 12.91 31.82 46.65 62.21 67.60 69.89 66.95 57.50 42.52 27.64 8.88 0.00 0.00 0.00 0.00
0.00 0.00 0.00 0.00 0.00 0.00 0.00 0.00 0.00 3.96 10.95 16.76 23.10 23.26 24.91 23.63 21.15 15.90 10.34 3.85 0.00 0.00 0.00 0.00
0.00 0.00 0.00 0.00 0.00 0.00 0.00 0.00 0.00 1.32 3.11 4.56 5.81 7.40 7.54 7.14 5.91 4.21 2.50 0.41 0.00 0.00 0.00 0.00
0.00 0.00 0.00 0.00 0.00 0.00 0.00 0.00 0.00 0.66 1.56 2.28 2.91 3.70 3.77 3.57 2.96 2.10 1.25 0.20 0.00 0.00 0.00 0.00
0.00 0.00 0.00 0.00 0.00 0.00 0.00 0.00 0.00 1.44 3.40 4.98 6.35 8.09 8.25 7.81 6.47 4.60 2.74 0.45 0.00 0.00 0.00 0.00
0.00 0.00 0.00 0.00 0.00 0.00 0.00 0.00 0.00 1.66 3.33 4.92 6.34 8.52 8.65 8.28 7.42 5.28 3.15 0.54 0.00 0.00 0.00 0.00
0.00 0.00 0.00 0.00 0.00 0.00 0.00 0.00 0.00 2.53 5.07 7.49 9.66 12.99 13.19 12.62 11.30 8.04 4.80 0.82 0.00 0.00 0.00 0.00
0.00 0.00 0.00 0.00 0.00 0.00 0.00 0.00 0.00 2.69 5.56 8.30 10.71 13.40 13.43 13.01 9.72 6.79 4.08 0.79 0.00 0.00 0.00 0.00
0.00 0.00 0.00 0.00 0.00 0.00 0.00 0.00 0.00 2.48 5.59 8.13 10.52 11.69 11.77 11.13 8.94 6.55 4.12 0.78 0.00 0.00 0.00 0.00
0.00 0.00 0.00 0.00 0.00 0.00 0.00 0.00 0.00 6.39 14.43 21.00 27.16 30.20 30.41 28.74 23.09 16.93 10.64 2.01 0.00 0.00 0.00 0.00
0.00 0.00 0.00 0.00 0.00 0.00 0.00 0.00 0.00 1.60 3.41 5.01 6.53 7.57 7.63 7.26 5.96 4.44 2.80 0.75 0.00 0.00 0.00 0.00
0.00 0.00 0.00 0.00 0.00 0.00 0.00 0.00 0.00 2.69 6.50 9.95 12.85 14.55 15.03 14.52 12.18 8.90 5.41 0.89 0.00 0.00 0.00 0.00
0.00 0.00 0.00 0.00 0.00 0.00 0.00 0.00 0.00 5.10 11.82 17.84 23.03 24.32 24.69 23.88 18.88 13.73 8.31 1.56 0.00 0.00 0.00 0.00
0.00 0.00 0.00 0.00 0.00 0.00 0.00 0.00 0.04 0.49 1.22 1.74 2.13 1.97 1.96 1.89 1.74 1.28 0.75 0.10 0.00 0.00 0.00 0.00
0.00 0.00 0.00 0.00 0.00 0.00 0.00 0.00 0.14 3.39 8.35 12.53 15.67 16.89 16.88 16.47 14.92 10.84 6.50 0.78 0.00 0.00 0.00 0.00
0.00 0.00 0.00 0.00 0.00 0.00 0.00 0.00 0.15 2.21 5.17 7.70 9.44 9.21 9.35 9.03 8.84 6.37 3.77 0.49 0.00 0.00 0.00 0.00
0.00 0.00 0.00 0.00 0.00 0.00 0.00 0.00 0.21 3.05 7.13 10.63 13.03 12.71 12.90 12.46 12.19 8.79 5.21 0.67 0.00 0.00 0.00 0.00
0.00 0.00 0.00 0.00 0.00 0.00 0.00 0.00 0.14 2.08 4.86 7.24 8.87 8.66 8.79 8.49 8.31 5.99 3.55 0.46 0.00 0.00 0.00 0.00
0.00 0.00 0.00 0.00 0.00 0.00 0.00 0.00 0.08 1.81 4.45 6.68 8.36 9.01 9.00 8.79 7.96 5.78 3.47 0.42 0.00 0.00 0.00 0.00
0.00 0.00 0.00 0.00 0.00 0.00 0.00 0.00 0.16 1.73 3.80 5.62 6.77 6.78 6.84 6.46 5.48 4.03 2.37 0.25 0.00 0.00 0.00 0.00
0.00 0.00 0.00 0.00 0.00 0.00 0.00 0.00 0.00 1.71 4.65 7.03 9.26 10.78 10.99 10.75 9.10 6.79 4.20 0.60 0.00 0.00 0.00 0.00
0.00 0.00 0.00 0.00 0.00 0.00 0.00 0.00 0.00 21.41 50.38 76.52 98.17 107.70 113.24 109.48 99.24 73.73 47.34 9.77 0.00 0.00 0.00 0.00
0.00 0.00 0.00 0.00 0.00 0.00 0.00 0.00 0.00 3.09 7.02 10.50 14.15 16.51 16.95 16.55 13.97 10.26 6.42 1.19 0.00 0.00 0.00 0.00
0.00 0.00 0.00 0.00 0.00 0.00 0.00 0.00 0.00 4.49 10.09 15.76 20.85 23.95 24.13 23.93 20.37 14.85 9.16 1.44 0.00 0.00 0.00 0.00
0.00 0.00 0.00 0.00 0.00 0.00 0.00 0.00 0.00 2.06 4.62 7.22 9.56 10.98 11.06 10.97 9.34 6.81 4.20 0.66 0.00 0.00 0.00 0.00
0.00 0.00 0.00 0.00 0.00 0.00 0.00 0.00 0.00 3.82 8.66 12.88 17.46 20.26 20.74 20.13 17.10 12.61 7.88 1.45 0.00 0.00 0.00 0.00
0.00 0.00 0.00 0.00 0.00 0.00 0.00 0.00 0.00 1.58 3.60 5.47 7.38 8.33 8.41 8.03 6.98 5.18 3.19 0.55 0.00 0.00 0.00 0.00
0.00 0.00 0.00 0.00 0.00 0.00 0.00 0.00 0.00 18.52 45.48 67.20 90.23 97.91 104.37 100.43 81.79 63.38 41.07 11.71 0.00 0.00 0.00 0.00
0.00 0.00 0.00 0.00 0.00 0.00 0.00 0.00 0.00 7.01 15.04 21.94 28.26 33.44 33.96 32.64 26.29 19.64 12.55 3.45 0.00 0.00 0.00 0.00
0.00 0.00 0.00 0.00 0.00 0.00 0.00 0.00 0.00 1.57 3.49 5.11 6.66 7.33 7.51 7.24 6.06 4.48 2.86 0.77 0.00 0.00 0.00 0.00
0.00 0.00 0.00 0.00 0.00 0.00 0.00 0.00 0.00 1.97 4.38 6.46 8.26 8.88 9.09 8.67 7.74 5.82 3.72 0.96 0.00 0.00 0.00 0.00
0.00 0.00 0.00 0.00 0.00 0.00 0.00 0.00 0.00 3.15 7.01 10.33 13.22 14.21 14.54 13.87 12.38 9.31 5.95 1.54 0.00 0.00 0.00 0.00
0.00 0.00 0.00 0.00 0.00 0.00 0.00 0.00 0.00 61.72 167.03 249.40 331.90 335.07 357.96 345.13 306.12 227.80 150.54 54.85 0.00 0.00 0.00 0.00
