0.00 0.00 0.00 0.00 0.00 0.00 0.00 0.05 0.77 1.46 2.30 3.07 3.70 5.71 5.80 5.46 4.53 3.60 2.42 1.28 0.41 0.00 0.00 0.00
0.00 0.00 0.00 0.00 0.00 0.00 0.00 1.93 10.76 19.16 31.42 41.74 49.70 51.07 51.26 47.89 57.76 44.39 28.71 11.88 0.91 0.00 0.00 0.00
0.00 0.00 0.00 0.00 0.00 0.00 0.00 1.23 17.60 33.43 52.67 70.21 84.58 130.64 132.70 124.80 103.48 82.32 55.38 29.21 9.38 0.00 0.00 0.00
0.00 0.00 0.00 0.00 0.00 0.00 0.00 4.36 62.54 118.80 187.18 249.52 300.60 464.27 471.62 443.53 367.78 292.55 196.83 103.80 33.32 0.00 0.00 0.00
0.00 0.00 0.00 0.00 0.00 0.00 0.00 0.82 2.72 4.57 4.03 5.19 5.94 5.63 5.62 5.12 6.03 4.52 2.82 1.67 0.00 0.00 0.00 0.00
0.00 0.00 0.00 0.00 0.00 0.00 0.00 0.00 137.05 272.02 455.77 611.25 736.73 1078.55 1084.56 1013.33 852.02 661.20 455.42 241.73 80.94 0.00 0.00 0.00
0.00 0.00 0.00 0.00 0.00 0.00 0.00 0.18 0.64 1.09 3.07 3.92 4.58 3.52 3.62 3.41 7.28 5.60 3.59 1.67 0.28 0.00 0.00 0.00
0.00 0.00 0.00 0.00 0.00 0.00 0.00 0.13 0.65 1.14 1.78 2.37 2.81 3.43 3.44 3.28 4.16 3.24 2.11 0.84 0.08 0.00 0.00 0.00
0.00 0.00 0.00 0.00 0.00 0.00 0.00 0.21 1.03 1.82 2.85 3.80 4.50 5.48 5.50 5.25 6.66 5.19 3.38 1.35 0.13 0.00 0.00 0.00
0.00 0.00 0.00 0.00 0.00 0.00 0.00 0.21 1.03 1.82 2.85 3.80 4.50 5.48 5.50 5.25 6.66 5.19 3.38 1.35 0.13 0.00 0.00 0.00
0.00 0.00 0.00 0.00 0.00 0.00 0.00 0.40 2.22 3.96 5.03 6.92 8.50 10.01 10.44 9.98 14.44 11.22 7.30 3.80 0.63 0.00 0.00 0.00
0.00 0.00 0.00 0.00 0.00 0.00 0.00 0.19 1.08 1.92 2.35 3.24 3.96 4.58 4.75 4.52 6.40 4.96 3.21 1.76 0.28 0.00 0.00 0.00
0.00 0.00 0.00 0.00 0.00 0.00 0.00 0.25 1.38 2.47 3.03 4.16 5.09 5.89 6.10 5.81 8.22 6.38 4.12 2.27 0.36 0.00 0.00 0.00
0.00 0.00 0.00 0.00 0.00 0.00 0.00 0.16 0.92 1.65 2.02 2.78 3.39 3.92 4.07 3.87 5.48 4.25 2.75 1.51 0.24 0.00 0.00 0.00
0.00 0.00 0.00 0.00 0.00 0.00 0.00 0.16 0.92 1.65 2.02 2.78 3.39 3.92 4.07 3.87 5.48 4.25 2.75 1.51 0.24 0.00 0.00 0.00
0.00 0.00 0.00 0.00 0.00 0.00 0.00 1.10 16.51 31.27 51.22 67.36 79.44 107.66 109.68 105.50 91.60 70.51 44.86 17.99 2.56 0.00 0.00 0.00
0.00 0.00 0.00 0.00 0.00 0.00 0.00 1.26 6.39 11.30 16.52 22.19 27.19 30.90 31.58 30.62 41.46 32.14 20.99 11.33 1.79 0.00 0.00 0.00
0.00 0.00 0.00 0.00 0.00 0.00 0.00 1.19 6.15 10.90 14.26 18.93 23.16 36.27 36.99 35.39 43.98 34.34 22.36 9.56 1.78 0.00 0.00 0.00
0.00 0.00 0.00 0.00 0.00 0.00 0.00 0.00 40.42 80.24 134.44 180.30 217.31 318.13 319.91 298.90 251.32 195.03 134.33 71.30 23.88 0.00 0.00 0.00
0.00 0.00 0.00 0.00 0.00 0.00 0.00 0.00 38.45 76.32 127.88 171.50 206.71 302.61 304.30 284.32 239.06 185.52 127.78 67.82 22.71 0.00 0.00 0.00
0.00 0.00 0.00 0.00 0.00 0.00 0.00 0.00 73.95 146.77 245.92 329.81 397.51 581.95 585.19 546.76 459.72 356.76 245.73 130.43 43.67 0.00 0.00 0.00
0.00 0.00 0.00 0.00 0.00 0.00 0.00 0.00 72.72 144.33 241.82 324.31 390.89 572.25 575.44 537.65 452.06 350.82 241.64 128.25 42.95 0.00 0.00 0.00
0.00 0.00 0.00 0.00 0.00 0.00 0.00 7.87 102.44 193.79 263.78 352.75 422.75 581.82 591.77 557.75 508.42 404.17 273.63 144.22 49.00 0.00 0.00 0.00
0.00 0.00 0.00 0.00 0.00 0.00 0.00 0.13 0.65 1.14 1.78 2.37 2.81 3.43 3.44 3.28 4.16 3.24 2.11 0.84 0.08 0.00 0.00 0.00
0.00 0.00 0.00 0.00 0.00 0.00 0.00 0.66 3.27 5.76 9.04 12.03 14.24 17.36 17.43 16.62 21.08 16.42 10.69 4.27 0.42 0.00 0.00 0.00
0.00 0.00 0.00 0.00 0.00 0.00 0.00 3.37 16.72 29.41 46.15 61.40 72.72 88.63 88.99 84.83 107.63 83.85 54.59 21.79 2.12 0.00 0.00 0.00
0.00 0.00 0.00 0.00 0.00 0.00 0.00 0.00 2.76 5.48 9.18 12.31 14.84 21.73 21.85 20.41 17.16 13.32 9.17 4.87 1.63 0.00 0.00 0.00
0.00 0.00 0.00 0.00 0.00 0.00 0.00 4.29 61.56 116.95 184.26 245.63 295.92 457.04 464.27 436.62 362.04 287.99 193.76 102.18 32.80 0.00 0.00 0.00
0.00 0.00 0.00 0.00 0.00 0.00 0.00 0.25 3.10 5.84 10.36 15.05 19.25 21.96 23.22 22.33 22.90 18.06 12.25 6.64 1.60 0.00 0.00 0.00
0.00 0.00 0.00 0.00 0.00 0.00 0.00 5.22 29.50 52.87 105.97 138.31 162.13 173.43 175.83 166.76 113.61 90.89 62.06 31.40 9.17 0.00 0.00 0.00
0.00 0.00 0.00 0.00 0.00 0.00 0.00 0.07 1.03 1.95 3.07 4.09 4.93 7.62 7.74 7.28 6.03 4.80 3.23 1.70 0.55 0.00 0.00 0.00
0.00 0.00 0.00 0.00 0.00 0.00 0.00 3.22 46.17 87.71 138.19 184.22 221.94 342.78 348.20 327.47 271.53 215.99 145.32 76.63 24.60 0.00 0.00 0.00
0.00 0.00 0.00 0.00 0.00 0.00 0.00 4.13 59.25 112.56 177.35 236.42 284.82 439.90 446.86 420.25 348.47 277.19 186.49 98.35 31.57 0.00 0.00 0.00
0.00 0.00 0.00 0.00 0.00 0.00 0.00 10.38 135.10 255.55 347.85 465.19 557.50 767.27 780.39 735.53 670.48 533.00 360.85 190.20 64.61 0.00 0.00 0.00
0.00 0.00 0.00 0.00 0.00 0.00 0.00 0.25 1.65 2.97 4.28 5.94 7.35 7.69 7.83 7.55 11.06 8.58 5.69 2.84 0.48 0.00 0.00 0.00
0.00 0.00 0.00 0.00 0.00 0.00 0.00 0.33 2.05 3.70 5.25 7.23 9.08 9.56 9.84 9.46 12.92 9.93 6.51 3.50 0.58 0.00 0.00 0.00
0.00 0.00 0.00 0.00 0.00 0.00 0.00 1.05 12.77 24.10 42.75 62.09 79.41 90.58 95.80 92.10 94.47 74.51 50.54 27.41 6.59 0.00 0.00 0.00
0.00 0.00 0.00 0.00 0.00 0.00 0.00 5.95 79.46 151.10 207.99 278.66 333.80 311.10 317.82 306.89 390.19 311.42 220.62 170.16 68.30 0.00 0.00 0.00
0.00 0.00 0.00 0.00 0.00 0.00 0.00 0.11 0.50 0.88 1.30 1.79 2.18 2.45 2.51 2.38 3.22 2.49 1.63 0.86 0.13 0.00 0.00 0.00
0.00 0.00 0.00 0.00 0.00 0.00 0.00 2.17 18.77 34.78 56.37 74.71 88.94 112.55 113.91 106.91 87.12 69.75 48.60 22.93 7.11 0.00 0.00 0.00
0.00 0.00 0.00 0.00 0.00 0.00 0.00 0.00 6.24 13.00 21.57 29.27 34.74 38.53 38.39 35.28 27.51 21.74 15.31 9.23 3.29 0.00 0.00 0.00
0.00 0.00 0.00 0.00 0.00 0.00 0.00 0.24 0.80 1.34 3.27 4.28 4.97 4.82 4.89 4.66 7.60 5.85 3.79 1.81 0.28 0.00 0.00 0.00
0.00 0.00 0.00 0.00 0.00 0.00 0.00 0.12 0.40 0.67 1.64 2.14 2.48 2.41 2.44 2.33 3.80 2.92 1.90 0.90 0.14 0.00 0.00 0.00
0.00 0.00 0.00 0.00 0.00 0.00 0.00 0.26 0.87 1.47 3.58 4.68 5.43 5.27 5.35 5.10 8.31 6.39 4.15 1.98 0.31 0.00 0.00 0.00
0.00 0.00 0.00 0.00 0.00 0.00 0.00 0.33 1.16 1.96 3.75 4.91 5.69 5.66 5.77 5.58 9.07 6.90 4.55 2.31 0.35 0.00 0.00 0.00
0.00 0.00 0.00 0.00 0.00 0.00 0.00 0.51 1.77 2.99 5.71 7.49 8.67 8.62 8.79 8.50 13.83 10.52 6.93 3.52 0.53 0.00 0.00 0.00
0.00 0.00 0.00 0.00 0.00 0.00 0.00 0.37 1.35 2.28 6.06 7.75 9.04 6.74 6.83 6.47 14.88 11.47 7.51 3.46 0.59 0.00 0.00 0.00
0.00 0.00 0.00 0.00 0.00 0.00 0.00 0.54 2.40 4.18 6.66 8.64 10.12 11.17 11.11 10.39 7.93 6.22 4.23 2.15 0.58 0.00 0.00 0.00
0.00 0.00 0.00 0.00 0.00 0.00 0.00 1.39 6.19 10.80 17.20 22.33 26.13 28.85 28.70 26.84 20.48 16.06 10.93 5.55 1.50 0.00 0.00 0.00
0.00 0.00 0.00 0.00 0.00 0.00 0.00 0.28 1.42 2.51 5.24 6.84 8.00 10.69 10.82 10.08 6.56 5.16 3.52 1.77 0.47 0.00 0.00 0.00
0.00 0.00 0.00 0.00 0.00 0.00 0.00 0.62 2.60 4.48 5.51 7.33 8.74 9.64 9.99 9.51 12.73 9.71 6.34 3.56 0.44 0.00 0.00 0.00
0.00 0.00 0.00 0.00 0.00 0.00 0.00 1.06 4.15 7.13 9.52 12.69 15.49 18.45 18.58 17.60 27.18 20.74 13.32 6.19 0.92 0.00 0.00 0.00
0.00 0.00 0.00 0.00 0.00 0.00 0.00 0.30 1.01 1.68 1.71 2.19 2.50 2.58 2.58 2.45 1.71 1.30 0.83 0.56 0.00 0.00 0.00 0.00
0.00 0.00 0.00 0.00 0.00 0.00 0.00 1.01 3.88 6.59 10.14 13.19 15.30 11.87 11.99 11.44 14.21 10.84 6.96 3.95 0.17 0.00 0.00 0.00
0.00 0.00 0.00 0.00 0.00 0.00 0.00 0.79 2.81 4.75 6.46 8.38 9.62 8.59 8.63 8.12 8.79 6.73 4.28 2.50 0.05 0.00 0.00 0.00
0.00 0.00 0.00 0.00 0.00 0.00 0.00 1.09 3.88 6.55 8.91 11.57 13.28 11.85 11.91 11.20 12.13 9.28 5.91 3.45 0.06 0.00 0.00 0.00
0.00 0.00 0.00 0.00 0.00 0.00 0.00 0.74 2.65 4.46 6.07 7.88 9.05 8.07 8.11 7.63 8.26 6.32 4.03 2.35 0.04 0.00 0.00 0.00
0.00 0.00 0.00 0.00 0.00 0.00 0.00 0.54 2.07 3.51 5.41 7.04 8.16 6.33 6.40 6.10 7.58 5.78 3.71 2.11 0.09 0.00 0.00 0.00
0.00 0.00 0.00 0.00 0.00 0.00 0.00 0.71 2.43 4.10 3.57 4.58 5.30 5.73 5.71 5.24 5.73 4.28 2.67 1.62 0.00 0.00 0.00 0.00
0.00 0.00 0.00 0.00 0.00 0.00 0.00 0.37 1.85 3.26 5.11 6.80 8.06 9.82 9.86 9.40 11.93 9.29 6.05 2.41 0.24 0.00 0.00 0.00
0.00 0.00 0.00 0.00 0.00 0.00 0.00 1.43 21.50 40.70 66.67 87.68 103.40 140.12 142.76 137.31 119.22 91.78 58.39 23.42 3.33 0.00 0.00 0.00
0.00 0.00 0.00 0.00 0.00 0.00 0.00 0.45 2.51 4.49 5.71 7.84 9.63 11.35 11.83 11.32 16.37 12.72 8.28 4.31 0.72 0.00 0.00 0.00
0.00 0.00 0.00 0.00 0.00 0.00 0.00 0.69 3.32 5.82 8.44 11.69 14.01 16.99 17.12 16.32 17.79 13.67 8.90 4.98 0.67 0.00 0.00 0.00
0.00 0.00 0.00 0.00 0.00 0.00 0.00 0.32 1.52 2.67 3.87 5.36 6.42 7.79 7.85 7.48 8.15 6.27 4.08 2.28 0.31 0.00 0.00 0.00
0.00 0.00 0.00 0.00 0.00 0.00 0.00 0.55 3.04 5.42 7.24 9.90 12.20 14.27 14.86 14.23 20.62 16.03 10.47 5.31 0.89 0.00 0.00 0.00
0.00 0.00 0.00 0.00 0.00 0.00 0.00 0.26 1.22 2.14 3.15 4.36 5.30 5.94 6.09 5.79 7.81 6.04 3.95 2.10 0.31 0.00 0.00 0.00
0.00 0.00 0.00 0.00 0.00 0.00 0.00 1.08 13.22 24.95 44.27 64.29 82.22 93.78 99.19 95.35 97.81 77.14 52.32 28.37 6.82 0.00 0.00 0.00
0.00 0.00 0.00 0.00 0.00 0.00 0.00 1.25 7.05 12.64 25.34 33.07 38.77 41.47 42.05 39.88 27.17 21.73 14.84 7.51 2.19 0.00 0.00 0.00
0.00 0.00 0.00 0.00 0.00 0.00 0.00 0.24 1.42 2.56 5.82 7.61 8.92 10.85 11.08 10.38 6.51 5.16 3.52 1.79 0.52 0.00 0.00 0.00
0.00 0.00 0.00 0.00 0.00 0.00 0.00 0.18 1.14 2.06 6.53 8.65 10.35 14.94 14.94 13.96 10.34 8.09 5.50 2.65 0.73 0.00 0.00 0.00
0.00 0.00 0.00 0.00 0.00 0.00 0.00 0.28 1.82 3.29 10.45 13.84 16.57 23.91 23.90 22.34 16.54 12.94 8.80 4.25 1.17 0.00 0.00 0.00
0.00 0.00 0.00 0.00 0.00 0.00 0.00 0.00 75.18 149.22 250.02 335.31 404.14 591.65 594.95 555.87 467.39 362.71 249.83 132.60 44.40 0.00 0.00 0.00
