0.00 0.00 0.00 0.00 0.00 0.00 0.00 0.00 0.00 0.16 1.14 1.92 2.58 2.93 3.05 2.77 2.24 1.57 0.71 0.00 0.00 0.00 0.00 0.00
0.00 0.00 0.00 0.00 0.00 0.00 0.00 0.00 0.00 8.47 25.61 38.94 49.18 54.96 57.21 51.31 39.55 26.84 11.01 0.00 0.00 0.00 0.00 0.00
0.00 0.00 0.00 0.00 0.00 0.00 0.00 0.00 0.00 3.64 26.10 43.83 59.09 66.98 69.73 63.34 51.21 35.82 16.14 0.00 0.00 0.00 0.00 0.00
0.00 0.00 0.00 0.00 0.00 0.00 0.00 0.00 0.00 12.92 92.75 155.76 210.01 238.03 247.81 225.09 181.98 127.30 57.34 0.00 0.00 0.00 0.00 0.00
0.00 0.00 0.00 0.00 0.00 0.00 0.00 0.00 0.00 1.50 4.07 6.05 7.45 8.91 8.89 7.73 5.99 3.83 1.16 0.00 0.00 0.00 0.00 0.00
0.00 0.00 0.00 0.00 0.00 0.00 0.00 0.00 0.00 23.99 206.50 350.68 474.38 553.10 583.74 541.45 438.09 306.85 148.40 0.00 0.00 0.00 0.00 0.00
0.00 0.00 0.00 0.00 0.00 0.00 0.00 0.00 0.00 0.40 1.31 2.00 2.57 3.44 3.45 3.07 3.40 2.17 0.65 0.00 0.00 0.00 0.00 0.00
0.00 0.00 0.00 0.00 0.00 0.00 0.00 0.00 0.00 0.43 1.48 2.25 2.84 3.16 3.23 2.89 2.28 1.54 0.60 0.00 0.00 0.00 0.00 0.00
0.00 0.00 0.00 0.00 0.00 0.00 0.00 0.00 0.00 0.69 2.36 3.60 4.54 5.05 5.17 4.63 3.66 2.46 0.97 0.00 0.00 0.00 0.00 0.00
0.00 0.00 0.00 0.00 0.00 0.00 0.00 0.00 0.00 0.69 2.36 3.60 4.54 5.05 5.17 4.63 3.66 2.46 0.97 0.00 0.00 0.00 0.00 0.00
0.00 0.00 0.00 0.00 0.00 0.00 0.00 0.00 0.00 1.44 5.23 7.97 10.38 11.86 12.03 10.80 8.73 5.92 2.38 0.00 0.00 0.00 0.00 0.00
0.00 0.00 0.00 0.00 0.00 0.00 0.00 0.00 0.00 0.70 2.48 3.77 4.90 5.61 5.71 5.13 4.05 2.75 1.11 0.00 0.00 0.00 0.00 0.00
0.00 0.00 0.00 0.00 0.00 0.00 0.00 0.00 0.00 0.90 3.19 4.85 6.30 7.21 7.34 6.59 5.21 3.54 1.43 0.00 0.00 0.00 0.00 0.00
0.00 0.00 0.00 0.00 0.00 0.00 0.00 0.00 0.00 0.60 2.13 3.23 4.20 4.81 4.90 4.39 3.48 2.36 0.95 0.00 0.00 0.00 0.00 0.00
0.00 0.00 0.00 0.00 0.00 0.00 0.00 0.00 0.00 0.60 2.13 3.23 4.20 4.81 4.90 4.39 3.48 2.36 0.95 0.00 0.00 0.00 0.00 0.00
0.00 0.00 0.00 0.00 0.00 0.00 0.00 0.00 0.00 8.74 28.79 45.00 58.71 67.72 71.94 65.23 51.94 34.88 16.35 0.00 0.00 0.00 0.00 0.00
0.00 0.00 0.00 0.00 0.00 0.00 0.00 0.00 0.00 3.75 15.62 23.72 31.28 36.11 36.30 32.07 25.77 17.33 6.75 0.00 0.00 0.00 0.00 0.00
0.00 0.00 0.00 0.00 0.00 0.00 0.00 0.00 0.00 3.16 12.70 19.51 24.92 28.42 29.16 25.65 21.24 14.28 5.54 0.00 0.00 0.00 0.00 0.00
0.00 0.00 0.00 0.00 0.00 0.00 0.00 0.00 0.00 7.08 60.91 103.44 139.92 163.15 172.18 159.71 129.22 90.51 43.77 0.00 0.00 0.00 0.00 0.00
0.00 0.00 0.00 0.00 0.00 0.00 0.00 0.00 0.00 6.73 57.94 98.39 133.10 155.19 163.78 151.92 122.92 86.09 41.64 0.00 0.00 0.00 0.00 0.00
0.00 0.00 0.00 0.00 0.00 0.00 0.00 0.00 0.00 12.95 111.42 189.22 255.96 298.44 314.97 292.15 236.38 165.57 80.07 0.00 0.00 0.00 0.00 0.00
0.00 0.00 0.00 0.00 0.00 0.00 0.00 0.00 0.00 12.73 109.56 186.06 251.69 293.46 309.72 287.28 232.44 162.81 78.74 0.00 0.00 0.00 0.00 0.00
0.00 0.00 0.00 0.00 0.00 0.00 0.00 0.00 0.00 11.28 112.40 192.64 262.37 287.92 302.14 272.42 212.61 148.29 65.87 0.00 0.00 0.00 0.00 0.00
0.00 0.00 0.00 0.00 0.00 0.00 0.00 0.00 0.00 0.43 1.48 2.25 2.84 3.16 3.23 2.89 2.28 1.54 0.60 0.00 0.00 0.00 0.00 0.00
0.00 0.00 0.00 0.00 0.00 0.00 0.00 0.00 0.00 2.19 7.48 11.39 14.38 15.99 16.38 14.66 11.57 7.80 3.06 0.00 0.00 0.00 0.00 0.00
0.00 0.00 0.00 0.00 0.00 0.00 0.00 0.00 0.00 11.19 38.18 58.14 73.39 81.63 83.62 74.86 59.09 39.80 15.63 0.00 0.00 0.00 0.00 0.00
0.00 0.00 0.00 0.00 0.00 0.00 0.00 0.00 0.00 0.48 4.16 7.06 9.56 11.14 11.76 10.91 8.82 6.18 2.99 0.00 0.00 0.00 0.00 0.00
0.00 0.00 0.00 0.00 0.00 0.00 0.00 0.00 0.00 12.72 91.31 153.33 206.73 234.32 243.95 221.58 179.14 125.32 56.45 0.00 0.00 0.00 0.00 0.00
0.00 0.00 0.00 0.00 0.00 0.00 0.00 0.00 0.00 1.58 6.87 10.88 14.16 15.39 16.20 14.70 14.15 9.87 4.47 0.00 0.00 0.00 0.00 0.00
0.00 0.00 0.00 0.00 0.00 0.00 0.00 0.00 0.00 3.28 28.40 46.96 62.83 80.08 81.69 73.98 79.40 53.51 20.73 0.00 0.00 0.00 0.00 0.00
0.00 0.00 0.00 0.00 0.00 0.00 0.00 0.00 0.00 0.21 1.52 2.56 3.45 3.91 4.07 3.69 2.99 2.09 0.94 0.00 0.00 0.00 0.00 0.00
0.00 0.00 0.00 0.00 0.00 0.00 0.00 0.00 0.00 9.54 68.48 115.00 155.05 175.74 182.96 166.19 134.36 93.99 42.34 0.00 0.00 0.00 0.00 0.00
0.00 0.00 0.00 0.00 0.00 0.00 0.00 0.00 0.00 12.24 87.88 147.58 198.98 225.53 234.80 213.27 172.43 120.62 54.33 0.00 0.00 0.00 0.00 0.00
0.00 0.00 0.00 0.00 0.00 0.00 0.00 0.00 0.00 14.87 148.23 254.05 346.00 379.69 398.45 359.26 280.38 195.56 86.86 0.00 0.00 0.00 0.00 0.00
0.00 0.00 0.00 0.00 0.00 0.00 0.00 0.00 0.00 1.08 3.88 5.91 7.66 8.71 9.03 8.23 6.50 4.45 1.87 0.00 0.00 0.00 0.00 0.00
0.00 0.00 0.00 0.00 0.00 0.00 0.00 0.00 0.00 1.34 4.80 7.31 9.48 10.77 11.22 10.16 8.09 5.53 2.30 0.00 0.00 0.00 0.00 0.00
0.00 0.00 0.00 0.00 0.00 0.00 0.00 0.00 0.00 6.51 28.35 44.87 58.41 63.49 66.83 60.66 58.37 40.72 18.45 0.00 0.00 0.00 0.00 0.00
0.00 0.00 0.00 0.00 0.00 0.00 0.00 0.00 0.00 0.00 70.52 132.69 186.48 224.24 233.77 211.98 175.60 121.51 52.59 0.00 0.00 0.00 0.00 0.00
0.00 0.00 0.00 0.00 0.00 0.00 0.00 0.00 0.00 0.25 1.18 1.79 2.32 2.67 2.72 2.41 1.96 1.31 0.49 0.00 0.00 0.00 0.00 0.00
0.00 0.00 0.00 0.00 0.00 0.00 0.00 0.00 0.00 3.39 21.70 36.20 49.05 54.09 55.77 50.21 42.01 28.96 12.35 0.00 0.00 0.00 0.00 0.00
0.00 0.00 0.00 0.00 0.00 0.00 0.00 0.00 0.00 0.74 7.44 12.92 17.85 21.10 22.45 21.11 17.40 12.08 6.24 0.00 0.00 0.00 0.00 0.00
0.00 0.00 0.00 0.00 0.00 0.00 0.00 0.00 0.00 0.51 1.68 2.56 3.24 4.05 4.10 3.55 3.70 2.34 0.66 0.00 0.00 0.00 0.00 0.00
0.00 0.00 0.00 0.00 0.00 0.00 0.00 0.00 0.00 0.26 0.84 1.28 1.62 2.03 2.05 1.78 1.85 1.17 0.33 0.00 0.00 0.00 0.00 0.00
0.00 0.00 0.00 0.00 0.00 0.00 0.00 0.00 0.00 0.56 1.83 2.80 3.54 4.43 4.48 3.89 4.04 2.56 0.73 0.00 0.00 0.00 0.00 0.00
0.00 0.00 0.00 0.00 0.00 0.00 0.00 0.00 0.00 0.69 2.43 3.70 4.70 5.78 5.86 5.15 5.31 3.38 1.00 0.00 0.00 0.00 0.00 0.00
0.00 0.00 0.00 0.00 0.00 0.00 0.00 0.00 0.00 1.06 3.71 5.63 7.16 8.80 8.94 7.85 8.09 5.15 1.52 0.00 0.00 0.00 0.00 0.00
0.00 0.00 0.00 0.00 0.00 0.00 0.00 0.00 0.00 0.78 2.82 4.33 5.57 7.18 7.17 6.44 7.22 4.63 1.42 0.00 0.00 0.00 0.00 0.00
0.00 0.00 0.00 0.00 0.00 0.00 0.00 0.00 0.00 0.30 2.62 4.26 5.63 6.45 6.49 5.79 5.77 3.80 1.32 0.00 0.00 0.00 0.00 0.00
0.00 0.00 0.00 0.00 0.00 0.00 0.00 0.00 0.00 0.77 6.76 11.01 14.55 16.66 16.76 14.96 14.91 9.82 3.42 0.00 0.00 0.00 0.00 0.00
0.00 0.00 0.00 0.00 0.00 0.00 0.00 0.00 0.00 0.21 1.69 2.74 3.72 5.14 5.26 4.63 4.27 2.85 1.07 0.00 0.00 0.00 0.00 0.00
0.00 0.00 0.00 0.00 0.00 0.00 0.00 0.00 0.00 1.08 5.07 7.60 9.64 11.67 12.07 10.48 8.45 5.57 1.98 0.00 0.00 0.00 0.00 0.00
0.00 0.00 0.00 0.00 0.00 0.00 0.00 0.00 0.00 1.94 6.62 10.05 12.83 19.19 19.39 17.31 13.72 8.95 3.00 0.00 0.00 0.00 0.00 0.00
0.00 0.00 0.00 0.00 0.00 0.00 0.00 0.00 0.00 0.43 1.36 2.01 2.44 2.63 2.70 2.37 1.85 1.18 0.35 0.00 0.00 0.00 0.00 0.00
0.00 0.00 0.00 0.00 0.00 0.00 0.00 0.00 0.00 1.80 7.69 11.57 14.21 15.58 16.00 14.27 10.92 7.14 2.46 0.00 0.00 0.00 0.00 0.00
0.00 0.00 0.00 0.00 0.00 0.00 0.00 0.00 0.00 1.31 5.03 7.62 9.44 10.38 10.55 9.36 7.11 4.60 1.49 0.00 0.00 0.00 0.00 0.00
0.00 0.00 0.00 0.00 0.00 0.00 0.00 0.00 0.00 1.80 6.95 10.51 13.02 14.32 14.55 12.92 9.81 6.34 2.06 0.00 0.00 0.00 0.00 0.00
0.00 0.00 0.00 0.00 0.00 0.00 0.00 0.00 0.00 1.23 4.73 7.16 8.87 9.76 9.91 8.80 6.68 4.32 1.40 0.00 0.00 0.00 0.00 0.00
0.00 0.00 0.00 0.00 0.00 0.00 0.00 0.00 0.00 0.96 4.10 6.17 7.58 8.31 8.53 7.61 5.82 3.81 1.31 0.00 0.00 0.00 0.00 0.00
0.00 0.00 0.00 0.00 0.00 0.00 0.00 0.00 0.00 1.31 3.78 5.58 6.99 8.07 8.07 7.04 5.42 3.48 1.09 0.00 0.00 0.00 0.00 0.00
0.00 0.00 0.00 0.00 0.00 0.00 0.00 0.00 0.00 1.24 4.23 6.44 8.13 9.05 9.27 8.30 6.55 4.41 1.73 0.00 0.00 0.00 0.00 0.00
0.00 0.00 0.00 0.00 0.00 0.00 0.00 0.00 0.00 11.38 37.47 58.57 76.42 88.14 93.64 84.91 67.60 45.40 21.29 0.00 0.00 0.00 0.00 0.00
0.00 0.00 0.00 0.00 0.00 0.00 0.00 0.00 0.00 1.63 5.93 9.03 11.77 13.44 13.64 12.24 9.89 6.70 2.70 0.00 0.00 0.00 0.00 0.00
0.00 0.00 0.00 0.00 0.00 0.00 0.00 0.00 0.00 1.82 8.94 13.45 17.60 19.95 19.99 17.76 14.17 9.51 3.64 0.00 0.00 0.00 0.00 0.00
0.00 0.00 0.00 0.00 0.00 0.00 0.00 0.00 0.00 0.84 4.10 6.17 8.07 9.14 9.16 8.14 6.50 4.36 1.67 0.00 0.00 0.00 0.00 0.00
0.00 0.00 0.00 0.00 0.00 0.00 0.00 0.00 0.00 2.01 7.33 11.18 14.51 16.63 16.90 15.04 12.24 8.28 3.32 0.00 0.00 0.00 0.00 0.00
0.00 0.00 0.00 0.00 0.00 0.00 0.00 0.00 0.00 0.62 2.88 4.35 5.64 6.48 6.61 5.84 4.76 3.17 1.20 0.00 0.00 0.00 0.00 0.00
0.00 0.00 0.00 0.00 0.00 0.00 0.00 0.00 0.00 6.74 29.35 46.45 60.47 65.74 69.20 62.80 60.44 42.16 19.10 0.00 0.00 0.00 0.00 0.00
0.00 0.00 0.00 0.00 0.00 0.00 0.00 0.00 0.00 0.78 6.79 11.23 15.02 19.15 19.53 17.69 18.99 12.80 4.96 0.00 0.00 0.00 0.00 0.00
0.00 0.00 0.00 0.00 0.00 0.00 0.00 0.00 0.00 0.30 1.99 3.27 4.41 5.51 5.52 5.05 4.37 2.96 1.17 0.00 0.00 0.00 0.00 0.00
0.00 0.00 0.00 0.00 0.00 0.00 0.00 0.00 0.00 0.54 2.98 4.82 6.34 6.59 6.75 6.13 5.40 3.68 1.49 0.00 0.00 0.00 0.00 0.00
0.00 0.00 0.00 0.00 0.00 0.00 0.00 0.00 0.00 0.87 4.76 7.71 10.15 10.55 10.79 9.81 8.64 5.88 2.38 0.00 0.00 0.00 0.00 0.00
0.00 0.00 0.00 0.00 0.00 0.00 0.00 0.00 0.00 13.16 113.28 192.37 260.22 303.41 320.22 297.02 240.32 168.33 81.40 0.00 0.00 0.00 0.00 0.00
