0.00 0.00 0.00 0.00 0.00 0.00 0.00 0.00 0.78 1.68 2.73 3.64 4.28 4.68 4.71 4.56 4.15 3.42 2.41 1.20 0.42 0.00 0.00 0.00
0.00 0.00 0.00 0.00 0.00 0.00 0.00 0.00 17.14 33.48 51.37 65.22 75.96 85.39 84.91 79.45 67.83 52.76 35.80 13.92 1.92 0.00 0.00 0.00
0.00 0.00 0.00 0.00 0.00 0.00 0.00 0.00 17.86 38.48 62.40 83.19 97.90 107.05 107.79 104.32 94.96 78.25 55.13 27.35 9.71 0.00 0.00 0.00
0.00 0.00 0.00 0.00 0.00 0.00 0.00 0.00 63.46 136.75 221.76 295.64 347.95 380.46 383.06 370.76 337.50 278.10 195.93 97.19 34.50 0.00 0.00 0.00
0.00 0.00 0.00 0.00 0.00 0.00 0.00 0.58 3.48 6.17 9.32 11.72 13.23 15.07 14.69 13.54 11.73 9.11 5.88 1.98 0.10 0.00 0.00 0.00
0.00 0.00 0.00 0.00 0.00 0.00 0.00 0.00 123.34 281.73 467.52 628.43 756.86 838.34 870.46 868.43 807.53 662.91 461.44 238.75 88.09 0.00 0.00 0.00
0.00 0.00 0.00 0.00 0.00 0.00 0.00 0.27 1.98 3.59 5.55 7.17 8.31 9.13 9.02 8.47 7.54 5.83 3.86 1.61 0.34 0.00 0.00 0.00
0.00 0.00 0.00 0.00 0.00 0.00 0.00 0.03 1.04 1.99 3.05 3.96 4.59 5.33 5.19 4.94 4.36 3.42 2.31 1.05 0.16 0.00 0.00 0.00
0.00 0.00 0.00 0.00 0.00 0.00 0.00 0.04 1.66 3.19 4.88 6.33 7.34 8.53 8.30 7.90 6.98 5.48 3.69 1.67 0.26 0.00 0.00 0.00
0.00 0.00 0.00 0.00 0.00 0.00 0.00 0.04 1.66 3.19 4.88 6.33 7.34 8.53 8.30 7.90 6.98 5.48 3.69 1.67 0.26 0.00 0.00 0.00
0.00 0.00 0.00 0.00 0.00 0.00 0.00 0.00 3.86 7.57 12.10 16.05 18.58 20.15 20.14 19.02 17.61 13.88 9.00 3.87 0.83 0.00 0.00 0.00
0.00 0.00 0.00 0.00 0.00 0.00 0.00 0.00 1.81 3.54 5.66 7.52 8.68 9.55 9.53 8.94 8.40 6.65 4.30 1.86 0.39 0.00 0.00 0.00
0.00 0.00 0.00 0.00 0.00 0.00 0.00 0.00 2.33 4.55 7.27 9.66 11.16 12.27 12.25 11.50 10.80 8.55 5.53 2.39 0.50 0.00 0.00 0.00
0.00 0.00 0.00 0.00 0.00 0.00 0.00 0.00 1.55 3.04 4.85 6.44 7.44 8.18 8.17 7.66 7.20 5.70 3.69 1.59 0.33 0.00 0.00 0.00
0.00 0.00 0.00 0.00 0.00 0.00 0.00 0.00 1.55 3.04 4.85 6.44 7.44 8.18 8.17 7.66 7.20 5.70 3.69 1.59 0.33 0.00 0.00 0.00
0.00 0.00 0.00 0.00 0.00 0.00 0.00 0.00 19.06 40.48 65.17 86.00 100.06 113.06 112.65 106.18 97.46 75.99 50.89 21.66 4.33 0.00 0.00 0.00
0.00 0.00 0.00 0.00 0.00 0.00 0.00 0.19 11.87 22.96 36.05 47.90 55.57 60.72 60.64 56.39 51.50 40.57 26.69 11.23 2.31 0.00 0.00 0.00
0.00 0.00 0.00 0.00 0.00 0.00 0.00 0.11 10.12 19.65 30.94 41.13 47.21 51.17 50.96 47.91 42.82 33.87 22.27 9.69 2.22 0.00 0.00 0.00
0.00 0.00 0.00 0.00 0.00 0.00 0.00 0.00 36.38 83.10 137.90 185.36 223.25 247.28 256.75 256.16 238.19 195.54 136.11 70.42 25.98 0.00 0.00 0.00
0.00 0.00 0.00 0.00 0.00 0.00 0.00 0.00 34.61 79.05 131.17 176.32 212.36 235.22 244.23 243.66 226.57 186.00 129.47 66.99 24.72 0.00 0.00 0.00
0.00 0.00 0.00 0.00 0.00 0.00 0.00 0.00 66.55 152.01 252.26 339.08 408.38 452.34 469.67 468.58 435.72 357.69 248.98 128.82 47.53 0.00 0.00 0.00
0.00 0.00 0.00 0.00 0.00 0.00 0.00 0.00 65.44 149.48 248.05 333.43 401.57 444.80 461.84 460.77 428.46 351.72 244.83 126.68 46.74 0.00 0.00 0.00
0.00 0.00 0.00 0.00 0.00 0.00 0.00 0.00 83.29 178.68 281.01 380.55 459.17 510.81 525.90 505.59 463.69 370.27 259.21 131.58 48.93 0.00 0.00 0.00
0.00 0.00 0.00 0.00 0.00 0.00 0.00 0.03 1.04 1.99 3.05 3.96 4.59 5.33 5.19 4.94 4.36 3.42 2.31 1.05 0.16 0.00 0.00 0.00
0.00 0.00 0.00 0.00 0.00 0.00 0.00 0.13 5.27 10.11 15.45 20.04 23.24 27.01 26.28 25.02 22.11 17.34 11.68 5.30 0.82 0.00 0.00 0.00
0.00 0.00 0.00 0.00 0.00 0.00 0.00 0.68 26.91 51.59 78.88 102.31 118.67 137.87 134.16 127.75 112.86 88.52 59.64 27.05 4.19 0.00 0.00 0.00
0.00 0.00 0.00 0.00 0.00 0.00 0.00 0.00 2.48 5.68 9.42 12.66 15.25 16.89 17.53 17.49 16.27 13.35 9.30 4.81 1.77 0.00 0.00 0.00
0.00 0.00 0.00 0.00 0.00 0.00 0.00 0.00 62.47 134.62 218.31 291.04 342.52 374.53 377.09 364.98 332.24 273.76 192.88 95.68 33.97 0.00 0.00 0.00
0.00 0.00 0.00 0.00 0.00 0.00 0.00 0.00 5.18 11.00 18.00 24.47 29.08 31.81 31.53 29.70 27.01 21.55 14.58 7.08 1.98 0.00 0.00 0.00
0.00 0.00 0.00 0.00 0.00 0.00 0.00 0.00 35.13 69.55 110.23 148.72 175.95 192.17 193.84 184.04 164.51 132.79 92.54 43.41 14.02 0.00 0.00 0.00
0.00 0.00 0.00 0.00 0.00 0.00 0.00 0.00 1.04 2.24 3.64 4.85 5.71 6.24 6.28 6.08 5.54 4.56 3.21 1.59 0.57 0.00 0.00 0.00
0.00 0.00 0.00 0.00 0.00 0.00 0.00 0.00 46.85 100.97 163.73 218.28 256.89 280.90 282.82 273.73 249.18 205.32 144.66 71.76 25.48 0.00 0.00 0.00
0.00 0.00 0.00 0.00 0.00 0.00 0.00 0.00 60.12 129.57 210.12 280.12 329.68 360.49 362.95 351.29 319.78 263.49 185.65 92.09 32.69 0.00 0.00 0.00
0.00 0.00 0.00 0.00 0.00 0.00 0.00 0.00 109.84 235.63 370.58 501.85 605.53 673.63 693.53 666.75 611.49 488.30 341.83 173.52 64.53 0.00 0.00 0.00
0.00 0.00 0.00 0.00 0.00 0.00 0.00 0.00 2.68 5.34 8.81 11.75 13.60 15.07 15.03 14.02 12.92 9.86 6.70 3.14 0.68 0.00 0.00 0.00
0.00 0.00 0.00 0.00 0.00 0.00 0.00 0.00 3.41 6.77 11.11 14.80 17.15 19.00 18.98 17.73 16.33 12.53 8.39 3.83 0.82 0.00 0.00 0.00
0.00 0.00 0.00 0.00 0.00 0.00 0.00 0.00 21.38 45.39 74.25 100.95 119.96 131.23 130.04 122.52 111.42 88.88 60.13 29.19 8.18 0.00 0.00 0.00
0.00 0.00 0.00 0.00 0.00 0.00 0.00 0.00 80.88 175.65 275.99 378.27 459.70 509.61 517.08 486.05 456.30 370.65 262.39 87.66 37.36 0.00 0.00 0.00
0.00 0.00 0.00 0.00 0.00 0.00 0.00 0.04 0.95 1.82 2.85 3.76 4.32 4.70 4.72 4.42 3.99 3.05 2.06 0.87 0.17 0.00 0.00 0.00
0.00 0.00 0.00 0.00 0.00 0.00 0.00 0.00 16.72 34.78 54.24 72.99 87.70 96.34 97.65 93.69 83.46 66.60 46.96 22.83 7.80 0.00 0.00 0.00
0.00 0.00 0.00 0.00 0.00 0.00 0.00 0.00 3.93 9.72 16.52 22.85 27.43 30.91 31.60 30.75 29.05 22.97 16.56 7.70 3.01 0.00 0.00 0.00
0.00 0.00 0.00 0.00 0.00 0.00 0.00 0.35 2.23 4.00 6.05 7.84 9.02 10.17 10.12 9.53 8.48 6.63 4.32 1.78 0.35 0.00 0.00 0.00
0.00 0.00 0.00 0.00 0.00 0.00 0.00 0.17 1.11 2.00 3.03 3.92 4.51 5.08 5.06 4.77 4.24 3.31 2.16 0.89 0.18 0.00 0.00 0.00
0.00 0.00 0.00 0.00 0.00 0.00 0.00 0.38 2.43 4.37 6.62 8.58 9.87 11.12 11.07 10.42 9.28 7.25 4.73 1.94 0.38 0.00 0.00 0.00
0.00 0.00 0.00 0.00 0.00 0.00 0.00 0.46 3.16 5.71 8.47 10.91 12.70 13.83 13.59 12.84 11.41 8.81 5.74 2.38 0.46 0.00 0.00 0.00
0.00 0.00 0.00 0.00 0.00 0.00 0.00 0.70 4.81 8.69 12.91 16.62 19.35 21.08 20.71 19.56 17.39 13.42 8.75 3.63 0.70 0.00 0.00 0.00
0.00 0.00 0.00 0.00 0.00 0.00 0.00 0.53 4.14 7.55 11.48 14.70 17.09 18.41 18.08 17.09 15.28 11.91 7.96 3.35 0.71 0.00 0.00 0.00
0.00 0.00 0.00 0.00 0.00 0.00 0.00 0.15 3.03 5.77 8.93 12.05 14.19 15.15 15.33 14.68 13.22 10.46 7.11 3.22 0.97 0.00 0.00 0.00
0.00 0.00 0.00 0.00 0.00 0.00 0.00 0.39 7.83 14.90 23.07 31.12 36.65 39.14 39.61 37.92 34.15 27.03 18.37 8.32 2.50 0.00 0.00 0.00
0.00 0.00 0.00 0.00 0.00 0.00 0.00 0.02 2.02 3.93 5.96 8.06 9.55 10.30 10.25 9.62 8.56 6.76 4.71 2.18 0.65 0.00 0.00 0.00
0.00 0.00 0.00 0.00 0.00 0.00 0.00 0.35 4.45 8.30 12.63 16.49 18.88 20.69 20.62 18.96 17.35 13.36 8.71 3.57 0.62 0.00 0.00 0.00
0.00 0.00 0.00 0.00 0.00 0.00 0.00 0.75 7.42 13.75 21.30 27.94 32.22 34.21 34.53 32.38 28.58 22.11 14.44 6.09 1.17 0.00 0.00 0.00
0.00 0.00 0.00 0.00 0.00 0.00 0.00 0.19 1.10 1.95 2.95 3.71 4.17 4.71 4.53 4.22 3.72 2.89 1.86 0.66 0.04 0.00 0.00 0.00
0.00 0.00 0.00 0.00 0.00 0.00 0.00 0.65 5.92 10.82 16.73 21.07 23.56 27.32 26.35 24.72 22.30 17.28 11.38 4.36 0.46 0.00 0.00 0.00
0.00 0.00 0.00 0.00 0.00 0.00 0.00 0.55 3.97 7.15 11.20 14.04 15.64 18.15 17.28 16.43 14.91 11.52 7.61 2.77 0.23 0.00 0.00 0.00
0.00 0.00 0.00 0.00 0.00 0.00 0.00 0.76 5.48 9.87 15.45 19.38 21.58 25.05 23.84 22.67 20.58 15.89 10.51 3.82 0.32 0.00 0.00 0.00
0.00 0.00 0.00 0.00 0.00 0.00 0.00 0.51 3.73 6.72 10.53 13.20 14.70 17.06 16.24 15.44 14.02 10.83 7.16 2.60 0.22 0.00 0.00 0.00
0.00 0.00 0.00 0.00 0.00 0.00 0.00 0.34 3.16 5.77 8.92 11.24 12.56 14.57 14.05 13.18 11.89 9.22 6.07 2.32 0.25 0.00 0.00 0.00
0.00 0.00 0.00 0.00 0.00 0.00 0.00 0.48 3.07 5.49 8.33 10.44 11.77 13.60 13.41 12.52 10.88 8.48 5.46 1.89 0.11 0.00 0.00 0.00
0.00 0.00 0.00 0.00 0.00 0.00 0.00 0.08 2.98 5.72 8.74 11.34 13.15 15.28 14.87 14.16 12.51 9.81 6.61 3.00 0.46 0.00 0.00 0.00
0.00 0.00 0.00 0.00 0.00 0.00 0.00 0.00 24.81 52.69 84.82 111.94 130.23 147.16 146.63 138.20 126.86 98.90 66.23 28.19 5.63 0.00 0.00 0.00
0.00 0.00 0.00 0.00 0.00 0.00 0.00 0.00 4.38 8.58 13.71 18.18 21.06 22.84 22.82 21.56 19.96 15.74 10.20 4.39 0.94 0.00 0.00 0.00
0.00 0.00 0.00 0.00 0.00 0.00 0.00 0.23 6.53 12.45 19.36 25.62 29.94 33.87 33.79 31.35 29.05 22.34 14.77 5.97 1.11 0.00 0.00 0.00
0.00 0.00 0.00 0.00 0.00 0.00 0.00 0.10 2.99 5.71 8.88 11.74 13.72 15.52 15.49 14.37 13.32 10.24 6.77 2.74 0.51 0.00 0.00 0.00
0.00 0.00 0.00 0.00 0.00 0.00 0.00 0.00 5.43 10.64 16.96 22.43 26.03 28.16 28.11 26.55 24.47 19.25 12.52 5.35 1.14 0.00 0.00 0.00
0.00 0.00 0.00 0.00 0.00 0.00 0.00 0.09 2.31 4.41 6.92 9.13 10.49 11.42 11.45 10.74 9.69 7.41 5.00 2.11 0.41 0.00 0.00 0.00
0.00 0.00 0.00 0.00 0.00 0.00 0.00 0.00 22.13 46.99 76.88 104.52 124.21 135.87 134.64 126.85 115.36 92.03 62.26 30.22 8.47 0.00 0.00 0.00
0.00 0.00 0.00 0.00 0.00 0.00 0.00 0.00 8.40 16.63 26.36 35.56 42.07 45.95 46.35 44.01 39.34 31.76 22.13 10.38 3.35 0.00 0.00 0.00
0.00 0.00 0.00 0.00 0.00 0.00 0.00 0.00 1.92 3.83 5.90 7.91 9.56 10.45 10.34 9.78 8.79 7.07 4.94 2.31 0.74 0.00 0.00 0.00
0.00 0.00 0.00 0.00 0.00 0.00 0.00 0.00 2.42 4.88 7.64 10.10 11.70 12.63 12.77 12.27 10.93 8.81 6.11 2.83 0.87 0.00 0.00 0.00
0.00 0.00 0.00 0.00 0.00 0.00 0.00 0.00 3.88 7.80 12.23 16.15 18.72 20.20 20.43 19.63 17.48 14.09 9.77 4.53 1.39 0.00 0.00 0.00
0.00 0.00 0.00 0.00 0.00 0.00 0.00 0.00 67.66 154.55 256.46 344.73 415.18 459.88 477.50 476.39 442.98 363.65 253.13 130.97 48.32 0.00 0.00 0.00
