0.00 0.00 0.00 0.00 0.00 0.00 0.00 0.00 0.00 0.80 1.84 2.70 3.40 4.07 4.14 3.90 3.03 2.06 1.04 0.00 0.00 0.00 0.00 0.00
0.00 0.00 0.00 0.00 0.00 0.00 0.00 0.00 3.26 13.80 25.26 35.51 41.60 47.70 46.37 41.72 33.25 21.71 9.72 0.00 0.00 0.00 0.00 0.00
0.00 0.00 0.00 0.00 0.00 0.00 0.00 0.00 0.00 18.34 42.06 61.75 77.75 93.04 94.74 89.28 69.33 47.09 23.76 0.00 0.00 0.00 0.00 0.00
0.00 0.00 0.00 0.00 0.00 0.00 0.00 0.00 0.00 65.19 149.48 219.47 276.33 330.65 336.70 317.28 246.39 167.37 84.44 0.00 0.00 0.00 0.00 0.00
0.00 0.00 0.00 0.00 0.00 0.00 0.00 0.00 0.65 2.14 4.72 6.35 7.23 7.29 6.98 6.08 3.79 2.36 0.87 0.00 0.00 0.00 0.00 0.00
0.00 0.00 0.00 0.00 0.00 0.00 0.00 0.00 0.00 147.51 348.45 513.31 650.88 753.35 779.62 740.56 587.67 403.52 212.72 0.00 0.00 0.00 0.00 0.00
0.00 0.00 0.00 0.00 0.00 0.00 0.00 0.00 0.18 1.00 1.87 2.65 3.17 3.02 3.02 2.73 2.58 1.59 0.62 0.00 0.00 0.00 0.00 0.00
0.00 0.00 0.00 0.00 0.00 0.00 0.00 0.00 0.18 0.82 1.28 1.79 2.05 2.02 1.98 1.82 1.28 0.84 0.37 0.00 0.00 0.00 0.00 0.00
0.00 0.00 0.00 0.00 0.00 0.00 0.00 0.00 0.29 1.31 2.05 2.86 3.28 3.23 3.17 2.91 2.05 1.35 0.59 0.00 0.00 0.00 0.00 0.00
0.00 0.00 0.00 0.00 0.00 0.00 0.00 0.00 0.29 1.31 2.05 2.86 3.28 3.23 3.17 2.91 2.05 1.35 0.59 0.00 0.00 0.00 0.00 0.00
0.00 0.00 0.00 0.00 0.00 0.00 0.00 0.00 0.34 2.04 3.76 5.51 6.63 9.92 9.76 9.08 9.80 6.43 2.91 0.00 0.00 0.00 0.00 0.00
0.00 0.00 0.00 0.00 0.00 0.00 0.00 0.00 0.16 0.96 1.87 2.75 3.26 4.44 4.38 4.11 4.68 3.06 1.38 0.00 0.00 0.00 0.00 0.00
0.00 0.00 0.00 0.00 0.00 0.00 0.00 0.00 0.21 1.23 2.40 3.53 4.19 5.71 5.63 5.29 6.02 3.93 1.78 0.00 0.00 0.00 0.00 0.00
0.00 0.00 0.00 0.00 0.00 0.00 0.00 0.00 0.14 0.82 1.60 2.35 2.80 3.81 3.76 3.53 4.01 2.62 1.19 0.00 0.00 0.00 0.00 0.00
0.00 0.00 0.00 0.00 0.00 0.00 0.00 0.00 0.14 0.82 1.60 2.35 2.80 3.81 3.76 3.53 4.01 2.62 1.19 0.00 0.00 0.00 0.00 0.00
0.00 0.00 0.00 0.00 0.00 0.00 0.00 0.00 4.09 23.34 46.07 66.89 79.27 66.36 66.13 60.90 39.33 26.18 12.88 0.00 0.00 0.00 0.00 0.00
0.00 0.00 0.00 0.00 0.00 0.00 0.00 0.00 1.08 6.12 11.41 16.58 19.71 28.33 28.15 25.83 26.87 17.63 7.82 0.00 0.00 0.00 0.00 0.00
0.00 0.00 0.00 0.00 0.00 0.00 0.00 0.00 0.78 5.22 11.30 16.30 19.97 21.33 21.25 19.74 16.35 10.70 4.76 0.00 0.00 0.00 0.00 0.00
0.00 0.00 0.00 0.00 0.00 0.00 0.00 0.00 0.00 43.51 102.78 151.41 191.99 222.21 229.96 218.44 173.34 119.02 62.74 0.00 0.00 0.00 0.00 0.00
0.00 0.00 0.00 0.00 0.00 0.00 0.00 0.00 0.00 41.39 97.77 144.02 182.62 211.37 218.74 207.78 164.89 113.22 59.68 0.00 0.00 0.00 0.00 0.00
0.00 0.00 0.00 0.00 0.00 0.00 0.00 0.00 0.00 79.59 188.01 276.96 351.19 406.49 420.66 399.58 317.09 217.73 114.78 0.00 0.00 0.00 0.00 0.00
0.00 0.00 0.00 0.00 0.00 0.00 0.00 0.00 0.00 78.26 184.88 272.35 345.34 399.71 413.65 392.92 311.81 214.10 112.86 0.00 0.00 0.00 0.00 0.00
0.00 0.00 0.00 0.00 0.00 0.00 0.00 0.00 0.00 71.86 157.83 230.79 296.38 381.04 391.00 365.03 300.11 202.83 102.04 0.00 0.00 0.00 0.00 0.00
0.00 0.00 0.00 0.00 0.00 0.00 0.00 0.00 0.18 0.82 1.28 1.79 2.05 2.02 1.98 1.82 1.28 0.84 0.37 0.00 0.00 0.00 0.00 0.00
0.00 0.00 0.00 0.00 0.00 0.00 0.00 0.00 0.93 4.14 6.50 9.07 10.39 10.23 10.05 9.21 6.50 4.26 1.88 0.00 0.00 0.00 0.00 0.00
0.00 0.00 0.00 0.00 0.00 0.00 0.00 0.00 4.76 21.13 33.16 46.29 53.02 52.24 51.29 47.01 33.21 21.76 9.62 0.00 0.00 0.00 0.00 0.00
0.00 0.00 0.00 0.00 0.00 0.00 0.00 0.00 0.00 2.97 7.02 10.34 13.11 15.18 15.70 14.92 11.84 8.13 4.28 0.00 0.00 0.00 0.00 0.00
0.00 0.00 0.00 0.00 0.00 0.00 0.00 0.00 0.00 64.17 147.15 216.05 272.02 325.50 331.45 312.33 242.55 164.76 83.12 0.00 0.00 0.00 0.00 0.00
0.00 0.00 0.00 0.00 0.00 0.00 0.00 0.00 0.26 3.64 6.31 9.60 12.41 14.74 15.61 15.08 17.07 11.82 5.83 0.00 0.00 0.00 0.00 0.00
0.00 0.00 0.00 0.00 0.00 0.00 0.00 0.00 0.11 16.96 34.19 49.72 60.36 87.47 90.27 82.79 76.00 48.93 22.54 0.00 0.00 0.00 0.00 0.00
0.00 0.00 0.00 0.00 0.00 0.00 0.00 0.00 0.00 1.07 2.45 3.60 4.53 5.42 5.52 5.21 4.04 2.75 1.39 0.00 0.00 0.00 0.00 0.00
0.00 0.00 0.00 0.00 0.00 0.00 0.00 0.00 0.00 48.13 110.36 162.04 204.01 244.12 248.59 234.25 181.91 123.57 62.34 0.00 0.00 0.00 0.00 0.00
0.00 0.00 0.00 0.00 0.00 0.00 0.00 0.00 0.00 61.76 141.63 207.95 261.82 313.29 319.02 300.62 233.45 158.58 80.01 0.00 0.00 0.00 0.00 0.00
0.00 0.00 0.00 0.00 0.00 0.00 0.00 0.00 0.00 94.77 208.14 304.35 390.85 502.50 515.63 481.38 395.77 267.48 134.57 0.00 0.00 0.00 0.00 0.00
0.00 0.00 0.00 0.00 0.00 0.00 0.00 0.00 0.27 1.66 3.71 5.42 6.51 6.81 6.71 6.13 4.69 3.13 1.45 0.00 0.00 0.00 0.00 0.00
0.00 0.00 0.00 0.00 0.00 0.00 0.00 0.00 0.34 2.05 4.51 6.56 7.94 8.34 8.19 7.66 6.61 4.40 2.03 0.00 0.00 0.00 0.00 0.00
0.00 0.00 0.00 0.00 0.00 0.00 0.00 0.00 1.08 15.00 26.04 39.62 51.19 60.79 64.38 62.19 70.41 48.74 24.04 0.00 0.00 0.00 0.00 0.00
0.00 0.00 0.00 0.00 0.00 0.00 0.00 0.00 0.00 46.01 115.71 174.43 223.85 241.49 249.85 232.52 236.85 161.80 82.50 0.00 0.00 0.00 0.00 0.00
0.00 0.00 0.00 0.00 0.00 0.00 0.00 0.00 0.10 0.51 0.88 1.23 1.47 1.94 1.91 1.73 1.83 1.19 0.52 0.00 0.00 0.00 0.00 0.00
0.00 0.00 0.00 0.00 0.00 0.00 0.00 0.00 0.00 13.13 28.36 41.57 51.89 77.32 79.31 73.16 53.09 35.53 17.34 0.00 0.00 0.00 0.00 0.00
0.00 0.00 0.00 0.00 0.00 0.00 0.00 0.00 0.00 5.50 13.18 19.81 24.59 27.81 28.85 27.17 21.53 15.05 8.33 0.10 0.00 0.00 0.00 0.00
0.00 0.00 0.00 0.00 0.00 0.00 0.00 0.00 0.26 1.32 2.19 3.13 3.80 3.55 3.44 3.12 3.55 2.20 0.83 0.00 0.00 0.00 0.00 0.00
0.00 0.00 0.00 0.00 0.00 0.00 0.00 0.00 0.13 0.66 1.10 1.56 1.90 1.77 1.72 1.56 1.78 1.10 0.42 0.00 0.00 0.00 0.00 0.00
0.00 0.00 0.00 0.00 0.00 0.00 0.00 0.00 0.28 1.45 2.40 3.42 4.15 3.88 3.77 3.42 3.89 2.40 0.91 0.00 0.00 0.00 0.00 0.00
0.00 0.00 0.00 0.00 0.00 0.00 0.00 0.00 0.34 1.74 2.64 3.70 4.47 4.37 4.30 3.91 3.68 2.26 0.87 0.00 0.00 0.00 0.00 0.00
0.00 0.00 0.00 0.00 0.00 0.00 0.00 0.00 0.52 2.65 4.02 5.64 6.81 6.67 6.56 5.96 5.60 3.45 1.33 0.00 0.00 0.00 0.00 0.00
0.00 0.00 0.00 0.00 0.00 0.00 0.00 0.00 0.34 1.93 3.75 5.25 6.36 6.70 6.71 6.08 5.32 3.33 1.31 0.00 0.00 0.00 0.00 0.00
0.00 0.00 0.00 0.00 0.00 0.00 0.00 0.00 0.07 1.34 2.31 3.29 3.98 6.91 6.99 6.40 5.43 3.48 1.52 0.00 0.00 0.00 0.00 0.00
0.00 0.00 0.00 0.00 0.00 0.00 0.00 0.00 0.18 3.45 5.96 8.51 10.27 17.85 18.06 16.53 14.03 9.00 3.92 0.00 0.00 0.00 0.00 0.00
0.00 0.00 0.00 0.00 0.00 0.00 0.00 0.00 0.05 0.96 1.89 2.68 3.29 5.43 5.53 4.99 4.30 2.73 1.23 0.00 0.00 0.00 0.00 0.00
0.00 0.00 0.00 0.00 0.00 0.00 0.00 0.00 0.45 2.12 4.01 5.64 6.59 7.18 7.13 6.43 6.59 4.19 1.75 0.00 0.00 0.00 0.00 0.00
0.00 0.00 0.00 0.00 0.00 0.00 0.00 0.00 0.76 3.92 6.44 9.02 10.79 12.14 12.35 11.20 8.81 5.48 2.24 0.00 0.00 0.00 0.00 0.00
0.00 0.00 0.00 0.00 0.00 0.00 0.00 0.00 0.22 0.76 1.22 1.67 1.88 2.20 2.14 1.89 1.24 0.78 0.29 0.00 0.00 0.00 0.00 0.00
0.00 0.00 0.00 0.00 0.00 0.00 0.00 0.00 1.23 4.61 8.80 12.06 13.82 12.01 11.59 10.39 6.86 4.40 1.77 0.00 0.00 0.00 0.00 0.00
0.00 0.00 0.00 0.00 0.00 0.00 0.00 0.00 0.87 3.08 5.93 8.05 9.05 8.30 8.12 7.21 4.66 2.90 1.12 0.00 0.00 0.00 0.00 0.00
0.00 0.00 0.00 0.00 0.00 0.00 0.00 0.00 1.20 4.25 8.19 11.11 12.49 11.45 11.21 9.95 6.43 4.00 1.55 0.00 0.00 0.00 0.00 0.00
0.00 0.00 0.00 0.00 0.00 0.00 0.00 0.00 0.81 2.89 5.58 7.57 8.51 7.80 7.63 6.78 4.38 2.72 1.05 0.00 0.00 0.00 0.00 0.00
0.00 0.00 0.00 0.00 0.00 0.00 0.00 0.00 0.65 2.46 4.69 6.43 7.37 6.41 6.18 5.54 3.66 2.34 0.94 0.00 0.00 0.00 0.00 0.00
0.00 0.00 0.00 0.00 0.00 0.00 0.00 0.00 0.59 1.97 3.96 5.38 6.13 5.86 5.70 5.04 3.20 1.97 0.74 0.00 0.00 0.00 0.00 0.00
0.00 0.00 0.00 0.00 0.00 0.00 0.00 0.00 0.53 2.34 3.68 5.13 5.88 5.79 5.68 5.21 3.68 2.41 1.07 0.00 0.00 0.00 0.00 0.00
0.00 0.00 0.00 0.00 0.00 0.00 0.00 0.00 5.33 30.38 59.96 87.06 103.18 86.38 86.07 79.27 51.19 34.07 16.76 0.00 0.00 0.00 0.00 0.00
0.00 0.00 0.00 0.00 0.00 0.00 0.00 0.00 0.39 2.32 4.26 6.25 7.51 11.24 11.06 10.29 11.11 7.28 3.30 0.00 0.00 0.00 0.00 0.00
0.00 0.00 0.00 0.00 0.00 0.00 0.00 0.00 0.61 3.10 8.51 11.96 14.17 12.38 12.36 11.43 9.32 6.14 2.69 0.00 0.00 0.00 0.00 0.00
0.00 0.00 0.00 0.00 0.00 0.00 0.00 0.00 0.28 1.42 3.90 5.48 6.50 5.67 5.67 5.24 4.27 2.81 1.23 0.00 0.00 0.00 0.00 0.00
0.00 0.00 0.00 0.00 0.00 0.00 0.00 0.00 0.48 2.91 5.20 7.61 9.16 13.86 13.66 12.65 12.97 8.58 3.87 0.00 0.00 0.00 0.00 0.00
0.00 0.00 0.00 0.00 0.00 0.00 0.00 0.00 0.23 1.23 2.13 2.98 3.56 4.71 4.63 4.20 4.46 2.89 1.25 0.00 0.00 0.00 0.00 0.00
0.00 0.00 0.00 0.00 0.00 0.00 0.00 0.00 1.12 15.53 26.96 41.02 53.00 62.94 66.65 64.39 72.90 50.47 24.89 0.00 0.00 0.00 0.00 0.00
0.00 0.00 0.00 0.00 0.00 0.00 0.00 0.00 0.03 4.06 8.18 11.89 14.43 20.92 21.59 19.80 18.17 11.70 5.39 0.00 0.00 0.00 0.00 0.00
0.00 0.00 0.00 0.00 0.00 0.00 0.00 0.00 0.01 1.06 1.92 2.81 3.43 5.78 5.87 5.36 4.36 2.89 1.34 0.00 0.00 0.00 0.00 0.00
0.00 0.00 0.00 0.00 0.00 0.00 0.00 0.00 0.06 1.78 2.80 4.04 4.99 9.42 9.47 8.64 7.46 4.97 2.33 0.00 0.00 0.00 0.00 0.00
0.00 0.00 0.00 0.00 0.00 0.00 0.00 0.00 0.09 2.85 4.48 6.47 7.99 15.06 15.16 13.82 11.93 7.96 3.73 0.00 0.00 0.00 0.00 0.00
0.00 0.00 0.00 0.00 0.00 0.00 0.00 0.00 0.00 80.92 191.14 281.58 357.05 413.26 427.67 406.24 322.38 221.36 116.69 0.00 0.00 0.00 0.00 0.00
