0.00 0.00 0.00 0.00 0.00 0.00 0.00 0.12 1.06 1.96 3.03 4.03 4.84 5.31 5.42 5.12 4.51 3.60 2.44 1.28 0.44 0.00 0.00 0.00
0.00 0.00 0.00 0.00 0.00 0.00 0.00 3.81 18.43 32.18 47.99 63.53 75.48 81.80 82.27 77.08 65.15 50.40 32.91 12.48 1.35 0.00 0.00 0.00
0.00 0.00 0.00 0.00 0.00 0.00 0.00 2.67 24.21 44.77 69.40 92.13 110.71 121.51 123.89 117.01 103.15 82.36 55.76 29.23 10.00 0.00 0.00 0.00
0.00 0.00 0.00 0.00 0.00 0.00 0.00 9.48 86.05 159.10 246.63 327.43 393.46 431.84 440.29 415.84 366.61 292.72 198.16 103.89 35.54 0.00 0.00 0.00
0.00 0.00 0.00 0.00 0.00 0.00 0.00 1.22 3.78 6.25 9.25 11.81 13.42 14.46 14.42 13.12 10.85 8.18 5.15 1.75 0.04 0.00 0.00 0.00
0.00 0.00 0.00 0.00 0.00 0.00 0.00 6.64 187.09 360.48 573.09 763.90 916.55 1009.61 1019.10 956.34 807.81 629.98 437.04 238.62 84.64 0.00 0.00 0.00
0.00 0.00 0.00 0.00 0.00 0.00 0.00 0.68 2.20 3.62 5.75 7.31 8.51 8.79 9.04 8.52 5.74 4.45 2.89 1.49 0.30 0.00 0.00 0.00
0.00 0.00 0.00 0.00 0.00 0.00 0.00 0.25 1.08 1.86 2.82 3.73 4.40 3.99 4.01 3.82 3.19 2.50 1.64 0.72 0.09 0.00 0.00 0.00
0.00 0.00 0.00 0.00 0.00 0.00 0.00 0.40 1.73 2.98 4.51 5.97 7.04 6.38 6.41 6.12 5.11 4.00 2.62 1.15 0.15 0.00 0.00 0.00
0.00 0.00 0.00 0.00 0.00 0.00 0.00 0.40 1.73 2.98 4.51 5.97 7.04 6.38 6.41 6.12 5.11 4.00 2.62 1.15 0.15 0.00 0.00 0.00
0.00 0.00 0.00 0.00 0.00 0.00 0.00 0.66 3.17 5.53 9.38 12.80 15.63 14.34 14.97 14.33 11.74 9.19 6.04 2.86 0.55 0.00 0.00 0.00
0.00 0.00 0.00 0.00 0.00 0.00 0.00 0.34 1.64 2.86 4.61 6.29 7.64 6.88 7.13 6.79 5.60 4.37 2.85 1.29 0.24 0.00 0.00 0.00
0.00 0.00 0.00 0.00 0.00 0.00 0.00 0.44 2.10 3.67 5.92 8.09 9.82 8.84 9.17 8.73 7.20 5.62 3.66 1.66 0.31 0.00 0.00 0.00
0.00 0.00 0.00 0.00 0.00 0.00 0.00 0.29 1.40 2.45 3.95 5.39 6.55 5.90 6.11 5.82 4.80 3.74 2.44 1.11 0.21 0.00 0.00 0.00
0.00 0.00 0.00 0.00 0.00 0.00 0.00 0.29 1.40 2.45 3.95 5.39 6.55 5.90 6.11 5.82 4.80 3.74 2.44 1.11 0.21 0.00 0.00 0.00
0.00 0.00 0.00 0.00 0.00 0.00 0.00 2.17 21.73 40.21 62.32 81.58 95.90 90.03 91.91 88.64 63.97 49.43 31.65 14.28 2.41 0.00 0.00 0.00
0.00 0.00 0.00 0.00 0.00 0.00 0.00 2.05 9.08 15.71 28.21 37.54 45.67 40.94 41.89 40.70 35.59 27.80 18.35 8.45 1.58 0.00 0.00 0.00
0.00 0.00 0.00 0.00 0.00 0.00 0.00 1.65 7.38 12.79 23.38 30.71 37.20 37.73 38.78 37.41 28.89 22.69 14.91 7.30 1.56 0.00 0.00 0.00
0.00 0.00 0.00 0.00 0.00 0.00 0.00 1.96 55.19 106.33 169.04 225.32 270.35 297.80 300.60 282.09 238.27 185.82 128.91 70.38 24.97 0.00 0.00 0.00
0.00 0.00 0.00 0.00 0.00 0.00 0.00 1.86 52.49 101.14 160.80 214.33 257.16 283.27 285.93 268.32 226.65 176.76 122.62 66.95 23.75 0.00 0.00 0.00
0.00 0.00 0.00 0.00 0.00 0.00 0.00 3.58 100.95 194.50 309.22 412.18 494.54 544.75 549.87 516.01 435.87 339.91 235.81 128.75 45.67 0.00 0.00 0.00
0.00 0.00 0.00 0.00 0.00 0.00 0.00 3.52 99.27 191.26 304.07 405.31 486.30 535.67 540.71 507.41 428.60 334.25 231.88 126.61 44.91 0.00 0.00 0.00
0.00 0.00 0.00 0.00 0.00 0.00 0.00 13.90 117.70 216.76 328.15 436.16 520.30 566.34 578.09 547.18 483.36 385.60 262.57 143.59 51.78 0.00 0.00 0.00
0.00 0.00 0.00 0.00 0.00 0.00 0.00 0.25 1.08 1.86 2.82 3.73 4.40 3.99 4.01 3.82 3.19 2.50 1.64 0.72 0.09 0.00 0.00 0.00
0.00 0.00 0.00 0.00 0.00 0.00 0.00 1.26 5.49 9.44 14.27 18.89 22.29 20.20 20.29 19.36 16.18 12.66 8.30 3.65 0.47 0.00 0.00 0.00
0.00 0.00 0.00 0.00 0.00 0.00 0.00 6.42 28.01 48.20 72.85 96.44 113.82 103.14 103.60 98.86 82.63 64.61 42.36 18.62 2.41 0.00 0.00 0.00
0.00 0.00 0.00 0.00 0.00 0.00 0.00 0.13 3.77 7.26 11.54 15.39 18.46 20.34 20.53 19.26 16.27 12.69 8.80 4.81 1.70 0.00 0.00 0.00
0.00 0.00 0.00 0.00 0.00 0.00 0.00 9.34 84.71 156.62 242.78 322.33 387.33 425.11 433.43 409.36 360.89 288.16 195.07 102.27 34.98 0.00 0.00 0.00
0.00 0.00 0.00 0.00 0.00 0.00 0.00 0.43 3.69 6.79 13.15 19.03 24.29 25.99 27.51 26.49 18.45 14.63 10.00 5.65 1.49 0.00 0.00 0.00
0.00 0.00 0.00 0.00 0.00 0.00 0.00 10.24 48.34 84.30 125.02 162.45 189.89 204.41 207.00 196.21 172.11 137.92 94.59 45.54 14.47 0.00 0.00 0.00
0.00 0.00 0.00 0.00 0.00 0.00 0.00 0.16 1.41 2.61 4.05 5.37 6.46 7.09 7.22 6.82 6.01 4.80 3.25 1.70 0.58 0.00 0.00 0.00
0.00 0.00 0.00 0.00 0.00 0.00 0.00 7.00 63.53 117.46 182.09 241.74 290.50 318.83 325.07 307.02 270.67 216.12 146.30 76.70 26.24 0.00 0.00 0.00
0.00 0.00 0.00 0.00 0.00 0.00 0.00 8.99 81.53 150.74 233.68 310.24 372.80 409.17 417.17 394.01 347.36 277.35 187.76 98.43 33.67 0.00 0.00 0.00
0.00 0.00 0.00 0.00 0.00 0.00 0.00 18.32 155.22 285.85 432.75 575.18 686.15 746.86 762.36 721.60 637.43 508.50 346.27 189.36 68.28 0.00 0.00 0.00
0.00 0.00 0.00 0.00 0.00 0.00 0.00 0.50 2.70 4.77 7.30 10.07 12.40 11.47 11.67 11.27 8.97 7.01 4.68 2.29 0.45 0.00 0.00 0.00
0.00 0.00 0.00 0.00 0.00 0.00 0.00 0.64 3.36 5.93 9.06 12.41 15.51 13.83 14.23 13.69 11.31 8.75 5.78 2.68 0.52 0.00 0.00 0.00
0.00 0.00 0.00 0.00 0.00 0.00 0.00 1.79 15.20 28.02 54.24 78.49 100.18 107.19 113.48 109.28 76.11 60.36 41.26 23.29 6.15 0.00 0.00 0.00
0.00 0.00 0.00 0.00 0.00 0.00 0.00 13.90 115.79 213.49 324.09 430.15 511.30 560.85 572.75 553.18 493.25 396.19 283.19 174.18 73.42 0.00 0.00 0.00
0.00 0.00 0.00 0.00 0.00 0.00 0.00 0.20 0.84 1.43 2.21 3.02 3.64 3.50 3.59 3.42 2.69 2.10 1.39 0.64 0.11 0.00 0.00 0.00
0.00 0.00 0.00 0.00 0.00 0.00 0.00 3.47 22.65 40.88 61.26 80.88 96.07 104.87 106.35 100.07 87.78 70.43 49.31 25.21 8.39 0.00 0.00 0.00
0.00 0.00 0.00 0.00 0.00 0.00 0.00 0.00 6.43 13.00 20.89 28.35 33.72 37.09 37.04 34.15 28.74 22.80 16.14 9.30 3.49 0.00 0.00 0.00
0.00 0.00 0.00 0.00 0.00 0.00 0.00 0.80 2.49 4.07 6.47 8.43 9.75 9.95 10.09 9.63 6.73 5.22 3.43 1.63 0.31 0.00 0.00 0.00
0.00 0.00 0.00 0.00 0.00 0.00 0.00 0.40 1.24 2.03 3.23 4.22 4.87 4.97 5.05 4.82 3.36 2.61 1.71 0.81 0.15 0.00 0.00 0.00
0.00 0.00 0.00 0.00 0.00 0.00 0.00 0.88 2.72 4.45 7.08 9.22 10.66 10.88 11.04 10.53 7.36 5.71 3.75 1.78 0.34 0.00 0.00 0.00
0.00 0.00 0.00 0.00 0.00 0.00 0.00 1.03 3.25 5.33 8.39 10.96 12.66 12.30 12.56 12.16 8.82 6.76 4.51 2.33 0.43 0.00 0.00 0.00
0.00 0.00 0.00 0.00 0.00 0.00 0.00 1.56 4.96 8.13 12.79 16.70 19.29 18.74 19.14 18.53 13.44 10.31 6.87 3.55 0.66 0.00 0.00 0.00
0.00 0.00 0.00 0.00 0.00 0.00 0.00 1.35 4.42 7.27 11.71 14.90 17.33 17.60 17.84 16.91 11.27 8.76 5.81 3.05 0.62 0.00 0.00 0.00
0.00 0.00 0.00 0.00 0.00 0.00 0.00 1.01 3.92 6.66 10.30 13.28 15.45 16.39 16.29 15.23 13.36 10.50 7.19 3.35 1.00 0.00 0.00 0.00
0.00 0.00 0.00 0.00 0.00 0.00 0.00 2.60 10.12 17.20 26.60 34.30 39.92 42.33 42.08 39.34 34.52 27.14 18.57 8.65 2.57 0.00 0.00 0.00
0.00 0.00 0.00 0.00 0.00 0.00 0.00 0.61 2.63 4.54 6.76 8.80 10.25 10.90 11.04 10.30 8.40 6.62 4.53 2.19 0.65 0.00 0.00 0.00
0.00 0.00 0.00 0.00 0.00 0.00 0.00 1.19 4.46 7.52 10.27 13.56 16.07 16.28 16.77 15.90 12.25 9.44 6.24 2.86 0.44 0.00 0.00 0.00
0.00 0.00 0.00 0.00 0.00 0.00 0.00 2.10 7.42 12.40 18.04 23.96 29.17 27.19 27.50 26.18 22.37 17.20 11.16 5.22 0.94 0.00 0.00 0.00
0.00 0.00 0.00 0.00 0.00 0.00 0.00 0.39 1.20 1.96 2.84 3.60 4.09 3.87 3.86 3.64 2.82 2.14 1.38 0.56 0.02 0.00 0.00 0.00
0.00 0.00 0.00 0.00 0.00 0.00 0.00 1.86 6.52 10.84 16.01 20.69 23.86 21.36 21.38 20.23 14.66 11.28 7.33 3.26 0.26 0.00 0.00 0.00
0.00 0.00 0.00 0.00 0.00 0.00 0.00 1.35 4.45 7.35 10.88 14.00 15.97 14.95 14.95 14.01 10.12 7.79 5.01 2.04 0.12 0.00 0.00 0.00
0.00 0.00 0.00 0.00 0.00 0.00 0.00 1.87 6.14 10.14 15.01 19.32 22.04 20.63 20.63 19.33 13.96 10.75 6.91 2.81 0.16 0.00 0.00 0.00
0.00 0.00 0.00 0.00 0.00 0.00 0.00 1.27 4.18 6.91 10.22 13.16 15.02 14.05 14.06 13.17 9.51 7.32 4.71 1.92 0.11 0.00 0.00 0.00
0.00 0.00 0.00 0.00 0.00 0.00 0.00 0.99 3.48 5.78 8.54 11.04 12.73 11.39 11.40 10.79 7.82 6.02 3.91 1.74 0.14 0.00 0.00 0.00
0.00 0.00 0.00 0.00 0.00 0.00 0.00 1.07 3.39 5.61 8.29 10.53 12.09 12.98 12.94 11.86 9.72 7.31 4.59 1.63 0.05 0.00 0.00 0.00
0.00 0.00 0.00 0.00 0.00 0.00 0.00 0.71 3.10 5.34 8.07 10.69 12.61 11.43 11.48 10.96 9.16 7.16 4.69 2.06 0.27 0.00 0.00 0.00
0.00 0.00 0.00 0.00 0.00 0.00 0.00 2.83 28.28 52.34 81.11 106.18 124.82 117.18 119.63 115.38 83.26 64.34 41.20 18.58 3.13 0.00 0.00 0.00
0.00 0.00 0.00 0.00 0.00 0.00 0.00 0.75 3.59 6.26 10.63 14.50 17.72 16.25 16.96 16.24 13.30 10.41 6.84 3.24 0.63 0.00 0.00 0.00
0.00 0.00 0.00 0.00 0.00 0.00 0.00 1.49 6.26 10.71 16.52 22.72 27.04 24.28 24.42 23.24 19.12 14.78 9.70 4.24 0.70 0.00 0.00 0.00
0.00 0.00 0.00 0.00 0.00 0.00 0.00 0.68 2.87 4.91 7.57 10.41 12.39 11.13 11.19 10.65 8.76 6.77 4.45 1.94 0.32 0.00 0.00 0.00
0.00 0.00 0.00 0.00 0.00 0.00 0.00 0.88 4.16 7.27 12.96 17.60 21.56 19.90 20.75 19.89 16.32 12.78 8.43 4.04 0.79 0.00 0.00 0.00
0.00 0.00 0.00 0.00 0.00 0.00 0.00 0.49 2.03 3.48 5.36 7.34 8.85 8.49 8.72 8.30 6.54 5.10 3.37 1.56 0.28 0.00 0.00 0.00
0.00 0.00 0.00 0.00 0.00 0.00 0.00 1.85 15.74 29.01 56.16 81.27 103.73 110.98 117.50 113.14 78.80 62.49 42.72 24.11 6.37 0.00 0.00 0.00
0.00 0.00 0.00 0.00 0.00 0.00 0.00 2.45 11.56 20.16 29.89 38.85 45.41 48.88 49.50 46.92 41.16 32.98 22.62 10.89 3.46 0.00 0.00 0.00
0.00 0.00 0.00 0.00 0.00 0.00 0.00 0.51 2.54 4.45 6.69 8.71 10.19 10.96 11.19 10.50 9.19 7.29 4.99 2.40 0.75 0.00 0.00 0.00
0.00 0.00 0.00 0.00 0.00 0.00 0.00 0.53 2.77 4.90 7.08 9.36 11.21 11.77 11.80 11.07 9.85 7.72 5.27 2.66 0.80 0.00 0.00 0.00
0.00 0.00 0.00 0.00 0.00 0.00 0.00 0.85 4.44 7.84 11.33 14.98 17.94 18.84 18.88 17.71 15.76 12.35 8.44 4.25 1.27 0.00 0.00 0.00
0.00 0.00 0.00 0.00 0.00 0.00 0.00 3.64 102.63 197.75 314.38 419.05 502.78 553.83 559.04 524.61 443.13 345.58 239.74 130.90 46.43 0.00 0.00 0.00
