0.00 0.00 0.00 0.00 0.00 0.00 0.00 0.00 0.20 1.09 2.11 2.96 3.66 3.99 4.07 3.87 3.29 2.36 1.42 0.15 0.00 0.00 0.00 0.00
0.00 0.00 0.00 0.00 0.00 0.00 0.00 0.00 9.39 26.35 45.47 61.97 71.38 69.37 67.58 61.41 45.65 31.48 17.19 0.28 0.00 0.00 0.00 0.00
0.00 0.00 0.00 0.00 0.00 0.00 0.00 0.00 4.63 24.88 48.14 67.72 83.58 91.14 92.95 88.51 75.15 54.02 32.37 3.42 0.00 0.00 0.00 0.00
0.00 0.00 0.00 0.00 0.00 0.00 0.00 0.00 16.47 88.41 171.09 240.67 297.04 323.90 330.35 314.54 267.08 191.99 115.05 12.16 0.00 0.00 0.00 0.00
0.00 0.00 0.00 0.00 0.00 0.00 0.00 0.00 2.07 5.00 8.00 10.44 11.72 12.70 12.15 10.67 8.48 5.67 2.83 0.00 0.00 0.00 0.00 0.00
0.00 0.00 0.00 0.00 0.00 0.00 0.00 0.00 27.91 186.33 372.26 524.65 651.24 742.66 770.24 739.32 628.44 454.17 278.24 36.45 0.00 0.00 0.00 0.00
0.00 0.00 0.00 0.00 0.00 0.00 0.00 0.00 0.89 2.56 4.42 6.03 7.10 7.77 7.80 7.16 5.85 3.94 2.09 0.00 0.00 0.00 0.00 0.00
0.00 0.00 0.00 0.00 0.00 0.00 0.00 0.00 0.54 1.53 2.64 3.55 3.99 4.35 4.24 3.89 3.24 2.23 1.21 0.02 0.00 0.00 0.00 0.00
0.00 0.00 0.00 0.00 0.00 0.00 0.00 0.00 0.87 2.45 4.22 5.69 6.38 6.95 6.79 6.23 5.19 3.57 1.94 0.03 0.00 0.00 0.00 0.00
0.00 0.00 0.00 0.00 0.00 0.00 0.00 0.00 0.87 2.45 4.22 5.69 6.38 6.95 6.79 6.23 5.19 3.57 1.94 0.03 0.00 0.00 0.00 0.00
0.00 0.00 0.00 0.00 0.00 0.00 0.00 0.00 1.61 4.99 8.89 12.50 14.65 16.51 16.22 15.21 12.95 9.02 5.02 0.12 0.00 0.00 0.00 0.00
0.00 0.00 0.00 0.00 0.00 0.00 0.00 0.00 0.77 2.38 4.25 5.99 6.94 7.82 7.70 7.27 6.14 4.26 2.37 0.05 0.00 0.00 0.00 0.00
0.00 0.00 0.00 0.00 0.00 0.00 0.00 0.00 0.99 3.06 5.46 7.70 8.92 10.05 9.90 9.35 7.90 5.47 3.04 0.07 0.00 0.00 0.00 0.00
0.00 0.00 0.00 0.00 0.00 0.00 0.00 0.00 0.66 2.04 3.64 5.13 5.95 6.70 6.60 6.23 5.26 3.65 2.03 0.05 0.00 0.00 0.00 0.00
0.00 0.00 0.00 0.00 0.00 0.00 0.00 0.00 0.66 2.04 3.64 5.13 5.95 6.70 6.60 6.23 5.26 3.65 2.03 0.05 0.00 0.00 0.00 0.00
0.00 0.00 0.00 0.00 0.00 0.00 0.00 0.00 8.43 27.68 46.99 66.85 78.72 84.13 83.94 77.96 63.36 44.25 25.43 2.02 0.00 0.00 0.00 0.00
0.00 0.00 0.00 0.00 0.00 0.00 0.00 0.00 5.15 15.62 27.62 38.47 44.57 49.22 48.92 45.28 38.47 26.87 14.82 0.35 0.00 0.00 0.00 0.00
0.00 0.00 0.00 0.00 0.00 0.00 0.00 0.00 3.93 12.42 22.05 30.58 36.64 41.32 41.22 38.66 32.59 22.81 12.68 0.29 0.00 0.00 0.00 0.00
0.00 0.00 0.00 0.00 0.00 0.00 0.00 0.00 8.23 54.96 109.80 154.75 192.09 219.06 227.19 218.07 185.37 133.96 82.07 10.75 0.00 0.00 0.00 0.00
0.00 0.00 0.00 0.00 0.00 0.00 0.00 0.00 7.83 52.28 104.45 147.20 182.72 208.37 216.11 207.44 176.33 127.43 78.07 10.23 0.00 0.00 0.00 0.00
0.00 0.00 0.00 0.00 0.00 0.00 0.00 0.00 15.06 100.54 200.86 283.09 351.39 400.72 415.60 398.92 339.09 245.06 150.13 19.67 0.00 0.00 0.00 0.00
0.00 0.00 0.00 0.00 0.00 0.00 0.00 0.00 14.81 98.86 197.51 278.37 345.53 394.04 408.67 392.27 333.44 240.97 147.63 19.34 0.00 0.00 0.00 0.00
0.00 0.00 0.00 0.00 0.00 0.00 0.00 0.00 19.13 113.33 222.66 309.89 388.25 429.94 441.63 416.49 348.53 250.14 150.42 16.52 0.00 0.00 0.00 0.00
0.00 0.00 0.00 0.00 0.00 0.00 0.00 0.00 0.54 1.53 2.64 3.55 3.99 4.35 4.24 3.89 3.24 2.23 1.21 0.02 0.00 0.00 0.00 0.00
0.00 0.00 0.00 0.00 0.00 0.00 0.00 0.00 2.75 7.74 13.36 18.01 20.21 22.02 21.49 19.73 16.42 11.31 6.14 0.09 0.00 0.00 0.00 0.00
0.00 0.00 0.00 0.00 0.00 0.00 0.00 0.00 14.05 39.53 68.19 91.94 103.16 112.44 109.73 100.73 83.83 57.74 31.37 0.43 0.00 0.00 0.00 0.00
0.00 0.00 0.00 0.00 0.00 0.00 0.00 0.00 0.56 3.75 7.50 10.57 13.12 14.96 15.52 14.89 12.66 9.15 5.60 0.73 0.00 0.00 0.00 0.00
0.00 0.00 0.00 0.00 0.00 0.00 0.00 0.00 16.21 87.03 168.42 236.91 292.41 318.85 325.20 309.64 262.91 189.00 113.26 11.97 0.00 0.00 0.00 0.00
0.00 0.00 0.00 0.00 0.00 0.00 0.00 0.00 1.66 6.51 12.13 17.72 22.37 24.75 26.08 25.27 20.77 15.18 8.88 0.62 0.00 0.00 0.00 0.00
0.00 0.00 0.00 0.00 0.00 0.00 0.00 0.00 11.89 48.63 90.43 125.57 148.93 159.74 165.04 152.98 131.64 91.05 52.39 2.65 0.00 0.00 0.00 0.00
0.00 0.00 0.00 0.00 0.00 0.00 0.00 0.00 0.27 1.45 2.81 3.95 4.87 5.31 5.42 5.16 4.38 3.15 1.89 0.20 0.00 0.00 0.00 0.00
0.00 0.00 0.00 0.00 0.00 0.00 0.00 0.00 12.16 65.28 126.32 177.69 219.30 239.14 243.90 232.23 197.19 141.75 84.94 8.98 0.00 0.00 0.00 0.00
0.00 0.00 0.00 0.00 0.00 0.00 0.00 0.00 15.60 83.77 162.11 228.03 281.44 306.90 313.01 298.03 253.05 181.91 109.01 11.52 0.00 0.00 0.00 0.00
0.00 0.00 0.00 0.00 0.00 0.00 0.00 0.00 25.23 149.46 293.64 408.67 512.00 566.99 582.40 549.25 459.62 329.88 198.36 21.79 0.00 0.00 0.00 0.00
0.00 0.00 0.00 0.00 0.00 0.00 0.00 0.00 1.17 3.71 6.62 9.32 10.95 12.51 12.27 11.26 9.72 6.86 3.86 0.13 0.00 0.00 0.00 0.00
0.00 0.00 0.00 0.00 0.00 0.00 0.00 0.00 1.49 4.71 8.37 11.71 13.86 15.52 15.18 14.25 12.13 8.55 4.79 0.15 0.00 0.00 0.00 0.00
0.00 0.00 0.00 0.00 0.00 0.00 0.00 0.00 6.85 26.84 50.05 73.10 92.28 102.10 107.59 104.25 85.69 62.63 36.61 2.57 0.00 0.00 0.00 0.00
0.00 0.00 0.00 0.00 0.00 0.00 0.00 0.00 9.12 103.44 217.37 308.28 383.95 400.61 413.96 388.65 311.48 227.06 139.36 20.15 0.00 0.00 0.00 0.00
0.00 0.00 0.00 0.00 0.00 0.00 0.00 0.00 0.44 1.29 2.26 3.04 3.54 3.91 3.85 3.53 2.97 2.05 1.12 0.02 0.00 0.00 0.00 0.00
0.00 0.00 0.00 0.00 0.00 0.00 0.00 0.00 4.74 22.64 43.48 60.92 74.39 82.36 84.64 78.93 65.54 46.67 27.53 2.30 0.00 0.00 0.00 0.00
0.00 0.00 0.00 0.00 0.00 0.00 0.00 0.00 0.68 7.06 14.54 20.98 25.60 28.77 29.72 28.09 23.69 17.27 10.85 1.52 0.00 0.00 0.00 0.00
0.00 0.00 0.00 0.00 0.00 0.00 0.00 0.00 1.09 3.02 5.19 7.12 8.47 9.15 8.93 8.24 6.61 4.46 2.33 0.00 0.00 0.00 0.00 0.00
0.00 0.00 0.00 0.00 0.00 0.00 0.00 0.00 0.54 1.51 2.60 3.56 4.24 4.57 4.47 4.12 3.30 2.23 1.17 0.00 0.00 0.00 0.00 0.00
0.00 0.00 0.00 0.00 0.00 0.00 0.00 0.00 1.19 3.30 5.68 7.79 9.27 10.01 9.77 9.01 7.23 4.88 2.55 0.00 0.00 0.00 0.00 0.00
0.00 0.00 0.00 0.00 0.00 0.00 0.00 0.00 1.44 3.99 6.84 9.24 10.93 11.83 11.71 10.80 8.67 5.82 3.06 0.00 0.00 0.00 0.00 0.00
0.00 0.00 0.00 0.00 0.00 0.00 0.00 0.00 2.19 6.07 10.43 14.09 16.65 18.03 17.84 16.46 13.21 8.87 4.66 0.00 0.00 0.00 0.00 0.00
0.00 0.00 0.00 0.00 0.00 0.00 0.00 0.00 1.80 5.18 9.00 12.13 14.42 15.81 15.92 14.64 11.74 8.01 4.25 0.00 0.00 0.00 0.00 0.00
0.00 0.00 0.00 0.00 0.00 0.00 0.00 0.00 1.14 4.13 7.41 10.10 11.89 12.89 13.08 12.13 10.03 6.96 3.91 0.11 0.00 0.00 0.00 0.00
0.00 0.00 0.00 0.00 0.00 0.00 0.00 0.00 2.95 10.67 19.15 26.09 30.71 33.29 33.79 31.33 25.91 17.98 10.10 0.28 0.00 0.00 0.00 0.00
0.00 0.00 0.00 0.00 0.00 0.00 0.00 0.00 0.73 2.69 4.95 6.72 8.05 8.85 9.06 8.29 6.91 4.72 2.68 0.11 0.00 0.00 0.00 0.00
0.00 0.00 0.00 0.00 0.00 0.00 0.00 0.00 2.10 5.90 10.19 13.77 15.70 17.21 17.12 15.58 12.78 8.73 4.68 0.00 0.00 0.00 0.00 0.00
0.00 0.00 0.00 0.00 0.00 0.00 0.00 0.00 3.35 9.53 16.45 22.18 26.00 28.92 29.56 27.20 22.30 14.99 8.01 0.00 0.00 0.00 0.00 0.00
0.00 0.00 0.00 0.00 0.00 0.00 0.00 0.00 0.62 1.51 2.45 3.24 3.58 3.83 3.73 3.33 2.75 1.87 0.94 0.00 0.00 0.00 0.00 0.00
0.00 0.00 0.00 0.00 0.00 0.00 0.00 0.00 3.32 8.55 14.12 18.69 21.00 23.04 22.11 19.89 15.99 10.98 5.73 0.00 0.00 0.00 0.00 0.00
0.00 0.00 0.00 0.00 0.00 0.00 0.00 0.00 2.28 5.70 9.39 12.33 13.60 15.07 14.70 13.11 10.51 7.01 3.59 0.00 0.00 0.00 0.00 0.00
0.00 0.00 0.00 0.00 0.00 0.00 0.00 0.00 3.14 7.86 12.96 17.01 18.76 20.80 20.28 18.10 14.51 9.68 4.96 0.00 0.00 0.00 0.00 0.00
0.00 0.00 0.00 0.00 0.00 0.00 0.00 0.00 2.14 5.35 8.83 11.59 12.78 14.17 13.81 12.33 9.88 6.59 3.38 0.00 0.00 0.00 0.00 0.00
0.00 0.00 0.00 0.00 0.00 0.00 0.00 0.00 1.77 4.56 7.53 9.97 11.20 12.29 11.79 10.61 8.53 5.85 3.05 0.00 0.00 0.00 0.00 0.00
0.00 0.00 0.00 0.00 0.00 0.00 0.00 0.00 1.76 4.29 6.97 9.21 10.33 11.23 10.93 9.73 7.68 5.08 2.56 0.00 0.00 0.00 0.00 0.00
0.00 0.00 0.00 0.00 0.00 0.00 0.00 0.00 1.56 4.38 7.56 10.19 11.43 12.46 12.16 11.16 9.29 6.40 3.48 0.05 0.00 0.00 0.00 0.00
0.00 0.00 0.00 0.00 0.00 0.00 0.00 0.00 10.98 36.03 61.17 87.01 102.46 109.50 109.25 101.47 82.47 57.59 33.10 2.63 0.00 0.00 0.00 0.00
0.00 0.00 0.00 0.00 0.00 0.00 0.00 0.00 1.82 5.66 10.07 14.17 16.60 18.72 18.39 17.24 14.67 10.22 5.69 0.14 0.00 0.00 0.00 0.00
0.00 0.00 0.00 0.00 0.00 0.00 0.00 0.00 2.82 8.24 15.23 20.58 23.82 27.20 27.09 25.17 20.97 14.66 8.00 0.08 0.00 0.00 0.00 0.00
0.00 0.00 0.00 0.00 0.00 0.00 0.00 0.00 1.29 3.78 6.98 9.43 10.92 12.47 12.41 11.53 9.61 6.72 3.67 0.04 0.00 0.00 0.00 0.00
0.00 0.00 0.00 0.00 0.00 0.00 0.00 0.00 2.24 6.97 12.37 17.35 20.34 22.97 22.61 21.11 17.94 12.61 7.02 0.17 0.00 0.00 0.00 0.00
0.00 0.00 0.00 0.00 0.00 0.00 0.00 0.00 1.06 3.14 5.50 7.37 8.59 9.49 9.34 8.56 7.21 4.99 2.72 0.04 0.00 0.00 0.00 0.00
0.00 0.00 0.00 0.00 0.00 0.00 0.00 0.00 7.09 27.79 51.82 75.68 95.54 105.71 111.39 107.94 88.72 64.85 37.90 2.66 0.00 0.00 0.00 0.00
0.00 0.00 0.00 0.00 0.00 0.00 0.00 0.00 2.84 11.63 21.63 30.03 35.61 38.20 39.47 36.58 31.48 21.77 12.53 0.63 0.00 0.00 0.00 0.00
0.00 0.00 0.00 0.00 0.00 0.00 0.00 0.00 0.63 2.58 4.80 6.70 8.00 8.90 9.06 8.37 6.92 4.91 2.83 0.15 0.00 0.00 0.00 0.00
0.00 0.00 0.00 0.00 0.00 0.00 0.00 0.00 0.79 3.13 5.79 8.01 9.69 10.91 11.03 10.20 8.62 6.13 3.54 0.19 0.00 0.00 0.00 0.00
0.00 0.00 0.00 0.00 0.00 0.00 0.00 0.00 1.26 5.01 9.27 12.81 15.50 17.45 17.65 16.32 13.80 9.82 5.66 0.30 0.00 0.00 0.00 0.00
0.00 0.00 0.00 0.00 0.00 0.00 0.00 0.00 15.31 102.21 204.21 287.80 357.24 407.39 422.52 405.56 344.74 249.14 152.63 19.99 0.00 0.00 0.00 0.00
