0.00 0.00 0.00 0.00 0.00 0.00 0.00 0.00 0.50 1.38 2.36 3.25 4.02 4.56 4.70 4.49 3.96 3.04 1.95 0.67 0.00 0.00 0.00 0.00
0.00 0.00 0.00 0.00 0.00 0.00 0.00 0.00 15.14 33.82 51.84 66.53 80.49 74.54 72.88 68.02 50.00 37.17 23.84 6.91 0.00 0.00 0.00 0.00
0.00 0.00 0.00 0.00 0.00 0.00 0.00 0.00 11.48 31.63 53.89 74.33 92.00 104.33 107.43 102.74 90.47 69.54 44.60 15.35 0.01 0.00 0.00 0.00
0.00 0.00 0.00 0.00 0.00 0.00 0.00 0.00 40.79 112.41 191.51 264.18 326.95 370.78 381.80 365.13 321.52 247.14 158.52 54.55 0.05 0.00 0.00 0.00
0.00 0.00 0.00 0.00 0.00 0.00 0.00 0.00 2.98 5.90 8.66 10.98 12.61 12.00 11.70 10.76 9.47 6.95 4.42 0.85 0.00 0.00 0.00 0.00
0.00 0.00 0.00 0.00 0.00 0.00 0.00 0.00 79.71 240.16 395.53 549.88 680.37 754.53 776.36 760.29 693.30 533.92 344.61 147.65 6.59 0.00 0.00 0.00
0.00 0.00 0.00 0.00 0.00 0.00 0.00 0.00 1.56 3.27 5.15 6.76 8.08 8.68 8.80 8.22 7.12 5.32 3.41 0.80 0.00 0.00 0.00 0.00
0.00 0.00 0.00 0.00 0.00 0.00 0.00 0.00 0.56 1.25 1.61 2.14 2.51 2.42 2.40 2.26 2.02 1.51 0.94 0.35 0.00 0.00 0.00 0.00
0.00 0.00 0.00 0.00 0.00 0.00 0.00 0.00 0.90 1.99 2.58 3.42 4.02 3.87 3.84 3.61 3.22 2.42 1.51 0.56 0.00 0.00 0.00 0.00
0.00 0.00 0.00 0.00 0.00 0.00 0.00 0.00 0.90 1.99 2.58 3.42 4.02 3.87 3.84 3.61 3.22 2.42 1.51 0.56 0.00 0.00 0.00 0.00
0.00 0.00 0.00 0.00 0.00 0.00 0.00 0.00 1.61 3.71 6.12 8.23 10.01 12.14 12.31 11.56 10.31 7.61 4.71 1.70 0.00 0.00 0.00 0.00
0.00 0.00 0.00 0.00 0.00 0.00 0.00 0.00 0.71 1.63 2.64 3.59 4.37 5.08 5.08 4.76 4.30 3.17 1.95 0.70 0.00 0.00 0.00 0.00
0.00 0.00 0.00 0.00 0.00 0.00 0.00 0.00 0.91 2.09 3.40 4.61 5.62 6.53 6.53 6.12 5.53 4.07 2.50 0.90 0.00 0.00 0.00 0.00
0.00 0.00 0.00 0.00 0.00 0.00 0.00 0.00 0.61 1.39 2.27 3.08 3.74 4.35 4.35 4.08 3.68 2.72 1.67 0.60 0.00 0.00 0.00 0.00
0.00 0.00 0.00 0.00 0.00 0.00 0.00 0.00 0.61 1.39 2.27 3.08 3.74 4.35 4.35 4.08 3.68 2.72 1.67 0.60 0.00 0.00 0.00 0.00
0.00 0.00 0.00 0.00 0.00 0.00 0.00 0.00 9.18 22.95 39.63 53.25 63.90 63.87 64.33 60.66 60.15 45.22 27.40 11.69 0.00 0.00 0.00 0.00
0.00 0.00 0.00 0.00 0.00 0.00 0.00 0.00 6.89 15.57 26.78 35.69 43.15 45.93 46.50 43.48 35.51 26.23 16.36 5.26 0.00 0.00 0.00 0.00
0.00 0.00 0.00 0.00 0.00 0.00 0.00 0.00 6.89 15.74 26.11 34.70 41.61 45.05 44.81 42.46 36.29 27.42 17.41 5.42 0.00 0.00 0.00 0.00
0.00 0.00 0.00 0.00 0.00 0.00 0.00 0.00 23.51 70.84 116.67 162.20 200.69 222.56 229.00 224.26 204.50 157.49 101.65 43.55 1.95 0.00 0.00 0.00
0.00 0.00 0.00 0.00 0.00 0.00 0.00 0.00 22.37 67.38 110.98 154.28 190.90 211.70 217.83 213.32 194.52 149.80 96.69 41.43 1.85 0.00 0.00 0.00
0.00 0.00 0.00 0.00 0.00 0.00 0.00 0.00 43.01 129.58 213.42 296.70 367.11 407.12 418.90 410.23 374.09 288.09 185.94 79.67 3.56 0.00 0.00 0.00
0.00 0.00 0.00 0.00 0.00 0.00 0.00 0.00 42.29 127.42 209.86 291.75 360.99 400.33 411.92 403.39 367.85 283.28 182.84 78.34 3.50 0.00 0.00 0.00
0.00 0.00 0.00 0.00 0.00 0.00 0.00 0.00 52.46 145.69 252.19 346.67 432.39 484.81 499.72 476.12 422.35 327.28 211.30 71.79 1.61 0.00 0.00 0.00
0.00 0.00 0.00 0.00 0.00 0.00 0.00 0.00 0.56 1.25 1.61 2.14 2.51 2.42 2.40 2.26 2.02 1.51 0.94 0.35 0.00 0.00 0.00 0.00
0.00 0.00 0.00 0.00 0.00 0.00 0.00 0.00 2.85 6.31 8.18 10.83 12.72 12.25 12.15 11.43 10.21 7.66 4.77 1.76 0.00 0.00 0.00 0.00
0.00 0.00 0.00 0.00 0.00 0.00 0.00 0.00 14.57 32.23 41.77 55.30 64.95 62.55 62.03 58.37 52.12 39.09 24.33 8.97 0.00 0.00 0.00 0.00
0.00 0.00 0.00 0.00 0.00 0.00 0.00 0.00 1.61 4.84 7.97 11.08 13.71 15.20 15.64 15.32 13.97 10.76 6.94 2.97 0.13 0.00 0.00 0.00
0.00 0.00 0.00 0.00 0.00 0.00 0.00 0.00 40.15 110.66 188.53 260.06 321.85 365.00 375.85 359.44 316.51 243.29 156.05 53.70 0.05 0.00 0.00 0.00
0.00 0.00 0.00 0.00 0.00 0.00 0.00 0.00 3.16 8.17 13.77 18.90 23.32 24.91 25.03 23.46 20.88 15.66 10.34 4.30 0.00 0.00 0.00 0.00
0.00 0.00 0.00 0.00 0.00 0.00 0.00 0.00 24.88 60.43 99.37 134.98 163.68 181.55 186.94 175.70 150.58 116.72 73.92 22.27 0.00 0.00 0.00 0.00
0.00 0.00 0.00 0.00 0.00 0.00 0.00 0.00 0.67 1.84 3.14 4.33 5.36 6.08 6.26 5.99 5.28 4.05 2.60 0.90 0.00 0.00 0.00 0.00
0.00 0.00 0.00 0.00 0.00 0.00 0.00 0.00 30.12 83.00 141.39 195.05 241.39 273.75 281.89 269.58 237.38 182.47 117.04 40.28 0.04 0.00 0.00 0.00
0.00 0.00 0.00 0.00 0.00 0.00 0.00 0.00 38.65 106.51 181.46 250.31 309.78 351.31 361.75 345.96 304.64 234.17 150.20 51.69 0.05 0.00 0.00 0.00
0.00 0.00 0.00 0.00 0.00 0.00 0.00 0.00 69.18 192.12 332.57 457.18 570.21 639.34 659.00 627.89 556.97 431.60 278.65 94.68 2.13 0.00 0.00 0.00
0.00 0.00 0.00 0.00 0.00 0.00 0.00 0.00 1.01 2.39 3.95 5.36 6.56 8.47 8.51 7.94 7.26 5.41 3.34 1.32 0.00 0.00 0.00 0.00
0.00 0.00 0.00 0.00 0.00 0.00 0.00 0.00 1.32 3.11 5.16 7.00 8.56 10.26 10.29 9.58 8.57 6.39 3.92 1.53 0.00 0.00 0.00 0.00
0.00 0.00 0.00 0.00 0.00 0.00 0.00 0.00 13.05 33.71 56.80 77.98 96.21 102.77 103.25 96.78 86.14 64.59 42.64 17.72 0.00 0.00 0.00 0.00
0.00 0.00 0.00 0.00 0.00 0.00 0.00 0.00 44.96 133.63 238.67 325.28 404.12 463.08 480.63 458.16 408.61 320.72 212.23 81.16 9.32 0.00 0.00 0.00
0.00 0.00 0.00 0.00 0.00 0.00 0.00 0.00 0.71 1.57 2.54 3.43 4.15 4.16 4.19 3.88 3.05 2.28 1.43 0.41 0.00 0.00 0.00 0.00
0.00 0.00 0.00 0.00 0.00 0.00 0.00 0.00 10.94 28.60 47.92 65.49 80.18 90.30 91.99 87.82 70.63 53.92 33.96 12.57 0.00 0.00 0.00 0.00
0.00 0.00 0.00 0.00 0.00 0.00 0.00 0.00 2.45 8.42 14.99 21.17 26.34 28.77 29.34 27.70 24.82 19.23 12.87 5.22 0.53 0.00 0.00 0.00
0.00 0.00 0.00 0.00 0.00 0.00 0.00 0.00 1.87 3.86 5.92 7.65 9.10 9.80 9.98 9.36 8.05 5.93 3.82 0.89 0.00 0.00 0.00 0.00
0.00 0.00 0.00 0.00 0.00 0.00 0.00 0.00 0.93 1.93 2.96 3.83 4.55 4.90 4.99 4.68 4.02 2.97 1.91 0.45 0.00 0.00 0.00 0.00
0.00 0.00 0.00 0.00 0.00 0.00 0.00 0.00 2.04 4.22 6.48 8.37 9.95 10.72 10.91 10.24 8.80 6.49 4.17 0.98 0.00 0.00 0.00 0.00
0.00 0.00 0.00 0.00 0.00 0.00 0.00 0.00 2.42 5.03 7.88 10.23 12.08 12.95 12.98 12.35 10.71 7.96 5.11 1.18 0.00 0.00 0.00 0.00
0.00 0.00 0.00 0.00 0.00 0.00 0.00 0.00 3.69 7.66 12.01 15.59 18.41 19.74 19.78 18.81 16.31 12.14 7.78 1.79 0.00 0.00 0.00 0.00
0.00 0.00 0.00 0.00 0.00 0.00 0.00 0.00 3.13 6.60 10.39 13.68 16.24 17.58 17.74 16.68 14.52 10.85 6.96 1.66 0.00 0.00 0.00 0.00
0.00 0.00 0.00 0.00 0.00 0.00 0.00 0.00 2.22 5.09 8.22 10.98 13.36 14.54 14.86 14.24 12.03 9.00 5.65 1.67 0.00 0.00 0.00 0.00
0.00 0.00 0.00 0.00 0.00 0.00 0.00 0.00 5.73 13.15 21.23 28.36 34.50 37.57 38.39 36.79 31.08 23.25 14.60 4.33 0.00 0.00 0.00 0.00
0.00 0.00 0.00 0.00 0.00 0.00 0.00 0.00 1.45 3.41 5.46 7.43 9.05 9.81 9.89 9.28 8.03 6.10 3.85 1.17 0.00 0.00 0.00 0.00
0.00 0.00 0.00 0.00 0.00 0.00 0.00 0.00 3.44 7.39 11.56 15.51 18.41 19.67 19.84 18.11 13.20 9.71 6.08 1.57 0.00 0.00 0.00 0.00
0.00 0.00 0.00 0.00 0.00 0.00 0.00 0.00 5.64 11.99 19.04 25.19 30.41 33.08 33.08 30.78 27.14 20.27 12.73 3.05 0.00 0.00 0.00 0.00
0.00 0.00 0.00 0.00 0.00 0.00 0.00 0.00 0.80 1.60 2.62 3.29 3.78 3.85 3.81 3.53 2.72 1.97 1.25 0.28 0.00 0.00 0.00 0.00
0.00 0.00 0.00 0.00 0.00 0.00 0.00 0.00 2.77 5.78 8.11 10.48 12.44 13.06 12.86 11.91 10.21 7.39 4.67 1.40 0.00 0.00 0.00 0.00
0.00 0.00 0.00 0.00 0.00 0.00 0.00 0.00 2.58 5.26 7.45 9.51 10.98 10.73 10.58 9.93 8.24 6.07 3.84 1.00 0.00 0.00 0.00 0.00
0.00 0.00 0.00 0.00 0.00 0.00 0.00 0.00 3.56 7.26 10.29 13.12 15.15 14.81 14.59 13.71 11.37 8.38 5.30 1.38 0.00 0.00 0.00 0.00
0.00 0.00 0.00 0.00 0.00 0.00 0.00 0.00 2.43 4.95 7.01 8.94 10.32 10.09 9.94 9.34 7.75 5.71 3.61 0.94 0.00 0.00 0.00 0.00
0.00 0.00 0.00 0.00 0.00 0.00 0.00 0.00 1.48 3.08 4.32 5.59 6.63 6.97 6.86 6.35 5.45 3.94 2.49 0.75 0.00 0.00 0.00 0.00
0.00 0.00 0.00 0.00 0.00 0.00 0.00 0.00 2.63 5.27 7.66 9.89 11.44 10.86 10.67 9.84 8.64 6.35 4.03 0.84 0.00 0.00 0.00 0.00
0.00 0.00 0.00 0.00 0.00 0.00 0.00 0.00 1.61 3.57 4.63 6.13 7.20 6.93 6.87 6.47 5.78 4.33 2.70 0.99 0.00 0.00 0.00 0.00
0.00 0.00 0.00 0.00 0.00 0.00 0.00 0.00 11.95 29.87 51.58 69.31 83.17 83.14 83.73 78.95 78.29 58.86 35.67 15.21 0.00 0.00 0.00 0.00
0.00 0.00 0.00 0.00 0.00 0.00 0.00 0.00 1.82 4.21 6.94 9.32 11.34 13.76 13.95 13.10 11.69 8.62 5.34 1.93 0.00 0.00 0.00 0.00
0.00 0.00 0.00 0.00 0.00 0.00 0.00 0.00 2.88 6.41 13.89 18.67 22.25 25.71 25.62 23.93 18.68 13.65 8.61 2.46 0.00 0.00 0.00 0.00
0.00 0.00 0.00 0.00 0.00 0.00 0.00 0.00 1.32 2.94 6.37 8.56 10.20 11.78 11.74 10.97 8.56 6.26 3.95 1.13 0.00 0.00 0.00 0.00
0.00 0.00 0.00 0.00 0.00 0.00 0.00 0.00 2.39 5.51 9.27 12.40 15.05 18.60 18.94 17.76 15.52 11.49 7.16 2.49 0.00 0.00 0.00 0.00
0.00 0.00 0.00 0.00 0.00 0.00 0.00 0.00 1.72 3.81 6.17 8.33 10.07 10.11 10.18 9.42 7.42 5.53 3.47 0.99 0.00 0.00 0.00 0.00
0.00 0.00 0.00 0.00 0.00 0.00 0.00 0.00 13.51 34.90 58.81 80.73 99.61 106.40 106.90 100.20 89.19 66.87 44.15 18.34 0.00 0.00 0.00 0.00
0.00 0.00 0.00 0.00 0.00 0.00 0.00 0.00 5.95 14.45 23.76 32.28 39.14 43.41 44.70 42.01 36.01 27.91 17.68 5.32 0.00 0.00 0.00 0.00
0.00 0.00 0.00 0.00 0.00 0.00 0.00 0.00 1.32 3.25 5.33 7.18 8.73 9.70 9.98 9.52 7.97 6.05 3.89 1.21 0.00 0.00 0.00 0.00
0.00 0.00 0.00 0.00 0.00 0.00 0.00 0.00 1.64 4.03 6.67 9.14 11.25 12.47 12.43 11.63 10.05 7.54 4.82 1.51 0.00 0.00 0.00 0.00
0.00 0.00 0.00 0.00 0.00 0.00 0.00 0.00 2.63 6.45 10.66 14.63 18.00 19.94 19.89 18.61 16.09 12.06 7.71 2.42 0.00 0.00 0.00 0.00
0.00 0.00 0.00 0.00 0.00 0.00 0.00 0.00 43.73 131.74 216.97 301.64 373.23 413.91 425.88 417.07 380.32 292.89 189.04 81.00 3.62 0.00 0.00 0.00
