0.00 0.00 0.00 0.00 0.00 0.00 0.00 0.00 0.44 1.26 2.28 3.15 3.89 4.32 4.45 4.25 3.06 2.34 1.48 0.48 0.00 0.00 0.00 0.00
0.00 0.00 0.00 0.00 0.00 0.00 0.00 0.00 14.81 33.60 45.87 59.07 71.64 69.84 68.36 63.81 62.14 45.87 29.01 6.12 0.00 0.00 0.00 0.00
0.00 0.00 0.00 0.00 0.00 0.00 0.00 0.00 10.04 28.77 52.16 71.95 88.89 98.78 101.67 97.11 69.95 53.43 33.87 10.97 0.00 0.00 0.00 0.00
0.00 0.00 0.00 0.00 0.00 0.00 0.00 0.00 35.67 102.24 185.36 255.69 315.90 351.04 361.32 345.13 248.61 189.90 120.39 38.99 0.00 0.00 0.00 0.00
0.00 0.00 0.00 0.00 0.00 0.00 0.00 0.00 2.69 5.41 8.63 10.94 12.56 12.77 12.45 11.44 9.83 7.17 4.50 0.75 0.00 0.00 0.00 0.00
0.00 0.00 0.00 0.00 0.00 0.00 0.00 0.00 73.10 230.06 378.01 525.43 648.96 801.63 823.76 805.01 689.18 527.90 337.14 74.71 0.00 0.00 0.00 0.00
0.00 0.00 0.00 0.00 0.00 0.00 0.00 0.00 1.50 3.20 5.05 6.62 7.90 8.44 8.55 7.96 6.64 4.93 3.11 0.68 0.00 0.00 0.00 0.00
0.00 0.00 0.00 0.00 0.00 0.00 0.00 0.00 0.87 1.94 2.59 3.42 4.01 3.45 3.42 3.21 3.55 2.65 1.63 0.45 0.00 0.00 0.00 0.00
0.00 0.00 0.00 0.00 0.00 0.00 0.00 0.00 1.39 3.10 4.14 5.48 6.42 5.52 5.47 5.14 5.67 4.24 2.61 0.72 0.00 0.00 0.00 0.00
0.00 0.00 0.00 0.00 0.00 0.00 0.00 0.00 1.39 3.10 4.14 5.48 6.42 5.52 5.47 5.14 5.67 4.24 2.61 0.72 0.00 0.00 0.00 0.00
0.00 0.00 0.00 0.00 0.00 0.00 0.00 0.00 2.93 6.84 10.95 14.66 17.73 15.58 15.82 14.87 11.24 8.26 5.07 1.72 0.00 0.00 0.00 0.00
0.00 0.00 0.00 0.00 0.00 0.00 0.00 0.00 1.38 3.21 5.05 6.82 8.25 6.77 6.78 6.36 5.34 3.93 2.39 0.77 0.00 0.00 0.00 0.00
0.00 0.00 0.00 0.00 0.00 0.00 0.00 0.00 1.77 4.13 6.49 8.77 10.61 8.70 8.72 8.18 6.87 5.05 3.07 0.99 0.00 0.00 0.00 0.00
0.00 0.00 0.00 0.00 0.00 0.00 0.00 0.00 1.18 2.75 4.33 5.85 7.08 5.80 5.81 5.45 4.58 3.37 2.05 0.66 0.00 0.00 0.00 0.00
0.00 0.00 0.00 0.00 0.00 0.00 0.00 0.00 1.18 2.75 4.33 5.85 7.08 5.80 5.81 5.45 4.58 3.37 2.05 0.66 0.00 0.00 0.00 0.00
0.00 0.00 0.00 0.00 0.00 0.00 0.00 0.00 14.97 37.92 63.74 85.28 101.76 84.27 84.96 80.15 56.91 42.66 25.62 9.09 0.00 0.00 0.00 0.00
0.00 0.00 0.00 0.00 0.00 0.00 0.00 0.00 8.92 20.47 32.93 43.77 52.71 46.84 47.48 44.40 33.65 24.77 15.28 5.12 0.00 0.00 0.00 0.00
0.00 0.00 0.00 0.00 0.00 0.00 0.00 0.00 7.31 16.99 27.72 36.75 43.89 47.15 46.87 44.33 33.53 25.25 15.88 4.59 0.00 0.00 0.00 0.00
0.00 0.00 0.00 0.00 0.00 0.00 0.00 0.00 21.56 67.86 111.50 154.98 191.42 236.45 242.98 237.45 203.28 155.71 99.44 22.04 0.00 0.00 0.00 0.00
0.00 0.00 0.00 0.00 0.00 0.00 0.00 0.00 20.51 64.55 106.06 147.42 182.08 224.92 231.13 225.87 193.37 148.12 94.59 20.96 0.00 0.00 0.00 0.00
0.00 0.00 0.00 0.00 0.00 0.00 0.00 0.00 39.44 124.14 203.96 283.51 350.16 432.53 444.47 434.36 371.86 284.84 181.91 40.31 0.00 0.00 0.00 0.00
0.00 0.00 0.00 0.00 0.00 0.00 0.00 0.00 38.79 122.07 200.56 278.78 344.32 425.33 437.07 427.12 365.66 280.09 178.88 39.64 0.00 0.00 0.00 0.00
0.00 0.00 0.00 0.00 0.00 0.00 0.00 0.00 29.50 85.71 213.01 292.76 364.53 410.38 422.77 402.30 296.73 228.26 145.48 67.24 0.00 0.00 0.00 0.00
0.00 0.00 0.00 0.00 0.00 0.00 0.00 0.00 0.87 1.94 2.59 3.42 4.01 3.45 3.42 3.21 3.55 2.65 1.63 0.45 0.00 0.00 0.00 0.00
0.00 0.00 0.00 0.00 0.00 0.00 0.00 0.00 4.39 9.82 13.12 17.35 20.32 17.47 17.31 16.27 17.97 13.43 8.27 2.28 0.00 0.00 0.00 0.00
0.00 0.00 0.00 0.00 0.00 0.00 0.00 0.00 22.43 50.12 67.01 88.57 103.75 89.17 88.40 83.09 91.73 68.55 42.23 11.63 0.00 0.00 0.00 0.00
0.00 0.00 0.00 0.00 0.00 0.00 0.00 0.00 1.47 4.63 7.61 10.58 13.07 16.15 16.59 16.22 13.88 10.63 6.79 1.51 0.00 0.00 0.00 0.00
0.00 0.00 0.00 0.00 0.00 0.00 0.00 0.00 35.11 100.65 182.47 251.70 310.98 345.57 355.68 339.75 244.74 186.94 118.51 38.38 0.00 0.00 0.00 0.00
0.00 0.00 0.00 0.00 0.00 0.00 0.00 0.00 3.79 10.04 16.79 23.00 28.29 30.76 30.84 28.84 21.51 16.08 10.52 3.24 0.00 0.00 0.00 0.00
0.00 0.00 0.00 0.00 0.00 0.00 0.00 0.00 23.23 58.44 96.44 130.98 158.56 176.27 181.33 170.10 144.41 111.17 69.49 23.95 0.00 0.00 0.00 0.00
0.00 0.00 0.00 0.00 0.00 0.00 0.00 0.00 0.59 1.68 3.04 4.20 5.18 5.76 5.93 5.66 4.08 3.12 1.98 0.64 0.00 0.00 0.00 0.00
0.00 0.00 0.00 0.00 0.00 0.00 0.00 0.00 26.33 75.48 136.85 188.78 233.24 259.18 266.76 254.81 183.55 140.20 88.88 28.79 0.00 0.00 0.00 0.00
0.00 0.00 0.00 0.00 0.00 0.00 0.00 0.00 33.79 96.87 175.63 242.27 299.32 332.61 342.35 327.01 235.56 179.93 114.07 36.94 0.00 0.00 0.00 0.00
0.00 0.00 0.00 0.00 0.00 0.00 0.00 0.00 38.90 113.03 280.90 386.07 480.72 541.19 557.52 530.54 391.31 301.01 191.85 88.68 0.00 0.00 0.00 0.00
0.00 0.00 0.00 0.00 0.00 0.00 0.00 0.00 2.09 4.99 8.09 10.93 13.30 10.91 10.99 10.29 8.59 6.39 3.91 1.30 0.00 0.00 0.00 0.00
0.00 0.00 0.00 0.00 0.00 0.00 0.00 0.00 2.64 6.26 10.08 13.63 16.56 13.76 13.83 12.89 11.18 8.32 5.06 1.63 0.00 0.00 0.00 0.00
0.00 0.00 0.00 0.00 0.00 0.00 0.00 0.00 15.63 41.42 69.24 94.87 116.70 126.88 127.23 118.94 88.72 66.34 43.41 13.36 0.00 0.00 0.00 0.00
0.00 0.00 0.00 0.00 0.00 0.00 0.00 0.00 40.04 126.03 230.51 315.02 391.67 450.58 467.18 444.52 396.67 309.65 202.71 71.91 3.84 0.00 0.00 0.00
0.00 0.00 0.00 0.00 0.00 0.00 0.00 0.00 0.71 1.60 2.54 3.43 4.13 3.73 3.76 3.48 2.76 2.05 1.27 0.36 0.00 0.00 0.00 0.00
0.00 0.00 0.00 0.00 0.00 0.00 0.00 0.00 10.13 27.48 46.93 64.12 78.36 85.14 86.71 82.69 61.03 46.35 28.87 7.84 0.00 0.00 0.00 0.00
0.00 0.00 0.00 0.00 0.00 0.00 0.00 0.00 2.15 7.78 14.79 20.91 26.01 29.71 30.31 28.60 22.89 17.67 11.74 2.93 0.14 0.00 0.00 0.00
0.00 0.00 0.00 0.00 0.00 0.00 0.00 0.00 1.79 3.77 5.81 7.50 8.91 9.54 9.70 9.09 7.36 5.39 3.41 0.73 0.00 0.00 0.00 0.00
0.00 0.00 0.00 0.00 0.00 0.00 0.00 0.00 0.90 1.89 2.90 3.75 4.45 4.77 4.85 4.54 3.68 2.70 1.71 0.36 0.00 0.00 0.00 0.00
0.00 0.00 0.00 0.00 0.00 0.00 0.00 0.00 1.96 4.13 6.35 8.21 9.74 10.44 10.61 9.94 8.05 5.90 3.73 0.79 0.00 0.00 0.00 0.00
0.00 0.00 0.00 0.00 0.00 0.00 0.00 0.00 2.33 4.92 7.73 10.02 11.81 12.55 12.56 11.92 9.17 6.78 4.28 0.96 0.00 0.00 0.00 0.00
0.00 0.00 0.00 0.00 0.00 0.00 0.00 0.00 3.55 7.50 11.78 15.27 18.00 19.12 19.14 18.17 13.98 10.33 6.53 1.46 0.00 0.00 0.00 0.00
0.00 0.00 0.00 0.00 0.00 0.00 0.00 0.00 3.01 6.47 10.18 13.40 15.87 17.10 17.22 16.16 13.54 10.04 6.35 1.43 0.00 0.00 0.00 0.00
0.00 0.00 0.00 0.00 0.00 0.00 0.00 0.00 2.10 4.97 8.09 10.81 13.12 14.24 14.54 13.90 11.61 8.63 5.34 1.72 0.00 0.00 0.00 0.00
0.00 0.00 0.00 0.00 0.00 0.00 0.00 0.00 5.42 12.83 20.89 27.91 33.90 36.79 37.55 35.91 29.99 22.29 13.81 4.44 0.00 0.00 0.00 0.00
0.00 0.00 0.00 0.00 0.00 0.00 0.00 0.00 1.38 3.34 5.38 7.32 8.89 9.59 9.66 9.04 7.76 5.85 3.64 1.16 0.00 0.00 0.00 0.00
0.00 0.00 0.00 0.00 0.00 0.00 0.00 0.00 3.38 7.37 11.42 15.29 18.11 16.30 16.46 15.03 11.76 8.61 5.33 1.47 0.00 0.00 0.00 0.00
0.00 0.00 0.00 0.00 0.00 0.00 0.00 0.00 5.41 11.75 18.75 24.78 29.83 31.24 31.22 29.00 20.05 14.89 9.23 2.25 0.00 0.00 0.00 0.00
0.00 0.00 0.00 0.00 0.00 0.00 0.00 0.00 0.80 1.62 2.71 3.40 3.91 4.14 4.10 3.79 2.92 2.11 1.33 0.24 0.00 0.00 0.00 0.00
0.00 0.00 0.00 0.00 0.00 0.00 0.00 0.00 4.54 9.55 15.17 19.56 23.14 18.46 18.25 16.96 17.41 12.53 7.80 1.76 0.00 0.00 0.00 0.00
0.00 0.00 0.00 0.00 0.00 0.00 0.00 0.00 2.87 5.93 10.62 13.51 15.54 15.70 15.48 14.54 12.85 9.43 5.89 1.06 0.00 0.00 0.00 0.00
0.00 0.00 0.00 0.00 0.00 0.00 0.00 0.00 3.96 8.18 14.66 18.65 21.44 21.67 21.36 20.07 17.73 13.02 8.13 1.47 0.00 0.00 0.00 0.00
0.00 0.00 0.00 0.00 0.00 0.00 0.00 0.00 2.70 5.57 9.99 12.70 14.60 14.76 14.55 13.67 12.08 8.87 5.54 1.00 0.00 0.00 0.00 0.00
0.00 0.00 0.00 0.00 0.00 0.00 0.00 0.00 2.42 5.09 8.09 10.43 12.34 9.85 9.74 9.05 9.29 6.68 4.16 0.94 0.00 0.00 0.00 0.00
0.00 0.00 0.00 0.00 0.00 0.00 0.00 0.00 2.41 4.89 7.78 10.05 11.61 12.07 11.86 10.93 9.51 6.95 4.35 0.71 0.00 0.00 0.00 0.00
0.00 0.00 0.00 0.00 0.00 0.00 0.00 0.00 2.49 5.55 7.43 9.82 11.50 9.88 9.80 9.21 10.17 7.60 4.68 1.29 0.00 0.00 0.00 0.00
0.00 0.00 0.00 0.00 0.00 0.00 0.00 0.00 19.48 49.35 82.96 110.99 132.45 109.69 110.58 104.32 74.07 55.52 33.35 11.83 0.00 0.00 0.00 0.00
0.00 0.00 0.00 0.00 0.00 0.00 0.00 0.00 3.32 7.76 12.41 16.61 20.09 17.65 17.93 16.85 12.73 9.36 5.75 1.95 0.00 0.00 0.00 0.00
0.00 0.00 0.00 0.00 0.00 0.00 0.00 0.00 5.22 11.72 17.31 23.24 27.65 20.94 20.89 19.52 19.89 14.46 9.01 2.75 0.00 0.00 0.00 0.00
0.00 0.00 0.00 0.00 0.00 0.00 0.00 0.00 2.39 5.37 7.93 10.65 12.67 9.60 9.58 8.95 9.12 6.63 4.13 1.26 0.00 0.00 0.00 0.00
0.00 0.00 0.00 0.00 0.00 0.00 0.00 0.00 4.09 9.55 15.42 20.56 24.84 22.48 22.92 21.51 15.67 11.57 7.14 2.51 0.00 0.00 0.00 0.00
0.00 0.00 0.00 0.00 0.00 0.00 0.00 0.00 1.73 3.89 6.17 8.32 10.02 9.06 9.13 8.44 6.70 4.98 3.09 0.87 0.00 0.00 0.00 0.00
0.00 0.00 0.00 0.00 0.00 0.00 0.00 0.00 16.18 42.89 71.69 98.22 120.83 131.37 131.73 123.15 91.86 68.68 44.95 13.83 0.00 0.00 0.00 0.00
0.00 0.00 0.00 0.00 0.00 0.00 0.00 0.00 5.55 13.97 23.06 31.32 37.92 42.15 43.36 40.68 34.53 26.59 16.62 5.73 0.00 0.00 0.00 0.00
0.00 0.00 0.00 0.00 0.00 0.00 0.00 0.00 1.25 3.17 5.24 7.06 8.56 9.48 9.74 9.27 7.79 5.87 3.72 1.24 0.00 0.00 0.00 0.00
0.00 0.00 0.00 0.00 0.00 0.00 0.00 0.00 1.57 3.98 6.64 9.09 11.15 12.44 12.39 11.56 10.06 7.50 4.73 1.43 0.00 0.00 0.00 0.00
0.00 0.00 0.00 0.00 0.00 0.00 0.00 0.00 2.52 6.37 10.62 14.54 17.84 19.90 19.82 18.50 16.10 11.99 7.57 2.28 0.00 0.00 0.00 0.00
0.00 0.00 0.00 0.00 0.00 0.00 0.00 0.00 40.10 126.20 207.36 288.23 356.00 439.74 451.88 441.60 378.06 289.59 184.94 40.99 0.00 0.00 0.00 0.00
