0.00 0.00 0.00 0.00 0.00 0.00 0.00 0.00 0.00 0.71 1.69 2.41 3.06 3.41 3.47 3.15 2.49 1.72 0.83 0.00 0.00 0.00 0.00 0.00
0.00 0.00 0.00 0.00 0.00 0.00 0.00 0.00 2.33 11.83 22.82 32.01 38.71 44.16 42.82 38.45 35.08 23.63 10.00 0.00 0.00 0.00 0.00 0.00
0.00 0.00 0.00 0.00 0.00 0.00 0.00 0.00 0.00 16.32 38.53 55.20 69.89 78.03 79.36 72.04 57.01 39.42 19.09 0.00 0.00 0.00 0.00 0.00
0.00 0.00 0.00 0.00 0.00 0.00 0.00 0.00 0.00 58.00 136.94 196.17 248.37 277.31 282.06 256.03 202.61 140.09 67.84 0.00 0.00 0.00 0.00 0.00
0.00 0.00 0.00 0.00 0.00 0.00 0.00 0.00 0.66 2.45 3.52 4.85 5.61 6.15 5.95 5.31 5.47 3.51 1.18 0.00 0.00 0.00 0.00 0.00
0.00 0.00 0.00 0.00 0.00 0.00 0.00 0.00 0.00 126.29 307.58 443.40 573.91 638.08 654.92 603.84 470.71 316.24 161.59 0.00 0.00 0.00 0.00 0.00
0.00 0.00 0.00 0.00 0.00 0.00 0.00 0.00 0.20 1.62 3.20 4.72 5.65 5.97 5.90 5.21 3.94 2.58 0.93 0.00 0.00 0.00 0.00 0.00
0.00 0.00 0.00 0.00 0.00 0.00 0.00 0.00 0.14 0.74 1.32 1.88 2.23 3.12 3.09 2.75 2.40 1.61 0.67 0.00 0.00 0.00 0.00 0.00
0.00 0.00 0.00 0.00 0.00 0.00 0.00 0.00 0.22 1.19 2.11 3.00 3.57 5.00 4.95 4.40 3.84 2.58 1.07 0.00 0.00 0.00 0.00 0.00
0.00 0.00 0.00 0.00 0.00 0.00 0.00 0.00 0.22 1.19 2.11 3.00 3.57 5.00 4.95 4.40 3.84 2.58 1.07 0.00 0.00 0.00 0.00 0.00
0.00 0.00 0.00 0.00 0.00 0.00 0.00 0.00 0.38 3.27 6.58 9.46 11.88 13.33 13.45 12.25 9.73 6.60 2.83 0.00 0.00 0.00 0.00 0.00
0.00 0.00 0.00 0.00 0.00 0.00 0.00 0.00 0.19 1.53 3.02 4.38 5.55 6.07 6.09 5.55 4.56 3.09 1.32 0.00 0.00 0.00 0.00 0.00
0.00 0.00 0.00 0.00 0.00 0.00 0.00 0.00 0.24 1.97 3.88 5.64 7.13 7.80 7.83 7.13 5.87 3.97 1.70 0.00 0.00 0.00 0.00 0.00
0.00 0.00 0.00 0.00 0.00 0.00 0.00 0.00 0.16 1.31 2.59 3.76 4.76 5.20 5.22 4.75 3.91 2.65 1.13 0.00 0.00 0.00 0.00 0.00
0.00 0.00 0.00 0.00 0.00 0.00 0.00 0.00 0.16 1.31 2.59 3.76 4.76 5.20 5.22 4.75 3.91 2.65 1.13 0.00 0.00 0.00 0.00 0.00
0.00 0.00 0.00 0.00 0.00 0.00 0.00 0.00 1.97 15.02 33.12 49.63 62.52 75.42 77.84 70.74 54.38 35.46 16.80 0.00 0.00 0.00 0.00 0.00
0.00 0.00 0.00 0.00 0.00 0.00 0.00 0.00 1.30 10.21 20.41 28.76 36.53 40.36 41.29 37.39 28.95 19.53 8.17 0.00 0.00 0.00 0.00 0.00
0.00 0.00 0.00 0.00 0.00 0.00 0.00 0.00 0.82 8.56 17.38 24.49 31.17 34.01 33.42 30.20 23.79 16.14 6.81 0.00 0.00 0.00 0.00 0.00
0.00 0.00 0.00 0.00 0.00 0.00 0.00 0.00 0.00 37.25 90.73 130.79 169.28 188.21 193.18 178.11 138.84 93.28 47.66 0.00 0.00 0.00 0.00 0.00
0.00 0.00 0.00 0.00 0.00 0.00 0.00 0.00 0.00 35.43 86.30 124.41 161.03 179.03 183.75 169.42 132.07 88.73 45.34 0.00 0.00 0.00 0.00 0.00
0.00 0.00 0.00 0.00 0.00 0.00 0.00 0.00 0.00 68.14 165.96 239.25 309.66 344.29 353.37 325.81 253.98 170.63 87.19 0.00 0.00 0.00 0.00 0.00
0.00 0.00 0.00 0.00 0.00 0.00 0.00 0.00 0.00 67.01 163.20 235.26 304.50 338.55 347.48 320.38 249.75 167.79 85.74 0.00 0.00 0.00 0.00 0.00
0.00 0.00 0.00 0.00 0.00 0.00 0.00 0.00 0.00 73.14 178.63 253.71 327.29 370.85 375.42 340.70 272.35 188.41 91.03 0.00 0.00 0.00 0.00 0.00
0.00 0.00 0.00 0.00 0.00 0.00 0.00 0.00 0.14 0.74 1.32 1.88 2.23 3.12 3.09 2.75 2.40 1.61 0.67 0.00 0.00 0.00 0.00 0.00
0.00 0.00 0.00 0.00 0.00 0.00 0.00 0.00 0.69 3.77 6.69 9.50 11.30 15.83 15.68 13.92 12.15 8.17 3.37 0.00 0.00 0.00 0.00 0.00
0.00 0.00 0.00 0.00 0.00 0.00 0.00 0.00 3.52 19.24 34.13 48.50 57.71 80.82 80.05 71.08 62.03 41.69 17.22 0.00 0.00 0.00 0.00 0.00
0.00 0.00 0.00 0.00 0.00 0.00 0.00 0.00 0.00 2.54 6.20 8.93 11.56 12.85 13.19 12.16 9.48 6.37 3.26 0.00 0.00 0.00 0.00 0.00
0.00 0.00 0.00 0.00 0.00 0.00 0.00 0.00 0.00 57.09 134.81 193.12 244.50 272.99 277.66 252.04 199.45 137.91 66.79 0.00 0.00 0.00 0.00 0.00
0.00 0.00 0.00 0.00 0.00 0.00 0.00 0.00 0.04 4.62 9.99 14.39 18.46 21.15 21.34 19.85 15.39 10.83 5.14 0.00 0.00 0.00 0.00 0.00
0.00 0.00 0.00 0.00 0.00 0.00 0.00 0.00 0.00 30.58 68.92 97.83 122.03 136.73 135.07 119.75 92.72 63.90 28.02 0.00 0.00 0.00 0.00 0.00
0.00 0.00 0.00 0.00 0.00 0.00 0.00 0.00 0.00 0.95 2.25 3.22 4.07 4.55 4.63 4.20 3.32 2.30 1.11 0.00 0.00 0.00 0.00 0.00
0.00 0.00 0.00 0.00 0.00 0.00 0.00 0.00 0.00 42.82 101.11 144.84 183.37 204.74 208.24 189.03 149.59 103.43 50.09 0.00 0.00 0.00 0.00 0.00
0.00 0.00 0.00 0.00 0.00 0.00 0.00 0.00 0.00 54.95 129.75 185.87 235.33 262.75 267.25 242.59 191.97 132.74 64.28 0.00 0.00 0.00 0.00 0.00
0.00 0.00 0.00 0.00 0.00 0.00 0.00 0.00 0.00 96.45 235.57 334.57 431.61 489.06 495.08 449.30 359.17 248.46 120.04 0.00 0.00 0.00 0.00 0.00
0.00 0.00 0.00 0.00 0.00 0.00 0.00 0.00 0.26 2.32 4.48 6.60 8.32 9.47 9.58 8.67 7.30 4.94 2.18 0.00 0.00 0.00 0.00 0.00
0.00 0.00 0.00 0.00 0.00 0.00 0.00 0.00 0.33 2.92 5.64 8.33 10.57 11.43 11.52 10.48 9.12 6.17 2.70 0.00 0.00 0.00 0.00 0.00
0.00 0.00 0.00 0.00 0.00 0.00 0.00 0.00 0.18 19.07 41.22 59.37 76.15 87.24 88.02 81.90 63.47 44.67 21.20 0.00 0.00 0.00 0.00 0.00
0.00 0.00 0.00 0.00 0.00 0.00 0.00 0.00 0.00 62.53 173.20 251.68 331.73 373.43 386.19 351.26 273.50 193.65 94.84 0.00 0.00 0.00 0.00 0.00
0.00 0.00 0.00 0.00 0.00 0.00 0.00 0.00 0.11 0.80 1.55 2.19 2.70 2.89 2.94 2.66 2.25 1.51 0.62 0.00 0.00 0.00 0.00 0.00
0.00 0.00 0.00 0.00 0.00 0.00 0.00 0.00 0.00 14.30 33.29 47.50 60.25 68.08 69.10 61.77 48.93 33.80 15.78 0.00 0.00 0.00 0.00 0.00
0.00 0.00 0.00 0.00 0.00 0.00 0.00 0.00 0.00 4.60 10.93 15.99 20.50 22.99 23.89 21.88 17.07 11.48 6.14 0.00 0.00 0.00 0.00 0.00
0.00 0.00 0.00 0.00 0.00 0.00 0.00 0.00 0.28 1.97 3.81 5.37 6.47 6.97 6.82 6.12 4.57 2.96 1.03 0.00 0.00 0.00 0.00 0.00
0.00 0.00 0.00 0.00 0.00 0.00 0.00 0.00 0.14 0.98 1.91 2.68 3.24 3.49 3.41 3.06 2.28 1.48 0.51 0.00 0.00 0.00 0.00 0.00
0.00 0.00 0.00 0.00 0.00 0.00 0.00 0.00 0.30 2.15 4.17 5.87 7.08 7.62 7.46 6.70 5.00 3.24 1.13 0.00 0.00 0.00 0.00 0.00
0.00 0.00 0.00 0.00 0.00 0.00 0.00 0.00 0.37 2.55 4.97 6.98 8.47 8.93 8.89 7.97 5.81 3.78 1.34 0.00 0.00 0.00 0.00 0.00
0.00 0.00 0.00 0.00 0.00 0.00 0.00 0.00 0.56 3.89 7.58 10.64 12.91 13.61 13.54 12.15 8.85 5.76 2.04 0.00 0.00 0.00 0.00 0.00
0.00 0.00 0.00 0.00 0.00 0.00 0.00 0.00 0.40 3.29 6.53 9.44 11.47 12.16 12.02 10.52 7.94 5.20 1.90 0.00 0.00 0.00 0.00 0.00
0.00 0.00 0.00 0.00 0.00 0.00 0.00 0.00 0.00 2.62 5.69 8.01 9.91 10.79 10.70 9.42 7.17 4.83 1.97 0.00 0.00 0.00 0.00 0.00
0.00 0.00 0.00 0.00 0.00 0.00 0.00 0.00 0.00 6.77 14.69 20.70 25.60 27.87 27.64 24.33 18.52 12.47 5.08 0.00 0.00 0.00 0.00 0.00
0.00 0.00 0.00 0.00 0.00 0.00 0.00 0.00 0.00 1.70 3.73 5.26 6.54 7.21 7.17 6.31 4.90 3.34 1.42 0.00 0.00 0.00 0.00 0.00
0.00 0.00 0.00 0.00 0.00 0.00 0.00 0.00 0.58 3.51 5.78 8.23 10.30 11.26 11.27 10.11 9.53 6.33 2.47 0.00 0.00 0.00 0.00 0.00
0.00 0.00 0.00 0.00 0.00 0.00 0.00 0.00 0.89 6.15 11.99 16.93 20.46 21.73 22.16 20.37 15.13 10.00 3.80 0.00 0.00 0.00 0.00 0.00
0.00 0.00 0.00 0.00 0.00 0.00 0.00 0.00 0.21 0.81 1.15 1.56 1.84 1.93 1.92 1.68 1.91 1.22 0.41 0.00 0.00 0.00 0.00 0.00
0.00 0.00 0.00 0.00 0.00 0.00 0.00 0.00 0.95 4.19 6.55 9.11 10.61 12.52 12.25 10.78 11.49 7.55 2.82 0.00 0.00 0.00 0.00 0.00
0.00 0.00 0.00 0.00 0.00 0.00 0.00 0.00 0.70 2.85 4.32 6.07 7.00 8.35 8.03 7.06 7.49 4.87 1.74 0.00 0.00 0.00 0.00 0.00
0.00 0.00 0.00 0.00 0.00 0.00 0.00 0.00 0.96 3.93 5.96 8.37 9.66 11.52 11.08 9.75 10.33 6.72 2.39 0.00 0.00 0.00 0.00 0.00
0.00 0.00 0.00 0.00 0.00 0.00 0.00 0.00 0.66 2.68 4.06 5.70 6.58 7.85 7.55 6.64 7.04 4.57 1.63 0.00 0.00 0.00 0.00 0.00
0.00 0.00 0.00 0.00 0.00 0.00 0.00 0.00 0.51 2.23 3.49 4.86 5.66 6.68 6.53 5.75 6.13 4.03 1.50 0.00 0.00 0.00 0.00 0.00
0.00 0.00 0.00 0.00 0.00 0.00 0.00 0.00 0.57 2.15 3.16 4.30 5.03 5.84 5.73 5.12 5.06 3.26 1.12 0.00 0.00 0.00 0.00 0.00
0.00 0.00 0.00 0.00 0.00 0.00 0.00 0.00 0.39 2.13 3.78 5.38 6.40 8.96 8.87 7.88 6.87 4.62 1.91 0.00 0.00 0.00 0.00 0.00
0.00 0.00 0.00 0.00 0.00 0.00 0.00 0.00 2.57 19.54 43.10 64.59 81.38 98.16 101.31 92.07 70.78 46.15 21.86 0.00 0.00 0.00 0.00 0.00
0.00 0.00 0.00 0.00 0.00 0.00 0.00 0.00 0.43 3.71 7.45 10.72 13.47 15.11 15.24 13.89 11.03 7.48 3.20 0.00 0.00 0.00 0.00 0.00
0.00 0.00 0.00 0.00 0.00 0.00 0.00 0.00 0.78 5.14 8.84 12.52 15.40 16.78 16.70 15.39 16.12 10.85 4.45 0.00 0.00 0.00 0.00 0.00
0.00 0.00 0.00 0.00 0.00 0.00 0.00 0.00 0.36 2.36 4.05 5.74 7.06 7.69 7.65 7.05 7.39 4.97 2.04 0.00 0.00 0.00 0.00 0.00
0.00 0.00 0.00 0.00 0.00 0.00 0.00 0.00 0.54 4.61 9.27 13.22 16.57 18.77 19.02 17.26 13.63 9.24 3.95 0.00 0.00 0.00 0.00 0.00
0.00 0.00 0.00 0.00 0.00 0.00 0.00 0.00 0.27 1.95 3.75 5.31 6.55 7.02 7.13 6.45 5.46 3.67 1.50 0.00 0.00 0.00 0.00 0.00
0.00 0.00 0.00 0.00 0.00 0.00 0.00 0.00 0.19 19.74 42.68 61.47 78.84 90.33 91.14 84.79 65.72 46.25 21.95 0.00 0.00 0.00 0.00 0.00
0.00 0.00 0.00 0.00 0.00 0.00 0.00 0.00 0.00 7.31 16.48 23.39 29.18 32.70 32.30 28.64 22.17 15.28 6.70 0.00 0.00 0.00 0.00 0.00
0.00 0.00 0.00 0.00 0.00 0.00 0.00 0.00 0.00 1.63 3.64 5.14 6.50 7.25 7.28 6.43 4.98 3.44 1.53 0.00 0.00 0.00 0.00 0.00
0.00 0.00 0.00 0.00 0.00 0.00 0.00 0.00 0.00 2.03 4.44 6.37 7.93 8.86 8.85 7.98 6.30 4.35 1.95 0.00 0.00 0.00 0.00 0.00
0.00 0.00 0.00 0.00 0.00 0.00 0.00 0.00 0.00 3.24 7.11 10.19 12.70 14.18 14.15 12.76 10.08 6.97 3.11 0.00 0.00 0.00 0.00 0.00
0.00 0.00 0.00 0.00 0.00 0.00 0.00 0.00 0.00 69.28 168.73 243.23 314.82 350.03 359.26 331.25 258.21 173.48 88.64 0.00 0.00 0.00 0.00 0.00
