0.00 0.00 0.00 0.00 0.00 0.00 0.00 0.00 0.45 1.33 2.33 3.22 3.98 4.48 4.60 4.38 3.83 2.91 1.82 0.54 0.00 0.00 0.00 0.00
0.00 0.00 0.00 0.00 0.00 0.00 0.00 0.00 14.46 33.31 29.90 38.65 47.00 79.48 77.31 71.65 63.77 46.85 29.26 5.99 0.00 0.00 0.00 0.00
0.00 0.00 0.00 0.00 0.00 0.00 0.00 0.00 10.23 30.42 53.25 73.62 91.03 102.45 105.18 100.12 87.54 66.50 41.67 12.28 0.00 0.00 0.00 0.00
0.00 0.00 0.00 0.00 0.00 0.00 0.00 0.00 36.37 108.10 189.24 261.65 323.50 364.12 373.81 355.82 311.11 236.34 148.09 43.65 0.00 0.00 0.00 0.00
0.00 0.00 0.00 0.00 0.00 0.00 0.00 0.00 2.74 5.58 6.77 8.63 9.95 8.93 8.70 7.97 7.29 5.27 3.24 0.60 0.00 0.00 0.00 0.00
0.00 0.00 0.00 0.00 0.00 0.00 0.00 0.00 70.45 231.48 419.89 585.24 723.64 811.45 832.40 811.44 717.99 546.90 345.40 112.90 0.00 0.00 0.00 0.00
0.00 0.00 0.00 0.00 0.00 0.00 0.00 0.00 1.39 3.05 4.90 6.45 7.71 8.08 8.17 7.59 6.31 4.65 2.89 0.61 0.00 0.00 0.00 0.00
0.00 0.00 0.00 0.00 0.00 0.00 0.00 0.00 0.82 1.88 2.74 3.63 4.25 3.78 3.74 3.50 2.92 2.17 1.32 0.31 0.00 0.00 0.00 0.00
0.00 0.00 0.00 0.00 0.00 0.00 0.00 0.00 1.32 3.00 4.39 5.81 6.80 6.04 5.98 5.60 4.67 3.47 2.11 0.49 0.00 0.00 0.00 0.00
0.00 0.00 0.00 0.00 0.00 0.00 0.00 0.00 1.32 3.00 4.39 5.81 6.80 6.04 5.98 5.60 4.67 3.47 2.11 0.49 0.00 0.00 0.00 0.00
0.00 0.00 0.00 0.00 0.00 0.00 0.00 0.00 2.78 6.66 10.32 13.84 16.76 17.11 17.30 16.19 12.43 9.07 5.48 1.61 0.00 0.00 0.00 0.00
0.00 0.00 0.00 0.00 0.00 0.00 0.00 0.00 1.32 3.14 4.62 6.26 7.58 7.82 7.80 7.27 5.46 3.99 2.39 0.75 0.00 0.00 0.00 0.00
0.00 0.00 0.00 0.00 0.00 0.00 0.00 0.00 1.69 4.04 5.94 8.05 9.75 10.05 10.03 9.35 7.02 5.12 3.07 0.96 0.00 0.00 0.00 0.00
0.00 0.00 0.00 0.00 0.00 0.00 0.00 0.00 1.13 2.69 3.96 5.36 6.50 6.70 6.68 6.23 4.68 3.42 2.05 0.64 0.00 0.00 0.00 0.00
0.00 0.00 0.00 0.00 0.00 0.00 0.00 0.00 1.13 2.69 3.96 5.36 6.50 6.70 6.68 6.23 4.68 3.42 2.05 0.64 0.00 0.00 0.00 0.00
0.00 0.00 0.00 0.00 0.00 0.00 0.00 0.00 14.43 37.27 42.12 56.75 68.14 91.20 91.44 85.71 59.95 44.66 26.50 7.68 0.00 0.00 0.00 0.00
0.00 0.00 0.00 0.00 0.00 0.00 0.00 0.00 8.53 20.01 32.48 43.24 52.11 52.60 53.13 49.46 38.39 28.04 17.04 4.38 0.00 0.00 0.00 0.00
0.00 0.00 0.00 0.00 0.00 0.00 0.00 0.00 6.94 16.54 27.37 36.37 43.46 45.33 44.96 42.40 37.30 27.87 17.25 4.03 0.00 0.00 0.00 0.00
0.00 0.00 0.00 0.00 0.00 0.00 0.00 0.00 20.78 68.28 123.85 172.62 213.45 239.35 245.53 239.34 211.78 161.31 101.88 33.30 0.00 0.00 0.00 0.00
0.00 0.00 0.00 0.00 0.00 0.00 0.00 0.00 19.77 64.95 117.81 164.20 203.03 227.67 233.55 227.67 201.45 153.45 96.91 31.68 0.00 0.00 0.00 0.00
0.00 0.00 0.00 0.00 0.00 0.00 0.00 0.00 38.01 124.90 226.56 315.78 390.45 437.83 449.14 437.83 387.40 295.09 186.37 60.92 0.00 0.00 0.00 0.00
0.00 0.00 0.00 0.00 0.00 0.00 0.00 0.00 37.38 122.82 222.78 310.51 383.94 430.53 441.65 430.53 380.95 290.17 183.26 59.90 0.00 0.00 0.00 0.00
0.00 0.00 0.00 0.00 0.00 0.00 0.00 0.00 45.88 138.31 244.64 337.30 420.52 469.18 482.22 457.39 400.92 306.94 193.51 59.67 0.00 0.00 0.00 0.00
0.00 0.00 0.00 0.00 0.00 0.00 0.00 0.00 0.82 1.88 2.74 3.63 4.25 3.78 3.74 3.50 2.92 2.17 1.32 0.31 0.00 0.00 0.00 0.00
0.00 0.00 0.00 0.00 0.00 0.00 0.00 0.00 4.18 9.51 13.91 18.39 21.53 19.14 18.93 17.75 14.79 11.00 6.68 1.55 0.00 0.00 0.00 0.00
0.00 0.00 0.00 0.00 0.00 0.00 0.00 0.00 21.32 48.57 71.00 93.90 109.92 97.70 96.66 90.61 75.52 56.14 34.13 7.91 0.00 0.00 0.00 0.00
0.00 0.00 0.00 0.00 0.00 0.00 0.00 0.00 1.42 4.66 8.46 11.79 14.58 16.35 16.77 16.35 14.46 11.02 6.96 2.27 0.00 0.00 0.00 0.00
0.00 0.00 0.00 0.00 0.00 0.00 0.00 0.00 35.80 106.42 186.29 257.58 318.46 358.44 367.99 350.28 306.26 232.66 145.78 42.97 0.00 0.00 0.00 0.00
0.00 0.00 0.00 0.00 0.00 0.00 0.00 0.00 3.60 9.79 16.52 22.70 27.96 31.45 31.48 29.34 25.37 18.82 12.15 3.42 0.00 0.00 0.00 0.00
0.00 0.00 0.00 0.00 0.00 0.00 0.00 0.00 21.81 56.58 95.34 129.91 157.53 174.63 179.28 167.69 141.87 108.51 66.92 17.35 0.00 0.00 0.00 0.00
0.00 0.00 0.00 0.00 0.00 0.00 0.00 0.00 0.60 1.77 3.10 4.29 5.31 5.97 6.13 5.84 5.10 3.88 2.43 0.72 0.00 0.00 0.00 0.00
0.00 0.00 0.00 0.00 0.00 0.00 0.00 0.00 26.85 79.81 139.72 193.18 238.84 268.83 275.99 262.71 229.70 174.49 109.33 32.23 0.00 0.00 0.00 0.00
0.00 0.00 0.00 0.00 0.00 0.00 0.00 0.00 34.46 102.43 179.31 247.92 306.51 345.00 354.19 337.14 294.78 223.93 140.31 41.36 0.00 0.00 0.00 0.00
0.00 0.00 0.00 0.00 0.00 0.00 0.00 0.00 60.51 182.40 322.61 444.81 554.56 618.73 635.93 603.19 528.72 404.78 255.20 78.69 0.00 0.00 0.00 0.00
0.00 0.00 0.00 0.00 0.00 0.00 0.00 0.00 1.97 4.81 7.83 10.60 12.90 12.42 12.45 11.58 8.68 6.41 3.87 1.21 0.00 0.00 0.00 0.00
0.00 0.00 0.00 0.00 0.00 0.00 0.00 0.00 2.46 5.97 9.52 12.90 15.69 15.67 15.67 14.53 10.74 7.93 4.76 1.56 0.00 0.00 0.00 0.00
0.00 0.00 0.00 0.00 0.00 0.00 0.00 0.00 14.83 40.39 68.14 93.62 115.32 129.75 129.85 121.05 104.64 77.65 50.11 14.10 0.00 0.00 0.00 0.00
0.00 0.00 0.00 0.00 0.00 0.00 0.00 0.00 37.61 124.75 229.97 315.37 392.65 448.26 464.35 441.04 387.90 300.82 194.51 64.05 0.00 0.00 0.00 0.00
0.00 0.00 0.00 0.00 0.00 0.00 0.00 0.00 0.68 1.56 2.57 3.47 4.18 4.07 4.09 3.77 2.94 2.17 1.32 0.32 0.00 0.00 0.00 0.00
0.00 0.00 0.00 0.00 0.00 0.00 0.00 0.00 9.69 27.20 46.68 63.95 78.23 87.89 89.25 84.78 75.11 56.64 34.82 9.79 0.00 0.00 0.00 0.00
0.00 0.00 0.00 0.00 0.00 0.00 0.00 0.00 2.12 8.07 13.65 19.37 24.14 24.30 24.76 23.31 14.97 11.55 7.62 2.09 0.00 0.00 0.00 0.00
0.00 0.00 0.00 0.00 0.00 0.00 0.00 0.00 1.67 3.59 5.63 7.30 8.69 8.87 9.01 8.42 6.92 5.04 3.14 0.63 0.00 0.00 0.00 0.00
0.00 0.00 0.00 0.00 0.00 0.00 0.00 0.00 0.84 1.80 2.82 3.65 4.35 4.44 4.50 4.21 3.46 2.52 1.57 0.32 0.00 0.00 0.00 0.00
0.00 0.00 0.00 0.00 0.00 0.00 0.00 0.00 1.83 3.93 6.16 7.99 9.51 9.70 9.85 9.21 7.57 5.51 3.43 0.69 0.00 0.00 0.00 0.00
0.00 0.00 0.00 0.00 0.00 0.00 0.00 0.00 2.18 4.70 7.53 9.79 11.57 11.60 11.59 10.98 9.35 6.86 4.27 0.83 0.00 0.00 0.00 0.00
0.00 0.00 0.00 0.00 0.00 0.00 0.00 0.00 3.31 7.17 11.47 14.92 17.62 17.67 17.67 16.74 14.24 10.45 6.50 1.27 0.00 0.00 0.00 0.00
0.00 0.00 0.00 0.00 0.00 0.00 0.00 0.00 2.80 6.17 9.88 13.06 15.50 16.53 16.63 15.56 13.10 9.65 6.01 1.28 0.00 0.00 0.00 0.00
0.00 0.00 0.00 0.00 0.00 0.00 0.00 0.00 1.94 4.73 7.83 10.51 12.80 13.96 14.22 13.56 11.12 8.20 5.01 1.17 0.00 0.00 0.00 0.00
0.00 0.00 0.00 0.00 0.00 0.00 0.00 0.00 5.01 12.21 20.24 27.16 33.07 36.07 36.75 35.03 28.72 21.19 12.94 3.01 0.00 0.00 0.00 0.00
0.00 0.00 0.00 0.00 0.00 0.00 0.00 0.00 1.28 3.19 5.24 7.16 8.71 9.44 9.49 8.85 7.56 5.67 3.48 0.85 0.00 0.00 0.00 0.00
0.00 0.00 0.00 0.00 0.00 0.00 0.00 0.00 3.16 7.05 11.51 15.45 18.31 16.69 16.81 15.29 12.29 8.92 5.44 1.27 0.00 0.00 0.00 0.00
0.00 0.00 0.00 0.00 0.00 0.00 0.00 0.00 5.01 11.13 18.57 24.59 29.63 30.83 30.76 28.51 24.81 18.29 11.17 2.31 0.00 0.00 0.00 0.00
0.00 0.00 0.00 0.00 0.00 0.00 0.00 0.00 0.88 1.80 2.51 3.15 3.63 3.44 3.40 3.15 2.79 2.00 1.23 0.22 0.00 0.00 0.00 0.00
0.00 0.00 0.00 0.00 0.00 0.00 0.00 0.00 4.51 9.65 14.00 18.14 21.55 17.74 17.40 16.04 15.39 11.01 6.76 1.40 0.00 0.00 0.00 0.00
0.00 0.00 0.00 0.00 0.00 0.00 0.00 0.00 3.03 6.34 10.15 12.98 14.99 11.24 11.05 10.34 8.50 6.19 3.80 0.95 0.00 0.00 0.00 0.00
0.00 0.00 0.00 0.00 0.00 0.00 0.00 0.00 4.18 8.75 14.00 17.92 20.69 15.51 15.25 14.27 11.73 8.54 5.24 1.31 0.00 0.00 0.00 0.00
0.00 0.00 0.00 0.00 0.00 0.00 0.00 0.00 2.85 5.96 9.54 12.20 14.09 10.56 10.39 9.72 7.99 5.81 3.57 0.89 0.00 0.00 0.00 0.00
0.00 0.00 0.00 0.00 0.00 0.00 0.00 0.00 2.41 5.15 7.47 9.68 11.49 9.46 9.28 8.56 8.21 5.87 3.61 0.75 0.00 0.00 0.00 0.00
0.00 0.00 0.00 0.00 0.00 0.00 0.00 0.00 2.47 5.07 6.49 8.42 9.76 8.62 8.46 7.78 6.81 4.93 3.03 0.63 0.00 0.00 0.00 0.00
0.00 0.00 0.00 0.00 0.00 0.00 0.00 0.00 2.36 5.38 7.87 10.41 12.18 10.83 10.71 10.04 8.37 6.22 3.78 0.88 0.00 0.00 0.00 0.00
0.00 0.00 0.00 0.00 0.00 0.00 0.00 0.00 18.78 48.51 54.82 73.86 88.69 118.71 119.02 111.56 78.03 58.13 34.49 9.99 0.00 0.00 0.00 0.00
0.00 0.00 0.00 0.00 0.00 0.00 0.00 0.00 3.16 7.54 11.69 15.69 18.99 19.39 19.61 18.34 14.09 10.28 6.22 1.82 0.00 0.00 0.00 0.00
0.00 0.00 0.00 0.00 0.00 0.00 0.00 0.00 5.01 11.51 18.74 25.20 29.99 29.53 29.36 27.30 18.65 13.47 8.27 2.02 0.00 0.00 0.00 0.00
0.00 0.00 0.00 0.00 0.00 0.00 0.00 0.00 2.29 5.28 8.59 11.55 13.74 13.54 13.45 12.51 8.55 6.17 3.79 0.93 0.00 0.00 0.00 0.00
0.00 0.00 0.00 0.00 0.00 0.00 0.00 0.00 3.90 9.31 14.90 19.90 24.06 24.22 24.59 22.98 18.03 13.21 8.02 2.26 0.00 0.00 0.00 0.00
0.00 0.00 0.00 0.00 0.00 0.00 0.00 0.00 1.65 3.80 6.23 8.42 10.15 9.89 9.93 9.15 7.15 5.27 3.22 0.79 0.00 0.00 0.00 0.00
0.00 0.00 0.00 0.00 0.00 0.00 0.00 0.00 15.36 41.82 70.55 96.93 119.40 134.33 134.44 125.33 108.34 80.39 51.89 14.59 0.00 0.00 0.00 0.00
0.00 0.00 0.00 0.00 0.00 0.00 0.00 0.00 5.22 13.53 22.80 31.07 37.67 41.76 42.87 40.10 33.93 25.95 16.00 4.15 0.00 0.00 0.00 0.00
0.00 0.00 0.00 0.00 0.00 0.00 0.00 0.00 1.17 3.07 5.15 6.96 8.45 9.38 9.62 9.13 7.67 5.74 3.60 0.93 0.00 0.00 0.00 0.00
0.00 0.00 0.00 0.00 0.00 0.00 0.00 0.00 1.48 3.87 6.51 8.94 10.99 12.28 12.20 11.35 9.83 7.27 4.53 1.15 0.00 0.00 0.00 0.00
0.00 0.00 0.00 0.00 0.00 0.00 0.00 0.00 2.37 6.19 10.42 14.31 17.58 19.65 19.52 18.17 15.73 11.64 7.25 1.85 0.00 0.00 0.00 0.00
0.00 0.00 0.00 0.00 0.00 0.00 0.00 0.00 38.64 126.98 230.34 321.04 396.96 445.13 456.62 445.12 393.86 300.01 189.47 61.93 0.00 0.00 0.00 0.00
