0.00 0.00 0.00 0.00 0.00 0.00 0.00 0.00 0.00 0.48 1.37 2.11 2.78 3.26 3.34 3.03 2.38 1.58 0.66 0.00 0.00 0.00 0.00 0.00
0.00 0.00 0.00 0.00 0.00 0.00 0.00 0.00 0.01 13.01 28.23 40.86 50.10 41.69 40.60 36.46 20.85 13.62 4.97 0.00 0.00 0.00 0.00 0.00
0.00 0.00 0.00 0.00 0.00 0.00 0.00 0.00 0.00 11.07 31.41 48.30 63.60 74.62 76.34 69.25 54.38 36.18 15.20 0.00 0.00 0.00 0.00 0.00
0.00 0.00 0.00 0.00 0.00 0.00 0.00 0.00 0.00 39.33 111.64 171.66 226.01 265.20 271.31 246.13 193.25 128.57 54.01 0.00 0.00 0.00 0.00 0.00
0.00 0.00 0.00 0.00 0.00 0.00 0.00 0.00 0.12 1.35 3.59 5.12 6.01 5.88 5.72 5.09 4.59 2.82 0.71 0.00 0.00 0.00 0.00 0.00
0.00 0.00 0.00 0.00 0.00 0.00 0.00 0.00 0.00 89.22 247.50 382.94 515.33 622.79 642.44 591.71 459.52 298.12 135.55 0.00 0.00 0.00 0.00 0.00
0.00 0.00 0.00 0.00 0.00 0.00 0.00 0.00 0.00 0.46 1.85 2.87 3.53 5.10 5.07 4.47 3.59 2.23 0.59 0.00 0.00 0.00 0.00 0.00
0.00 0.00 0.00 0.00 0.00 0.00 0.00 0.00 0.00 0.64 1.29 1.89 2.29 2.01 2.01 1.79 1.46 0.94 0.33 0.00 0.00 0.00 0.00 0.00
0.00 0.00 0.00 0.00 0.00 0.00 0.00 0.00 0.00 1.03 2.06 3.03 3.67 3.21 3.21 2.86 2.33 1.51 0.53 0.00 0.00 0.00 0.00 0.00
0.00 0.00 0.00 0.00 0.00 0.00 0.00 0.00 0.00 1.03 2.06 3.03 3.67 3.21 3.21 2.86 2.33 1.51 0.53 0.00 0.00 0.00 0.00 0.00
0.00 0.00 0.00 0.00 0.00 0.00 0.00 0.00 0.00 1.91 4.34 6.55 8.43 9.65 9.83 8.98 8.76 5.75 2.09 0.00 0.00 0.00 0.00 0.00
0.00 0.00 0.00 0.00 0.00 0.00 0.00 0.00 0.00 0.90 2.09 3.18 4.12 4.09 4.15 3.80 3.94 2.58 0.94 0.00 0.00 0.00 0.00 0.00
0.00 0.00 0.00 0.00 0.00 0.00 0.00 0.00 0.00 1.15 2.69 4.09 5.30 5.26 5.33 4.88 5.06 3.32 1.21 0.00 0.00 0.00 0.00 0.00
0.00 0.00 0.00 0.00 0.00 0.00 0.00 0.00 0.00 0.77 1.79 2.72 3.53 3.51 3.55 3.25 3.38 2.21 0.81 0.00 0.00 0.00 0.00 0.00
0.00 0.00 0.00 0.00 0.00 0.00 0.00 0.00 0.00 0.77 1.79 2.72 3.53 3.51 3.55 3.25 3.38 2.21 0.81 0.00 0.00 0.00 0.00 0.00
0.00 0.00 0.00 0.00 0.00 0.00 0.00 0.00 0.00 13.25 30.47 47.24 60.44 62.46 64.90 59.11 41.36 26.33 11.28 0.00 0.00 0.00 0.00 0.00
0.00 0.00 0.00 0.00 0.00 0.00 0.00 0.00 0.00 4.94 12.77 18.89 24.63 29.78 30.75 27.95 25.98 16.95 5.93 0.00 0.00 0.00 0.00 0.00
0.00 0.00 0.00 0.00 0.00 0.00 0.00 0.00 0.00 4.84 12.27 18.29 24.05 31.10 30.81 27.90 22.18 14.51 5.09 0.00 0.00 0.00 0.00 0.00
0.00 0.00 0.00 0.00 0.00 0.00 0.00 0.00 0.00 26.32 73.00 112.95 152.00 183.70 189.50 174.53 135.54 87.94 39.98 0.00 0.00 0.00 0.00 0.00
0.00 0.00 0.00 0.00 0.00 0.00 0.00 0.00 0.00 25.03 69.44 107.44 144.59 174.74 180.25 166.02 128.93 83.65 38.03 0.00 0.00 0.00 0.00 0.00
0.00 0.00 0.00 0.00 0.00 0.00 0.00 0.00 0.00 48.14 133.54 206.62 278.05 336.04 346.64 319.27 247.94 160.86 73.14 0.00 0.00 0.00 0.00 0.00
0.00 0.00 0.00 0.00 0.00 0.00 0.00 0.00 0.00 47.34 131.32 203.18 273.42 330.44 340.86 313.95 243.81 158.18 71.92 0.00 0.00 0.00 0.00 0.00
0.00 0.00 0.00 0.00 0.00 0.00 0.00 0.00 0.00 47.19 147.82 225.76 302.61 353.57 360.35 327.00 257.08 170.73 70.92 0.00 0.00 0.00 0.00 0.00
0.00 0.00 0.00 0.00 0.00 0.00 0.00 0.00 0.00 0.64 1.29 1.89 2.29 2.01 2.01 1.79 1.46 0.94 0.33 0.00 0.00 0.00 0.00 0.00
0.00 0.00 0.00 0.00 0.00 0.00 0.00 0.00 0.00 3.27 6.51 9.60 11.63 10.18 10.18 9.07 7.38 4.79 1.67 0.00 0.00 0.00 0.00 0.00
0.00 0.00 0.00 0.00 0.00 0.00 0.00 0.00 0.00 16.68 33.26 49.01 59.35 51.97 51.95 46.31 37.66 24.44 8.51 0.00 0.00 0.00 0.00 0.00
0.00 0.00 0.00 0.00 0.00 0.00 0.00 0.00 0.00 1.80 4.99 7.71 10.38 12.55 12.94 11.92 9.26 6.01 2.73 0.00 0.00 0.00 0.00 0.00
0.00 0.00 0.00 0.00 0.00 0.00 0.00 0.00 0.00 38.72 109.90 168.98 222.49 261.07 267.08 242.29 190.24 126.57 53.17 0.00 0.00 0.00 0.00 0.00
0.00 0.00 0.00 0.00 0.00 0.00 0.00 0.00 0.00 2.87 7.80 11.81 15.54 19.56 19.95 18.66 15.12 10.35 4.35 0.00 0.00 0.00 0.00 0.00
0.00 0.00 0.00 0.00 0.00 0.00 0.00 0.00 0.00 17.37 43.94 66.70 86.25 122.41 121.80 107.99 86.40 56.64 20.18 0.00 0.00 0.00 0.00 0.00
0.00 0.00 0.00 0.00 0.00 0.00 0.00 0.00 0.00 0.65 1.83 2.82 3.71 4.35 4.45 4.04 3.17 2.11 0.89 0.00 0.00 0.00 0.00 0.00
0.00 0.00 0.00 0.00 0.00 0.00 0.00 0.00 0.00 29.04 82.42 126.74 166.87 195.80 200.31 181.72 142.68 94.93 39.88 0.00 0.00 0.00 0.00 0.00
0.00 0.00 0.00 0.00 0.00 0.00 0.00 0.00 0.00 37.27 105.78 162.65 214.15 251.28 257.06 233.20 183.10 121.82 51.18 0.00 0.00 0.00 0.00 0.00
0.00 0.00 0.00 0.00 0.00 0.00 0.00 0.00 0.00 62.23 194.93 297.72 399.07 466.27 475.21 431.24 339.02 225.14 93.53 0.00 0.00 0.00 0.00 0.00
0.00 0.00 0.00 0.00 0.00 0.00 0.00 0.00 0.00 1.15 3.04 4.68 6.02 7.84 8.00 7.27 6.57 4.32 1.65 0.00 0.00 0.00 0.00 0.00
0.00 0.00 0.00 0.00 0.00 0.00 0.00 0.00 0.00 1.66 3.79 5.84 7.58 9.06 9.22 8.41 8.04 5.29 2.00 0.00 0.00 0.00 0.00 0.00
0.00 0.00 0.00 0.00 0.00 0.00 0.00 0.00 0.00 11.86 32.19 48.73 64.11 80.68 82.29 76.96 62.35 42.69 17.94 0.00 0.00 0.00 0.00 0.00
0.00 0.00 0.00 0.00 0.00 0.00 0.00 0.00 0.00 30.86 137.40 216.52 295.65 346.36 359.32 325.30 245.22 165.84 68.55 0.00 0.00 0.00 0.00 0.00
0.00 0.00 0.00 0.00 0.00 0.00 0.00 0.00 0.00 0.40 1.02 1.52 1.92 2.13 2.19 1.99 1.85 1.20 0.40 0.00 0.00 0.00 0.00 0.00
0.00 0.00 0.00 0.00 0.00 0.00 0.00 0.00 0.00 9.52 27.03 41.32 54.44 64.15 65.61 58.73 46.17 30.55 12.10 0.00 0.00 0.00 0.00 0.00
0.00 0.00 0.00 0.00 0.00 0.00 0.00 0.00 0.00 3.20 9.67 15.04 19.82 23.65 24.70 22.59 17.66 11.58 5.66 0.00 0.00 0.00 0.00 0.00
0.00 0.00 0.00 0.00 0.00 0.00 0.00 0.00 0.00 0.59 1.86 2.76 3.42 6.18 6.08 5.45 4.27 2.62 0.64 0.00 0.00 0.00 0.00 0.00
0.00 0.00 0.00 0.00 0.00 0.00 0.00 0.00 0.00 0.30 0.93 1.38 1.71 3.09 3.04 2.72 2.13 1.31 0.32 0.00 0.00 0.00 0.00 0.00
0.00 0.00 0.00 0.00 0.00 0.00 0.00 0.00 0.00 0.65 2.04 3.02 3.74 6.76 6.65 5.96 4.67 2.87 0.70 0.00 0.00 0.00 0.00 0.00
0.00 0.00 0.00 0.00 0.00 0.00 0.00 0.00 0.00 0.95 2.35 3.49 4.36 7.68 7.67 6.87 5.55 3.43 0.88 0.00 0.00 0.00 0.00 0.00
0.00 0.00 0.00 0.00 0.00 0.00 0.00 0.00 0.00 1.44 3.58 5.31 6.65 11.70 11.69 10.47 8.46 5.23 1.34 0.00 0.00 0.00 0.00 0.00
0.00 0.00 0.00 0.00 0.00 0.00 0.00 0.00 0.00 1.05 3.91 5.96 7.45 9.86 9.81 8.57 6.76 4.21 1.13 0.00 0.00 0.00 0.00 0.00
0.00 0.00 0.00 0.00 0.00 0.00 0.00 0.00 0.00 1.13 3.44 5.18 6.64 8.34 8.32 7.31 5.69 3.65 1.16 0.00 0.00 0.00 0.00 0.00
0.00 0.00 0.00 0.00 0.00 0.00 0.00 0.00 0.00 2.92 8.89 13.38 17.14 21.54 21.50 18.90 14.70 9.42 2.99 0.00 0.00 0.00 0.00 0.00
0.00 0.00 0.00 0.00 0.00 0.00 0.00 0.00 0.00 0.98 2.39 3.59 4.62 6.25 6.26 5.51 4.60 2.99 1.02 0.00 0.00 0.00 0.00 0.00
0.00 0.00 0.00 0.00 0.00 0.00 0.00 0.00 0.00 2.04 4.12 6.14 7.88 8.72 8.87 8.04 5.32 3.38 1.05 0.00 0.00 0.00 0.00 0.00
0.00 0.00 0.00 0.00 0.00 0.00 0.00 0.00 0.00 1.93 6.82 10.20 12.76 19.75 20.27 18.65 14.29 9.03 2.66 0.00 0.00 0.00 0.00 0.00
0.00 0.00 0.00 0.00 0.00 0.00 0.00 0.00 0.03 0.52 1.03 1.45 1.75 1.78 1.78 1.56 0.99 0.61 0.15 0.00 0.00 0.00 0.00 0.00
0.00 0.00 0.00 0.00 0.00 0.00 0.00 0.00 0.11 3.97 6.62 9.57 11.34 9.51 9.37 8.26 5.14 3.24 0.96 0.00 0.00 0.00 0.00 0.00
0.00 0.00 0.00 0.00 0.00 0.00 0.00 0.00 0.11 2.09 4.86 7.09 8.32 6.80 6.59 5.79 3.76 2.34 0.64 0.00 0.00 0.00 0.00 0.00
0.00 0.00 0.00 0.00 0.00 0.00 0.00 0.00 0.15 2.89 6.71 9.78 11.48 9.38 9.09 8.00 5.19 3.23 0.89 0.00 0.00 0.00 0.00 0.00
0.00 0.00 0.00 0.00 0.00 0.00 0.00 0.00 0.10 1.97 4.57 6.66 7.82 6.39 6.19 5.45 3.53 2.20 0.60 0.00 0.00 0.00 0.00 0.00
0.00 0.00 0.00 0.00 0.00 0.00 0.00 0.00 0.06 2.12 3.53 5.10 6.05 5.07 5.00 4.40 2.74 1.73 0.51 0.00 0.00 0.00 0.00 0.00
0.00 0.00 0.00 0.00 0.00 0.00 0.00 0.00 0.12 1.50 3.00 4.22 5.02 5.45 5.37 4.79 3.72 2.30 0.60 0.00 0.00 0.00 0.00 0.00
0.00 0.00 0.00 0.00 0.00 0.00 0.00 0.00 0.00 1.85 3.69 5.43 6.58 5.76 5.76 5.13 4.17 2.71 0.94 0.00 0.00 0.00 0.00 0.00
0.00 0.00 0.00 0.00 0.00 0.00 0.00 0.00 0.00 17.24 39.66 61.49 78.67 81.30 84.48 76.94 53.83 34.27 14.69 0.00 0.00 0.00 0.00 0.00
0.00 0.00 0.00 0.00 0.00 0.00 0.00 0.00 0.00 2.16 4.92 7.42 9.56 10.94 11.14 10.18 9.92 6.52 2.37 0.00 0.00 0.00 0.00 0.00
0.00 0.00 0.00 0.00 0.00 0.00 0.00 0.00 0.00 3.35 7.11 10.50 13.19 11.62 11.72 10.88 9.91 6.42 2.18 0.00 0.00 0.00 0.00 0.00
0.00 0.00 0.00 0.00 0.00 0.00 0.00 0.00 0.00 1.54 3.26 4.81 6.04 5.33 5.37 4.99 4.54 2.94 1.00 0.00 0.00 0.00 0.00 0.00
0.00 0.00 0.00 0.00 0.00 0.00 0.00 0.00 0.00 2.72 5.90 8.84 11.36 13.94 14.26 12.98 12.38 8.13 2.94 0.00 0.00 0.00 0.00 0.00
0.00 0.00 0.00 0.00 0.00 0.00 0.00 0.00 0.00 0.98 2.49 3.69 4.67 5.17 5.31 4.83 4.49 2.91 0.98 0.00 0.00 0.00 0.00 0.00
0.00 0.00 0.00 0.00 0.00 0.00 0.00 0.00 0.00 12.28 33.33 50.45 66.38 83.53 85.20 79.69 64.56 44.20 18.57 0.00 0.00 0.00 0.00 0.00
0.00 0.00 0.00 0.00 0.00 0.00 0.00 0.00 0.00 4.15 10.51 15.95 20.62 29.27 29.13 25.82 20.66 13.54 4.83 0.00 0.00 0.00 0.00 0.00
0.00 0.00 0.00 0.00 0.00 0.00 0.00 0.00 0.00 0.98 2.46 3.71 4.86 6.49 6.57 5.82 4.66 3.07 1.12 0.00 0.00 0.00 0.00 0.00
0.00 0.00 0.00 0.00 0.00 0.00 0.00 0.00 0.00 1.39 3.69 5.64 7.27 8.32 8.38 7.57 5.99 3.96 1.48 0.00 0.00 0.00 0.00 0.00
0.00 0.00 0.00 0.00 0.00 0.00 0.00 0.00 0.00 2.22 5.91 9.02 11.63 13.31 13.41 12.12 9.58 6.33 2.36 0.00 0.00 0.00 0.00 0.00
0.00 0.00 0.00 0.00 0.00 0.00 0.00 0.00 0.00 48.94 135.77 210.06 282.69 341.64 352.42 324.59 252.07 163.54 74.36 0.00 0.00 0.00 0.00 0.00
