0.00 0.00 0.00 0.00 0.00 0.00 0.00 0.00 0.00 0.60 1.61 2.41 3.13 3.56 3.64 3.31 2.59 1.75 0.78 0.00 0.00 0.00 0.00 0.00
0.00 0.00 0.00 0.00 0.00 0.00 0.00 0.00 0.33 3.43 9.11 13.02 15.91 26.13 25.33 22.69 18.08 11.91 4.58 0.00 0.00 0.00 0.00 0.00
0.00 0.00 0.00 0.00 0.00 0.00 0.00 0.00 0.00 13.76 36.82 55.08 71.65 81.52 83.33 75.75 59.14 39.96 17.77 0.00 0.00 0.00 0.00 0.00
0.00 0.00 0.00 0.00 0.00 0.00 0.00 0.00 0.00 48.92 130.87 195.75 254.64 289.70 296.16 269.21 210.17 142.01 63.16 0.00 0.00 0.00 0.00 0.00
0.00 0.00 0.00 0.00 0.00 0.00 0.00 0.00 0.13 0.71 1.32 1.86 2.18 2.33 2.27 2.02 1.65 1.02 0.29 0.00 0.00 0.00 0.00 0.00
0.00 0.00 0.00 0.00 0.00 0.00 0.00 0.00 0.00 109.68 301.60 453.15 601.57 690.91 710.86 654.68 502.31 329.06 156.01 0.00 0.00 0.00 0.00 0.00
0.00 0.00 0.00 0.00 0.00 0.00 0.00 0.00 0.00 1.18 3.01 4.56 5.56 6.11 6.04 5.33 4.00 2.54 0.76 0.00 0.00 0.00 0.00 0.00
0.00 0.00 0.00 0.00 0.00 0.00 0.00 0.00 0.02 0.22 0.46 0.67 0.80 0.89 0.89 0.79 0.63 0.41 0.15 0.00 0.00 0.00 0.00 0.00
0.00 0.00 0.00 0.00 0.00 0.00 0.00 0.00 0.03 0.35 0.73 1.06 1.29 1.43 1.42 1.26 1.01 0.66 0.24 0.00 0.00 0.00 0.00 0.00
0.00 0.00 0.00 0.00 0.00 0.00 0.00 0.00 0.03 0.35 0.73 1.06 1.29 1.43 1.42 1.26 1.01 0.66 0.24 0.00 0.00 0.00 0.00 0.00
0.00 0.00 0.00 0.00 0.00 0.00 0.00 0.00 0.00 0.85 1.65 2.44 3.12 3.09 3.13 2.86 2.50 1.65 0.64 0.00 0.00 0.00 0.00 0.00
0.00 0.00 0.00 0.00 0.00 0.00 0.00 0.00 0.00 0.39 0.77 1.15 1.48 1.51 1.52 1.39 1.03 0.68 0.26 0.00 0.00 0.00 0.00 0.00
0.00 0.00 0.00 0.00 0.00 0.00 0.00 0.00 0.00 0.50 0.99 1.48 1.90 1.94 1.95 1.78 1.33 0.87 0.34 0.00 0.00 0.00 0.00 0.00
0.00 0.00 0.00 0.00 0.00 0.00 0.00 0.00 0.00 0.33 0.66 0.98 1.27 1.29 1.30 1.19 0.88 0.58 0.22 0.00 0.00 0.00 0.00 0.00
0.00 0.00 0.00 0.00 0.00 0.00 0.00 0.00 0.00 0.33 0.66 0.98 1.27 1.29 1.30 1.19 0.88 0.58 0.22 0.00 0.00 0.00 0.00 0.00
0.00 0.00 0.00 0.00 0.00 0.00 0.00 0.00 0.29 13.60 28.47 43.55 55.46 67.32 69.54 63.09 42.21 27.02 11.98 0.00 0.00 0.00 0.00 0.00
0.00 0.00 0.00 0.00 0.00 0.00 0.00 0.00 0.00 2.59 4.97 7.23 9.35 9.59 9.85 8.92 7.20 4.71 1.76 0.00 0.00 0.00 0.00 0.00
0.00 0.00 0.00 0.00 0.00 0.00 0.00 0.00 0.00 3.22 4.74 6.89 8.94 10.65 10.51 9.51 9.06 5.96 2.23 0.00 0.00 0.00 0.00 0.00
0.00 0.00 0.00 0.00 0.00 0.00 0.00 0.00 0.00 32.35 88.96 133.66 177.44 203.79 209.68 193.11 148.16 97.06 46.02 0.00 0.00 0.00 0.00 0.00
0.00 0.00 0.00 0.00 0.00 0.00 0.00 0.00 0.00 30.77 84.62 127.14 168.79 193.85 199.45 183.69 140.94 92.33 43.77 0.00 0.00 0.00 0.00 0.00
0.00 0.00 0.00 0.00 0.00 0.00 0.00 0.00 0.00 59.18 162.73 244.50 324.59 372.79 383.56 353.24 271.03 177.55 84.18 0.00 0.00 0.00 0.00 0.00
0.00 0.00 0.00 0.00 0.00 0.00 0.00 0.00 0.00 58.20 160.02 240.43 319.18 366.58 377.17 347.36 266.51 174.59 82.77 0.00 0.00 0.00 0.00 0.00
0.00 0.00 0.00 0.00 0.00 0.00 0.00 0.00 0.00 60.57 168.54 249.70 330.22 380.92 387.73 352.40 277.92 187.65 82.88 0.00 0.00 0.00 0.00 0.00
0.00 0.00 0.00 0.00 0.00 0.00 0.00 0.00 0.02 0.22 0.46 0.67 0.80 0.89 0.89 0.79 0.63 0.41 0.15 0.00 0.00 0.00 0.00 0.00
0.00 0.00 0.00 0.00 0.00 0.00 0.00 0.00 0.08 1.12 2.31 3.37 4.08 4.51 4.49 3.99 3.20 2.09 0.77 0.00 0.00 0.00 0.00 0.00
0.00 0.00 0.00 0.00 0.00 0.00 0.00 0.00 0.43 5.71 11.82 17.22 20.80 23.04 22.91 20.35 16.34 10.67 3.95 0.00 0.00 0.00 0.00 0.00
0.00 0.00 0.00 0.00 0.00 0.00 0.00 0.00 0.00 2.21 6.08 9.13 12.12 13.92 14.32 13.19 10.12 6.63 3.14 0.00 0.00 0.00 0.00 0.00
0.00 0.00 0.00 0.00 0.00 0.00 0.00 0.00 0.00 48.15 128.83 192.70 250.67 285.19 291.54 265.02 206.89 139.80 62.18 0.00 0.00 0.00 0.00 0.00
0.00 0.00 0.00 0.00 0.00 0.00 0.00 0.00 0.00 3.29 8.44 12.45 16.13 20.43 20.68 19.24 14.31 9.86 4.33 0.00 0.00 0.00 0.00 0.00
0.00 0.00 0.00 0.00 0.00 0.00 0.00 0.00 0.00 25.84 65.28 95.90 121.82 133.07 131.94 116.92 92.60 61.91 24.03 0.00 0.00 0.00 0.00 0.00
0.00 0.00 0.00 0.00 0.00 0.00 0.00 0.00 0.00 0.80 2.15 3.21 4.18 4.75 4.86 4.42 3.45 2.33 1.04 0.00 0.00 0.00 0.00 0.00
0.00 0.00 0.00 0.00 0.00 0.00 0.00 0.00 0.00 36.12 96.62 144.52 188.00 213.89 218.66 198.76 155.17 104.85 46.63 0.00 0.00 0.00 0.00 0.00
0.00 0.00 0.00 0.00 0.00 0.00 0.00 0.00 0.00 46.35 124.00 185.47 241.27 274.49 280.61 255.08 199.13 134.56 59.84 0.00 0.00 0.00 0.00 0.00
0.00 0.00 0.00 0.00 0.00 0.00 0.00 0.00 0.00 79.87 222.26 329.29 435.48 502.33 511.32 464.73 366.51 247.47 109.30 0.00 0.00 0.00 0.00 0.00
0.00 0.00 0.00 0.00 0.00 0.00 0.00 0.00 0.00 0.62 1.23 1.87 2.39 2.62 2.67 2.41 1.74 1.14 0.46 0.00 0.00 0.00 0.00 0.00
0.00 0.00 0.00 0.00 0.00 0.00 0.00 0.00 0.00 0.76 1.52 2.32 2.99 3.20 3.25 2.95 2.14 1.41 0.56 0.00 0.00 0.00 0.00 0.00
0.00 0.00 0.00 0.00 0.00 0.00 0.00 0.00 0.00 13.58 34.81 51.34 66.54 84.25 85.31 79.38 59.03 40.68 17.85 0.00 0.00 0.00 0.00 0.00
0.00 0.00 0.00 0.00 0.00 0.00 0.00 0.00 0.00 45.37 155.03 234.90 315.39 361.59 374.95 340.41 262.48 180.64 80.03 0.00 0.00 0.00 0.00 0.00
0.00 0.00 0.00 0.00 0.00 0.00 0.00 0.00 0.00 0.18 0.36 0.52 0.65 0.77 0.79 0.71 0.51 0.34 0.12 0.00 0.00 0.00 0.00 0.00
0.00 0.00 0.00 0.00 0.00 0.00 0.00 0.00 0.00 11.92 31.55 46.90 61.01 70.20 71.61 64.09 50.04 33.68 14.25 0.00 0.00 0.00 0.00 0.00
0.00 0.00 0.00 0.00 0.00 0.00 0.00 0.00 0.00 4.03 11.54 17.48 22.81 26.00 27.06 24.74 19.18 12.65 6.39 0.00 0.00 0.00 0.00 0.00
0.00 0.00 0.00 0.00 0.00 0.00 0.00 0.00 0.00 1.36 3.52 5.10 6.25 7.13 6.99 6.26 4.66 2.93 0.83 0.00 0.00 0.00 0.00 0.00
0.00 0.00 0.00 0.00 0.00 0.00 0.00 0.00 0.00 0.68 1.76 2.55 3.13 3.56 3.50 3.13 2.33 1.46 0.42 0.00 0.00 0.00 0.00 0.00
0.00 0.00 0.00 0.00 0.00 0.00 0.00 0.00 0.00 1.49 3.86 5.58 6.84 7.80 7.65 6.84 5.10 3.20 0.91 0.00 0.00 0.00 0.00 0.00
0.00 0.00 0.00 0.00 0.00 0.00 0.00 0.00 0.01 1.11 3.30 4.77 5.89 8.77 8.73 7.81 6.09 3.84 1.13 0.00 0.00 0.00 0.00 0.00
0.00 0.00 0.00 0.00 0.00 0.00 0.00 0.00 0.01 1.69 5.03 7.27 8.98 13.36 13.30 11.90 9.29 5.86 1.72 0.00 0.00 0.00 0.00 0.00
0.00 0.00 0.00 0.00 0.00 0.00 0.00 0.00 0.00 2.22 5.90 8.79 10.87 12.43 12.31 10.74 8.07 5.12 1.57 0.00 0.00 0.00 0.00 0.00
0.00 0.00 0.00 0.00 0.00 0.00 0.00 0.00 0.00 2.19 5.36 7.80 9.81 10.64 10.58 9.29 7.07 4.63 1.64 0.00 0.00 0.00 0.00 0.00
0.00 0.00 0.00 0.00 0.00 0.00 0.00 0.00 0.00 5.66 13.85 20.15 25.34 27.50 27.33 24.00 18.27 11.96 4.23 0.00 0.00 0.00 0.00 0.00
0.00 0.00 0.00 0.00 0.00 0.00 0.00 0.00 0.00 1.45 3.57 5.20 6.58 7.33 7.31 6.44 4.92 3.26 1.22 0.00 0.00 0.00 0.00 0.00
0.00 0.00 0.00 0.00 0.00 0.00 0.00 0.00 0.04 0.80 1.48 2.17 2.77 3.11 3.13 2.81 1.71 1.10 0.37 0.00 0.00 0.00 0.00 0.00
0.00 0.00 0.00 0.00 0.00 0.00 0.00 0.00 0.02 1.48 3.21 4.67 5.75 7.04 7.20 6.60 12.27 7.86 2.56 0.00 0.00 0.00 0.00 0.00
0.00 0.00 0.00 0.00 0.00 0.00 0.00 0.00 0.03 0.21 0.38 0.53 0.63 0.70 0.69 0.61 0.53 0.33 0.09 0.00 0.00 0.00 0.00 0.00
0.00 0.00 0.00 0.00 0.00 0.00 0.00 0.00 0.16 1.29 2.38 3.40 4.03 4.35 4.27 3.76 3.11 1.98 0.64 0.00 0.00 0.00 0.00 0.00
0.00 0.00 0.00 0.00 0.00 0.00 0.00 0.00 0.13 0.85 1.56 2.25 2.63 2.93 2.83 2.49 2.08 1.31 0.40 0.00 0.00 0.00 0.00 0.00
0.00 0.00 0.00 0.00 0.00 0.00 0.00 0.00 0.17 1.18 2.15 3.10 3.64 4.05 3.91 3.44 2.88 1.81 0.55 0.00 0.00 0.00 0.00 0.00
0.00 0.00 0.00 0.00 0.00 0.00 0.00 0.00 0.12 0.80 1.47 2.11 2.48 2.76 2.66 2.34 1.96 1.23 0.37 0.00 0.00 0.00 0.00 0.00
0.00 0.00 0.00 0.00 0.00 0.00 0.00 0.00 0.09 0.69 1.27 1.82 2.15 2.32 2.28 2.01 1.66 1.05 0.34 0.00 0.00 0.00 0.00 0.00
0.00 0.00 0.00 0.00 0.00 0.00 0.00 0.00 0.11 0.65 1.20 1.67 1.98 2.14 2.11 1.88 1.56 0.97 0.28 0.00 0.00 0.00 0.00 0.00
0.00 0.00 0.00 0.00 0.00 0.00 0.00 0.00 0.05 0.63 1.31 1.91 2.31 2.55 2.54 2.26 1.81 1.18 0.44 0.00 0.00 0.00 0.00 0.00
0.00 0.00 0.00 0.00 0.00 0.00 0.00 0.00 0.37 17.71 37.06 56.68 72.19 87.62 90.51 82.11 54.94 35.17 15.59 0.00 0.00 0.00 0.00 0.00
0.00 0.00 0.00 0.00 0.00 0.00 0.00 0.00 0.00 0.96 1.87 2.77 3.54 3.51 3.55 3.24 2.84 1.87 0.72 0.00 0.00 0.00 0.00 0.00
0.00 0.00 0.00 0.00 0.00 0.00 0.00 0.00 0.04 1.34 2.61 3.80 4.76 5.23 5.23 4.83 2.67 1.74 0.63 0.00 0.00 0.00 0.00 0.00
0.00 0.00 0.00 0.00 0.00 0.00 0.00 0.00 0.02 0.62 1.20 1.74 2.18 2.40 2.40 2.21 1.22 0.80 0.29 0.00 0.00 0.00 0.00 0.00
0.00 0.00 0.00 0.00 0.00 0.00 0.00 0.00 0.00 1.22 2.31 3.40 4.33 4.24 4.31 3.92 3.59 2.37 0.91 0.00 0.00 0.00 0.00 0.00
0.00 0.00 0.00 0.00 0.00 0.00 0.00 0.00 0.01 0.45 0.86 1.26 1.58 1.87 1.91 1.73 1.25 0.81 0.29 0.00 0.00 0.00 0.00 0.00
0.00 0.00 0.00 0.00 0.00 0.00 0.00 0.00 0.00 14.07 36.04 53.15 68.89 87.23 88.32 82.19 61.11 42.12 18.48 0.00 0.00 0.00 0.00 0.00
0.00 0.00 0.00 0.00 0.00 0.00 0.00 0.00 0.00 6.18 15.61 22.93 29.13 31.82 31.55 27.96 22.14 14.80 5.75 0.00 0.00 0.00 0.00 0.00
0.00 0.00 0.00 0.00 0.00 0.00 0.00 0.00 0.00 1.39 3.48 5.09 6.56 7.38 7.45 6.59 5.03 3.38 1.33 0.00 0.00 0.00 0.00 0.00
0.00 0.00 0.00 0.00 0.00 0.00 0.00 0.00 0.00 1.72 4.26 6.33 8.06 9.13 9.17 8.28 6.45 4.33 1.74 0.00 0.00 0.00 0.00 0.00
0.00 0.00 0.00 0.00 0.00 0.00 0.00 0.00 0.00 2.75 6.82 10.13 12.89 14.61 14.67 13.24 10.31 6.94 2.78 0.00 0.00 0.00 0.00 0.00
0.00 0.00 0.00 0.00 0.00 0.00 0.00 0.00 0.00 60.17 165.44 248.58 330.00 379.00 389.95 359.13 275.55 180.51 85.58 0.00 0.00 0.00 0.00 0.00
