0.00 0.00 0.00 0.00 0.00 0.00 0.00 0.00 0.00 0.17 1.10 1.85 2.63 3.22 3.39 3.23 2.61 1.84 1.02 0.04 0.00 0.00 0.00 0.00
0.00 0.00 0.00 0.00 0.00 0.00 0.00 0.00 0.00 7.99 24.50 37.11 48.59 53.83 54.55 52.35 43.81 30.75 15.94 0.00 0.00 0.00 0.00 0.00
0.00 0.00 0.00 0.00 0.00 0.00 0.00 0.00 0.00 3.84 25.13 42.40 60.14 73.72 77.55 73.83 59.78 41.98 23.43 0.82 0.00 0.00 0.00 0.00
0.00 0.00 0.00 0.00 0.00 0.00 0.00 0.00 0.00 13.63 89.31 150.69 213.73 262.00 275.61 262.37 212.47 149.19 83.26 2.91 0.00 0.00 0.00 0.00
0.00 0.00 0.00 0.00 0.00 0.00 0.00 0.00 0.00 1.47 4.08 6.03 7.80 8.90 9.08 8.29 6.68 4.60 2.06 0.00 0.00 0.00 0.00 0.00
0.00 0.00 0.00 0.00 0.00 0.00 0.00 0.00 0.00 27.50 205.34 350.65 503.26 641.88 678.18 642.20 553.08 392.00 226.39 14.82 0.00 0.00 0.00 0.00
0.00 0.00 0.00 0.00 0.00 0.00 0.00 0.00 0.00 0.47 1.31 2.02 2.73 2.36 2.42 2.22 2.65 1.84 0.84 0.00 0.00 0.00 0.00 0.00
0.00 0.00 0.00 0.00 0.00 0.00 0.00 0.00 0.00 0.42 1.28 1.93 2.52 2.99 3.14 2.96 2.46 1.73 0.88 0.00 0.00 0.00 0.00 0.00
0.00 0.00 0.00 0.00 0.00 0.00 0.00 0.00 0.00 0.67 2.05 3.08 4.03 4.79 5.02 4.74 3.94 2.76 1.40 0.00 0.00 0.00 0.00 0.00
0.00 0.00 0.00 0.00 0.00 0.00 0.00 0.00 0.00 0.67 2.05 3.08 4.03 4.79 5.02 4.74 3.94 2.76 1.40 0.00 0.00 0.00 0.00 0.00
0.00 0.00 0.00 0.00 0.00 0.00 0.00 0.00 0.00 1.25 4.37 6.73 9.19 9.75 10.22 9.74 8.90 6.37 3.29 0.00 0.00 0.00 0.00 0.00
0.00 0.00 0.00 0.00 0.00 0.00 0.00 0.00 0.00 0.56 1.97 3.02 4.19 4.42 4.59 4.36 4.25 2.99 1.55 0.00 0.00 0.00 0.00 0.00
0.00 0.00 0.00 0.00 0.00 0.00 0.00 0.00 0.00 0.72 2.53 3.89 5.38 5.69 5.90 5.61 5.46 3.85 1.99 0.00 0.00 0.00 0.00 0.00
0.00 0.00 0.00 0.00 0.00 0.00 0.00 0.00 0.00 0.48 1.68 2.59 3.59 3.79 3.93 3.74 3.64 2.57 1.32 0.00 0.00 0.00 0.00 0.00
0.00 0.00 0.00 0.00 0.00 0.00 0.00 0.00 0.00 0.48 1.68 2.59 3.59 3.79 3.93 3.74 3.64 2.57 1.32 0.00 0.00 0.00 0.00 0.00
0.00 0.00 0.00 0.00 0.00 0.00 0.00 0.00 0.00 8.63 28.82 44.12 61.71 73.03 76.41 73.24 62.55 44.03 24.57 1.55 0.00 0.00 0.00 0.00
0.00 0.00 0.00 0.00 0.00 0.00 0.00 0.00 0.00 3.98 13.00 19.98 26.80 28.35 29.74 28.12 26.96 18.83 9.56 0.00 0.00 0.00 0.00 0.00
0.00 0.00 0.00 0.00 0.00 0.00 0.00 0.00 0.00 3.42 11.64 18.08 24.19 26.70 27.54 25.98 23.13 16.52 8.40 0.00 0.00 0.00 0.00 0.00
0.00 0.00 0.00 0.00 0.00 0.00 0.00 0.00 0.00 8.11 60.57 103.43 148.44 189.33 200.04 189.43 163.14 115.63 66.78 4.37 0.00 0.00 0.00 0.00
0.00 0.00 0.00 0.00 0.00 0.00 0.00 0.00 0.00 7.72 57.61 98.38 141.20 180.10 190.28 180.19 155.18 109.99 63.52 4.16 0.00 0.00 0.00 0.00
0.00 0.00 0.00 0.00 0.00 0.00 0.00 0.00 0.00 14.84 110.79 189.20 271.54 346.34 365.92 346.51 298.42 211.51 122.15 8.00 0.00 0.00 0.00 0.00
0.00 0.00 0.00 0.00 0.00 0.00 0.00 0.00 0.00 14.59 108.95 186.04 267.02 340.57 359.82 340.74 293.45 207.99 120.12 7.86 0.00 0.00 0.00 0.00
0.00 0.00 0.00 0.00 0.00 0.00 0.00 0.00 0.00 13.70 115.02 197.64 279.17 329.02 345.64 328.80 181.97 128.55 71.53 2.93 0.00 0.00 0.00 0.00
0.00 0.00 0.00 0.00 0.00 0.00 0.00 0.00 0.00 0.42 1.28 1.93 2.52 2.99 3.14 2.96 2.46 1.73 0.88 0.00 0.00 0.00 0.00 0.00
0.00 0.00 0.00 0.00 0.00 0.00 0.00 0.00 0.00 2.11 6.49 9.77 12.77 15.17 15.91 15.00 12.49 8.75 4.44 0.00 0.00 0.00 0.00 0.00
0.00 0.00 0.00 0.00 0.00 0.00 0.00 0.00 0.00 10.76 33.12 49.86 65.22 77.43 81.24 76.56 63.74 44.67 22.65 0.00 0.00 0.00 0.00 0.00
0.00 0.00 0.00 0.00 0.00 0.00 0.00 0.00 0.00 0.55 4.14 7.06 10.14 12.93 13.66 12.94 11.14 7.90 4.56 0.30 0.00 0.00 0.00 0.00
0.00 0.00 0.00 0.00 0.00 0.00 0.00 0.00 0.00 13.42 87.92 148.34 210.40 257.92 271.31 258.28 209.15 146.87 81.96 2.87 0.00 0.00 0.00 0.00
0.00 0.00 0.00 0.00 0.00 0.00 0.00 0.00 0.00 1.68 7.07 11.32 15.44 18.74 20.22 19.49 17.18 12.99 7.16 0.44 0.00 0.00 0.00 0.00
0.00 0.00 0.00 0.00 0.00 0.00 0.00 0.00 0.00 8.49 44.85 74.16 103.15 118.88 122.80 115.84 88.91 64.18 33.20 0.00 0.00 0.00 0.00 0.00
0.00 0.00 0.00 0.00 0.00 0.00 0.00 0.00 0.00 0.22 1.47 2.47 3.51 4.30 4.52 4.30 3.49 2.45 1.37 0.05 0.00 0.00 0.00 0.00
0.00 0.00 0.00 0.00 0.00 0.00 0.00 0.00 0.00 10.06 65.94 111.26 157.80 193.44 203.48 193.71 156.87 110.15 61.47 2.15 0.00 0.00 0.00 0.00
0.00 0.00 0.00 0.00 0.00 0.00 0.00 0.00 0.00 12.91 84.62 142.78 202.51 248.24 261.14 248.59 201.31 141.36 78.89 2.76 0.00 0.00 0.00 0.00
0.00 0.00 0.00 0.00 0.00 0.00 0.00 0.00 0.00 18.06 151.68 260.64 368.16 433.90 455.82 433.61 239.98 169.52 94.33 3.87 0.00 0.00 0.00 0.00
0.00 0.00 0.00 0.00 0.00 0.00 0.00 0.00 0.00 0.87 3.18 4.91 6.87 7.70 8.26 7.76 6.94 4.89 2.57 0.00 0.00 0.00 0.00 0.00
0.00 0.00 0.00 0.00 0.00 0.00 0.00 0.00 0.00 1.12 3.90 6.00 8.42 9.22 9.80 9.27 8.57 6.02 3.16 0.00 0.00 0.00 0.00 0.00
0.00 0.00 0.00 0.00 0.00 0.00 0.00 0.00 0.00 6.91 29.15 46.69 63.71 77.29 83.42 80.42 70.87 53.57 29.55 1.81 0.00 0.00 0.00 0.00
0.00 0.00 0.00 0.00 0.00 0.00 0.00 0.00 0.00 0.00 37.22 70.38 100.86 195.54 210.76 201.43 213.45 151.24 83.35 2.75 0.00 0.00 0.00 0.00
0.00 0.00 0.00 0.00 0.00 0.00 0.00 0.00 0.00 0.31 0.90 1.37 1.85 2.01 2.09 1.98 2.06 1.45 0.73 0.00 0.00 0.00 0.00 0.00
0.00 0.00 0.00 0.00 0.00 0.00 0.00 0.00 0.00 3.69 22.43 37.60 52.89 64.52 66.63 62.48 49.62 35.49 19.30 0.10 0.00 0.00 0.00 0.00
0.00 0.00 0.00 0.00 0.00 0.00 0.00 0.00 0.00 0.69 7.65 13.51 19.61 24.59 26.65 25.22 20.32 14.75 8.85 0.73 0.00 0.00 0.00 0.00
0.00 0.00 0.00 0.00 0.00 0.00 0.00 0.00 0.00 0.53 1.48 2.28 3.05 2.38 2.40 2.21 3.06 2.12 0.94 0.00 0.00 0.00 0.00 0.00
0.00 0.00 0.00 0.00 0.00 0.00 0.00 0.00 0.00 0.27 0.74 1.14 1.53 1.19 1.20 1.10 1.53 1.06 0.47 0.00 0.00 0.00 0.00 0.00
0.00 0.00 0.00 0.00 0.00 0.00 0.00 0.00 0.00 0.58 1.62 2.49 3.34 2.61 2.62 2.42 3.35 2.31 1.03 0.00 0.00 0.00 0.00 0.00
0.00 0.00 0.00 0.00 0.00 0.00 0.00 0.00 0.00 0.74 1.90 2.91 3.86 3.39 3.45 3.23 4.08 2.83 1.27 0.00 0.00 0.00 0.00 0.00
0.00 0.00 0.00 0.00 0.00 0.00 0.00 0.00 0.00 1.13 2.89 4.44 5.89 5.16 5.26 4.92 6.21 4.31 1.94 0.00 0.00 0.00 0.00 0.00
0.00 0.00 0.00 0.00 0.00 0.00 0.00 0.00 0.00 0.99 2.70 4.18 5.71 5.39 5.43 4.97 5.44 3.79 1.73 0.00 0.00 0.00 0.00 0.00
0.00 0.00 0.00 0.00 0.00 0.00 0.00 0.00 0.00 0.74 3.49 5.69 7.85 7.82 8.00 7.66 6.29 4.48 2.21 0.00 0.00 0.00 0.00 0.00
0.00 0.00 0.00 0.00 0.00 0.00 0.00 0.00 0.00 1.90 9.01 14.70 20.28 20.20 20.67 19.78 16.25 11.58 5.71 0.00 0.00 0.00 0.00 0.00
0.00 0.00 0.00 0.00 0.00 0.00 0.00 0.00 0.00 0.54 2.51 4.07 5.57 6.24 6.37 6.06 4.21 3.03 1.54 0.00 0.00 0.00 0.00 0.00
0.00 0.00 0.00 0.00 0.00 0.00 0.00 0.00 0.00 1.40 3.34 5.06 6.69 9.04 9.31 8.78 9.03 6.35 3.08 0.00 0.00 0.00 0.00 0.00
0.00 0.00 0.00 0.00 0.00 0.00 0.00 0.00 0.00 1.97 5.27 8.07 10.98 11.71 12.03 11.07 12.48 8.76 4.15 0.00 0.00 0.00 0.00 0.00
0.00 0.00 0.00 0.00 0.00 0.00 0.00 0.00 0.00 0.42 1.17 1.72 2.21 2.50 2.53 2.35 2.03 1.40 0.63 0.00 0.00 0.00 0.00 0.00
0.00 0.00 0.00 0.00 0.00 0.00 0.00 0.00 0.00 2.33 6.57 9.73 12.81 15.43 15.60 14.39 11.67 8.16 3.87 0.00 0.00 0.00 0.00 0.00
0.00 0.00 0.00 0.00 0.00 0.00 0.00 0.00 0.00 1.66 4.71 7.00 9.08 10.40 10.55 9.72 7.84 5.41 2.50 0.00 0.00 0.00 0.00 0.00
0.00 0.00 0.00 0.00 0.00 0.00 0.00 0.00 0.00 2.29 6.49 9.67 12.53 14.35 14.55 13.41 10.82 7.47 3.45 0.00 0.00 0.00 0.00 0.00
0.00 0.00 0.00 0.00 0.00 0.00 0.00 0.00 0.00 1.56 4.42 6.58 8.53 9.78 9.91 9.14 7.37 5.09 2.35 0.00 0.00 0.00 0.00 0.00
0.00 0.00 0.00 0.00 0.00 0.00 0.00 0.00 0.00 1.24 3.50 5.19 6.83 8.23 8.32 7.67 6.22 4.35 2.07 0.00 0.00 0.00 0.00 0.00
0.00 0.00 0.00 0.00 0.00 0.00 0.00 0.00 0.00 1.34 3.74 5.56 7.05 8.04 8.27 7.58 6.13 4.24 1.92 0.00 0.00 0.00 0.00 0.00
0.00 0.00 0.00 0.00 0.00 0.00 0.00 0.00 0.00 1.19 3.67 5.53 7.23 8.58 9.00 8.49 7.06 4.95 2.51 0.00 0.00 0.00 0.00 0.00
0.00 0.00 0.00 0.00 0.00 0.00 0.00 0.00 0.00 11.23 37.52 57.42 80.32 95.05 99.45 95.32 81.42 57.31 31.98 2.02 0.00 0.00 0.00 0.00
0.00 0.00 0.00 0.00 0.00 0.00 0.00 0.00 0.00 1.41 4.95 7.63 10.41 11.05 11.58 11.04 10.08 7.22 3.72 0.00 0.00 0.00 0.00 0.00
0.00 0.00 0.00 0.00 0.00 0.00 0.00 0.00 0.00 2.11 5.41 8.23 11.26 16.07 16.48 15.64 14.84 10.49 5.27 0.00 0.00 0.00 0.00 0.00
0.00 0.00 0.00 0.00 0.00 0.00 0.00 0.00 0.00 0.97 2.48 3.77 5.16 7.36 7.55 7.17 6.80 4.81 2.41 0.00 0.00 0.00 0.00 0.00
0.00 0.00 0.00 0.00 0.00 0.00 0.00 0.00 0.00 1.79 6.19 9.55 12.95 13.87 14.48 13.81 12.32 8.87 4.57 0.00 0.00 0.00 0.00 0.00
0.00 0.00 0.00 0.00 0.00 0.00 0.00 0.00 0.00 0.75 2.18 3.33 4.49 4.88 5.07 4.81 5.00 3.53 1.76 0.00 0.00 0.00 0.00 0.00
0.00 0.00 0.00 0.00 0.00 0.00 0.00 0.00 0.00 7.16 30.18 48.34 65.96 80.02 86.37 83.26 73.38 55.46 30.59 1.88 0.00 0.00 0.00 0.00
0.00 0.00 0.00 0.00 0.00 0.00 0.00 0.00 0.00 2.03 10.73 17.73 24.67 28.43 29.37 27.70 21.26 15.35 7.94 0.00 0.00 0.00 0.00 0.00
0.00 0.00 0.00 0.00 0.00 0.00 0.00 0.00 0.00 0.48 2.45 4.05 5.60 6.62 6.78 6.36 5.38 3.88 2.03 0.00 0.00 0.00 0.00 0.00
0.00 0.00 0.00 0.00 0.00 0.00 0.00 0.00 0.00 0.65 3.02 4.94 6.83 8.20 8.52 7.99 6.90 4.94 2.61 0.00 0.00 0.00 0.00 0.00
0.00 0.00 0.00 0.00 0.00 0.00 0.00 0.00 0.00 1.04 4.83 7.90 10.93 13.12 13.63 12.79 11.05 7.90 4.17 0.00 0.00 0.00 0.00 0.00
0.00 0.00 0.00 0.00 0.00 0.00 0.00 0.00 0.00 15.09 112.64 192.35 276.07 352.11 372.02 352.29 303.40 215.04 124.19 8.13 0.00 0.00 0.00 0.00
