0.00 0.00 0.00 0.00 0.00 0.00 0.00 0.04 0.99 1.91 3.04 3.99 4.65 5.12 5.28 5.10 4.63 3.82 2.74 1.56 0.68 0.00 0.00 0.00
0.00 0.00 0.00 0.00 0.00 0.00 0.00 2.86 19.99 36.23 53.01 68.70 79.56 80.22 81.72 77.88 67.71 53.47 36.16 17.60 4.62 0.00 0.00 0.00
0.00 0.00 0.00 0.00 0.00 0.00 0.00 1.02 22.68 43.75 69.50 91.16 106.24 117.12 120.82 116.53 105.79 87.36 62.67 35.63 15.62 0.00 0.00 0.00
0.00 0.00 0.00 0.00 0.00 0.00 0.00 3.63 80.61 155.50 246.98 323.96 377.58 416.23 429.40 414.14 375.97 310.47 222.74 126.62 55.53 0.00 0.00 0.00
0.00 0.00 0.00 0.00 0.00 0.00 0.00 1.12 4.01 6.70 9.29 11.64 13.19 11.53 11.59 10.94 10.16 7.92 5.19 2.51 0.52 0.00 0.00 0.00
0.00 0.00 0.00 0.00 0.00 0.00 0.00 0.00 162.87 328.78 523.13 690.49 808.34 898.88 928.98 917.22 858.05 710.64 520.24 306.47 136.90 0.00 0.00 0.00
0.00 0.00 0.00 0.00 0.00 0.00 0.00 0.69 2.56 4.33 6.29 7.91 9.05 9.41 9.40 9.00 8.36 6.73 4.64 2.29 0.78 0.00 0.00 0.00
0.00 0.00 0.00 0.00 0.00 0.00 0.00 0.21 1.21 2.15 3.27 4.25 4.91 5.34 5.38 5.10 4.47 3.60 2.44 1.23 0.34 0.00 0.00 0.00
0.00 0.00 0.00 0.00 0.00 0.00 0.00 0.33 1.94 3.45 5.23 6.80 7.85 8.54 8.61 8.16 7.15 5.76 3.90 1.96 0.55 0.00 0.00 0.00
0.00 0.00 0.00 0.00 0.00 0.00 0.00 0.33 1.94 3.45 5.23 6.80 7.85 8.54 8.61 8.16 7.15 5.76 3.90 1.96 0.55 0.00 0.00 0.00
0.00 0.00 0.00 0.00 0.00 0.00 0.00 0.68 4.53 8.18 12.73 16.90 19.60 21.35 21.53 20.40 18.24 14.44 9.86 4.95 1.63 0.00 0.00 0.00
0.00 0.00 0.00 0.00 0.00 0.00 0.00 0.32 2.12 3.83 6.01 7.91 9.18 10.08 10.23 9.69 8.62 6.83 4.63 2.30 0.75 0.00 0.00 0.00
0.00 0.00 0.00 0.00 0.00 0.00 0.00 0.41 2.73 4.93 7.73 10.18 11.80 12.96 13.15 12.46 11.08 8.78 5.96 2.96 0.96 0.00 0.00 0.00
0.00 0.00 0.00 0.00 0.00 0.00 0.00 0.27 1.82 3.28 5.15 6.78 7.87 8.64 8.77 8.31 7.39 5.86 3.97 1.97 0.64 0.00 0.00 0.00
0.00 0.00 0.00 0.00 0.00 0.00 0.00 0.27 1.82 3.28 5.15 6.78 7.87 8.64 8.77 8.31 7.39 5.86 3.97 1.97 0.64 0.00 0.00 0.00
0.00 0.00 0.00 0.00 0.00 0.00 0.00 0.31 21.99 42.69 67.15 87.08 101.10 111.94 113.61 108.22 84.61 66.01 45.68 21.10 6.43 0.00 0.00 0.00
0.00 0.00 0.00 0.00 0.00 0.00 0.00 2.43 14.14 25.24 39.09 51.44 60.24 64.69 64.07 59.83 54.15 42.96 29.42 14.49 4.69 0.00 0.00 0.00
0.00 0.00 0.00 0.00 0.00 0.00 0.00 2.14 12.46 22.27 32.98 42.93 50.27 53.92 53.49 49.68 45.83 36.60 24.99 12.94 4.45 0.00 0.00 0.00
0.00 0.00 0.00 0.00 0.00 0.00 0.00 0.00 48.04 96.98 154.31 203.67 238.43 265.14 274.02 270.55 253.10 209.61 153.45 90.40 40.38 0.00 0.00 0.00
0.00 0.00 0.00 0.00 0.00 0.00 0.00 0.00 45.70 92.25 146.78 193.74 226.80 252.20 260.65 257.35 240.75 199.39 145.97 85.99 38.41 0.00 0.00 0.00
0.00 0.00 0.00 0.00 0.00 0.00 0.00 0.00 87.88 177.40 282.27 372.57 436.15 485.01 501.25 494.90 462.98 383.44 280.71 165.36 73.87 0.00 0.00 0.00
0.00 0.00 0.00 0.00 0.00 0.00 0.00 0.00 86.42 174.44 277.56 366.36 428.88 476.92 492.89 486.66 455.26 377.05 276.03 162.61 72.64 0.00 0.00 0.00
0.00 0.00 0.00 0.00 0.00 0.00 0.00 5.96 104.77 200.61 316.03 418.46 493.47 534.19 550.42 533.99 487.42 401.39 291.25 167.39 75.93 0.00 0.00 0.00
0.00 0.00 0.00 0.00 0.00 0.00 0.00 0.21 1.21 2.15 3.27 4.25 4.91 5.34 5.38 5.10 4.47 3.60 2.44 1.23 0.34 0.00 0.00 0.00
0.00 0.00 0.00 0.00 0.00 0.00 0.00 1.05 6.13 10.91 16.56 21.55 24.87 27.06 27.28 25.84 22.63 18.24 12.34 6.22 1.74 0.00 0.00 0.00
0.00 0.00 0.00 0.00 0.00 0.00 0.00 5.38 31.32 55.70 84.55 110.01 126.97 138.14 139.28 131.90 115.53 93.11 62.99 31.77 8.89 0.00 0.00 0.00
0.00 0.00 0.00 0.00 0.00 0.00 0.00 0.00 3.28 6.62 10.54 13.91 16.28 18.11 18.71 18.48 17.28 14.32 10.48 6.17 2.76 0.00 0.00 0.00
0.00 0.00 0.00 0.00 0.00 0.00 0.00 3.57 79.35 153.08 243.13 318.91 371.69 409.74 422.71 407.69 370.11 305.63 219.27 124.64 54.66 0.00 0.00 0.00
0.00 0.00 0.00 0.00 0.00 0.00 0.00 0.26 5.67 10.91 17.24 23.57 28.32 30.82 30.88 29.41 26.71 21.63 15.00 9.50 3.58 0.00 0.00 0.00
0.00 0.00 0.00 0.00 0.00 0.00 0.00 7.49 45.67 82.23 127.47 165.86 193.05 203.44 206.52 194.88 178.28 146.58 105.02 57.85 24.31 0.00 0.00 0.00
0.00 0.00 0.00 0.00 0.00 0.00 0.00 0.06 1.32 2.55 4.05 5.32 6.19 6.83 7.05 6.79 6.17 5.09 3.65 2.08 0.91 0.00 0.00 0.00
0.00 0.00 0.00 0.00 0.00 0.00 0.00 2.68 59.51 114.81 182.35 239.18 278.77 307.31 317.03 305.77 277.58 229.22 164.45 93.48 41.00 0.00 0.00 0.00
0.00 0.00 0.00 0.00 0.00 0.00 0.00 3.43 76.37 147.34 234.02 306.95 357.75 394.38 406.86 392.40 356.23 294.16 211.05 119.97 52.61 0.00 0.00 0.00
0.00 0.00 0.00 0.00 0.00 0.00 0.00 7.86 138.17 264.56 416.76 551.85 650.77 704.46 725.86 704.20 642.78 529.33 384.09 220.75 100.14 0.00 0.00 0.00
0.00 0.00 0.00 0.00 0.00 0.00 0.00 0.39 3.23 5.91 9.38 12.30 14.49 15.85 15.93 14.83 13.51 10.80 7.38 3.82 1.25 0.00 0.00 0.00
0.00 0.00 0.00 0.00 0.00 0.00 0.00 0.52 4.05 7.40 11.81 15.52 18.08 19.83 19.94 18.70 16.86 13.44 9.24 4.73 1.55 0.00 0.00 0.00
0.00 0.00 0.00 0.00 0.00 0.00 0.00 1.07 23.41 45.00 71.10 97.23 116.80 127.15 127.39 121.31 110.17 89.22 61.88 39.20 14.78 0.00 0.00 0.00
0.00 0.00 0.00 0.00 0.00 0.00 0.00 6.96 102.73 196.36 300.97 407.13 491.13 541.83 554.90 531.42 484.50 401.40 290.58 175.50 87.60 0.00 0.00 0.00
0.00 0.00 0.00 0.00 0.00 0.00 0.00 0.22 1.16 2.05 3.08 4.04 4.71 5.13 5.10 4.72 4.25 3.37 2.31 1.11 0.35 0.00 0.00 0.00
0.00 0.00 0.00 0.00 0.00 0.00 0.00 2.05 21.38 40.10 62.22 82.08 95.19 101.88 103.82 99.17 91.25 75.35 53.64 30.50 13.17 0.00 0.00 0.00
0.00 0.00 0.00 0.00 0.00 0.00 0.00 0.00 5.27 11.27 18.05 24.48 29.07 31.89 32.64 31.56 29.03 24.06 17.61 10.62 4.90 0.00 0.00 0.00
0.00 0.00 0.00 0.00 0.00 0.00 0.00 0.85 2.96 4.96 7.19 9.10 10.29 10.71 10.57 10.07 9.44 7.47 5.20 2.54 0.84 0.00 0.00 0.00
0.00 0.00 0.00 0.00 0.00 0.00 0.00 0.42 1.48 2.48 3.59 4.55 5.15 5.35 5.28 5.03 4.72 3.74 2.60 1.27 0.42 0.00 0.00 0.00
0.00 0.00 0.00 0.00 0.00 0.00 0.00 0.93 3.24 5.42 7.86 9.96 11.26 11.71 11.56 11.01 10.33 8.17 5.69 2.78 0.92 0.00 0.00 0.00
0.00 0.00 0.00 0.00 0.00 0.00 0.00 1.09 3.95 6.65 9.57 12.14 13.82 14.39 14.15 13.47 12.45 9.99 6.88 3.31 1.08 0.00 0.00 0.00
0.00 0.00 0.00 0.00 0.00 0.00 0.00 1.67 6.02 10.13 14.59 18.49 21.06 21.93 21.55 20.53 18.97 15.23 10.48 5.04 1.64 0.00 0.00 0.00
0.00 0.00 0.00 0.00 0.00 0.00 0.00 1.39 5.25 8.89 12.91 16.11 18.50 19.31 19.35 18.36 16.97 13.46 9.40 4.70 1.59 0.00 0.00 0.00
0.00 0.00 0.00 0.00 0.00 0.00 0.00 0.84 3.87 6.76 10.21 13.43 15.62 16.47 16.46 15.72 14.24 11.48 8.11 4.53 1.84 0.00 0.00 0.00
0.00 0.00 0.00 0.00 0.00 0.00 0.00 2.16 9.99 17.45 26.39 34.68 40.34 42.54 42.51 40.61 36.78 29.65 20.95 11.71 4.76 0.00 0.00 0.00
0.00 0.00 0.00 0.00 0.00 0.00 0.00 0.48 2.58 4.59 7.06 9.19 10.70 11.26 11.18 10.55 9.69 7.80 5.53 3.12 1.26 0.00 0.00 0.00
0.00 0.00 0.00 0.00 0.00 0.00 0.00 1.15 5.23 9.08 13.70 17.73 20.35 22.17 22.04 20.58 18.61 14.99 10.30 4.79 1.44 0.00 0.00 0.00
0.00 0.00 0.00 0.00 0.00 0.00 0.00 2.24 9.35 16.05 23.58 30.17 34.59 36.51 36.87 34.50 31.51 24.86 16.94 8.13 2.60 0.00 0.00 0.00
0.00 0.00 0.00 0.00 0.00 0.00 0.00 0.36 1.28 2.14 3.11 3.87 4.31 4.18 4.15 3.86 2.66 2.10 1.42 0.68 0.15 0.00 0.00 0.00
0.00 0.00 0.00 0.00 0.00 0.00 0.00 1.61 6.81 11.65 17.19 21.82 24.59 25.08 24.80 23.40 20.00 16.10 11.00 5.42 1.34 0.00 0.00 0.00
0.00 0.00 0.00 0.00 0.00 0.00 0.00 1.22 4.73 8.01 11.66 14.64 16.37 15.84 15.54 14.96 11.92 9.51 6.46 3.59 0.83 0.00 0.00 0.00
0.00 0.00 0.00 0.00 0.00 0.00 0.00 1.69 6.53 11.06 16.10 20.21 22.59 21.86 21.44 20.64 16.45 13.13 8.91 4.95 1.15 0.00 0.00 0.00
0.00 0.00 0.00 0.00 0.00 0.00 0.00 1.15 4.45 7.53 10.96 13.76 15.39 14.89 14.60 14.06 11.20 8.94 6.07 3.37 0.78 0.00 0.00 0.00
0.00 0.00 0.00 0.00 0.00 0.00 0.00 0.86 3.63 6.21 9.17 11.64 13.11 13.38 13.23 12.48 10.66 8.59 5.87 2.89 0.71 0.00 0.00 0.00
0.00 0.00 0.00 0.00 0.00 0.00 0.00 0.95 3.50 5.90 8.42 10.56 11.92 11.13 11.22 10.69 9.72 7.64 5.02 2.47 0.52 0.00 0.00 0.00
0.00 0.00 0.00 0.00 0.00 0.00 0.00 0.60 3.47 6.17 9.37 12.19 14.07 15.31 15.44 14.62 12.80 10.32 6.98 3.52 0.98 0.00 0.00 0.00
0.00 0.00 0.00 0.00 0.00 0.00 0.00 0.41 28.62 55.56 87.40 113.34 131.59 145.70 147.87 140.86 110.13 85.91 59.45 27.46 8.37 0.00 0.00 0.00
0.00 0.00 0.00 0.00 0.00 0.00 0.00 0.78 5.14 9.28 14.43 19.15 22.21 24.20 24.40 23.12 20.68 16.37 11.17 5.61 1.84 0.00 0.00 0.00
0.00 0.00 0.00 0.00 0.00 0.00 0.00 1.47 7.99 14.14 21.33 27.78 32.39 35.92 35.63 33.36 29.10 22.80 15.54 7.56 2.32 0.00 0.00 0.00
0.00 0.00 0.00 0.00 0.00 0.00 0.00 0.67 3.66 6.48 9.78 12.73 14.84 16.46 16.33 15.29 13.34 10.45 7.12 3.46 1.07 0.00 0.00 0.00
0.00 0.00 0.00 0.00 0.00 0.00 0.00 0.99 6.45 11.64 17.91 23.74 27.58 29.83 30.03 28.37 25.47 20.19 13.76 6.92 2.28 0.00 0.00 0.00
0.00 0.00 0.00 0.00 0.00 0.00 0.00 0.54 2.82 4.97 7.48 9.82 11.44 12.47 12.39 11.46 10.31 8.18 5.61 2.70 0.85 0.00 0.00 0.00
0.00 0.00 0.00 0.00 0.00 0.00 0.00 1.11 24.24 46.59 73.61 100.67 120.93 131.64 131.89 125.60 114.06 92.38 64.07 40.59 15.30 0.00 0.00 0.00
0.00 0.00 0.00 0.00 0.00 0.00 0.00 1.79 10.92 19.66 30.48 39.66 46.16 48.65 49.38 46.60 42.63 35.05 25.11 13.83 5.81 0.00 0.00 0.00
0.00 0.00 0.00 0.00 0.00 0.00 0.00 0.37 2.46 4.46 6.90 8.96 10.46 11.08 11.17 10.53 9.46 7.66 5.49 3.20 1.34 0.00 0.00 0.00
0.00 0.00 0.00 0.00 0.00 0.00 0.00 0.43 3.16 5.78 8.69 11.29 13.05 13.79 13.80 13.17 12.05 9.92 7.13 4.22 1.72 0.00 0.00 0.00
0.00 0.00 0.00 0.00 0.00 0.00 0.00 0.69 5.05 9.24 13.90 18.06 20.88 22.07 22.08 21.06 19.29 15.87 11.41 6.76 2.75 0.00 0.00 0.00
0.00 0.00 0.00 0.00 0.00 0.00 0.00 0.00 89.35 180.36 286.97 378.78 443.42 493.09 509.60 503.15 470.70 389.83 285.39 168.12 75.10 0.00 0.00 0.00
