0.00 0.00 0.00 0.00 0.00 0.00 0.00 0.13 1.04 1.91 2.97 3.93 4.71 5.19 5.28 4.98 4.44 3.55 2.41 1.17 0.41 0.00 0.00 0.00
0.00 0.00 0.00 0.00 0.00 0.00 0.00 4.12 18.91 32.81 48.18 63.76 75.76 83.05 83.54 78.30 66.26 51.39 33.69 12.76 1.57 0.00 0.00 0.00
0.00 0.00 0.00 0.00 0.00 0.00 0.00 3.02 23.78 43.69 67.80 89.82 107.77 118.57 120.76 113.98 101.42 81.19 55.18 26.71 9.41 0.00 0.00 0.00
0.00 0.00 0.00 0.00 0.00 0.00 0.00 10.74 84.53 155.27 240.97 319.23 383.02 421.38 429.19 405.06 360.44 288.56 196.10 94.93 33.42 0.00 0.00 0.00
0.00 0.00 0.00 0.00 0.00 0.00 0.00 1.28 3.87 6.35 9.32 11.90 13.53 14.61 14.57 13.27 10.95 8.28 5.23 1.65 0.07 0.00 0.00 0.00
0.00 0.00 0.00 0.00 0.00 0.00 0.00 10.05 183.55 350.50 557.71 742.21 889.70 976.28 985.61 925.29 783.29 612.67 426.72 181.23 65.86 0.00 0.00 0.00
0.00 0.00 0.00 0.00 0.00 0.00 0.00 0.78 2.45 4.02 5.87 7.43 8.62 9.14 9.39 8.84 7.73 6.01 3.92 1.66 0.36 0.00 0.00 0.00
0.00 0.00 0.00 0.00 0.00 0.00 0.00 0.27 1.11 1.89 2.87 3.79 4.48 5.05 5.08 4.85 4.21 3.31 2.18 0.80 0.12 0.00 0.00 0.00
0.00 0.00 0.00 0.00 0.00 0.00 0.00 0.43 1.78 3.03 4.59 6.07 7.16 8.08 8.12 7.76 6.73 5.29 3.49 1.28 0.18 0.00 0.00 0.00
0.00 0.00 0.00 0.00 0.00 0.00 0.00 0.43 1.78 3.03 4.59 6.07 7.16 8.08 8.12 7.76 6.73 5.29 3.49 1.28 0.18 0.00 0.00 0.00
0.00 0.00 0.00 0.00 0.00 0.00 0.00 0.84 3.78 6.56 10.11 13.74 16.74 18.60 19.37 18.51 14.87 11.68 7.72 3.62 0.75 0.00 0.00 0.00
0.00 0.00 0.00 0.00 0.00 0.00 0.00 0.40 1.79 3.11 4.81 6.54 7.91 8.83 9.14 8.69 6.99 5.48 3.60 1.71 0.35 0.00 0.00 0.00
0.00 0.00 0.00 0.00 0.00 0.00 0.00 0.51 2.31 3.99 6.18 8.40 10.17 11.35 11.75 11.17 8.99 7.04 4.62 2.19 0.45 0.00 0.00 0.00
0.00 0.00 0.00 0.00 0.00 0.00 0.00 0.34 1.54 2.66 4.12 5.60 6.78 7.57 7.83 7.45 5.99 4.70 3.08 1.46 0.30 0.00 0.00 0.00
0.00 0.00 0.00 0.00 0.00 0.00 0.00 0.34 1.54 2.66 4.12 5.60 6.78 7.57 7.83 7.45 5.99 4.70 3.08 1.46 0.30 0.00 0.00 0.00
0.00 0.00 0.00 0.00 0.00 0.00 0.00 2.48 21.80 40.05 61.94 80.91 94.96 104.34 106.36 102.45 89.83 69.59 44.72 18.75 3.40 0.00 0.00 0.00
0.00 0.00 0.00 0.00 0.00 0.00 0.00 2.86 11.99 20.58 31.35 41.60 50.48 55.59 56.79 55.10 45.31 35.54 23.59 10.78 2.17 0.00 0.00 0.00
0.00 0.00 0.00 0.00 0.00 0.00 0.00 2.60 10.99 18.88 27.58 36.16 43.75 46.71 47.93 46.18 38.60 30.43 20.10 8.14 1.85 0.00 0.00 0.00
0.00 0.00 0.00 0.00 0.00 0.00 0.00 2.97 54.14 103.38 164.50 218.92 262.43 287.97 290.72 272.93 231.04 180.71 125.87 53.46 19.43 0.00 0.00 0.00
0.00 0.00 0.00 0.00 0.00 0.00 0.00 2.82 51.50 98.34 156.48 208.24 249.63 273.92 276.54 259.62 219.77 171.90 119.73 50.85 18.48 0.00 0.00 0.00
0.00 0.00 0.00 0.00 0.00 0.00 0.00 5.43 99.04 189.12 300.92 400.47 480.06 526.77 531.80 499.26 422.64 330.57 230.25 97.78 35.54 0.00 0.00 0.00
0.00 0.00 0.00 0.00 0.00 0.00 0.00 5.33 97.39 185.97 295.91 393.80 472.06 517.99 522.94 490.94 415.60 325.07 226.41 96.15 34.94 0.00 0.00 0.00
0.00 0.00 0.00 0.00 0.00 0.00 0.00 15.56 115.16 210.67 318.62 422.51 503.20 537.68 548.65 519.28 476.77 381.59 261.02 141.85 52.57 0.00 0.00 0.00
0.00 0.00 0.00 0.00 0.00 0.00 0.00 0.27 1.11 1.89 2.87 3.79 4.48 5.05 5.08 4.85 4.21 3.31 2.18 0.80 0.12 0.00 0.00 0.00
0.00 0.00 0.00 0.00 0.00 0.00 0.00 1.36 5.62 9.59 14.54 19.23 22.68 25.59 25.72 24.56 21.33 16.75 11.04 4.06 0.58 0.00 0.00 0.00
0.00 0.00 0.00 0.00 0.00 0.00 0.00 6.93 28.71 48.97 74.23 98.16 115.79 130.64 131.29 125.39 108.88 85.49 56.36 20.72 2.98 0.00 0.00 0.00
0.00 0.00 0.00 0.00 0.00 0.00 0.00 0.20 3.70 7.06 11.23 14.95 17.92 19.67 19.85 18.64 15.78 12.34 8.60 3.65 1.33 0.00 0.00 0.00
0.00 0.00 0.00 0.00 0.00 0.00 0.00 10.57 83.21 152.85 237.22 314.25 377.05 414.81 422.50 398.75 354.82 284.06 193.04 93.45 32.90 0.00 0.00 0.00
0.00 0.00 0.00 0.00 0.00 0.00 0.00 0.62 4.62 8.44 13.59 19.58 24.91 28.61 30.21 29.02 25.68 20.41 14.00 6.50 1.79 0.00 0.00 0.00
0.00 0.00 0.00 0.00 0.00 0.00 0.00 10.87 48.19 83.59 119.79 155.28 181.18 198.75 200.90 190.12 166.62 133.61 91.82 44.19 14.55 0.00 0.00 0.00
0.00 0.00 0.00 0.00 0.00 0.00 0.00 0.18 1.39 2.55 3.95 5.24 6.28 6.91 7.04 6.65 5.91 4.73 3.22 1.56 0.55 0.00 0.00 0.00
0.00 0.00 0.00 0.00 0.00 0.00 0.00 7.93 62.41 114.64 177.91 235.69 282.78 311.11 316.87 299.06 266.11 213.05 144.78 70.09 24.68 0.00 0.00 0.00
0.00 0.00 0.00 0.00 0.00 0.00 0.00 10.17 80.09 147.12 228.32 302.47 362.91 399.26 406.65 383.80 341.51 273.41 185.80 89.95 31.67 0.00 0.00 0.00
0.00 0.00 0.00 0.00 0.00 0.00 0.00 20.52 151.87 277.83 420.18 557.18 663.59 709.06 723.54 684.80 628.74 503.22 344.22 187.06 69.32 0.00 0.00 0.00
0.00 0.00 0.00 0.00 0.00 0.00 0.00 0.54 2.75 4.82 7.14 9.81 12.04 13.84 14.06 13.55 11.17 8.76 5.89 2.63 0.55 0.00 0.00 0.00
0.00 0.00 0.00 0.00 0.00 0.00 0.00 0.70 3.45 6.03 8.99 12.27 15.27 17.15 17.62 16.92 14.29 11.10 7.38 3.25 0.68 0.00 0.00 0.00
0.00 0.00 0.00 0.00 0.00 0.00 0.00 2.54 19.08 34.81 56.04 80.78 102.75 118.02 124.62 119.70 105.94 84.18 57.73 26.79 7.38 0.00 0.00 0.00
0.00 0.00 0.00 0.00 0.00 0.00 0.00 16.06 115.64 211.32 318.90 423.88 505.04 565.50 578.68 560.22 486.84 391.97 281.14 187.17 80.57 0.00 0.00 0.00
0.00 0.00 0.00 0.00 0.00 0.00 0.00 0.25 0.98 1.67 2.46 3.36 4.04 4.41 4.53 4.31 3.33 2.60 1.73 0.82 0.16 0.00 0.00 0.00
0.00 0.00 0.00 0.00 0.00 0.00 0.00 3.76 22.26 39.94 59.91 78.91 93.57 102.03 103.30 97.07 86.18 69.30 48.69 24.57 8.44 0.00 0.00 0.00
0.00 0.00 0.00 0.00 0.00 0.00 0.00 0.00 6.29 12.60 20.54 27.91 33.26 36.91 36.83 33.92 28.70 22.81 16.20 9.16 3.51 0.00 0.00 0.00
0.00 0.00 0.00 0.00 0.00 0.00 0.00 0.92 2.76 4.51 6.63 8.60 9.90 10.42 10.56 10.08 8.87 6.90 4.55 1.92 0.39 0.00 0.00 0.00
0.00 0.00 0.00 0.00 0.00 0.00 0.00 0.46 1.38 2.25 3.31 4.30 4.95 5.21 5.28 5.04 4.43 3.45 2.27 0.96 0.20 0.00 0.00 0.00
0.00 0.00 0.00 0.00 0.00 0.00 0.00 1.00 3.02 4.93 7.25 9.41 10.83 11.40 11.55 11.02 9.70 7.54 4.97 2.10 0.43 0.00 0.00 0.00
0.00 0.00 0.00 0.00 0.00 0.00 0.00 1.18 3.63 5.92 8.61 11.19 12.87 13.56 13.83 13.38 11.72 9.02 6.04 2.52 0.50 0.00 0.00 0.00
0.00 0.00 0.00 0.00 0.00 0.00 0.00 1.80 5.53 9.02 13.12 17.05 19.61 20.67 21.08 20.39 17.86 13.74 9.20 3.83 0.77 0.00 0.00 0.00
0.00 0.00 0.00 0.00 0.00 0.00 0.00 1.55 4.93 8.10 11.93 15.12 17.54 18.69 18.91 17.91 15.57 12.14 8.08 3.39 0.74 0.00 0.00 0.00
0.00 0.00 0.00 0.00 0.00 0.00 0.00 1.12 4.17 7.06 10.19 13.12 15.25 16.06 15.95 14.90 13.03 10.25 7.03 3.26 1.01 0.00 0.00 0.00
0.00 0.00 0.00 0.00 0.00 0.00 0.00 2.90 10.77 18.23 26.32 33.88 39.39 41.49 41.20 38.50 33.66 26.49 18.17 8.43 2.61 0.00 0.00 0.00
0.00 0.00 0.00 0.00 0.00 0.00 0.00 0.65 2.68 4.60 6.67 8.67 10.09 10.74 10.86 10.12 8.72 6.88 4.72 2.22 0.68 0.00 0.00 0.00
0.00 0.00 0.00 0.00 0.00 0.00 0.00 1.30 4.66 7.80 11.55 15.18 17.92 18.60 19.16 18.17 13.13 10.16 6.76 3.35 0.57 0.00 0.00 0.00
0.00 0.00 0.00 0.00 0.00 0.00 0.00 2.44 8.29 13.77 19.66 25.97 31.46 34.27 34.61 32.92 25.23 19.49 12.72 5.76 1.12 0.00 0.00 0.00
0.00 0.00 0.00 0.00 0.00 0.00 0.00 0.41 1.24 2.01 2.87 3.64 4.13 4.43 4.42 4.18 3.55 2.71 1.76 0.65 0.04 0.00 0.00 0.00
0.00 0.00 0.00 0.00 0.00 0.00 0.00 1.98 6.70 11.05 16.15 20.86 24.06 26.03 26.06 24.67 21.09 16.29 10.64 3.96 0.39 0.00 0.00 0.00
0.00 0.00 0.00 0.00 0.00 0.00 0.00 1.43 4.56 7.50 10.97 14.12 16.10 17.47 17.47 16.38 13.76 10.63 6.87 2.55 0.19 0.00 0.00 0.00
0.00 0.00 0.00 0.00 0.00 0.00 0.00 1.98 6.30 10.35 15.14 19.48 22.22 24.11 24.11 22.60 18.99 14.68 9.49 3.52 0.27 0.00 0.00 0.00
0.00 0.00 0.00 0.00 0.00 0.00 0.00 1.35 4.29 7.05 10.31 13.27 15.14 16.42 16.43 15.39 12.93 10.00 6.46 2.40 0.18 0.00 0.00 0.00
0.00 0.00 0.00 0.00 0.00 0.00 0.00 1.06 3.57 5.90 8.61 11.12 12.83 13.88 13.90 13.16 11.25 8.69 5.67 2.11 0.21 0.00 0.00 0.00
0.00 0.00 0.00 0.00 0.00 0.00 0.00 1.12 3.46 5.70 8.35 10.61 12.18 13.26 13.23 12.14 9.86 7.43 4.69 1.56 0.08 0.00 0.00 0.00
0.00 0.00 0.00 0.00 0.00 0.00 0.00 0.77 3.18 5.43 8.23 10.88 12.83 14.48 14.55 13.90 12.07 9.47 6.25 2.30 0.33 0.00 0.00 0.00
0.00 0.00 0.00 0.00 0.00 0.00 0.00 3.23 28.38 52.13 80.62 105.31 123.60 135.81 138.44 133.34 116.93 90.58 58.21 24.41 4.43 0.00 0.00 0.00
0.00 0.00 0.00 0.00 0.00 0.00 0.00 0.95 4.29 7.43 11.46 15.58 18.97 21.08 21.96 20.98 16.85 13.24 8.75 4.10 0.85 0.00 0.00 0.00
0.00 0.00 0.00 0.00 0.00 0.00 0.00 1.62 6.48 11.00 17.19 23.55 27.95 29.53 29.67 28.24 25.27 19.62 12.95 5.67 1.02 0.00 0.00 0.00
0.00 0.00 0.00 0.00 0.00 0.00 0.00 0.74 2.97 5.04 7.88 10.79 12.81 13.53 13.60 12.94 11.58 8.99 5.94 2.60 0.47 0.00 0.00 0.00
0.00 0.00 0.00 0.00 0.00 0.00 0.00 1.19 5.34 9.25 14.17 19.18 23.43 25.94 27.00 25.85 20.98 16.50 10.95 4.99 1.04 0.00 0.00 0.00
0.00 0.00 0.00 0.00 0.00 0.00 0.00 0.60 2.38 4.05 5.98 8.16 9.81 10.72 11.00 10.46 8.08 6.32 4.21 1.98 0.38 0.00 0.00 0.00
0.00 0.00 0.00 0.00 0.00 0.00 0.00 2.63 19.75 36.04 58.02 83.64 106.38 122.20 129.03 123.93 109.69 87.16 59.78 27.74 7.64 0.00 0.00 0.00
0.00 0.00 0.00 0.00 0.00 0.00 0.00 2.60 11.52 19.99 28.65 37.13 43.32 47.53 48.04 45.46 39.84 31.95 21.96 10.57 3.48 0.00 0.00 0.00
0.00 0.00 0.00 0.00 0.00 0.00 0.00 0.54 2.53 4.42 6.57 8.53 9.97 10.73 10.94 10.24 8.99 7.13 4.90 2.34 0.76 0.00 0.00 0.00
0.00 0.00 0.00 0.00 0.00 0.00 0.00 0.62 3.05 5.35 7.86 10.36 12.37 13.58 13.57 12.70 11.16 8.77 6.01 2.81 0.87 0.00 0.00 0.00
0.00 0.00 0.00 0.00 0.00 0.00 0.00 1.00 4.87 8.56 12.58 16.58 19.80 21.72 21.72 20.32 17.86 14.02 9.61 4.50 1.40 0.00 0.00 0.00
0.00 0.00 0.00 0.00 0.00 0.00 0.00 5.52 100.69 192.27 305.94 407.15 488.06 535.55 540.67 507.58 429.68 336.08 234.08 99.41 36.13 0.00 0.00 0.00
