0.00 0.00 0.00 0.00 0.00 0.00 0.00 0.00 0.00 0.12 1.13 1.92 2.73 3.28 3.40 3.17 2.57 1.73 0.84 0.00 0.00 0.00 0.00 0.00
0.00 0.00 0.00 0.00 0.00 0.00 0.00 0.00 0.00 8.28 25.70 38.73 50.33 55.01 55.19 52.22 41.74 28.09 12.57 0.00 0.00 0.00 0.00 0.00
0.00 0.00 0.00 0.00 0.00 0.00 0.00 0.00 0.00 2.68 25.81 43.99 62.40 74.93 77.71 72.58 58.78 39.52 19.26 0.00 0.00 0.00 0.00 0.00
0.00 0.00 0.00 0.00 0.00 0.00 0.00 0.00 0.00 9.51 91.71 156.33 221.76 266.28 276.16 257.95 208.91 140.44 68.46 0.00 0.00 0.00 0.00 0.00
0.00 0.00 0.00 0.00 0.00 0.00 0.00 0.00 0.00 1.50 4.25 6.24 8.00 9.13 9.20 8.25 6.52 4.27 1.51 0.00 0.00 0.00 0.00 0.00
0.00 0.00 0.00 0.00 0.00 0.00 0.00 0.00 0.00 18.97 213.58 367.99 528.11 647.56 673.51 625.02 507.68 346.61 178.77 0.00 0.00 0.00 0.00 0.00
0.00 0.00 0.00 0.00 0.00 0.00 0.00 0.00 0.00 0.55 2.23 3.46 4.64 5.40 5.47 4.93 3.81 2.51 0.89 0.00 0.00 0.00 0.00 0.00
0.00 0.00 0.00 0.00 0.00 0.00 0.00 0.00 0.00 0.43 1.39 2.09 2.72 3.17 3.29 3.05 2.43 1.63 0.71 0.00 0.00 0.00 0.00 0.00
0.00 0.00 0.00 0.00 0.00 0.00 0.00 0.00 0.00 0.69 2.23 3.35 4.35 5.07 5.26 4.88 3.89 2.61 1.13 0.00 0.00 0.00 0.00 0.00
0.00 0.00 0.00 0.00 0.00 0.00 0.00 0.00 0.00 0.69 2.23 3.35 4.35 5.07 5.26 4.88 3.89 2.61 1.13 0.00 0.00 0.00 0.00 0.00
0.00 0.00 0.00 0.00 0.00 0.00 0.00 0.00 0.00 1.31 4.90 7.55 10.24 12.06 12.51 11.77 9.53 6.55 2.90 0.00 0.00 0.00 0.00 0.00
0.00 0.00 0.00 0.00 0.00 0.00 0.00 0.00 0.00 0.63 2.30 3.54 4.87 5.78 5.93 5.56 4.54 3.07 1.36 0.00 0.00 0.00 0.00 0.00
0.00 0.00 0.00 0.00 0.00 0.00 0.00 0.00 0.00 0.80 2.96 4.55 6.26 7.43 7.63 7.15 5.84 3.95 1.75 0.00 0.00 0.00 0.00 0.00
0.00 0.00 0.00 0.00 0.00 0.00 0.00 0.00 0.00 0.54 1.98 3.03 4.17 4.95 5.08 4.76 3.89 2.63 1.17 0.00 0.00 0.00 0.00 0.00
0.00 0.00 0.00 0.00 0.00 0.00 0.00 0.00 0.00 0.54 1.98 3.03 4.17 4.95 5.08 4.76 3.89 2.63 1.17 0.00 0.00 0.00 0.00 0.00
0.00 0.00 0.00 0.00 0.00 0.00 0.00 0.00 0.00 8.68 29.73 45.31 62.98 73.32 76.15 72.18 59.32 40.34 20.18 0.00 0.00 0.00 0.00 0.00
0.00 0.00 0.00 0.00 0.00 0.00 0.00 0.00 0.00 4.13 15.30 23.51 31.36 36.40 37.81 35.23 28.88 19.33 8.33 0.00 0.00 0.00 0.00 0.00
0.00 0.00 0.00 0.00 0.00 0.00 0.00 0.00 0.00 3.31 13.27 20.64 27.50 32.24 32.90 30.54 24.19 16.55 7.13 0.00 0.00 0.00 0.00 0.00
0.00 0.00 0.00 0.00 0.00 0.00 0.00 0.00 0.00 5.60 63.00 108.54 155.77 191.01 198.66 184.36 149.75 102.24 52.73 0.00 0.00 0.00 0.00 0.00
0.00 0.00 0.00 0.00 0.00 0.00 0.00 0.00 0.00 5.32 59.93 103.25 148.17 181.69 188.97 175.36 142.44 97.25 50.16 0.00 0.00 0.00 0.00 0.00
0.00 0.00 0.00 0.00 0.00 0.00 0.00 0.00 0.00 10.24 115.24 198.55 284.95 349.40 363.40 337.24 273.93 187.02 96.46 0.00 0.00 0.00 0.00 0.00
0.00 0.00 0.00 0.00 0.00 0.00 0.00 0.00 0.00 10.07 113.32 195.24 280.20 343.58 357.35 331.62 269.36 183.90 94.85 0.00 0.00 0.00 0.00 0.00
0.00 0.00 0.00 0.00 0.00 0.00 0.00 0.00 0.00 8.04 113.85 198.27 280.42 341.75 352.21 327.09 265.17 178.89 86.32 0.00 0.00 0.00 0.00 0.00
0.00 0.00 0.00 0.00 0.00 0.00 0.00 0.00 0.00 0.43 1.39 2.09 2.72 3.17 3.29 3.05 2.43 1.63 0.71 0.00 0.00 0.00 0.00 0.00
0.00 0.00 0.00 0.00 0.00 0.00 0.00 0.00 0.00 2.19 7.06 10.60 13.76 16.05 16.65 15.44 12.30 8.27 3.58 0.00 0.00 0.00 0.00 0.00
0.00 0.00 0.00 0.00 0.00 0.00 0.00 0.00 0.00 11.20 36.07 54.11 70.27 81.95 85.00 78.84 62.82 42.21 18.26 0.00 0.00 0.00 0.00 0.00
0.00 0.00 0.00 0.00 0.00 0.00 0.00 0.00 0.00 0.38 4.30 7.41 10.64 13.04 13.57 12.59 10.23 6.98 3.60 0.00 0.00 0.00 0.00 0.00
0.00 0.00 0.00 0.00 0.00 0.00 0.00 0.00 0.00 9.36 90.28 153.89 218.31 262.13 271.86 253.93 205.65 138.25 67.40 0.00 0.00 0.00 0.00 0.00
0.00 0.00 0.00 0.00 0.00 0.00 0.00 0.00 0.00 1.57 7.54 12.07 16.38 19.91 21.36 20.38 16.73 12.22 5.98 0.00 0.00 0.00 0.00 0.00
0.00 0.00 0.00 0.00 0.00 0.00 0.00 0.00 0.00 6.07 45.88 76.54 106.18 124.03 125.62 115.55 91.81 63.03 27.23 0.00 0.00 0.00 0.00 0.00
0.00 0.00 0.00 0.00 0.00 0.00 0.00 0.00 0.00 0.16 1.50 2.56 3.64 4.37 4.53 4.23 3.43 2.30 1.12 0.00 0.00 0.00 0.00 0.00
0.00 0.00 0.00 0.00 0.00 0.00 0.00 0.00 0.00 7.02 67.71 115.42 163.73 196.60 203.89 190.45 154.24 103.69 50.55 0.00 0.00 0.00 0.00 0.00
0.00 0.00 0.00 0.00 0.00 0.00 0.00 0.00 0.00 9.01 86.90 148.12 210.12 252.30 261.66 244.40 197.94 133.07 64.87 0.00 0.00 0.00 0.00 0.00
0.00 0.00 0.00 0.00 0.00 0.00 0.00 0.00 0.00 10.60 150.14 261.47 369.80 450.68 464.48 431.35 349.69 235.91 113.83 0.00 0.00 0.00 0.00 0.00
0.00 0.00 0.00 0.00 0.00 0.00 0.00 0.00 0.00 0.93 3.48 5.35 7.45 9.14 9.70 8.99 7.32 4.96 2.27 0.00 0.00 0.00 0.00 0.00
0.00 0.00 0.00 0.00 0.00 0.00 0.00 0.00 0.00 1.18 4.39 6.75 9.40 11.40 12.00 11.19 9.07 6.13 2.79 0.00 0.00 0.00 0.00 0.00
0.00 0.00 0.00 0.00 0.00 0.00 0.00 0.00 0.00 6.50 31.09 49.78 67.57 82.11 88.09 84.06 68.99 50.43 24.67 0.00 0.00 0.00 0.00 0.00
0.00 0.00 0.00 0.00 0.00 0.00 0.00 0.00 0.00 0.00 92.86 177.35 251.16 312.36 332.17 311.51 251.80 171.29 81.53 0.00 0.00 0.00 0.00 0.00
0.00 0.00 0.00 0.00 0.00 0.00 0.00 0.00 0.00 0.33 1.21 1.85 2.48 2.84 2.93 2.73 2.22 1.50 0.63 0.00 0.00 0.00 0.00 0.00
0.00 0.00 0.00 0.00 0.00 0.00 0.00 0.00 0.00 2.59 22.98 38.89 54.66 65.61 66.71 61.28 49.78 33.91 15.82 0.00 0.00 0.00 0.00 0.00
0.00 0.00 0.00 0.00 0.00 0.00 0.00 0.00 0.00 0.50 7.87 13.82 19.78 23.82 25.46 23.66 18.92 13.35 7.31 0.01 0.00 0.00 0.00 0.00
0.00 0.00 0.00 0.00 0.00 0.00 0.00 0.00 0.00 0.66 2.62 4.04 5.37 6.20 6.14 5.54 4.26 2.78 0.95 0.00 0.00 0.00 0.00 0.00
0.00 0.00 0.00 0.00 0.00 0.00 0.00 0.00 0.00 0.33 1.31 2.02 2.69 3.10 3.07 2.77 2.13 1.39 0.47 0.00 0.00 0.00 0.00 0.00
0.00 0.00 0.00 0.00 0.00 0.00 0.00 0.00 0.00 0.73 2.87 4.41 5.87 6.78 6.72 6.06 4.65 3.04 1.03 0.00 0.00 0.00 0.00 0.00
0.00 0.00 0.00 0.00 0.00 0.00 0.00 0.00 0.00 0.90 3.45 5.29 6.97 8.20 8.23 7.54 5.86 3.86 1.35 0.00 0.00 0.00 0.00 0.00
0.00 0.00 0.00 0.00 0.00 0.00 0.00 0.00 0.00 1.37 5.26 8.07 10.62 12.49 12.54 11.50 8.94 5.88 2.06 0.00 0.00 0.00 0.00 0.00
0.00 0.00 0.00 0.00 0.00 0.00 0.00 0.00 0.00 1.11 4.56 7.07 9.61 11.19 11.13 10.00 7.81 5.16 1.86 0.00 0.00 0.00 0.00 0.00
0.00 0.00 0.00 0.00 0.00 0.00 0.00 0.00 0.00 0.56 3.60 5.93 8.16 9.49 9.53 8.89 7.10 4.78 1.90 0.00 0.00 0.00 0.00 0.00
0.00 0.00 0.00 0.00 0.00 0.00 0.00 0.00 0.00 1.44 9.30 15.31 21.07 24.52 24.63 22.98 18.33 12.34 4.90 0.00 0.00 0.00 0.00 0.00
0.00 0.00 0.00 0.00 0.00 0.00 0.00 0.00 0.00 0.41 2.59 4.24 5.78 6.62 6.64 6.18 4.83 3.29 1.38 0.00 0.00 0.00 0.00 0.00
0.00 0.00 0.00 0.00 0.00 0.00 0.00 0.00 0.00 1.61 5.52 8.33 10.92 12.60 12.85 11.95 9.50 6.38 2.55 0.00 0.00 0.00 0.00 0.00
0.00 0.00 0.00 0.00 0.00 0.00 0.00 0.00 0.00 2.36 8.70 13.31 17.95 21.18 21.51 19.49 15.54 10.40 3.99 0.00 0.00 0.00 0.00 0.00
0.00 0.00 0.00 0.00 0.00 0.00 0.00 0.00 0.00 0.43 1.24 1.81 2.31 2.70 2.70 2.47 2.00 1.31 0.46 0.00 0.00 0.00 0.00 0.00
0.00 0.00 0.00 0.00 0.00 0.00 0.00 0.00 0.00 2.40 7.23 10.68 13.97 16.37 16.33 14.79 11.60 7.74 3.01 0.00 0.00 0.00 0.00 0.00
0.00 0.00 0.00 0.00 0.00 0.00 0.00 0.00 0.00 1.70 5.00 7.42 9.54 10.95 10.96 9.92 7.76 5.10 1.90 0.00 0.00 0.00 0.00 0.00
0.00 0.00 0.00 0.00 0.00 0.00 0.00 0.00 0.00 2.35 6.90 10.23 13.17 15.11 15.12 13.69 10.71 7.03 2.62 0.00 0.00 0.00 0.00 0.00
0.00 0.00 0.00 0.00 0.00 0.00 0.00 0.00 0.00 1.60 4.70 6.97 8.97 10.29 10.30 9.32 7.30 4.79 1.78 0.00 0.00 0.00 0.00 0.00
0.00 0.00 0.00 0.00 0.00 0.00 0.00 0.00 0.00 1.28 3.85 5.70 7.45 8.73 8.71 7.89 6.19 4.13 1.61 0.00 0.00 0.00 0.00 0.00
0.00 0.00 0.00 0.00 0.00 0.00 0.00 0.00 0.00 1.37 3.90 5.77 7.25 8.25 8.39 7.55 5.94 3.90 1.41 0.00 0.00 0.00 0.00 0.00
0.00 0.00 0.00 0.00 0.00 0.00 0.00 0.00 0.00 1.24 4.00 6.00 7.79 9.08 9.42 8.74 6.96 4.68 2.02 0.00 0.00 0.00 0.00 0.00
0.00 0.00 0.00 0.00 0.00 0.00 0.00 0.00 0.00 11.30 38.70 58.97 81.97 95.44 99.11 93.95 77.20 52.50 26.27 0.00 0.00 0.00 0.00 0.00
0.00 0.00 0.00 0.00 0.00 0.00 0.00 0.00 0.00 1.48 5.55 8.55 11.61 13.67 14.18 13.34 10.80 7.42 3.29 0.00 0.00 0.00 0.00 0.00
0.00 0.00 0.00 0.00 0.00 0.00 0.00 0.00 0.00 2.47 8.54 12.92 17.52 20.53 20.84 19.47 15.59 10.55 4.47 0.00 0.00 0.00 0.00 0.00
0.00 0.00 0.00 0.00 0.00 0.00 0.00 0.00 0.00 1.13 3.92 5.92 8.03 9.41 9.55 8.93 7.15 4.83 2.05 0.00 0.00 0.00 0.00 0.00
0.00 0.00 0.00 0.00 0.00 0.00 0.00 0.00 0.00 1.83 6.90 10.64 14.35 16.80 17.38 16.34 13.23 9.15 4.04 0.00 0.00 0.00 0.00 0.00
0.00 0.00 0.00 0.00 0.00 0.00 0.00 0.00 0.00 0.81 2.94 4.49 6.01 6.91 7.11 6.64 5.39 3.64 1.53 0.00 0.00 0.00 0.00 0.00
0.00 0.00 0.00 0.00 0.00 0.00 0.00 0.00 0.00 6.73 32.19 51.54 69.96 85.01 91.20 87.03 71.43 52.21 25.55 0.00 0.00 0.00 0.00 0.00
0.00 0.00 0.00 0.00 0.00 0.00 0.00 0.00 0.00 1.45 10.97 18.30 25.39 29.66 30.04 27.63 21.95 15.07 6.51 0.00 0.00 0.00 0.00 0.00
0.00 0.00 0.00 0.00 0.00 0.00 0.00 0.00 0.00 0.36 2.53 4.21 5.82 6.90 6.96 6.39 5.06 3.46 1.52 0.00 0.00 0.00 0.00 0.00
0.00 0.00 0.00 0.00 0.00 0.00 0.00 0.00 0.00 0.51 3.16 5.20 7.16 8.61 8.85 8.17 6.49 4.41 1.97 0.00 0.00 0.00 0.00 0.00
0.00 0.00 0.00 0.00 0.00 0.00 0.00 0.00 0.00 0.82 5.06 8.31 11.46 13.78 14.16 13.08 10.38 7.06 3.16 0.00 0.00 0.00 0.00 0.00
0.00 0.00 0.00 0.00 0.00 0.00 0.00 0.00 0.00 10.41 117.16 201.86 289.70 355.23 369.46 342.86 278.49 190.14 98.07 0.00 0.00 0.00 0.00 0.00
