0.00 0.00 0.00 0.00 0.00 0.00 0.00 0.00 0.38 1.26 2.22 3.08 3.80 4.29 4.40 4.18 3.58 2.68 1.63 0.41 0.00 0.00 0.00 0.00
0.00 0.00 0.00 0.00 0.00 0.00 0.00 0.00 13.41 32.18 50.58 65.29 79.09 87.93 85.54 79.13 63.26 45.88 27.70 3.98 0.00 0.00 0.00 0.00
0.00 0.00 0.00 0.00 0.00 0.00 0.00 0.00 8.75 28.75 50.71 70.37 86.98 98.18 100.66 95.49 81.90 61.34 37.27 9.28 0.00 0.00 0.00 0.00
0.00 0.00 0.00 0.00 0.00 0.00 0.00 0.00 31.10 102.16 180.21 250.10 309.14 348.91 357.73 339.36 291.08 218.00 132.47 32.99 0.00 0.00 0.00 0.00
0.00 0.00 0.00 0.00 0.00 0.00 0.00 0.00 0.92 1.96 2.89 3.71 4.29 4.39 4.26 3.89 4.06 2.87 1.68 0.27 0.00 0.00 0.00 0.00
0.00 0.00 0.00 0.00 0.00 0.00 0.00 0.00 59.90 220.18 399.26 557.92 688.80 736.78 756.20 736.07 543.17 408.29 250.71 85.49 0.00 0.00 0.00 0.00
0.00 0.00 0.00 0.00 0.00 0.00 0.00 0.00 1.29 2.98 4.83 6.37 7.62 7.05 7.12 6.60 4.44 3.22 1.92 0.40 0.00 0.00 0.00 0.00
0.00 0.00 0.00 0.00 0.00 0.00 0.00 0.00 0.77 1.83 2.87 3.81 4.46 4.68 4.62 4.31 3.86 2.83 1.66 0.31 0.00 0.00 0.00 0.00
0.00 0.00 0.00 0.00 0.00 0.00 0.00 0.00 1.23 2.94 4.60 6.10 7.13 7.49 7.39 6.89 6.17 4.53 2.66 0.49 0.00 0.00 0.00 0.00
0.00 0.00 0.00 0.00 0.00 0.00 0.00 0.00 1.23 2.94 4.60 6.10 7.13 7.49 7.39 6.89 6.17 4.53 2.66 0.49 0.00 0.00 0.00 0.00
0.00 0.00 0.00 0.00 0.00 0.00 0.00 0.00 2.45 6.19 10.53 14.17 17.14 14.18 14.34 13.38 8.88 6.38 3.73 0.81 0.00 0.00 0.00 0.00
0.00 0.00 0.00 0.00 0.00 0.00 0.00 0.00 1.14 2.86 4.96 6.74 8.16 6.94 6.91 6.43 4.04 2.91 1.68 0.39 0.00 0.00 0.00 0.00
0.00 0.00 0.00 0.00 0.00 0.00 0.00 0.00 1.46 3.68 6.38 8.67 10.49 8.92 8.89 8.27 5.19 3.74 2.16 0.50 0.00 0.00 0.00 0.00
0.00 0.00 0.00 0.00 0.00 0.00 0.00 0.00 0.97 2.45 4.26 5.78 6.99 5.95 5.93 5.51 3.46 2.49 1.44 0.33 0.00 0.00 0.00 0.00
0.00 0.00 0.00 0.00 0.00 0.00 0.00 0.00 0.97 2.45 4.26 5.78 6.99 5.95 5.93 5.51 3.46 2.49 1.44 0.33 0.00 0.00 0.00 0.00
0.00 0.00 0.00 0.00 0.00 0.00 0.00 0.00 13.22 35.84 61.61 82.64 98.52 109.93 110.00 102.73 86.52 63.63 36.62 7.13 0.00 0.00 0.00 0.00
0.00 0.00 0.00 0.00 0.00 0.00 0.00 0.00 7.34 18.15 30.59 40.87 49.26 38.82 39.24 36.47 30.17 21.71 12.73 2.13 0.00 0.00 0.00 0.00
0.00 0.00 0.00 0.00 0.00 0.00 0.00 0.00 6.22 15.68 26.35 35.12 41.97 33.01 32.76 30.85 24.13 17.71 10.55 2.80 0.00 0.00 0.00 0.00
0.00 0.00 0.00 0.00 0.00 0.00 0.00 0.00 17.67 64.95 117.77 164.57 203.17 217.32 223.05 217.12 160.22 120.43 73.95 25.22 0.00 0.00 0.00 0.00
0.00 0.00 0.00 0.00 0.00 0.00 0.00 0.00 16.81 61.78 112.02 156.54 193.26 206.72 212.17 206.52 152.40 114.56 70.34 23.99 0.00 0.00 0.00 0.00
0.00 0.00 0.00 0.00 0.00 0.00 0.00 0.00 32.32 118.80 215.43 301.04 371.66 397.55 408.02 397.16 293.08 220.30 135.27 46.13 0.00 0.00 0.00 0.00
0.00 0.00 0.00 0.00 0.00 0.00 0.00 0.00 31.78 116.82 211.84 296.02 365.46 390.92 401.22 390.54 288.19 216.63 133.02 45.36 0.00 0.00 0.00 0.00
0.00 0.00 0.00 0.00 0.00 0.00 0.00 0.00 39.31 132.32 235.31 326.01 406.69 458.32 470.24 444.29 358.93 271.11 165.91 34.15 0.00 0.00 0.00 0.00
0.00 0.00 0.00 0.00 0.00 0.00 0.00 0.00 0.77 1.83 2.87 3.81 4.46 4.68 4.62 4.31 3.86 2.83 1.66 0.31 0.00 0.00 0.00 0.00
0.00 0.00 0.00 0.00 0.00 0.00 0.00 0.00 3.91 9.29 14.56 19.30 22.58 23.71 23.39 21.82 19.55 14.34 8.42 1.55 0.00 0.00 0.00 0.00
0.00 0.00 0.00 0.00 0.00 0.00 0.00 0.00 19.96 47.45 74.35 98.54 115.29 121.04 119.42 111.38 99.81 73.19 42.97 7.92 0.00 0.00 0.00 0.00
0.00 0.00 0.00 0.00 0.00 0.00 0.00 0.00 1.21 4.44 8.04 11.24 13.88 14.84 15.23 14.83 10.94 8.22 5.05 1.72 0.00 0.00 0.00 0.00
0.00 0.00 0.00 0.00 0.00 0.00 0.00 0.00 30.61 100.57 177.40 246.20 304.32 343.47 352.15 334.07 286.54 214.60 130.41 32.48 0.00 0.00 0.00 0.00
0.00 0.00 0.00 0.00 0.00 0.00 0.00 0.00 3.17 9.25 15.80 21.78 26.84 28.64 28.63 26.61 16.85 12.33 7.71 1.91 0.00 0.00 0.00 0.00
0.00 0.00 0.00 0.00 0.00 0.00 0.00 0.00 19.75 55.64 92.64 126.92 154.13 170.69 174.66 162.46 136.44 102.76 61.23 13.63 0.00 0.00 0.00 0.00
0.00 0.00 0.00 0.00 0.00 0.00 0.00 0.00 0.51 1.68 2.96 4.10 5.07 5.72 5.87 5.57 4.78 3.58 2.17 0.54 0.00 0.00 0.00 0.00
0.00 0.00 0.00 0.00 0.00 0.00 0.00 0.00 22.96 75.43 133.05 184.65 228.24 257.60 264.11 250.55 214.91 160.95 97.80 24.36 0.00 0.00 0.00 0.00
0.00 0.00 0.00 0.00 0.00 0.00 0.00 0.00 29.46 96.80 170.75 236.97 292.91 330.59 338.95 321.54 275.80 206.55 125.51 31.26 0.00 0.00 0.00 0.00
0.00 0.00 0.00 0.00 0.00 0.00 0.00 0.00 51.84 174.50 310.31 429.93 536.33 604.40 620.13 585.90 473.34 357.52 218.79 45.03 0.00 0.00 0.00 0.00
0.00 0.00 0.00 0.00 0.00 0.00 0.00 0.00 1.80 4.64 7.94 10.78 13.11 12.45 12.44 11.52 6.43 4.68 2.73 0.57 0.00 0.00 0.00 0.00
0.00 0.00 0.00 0.00 0.00 0.00 0.00 0.00 2.27 5.82 9.98 13.55 16.46 15.20 15.18 14.02 7.37 5.37 3.12 0.76 0.00 0.00 0.00 0.00
0.00 0.00 0.00 0.00 0.00 0.00 0.00 0.00 13.09 38.15 65.16 89.85 110.71 118.14 118.09 109.75 69.50 50.85 31.81 7.87 0.00 0.00 0.00 0.00
0.00 0.00 0.00 0.00 0.00 0.00 0.00 0.00 30.10 117.07 221.75 306.06 381.50 436.41 450.71 425.81 281.79 215.94 135.81 41.36 0.00 0.00 0.00 0.00
0.00 0.00 0.00 0.00 0.00 0.00 0.00 0.00 0.57 1.37 2.16 2.93 3.54 2.85 2.87 2.63 1.93 1.40 0.83 0.17 0.00 0.00 0.00 0.00
0.00 0.00 0.00 0.00 0.00 0.00 0.00 0.00 8.43 25.98 44.76 61.62 75.43 85.10 86.21 81.52 71.42 53.06 31.58 8.14 0.00 0.00 0.00 0.00
0.00 0.00 0.00 0.00 0.00 0.00 0.00 0.00 1.72 7.54 12.83 18.32 22.90 21.46 21.91 20.63 17.08 12.91 8.24 2.59 0.00 0.00 0.00 0.00
0.00 0.00 0.00 0.00 0.00 0.00 0.00 0.00 1.54 3.50 5.50 7.15 8.51 7.88 8.00 7.45 4.81 3.44 2.05 0.42 0.00 0.00 0.00 0.00
0.00 0.00 0.00 0.00 0.00 0.00 0.00 0.00 0.77 1.75 2.75 3.58 4.26 3.94 4.00 3.72 2.40 1.72 1.03 0.21 0.00 0.00 0.00 0.00
0.00 0.00 0.00 0.00 0.00 0.00 0.00 0.00 1.69 3.83 6.01 7.82 9.31 8.62 8.75 8.15 5.26 3.76 2.25 0.46 0.00 0.00 0.00 0.00
0.00 0.00 0.00 0.00 0.00 0.00 0.00 0.00 1.97 4.49 6.76 8.82 10.42 9.23 9.22 8.70 6.16 4.43 2.64 0.58 0.00 0.00 0.00 0.00
0.00 0.00 0.00 0.00 0.00 0.00 0.00 0.00 3.00 6.85 10.29 13.44 15.88 14.07 14.04 13.26 9.39 6.76 4.02 0.89 0.00 0.00 0.00 0.00
0.00 0.00 0.00 0.00 0.00 0.00 0.00 0.00 2.58 6.01 9.67 12.81 15.19 14.48 14.55 13.56 9.31 6.75 4.04 0.84 0.00 0.00 0.00 0.00
0.00 0.00 0.00 0.00 0.00 0.00 0.00 0.00 1.78 4.68 7.73 10.43 12.71 13.79 13.99 13.26 10.86 7.89 4.64 1.00 0.00 0.00 0.00 0.00
0.00 0.00 0.00 0.00 0.00 0.00 0.00 0.00 4.61 12.08 19.97 26.94 32.84 35.61 36.15 34.27 28.04 20.37 12.00 2.58 0.00 0.00 0.00 0.00
0.00 0.00 0.00 0.00 0.00 0.00 0.00 0.00 1.20 3.21 5.13 7.03 8.57 9.24 9.25 8.59 7.25 5.35 3.17 0.69 0.00 0.00 0.00 0.00
0.00 0.00 0.00 0.00 0.00 0.00 0.00 0.00 2.28 5.35 7.08 9.55 11.33 11.59 11.64 10.53 7.68 5.51 3.24 0.56 0.00 0.00 0.00 0.00
0.00 0.00 0.00 0.00 0.00 0.00 0.00 0.00 4.76 11.13 18.30 24.28 29.21 29.17 29.01 26.73 17.95 13.00 7.62 1.40 0.00 0.00 0.00 0.00
0.00 0.00 0.00 0.00 0.00 0.00 0.00 0.00 0.25 0.54 0.90 1.14 1.32 1.86 1.83 1.68 1.95 1.37 0.80 0.12 0.00 0.00 0.00 0.00
0.00 0.00 0.00 0.00 0.00 0.00 0.00 0.00 3.02 6.75 9.52 12.44 14.85 11.77 11.54 10.61 10.10 7.10 4.18 0.54 0.00 0.00 0.00 0.00
0.00 0.00 0.00 0.00 0.00 0.00 0.00 0.00 2.13 4.65 4.31 5.57 6.50 6.07 5.94 5.53 7.13 5.08 2.98 0.40 0.00 0.00 0.00 0.00
0.00 0.00 0.00 0.00 0.00 0.00 0.00 0.00 2.94 6.42 5.94 7.69 8.97 8.37 8.20 7.63 9.84 7.02 4.11 0.55 0.00 0.00 0.00 0.00
0.00 0.00 0.00 0.00 0.00 0.00 0.00 0.00 2.00 4.37 4.05 5.24 6.11 5.70 5.59 5.20 6.70 4.78 2.80 0.38 0.00 0.00 0.00 0.00
0.00 0.00 0.00 0.00 0.00 0.00 0.00 0.00 1.61 3.60 5.08 6.63 7.92 6.28 6.15 5.66 5.39 3.79 2.23 0.29 0.00 0.00 0.00 0.00
0.00 0.00 0.00 0.00 0.00 0.00 0.00 0.00 1.29 2.77 2.98 3.89 4.54 4.46 4.36 3.99 4.55 3.22 1.89 0.25 0.00 0.00 0.00 0.00
0.00 0.00 0.00 0.00 0.00 0.00 0.00 0.00 2.21 5.26 8.24 10.92 12.78 13.41 13.23 12.34 11.06 8.11 4.76 0.88 0.00 0.00 0.00 0.00
0.00 0.00 0.00 0.00 0.00 0.00 0.00 0.00 17.20 46.65 80.18 107.57 128.24 143.08 143.18 133.71 112.62 82.82 47.66 9.28 0.00 0.00 0.00 0.00
0.00 0.00 0.00 0.00 0.00 0.00 0.00 0.00 2.78 7.01 11.93 16.06 19.43 16.07 16.25 15.17 10.06 7.24 4.22 0.92 0.00 0.00 0.00 0.00
0.00 0.00 0.00 0.00 0.00 0.00 0.00 0.00 3.51 8.49 14.71 19.85 23.62 21.73 21.58 20.00 16.45 11.75 6.98 0.76 0.00 0.00 0.00 0.00
0.00 0.00 0.00 0.00 0.00 0.00 0.00 0.00 1.61 3.89 6.74 9.10 10.83 9.96 9.89 9.17 7.54 5.39 3.20 0.35 0.00 0.00 0.00 0.00
0.00 0.00 0.00 0.00 0.00 0.00 0.00 0.00 3.46 8.70 14.70 19.69 23.81 19.17 19.48 18.17 12.34 8.91 5.23 1.10 0.00 0.00 0.00 0.00
0.00 0.00 0.00 0.00 0.00 0.00 0.00 0.00 1.37 3.33 5.25 7.12 8.59 6.93 6.96 6.40 4.69 3.40 2.00 0.41 0.00 0.00 0.00 0.00
0.00 0.00 0.00 0.00 0.00 0.00 0.00 0.00 13.55 39.50 67.46 93.03 114.63 122.31 122.27 113.63 71.96 52.64 32.93 8.15 0.00 0.00 0.00 0.00
0.00 0.00 0.00 0.00 0.00 0.00 0.00 0.00 4.72 13.31 22.15 30.35 36.86 40.82 41.77 38.85 32.63 24.57 14.64 3.26 0.00 0.00 0.00 0.00
0.00 0.00 0.00 0.00 0.00 0.00 0.00 0.00 1.07 3.05 4.98 6.77 8.23 9.13 9.33 8.81 7.35 5.42 3.28 0.75 0.00 0.00 0.00 0.00
0.00 0.00 0.00 0.00 0.00 0.00 0.00 0.00 1.37 3.85 6.37 8.78 10.80 11.99 11.88 11.01 9.33 6.80 4.09 0.93 0.00 0.00 0.00 0.00
0.00 0.00 0.00 0.00 0.00 0.00 0.00 0.00 2.19 6.16 10.18 14.05 17.28 19.18 19.01 17.61 14.92 10.87 6.54 1.48 0.00 0.00 0.00 0.00
0.00 0.00 0.00 0.00 0.00 0.00 0.00 0.00 32.86 120.78 219.02 306.06 377.85 404.17 414.82 403.78 297.96 223.97 137.53 46.90 0.00 0.00 0.00 0.00
