0.00 0.00 0.00 0.00 0.00 0.00 0.00 0.03 1.00 1.95 3.11 4.11 4.82 5.33 5.50 5.31 4.85 4.00 2.86 1.67 0.72 0.00 0.00 0.00
0.00 0.00 0.00 0.00 0.00 0.00 0.00 2.00 15.46 28.25 36.08 46.72 54.04 61.43 62.33 59.15 34.79 27.50 18.60 9.83 2.50 0.00 0.00 0.00
0.00 0.00 0.00 0.00 0.00 0.00 0.00 0.58 22.76 44.48 71.15 93.95 110.16 121.98 125.83 121.31 110.86 91.43 65.47 38.26 16.52 0.00 0.00 0.00
0.00 0.00 0.00 0.00 0.00 0.00 0.00 2.06 80.88 158.09 252.86 333.89 391.52 433.52 447.18 431.13 393.99 324.94 232.66 135.97 58.70 0.00 0.00 0.00
0.00 0.00 0.00 0.00 0.00 0.00 0.00 0.62 2.30 3.90 4.74 5.97 6.80 7.98 7.99 7.51 8.38 6.50 4.24 2.65 0.52 0.00 0.00 0.00
0.00 0.00 0.00 0.00 0.00 0.00 0.00 0.00 160.11 328.85 530.89 705.80 831.68 932.14 963.60 951.47 893.62 738.39 538.93 318.49 140.17 0.00 0.00 0.00
0.00 0.00 0.00 0.00 0.00 0.00 0.00 0.67 2.59 4.41 6.51 8.22 9.44 9.94 9.92 9.49 8.65 6.96 4.81 2.40 0.79 0.00 0.00 0.00
0.00 0.00 0.00 0.00 0.00 0.00 0.00 0.10 0.64 1.15 1.98 2.59 3.00 3.67 3.69 3.48 3.73 2.99 2.01 0.63 0.17 0.00 0.00 0.00
0.00 0.00 0.00 0.00 0.00 0.00 0.00 0.16 1.02 1.83 3.17 4.15 4.80 5.88 5.90 5.57 5.97 4.79 3.22 1.01 0.27 0.00 0.00 0.00
0.00 0.00 0.00 0.00 0.00 0.00 0.00 0.16 1.02 1.83 3.17 4.15 4.80 5.88 5.90 5.57 5.97 4.79 3.22 1.01 0.27 0.00 0.00 0.00
0.00 0.00 0.00 0.00 0.00 0.00 0.00 0.33 2.47 4.54 8.29 11.07 12.90 20.37 20.51 19.40 16.13 12.76 8.70 4.44 1.42 0.00 0.00 0.00
0.00 0.00 0.00 0.00 0.00 0.00 0.00 0.16 1.19 2.19 3.44 4.57 5.34 9.68 9.80 9.25 7.36 5.83 3.95 1.83 0.58 0.00 0.00 0.00
0.00 0.00 0.00 0.00 0.00 0.00 0.00 0.21 1.53 2.81 4.43 5.88 6.87 12.44 12.60 11.90 9.46 7.49 5.07 2.36 0.74 0.00 0.00 0.00
0.00 0.00 0.00 0.00 0.00 0.00 0.00 0.14 1.02 1.88 2.95 3.92 4.58 8.29 8.40 7.93 6.31 5.00 3.38 1.57 0.50 0.00 0.00 0.00
0.00 0.00 0.00 0.00 0.00 0.00 0.00 0.14 1.02 1.88 2.95 3.92 4.58 8.29 8.40 7.93 6.31 5.00 3.38 1.57 0.50 0.00 0.00 0.00
0.00 0.00 0.00 0.00 0.00 0.00 0.00 0.00 21.17 41.55 64.02 83.37 97.14 79.36 80.74 77.08 54.56 42.43 29.26 14.85 4.41 0.00 0.00 0.00
0.00 0.00 0.00 0.00 0.00 0.00 0.00 1.15 7.35 13.36 27.75 36.65 43.06 58.98 58.38 54.48 46.75 37.06 25.34 13.99 4.41 0.00 0.00 0.00
0.00 0.00 0.00 0.00 0.00 0.00 0.00 1.43 9.17 16.65 31.41 41.07 48.30 52.06 51.64 47.96 44.83 35.80 24.43 12.65 4.25 0.00 0.00 0.00
0.00 0.00 0.00 0.00 0.00 0.00 0.00 0.00 47.23 97.00 156.59 208.18 245.32 274.95 284.23 280.65 263.58 217.80 158.97 93.94 41.35 0.00 0.00 0.00
0.00 0.00 0.00 0.00 0.00 0.00 0.00 0.00 44.92 92.27 148.95 198.03 233.35 261.54 270.36 266.96 250.73 207.17 151.21 89.36 39.33 0.00 0.00 0.00
0.00 0.00 0.00 0.00 0.00 0.00 0.00 0.00 86.39 177.44 286.45 380.83 448.75 502.95 519.93 513.38 482.17 398.41 290.79 171.85 75.63 0.00 0.00 0.00
0.00 0.00 0.00 0.00 0.00 0.00 0.00 0.00 84.95 174.48 281.68 374.48 441.27 494.57 511.26 504.82 474.13 391.77 285.95 168.98 74.37 0.00 0.00 0.00
0.00 0.00 0.00 0.00 0.00 0.00 0.00 3.95 105.89 205.37 324.44 432.33 512.73 557.95 574.81 557.45 512.16 421.40 305.30 177.24 79.15 0.00 0.00 0.00
0.00 0.00 0.00 0.00 0.00 0.00 0.00 0.10 0.64 1.15 1.98 2.59 3.00 3.67 3.69 3.48 3.73 2.99 2.01 0.63 0.17 0.00 0.00 0.00
0.00 0.00 0.00 0.00 0.00 0.00 0.00 0.51 3.22 5.81 10.04 13.13 15.21 18.62 18.69 17.63 18.90 15.16 10.20 3.21 0.87 0.00 0.00 0.00
0.00 0.00 0.00 0.00 0.00 0.00 0.00 2.59 16.43 29.65 51.28 67.02 77.66 95.04 95.43 90.01 96.50 77.40 52.06 16.39 4.43 0.00 0.00 0.00
0.00 0.00 0.00 0.00 0.00 0.00 0.00 0.00 3.23 6.62 10.69 14.22 16.75 18.78 19.41 19.17 18.00 14.87 10.86 6.42 2.82 0.00 0.00 0.00
0.00 0.00 0.00 0.00 0.00 0.00 0.00 2.03 79.62 155.63 248.91 328.68 385.41 426.76 440.21 424.41 387.85 319.87 229.04 133.85 57.79 0.00 0.00 0.00
0.00 0.00 0.00 0.00 0.00 0.00 0.00 0.13 4.77 9.30 14.87 20.46 24.72 30.65 30.73 29.28 28.17 22.80 15.79 9.75 3.62 0.00 0.00 0.00
0.00 0.00 0.00 0.00 0.00 0.00 0.00 6.87 46.43 84.55 131.49 172.01 201.18 214.99 218.25 205.91 189.11 155.52 111.35 62.77 25.93 0.00 0.00 0.00
0.00 0.00 0.00 0.00 0.00 0.00 0.00 0.03 1.33 2.59 4.15 5.48 6.42 7.11 7.34 7.07 6.46 5.33 3.82 2.23 0.96 0.00 0.00 0.00
0.00 0.00 0.00 0.00 0.00 0.00 0.00 1.52 59.71 116.72 186.69 246.51 289.06 320.07 330.16 318.31 290.89 239.91 171.78 100.39 43.34 0.00 0.00 0.00
0.00 0.00 0.00 0.00 0.00 0.00 0.00 1.95 76.63 149.79 239.58 316.36 370.96 410.76 423.71 408.50 373.30 307.88 220.45 128.83 55.62 0.00 0.00 0.00
0.00 0.00 0.00 0.00 0.00 0.00 0.00 5.20 139.64 270.83 427.85 570.14 676.17 735.79 758.03 735.13 675.41 555.72 402.62 233.73 104.38 0.00 0.00 0.00
0.00 0.00 0.00 0.00 0.00 0.00 0.00 0.23 2.14 3.99 5.57 7.37 8.77 15.14 15.19 14.11 11.66 9.30 6.35 2.56 0.82 0.00 0.00 0.00
0.00 0.00 0.00 0.00 0.00 0.00 0.00 0.29 2.62 4.86 7.05 9.35 10.99 19.14 19.21 17.97 14.73 11.73 8.05 3.32 1.06 0.00 0.00 0.00
0.00 0.00 0.00 0.00 0.00 0.00 0.00 0.55 19.68 38.36 61.33 84.39 101.96 126.43 126.77 120.80 116.18 94.04 65.15 40.21 14.92 0.00 0.00 0.00
0.00 0.00 0.00 0.00 0.00 0.00 0.00 4.88 103.96 201.19 310.60 421.17 508.85 565.58 578.74 553.64 505.30 418.02 301.94 177.63 87.59 0.00 0.00 0.00
0.00 0.00 0.00 0.00 0.00 0.00 0.00 0.11 0.60 1.08 2.36 3.11 3.64 4.58 4.55 4.21 3.63 2.88 1.97 1.02 0.31 0.00 0.00 0.00
0.00 0.00 0.00 0.00 0.00 0.00 0.00 1.68 21.57 40.93 63.65 84.51 98.59 106.99 109.00 104.08 96.49 79.63 56.62 32.25 13.71 0.00 0.00 0.00
0.00 0.00 0.00 0.00 0.00 0.00 0.00 0.00 5.17 11.26 18.27 24.91 29.69 30.80 31.56 30.54 29.10 24.07 17.58 10.94 4.98 0.00 0.00 0.00
0.00 0.00 0.00 0.00 0.00 0.00 0.00 0.83 3.01 5.07 7.47 9.50 10.77 11.48 11.33 10.79 9.79 7.75 5.40 2.64 0.85 0.00 0.00 0.00
0.00 0.00 0.00 0.00 0.00 0.00 0.00 0.41 1.50 2.54 3.74 4.75 5.39 5.74 5.67 5.39 4.90 3.88 2.70 1.32 0.42 0.00 0.00 0.00
0.00 0.00 0.00 0.00 0.00 0.00 0.00 0.90 3.29 5.55 8.17 10.39 11.79 12.56 12.39 11.80 10.71 8.48 5.91 2.88 0.92 0.00 0.00 0.00
0.00 0.00 0.00 0.00 0.00 0.00 0.00 1.04 3.94 6.68 9.87 12.56 14.36 15.10 14.84 14.12 12.84 10.31 7.10 3.42 1.08 0.00 0.00 0.00
0.00 0.00 0.00 0.00 0.00 0.00 0.00 1.59 6.00 10.18 15.03 19.14 21.87 23.01 22.61 21.51 19.57 15.72 10.82 5.22 1.65 0.00 0.00 0.00
0.00 0.00 0.00 0.00 0.00 0.00 0.00 1.34 5.29 9.04 13.33 16.70 19.24 20.29 20.32 19.27 17.53 13.91 9.72 4.92 1.62 0.00 0.00 0.00
0.00 0.00 0.00 0.00 0.00 0.00 0.00 0.80 3.97 7.01 10.65 14.06 16.43 17.47 17.47 16.69 15.19 12.25 8.66 4.91 1.96 0.00 0.00 0.00
0.00 0.00 0.00 0.00 0.00 0.00 0.00 2.06 10.25 18.10 27.51 36.33 42.45 45.14 45.13 43.11 39.23 31.65 22.37 12.68 5.06 0.00 0.00 0.00
0.00 0.00 0.00 0.00 0.00 0.00 0.00 0.45 2.63 4.72 7.29 9.53 11.14 11.86 11.77 11.11 10.24 8.25 5.85 3.37 1.34 0.00 0.00 0.00
0.00 0.00 0.00 0.00 0.00 0.00 0.00 0.57 2.79 4.93 11.34 14.73 16.96 19.63 19.51 18.23 18.48 14.86 10.19 4.78 1.40 0.00 0.00 0.00
0.00 0.00 0.00 0.00 0.00 0.00 0.00 2.05 9.02 15.66 23.76 30.55 35.17 37.20 37.56 35.13 32.38 25.55 17.39 8.39 2.62 0.00 0.00 0.00
0.00 0.00 0.00 0.00 0.00 0.00 0.00 0.16 0.61 1.03 1.54 1.93 2.16 3.70 3.65 3.38 3.89 3.05 2.06 0.88 0.19 0.00 0.00 0.00
0.00 0.00 0.00 0.00 0.00 0.00 0.00 0.87 3.92 6.84 8.62 11.02 12.50 18.24 17.91 16.79 17.65 14.15 9.62 4.39 1.04 0.00 0.00 0.00
0.00 0.00 0.00 0.00 0.00 0.00 0.00 0.58 2.37 4.07 5.65 7.14 8.03 11.26 10.99 10.52 12.33 9.80 6.62 3.39 0.75 0.00 0.00 0.00
0.00 0.00 0.00 0.00 0.00 0.00 0.00 0.80 3.26 5.61 7.80 9.85 11.08 15.54 15.16 14.51 17.01 13.52 9.13 4.68 1.04 0.00 0.00 0.00
0.00 0.00 0.00 0.00 0.00 0.00 0.00 0.54 2.22 3.82 5.31 6.71 7.54 10.59 10.33 9.88 11.59 9.21 6.22 3.19 0.71 0.00 0.00 0.00
0.00 0.00 0.00 0.00 0.00 0.00 0.00 0.47 2.09 3.65 4.60 5.87 6.66 9.73 9.55 8.95 9.41 7.55 5.13 2.34 0.56 0.00 0.00 0.00
0.00 0.00 0.00 0.00 0.00 0.00 0.00 0.50 1.93 3.29 4.40 5.54 6.27 7.23 7.27 6.90 7.79 6.09 3.99 2.44 0.50 0.00 0.00 0.00
0.00 0.00 0.00 0.00 0.00 0.00 0.00 0.29 1.82 3.29 5.68 7.43 8.61 10.53 10.58 9.98 10.69 8.58 5.77 1.82 0.49 0.00 0.00 0.00
0.00 0.00 0.00 0.00 0.00 0.00 0.00 0.01 27.55 54.08 83.32 108.51 126.44 103.30 105.09 100.33 71.02 55.23 38.08 19.33 5.74 0.00 0.00 0.00
0.00 0.00 0.00 0.00 0.00 0.00 0.00 0.38 2.80 5.15 9.40 12.54 14.62 23.09 23.25 21.99 18.28 14.46 9.86 5.04 1.61 0.00 0.00 0.00
0.00 0.00 0.00 0.00 0.00 0.00 0.00 0.82 4.85 8.74 10.72 14.08 16.56 30.53 30.19 28.17 22.20 17.36 11.79 5.72 1.70 0.00 0.00 0.00
0.00 0.00 0.00 0.00 0.00 0.00 0.00 0.38 2.22 4.01 4.91 6.45 7.59 13.99 13.84 12.91 10.18 7.95 5.40 2.62 0.78 0.00 0.00 0.00
0.00 0.00 0.00 0.00 0.00 0.00 0.00 0.48 3.46 6.36 12.26 16.31 19.03 27.90 28.06 26.48 22.72 18.01 12.25 6.55 2.10 0.00 0.00 0.00
0.00 0.00 0.00 0.00 0.00 0.00 0.00 0.26 1.47 2.63 5.74 7.56 8.84 11.13 11.05 10.22 8.82 6.99 4.78 2.47 0.76 0.00 0.00 0.00
0.00 0.00 0.00 0.00 0.00 0.00 0.00 0.57 20.37 39.71 63.50 87.38 105.56 130.90 131.25 125.07 120.29 97.37 67.45 41.63 15.45 0.00 0.00 0.00
0.00 0.00 0.00 0.00 0.00 0.00 0.00 1.64 11.10 20.22 31.44 41.13 48.11 51.41 52.19 49.24 45.22 37.19 26.63 15.01 6.20 0.00 0.00 0.00
0.00 0.00 0.00 0.00 0.00 0.00 0.00 0.34 2.49 4.57 7.07 9.24 10.83 11.66 11.76 11.08 9.99 8.09 5.79 3.43 1.41 0.00 0.00 0.00
0.00 0.00 0.00 0.00 0.00 0.00 0.00 0.38 3.18 5.88 8.87 11.60 13.47 14.40 14.41 13.73 12.66 10.42 7.49 4.46 1.78 0.00 0.00 0.00
0.00 0.00 0.00 0.00 0.00 0.00 0.00 0.62 5.09 9.40 14.19 18.55 21.56 23.04 23.05 21.97 20.26 16.68 11.99 7.14 2.85 0.00 0.00 0.00
0.00 0.00 0.00 0.00 0.00 0.00 0.00 0.00 87.83 180.39 291.22 387.17 456.23 511.34 528.59 521.94 490.20 405.05 295.64 174.71 76.89 0.00 0.00 0.00
