0.00 0.00 0.00 0.00 0.00 0.00 0.00 0.00 0.59 1.52 2.60 3.53 4.18 4.63 4.65 4.46 3.28 2.64 1.77 0.48 0.05 0.00 0.00 0.00
0.00 0.00 0.00 0.00 0.00 0.00 0.00 0.00 13.90 30.12 47.38 60.75 70.92 73.02 72.24 66.97 55.66 42.00 26.86 9.04 0.00 0.00 0.00 0.00
0.00 0.00 0.00 0.00 0.00 0.00 0.00 0.00 13.48 34.84 59.37 80.62 95.64 105.84 106.25 102.06 74.90 60.28 40.49 10.96 1.24 0.00 0.00 0.00
0.00 0.00 0.00 0.00 0.00 0.00 0.00 0.00 47.92 123.82 210.99 286.52 339.91 376.16 377.61 362.71 266.20 214.24 143.89 38.96 4.40 0.00 0.00 0.00
0.00 0.00 0.00 0.00 0.00 0.00 0.00 0.00 3.01 5.83 9.08 11.51 13.01 11.32 11.00 10.05 8.32 6.24 3.74 1.10 0.00 0.00 0.00 0.00
0.00 0.00 0.00 0.00 0.00 0.00 0.00 0.00 90.33 253.39 445.66 610.49 741.47 824.31 853.85 846.01 758.96 608.11 403.98 145.85 21.62 0.00 0.00 0.00
0.00 0.00 0.00 0.00 0.00 0.00 0.00 0.00 1.65 3.36 5.19 6.82 7.96 8.67 8.54 7.96 6.81 5.10 3.17 1.02 0.00 0.00 0.00 0.00
0.00 0.00 0.00 0.00 0.00 0.00 0.00 0.00 0.86 1.83 2.77 3.63 4.23 4.18 4.05 3.83 3.06 2.32 1.47 0.57 0.00 0.00 0.00 0.00
0.00 0.00 0.00 0.00 0.00 0.00 0.00 0.00 1.37 2.93 4.43 5.81 6.77 6.69 6.49 6.12 4.89 3.71 2.35 0.92 0.00 0.00 0.00 0.00
0.00 0.00 0.00 0.00 0.00 0.00 0.00 0.00 1.37 2.93 4.43 5.81 6.77 6.69 6.49 6.12 4.89 3.71 2.35 0.92 0.00 0.00 0.00 0.00
0.00 0.00 0.00 0.00 0.00 0.00 0.00 0.00 3.13 6.93 11.57 15.57 18.15 19.58 19.48 18.25 14.69 11.25 6.88 2.15 0.00 0.00 0.00 0.00
0.00 0.00 0.00 0.00 0.00 0.00 0.00 0.00 1.47 3.24 5.40 7.28 8.46 9.23 9.17 8.53 6.90 5.31 3.24 1.08 0.00 0.00 0.00 0.00
0.00 0.00 0.00 0.00 0.00 0.00 0.00 0.00 1.89 4.17 6.95 9.36 10.88 11.86 11.79 10.97 8.88 6.83 4.17 1.39 0.00 0.00 0.00 0.00
0.00 0.00 0.00 0.00 0.00 0.00 0.00 0.00 1.26 2.78 4.63 6.24 7.25 7.91 7.86 7.31 5.92 4.55 2.78 0.93 0.00 0.00 0.00 0.00
0.00 0.00 0.00 0.00 0.00 0.00 0.00 0.00 1.26 2.78 4.63 6.24 7.25 7.91 7.86 7.31 5.92 4.55 2.78 0.93 0.00 0.00 0.00 0.00
0.00 0.00 0.00 0.00 0.00 0.00 0.00 0.00 15.17 36.42 59.43 79.53 93.13 87.94 87.34 81.73 61.28 46.48 29.50 10.45 0.00 0.00 0.00 0.00
0.00 0.00 0.00 0.00 0.00 0.00 0.00 0.00 9.68 21.11 32.63 44.02 51.43 59.62 59.28 54.62 42.48 32.50 20.16 5.36 0.00 0.00 0.00 0.00
0.00 0.00 0.00 0.00 0.00 0.00 0.00 0.00 7.96 17.52 20.28 27.48 31.88 47.20 46.71 43.43 32.47 24.96 15.50 5.44 0.00 0.00 0.00 0.00
0.00 0.00 0.00 0.00 0.00 0.00 0.00 0.00 26.64 74.74 131.45 180.07 218.71 243.14 251.85 249.54 223.87 179.37 119.16 43.02 6.38 0.00 0.00 0.00
0.00 0.00 0.00 0.00 0.00 0.00 0.00 0.00 25.35 71.10 125.04 171.29 208.04 231.28 239.57 237.37 212.95 170.62 113.35 40.92 6.07 0.00 0.00 0.00
0.00 0.00 0.00 0.00 0.00 0.00 0.00 0.00 48.74 136.72 240.46 329.40 400.07 444.77 460.71 456.48 409.51 328.11 217.97 78.70 11.67 0.00 0.00 0.00
0.00 0.00 0.00 0.00 0.00 0.00 0.00 0.00 47.93 134.44 236.46 323.91 393.41 437.36 453.03 448.87 402.69 322.65 214.34 77.38 11.47 0.00 0.00 0.00
0.00 0.00 0.00 0.00 0.00 0.00 0.00 0.00 61.11 158.69 268.55 370.12 449.60 500.04 513.17 489.45 352.91 274.87 183.24 78.30 10.59 0.00 0.00 0.00
0.00 0.00 0.00 0.00 0.00 0.00 0.00 0.00 0.86 1.83 2.77 3.63 4.23 4.18 4.05 3.83 3.06 2.32 1.47 0.57 0.00 0.00 0.00 0.00
0.00 0.00 0.00 0.00 0.00 0.00 0.00 0.00 4.35 9.28 14.04 18.41 21.43 21.20 20.54 19.39 15.49 11.76 7.44 2.91 0.00 0.00 0.00 0.00
0.00 0.00 0.00 0.00 0.00 0.00 0.00 0.00 22.19 47.39 71.66 93.99 109.39 108.21 104.86 98.99 79.08 60.05 38.00 14.86 0.00 0.00 0.00 0.00
0.00 0.00 0.00 0.00 0.00 0.00 0.00 0.00 1.82 5.10 8.98 12.30 14.94 16.60 17.20 17.04 15.29 12.25 8.14 2.94 0.44 0.00 0.00 0.00
0.00 0.00 0.00 0.00 0.00 0.00 0.00 0.00 47.17 121.89 207.70 282.05 334.61 370.29 371.73 357.06 262.05 210.90 141.65 38.35 4.33 0.00 0.00 0.00
0.00 0.00 0.00 0.00 0.00 0.00 0.00 0.00 4.06 10.01 17.12 23.66 28.34 31.24 30.86 28.86 23.96 18.63 11.98 4.44 0.03 0.00 0.00 0.00
0.00 0.00 0.00 0.00 0.00 0.00 0.00 0.00 27.16 62.77 106.78 146.11 173.54 188.67 189.52 178.33 154.93 121.58 80.19 24.01 1.02 0.00 0.00 0.00
0.00 0.00 0.00 0.00 0.00 0.00 0.00 0.00 0.79 2.03 3.46 4.70 5.58 6.17 6.20 5.95 4.37 3.51 2.36 0.64 0.07 0.00 0.00 0.00
0.00 0.00 0.00 0.00 0.00 0.00 0.00 0.00 35.38 91.42 155.78 211.54 250.96 277.72 278.79 267.79 196.54 158.17 106.24 28.76 3.25 0.00 0.00 0.00
0.00 0.00 0.00 0.00 0.00 0.00 0.00 0.00 45.40 117.32 199.92 271.48 322.06 356.41 357.79 343.67 252.22 202.99 136.34 36.91 4.17 0.00 0.00 0.00
0.00 0.00 0.00 0.00 0.00 0.00 0.00 0.00 80.59 209.27 354.16 488.10 592.91 659.43 676.74 645.46 465.40 362.48 241.64 103.26 13.97 0.00 0.00 0.00
0.00 0.00 0.00 0.00 0.00 0.00 0.00 0.00 2.05 4.65 8.43 11.41 13.29 14.30 14.20 13.14 8.63 6.42 4.13 1.34 0.00 0.00 0.00 0.00
0.00 0.00 0.00 0.00 0.00 0.00 0.00 0.00 2.70 6.09 10.62 14.34 16.73 18.18 18.08 16.75 11.87 8.86 5.61 1.92 0.00 0.00 0.00 0.00
0.00 0.00 0.00 0.00 0.00 0.00 0.00 0.00 16.74 41.28 70.62 97.61 116.90 128.86 127.31 119.07 98.82 76.85 49.41 18.32 0.12 0.00 0.00 0.00
0.00 0.00 0.00 0.00 0.00 0.00 0.00 0.00 55.95 152.65 261.55 365.48 447.21 494.94 500.72 466.96 424.35 335.71 226.23 93.62 20.10 0.00 0.00 0.00
0.00 0.00 0.00 0.00 0.00 0.00 0.00 0.00 0.78 1.68 2.51 3.36 3.89 4.58 4.57 4.24 3.15 2.34 1.49 0.42 0.00 0.00 0.00 0.00
0.00 0.00 0.00 0.00 0.00 0.00 0.00 0.00 12.57 31.00 51.92 71.05 85.92 94.31 95.26 90.66 66.42 51.63 34.59 13.18 1.15 0.00 0.00 0.00
0.00 0.00 0.00 0.00 0.00 0.00 0.00 0.00 2.78 8.77 15.82 22.31 27.02 30.51 31.13 30.09 27.98 21.61 14.91 5.99 1.15 0.00 0.00 0.00
0.00 0.00 0.00 0.00 0.00 0.00 0.00 0.00 1.56 3.13 5.13 6.76 7.83 9.42 9.35 8.72 7.88 5.96 3.64 1.13 0.00 0.00 0.00 0.00
0.00 0.00 0.00 0.00 0.00 0.00 0.00 0.00 0.78 1.57 2.56 3.38 3.92 4.71 4.67 4.36 3.94 2.98 1.82 0.56 0.00 0.00 0.00 0.00
0.00 0.00 0.00 0.00 0.00 0.00 0.00 0.00 1.71 3.43 5.61 7.39 8.57 10.30 10.22 9.54 8.62 6.52 3.98 1.23 0.00 0.00 0.00 0.00
0.00 0.00 0.00 0.00 0.00 0.00 0.00 0.00 2.03 4.10 4.39 5.76 6.79 8.80 8.62 8.08 10.53 7.86 4.79 1.50 0.00 0.00 0.00 0.00
0.00 0.00 0.00 0.00 0.00 0.00 0.00 0.00 3.09 6.24 6.68 8.78 10.34 13.41 13.14 12.31 16.05 11.97 7.30 2.29 0.00 0.00 0.00 0.00
0.00 0.00 0.00 0.00 0.00 0.00 0.00 0.00 3.37 6.88 10.33 13.45 15.76 16.89 16.54 15.51 13.73 10.37 6.50 2.11 0.00 0.00 0.00 0.00
0.00 0.00 0.00 0.00 0.00 0.00 0.00 0.00 2.43 5.34 8.66 11.86 14.03 14.87 14.98 14.21 12.32 9.47 6.08 1.94 0.00 0.00 0.00 0.00
0.00 0.00 0.00 0.00 0.00 0.00 0.00 0.00 6.28 13.80 22.38 30.63 36.25 38.41 38.71 36.71 31.82 24.47 15.71 5.02 0.00 0.00 0.00 0.00
0.00 0.00 0.00 0.00 0.00 0.00 0.00 0.00 1.59 3.56 5.79 7.92 9.43 10.12 10.04 9.34 8.08 6.20 4.08 1.29 0.00 0.00 0.00 0.00
0.00 0.00 0.00 0.00 0.00 0.00 0.00 0.00 3.70 7.68 12.18 16.11 18.56 19.89 19.74 18.00 11.95 8.93 5.47 2.04 0.00 0.00 0.00 0.00
0.00 0.00 0.00 0.00 0.00 0.00 0.00 0.00 6.05 12.51 16.63 22.21 25.88 30.54 30.70 28.52 19.63 14.75 9.06 3.34 0.00 0.00 0.00 0.00
0.00 0.00 0.00 0.00 0.00 0.00 0.00 0.00 0.94 1.83 2.84 3.61 4.07 3.86 3.70 3.41 2.64 1.98 1.19 0.38 0.00 0.00 0.00 0.00
0.00 0.00 0.00 0.00 0.00 0.00 0.00 0.00 5.04 10.17 15.63 19.88 22.28 21.46 20.63 19.21 13.80 10.36 6.38 2.25 0.00 0.00 0.00 0.00
0.00 0.00 0.00 0.00 0.00 0.00 0.00 0.00 3.40 6.73 10.79 13.66 15.25 14.63 13.90 13.12 7.42 5.56 3.44 1.32 0.00 0.00 0.00 0.00
0.00 0.00 0.00 0.00 0.00 0.00 0.00 0.00 4.70 9.29 14.89 18.85 21.04 20.19 19.18 18.11 10.25 7.67 4.74 1.82 0.00 0.00 0.00 0.00
0.00 0.00 0.00 0.00 0.00 0.00 0.00 0.00 3.20 6.33 10.14 12.84 14.33 13.76 13.06 12.33 6.98 5.22 3.23 1.24 0.00 0.00 0.00 0.00
0.00 0.00 0.00 0.00 0.00 0.00 0.00 0.00 2.69 5.42 8.33 10.60 11.88 11.45 11.00 10.24 7.36 5.52 3.40 1.20 0.00 0.00 0.00 0.00
0.00 0.00 0.00 0.00 0.00 0.00 0.00 0.00 2.66 5.19 8.08 10.22 11.54 11.23 11.04 10.22 7.46 5.61 3.37 1.11 0.00 0.00 0.00 0.00
0.00 0.00 0.00 0.00 0.00 0.00 0.00 0.00 2.46 5.25 7.94 10.42 12.12 11.99 11.62 10.97 8.76 6.65 4.21 1.65 0.00 0.00 0.00 0.00
0.00 0.00 0.00 0.00 0.00 0.00 0.00 0.00 19.74 47.40 77.36 103.52 121.22 114.47 113.68 106.37 79.77 60.50 38.40 13.60 0.00 0.00 0.00 0.00
0.00 0.00 0.00 0.00 0.00 0.00 0.00 0.00 3.54 7.86 13.11 17.65 20.57 22.19 22.08 20.68 16.65 12.75 7.80 2.44 0.00 0.00 0.00 0.00
0.00 0.00 0.00 0.00 0.00 0.00 0.00 0.00 5.39 11.52 18.24 24.46 28.73 33.29 33.04 30.36 23.62 17.61 10.95 2.95 0.00 0.00 0.00 0.00
0.00 0.00 0.00 0.00 0.00 0.00 0.00 0.00 2.47 5.28 8.36 11.21 13.17 15.26 15.14 13.91 10.82 8.07 5.02 1.35 0.00 0.00 0.00 0.00
0.00 0.00 0.00 0.00 0.00 0.00 0.00 0.00 4.40 9.75 16.21 21.76 25.41 27.44 27.28 25.54 20.48 15.66 9.61 2.79 0.00 0.00 0.00 0.00
0.00 0.00 0.00 0.00 0.00 0.00 0.00 0.00 1.90 4.07 6.09 8.16 9.44 11.12 11.09 10.30 7.65 5.68 3.61 1.02 0.00 0.00 0.00 0.00
0.00 0.00 0.00 0.00 0.00 0.00 0.00 0.00 17.33 42.74 73.12 101.06 121.04 133.41 131.81 123.28 102.31 79.57 51.16 18.97 0.13 0.00 0.00 0.00
0.00 0.00 0.00 0.00 0.00 0.00 0.00 0.00 6.49 15.01 25.53 34.94 41.50 45.12 45.32 42.64 37.05 29.07 19.18 5.74 0.24 0.00 0.00 0.00
0.00 0.00 0.00 0.00 0.00 0.00 0.00 0.00 1.48 3.44 5.68 7.72 9.37 10.20 10.06 9.44 8.26 6.46 4.27 1.37 0.06 0.00 0.00 0.00
0.00 0.00 0.00 0.00 0.00 0.00 0.00 0.00 1.87 4.37 7.31 9.83 11.47 12.38 12.48 11.90 10.23 8.02 5.27 1.71 0.04 0.00 0.00 0.00
0.00 0.00 0.00 0.00 0.00 0.00 0.00 0.00 3.00 7.00 11.70 15.72 18.36 19.81 19.96 19.04 16.36 12.83 8.42 2.74 0.07 0.00 0.00 0.00
0.00 0.00 0.00 0.00 0.00 0.00 0.00 0.00 49.55 139.00 244.47 334.89 406.74 452.19 468.39 464.09 416.34 333.58 221.61 80.01 11.86 0.00 0.00 0.00
