0.00 0.00 0.00 0.00 0.00 0.00 0.00 0.00 0.00 0.20 1.33 2.19 2.93 3.35 3.47 3.14 2.50 1.73 0.75 0.00 0.00 0.00 0.00 0.00
0.00 0.00 0.00 0.00 0.00 0.00 0.00 0.00 0.00 2.51 9.21 13.92 17.57 36.18 37.44 33.37 34.88 23.34 9.07 0.00 0.00 0.00 0.00 0.00
0.00 0.00 0.00 0.00 0.00 0.00 0.00 0.00 0.00 4.64 30.34 50.10 67.06 76.69 79.41 71.70 57.15 39.53 17.06 0.00 0.00 0.00 0.00 0.00
0.00 0.00 0.00 0.00 0.00 0.00 0.00 0.00 0.00 16.48 107.84 178.05 238.33 272.57 282.21 254.83 203.11 140.49 60.62 0.00 0.00 0.00 0.00 0.00
0.00 0.00 0.00 0.00 0.00 0.00 0.00 0.00 0.00 0.95 2.13 3.16 3.89 5.01 4.97 4.30 4.07 2.54 0.69 0.00 0.00 0.00 0.00 0.00
0.00 0.00 0.00 0.00 0.00 0.00 0.00 0.00 0.00 34.16 243.28 405.43 543.66 631.43 662.23 610.17 489.16 339.21 158.34 0.00 0.00 0.00 0.00 0.00
0.00 0.00 0.00 0.00 0.00 0.00 0.00 0.00 0.00 0.51 1.76 2.68 3.42 4.71 4.71 4.19 3.21 2.01 0.55 0.00 0.00 0.00 0.00 0.00
0.00 0.00 0.00 0.00 0.00 0.00 0.00 0.00 0.00 0.47 1.25 1.90 2.39 2.84 2.89 2.57 2.39 1.58 0.58 0.00 0.00 0.00 0.00 0.00
0.00 0.00 0.00 0.00 0.00 0.00 0.00 0.00 0.00 0.74 2.01 3.04 3.83 4.54 4.62 4.11 3.82 2.53 0.93 0.00 0.00 0.00 0.00 0.00
0.00 0.00 0.00 0.00 0.00 0.00 0.00 0.00 0.00 0.74 2.01 3.04 3.83 4.54 4.62 4.11 3.82 2.53 0.93 0.00 0.00 0.00 0.00 0.00
0.00 0.00 0.00 0.00 0.00 0.00 0.00 0.00 0.00 1.69 5.73 8.60 11.12 12.81 12.95 11.58 9.37 6.26 2.38 0.00 0.00 0.00 0.00 0.00
0.00 0.00 0.00 0.00 0.00 0.00 0.00 0.00 0.00 0.77 2.66 3.99 5.15 6.04 6.13 5.48 4.34 2.90 1.11 0.00 0.00 0.00 0.00 0.00
0.00 0.00 0.00 0.00 0.00 0.00 0.00 0.00 0.00 0.99 3.42 5.13 6.62 7.77 7.89 7.05 5.58 3.73 1.42 0.00 0.00 0.00 0.00 0.00
0.00 0.00 0.00 0.00 0.00 0.00 0.00 0.00 0.00 0.66 2.28 3.42 4.42 5.18 5.26 4.70 3.72 2.49 0.95 0.00 0.00 0.00 0.00 0.00
0.00 0.00 0.00 0.00 0.00 0.00 0.00 0.00 0.00 0.66 2.28 3.42 4.42 5.18 5.26 4.70 3.72 2.49 0.95 0.00 0.00 0.00 0.00 0.00
0.00 0.00 0.00 0.00 0.00 0.00 0.00 0.00 0.00 4.50 10.02 15.63 20.48 45.42 48.03 43.33 43.75 28.98 13.04 0.00 0.00 0.00 0.00 0.00
0.00 0.00 0.00 0.00 0.00 0.00 0.00 0.00 0.00 4.74 17.41 26.08 34.12 39.52 39.56 34.80 27.49 18.21 6.67 0.00 0.00 0.00 0.00 0.00
0.00 0.00 0.00 0.00 0.00 0.00 0.00 0.00 0.00 3.76 14.40 21.83 27.66 31.79 32.47 28.40 22.74 15.10 5.52 0.00 0.00 0.00 0.00 0.00
0.00 0.00 0.00 0.00 0.00 0.00 0.00 0.00 0.00 10.08 71.76 119.59 160.36 186.25 195.34 179.98 144.28 100.06 46.71 0.00 0.00 0.00 0.00 0.00
0.00 0.00 0.00 0.00 0.00 0.00 0.00 0.00 0.00 9.58 68.26 113.75 152.54 177.16 185.81 171.20 137.25 95.18 44.43 0.00 0.00 0.00 0.00 0.00
0.00 0.00 0.00 0.00 0.00 0.00 0.00 0.00 0.00 18.43 131.27 218.76 293.34 340.70 357.32 329.23 263.93 183.03 85.44 0.00 0.00 0.00 0.00 0.00
0.00 0.00 0.00 0.00 0.00 0.00 0.00 0.00 0.00 18.13 129.08 215.11 288.45 335.02 351.37 323.74 259.53 179.98 84.01 0.00 0.00 0.00 0.00 0.00
0.00 0.00 0.00 0.00 0.00 0.00 0.00 0.00 0.00 16.25 134.17 225.73 305.03 347.58 363.97 327.34 260.30 179.43 76.20 0.00 0.00 0.00 0.00 0.00
0.00 0.00 0.00 0.00 0.00 0.00 0.00 0.00 0.00 0.47 1.25 1.90 2.39 2.84 2.89 2.57 2.39 1.58 0.58 0.00 0.00 0.00 0.00 0.00
0.00 0.00 0.00 0.00 0.00 0.00 0.00 0.00 0.00 2.36 6.36 9.62 12.12 14.36 14.63 13.01 12.09 8.01 2.96 0.00 0.00 0.00 0.00 0.00
0.00 0.00 0.00 0.00 0.00 0.00 0.00 0.00 0.00 12.04 32.46 49.09 61.89 73.34 74.69 66.44 61.70 40.88 15.09 0.00 0.00 0.00 0.00 0.00
0.00 0.00 0.00 0.00 0.00 0.00 0.00 0.00 0.00 0.69 4.90 8.17 10.95 12.72 13.34 12.29 9.85 6.83 3.19 0.00 0.00 0.00 0.00 0.00
0.00 0.00 0.00 0.00 0.00 0.00 0.00 0.00 0.00 16.22 106.16 175.27 234.61 268.32 277.81 250.86 199.94 138.30 59.67 0.00 0.00 0.00 0.00 0.00
0.00 0.00 0.00 0.00 0.00 0.00 0.00 0.00 0.00 2.28 9.05 14.03 18.03 20.62 21.63 19.55 16.18 11.24 4.91 0.00 0.00 0.00 0.00 0.00
0.00 0.00 0.00 0.00 0.00 0.00 0.00 0.00 0.00 9.25 52.49 84.97 112.31 126.66 128.94 116.48 89.16 59.24 21.56 0.00 0.00 0.00 0.00 0.00
0.00 0.00 0.00 0.00 0.00 0.00 0.00 0.00 0.00 0.27 1.77 2.92 3.91 4.47 4.63 4.18 3.33 2.31 0.99 0.00 0.00 0.00 0.00 0.00
0.00 0.00 0.00 0.00 0.00 0.00 0.00 0.00 0.00 12.16 79.62 131.45 175.96 201.24 208.36 188.14 149.96 103.73 44.76 0.00 0.00 0.00 0.00 0.00
0.00 0.00 0.00 0.00 0.00 0.00 0.00 0.00 0.00 15.61 102.18 168.70 225.82 258.26 267.40 241.45 192.45 133.11 57.44 0.00 0.00 0.00 0.00 0.00
0.00 0.00 0.00 0.00 0.00 0.00 0.00 0.00 0.00 21.43 176.93 297.68 402.25 458.38 479.99 431.68 343.27 236.63 100.49 0.00 0.00 0.00 0.00 0.00
0.00 0.00 0.00 0.00 0.00 0.00 0.00 0.00 0.00 1.28 4.22 6.33 8.15 9.52 9.82 8.91 7.00 4.72 1.88 0.00 0.00 0.00 0.00 0.00
0.00 0.00 0.00 0.00 0.00 0.00 0.00 0.00 0.00 1.55 5.23 7.85 10.11 11.80 12.25 11.04 8.71 5.87 2.32 0.00 0.00 0.00 0.00 0.00
0.00 0.00 0.00 0.00 0.00 0.00 0.00 0.00 0.00 9.39 37.35 57.89 74.37 85.06 89.22 80.64 66.75 46.36 20.27 0.00 0.00 0.00 0.00 0.00
0.00 0.00 0.00 0.00 0.00 0.00 0.00 0.00 0.00 0.00 106.56 194.85 269.96 320.44 330.31 296.02 236.13 162.82 67.74 0.00 0.00 0.00 0.00 0.00
0.00 0.00 0.00 0.00 0.00 0.00 0.00 0.00 0.00 0.34 1.26 1.88 2.42 3.00 3.04 2.67 2.08 1.37 0.48 0.00 0.00 0.00 0.00 0.00
0.00 0.00 0.00 0.00 0.00 0.00 0.00 0.00 0.00 4.11 25.78 42.29 56.90 65.52 67.43 60.54 47.17 32.11 13.03 0.00 0.00 0.00 0.00 0.00
0.00 0.00 0.00 0.00 0.00 0.00 0.00 0.00 0.00 1.03 8.74 14.87 20.32 23.99 25.37 23.73 19.19 13.24 6.66 0.00 0.00 0.00 0.00 0.00
0.00 0.00 0.00 0.00 0.00 0.00 0.00 0.00 0.00 0.54 1.79 2.71 3.42 4.25 4.29 3.71 3.32 2.06 0.52 0.00 0.00 0.00 0.00 0.00
0.00 0.00 0.00 0.00 0.00 0.00 0.00 0.00 0.00 0.27 0.90 1.36 1.71 2.12 2.14 1.86 1.66 1.03 0.26 0.00 0.00 0.00 0.00 0.00
0.00 0.00 0.00 0.00 0.00 0.00 0.00 0.00 0.00 0.60 1.96 2.96 3.74 4.64 4.69 4.06 3.63 2.25 0.57 0.00 0.00 0.00 0.00 0.00
0.00 0.00 0.00 0.00 0.00 0.00 0.00 0.00 0.00 0.84 2.69 4.05 5.14 7.17 7.26 6.36 5.14 3.22 0.85 0.00 0.00 0.00 0.00 0.00
0.00 0.00 0.00 0.00 0.00 0.00 0.00 0.00 0.00 1.28 4.09 6.17 7.83 10.92 11.06 9.70 7.84 4.90 1.30 0.00 0.00 0.00 0.00 0.00
0.00 0.00 0.00 0.00 0.00 0.00 0.00 0.00 0.00 1.12 4.04 6.14 7.87 10.84 10.81 9.69 7.24 4.56 1.27 0.00 0.00 0.00 0.00 0.00
0.00 0.00 0.00 0.00 0.00 0.00 0.00 0.00 0.00 0.80 4.09 6.55 8.58 9.98 10.02 8.92 6.73 4.36 1.41 0.00 0.00 0.00 0.00 0.00
0.00 0.00 0.00 0.00 0.00 0.00 0.00 0.00 0.00 2.07 10.57 16.92 22.15 25.79 25.89 23.06 17.38 11.27 3.63 0.00 0.00 0.00 0.00 0.00
0.00 0.00 0.00 0.00 0.00 0.00 0.00 0.00 0.00 0.56 2.78 4.43 5.95 6.83 6.97 6.12 4.79 3.16 1.10 0.00 0.00 0.00 0.00 0.00
0.00 0.00 0.00 0.00 0.00 0.00 0.00 0.00 0.00 1.71 5.94 8.80 11.11 12.83 13.21 11.41 8.93 5.79 1.91 0.00 0.00 0.00 0.00 0.00
0.00 0.00 0.00 0.00 0.00 0.00 0.00 0.00 0.00 2.20 9.01 13.48 17.10 21.12 21.28 18.93 14.57 9.35 2.88 0.00 0.00 0.00 0.00 0.00
0.00 0.00 0.00 0.00 0.00 0.00 0.00 0.00 0.00 0.31 0.76 1.11 1.35 1.93 1.96 1.72 1.62 1.01 0.27 0.00 0.00 0.00 0.00 0.00
0.00 0.00 0.00 0.00 0.00 0.00 0.00 0.00 0.00 2.13 6.60 9.87 12.10 14.41 14.73 13.08 11.27 7.23 2.29 0.00 0.00 0.00 0.00 0.00
0.00 0.00 0.00 0.00 0.00 0.00 0.00 0.00 0.00 1.21 3.72 5.60 6.92 9.27 9.38 8.27 7.20 4.57 1.35 0.00 0.00 0.00 0.00 0.00
0.00 0.00 0.00 0.00 0.00 0.00 0.00 0.00 0.00 1.67 5.14 7.72 9.56 12.80 12.94 11.42 9.94 6.30 1.87 0.00 0.00 0.00 0.00 0.00
0.00 0.00 0.00 0.00 0.00 0.00 0.00 0.00 0.00 1.14 3.50 5.26 6.51 8.72 8.82 7.78 6.77 4.29 1.27 0.00 0.00 0.00 0.00 0.00
0.00 0.00 0.00 0.00 0.00 0.00 0.00 0.00 0.00 1.14 3.52 5.27 6.46 7.69 7.86 6.97 6.01 3.86 1.22 0.00 0.00 0.00 0.00 0.00
0.00 0.00 0.00 0.00 0.00 0.00 0.00 0.00 0.00 0.86 2.04 3.00 3.76 5.32 5.29 4.59 4.45 2.79 0.79 0.00 0.00 0.00 0.00 0.00
0.00 0.00 0.00 0.00 0.00 0.00 0.00 0.00 0.00 1.33 3.60 5.44 6.86 8.13 8.28 7.36 6.84 4.53 1.67 0.00 0.00 0.00 0.00 0.00
0.00 0.00 0.00 0.00 0.00 0.00 0.00 0.00 0.00 5.85 13.05 20.34 26.65 59.11 62.51 56.40 56.95 37.72 16.98 0.00 0.00 0.00 0.00 0.00
0.00 0.00 0.00 0.00 0.00 0.00 0.00 0.00 0.00 1.92 6.49 9.75 12.60 14.52 14.68 13.13 10.62 7.10 2.70 0.00 0.00 0.00 0.00 0.00
0.00 0.00 0.00 0.00 0.00 0.00 0.00 0.00 0.00 2.43 8.67 12.90 16.80 21.48 21.41 18.91 14.93 9.84 3.52 0.00 0.00 0.00 0.00 0.00
0.00 0.00 0.00 0.00 0.00 0.00 0.00 0.00 0.00 1.12 3.97 5.91 7.70 9.84 9.81 8.67 6.84 4.51 1.62 0.00 0.00 0.00 0.00 0.00
0.00 0.00 0.00 0.00 0.00 0.00 0.00 0.00 0.00 2.38 8.11 12.19 15.71 17.99 18.22 16.14 13.14 8.77 3.32 0.00 0.00 0.00 0.00 0.00
0.00 0.00 0.00 0.00 0.00 0.00 0.00 0.00 0.00 0.82 3.06 4.56 5.88 7.27 7.38 6.50 5.05 3.32 1.17 0.00 0.00 0.00 0.00 0.00
0.00 0.00 0.00 0.00 0.00 0.00 0.00 0.00 0.00 9.72 38.67 59.94 76.99 88.07 92.37 83.49 69.11 48.00 20.99 0.00 0.00 0.00 0.00 0.00
0.00 0.00 0.00 0.00 0.00 0.00 0.00 0.00 0.00 2.21 12.55 20.32 26.86 30.29 30.83 27.85 21.32 14.17 5.15 0.00 0.00 0.00 0.00 0.00
0.00 0.00 0.00 0.00 0.00 0.00 0.00 0.00 0.00 0.52 2.81 4.53 6.06 6.89 6.88 6.28 4.87 3.25 1.21 0.00 0.00 0.00 0.00 0.00
0.00 0.00 0.00 0.00 0.00 0.00 0.00 0.00 0.00 0.70 3.45 5.50 7.18 8.39 8.56 7.76 6.10 4.10 1.57 0.00 0.00 0.00 0.00 0.00
0.00 0.00 0.00 0.00 0.00 0.00 0.00 0.00 0.00 1.13 5.52 8.80 11.50 13.42 13.70 12.42 9.77 6.56 2.51 0.00 0.00 0.00 0.00 0.00
0.00 0.00 0.00 0.00 0.00 0.00 0.00 0.00 0.00 18.74 133.45 222.40 298.23 346.38 363.28 334.71 268.33 186.08 86.86 0.00 0.00 0.00 0.00 0.00
