0.00 0.00 0.00 0.00 0.00 0.00 0.00 0.00 0.00 0.27 1.15 1.86 2.56 1.92 2.03 1.96 1.30 0.95 0.57 0.16 0.00 0.00 0.00 0.00
0.00 0.00 0.00 0.00 0.00 0.00 0.00 0.00 0.00 9.24 25.43 40.22 51.59 55.68 57.79 55.38 45.04 33.04 18.75 1.32 0.00 0.00 0.00 0.00
0.00 0.00 0.00 0.00 0.00 0.00 0.00 0.00 0.00 6.19 26.27 42.48 58.57 43.91 46.39 44.76 29.78 21.65 13.08 3.57 0.00 0.00 0.00 0.00
0.00 0.00 0.00 0.00 0.00 0.00 0.00 0.00 0.00 21.98 93.36 150.99 208.14 156.06 164.88 159.07 105.83 76.95 46.50 12.69 0.00 0.00 0.00 0.00
0.00 0.00 0.00 0.00 0.00 0.00 0.00 0.00 0.00 1.70 4.34 6.65 8.45 9.32 9.25 8.75 6.90 4.85 2.49 0.00 0.00 0.00 0.00 0.00
0.00 0.00 0.00 0.00 0.00 0.00 0.00 0.00 0.00 44.11 203.01 332.75 459.77 310.90 336.26 325.63 296.75 214.46 131.28 34.74 0.00 0.00 0.00 0.00
0.00 0.00 0.00 0.00 0.00 0.00 0.00 0.00 0.00 0.83 2.56 4.11 5.44 6.16 6.17 5.91 4.53 3.06 1.61 0.00 0.00 0.00 0.00 0.00
0.00 0.00 0.00 0.00 0.00 0.00 0.00 0.00 0.00 0.46 1.29 2.07 2.79 3.24 3.31 3.23 2.65 1.91 1.07 0.08 0.00 0.00 0.00 0.00
0.00 0.00 0.00 0.00 0.00 0.00 0.00 0.00 0.00 0.74 2.07 3.31 4.46 5.18 5.30 5.18 4.23 3.06 1.72 0.12 0.00 0.00 0.00 0.00
0.00 0.00 0.00 0.00 0.00 0.00 0.00 0.00 0.00 0.74 2.07 3.31 4.46 5.18 5.30 5.18 4.23 3.06 1.72 0.12 0.00 0.00 0.00 0.00
0.00 0.00 0.00 0.00 0.00 0.00 0.00 0.00 0.00 1.54 4.75 7.58 10.50 12.25 12.63 12.30 9.01 6.41 3.65 0.34 0.00 0.00 0.00 0.00
0.00 0.00 0.00 0.00 0.00 0.00 0.00 0.00 0.00 0.74 2.27 3.68 5.06 5.89 6.06 5.88 4.49 3.22 1.84 0.17 0.00 0.00 0.00 0.00
0.00 0.00 0.00 0.00 0.00 0.00 0.00 0.00 0.00 0.96 2.92 4.73 6.50 7.57 7.79 7.56 5.77 4.15 2.36 0.22 0.00 0.00 0.00 0.00
0.00 0.00 0.00 0.00 0.00 0.00 0.00 0.00 0.00 0.64 1.95 3.15 4.34 5.05 5.20 5.04 3.85 2.76 1.57 0.14 0.00 0.00 0.00 0.00
0.00 0.00 0.00 0.00 0.00 0.00 0.00 0.00 0.00 0.64 1.95 3.15 4.34 5.05 5.20 5.04 3.85 2.76 1.57 0.14 0.00 0.00 0.00 0.00
0.00 0.00 0.00 0.00 0.00 0.00 0.00 0.00 0.00 10.41 30.38 48.65 63.76 73.63 77.67 74.86 65.79 47.65 28.48 5.05 0.00 0.00 0.00 0.00
0.00 0.00 0.00 0.00 0.00 0.00 0.00 0.00 0.00 4.75 14.59 23.56 32.95 36.83 37.33 36.38 27.36 19.51 10.97 0.80 0.00 0.00 0.00 0.00
0.00 0.00 0.00 0.00 0.00 0.00 0.00 0.00 0.00 4.01 12.80 20.65 27.77 30.60 31.45 30.33 20.41 14.56 8.22 0.48 0.00 0.00 0.00 0.00
0.00 0.00 0.00 0.00 0.00 0.00 0.00 0.00 0.00 13.01 59.88 98.15 135.62 91.70 99.18 96.05 87.53 63.26 38.72 10.25 0.00 0.00 0.00 0.00
0.00 0.00 0.00 0.00 0.00 0.00 0.00 0.00 0.00 12.38 56.96 93.36 129.00 87.23 94.35 91.36 83.26 60.17 36.83 9.75 0.00 0.00 0.00 0.00
0.00 0.00 0.00 0.00 0.00 0.00 0.00 0.00 0.00 23.80 109.54 179.54 248.08 167.75 181.43 175.70 160.11 115.72 70.83 18.74 0.00 0.00 0.00 0.00
0.00 0.00 0.00 0.00 0.00 0.00 0.00 0.00 0.00 23.41 107.71 176.55 243.94 164.95 178.41 172.77 157.45 113.79 69.65 18.43 0.00 0.00 0.00 0.00
0.00 0.00 0.00 0.00 0.00 0.00 0.00 0.00 0.00 25.41 118.16 193.63 267.52 206.84 216.63 210.39 157.96 114.20 68.89 20.53 0.00 0.00 0.00 0.00
0.00 0.00 0.00 0.00 0.00 0.00 0.00 0.00 0.00 0.46 1.29 2.07 2.79 3.24 3.31 3.23 2.65 1.91 1.07 0.08 0.00 0.00 0.00 0.00
0.00 0.00 0.00 0.00 0.00 0.00 0.00 0.00 0.00 2.33 6.54 10.47 14.11 16.39 16.79 16.39 13.41 9.70 5.44 0.39 0.00 0.00 0.00 0.00
0.00 0.00 0.00 0.00 0.00 0.00 0.00 0.00 0.00 11.90 33.41 53.44 72.06 83.69 85.71 83.67 68.44 49.50 27.77 1.99 0.00 0.00 0.00 0.00
0.00 0.00 0.00 0.00 0.00 0.00 0.00 0.00 0.00 0.89 4.09 6.70 9.26 6.26 6.77 6.56 5.98 4.32 2.64 0.70 0.00 0.00 0.00 0.00
0.00 0.00 0.00 0.00 0.00 0.00 0.00 0.00 0.00 21.64 91.91 148.64 204.90 153.63 162.31 156.59 104.18 75.75 45.77 12.50 0.00 0.00 0.00 0.00
0.00 0.00 0.00 0.00 0.00 0.00 0.00 0.00 0.00 2.18 7.82 12.41 17.17 16.07 17.24 16.58 9.87 7.43 4.45 1.21 0.00 0.00 0.00 0.00
0.00 0.00 0.00 0.00 0.00 0.00 0.00 0.00 0.00 12.78 47.47 75.38 100.29 97.09 98.88 94.45 60.14 43.30 24.88 2.23 0.00 0.00 0.00 0.00
0.00 0.00 0.00 0.00 0.00 0.00 0.00 0.00 0.00 0.36 1.53 2.48 3.41 2.56 2.71 2.61 1.74 1.26 0.76 0.21 0.00 0.00 0.00 0.00
0.00 0.00 0.00 0.00 0.00 0.00 0.00 0.00 0.00 16.23 68.93 111.48 153.67 115.22 121.73 117.44 78.13 56.81 34.33 9.37 0.00 0.00 0.00 0.00
0.00 0.00 0.00 0.00 0.00 0.00 0.00 0.00 0.00 20.83 88.46 143.06 197.22 147.87 156.22 150.72 100.27 72.91 44.06 12.03 0.00 0.00 0.00 0.00
0.00 0.00 0.00 0.00 0.00 0.00 0.00 0.00 0.00 33.51 155.82 255.35 352.79 272.77 285.68 277.46 208.31 150.60 90.85 27.07 0.00 0.00 0.00 0.00
0.00 0.00 0.00 0.00 0.00 0.00 0.00 0.00 0.00 1.14 3.49 5.74 7.96 8.77 9.23 8.89 7.36 5.32 3.07 0.34 0.00 0.00 0.00 0.00
0.00 0.00 0.00 0.00 0.00 0.00 0.00 0.00 0.00 1.42 4.37 7.24 10.00 11.17 11.79 11.39 9.02 6.49 3.73 0.39 0.00 0.00 0.00 0.00
0.00 0.00 0.00 0.00 0.00 0.00 0.00 0.00 0.00 8.98 32.26 51.20 70.83 66.27 71.13 68.41 40.70 30.66 18.34 5.00 0.00 0.00 0.00 0.00
0.00 0.00 0.00 0.00 0.00 0.00 0.00 0.00 0.00 10.49 94.68 164.91 235.58 281.62 301.89 289.55 288.70 213.25 129.55 25.29 0.00 0.00 0.00 0.00
0.00 0.00 0.00 0.00 0.00 0.00 0.00 0.00 0.00 0.38 1.16 1.87 2.59 2.94 2.98 2.84 2.24 1.61 0.89 0.04 0.00 0.00 0.00 0.00
0.00 0.00 0.00 0.00 0.00 0.00 0.00 0.00 0.00 5.78 24.73 39.66 54.80 44.39 46.32 44.40 28.70 20.54 12.18 1.74 0.00 0.00 0.00 0.00
0.00 0.00 0.00 0.00 0.00 0.00 0.00 0.00 0.00 1.40 5.80 9.80 14.07 16.31 17.54 16.59 13.24 9.69 5.89 1.31 0.00 0.00 0.00 0.00
0.00 0.00 0.00 0.00 0.00 0.00 0.00 0.00 0.00 0.96 2.93 4.59 6.00 6.86 7.00 6.58 5.37 3.66 1.90 0.00 0.00 0.00 0.00 0.00
0.00 0.00 0.00 0.00 0.00 0.00 0.00 0.00 0.00 0.48 1.47 2.29 3.00 3.43 3.50 3.29 2.68 1.83 0.95 0.00 0.00 0.00 0.00 0.00
0.00 0.00 0.00 0.00 0.00 0.00 0.00 0.00 0.00 1.05 3.21 5.02 6.57 7.50 7.66 7.20 5.87 4.00 2.07 0.00 0.00 0.00 0.00 0.00
0.00 0.00 0.00 0.00 0.00 0.00 0.00 0.00 0.00 1.29 3.87 6.08 8.02 9.13 9.29 8.83 6.99 4.78 2.50 0.00 0.00 0.00 0.00 0.00
0.00 0.00 0.00 0.00 0.00 0.00 0.00 0.00 0.00 1.96 5.89 9.26 12.23 13.92 14.16 13.46 10.65 7.28 3.80 0.00 0.00 0.00 0.00 0.00
0.00 0.00 0.00 0.00 0.00 0.00 0.00 0.00 0.00 1.68 5.22 8.31 11.00 12.45 12.49 12.01 9.11 6.11 3.24 0.00 0.00 0.00 0.00 0.00
0.00 0.00 0.00 0.00 0.00 0.00 0.00 0.00 0.00 1.16 4.47 7.04 9.38 9.53 9.60 9.00 5.73 4.01 2.23 0.10 0.00 0.00 0.00 0.00
0.00 0.00 0.00 0.00 0.00 0.00 0.00 0.00 0.00 2.99 11.55 18.19 24.23 24.62 24.81 23.25 14.80 10.37 5.76 0.25 0.00 0.00 0.00 0.00
0.00 0.00 0.00 0.00 0.00 0.00 0.00 0.00 0.00 0.74 2.83 4.50 6.04 5.52 5.59 5.30 3.58 2.58 1.46 0.10 0.00 0.00 0.00 0.00
0.00 0.00 0.00 0.00 0.00 0.00 0.00 0.00 0.00 1.76 5.11 8.30 10.98 12.73 13.19 12.68 10.24 7.22 3.94 0.12 0.00 0.00 0.00 0.00
0.00 0.00 0.00 0.00 0.00 0.00 0.00 0.00 0.00 3.12 9.35 15.02 19.90 22.58 22.95 22.05 17.26 12.09 6.51 0.04 0.00 0.00 0.00 0.00
0.00 0.00 0.00 0.00 0.00 0.00 0.00 0.00 0.00 0.51 1.32 1.99 2.49 2.76 2.76 2.63 2.20 1.56 0.80 0.00 0.00 0.00 0.00 0.00
0.00 0.00 0.00 0.00 0.00 0.00 0.00 0.00 0.00 2.73 7.29 11.54 14.78 16.66 16.69 16.21 12.76 8.94 4.79 0.03 0.00 0.00 0.00 0.00
0.00 0.00 0.00 0.00 0.00 0.00 0.00 0.00 0.00 1.90 4.96 7.80 9.78 10.79 10.95 10.50 8.44 5.86 3.08 0.00 0.00 0.00 0.00 0.00
0.00 0.00 0.00 0.00 0.00 0.00 0.00 0.00 0.00 2.62 6.85 10.76 13.49 14.89 15.11 14.49 11.65 8.08 4.25 0.00 0.00 0.00 0.00 0.00
0.00 0.00 0.00 0.00 0.00 0.00 0.00 0.00 0.00 1.79 4.67 7.33 9.19 10.14 10.29 9.87 7.93 5.51 2.89 0.00 0.00 0.00 0.00 0.00
0.00 0.00 0.00 0.00 0.00 0.00 0.00 0.00 0.00 1.46 3.89 6.16 7.88 8.88 8.90 8.64 6.80 4.77 2.55 0.01 0.00 0.00 0.00 0.00
0.00 0.00 0.00 0.00 0.00 0.00 0.00 0.00 0.00 1.52 3.86 5.99 7.38 8.35 8.41 7.87 6.24 4.42 2.29 0.00 0.00 0.00 0.00 0.00
0.00 0.00 0.00 0.00 0.00 0.00 0.00 0.00 0.00 1.32 3.70 5.92 7.99 9.27 9.50 9.27 7.58 5.49 3.08 0.22 0.00 0.00 0.00 0.00
0.00 0.00 0.00 0.00 0.00 0.00 0.00 0.00 0.00 13.55 39.54 63.32 82.99 95.83 101.10 97.43 85.63 62.02 37.07 6.57 0.00 0.00 0.00 0.00
0.00 0.00 0.00 0.00 0.00 0.00 0.00 0.00 0.00 1.75 5.39 8.59 11.90 13.88 14.32 13.94 10.21 7.27 4.14 0.38 0.00 0.00 0.00 0.00
0.00 0.00 0.00 0.00 0.00 0.00 0.00 0.00 0.00 2.71 7.97 13.19 17.86 20.39 20.64 20.40 16.54 11.68 6.52 0.39 0.00 0.00 0.00 0.00
0.00 0.00 0.00 0.00 0.00 0.00 0.00 0.00 0.00 1.24 3.65 6.04 8.18 9.34 9.46 9.35 7.58 5.35 2.99 0.18 0.00 0.00 0.00 0.00
0.00 0.00 0.00 0.00 0.00 0.00 0.00 0.00 0.00 2.15 6.64 10.54 14.68 17.11 17.59 17.02 12.35 8.82 5.01 0.44 0.00 0.00 0.00 0.00
0.00 0.00 0.00 0.00 0.00 0.00 0.00 0.00 0.00 0.93 2.81 4.54 6.29 7.15 7.24 6.89 5.43 3.90 2.17 0.11 0.00 0.00 0.00 0.00
0.00 0.00 0.00 0.00 0.00 0.00 0.00 0.00 0.00 9.29 33.40 53.01 73.34 68.61 73.64 70.82 42.14 31.74 18.99 5.18 0.00 0.00 0.00 0.00
0.00 0.00 0.00 0.00 0.00 0.00 0.00 0.00 0.00 3.06 11.35 18.02 23.98 23.22 23.65 22.59 14.38 10.35 5.95 0.53 0.00 0.00 0.00 0.00
0.00 0.00 0.00 0.00 0.00 0.00 0.00 0.00 0.00 0.70 2.74 4.36 5.86 5.10 5.25 5.04 3.29 2.35 1.36 0.13 0.00 0.00 0.00 0.00
0.00 0.00 0.00 0.00 0.00 0.00 0.00 0.00 0.00 0.91 3.48 5.56 7.34 6.67 6.87 6.54 4.13 3.01 1.75 0.19 0.00 0.00 0.00 0.00
0.00 0.00 0.00 0.00 0.00 0.00 0.00 0.00 0.00 1.45 5.57 8.89 11.74 10.67 10.99 10.46 6.61 4.81 2.79 0.30 0.00 0.00 0.00 0.00
0.00 0.00 0.00 0.00 0.00 0.00 0.00 0.00 0.00 24.20 111.36 182.53 252.21 170.55 184.46 178.63 162.78 117.65 72.01 19.06 0.00 0.00 0.00 0.00
