0.00 0.00 0.00 0.00 0.00 0.00 0.00 0.18 1.17 2.13 3.29 4.36 5.26 5.77 5.88 5.55 4.91 3.93 2.68 1.45 0.54 0.00 0.00 0.00
0.00 0.00 0.00 0.00 0.00 0.00 0.00 4.57 19.20 32.90 47.50 62.43 73.75 77.40 77.85 73.01 63.63 49.60 32.76 13.20 2.00 0.00 0.00 0.00
0.00 0.00 0.00 0.00 0.00 0.00 0.00 4.17 26.84 48.78 75.16 99.80 120.17 131.89 134.39 126.95 112.32 89.90 61.22 33.24 12.30 0.00 0.00 0.00
0.00 0.00 0.00 0.00 0.00 0.00 0.00 14.81 95.38 173.36 267.11 354.67 427.09 468.73 477.60 451.17 399.17 319.50 217.56 118.14 43.70 0.00 0.00 0.00
0.00 0.00 0.00 0.00 0.00 0.00 0.00 1.35 3.87 6.31 9.17 11.69 13.29 13.61 13.59 12.40 10.90 8.27 5.27 1.89 0.15 0.00 0.00 0.00
0.00 0.00 0.00 0.00 0.00 0.00 0.00 17.90 206.07 389.20 616.68 821.79 987.76 1087.30 1097.44 1030.61 871.13 680.99 475.07 267.37 101.74 0.00 0.00 0.00
0.00 0.00 0.00 0.00 0.00 0.00 0.00 0.60 1.78 2.91 4.79 6.09 7.11 9.64 9.94 9.39 8.42 6.55 4.29 2.03 0.50 0.00 0.00 0.00
0.00 0.00 0.00 0.00 0.00 0.00 0.00 0.29 1.10 1.86 2.73 3.61 4.25 4.72 4.75 4.53 3.99 3.13 2.07 0.89 0.15 0.00 0.00 0.00
0.00 0.00 0.00 0.00 0.00 0.00 0.00 0.46 1.76 2.98 4.37 5.77 6.79 7.56 7.59 7.25 6.38 5.01 3.31 1.43 0.25 0.00 0.00 0.00
0.00 0.00 0.00 0.00 0.00 0.00 0.00 0.46 1.76 2.98 4.37 5.77 6.79 7.56 7.59 7.25 6.38 5.01 3.31 1.43 0.25 0.00 0.00 0.00
0.00 0.00 0.00 0.00 0.00 0.00 0.00 0.59 2.44 4.21 9.40 12.79 15.61 19.47 20.31 19.45 17.84 14.01 9.27 4.15 0.97 0.00 0.00 0.00
0.00 0.00 0.00 0.00 0.00 0.00 0.00 0.30 1.25 2.14 4.42 6.01 7.28 9.26 9.59 9.14 8.38 6.56 4.31 1.91 0.44 0.00 0.00 0.00
0.00 0.00 0.00 0.00 0.00 0.00 0.00 0.39 1.60 2.76 5.68 7.73 9.36 11.90 12.33 11.75 10.78 8.44 5.55 2.45 0.56 0.00 0.00 0.00
0.00 0.00 0.00 0.00 0.00 0.00 0.00 0.26 1.07 1.84 3.78 5.15 6.24 7.93 8.22 7.83 7.19 5.62 3.70 1.64 0.37 0.00 0.00 0.00
0.00 0.00 0.00 0.00 0.00 0.00 0.00 0.26 1.07 1.84 3.78 5.15 6.24 7.93 8.22 7.83 7.19 5.62 3.70 1.64 0.37 0.00 0.00 0.00
0.00 0.00 0.00 0.00 0.00 0.00 0.00 3.15 22.81 41.25 62.85 81.80 95.75 104.46 106.82 103.26 91.48 70.85 45.64 20.23 4.15 0.00 0.00 0.00
0.00 0.00 0.00 0.00 0.00 0.00 0.00 1.98 7.66 13.07 29.86 39.67 48.24 58.11 59.46 57.83 53.39 41.84 27.83 12.40 2.82 0.00 0.00 0.00
0.00 0.00 0.00 0.00 0.00 0.00 0.00 2.21 8.59 14.65 25.99 34.20 41.58 49.49 50.88 49.14 45.01 35.49 23.51 10.84 2.74 0.00 0.00 0.00
0.00 0.00 0.00 0.00 0.00 0.00 0.00 5.28 60.78 114.80 181.90 242.40 291.35 320.71 323.70 303.99 256.95 200.87 140.13 78.87 30.01 0.00 0.00 0.00
0.00 0.00 0.00 0.00 0.00 0.00 0.00 5.02 57.82 109.20 173.03 230.57 277.14 305.07 307.91 289.17 244.42 191.07 133.29 75.02 28.55 0.00 0.00 0.00
0.00 0.00 0.00 0.00 0.00 0.00 0.00 9.66 111.19 210.00 332.74 443.41 532.96 586.67 592.14 556.09 470.04 367.44 256.33 144.27 54.89 0.00 0.00 0.00
0.00 0.00 0.00 0.00 0.00 0.00 0.00 9.50 109.33 206.50 327.20 436.02 524.08 576.89 582.27 546.82 462.20 361.31 252.06 141.86 53.98 0.00 0.00 0.00
0.00 0.00 0.00 0.00 0.00 0.00 0.00 21.10 129.00 233.73 352.88 469.17 561.04 612.43 624.60 591.15 522.36 417.92 286.39 161.62 62.61 0.00 0.00 0.00
0.00 0.00 0.00 0.00 0.00 0.00 0.00 0.29 1.10 1.86 2.73 3.61 4.25 4.72 4.75 4.53 3.99 3.13 2.07 0.89 0.15 0.00 0.00 0.00
0.00 0.00 0.00 0.00 0.00 0.00 0.00 1.45 5.58 9.43 13.85 18.27 21.52 23.93 24.04 22.97 20.20 15.87 10.49 4.51 0.78 0.00 0.00 0.00
0.00 0.00 0.00 0.00 0.00 0.00 0.00 7.42 28.50 48.14 70.69 93.26 109.84 122.15 122.74 117.26 103.14 81.02 53.58 23.05 3.98 0.00 0.00 0.00
0.00 0.00 0.00 0.00 0.00 0.00 0.00 0.36 4.15 7.84 12.42 16.55 19.90 21.90 22.11 20.76 17.55 13.72 9.57 5.39 2.05 0.00 0.00 0.00
0.00 0.00 0.00 0.00 0.00 0.00 0.00 14.58 93.89 170.66 262.95 349.14 420.43 461.42 470.16 444.13 392.95 314.52 214.17 116.30 43.02 0.00 0.00 0.00
0.00 0.00 0.00 0.00 0.00 0.00 0.00 0.74 4.63 8.36 14.27 20.63 26.35 30.28 32.05 30.88 27.63 21.96 15.11 7.31 2.17 0.00 0.00 0.00
0.00 0.00 0.00 0.00 0.00 0.00 0.00 13.07 52.86 91.40 134.80 175.51 205.96 222.51 225.34 213.79 187.51 150.67 104.02 52.09 18.19 0.00 0.00 0.00
0.00 0.00 0.00 0.00 0.00 0.00 0.00 0.24 1.56 2.84 4.38 5.82 7.01 7.69 7.84 7.40 6.55 5.24 3.57 1.94 0.72 0.00 0.00 0.00
0.00 0.00 0.00 0.00 0.00 0.00 0.00 10.93 70.42 127.99 197.21 261.86 315.33 346.07 352.62 333.10 294.71 235.89 160.63 87.22 32.27 0.00 0.00 0.00
0.00 0.00 0.00 0.00 0.00 0.00 0.00 14.03 90.37 164.26 253.09 336.05 404.67 444.12 452.53 427.48 378.21 302.72 206.14 111.94 41.41 0.00 0.00 0.00
0.00 0.00 0.00 0.00 0.00 0.00 0.00 27.82 170.12 308.23 465.36 618.72 739.87 807.64 823.70 779.57 688.86 551.13 377.68 213.13 82.57 0.00 0.00 0.00
0.00 0.00 0.00 0.00 0.00 0.00 0.00 0.52 2.35 4.09 7.34 10.09 12.40 14.48 14.73 14.22 13.07 10.24 6.89 3.07 0.72 0.00 0.00 0.00
0.00 0.00 0.00 0.00 0.00 0.00 0.00 0.61 2.70 4.69 8.92 12.18 15.18 18.09 18.61 17.90 16.54 12.83 8.54 3.79 0.88 0.00 0.00 0.00
0.00 0.00 0.00 0.00 0.00 0.00 0.00 3.03 19.11 34.47 58.85 85.09 108.70 124.89 132.22 127.39 113.98 90.60 62.31 30.17 8.95 0.00 0.00 0.00
0.00 0.00 0.00 0.00 0.00 0.00 0.00 21.00 123.64 223.61 290.42 384.82 457.68 526.83 537.44 518.96 535.18 430.41 309.03 194.94 86.56 0.00 0.00 0.00
0.00 0.00 0.00 0.00 0.00 0.00 0.00 0.22 0.80 1.36 2.18 2.98 3.60 4.49 4.62 4.40 4.13 3.23 2.15 0.95 0.21 0.00 0.00 0.00
0.00 0.00 0.00 0.00 0.00 0.00 0.00 4.86 25.00 44.46 66.30 87.62 104.37 114.12 115.66 108.85 95.78 77.04 54.27 28.87 10.45 0.00 0.00 0.00
0.00 0.00 0.00 0.00 0.00 0.00 0.00 0.00 7.12 14.10 22.78 30.78 36.51 39.14 39.00 35.89 30.24 24.01 17.07 10.30 4.10 0.00 0.00 0.00
0.00 0.00 0.00 0.00 0.00 0.00 0.00 0.63 1.82 2.95 5.37 6.98 8.08 10.51 10.69 10.24 9.60 7.48 4.95 2.26 0.53 0.00 0.00 0.00
0.00 0.00 0.00 0.00 0.00 0.00 0.00 0.32 0.91 1.47 2.68 3.49 4.04 5.25 5.35 5.12 4.80 3.74 2.48 1.13 0.26 0.00 0.00 0.00
0.00 0.00 0.00 0.00 0.00 0.00 0.00 0.69 1.99 3.22 5.87 7.64 8.84 11.49 11.69 11.21 10.50 8.18 5.42 2.48 0.58 0.00 0.00 0.00
0.00 0.00 0.00 0.00 0.00 0.00 0.00 0.87 2.56 4.16 6.56 8.56 9.89 13.98 14.29 13.88 12.60 9.71 6.53 2.91 0.67 0.00 0.00 0.00
0.00 0.00 0.00 0.00 0.00 0.00 0.00 1.33 3.90 6.34 10.00 13.04 15.07 21.30 21.78 21.15 19.20 14.80 9.96 4.44 1.01 0.00 0.00 0.00
0.00 0.00 0.00 0.00 0.00 0.00 0.00 1.20 3.60 5.88 10.05 12.80 14.93 19.75 20.06 19.07 16.95 13.24 8.85 4.27 1.05 0.00 0.00 0.00
0.00 0.00 0.00 0.00 0.00 0.00 0.00 1.23 4.28 7.24 10.99 14.24 16.68 17.85 17.75 16.62 14.58 11.50 7.93 3.87 1.28 0.00 0.00 0.00
0.00 0.00 0.00 0.00 0.00 0.00 0.00 3.19 11.06 18.71 28.40 36.79 43.10 46.11 45.85 42.93 37.67 29.72 20.49 10.00 3.31 0.00 0.00 0.00
0.00 0.00 0.00 0.00 0.00 0.00 0.00 0.74 2.81 4.81 7.25 9.47 11.08 11.95 12.11 11.31 9.80 7.75 5.34 2.65 0.87 0.00 0.00 0.00
0.00 0.00 0.00 0.00 0.00 0.00 0.00 1.30 4.37 7.24 8.22 10.83 12.85 17.67 18.21 17.28 17.61 13.64 9.10 3.86 0.76 0.00 0.00 0.00
0.00 0.00 0.00 0.00 0.00 0.00 0.00 2.07 6.65 10.96 15.56 20.62 25.08 35.35 35.78 34.13 31.54 24.38 15.97 7.00 1.56 0.00 0.00 0.00
0.00 0.00 0.00 0.00 0.00 0.00 0.00 0.43 1.22 1.97 2.80 3.55 4.02 4.16 4.16 3.94 2.96 2.27 1.48 0.66 0.06 0.00 0.00 0.00
0.00 0.00 0.00 0.00 0.00 0.00 0.00 2.07 6.63 10.86 15.05 19.41 22.38 24.35 24.39 23.11 18.21 14.10 9.26 4.06 0.53 0.00 0.00 0.00
0.00 0.00 0.00 0.00 0.00 0.00 0.00 1.50 4.53 7.38 10.72 13.78 15.71 16.57 16.59 15.57 12.45 9.65 6.28 2.58 0.28 0.00 0.00 0.00
0.00 0.00 0.00 0.00 0.00 0.00 0.00 2.06 6.25 10.19 14.80 19.02 21.68 22.87 22.89 21.48 17.18 13.32 8.66 3.56 0.39 0.00 0.00 0.00
0.00 0.00 0.00 0.00 0.00 0.00 0.00 1.41 4.26 6.94 10.08 12.95 14.77 15.58 15.59 14.63 11.70 9.07 5.90 2.43 0.27 0.00 0.00 0.00
0.00 0.00 0.00 0.00 0.00 0.00 0.00 1.10 3.54 5.79 8.03 10.35 11.94 12.98 13.01 12.32 9.71 7.52 4.94 2.17 0.28 0.00 0.00 0.00
0.00 0.00 0.00 0.00 0.00 0.00 0.00 1.18 3.46 5.66 8.21 10.42 11.96 12.50 12.48 11.47 9.99 7.56 4.81 1.75 0.15 0.00 0.00 0.00
0.00 0.00 0.00 0.00 0.00 0.00 0.00 0.82 3.16 5.33 7.83 10.33 12.17 13.54 13.60 13.00 11.43 8.98 5.94 2.55 0.44 0.00 0.00 0.00
0.00 0.00 0.00 0.00 0.00 0.00 0.00 4.10 29.70 53.69 81.80 106.47 124.63 135.97 139.03 134.40 119.06 92.22 59.41 26.33 5.41 0.00 0.00 0.00
0.00 0.00 0.00 0.00 0.00 0.00 0.00 0.67 2.77 4.77 10.65 14.50 17.70 22.07 23.02 22.04 20.22 15.88 10.51 4.70 1.10 0.00 0.00 0.00
0.00 0.00 0.00 0.00 0.00 0.00 0.00 1.70 6.32 10.64 13.28 18.24 21.73 30.03 30.18 28.74 27.99 21.71 14.36 5.86 1.21 0.00 0.00 0.00
0.00 0.00 0.00 0.00 0.00 0.00 0.00 0.78 2.90 4.88 6.09 8.36 9.96 13.76 13.83 13.17 12.83 9.95 6.58 2.69 0.56 0.00 0.00 0.00
0.00 0.00 0.00 0.00 0.00 0.00 0.00 0.82 3.37 5.79 13.08 17.73 21.71 27.14 28.29 27.14 24.87 19.54 12.99 5.81 1.36 0.00 0.00 0.00
0.00 0.00 0.00 0.00 0.00 0.00 0.00 0.53 1.95 3.29 5.30 7.25 8.74 10.91 11.21 10.68 10.02 7.84 5.23 2.30 0.50 0.00 0.00 0.00
0.00 0.00 0.00 0.00 0.00 0.00 0.00 3.14 19.78 35.69 60.93 88.10 112.54 129.31 136.89 131.90 118.01 93.81 64.51 31.24 9.27 0.00 0.00 0.00
0.00 0.00 0.00 0.00 0.00 0.00 0.00 3.13 12.64 21.86 32.24 41.97 49.25 53.21 53.89 51.12 44.84 36.03 24.88 12.46 4.35 0.00 0.00 0.00
0.00 0.00 0.00 0.00 0.00 0.00 0.00 0.66 2.77 4.82 7.20 9.40 11.04 11.97 12.23 11.48 10.11 8.04 5.55 2.76 0.95 0.00 0.00 0.00
0.00 0.00 0.00 0.00 0.00 0.00 0.00 0.74 3.24 5.67 8.58 11.35 13.63 15.06 15.09 14.15 12.54 9.86 6.78 3.35 1.11 0.00 0.00 0.00
0.00 0.00 0.00 0.00 0.00 0.00 0.00 1.18 5.18 9.06 13.73 18.16 21.80 24.10 24.14 22.65 20.07 15.78 10.85 5.36 1.78 0.00 0.00 0.00
0.00 0.00 0.00 0.00 0.00 0.00 0.00 9.82 113.04 213.50 338.29 450.80 541.85 596.45 602.01 565.35 477.87 373.56 260.60 146.67 55.81 0.00 0.00 0.00
