0.00 0.00 0.00 0.00 0.00 0.00 0.00 0.00 0.00 0.36 1.16 1.82 2.42 2.96 3.03 2.75 2.23 1.48 0.60 0.00 0.00 0.00 0.00 0.00
0.00 0.00 0.00 0.00 0.00 0.00 0.00 0.00 0.00 8.82 15.02 22.16 27.44 44.92 43.70 39.14 36.75 23.98 8.56 0.00 0.00 0.00 0.00 0.00
0.00 0.00 0.00 0.00 0.00 0.00 0.00 0.00 0.00 8.22 26.56 41.71 55.24 67.67 69.33 62.87 50.97 33.78 13.81 0.00 0.00 0.00 0.00 0.00
0.00 0.00 0.00 0.00 0.00 0.00 0.00 0.00 0.00 29.22 94.40 148.25 196.33 240.48 246.40 223.43 181.13 120.06 49.08 0.00 0.00 0.00 0.00 0.00
0.00 0.00 0.00 0.00 0.00 0.00 0.00 0.00 0.00 2.02 4.78 6.91 8.16 5.57 5.44 4.85 3.01 1.83 0.43 0.00 0.00 0.00 0.00 0.00
0.00 0.00 0.00 0.00 0.00 0.00 0.00 0.00 0.00 66.09 228.07 360.50 488.08 565.06 582.76 535.59 435.10 280.85 124.85 0.00 0.00 0.00 0.00 0.00
0.00 0.00 0.00 0.00 0.00 0.00 0.00 0.00 0.00 0.41 1.22 1.94 2.41 2.92 2.89 2.54 1.91 1.17 0.28 0.00 0.00 0.00 0.00 0.00
0.00 0.00 0.00 0.00 0.00 0.00 0.00 0.00 0.00 0.37 1.03 1.54 1.88 1.58 1.58 1.41 1.76 1.14 0.38 0.00 0.00 0.00 0.00 0.00
0.00 0.00 0.00 0.00 0.00 0.00 0.00 0.00 0.00 0.59 1.65 2.47 3.01 2.53 2.53 2.25 2.82 1.82 0.61 0.00 0.00 0.00 0.00 0.00
0.00 0.00 0.00 0.00 0.00 0.00 0.00 0.00 0.00 0.59 1.65 2.47 3.01 2.53 2.53 2.25 2.82 1.82 0.61 0.00 0.00 0.00 0.00 0.00
0.00 0.00 0.00 0.00 0.00 0.00 0.00 0.00 0.00 1.48 4.11 6.29 8.14 7.62 7.74 7.06 6.74 4.38 1.53 0.00 0.00 0.00 0.00 0.00
0.00 0.00 0.00 0.00 0.00 0.00 0.00 0.00 0.00 0.77 1.94 2.98 3.89 3.81 3.85 3.51 3.15 2.05 0.72 0.00 0.00 0.00 0.00 0.00
0.00 0.00 0.00 0.00 0.00 0.00 0.00 0.00 0.00 0.99 2.49 3.84 5.00 4.90 4.96 4.52 4.05 2.63 0.92 0.00 0.00 0.00 0.00 0.00
0.00 0.00 0.00 0.00 0.00 0.00 0.00 0.00 0.00 0.66 1.66 2.56 3.33 3.27 3.30 3.01 2.70 1.75 0.62 0.00 0.00 0.00 0.00 0.00
0.00 0.00 0.00 0.00 0.00 0.00 0.00 0.00 0.00 0.66 1.66 2.56 3.33 3.27 3.30 3.01 2.70 1.75 0.62 0.00 0.00 0.00 0.00 0.00
0.00 0.00 0.00 0.00 0.00 0.00 0.00 0.00 0.00 8.15 21.15 33.43 43.21 67.75 70.21 63.68 49.58 31.49 13.30 0.00 0.00 0.00 0.00 0.00
0.00 0.00 0.00 0.00 0.00 0.00 0.00 0.00 0.00 4.30 12.12 18.16 23.75 21.82 22.50 20.39 19.89 12.83 4.31 0.00 0.00 0.00 0.00 0.00
0.00 0.00 0.00 0.00 0.00 0.00 0.00 0.00 0.00 4.55 10.84 16.30 21.40 19.54 19.36 17.51 16.47 10.66 3.58 0.00 0.00 0.00 0.00 0.00
0.00 0.00 0.00 0.00 0.00 0.00 0.00 0.00 0.00 19.49 67.27 106.33 143.97 166.67 171.89 157.98 128.34 82.84 36.83 0.00 0.00 0.00 0.00 0.00
0.00 0.00 0.00 0.00 0.00 0.00 0.00 0.00 0.00 18.54 63.99 101.15 136.94 158.54 163.51 150.27 122.08 78.80 35.03 0.00 0.00 0.00 0.00 0.00
0.00 0.00 0.00 0.00 0.00 0.00 0.00 0.00 0.00 35.66 123.06 194.51 263.35 304.89 314.44 288.99 234.76 151.54 67.36 0.00 0.00 0.00 0.00 0.00
0.00 0.00 0.00 0.00 0.00 0.00 0.00 0.00 0.00 35.07 121.01 191.27 258.96 299.81 309.20 284.17 230.85 149.01 66.24 0.00 0.00 0.00 0.00 0.00
0.00 0.00 0.00 0.00 0.00 0.00 0.00 0.00 0.00 35.28 115.97 180.54 242.60 306.11 312.44 283.38 237.31 156.97 63.27 0.00 0.00 0.00 0.00 0.00
0.00 0.00 0.00 0.00 0.00 0.00 0.00 0.00 0.00 0.37 1.03 1.54 1.88 1.58 1.58 1.41 1.76 1.14 0.38 0.00 0.00 0.00 0.00 0.00
0.00 0.00 0.00 0.00 0.00 0.00 0.00 0.00 0.00 1.86 5.22 7.82 9.54 8.02 8.01 7.12 8.92 5.75 1.94 0.00 0.00 0.00 0.00 0.00
0.00 0.00 0.00 0.00 0.00 0.00 0.00 0.00 0.00 9.52 26.64 39.91 48.70 40.94 40.88 36.34 45.53 29.38 9.90 0.00 0.00 0.00 0.00 0.00
0.00 0.00 0.00 0.00 0.00 0.00 0.00 0.00 0.00 1.33 4.59 7.26 9.83 11.38 11.74 10.79 8.76 5.66 2.51 0.00 0.00 0.00 0.00 0.00
0.00 0.00 0.00 0.00 0.00 0.00 0.00 0.00 0.00 28.77 92.93 145.93 193.27 236.73 242.56 219.95 178.31 118.19 48.31 0.00 0.00 0.00 0.00 0.00
0.00 0.00 0.00 0.00 0.00 0.00 0.00 0.00 0.00 2.80 5.63 8.69 11.51 16.68 16.99 15.83 11.92 8.08 3.30 0.00 0.00 0.00 0.00 0.00
0.00 0.00 0.00 0.00 0.00 0.00 0.00 0.00 0.00 14.22 40.98 63.24 81.91 109.46 108.30 95.28 78.74 51.33 17.48 0.00 0.00 0.00 0.00 0.00
0.00 0.00 0.00 0.00 0.00 0.00 0.00 0.00 0.00 0.48 1.55 2.43 3.22 3.95 4.04 3.67 2.97 1.97 0.81 0.00 0.00 0.00 0.00 0.00
0.00 0.00 0.00 0.00 0.00 0.00 0.00 0.00 0.00 21.57 69.69 109.45 144.95 177.55 181.92 164.96 133.73 88.64 36.24 0.00 0.00 0.00 0.00 0.00
0.00 0.00 0.00 0.00 0.00 0.00 0.00 0.00 0.00 27.69 89.44 140.46 186.02 227.86 233.46 211.70 171.62 113.76 46.50 0.00 0.00 0.00 0.00 0.00
0.00 0.00 0.00 0.00 0.00 0.00 0.00 0.00 0.00 46.52 152.94 238.09 319.92 403.68 412.03 373.71 312.96 207.00 83.44 0.00 0.00 0.00 0.00 0.00
0.00 0.00 0.00 0.00 0.00 0.00 0.00 0.00 0.00 1.37 3.07 4.81 6.23 6.30 6.42 5.82 5.22 3.39 1.25 0.00 0.00 0.00 0.00 0.00
0.00 0.00 0.00 0.00 0.00 0.00 0.00 0.00 0.00 1.71 3.84 6.02 7.86 7.85 7.98 7.26 6.41 4.17 1.52 0.00 0.00 0.00 0.00 0.00
0.00 0.00 0.00 0.00 0.00 0.00 0.00 0.00 0.00 11.55 23.22 35.83 47.48 68.82 70.07 65.31 49.15 33.31 13.60 0.00 0.00 0.00 0.00 0.00
0.00 0.00 0.00 0.00 0.00 0.00 0.00 0.00 0.00 22.03 116.70 190.67 263.93 287.13 298.60 270.33 194.72 130.31 51.59 0.00 0.00 0.00 0.00 0.00
0.00 0.00 0.00 0.00 0.00 0.00 0.00 0.00 0.00 0.38 0.85 1.28 1.62 1.60 1.63 1.48 1.60 1.03 0.33 0.00 0.00 0.00 0.00 0.00
0.00 0.00 0.00 0.00 0.00 0.00 0.00 0.00 0.00 7.37 22.76 35.42 46.77 57.12 58.41 52.16 38.23 25.17 9.63 0.00 0.00 0.00 0.00 0.00
0.00 0.00 0.00 0.00 0.00 0.00 0.00 0.00 0.00 2.39 8.79 13.97 18.53 21.41 22.40 20.49 16.65 10.85 5.20 0.00 0.00 0.00 0.00 0.00
0.00 0.00 0.00 0.00 0.00 0.00 0.00 0.00 0.00 0.58 1.59 2.41 3.01 3.36 3.30 2.95 2.26 1.36 0.30 0.00 0.00 0.00 0.00 0.00
0.00 0.00 0.00 0.00 0.00 0.00 0.00 0.00 0.00 0.29 0.80 1.20 1.50 1.68 1.65 1.47 1.13 0.68 0.15 0.00 0.00 0.00 0.00 0.00
0.00 0.00 0.00 0.00 0.00 0.00 0.00 0.00 0.00 0.64 1.74 2.63 3.29 3.68 3.61 3.22 2.47 1.49 0.33 0.00 0.00 0.00 0.00 0.00
0.00 0.00 0.00 0.00 0.00 0.00 0.00 0.00 0.00 0.88 2.19 3.29 4.14 4.80 4.79 4.28 2.76 1.68 0.39 0.00 0.00 0.00 0.00 0.00
0.00 0.00 0.00 0.00 0.00 0.00 0.00 0.00 0.00 1.34 3.33 5.02 6.31 7.32 7.31 6.52 4.21 2.56 0.60 0.00 0.00 0.00 0.00 0.00
0.00 0.00 0.00 0.00 0.00 0.00 0.00 0.00 0.00 0.88 2.61 4.06 5.13 6.04 5.99 5.21 3.92 2.40 0.59 0.00 0.00 0.00 0.00 0.00
0.00 0.00 0.00 0.00 0.00 0.00 0.00 0.00 0.00 0.97 2.90 4.46 5.75 7.50 7.46 6.53 5.81 3.68 1.09 0.00 0.00 0.00 0.00 0.00
0.00 0.00 0.00 0.00 0.00 0.00 0.00 0.00 0.00 2.51 7.50 11.51 14.84 19.36 19.28 16.88 15.00 9.51 2.83 0.00 0.00 0.00 0.00 0.00
0.00 0.00 0.00 0.00 0.00 0.00 0.00 0.00 0.00 0.68 2.06 3.15 4.06 5.61 5.59 4.89 4.17 2.69 0.88 0.00 0.00 0.00 0.00 0.00
0.00 0.00 0.00 0.00 0.00 0.00 0.00 0.00 0.00 1.93 3.82 5.77 7.43 7.04 7.10 6.38 6.41 4.05 1.20 0.00 0.00 0.00 0.00 0.00
0.00 0.00 0.00 0.00 0.00 0.00 0.00 0.00 0.00 2.82 6.93 10.43 12.99 10.92 11.20 10.27 9.33 5.83 1.61 0.00 0.00 0.00 0.00 0.00
0.00 0.00 0.00 0.00 0.00 0.00 0.00 0.00 0.00 0.49 1.28 1.82 2.20 1.92 1.92 1.69 0.92 0.56 0.13 0.00 0.00 0.00 0.00 0.00
0.00 0.00 0.00 0.00 0.00 0.00 0.00 0.00 0.00 3.07 5.36 7.86 9.38 8.01 7.90 6.96 5.24 3.28 0.93 0.00 0.00 0.00 0.00 0.00
0.00 0.00 0.00 0.00 0.00 0.00 0.00 0.00 0.00 2.34 4.81 7.10 8.38 5.97 5.80 5.11 3.55 2.20 0.57 0.00 0.00 0.00 0.00 0.00
0.00 0.00 0.00 0.00 0.00 0.00 0.00 0.00 0.00 3.23 6.63 9.79 11.56 8.24 8.00 7.05 4.90 3.03 0.79 0.00 0.00 0.00 0.00 0.00
0.00 0.00 0.00 0.00 0.00 0.00 0.00 0.00 0.00 2.20 4.52 6.67 7.88 5.61 5.45 4.80 3.34 2.06 0.54 0.00 0.00 0.00 0.00 0.00
0.00 0.00 0.00 0.00 0.00 0.00 0.00 0.00 0.00 1.64 2.86 4.19 5.00 4.27 4.21 3.71 2.79 1.75 0.49 0.00 0.00 0.00 0.00 0.00
0.00 0.00 0.00 0.00 0.00 0.00 0.00 0.00 0.00 1.82 4.13 5.89 7.04 4.62 4.57 4.09 2.71 1.66 0.41 0.00 0.00 0.00 0.00 0.00
0.00 0.00 0.00 0.00 0.00 0.00 0.00 0.00 0.00 1.05 2.95 4.42 5.40 4.54 4.53 4.03 5.05 3.26 1.10 0.00 0.00 0.00 0.00 0.00
0.00 0.00 0.00 0.00 0.00 0.00 0.00 0.00 0.00 10.61 27.53 43.51 56.24 88.18 91.38 82.89 64.53 40.98 17.32 0.00 0.00 0.00 0.00 0.00
0.00 0.00 0.00 0.00 0.00 0.00 0.00 0.00 0.00 1.67 4.66 7.13 9.22 8.64 8.78 8.00 7.64 4.96 1.74 0.00 0.00 0.00 0.00 0.00
0.00 0.00 0.00 0.00 0.00 0.00 0.00 0.00 0.00 2.70 4.93 7.41 9.38 13.18 13.22 12.18 10.16 6.53 2.14 0.00 0.00 0.00 0.00 0.00
0.00 0.00 0.00 0.00 0.00 0.00 0.00 0.00 0.00 1.24 2.26 3.40 4.30 6.04 6.06 5.58 4.66 2.99 0.98 0.00 0.00 0.00 0.00 0.00
0.00 0.00 0.00 0.00 0.00 0.00 0.00 0.00 0.00 1.94 5.86 8.88 11.46 10.25 10.47 9.51 9.43 6.12 2.13 0.00 0.00 0.00 0.00 0.00
0.00 0.00 0.00 0.00 0.00 0.00 0.00 0.00 0.00 0.93 2.06 3.10 3.94 3.88 3.97 3.59 3.90 2.50 0.80 0.00 0.00 0.00 0.00 0.00
0.00 0.00 0.00 0.00 0.00 0.00 0.00 0.00 0.00 11.96 24.05 37.10 49.16 71.26 72.55 67.62 50.89 34.49 14.08 0.00 0.00 0.00 0.00 0.00
0.00 0.00 0.00 0.00 0.00 0.00 0.00 0.00 0.00 3.40 9.80 15.12 19.59 26.18 25.90 22.79 18.83 12.28 4.18 0.00 0.00 0.00 0.00 0.00
0.00 0.00 0.00 0.00 0.00 0.00 0.00 0.00 0.00 0.64 2.19 3.35 4.39 6.03 6.08 5.34 4.16 2.73 0.95 0.00 0.00 0.00 0.00 0.00
0.00 0.00 0.00 0.00 0.00 0.00 0.00 0.00 0.00 0.50 2.01 3.12 4.05 7.00 7.03 6.32 5.40 3.54 1.27 0.00 0.00 0.00 0.00 0.00
0.00 0.00 0.00 0.00 0.00 0.00 0.00 0.00 0.00 0.80 3.21 4.99 6.47 11.21 11.25 10.12 8.64 5.67 2.03 0.00 0.00 0.00 0.00 0.00
0.00 0.00 0.00 0.00 0.00 0.00 0.00 0.00 0.00 36.25 125.11 197.75 267.74 309.97 319.68 293.80 238.68 154.06 68.49 0.00 0.00 0.00 0.00 0.00
