0.00 0.00 0.00 0.00 0.00 0.00 0.00 0.06 1.01 1.93 3.04 3.99 4.64 5.10 5.26 5.06 4.60 3.80 2.73 1.59 0.70 0.00 0.00 0.00
0.00 0.00 0.00 0.00 0.00 0.00 0.00 3.13 20.10 36.23 54.33 70.37 81.49 89.28 90.90 86.60 74.21 58.72 39.81 17.71 4.77 0.00 0.00 0.00
0.00 0.00 0.00 0.00 0.00 0.00 0.00 1.46 23.05 44.08 69.62 91.13 106.07 116.64 120.17 115.77 105.21 86.94 62.46 36.33 16.12 0.00 0.00 0.00
0.00 0.00 0.00 0.00 0.00 0.00 0.00 5.18 81.92 156.66 247.42 323.88 376.97 414.54 427.09 411.44 373.90 308.99 221.99 129.13 57.27 0.00 0.00 0.00
0.00 0.00 0.00 0.00 0.00 0.00 0.00 1.17 4.06 6.75 8.19 10.28 11.67 13.73 13.75 12.95 12.94 10.11 6.65 2.84 0.62 0.00 0.00 0.00
0.00 0.00 0.00 0.00 0.00 0.00 0.00 0.00 165.93 331.75 526.21 693.27 810.60 899.14 928.71 916.62 858.02 710.41 520.22 306.44 138.16 0.00 0.00 0.00
0.00 0.00 0.00 0.00 0.00 0.00 0.00 0.73 2.59 4.35 6.37 8.01 9.17 9.63 9.61 9.19 8.39 6.76 4.68 2.31 0.80 0.00 0.00 0.00
0.00 0.00 0.00 0.00 0.00 0.00 0.00 0.22 1.21 2.13 3.17 4.12 4.76 5.02 5.06 4.80 4.47 3.61 2.45 1.19 0.34 0.00 0.00 0.00
0.00 0.00 0.00 0.00 0.00 0.00 0.00 0.36 1.93 3.41 5.07 6.60 7.62 8.03 8.10 7.67 7.15 5.77 3.91 1.90 0.55 0.00 0.00 0.00
0.00 0.00 0.00 0.00 0.00 0.00 0.00 0.36 1.93 3.41 5.07 6.60 7.62 8.03 8.10 7.67 7.15 5.77 3.91 1.90 0.55 0.00 0.00 0.00
0.00 0.00 0.00 0.00 0.00 0.00 0.00 0.75 4.55 8.16 12.66 16.80 19.49 21.31 21.49 20.36 18.01 14.30 9.80 5.00 1.67 0.00 0.00 0.00
0.00 0.00 0.00 0.00 0.00 0.00 0.00 0.35 2.13 3.82 5.97 7.86 9.12 10.06 10.21 9.68 8.46 6.73 4.58 2.35 0.78 0.00 0.00 0.00
0.00 0.00 0.00 0.00 0.00 0.00 0.00 0.45 2.74 4.91 7.68 10.10 11.72 12.93 13.13 12.44 10.88 8.65 5.89 3.02 1.00 0.00 0.00 0.00
0.00 0.00 0.00 0.00 0.00 0.00 0.00 0.30 1.83 3.27 5.12 6.74 7.81 8.62 8.75 8.29 7.25 5.77 3.93 2.01 0.67 0.00 0.00 0.00
0.00 0.00 0.00 0.00 0.00 0.00 0.00 0.30 1.83 3.27 5.12 6.74 7.81 8.62 8.75 8.29 7.25 5.77 3.93 2.01 0.67 0.00 0.00 0.00
0.00 0.00 0.00 0.00 0.00 0.00 0.00 0.67 22.16 42.75 67.09 87.02 101.09 113.28 114.92 109.44 100.07 78.12 54.13 26.33 8.19 0.00 0.00 0.00
0.00 0.00 0.00 0.00 0.00 0.00 0.00 2.63 14.23 25.22 38.91 51.20 60.01 64.60 63.95 59.71 53.19 42.32 29.08 14.57 4.82 0.00 0.00 0.00
0.00 0.00 0.00 0.00 0.00 0.00 0.00 2.33 12.63 22.39 32.98 42.91 50.28 54.09 53.62 49.77 45.50 36.42 24.95 13.01 4.55 0.00 0.00 0.00
0.00 0.00 0.00 0.00 0.00 0.00 0.00 0.00 48.94 97.86 155.21 204.49 239.10 265.21 273.94 270.37 253.09 209.54 153.45 90.39 40.75 0.00 0.00 0.00
0.00 0.00 0.00 0.00 0.00 0.00 0.00 0.00 46.55 93.08 147.64 194.51 227.44 252.28 260.57 257.18 240.74 199.32 145.96 85.98 38.77 0.00 0.00 0.00
0.00 0.00 0.00 0.00 0.00 0.00 0.00 0.00 89.53 179.00 283.92 374.07 437.38 485.15 501.10 494.58 462.96 383.31 280.70 165.34 74.55 0.00 0.00 0.00
0.00 0.00 0.00 0.00 0.00 0.00 0.00 0.00 88.04 176.02 279.19 367.83 430.09 477.06 492.75 486.33 455.25 376.92 276.02 162.59 73.31 0.00 0.00 0.00
0.00 0.00 0.00 0.00 0.00 0.00 0.00 8.05 107.18 203.45 318.46 420.65 495.13 534.37 549.73 532.56 486.26 400.95 291.48 167.55 76.79 0.00 0.00 0.00
0.00 0.00 0.00 0.00 0.00 0.00 0.00 0.22 1.21 2.13 3.17 4.12 4.76 5.02 5.06 4.80 4.47 3.61 2.45 1.19 0.34 0.00 0.00 0.00
0.00 0.00 0.00 0.00 0.00 0.00 0.00 1.13 6.11 10.80 16.04 20.89 24.14 25.44 25.65 24.30 22.65 18.28 12.39 6.03 1.73 0.00 0.00 0.00
0.00 0.00 0.00 0.00 0.00 0.00 0.00 5.75 31.20 55.13 81.90 106.64 123.23 129.87 130.96 124.07 115.63 93.32 63.27 30.79 8.84 0.00 0.00 0.00
0.00 0.00 0.00 0.00 0.00 0.00 0.00 0.00 3.34 6.68 10.60 13.97 16.33 18.11 18.71 18.46 17.28 14.31 10.48 6.17 2.78 0.00 0.00 0.00
0.00 0.00 0.00 0.00 0.00 0.00 0.00 5.09 80.64 154.22 243.56 318.83 371.09 408.08 420.43 405.02 368.07 304.17 218.53 127.11 56.38 0.00 0.00 0.00
0.00 0.00 0.00 0.00 0.00 0.00 0.00 0.39 6.16 11.72 18.54 25.33 30.40 33.30 33.34 31.73 28.97 23.48 16.31 9.69 3.71 0.00 0.00 0.00
0.00 0.00 0.00 0.00 0.00 0.00 0.00 8.24 46.17 82.57 127.64 165.79 192.77 203.21 205.84 193.86 177.52 146.15 104.91 58.01 24.75 0.00 0.00 0.00
0.00 0.00 0.00 0.00 0.00 0.00 0.00 0.08 1.34 2.57 4.06 5.31 6.18 6.80 7.01 6.75 6.13 5.07 3.64 2.12 0.94 0.00 0.00 0.00
0.00 0.00 0.00 0.00 0.00 0.00 0.00 3.82 60.48 115.66 182.67 239.12 278.32 306.06 315.32 303.77 276.05 228.13 163.90 95.34 42.29 0.00 0.00 0.00
0.00 0.00 0.00 0.00 0.00 0.00 0.00 4.90 77.62 148.43 234.43 306.87 357.18 392.77 404.67 389.83 354.27 292.76 210.33 122.35 54.27 0.00 0.00 0.00
0.00 0.00 0.00 0.00 0.00 0.00 0.00 10.62 141.34 268.30 419.97 554.73 652.96 704.69 724.95 702.31 641.26 528.75 384.39 220.95 101.27 0.00 0.00 0.00
0.00 0.00 0.00 0.00 0.00 0.00 0.00 0.44 3.23 5.87 9.31 12.20 14.37 15.77 15.86 14.77 13.26 10.63 7.29 3.81 1.27 0.00 0.00 0.00
0.00 0.00 0.00 0.00 0.00 0.00 0.00 0.58 4.05 7.35 11.72 15.40 17.94 19.75 19.87 18.64 16.62 13.29 9.16 4.75 1.59 0.00 0.00 0.00
0.00 0.00 0.00 0.00 0.00 0.00 0.00 1.59 25.41 48.33 76.49 104.47 125.41 137.35 137.51 130.87 119.52 96.87 67.29 39.97 15.29 0.00 0.00 0.00
0.00 0.00 0.00 0.00 0.00 0.00 0.00 9.20 105.36 198.97 303.61 408.64 490.78 434.68 445.62 427.31 478.74 396.22 286.71 173.09 87.46 0.13 0.00 0.00
0.00 0.00 0.00 0.00 0.00 0.00 0.00 0.24 1.17 2.05 3.07 4.03 4.69 5.12 5.08 4.70 4.00 3.18 2.19 1.06 0.34 0.00 0.00 0.00
0.00 0.00 0.00 0.00 0.00 0.00 0.00 2.44 21.69 40.37 62.43 82.16 95.12 101.98 103.74 98.94 91.09 75.32 53.73 30.66 13.41 0.00 0.00 0.00
0.00 0.00 0.00 0.00 0.00 0.00 0.00 0.00 5.38 11.38 18.22 24.70 29.31 32.15 32.92 31.85 29.33 24.30 17.78 10.80 5.03 0.00 0.00 0.00
0.00 0.00 0.00 0.00 0.00 0.00 0.00 0.89 3.00 4.99 7.28 9.22 10.43 11.11 10.96 10.43 9.48 7.52 5.25 2.56 0.86 0.00 0.00 0.00
0.00 0.00 0.00 0.00 0.00 0.00 0.00 0.44 1.50 2.49 3.64 4.61 5.22 5.56 5.48 5.22 4.74 3.76 2.62 1.28 0.43 0.00 0.00 0.00
0.00 0.00 0.00 0.00 0.00 0.00 0.00 0.97 3.28 5.46 7.97 10.09 11.41 12.16 11.99 11.41 10.37 8.22 5.74 2.80 0.94 0.00 0.00 0.00
0.00 0.00 0.00 0.00 0.00 0.00 0.00 1.15 4.00 6.69 9.68 12.28 13.98 14.67 14.40 13.71 12.47 10.03 6.93 3.34 1.11 0.00 0.00 0.00
0.00 0.00 0.00 0.00 0.00 0.00 0.00 1.75 6.10 10.20 14.76 18.71 21.31 22.35 21.95 20.89 19.01 15.29 10.56 5.10 1.70 0.00 0.00 0.00
0.00 0.00 0.00 0.00 0.00 0.00 0.00 1.47 5.32 8.96 13.07 16.30 18.72 19.69 19.71 18.68 17.01 13.51 9.47 4.73 1.64 0.00 0.00 0.00
0.00 0.00 0.00 0.00 0.00 0.00 0.00 0.89 3.89 6.75 10.20 13.40 15.59 16.50 16.47 15.71 14.28 11.52 8.16 4.59 1.90 0.00 0.00 0.00
0.00 0.00 0.00 0.00 0.00 0.00 0.00 2.30 10.05 17.45 26.35 34.62 40.29 42.63 42.54 40.58 36.88 29.77 21.08 11.85 4.90 0.00 0.00 0.00
0.00 0.00 0.00 0.00 0.00 0.00 0.00 0.52 2.61 4.62 7.09 9.21 10.71 11.28 11.18 10.53 9.68 7.80 5.55 3.14 1.29 0.00 0.00 0.00
0.00 0.00 0.00 0.00 0.00 0.00 0.00 1.22 5.27 9.07 13.59 17.60 20.22 21.91 21.78 20.36 16.36 13.22 9.11 4.22 1.30 0.00 0.00 0.00
0.00 0.00 0.00 0.00 0.00 0.00 0.00 2.37 9.45 16.13 23.70 30.32 34.78 36.81 37.16 34.76 31.36 24.80 16.96 7.74 2.53 0.00 0.00 0.00
0.00 0.00 0.00 0.00 0.00 0.00 0.00 0.38 1.30 2.16 2.70 3.37 3.75 3.36 3.34 3.10 3.22 2.54 1.73 0.92 0.21 0.00 0.00 0.00
0.00 0.00 0.00 0.00 0.00 0.00 0.00 1.69 6.84 11.65 15.25 19.39 21.89 20.94 20.69 19.51 19.94 16.07 11.00 5.89 1.50 0.00 0.00 0.00
0.00 0.00 0.00 0.00 0.00 0.00 0.00 1.28 4.77 8.03 10.34 13.00 14.57 13.15 12.88 12.40 13.43 10.73 7.30 3.81 0.92 0.00 0.00 0.00
0.00 0.00 0.00 0.00 0.00 0.00 0.00 1.77 6.59 11.08 14.27 17.95 20.11 18.14 17.77 17.11 18.54 14.81 10.08 5.26 1.27 0.00 0.00 0.00
0.00 0.00 0.00 0.00 0.00 0.00 0.00 1.20 4.49 7.55 9.72 12.22 13.70 12.36 12.11 11.65 12.63 10.09 6.86 3.59 0.86 0.00 0.00 0.00
0.00 0.00 0.00 0.00 0.00 0.00 0.00 0.90 3.65 6.21 8.14 10.34 11.68 11.17 11.03 10.40 10.63 8.57 5.87 3.14 0.80 0.00 0.00 0.00
0.00 0.00 0.00 0.00 0.00 0.00 0.00 1.00 3.55 5.94 7.88 9.89 11.18 12.61 12.70 12.07 11.75 9.26 6.11 2.72 0.60 0.00 0.00 0.00
0.00 0.00 0.00 0.00 0.00 0.00 0.00 0.64 3.46 6.11 9.08 11.82 13.66 14.39 14.51 13.75 12.81 10.34 7.01 3.41 0.98 0.00 0.00 0.00
0.00 0.00 0.00 0.00 0.00 0.00 0.00 0.88 28.85 55.64 87.33 113.26 131.58 147.44 149.58 142.45 130.25 101.67 70.46 34.27 10.66 0.00 0.00 0.00
0.00 0.00 0.00 0.00 0.00 0.00 0.00 0.85 5.16 9.25 14.35 19.04 22.09 24.16 24.36 23.07 20.41 16.21 11.11 5.66 1.90 0.00 0.00 0.00
0.00 0.00 0.00 0.00 0.00 0.00 0.00 1.58 8.01 14.05 20.59 26.83 31.32 35.80 35.52 33.26 27.10 21.30 14.58 7.84 2.47 0.00 0.00 0.00
0.00 0.00 0.00 0.00 0.00 0.00 0.00 0.72 3.67 6.44 9.44 12.30 14.35 16.41 16.28 15.25 12.42 9.76 6.68 3.59 1.13 0.00 0.00 0.00
0.00 0.00 0.00 0.00 0.00 0.00 0.00 1.09 6.49 11.62 17.83 23.63 27.47 29.81 29.99 28.34 25.16 20.00 13.68 6.96 2.33 0.00 0.00 0.00
0.00 0.00 0.00 0.00 0.00 0.00 0.00 0.57 2.84 4.97 7.44 9.78 11.40 12.44 12.35 11.42 9.71 7.73 5.32 2.57 0.83 0.00 0.00 0.00
0.00 0.00 0.00 0.00 0.00 0.00 0.00 1.65 26.30 50.04 79.19 108.16 129.84 142.21 142.37 135.49 123.74 100.29 69.67 41.38 15.83 0.00 0.00 0.00
0.00 0.00 0.00 0.00 0.00 0.00 0.00 1.97 11.04 19.74 30.52 39.65 46.10 48.59 49.22 46.36 42.45 34.95 25.09 13.87 5.92 0.00 0.00 0.00
0.00 0.00 0.00 0.00 0.00 0.00 0.00 0.41 2.49 4.49 6.91 8.96 10.44 11.05 11.13 10.47 9.41 7.64 5.48 3.22 1.36 0.00 0.00 0.00
0.00 0.00 0.00 0.00 0.00 0.00 0.00 0.49 3.21 5.83 8.73 11.32 13.06 13.78 13.77 13.11 12.01 9.89 7.13 4.25 1.76 0.00 0.00 0.00
0.00 0.00 0.00 0.00 0.00 0.00 0.00 0.78 5.13 9.32 13.97 18.11 20.90 22.05 22.03 20.98 19.21 15.83 11.41 6.81 2.81 0.00 0.00 0.00
0.00 0.00 0.00 0.00 0.00 0.00 0.00 0.00 91.02 181.99 288.66 380.30 444.67 493.23 509.45 502.82 470.68 389.70 285.37 168.10 75.79 0.00 0.00 0.00
