0.00 0.00 0.00 0.00 0.00 0.00 0.00 0.00 0.01 0.95 2.04 2.97 3.71 4.02 4.09 3.86 3.19 2.20 1.16 0.00 0.00 0.00 0.00 0.00
0.00 0.00 0.00 0.00 0.00 0.00 0.00 0.00 1.81 6.73 14.45 20.14 23.48 67.79 65.36 58.41 52.74 34.69 16.24 0.00 0.00 0.00 0.00 0.00
0.00 0.00 0.00 0.00 0.00 0.00 0.00 0.00 0.13 21.66 46.72 67.80 84.89 91.83 93.46 88.18 73.02 50.21 26.43 0.00 0.00 0.00 0.00 0.00
0.00 0.00 0.00 0.00 0.00 0.00 0.00 0.00 0.47 76.99 166.05 240.96 301.70 326.37 332.14 313.39 259.52 178.46 93.92 0.00 0.00 0.00 0.00 0.00
0.00 0.00 0.00 0.00 0.00 0.00 0.00 0.00 0.60 1.79 2.12 2.83 3.21 5.77 5.49 4.76 4.83 3.03 1.20 0.00 0.00 0.00 0.00 0.00
0.00 0.00 0.00 0.00 0.00 0.00 0.00 0.00 0.00 166.40 370.78 539.99 681.15 786.71 813.96 774.50 634.37 440.23 240.53 2.40 0.00 0.00 0.00 0.00
0.00 0.00 0.00 0.00 0.00 0.00 0.00 0.00 0.17 0.76 1.26 1.77 2.12 2.33 2.33 2.11 1.72 1.09 0.46 0.00 0.00 0.00 0.00 0.00
0.00 0.00 0.00 0.00 0.00 0.00 0.00 0.00 0.11 0.41 1.62 2.23 2.53 4.31 4.19 3.80 2.63 1.73 0.80 0.00 0.00 0.00 0.00 0.00
0.00 0.00 0.00 0.00 0.00 0.00 0.00 0.00 0.17 0.66 2.59 3.57 4.05 6.90 6.70 6.08 4.22 2.76 1.27 0.00 0.00 0.00 0.00 0.00
0.00 0.00 0.00 0.00 0.00 0.00 0.00 0.00 0.17 0.66 2.59 3.57 4.05 6.90 6.70 6.08 4.22 2.76 1.27 0.00 0.00 0.00 0.00 0.00
0.00 0.00 0.00 0.00 0.00 0.00 0.00 0.00 0.82 3.88 8.68 12.51 14.84 15.17 14.89 13.85 10.93 7.23 3.44 0.00 0.00 0.00 0.00 0.00
0.00 0.00 0.00 0.00 0.00 0.00 0.00 0.00 0.39 1.81 4.16 6.01 7.04 7.19 7.07 6.63 5.08 3.35 1.59 0.00 0.00 0.00 0.00 0.00
0.00 0.00 0.00 0.00 0.00 0.00 0.00 0.00 0.50 2.32 5.35 7.72 9.05 9.24 9.09 8.53 6.53 4.31 2.05 0.00 0.00 0.00 0.00 0.00
0.00 0.00 0.00 0.00 0.00 0.00 0.00 0.00 0.33 1.55 3.57 5.15 6.03 6.16 6.06 5.68 4.36 2.87 1.36 0.00 0.00 0.00 0.00 0.00
0.00 0.00 0.00 0.00 0.00 0.00 0.00 0.00 0.33 1.55 3.57 5.15 6.03 6.16 6.06 5.68 4.36 2.87 1.36 0.00 0.00 0.00 0.00 0.00
0.00 0.00 0.00 0.00 0.00 0.00 0.00 0.00 3.64 17.20 31.29 45.47 54.18 79.64 79.02 72.58 67.53 45.24 23.01 0.00 0.00 0.00 0.00 0.00
0.00 0.00 0.00 0.00 0.00 0.00 0.00 0.00 2.28 10.38 25.24 36.04 42.27 41.62 41.33 37.98 29.65 19.66 9.17 0.00 0.00 0.00 0.00 0.00
0.00 0.00 0.00 0.00 0.00 0.00 0.00 0.00 2.02 10.21 17.01 24.23 29.45 29.55 29.45 27.42 22.18 14.71 6.91 0.00 0.00 0.00 0.00 0.00
0.00 0.00 0.00 0.00 0.00 0.00 0.00 0.00 0.00 49.08 109.37 159.28 200.91 232.05 240.09 228.45 187.12 129.85 70.95 0.71 0.00 0.00 0.00 0.00
0.00 0.00 0.00 0.00 0.00 0.00 0.00 0.00 0.00 46.69 104.03 151.51 191.11 220.73 228.38 217.31 177.99 123.52 67.49 0.67 0.00 0.00 0.00 0.00
0.00 0.00 0.00 0.00 0.00 0.00 0.00 0.00 0.00 89.78 200.06 291.36 367.53 424.48 439.19 417.90 342.29 237.53 129.78 1.29 0.00 0.00 0.00 0.00
0.00 0.00 0.00 0.00 0.00 0.00 0.00 0.00 0.00 88.29 196.73 286.50 361.40 417.41 431.87 410.93 336.58 233.57 127.62 1.27 0.00 0.00 0.00 0.00
0.00 0.00 0.00 0.00 0.00 0.00 0.00 0.00 0.00 96.71 213.02 306.41 389.65 436.67 447.55 418.24 341.50 234.46 123.61 0.00 0.00 0.00 0.00 0.00
0.00 0.00 0.00 0.00 0.00 0.00 0.00 0.00 0.11 0.41 1.62 2.23 2.53 4.31 4.19 3.80 2.63 1.73 0.80 0.00 0.00 0.00 0.00 0.00
0.00 0.00 0.00 0.00 0.00 0.00 0.00 0.00 0.54 2.09 8.20 11.30 12.83 21.84 21.21 19.26 13.35 8.75 4.03 0.00 0.00 0.00 0.00 0.00
0.00 0.00 0.00 0.00 0.00 0.00 0.00 0.00 2.78 10.65 41.86 57.70 65.52 111.49 108.29 98.31 68.15 44.66 20.57 0.00 0.00 0.00 0.00 0.00
0.00 0.00 0.00 0.00 0.00 0.00 0.00 0.00 0.00 3.35 7.47 10.88 13.72 15.85 16.40 15.60 12.78 8.87 4.85 0.05 0.00 0.00 0.00 0.00
0.00 0.00 0.00 0.00 0.00 0.00 0.00 0.00 0.46 75.79 163.46 237.21 297.00 321.29 326.97 308.51 255.47 175.67 92.45 0.00 0.00 0.00 0.00 0.00
0.00 0.00 0.00 0.00 0.00 0.00 0.00 0.00 0.73 5.83 11.62 17.38 22.17 25.57 26.88 25.82 20.75 14.53 7.47 0.00 0.00 0.00 0.00 0.00
0.00 0.00 0.00 0.00 0.00 0.00 0.00 0.00 1.14 14.91 25.80 37.15 44.93 37.89 39.13 35.99 26.50 17.32 8.44 0.00 0.00 0.00 0.00 0.00
0.00 0.00 0.00 0.00 0.00 0.00 0.00 0.00 0.01 1.26 2.72 3.95 4.95 5.35 5.45 5.14 4.26 2.93 1.54 0.00 0.00 0.00 0.00 0.00
0.00 0.00 0.00 0.00 0.00 0.00 0.00 0.00 0.34 56.84 122.60 177.91 222.75 240.97 245.23 231.38 191.60 131.76 69.34 0.00 0.00 0.00 0.00 0.00
0.00 0.00 0.00 0.00 0.00 0.00 0.00 0.00 0.44 72.94 157.33 228.31 285.86 309.24 314.71 296.94 245.89 169.09 88.99 0.00 0.00 0.00 0.00 0.00
0.00 0.00 0.00 0.00 0.00 0.00 0.00 0.00 0.00 127.53 280.93 404.07 513.85 575.86 590.21 551.56 450.35 309.20 163.01 0.00 0.00 0.00 0.00 0.00
0.00 0.00 0.00 0.00 0.00 0.00 0.00 0.00 0.55 2.70 6.53 9.42 11.19 12.17 11.92 10.84 8.31 5.60 2.72 0.00 0.00 0.00 0.00 0.00
0.00 0.00 0.00 0.00 0.00 0.00 0.00 0.00 0.69 3.36 8.25 11.81 14.15 14.88 14.53 13.54 10.18 6.85 3.31 0.00 0.00 0.00 0.00 0.00
0.00 0.00 0.00 0.00 0.00 0.00 0.00 0.00 3.01 24.03 47.93 71.69 91.46 105.48 110.87 106.50 85.60 59.96 30.82 0.00 0.00 0.00 0.00 0.00
0.00 0.00 0.00 0.00 0.00 0.00 0.00 0.00 0.00 89.90 214.21 317.01 402.80 411.82 423.58 392.81 302.06 209.48 111.99 0.00 0.00 0.00 0.00 0.00
0.00 0.00 0.00 0.00 0.00 0.00 0.00 0.00 0.18 0.78 1.95 2.68 3.16 3.01 2.96 2.70 2.12 1.39 0.64 0.00 0.00 0.00 0.00 0.00
0.00 0.00 0.00 0.00 0.00 0.00 0.00 0.00 0.55 16.57 29.34 42.49 52.75 44.18 45.35 41.96 43.66 29.59 15.13 0.00 0.00 0.00 0.00 0.00
0.00 0.00 0.00 0.00 0.00 0.00 0.00 0.00 0.00 6.44 14.78 21.97 27.15 31.03 31.98 29.99 24.50 17.20 9.76 0.39 0.00 0.00 0.00 0.00
0.00 0.00 0.00 0.00 0.00 0.00 0.00 0.00 0.23 0.95 1.41 1.99 2.40 2.59 2.53 2.31 1.84 1.16 0.48 0.00 0.00 0.00 0.00 0.00
0.00 0.00 0.00 0.00 0.00 0.00 0.00 0.00 0.11 0.47 0.70 0.99 1.20 1.30 1.26 1.15 0.92 0.58 0.24 0.00 0.00 0.00 0.00 0.00
0.00 0.00 0.00 0.00 0.00 0.00 0.00 0.00 0.25 1.04 1.54 2.17 2.63 2.84 2.76 2.52 2.01 1.27 0.53 0.00 0.00 0.00 0.00 0.00
0.00 0.00 0.00 0.00 0.00 0.00 0.00 0.00 0.31 1.27 1.99 2.77 3.34 3.66 3.61 3.29 2.69 1.69 0.71 0.00 0.00 0.00 0.00 0.00
0.00 0.00 0.00 0.00 0.00 0.00 0.00 0.00 0.47 1.93 3.03 4.22 5.09 5.58 5.50 5.01 4.11 2.58 1.08 0.00 0.00 0.00 0.00 0.00
0.00 0.00 0.00 0.00 0.00 0.00 0.00 0.00 0.36 1.60 2.70 3.76 4.54 4.95 4.96 4.51 3.58 2.29 0.98 0.00 0.00 0.00 0.00 0.00
0.00 0.00 0.00 0.00 0.00 0.00 0.00 0.00 0.11 0.96 1.67 2.36 2.83 2.66 2.69 2.48 1.97 1.28 0.59 0.00 0.00 0.00 0.00 0.00
0.00 0.00 0.00 0.00 0.00 0.00 0.00 0.00 0.29 2.49 4.30 6.09 7.31 6.86 6.96 6.40 5.09 3.31 1.54 0.00 0.00 0.00 0.00 0.00
0.00 0.00 0.00 0.00 0.00 0.00 0.00 0.00 0.09 0.79 1.51 2.13 2.60 2.34 2.39 2.17 1.54 0.99 0.47 0.00 0.00 0.00 0.00 0.00
0.00 0.00 0.00 0.00 0.00 0.00 0.00 0.00 0.59 2.34 6.62 9.19 10.63 11.92 11.85 10.70 8.18 5.27 2.34 0.00 0.00 0.00 0.00 0.00
0.00 0.00 0.00 0.00 0.00 0.00 0.00 0.00 1.11 4.64 8.24 11.44 13.64 14.49 14.75 13.43 10.02 6.33 2.76 0.00 0.00 0.00 0.00 0.00
0.00 0.00 0.00 0.00 0.00 0.00 0.00 0.00 0.14 0.43 0.55 0.74 0.83 1.67 1.62 1.43 1.67 1.06 0.42 0.00 0.00 0.00 0.00 0.00
0.00 0.00 0.00 0.00 0.00 0.00 0.00 0.00 0.84 2.80 5.37 7.30 8.32 17.40 16.60 14.74 12.88 8.34 3.57 0.00 0.00 0.00 0.00 0.00
0.00 0.00 0.00 0.00 0.00 0.00 0.00 0.00 0.54 1.73 3.00 4.03 4.51 8.86 8.60 7.57 8.15 5.12 2.12 0.00 0.00 0.00 0.00 0.00
0.00 0.00 0.00 0.00 0.00 0.00 0.00 0.00 0.75 2.39 4.14 5.56 6.22 12.23 11.86 10.45 11.25 7.06 2.92 0.00 0.00 0.00 0.00 0.00
0.00 0.00 0.00 0.00 0.00 0.00 0.00 0.00 0.51 1.63 2.82 3.79 4.24 8.33 8.08 7.12 7.66 4.81 1.99 0.00 0.00 0.00 0.00 0.00
0.00 0.00 0.00 0.00 0.00 0.00 0.00 0.00 0.45 1.49 2.87 3.89 4.44 9.28 8.85 7.86 6.87 4.45 1.90 0.00 0.00 0.00 0.00 0.00
0.00 0.00 0.00 0.00 0.00 0.00 0.00 0.00 0.49 1.50 1.80 2.43 2.77 5.45 5.27 4.64 5.13 3.18 1.28 0.00 0.00 0.00 0.00 0.00
0.00 0.00 0.00 0.00 0.00 0.00 0.00 0.00 0.31 1.18 4.64 6.39 7.26 12.36 12.00 10.90 7.55 4.95 2.28 0.00 0.00 0.00 0.00 0.00
0.00 0.00 0.00 0.00 0.00 0.00 0.00 0.00 4.73 22.38 40.72 59.19 70.52 103.66 102.85 94.47 87.90 58.89 29.95 0.00 0.00 0.00 0.00 0.00
0.00 0.00 0.00 0.00 0.00 0.00 0.00 0.00 0.93 4.40 9.84 14.18 16.81 17.19 16.87 15.70 12.38 8.20 3.90 0.00 0.00 0.00 0.00 0.00
0.00 0.00 0.00 0.00 0.00 0.00 0.00 0.00 1.02 4.28 12.55 17.36 20.33 21.73 21.63 19.96 15.00 9.94 4.57 0.00 0.00 0.00 0.00 0.00
0.00 0.00 0.00 0.00 0.00 0.00 0.00 0.00 0.47 1.96 5.75 7.96 9.32 9.96 9.91 9.15 6.87 4.56 2.09 0.00 0.00 0.00 0.00 0.00
0.00 0.00 0.00 0.00 0.00 0.00 0.00 0.00 1.09 5.16 12.04 17.29 20.52 20.87 20.53 19.02 15.01 10.03 4.75 0.00 0.00 0.00 0.00 0.00
0.00 0.00 0.00 0.00 0.00 0.00 0.00 0.00 0.44 1.90 4.72 6.50 7.67 7.32 7.20 6.55 5.15 3.38 1.55 0.00 0.00 0.00 0.00 0.00
0.00 0.00 0.00 0.00 0.00 0.00 0.00 0.00 3.12 24.88 49.62 74.22 94.69 109.21 114.79 110.26 88.63 62.08 31.91 0.00 0.00 0.00 0.00 0.00
0.00 0.00 0.00 0.00 0.00 0.00 0.00 0.00 0.27 3.57 6.17 8.88 10.75 9.06 9.36 8.61 6.34 4.14 2.02 0.00 0.00 0.00 0.00 0.00
0.00 0.00 0.00 0.00 0.00 0.00 0.00 0.00 0.07 0.82 1.60 2.32 2.82 2.63 2.67 2.45 1.81 1.21 0.59 0.00 0.00 0.00 0.00 0.00
0.00 0.00 0.00 0.00 0.00 0.00 0.00 0.00 0.11 1.09 2.72 3.88 4.78 4.45 4.49 4.12 3.18 2.15 1.06 0.00 0.00 0.00 0.00 0.00
0.00 0.00 0.00 0.00 0.00 0.00 0.00 0.00 0.17 1.74 4.35 6.21 7.64 7.12 7.19 6.59 5.09 3.43 1.69 0.00 0.00 0.00 0.00 0.00
0.00 0.00 0.00 0.00 0.00 0.00 0.00 0.00 0.00 91.28 203.40 296.22 373.65 431.56 446.51 424.86 347.99 241.49 131.95 1.32 0.00 0.00 0.00 0.00
