0.00 0.00 0.00 0.00 0.00 0.00 0.00 0.00 0.76 1.75 2.82 3.88 4.66 5.11 5.13 4.90 4.26 3.36 2.26 0.98 0.19 0.00 0.00 0.00
0.00 0.00 0.00 0.00 0.00 0.00 0.00 0.00 14.50 29.23 45.40 61.01 73.48 78.76 78.78 73.76 61.52 47.51 29.93 9.48 0.00 0.00 0.00 0.00
0.00 0.00 0.00 0.00 0.00 0.00 0.00 0.00 17.41 39.99 64.53 88.77 106.51 116.79 117.25 112.02 97.34 76.87 51.70 22.41 4.24 0.00 0.00 0.00
0.00 0.00 0.00 0.00 0.00 0.00 0.00 0.00 61.88 142.12 229.35 315.50 378.52 415.07 416.68 398.12 345.93 273.20 183.72 79.64 15.06 0.00 0.00 0.00
0.00 0.00 0.00 0.00 0.00 0.00 0.00 0.34 3.25 5.91 8.84 11.61 13.23 13.51 13.31 12.49 10.52 7.91 4.79 1.31 0.00 0.00 0.00 0.00
0.00 0.00 0.00 0.00 0.00 0.00 0.00 0.00 125.58 307.87 527.54 727.67 871.78 939.01 950.82 895.84 775.39 616.49 428.09 191.09 41.27 0.00 0.00 0.00
0.00 0.00 0.00 0.00 0.00 0.00 0.00 0.09 2.02 3.83 5.74 7.71 8.86 9.54 9.44 8.88 7.53 5.62 3.55 1.19 0.00 0.00 0.00 0.00
0.00 0.00 0.00 0.00 0.00 0.00 0.00 0.00 0.88 1.74 2.64 3.58 4.21 4.53 4.63 4.35 3.75 2.94 1.86 0.60 0.00 0.00 0.00 0.00
0.00 0.00 0.00 0.00 0.00 0.00 0.00 0.00 1.40 2.78 4.22 5.73 6.73 7.25 7.41 6.96 6.00 4.70 2.97 0.96 0.00 0.00 0.00 0.00
0.00 0.00 0.00 0.00 0.00 0.00 0.00 0.00 1.40 2.78 4.22 5.73 6.73 7.25 7.41 6.96 6.00 4.70 2.97 0.96 0.00 0.00 0.00 0.00
0.00 0.00 0.00 0.00 0.00 0.00 0.00 0.00 3.23 6.59 10.76 14.74 17.78 19.12 19.15 18.37 16.08 12.36 8.04 2.85 0.00 0.00 0.00 0.00
0.00 0.00 0.00 0.00 0.00 0.00 0.00 0.00 1.54 3.15 5.17 6.95 8.32 8.94 8.97 8.65 7.56 5.83 3.69 1.30 0.00 0.00 0.00 0.00
0.00 0.00 0.00 0.00 0.00 0.00 0.00 0.00 1.99 4.05 6.64 8.94 10.69 11.50 11.53 11.12 9.71 7.50 4.74 1.67 0.00 0.00 0.00 0.00
0.00 0.00 0.00 0.00 0.00 0.00 0.00 0.00 1.32 2.70 4.43 5.96 7.13 7.66 7.69 7.41 6.48 5.00 3.16 1.11 0.00 0.00 0.00 0.00
0.00 0.00 0.00 0.00 0.00 0.00 0.00 0.00 1.32 2.70 4.43 5.96 7.13 7.66 7.69 7.41 6.48 5.00 3.16 1.11 0.00 0.00 0.00 0.00
0.00 0.00 0.00 0.00 0.00 0.00 0.00 0.00 14.84 32.57 55.99 77.35 94.53 106.03 109.61 104.85 88.85 68.97 43.60 15.39 0.00 0.00 0.00 0.00
0.00 0.00 0.00 0.00 0.00 0.00 0.00 0.00 10.18 20.53 32.66 45.34 54.66 58.60 57.45 54.41 48.38 37.14 24.19 8.48 0.00 0.00 0.00 0.00
0.00 0.00 0.00 0.00 0.00 0.00 0.00 0.00 8.97 18.23 29.17 38.79 46.58 49.24 49.23 47.04 41.11 31.69 20.56 7.23 0.00 0.00 0.00 0.00
0.00 0.00 0.00 0.00 0.00 0.00 0.00 0.00 37.04 90.81 155.60 214.64 257.14 276.98 280.46 264.24 228.71 181.84 126.27 56.36 12.17 0.00 0.00 0.00
0.00 0.00 0.00 0.00 0.00 0.00 0.00 0.00 35.23 86.38 148.01 204.17 244.60 263.46 266.78 251.35 217.55 172.97 120.11 53.61 11.58 0.00 0.00 0.00
0.00 0.00 0.00 0.00 0.00 0.00 0.00 0.00 67.76 166.12 284.64 392.63 470.39 506.66 513.03 483.36 418.37 332.64 230.99 103.10 22.27 0.00 0.00 0.00
0.00 0.00 0.00 0.00 0.00 0.00 0.00 0.00 66.63 163.35 279.90 386.08 462.55 498.22 504.48 475.31 411.40 327.09 227.14 101.39 21.90 0.00 0.00 0.00
0.00 0.00 0.00 0.00 0.00 0.00 0.00 0.00 84.92 195.64 315.33 425.88 502.04 542.76 542.84 512.92 448.96 353.31 240.48 106.00 22.32 0.00 0.00 0.00
0.00 0.00 0.00 0.00 0.00 0.00 0.00 0.00 0.88 1.74 2.64 3.58 4.21 4.53 4.63 4.35 3.75 2.94 1.86 0.60 0.00 0.00 0.00 0.00
0.00 0.00 0.00 0.00 0.00 0.00 0.00 0.00 4.44 8.81 13.37 18.13 21.32 22.97 23.45 22.03 19.00 14.89 9.41 3.03 0.00 0.00 0.00 0.00
0.00 0.00 0.00 0.00 0.00 0.00 0.00 0.00 22.68 44.97 68.28 92.57 108.82 117.28 119.74 112.44 97.00 76.00 48.03 15.47 0.00 0.00 0.00 0.00
0.00 0.00 0.00 0.00 0.00 0.00 0.00 0.00 2.53 6.20 10.63 14.66 17.56 18.92 19.15 18.05 15.62 12.42 8.62 3.85 0.83 0.00 0.00 0.00
0.00 0.00 0.00 0.00 0.00 0.00 0.00 0.00 60.92 139.91 225.77 310.58 372.62 408.60 410.19 391.92 340.54 268.94 180.86 78.40 14.82 0.00 0.00 0.00
0.00 0.00 0.00 0.00 0.00 0.00 0.00 0.00 4.29 9.52 15.60 21.84 27.46 31.15 31.89 30.38 25.86 20.34 13.92 5.55 0.50 0.00 0.00 0.00
0.00 0.00 0.00 0.00 0.00 0.00 0.00 0.00 36.22 76.08 120.35 164.10 189.47 200.88 199.87 188.46 162.64 126.41 83.69 33.80 4.59 0.00 0.00 0.00
0.00 0.00 0.00 0.00 0.00 0.00 0.00 0.00 1.02 2.33 3.76 5.18 6.21 6.81 6.84 6.53 5.68 4.48 3.01 1.31 0.25 0.00 0.00 0.00
0.00 0.00 0.00 0.00 0.00 0.00 0.00 0.00 45.69 104.93 169.33 232.94 279.46 306.45 307.64 293.94 255.40 201.70 135.64 58.80 11.12 0.00 0.00 0.00
0.00 0.00 0.00 0.00 0.00 0.00 0.00 0.00 58.63 134.66 217.30 298.93 358.65 393.28 394.81 377.22 327.77 258.85 174.08 75.46 14.27 0.00 0.00 0.00
0.00 0.00 0.00 0.00 0.00 0.00 0.00 0.00 111.99 258.00 415.84 561.63 662.06 715.76 715.87 676.41 592.07 465.93 317.13 139.78 29.44 0.00 0.00 0.00
0.00 0.00 0.00 0.00 0.00 0.00 0.00 0.00 2.33 4.83 7.85 10.71 12.76 13.92 14.22 13.52 11.70 9.03 5.83 2.09 0.00 0.00 0.00 0.00
0.00 0.00 0.00 0.00 0.00 0.00 0.00 0.00 2.94 6.07 9.88 13.52 16.12 17.57 17.77 17.01 14.70 11.28 7.31 2.59 0.00 0.00 0.00 0.00
0.00 0.00 0.00 0.00 0.00 0.00 0.00 0.00 17.68 39.27 64.36 90.11 113.29 128.48 131.53 125.30 106.66 83.89 57.40 22.91 2.08 0.00 0.00 0.00
0.00 0.00 0.00 0.00 0.00 0.00 0.00 0.00 77.67 184.33 295.92 391.83 475.68 503.18 504.83 477.38 410.02 332.75 234.12 116.44 33.13 0.00 0.00 0.00
0.00 0.00 0.00 0.00 0.00 0.00 0.00 0.00 0.83 1.66 2.63 3.61 4.33 4.67 4.59 4.24 3.71 2.89 1.87 0.63 0.00 0.00 0.00 0.00
0.00 0.00 0.00 0.00 0.00 0.00 0.00 0.00 16.19 35.86 58.01 78.09 93.37 101.27 102.19 95.71 83.78 66.51 44.20 18.86 3.20 0.00 0.00 0.00
0.00 0.00 0.00 0.00 0.00 0.00 0.00 0.00 4.27 11.43 18.68 26.00 31.31 33.67 33.11 31.30 28.44 23.04 16.02 7.45 1.87 0.00 0.00 0.00
0.00 0.00 0.00 0.00 0.00 0.00 0.00 0.16 2.41 4.51 6.60 8.87 10.31 10.93 10.85 10.08 8.72 6.49 4.06 1.33 0.00 0.00 0.00 0.00
0.00 0.00 0.00 0.00 0.00 0.00 0.00 0.08 1.20 2.26 3.30 4.43 5.15 5.47 5.42 5.04 4.36 3.25 2.03 0.67 0.00 0.00 0.00 0.00
0.00 0.00 0.00 0.00 0.00 0.00 0.00 0.18 2.63 4.93 7.22 9.70 11.28 11.96 11.86 11.02 9.53 7.10 4.44 1.46 0.00 0.00 0.00 0.00
0.00 0.00 0.00 0.00 0.00 0.00 0.00 0.18 3.07 5.78 8.61 11.67 13.69 14.61 14.39 13.41 11.49 8.46 5.34 1.73 0.00 0.00 0.00 0.00
0.00 0.00 0.00 0.00 0.00 0.00 0.00 0.27 4.68 8.81 13.11 17.79 20.86 22.26 21.93 20.44 17.51 12.90 8.13 2.63 0.00 0.00 0.00 0.00
0.00 0.00 0.00 0.00 0.00 0.00 0.00 0.15 4.07 7.76 11.59 15.55 18.10 19.37 19.27 17.88 15.23 11.48 7.28 2.49 0.00 0.00 0.00 0.00
0.00 0.00 0.00 0.00 0.00 0.00 0.00 0.00 3.04 6.12 9.56 12.74 15.16 16.20 15.81 14.80 12.87 10.01 6.48 2.48 0.24 0.00 0.00 0.00
0.00 0.00 0.00 0.00 0.00 0.00 0.00 0.00 7.85 15.81 24.69 32.90 39.16 41.84 40.85 38.22 33.25 25.86 16.74 6.41 0.62 0.00 0.00 0.00
0.00 0.00 0.00 0.00 0.00 0.00 0.00 0.00 1.99 4.08 6.43 8.76 10.39 11.03 10.85 10.21 8.73 6.67 4.33 1.70 0.17 0.00 0.00 0.00
0.00 0.00 0.00 0.00 0.00 0.00 0.00 0.00 3.98 7.73 11.92 15.99 19.07 20.53 20.20 18.75 15.71 12.21 7.78 2.48 0.00 0.00 0.00 0.00
0.00 0.00 0.00 0.00 0.00 0.00 0.00 0.09 7.21 13.88 21.22 28.33 33.30 35.19 34.93 32.89 28.68 21.89 13.55 4.41 0.00 0.00 0.00 0.00
0.00 0.00 0.00 0.00 0.00 0.00 0.00 0.10 0.98 1.80 2.71 3.57 4.10 4.21 4.13 3.94 3.38 2.53 1.56 0.44 0.00 0.00 0.00 0.00
0.00 0.00 0.00 0.00 0.00 0.00 0.00 0.20 5.17 9.77 14.79 19.40 22.76 24.02 23.80 22.37 18.63 14.15 8.89 2.64 0.00 0.00 0.00 0.00
0.00 0.00 0.00 0.00 0.00 0.00 0.00 0.26 3.64 6.76 10.09 13.25 15.18 15.72 15.82 15.04 12.54 9.47 5.85 1.68 0.00 0.00 0.00 0.00
0.00 0.00 0.00 0.00 0.00 0.00 0.00 0.35 5.02 9.33 13.93 18.29 20.94 21.70 21.83 20.75 17.31 13.07 8.07 2.31 0.00 0.00 0.00 0.00
0.00 0.00 0.00 0.00 0.00 0.00 0.00 0.24 3.42 6.35 9.49 12.46 14.26 14.78 14.87 14.14 11.79 8.90 5.50 1.58 0.00 0.00 0.00 0.00
0.00 0.00 0.00 0.00 0.00 0.00 0.00 0.11 2.76 5.21 7.89 10.35 12.14 12.81 12.69 11.93 9.94 7.54 4.74 1.41 0.00 0.00 0.00 0.00
0.00 0.00 0.00 0.00 0.00 0.00 0.00 0.27 2.86 5.25 7.89 10.35 11.70 12.12 11.84 11.08 9.38 7.08 4.32 1.20 0.00 0.00 0.00 0.00
0.00 0.00 0.00 0.00 0.00 0.00 0.00 0.00 2.51 4.98 7.57 10.26 12.06 13.00 13.27 12.46 10.75 8.42 5.32 1.71 0.00 0.00 0.00 0.00
0.00 0.00 0.00 0.00 0.00 0.00 0.00 0.00 19.32 42.39 72.87 100.68 123.04 138.01 142.67 136.47 115.65 89.78 56.76 20.03 0.00 0.00 0.00 0.00
0.00 0.00 0.00 0.00 0.00 0.00 0.00 0.00 3.66 7.47 12.19 16.70 20.15 21.67 21.71 20.82 18.23 14.01 9.11 3.23 0.00 0.00 0.00 0.00
0.00 0.00 0.00 0.00 0.00 0.00 0.00 0.00 5.96 11.83 18.17 24.43 29.32 31.19 30.70 28.93 24.95 19.45 12.63 4.12 0.00 0.00 0.00 0.00
0.00 0.00 0.00 0.00 0.00 0.00 0.00 0.00 2.73 5.42 8.33 11.20 13.44 14.30 14.07 13.26 11.43 8.92 5.79 1.89 0.00 0.00 0.00 0.00
0.00 0.00 0.00 0.00 0.00 0.00 0.00 0.00 4.51 9.20 15.01 20.76 25.09 26.92 26.85 25.65 22.52 17.30 11.39 4.04 0.00 0.00 0.00 0.00
0.00 0.00 0.00 0.00 0.00 0.00 0.00 0.00 2.02 4.02 6.38 8.77 10.51 11.35 11.15 10.31 9.02 7.01 4.53 1.54 0.00 0.00 0.00 0.00
0.00 0.00 0.00 0.00 0.00 0.00 0.00 0.00 18.31 40.66 66.63 93.30 117.30 133.03 136.19 129.73 110.43 86.85 59.43 23.72 2.15 0.00 0.00 0.00
0.00 0.00 0.00 0.00 0.00 0.00 0.00 0.00 8.66 18.19 28.78 39.24 45.31 48.04 47.79 45.07 38.89 30.23 20.01 8.08 1.10 0.00 0.00 0.00
0.00 0.00 0.00 0.00 0.00 0.00 0.00 0.00 1.87 3.96 6.40 8.78 10.27 10.70 10.88 10.20 8.79 6.89 4.59 1.85 0.25 0.00 0.00 0.00
0.00 0.00 0.00 0.00 0.00 0.00 0.00 0.00 2.31 4.90 7.78 10.58 12.65 13.58 13.62 12.82 11.22 8.70 5.75 2.28 0.27 0.00 0.00 0.00
0.00 0.00 0.00 0.00 0.00 0.00 0.00 0.00 3.69 7.84 12.44 16.92 20.24 21.73 21.79 20.51 17.96 13.91 9.20 3.65 0.43 0.00 0.00 0.00
0.00 0.00 0.00 0.00 0.00 0.00 0.00 0.00 68.89 168.88 289.39 399.17 478.23 515.11 521.58 491.42 425.35 338.18 234.84 104.82 22.64 0.00 0.00 0.00
