0.00 0.00 0.00 0.00 0.00 0.00 0.00 0.00 0.43 1.45 2.57 3.66 4.48 4.97 5.03 4.84 4.21 3.30 2.17 0.81 0.04 0.00 0.00 0.00
0.00 0.00 0.00 0.00 0.00 0.00 0.00 0.00 8.86 22.03 36.64 50.48 61.62 73.80 73.92 69.08 56.87 43.56 26.82 6.86 0.00 0.00 0.00 0.00
0.00 0.00 0.00 0.00 0.00 0.00 0.00 0.00 9.88 33.11 58.81 83.77 102.42 113.61 115.11 110.60 96.28 75.36 49.57 18.58 0.94 0.00 0.00 0.00
0.00 0.00 0.00 0.00 0.00 0.00 0.00 0.00 35.12 117.65 209.02 297.72 364.00 403.75 409.10 393.05 342.16 267.83 176.15 66.02 3.32 0.00 0.00 0.00
0.00 0.00 0.00 0.00 0.00 0.00 0.00 0.00 2.01 4.35 5.43 7.32 8.49 12.16 12.04 11.32 9.40 7.01 4.14 0.80 0.00 0.00 0.00 0.00
0.00 0.00 0.00 0.00 0.00 0.00 0.00 0.00 66.35 252.38 476.60 682.23 834.49 916.15 937.34 889.07 766.58 604.51 411.30 162.61 15.31 0.00 0.00 0.00
0.00 0.00 0.00 0.00 0.00 0.00 0.00 0.00 1.06 2.48 4.98 6.89 8.03 8.79 8.74 8.23 6.87 5.07 3.11 0.86 0.00 0.00 0.00 0.00
0.00 0.00 0.00 0.00 0.00 0.00 0.00 0.00 0.52 1.27 2.13 2.96 3.54 4.20 4.30 4.04 3.46 2.68 1.65 0.45 0.00 0.00 0.00 0.00
0.00 0.00 0.00 0.00 0.00 0.00 0.00 0.00 0.83 2.03 3.40 4.74 5.66 6.72 6.88 6.46 5.54 4.29 2.64 0.71 0.00 0.00 0.00 0.00
0.00 0.00 0.00 0.00 0.00 0.00 0.00 0.00 0.83 2.03 3.40 4.74 5.66 6.72 6.88 6.46 5.54 4.29 2.64 0.71 0.00 0.00 0.00 0.00
0.00 0.00 0.00 0.00 0.00 0.00 0.00 0.00 2.05 5.31 9.45 13.29 16.26 17.60 17.70 16.99 15.05 11.49 7.32 2.25 0.00 0.00 0.00 0.00
0.00 0.00 0.00 0.00 0.00 0.00 0.00 0.00 0.98 2.54 4.53 6.26 7.59 8.16 8.21 7.92 7.06 5.41 3.35 1.02 0.00 0.00 0.00 0.00
0.00 0.00 0.00 0.00 0.00 0.00 0.00 0.00 1.27 3.27 5.82 8.05 9.76 10.49 10.56 10.19 9.08 6.96 4.30 1.31 0.00 0.00 0.00 0.00
0.00 0.00 0.00 0.00 0.00 0.00 0.00 0.00 0.84 2.18 3.88 5.36 6.51 6.99 7.04 6.79 6.05 4.64 2.87 0.87 0.00 0.00 0.00 0.00
0.00 0.00 0.00 0.00 0.00 0.00 0.00 0.00 0.84 2.18 3.88 5.36 6.51 6.99 7.04 6.79 6.05 4.64 2.87 0.87 0.00 0.00 0.00 0.00
0.00 0.00 0.00 0.00 0.00 0.00 0.00 0.00 9.59 27.38 50.65 72.02 89.46 100.86 104.63 100.14 84.40 64.97 40.25 13.27 0.00 0.00 0.00 0.00
0.00 0.00 0.00 0.00 0.00 0.00 0.00 0.00 6.50 16.49 28.57 40.72 49.76 54.36 53.51 50.71 44.95 34.27 21.83 6.41 0.00 0.00 0.00 0.00
0.00 0.00 0.00 0.00 0.00 0.00 0.00 0.00 5.66 14.61 25.57 34.95 42.58 45.69 45.92 43.95 38.50 29.49 18.72 5.60 0.00 0.00 0.00 0.00
0.00 0.00 0.00 0.00 0.00 0.00 0.00 0.00 19.57 74.44 140.58 201.23 246.14 270.23 276.48 262.24 226.11 178.31 121.32 47.96 4.51 0.00 0.00 0.00
0.00 0.00 0.00 0.00 0.00 0.00 0.00 0.00 18.62 70.81 133.72 191.42 234.14 257.05 262.99 249.45 215.08 169.61 115.40 45.62 4.29 0.00 0.00 0.00
0.00 0.00 0.00 0.00 0.00 0.00 0.00 0.00 35.80 136.18 257.16 368.11 450.26 494.32 505.76 479.71 413.62 326.17 221.92 87.74 8.26 0.00 0.00 0.00
0.00 0.00 0.00 0.00 0.00 0.00 0.00 0.00 35.20 133.91 252.87 361.98 442.76 486.09 497.33 471.72 406.73 320.74 218.22 86.28 8.12 0.00 0.00 0.00
0.00 0.00 0.00 0.00 0.00 0.00 0.00 0.00 47.53 161.82 284.96 399.45 480.85 525.01 529.87 503.30 442.35 345.14 229.77 88.40 6.41 0.00 0.00 0.00
0.00 0.00 0.00 0.00 0.00 0.00 0.00 0.00 0.52 1.27 2.13 2.96 3.54 4.20 4.30 4.04 3.46 2.68 1.65 0.45 0.00 0.00 0.00 0.00
0.00 0.00 0.00 0.00 0.00 0.00 0.00 0.00 2.62 6.43 10.78 15.01 17.91 21.27 21.79 20.46 17.54 13.60 8.37 2.26 0.00 0.00 0.00 0.00
0.00 0.00 0.00 0.00 0.00 0.00 0.00 0.00 13.39 32.81 55.04 76.64 91.44 108.59 111.23 104.45 89.56 69.43 42.74 11.53 0.00 0.00 0.00 0.00
0.00 0.00 0.00 0.00 0.00 0.00 0.00 0.00 1.34 5.08 9.60 13.74 16.81 18.45 18.88 17.91 15.44 12.18 8.29 3.28 0.31 0.00 0.00 0.00
0.00 0.00 0.00 0.00 0.00 0.00 0.00 0.00 34.57 115.82 205.76 293.08 358.33 397.45 402.72 386.92 336.83 263.66 173.41 64.99 3.27 0.00 0.00 0.00
0.00 0.00 0.00 0.00 0.00 0.00 0.00 0.00 2.58 7.79 13.62 19.62 25.01 29.88 30.77 29.39 25.05 19.57 13.12 4.55 0.00 0.00 0.00 0.00
0.00 0.00 0.00 0.00 0.00 0.00 0.00 0.00 21.86 61.95 106.79 150.88 177.86 189.80 190.44 180.38 154.69 119.04 76.82 26.27 0.00 0.00 0.00 0.00
0.00 0.00 0.00 0.00 0.00 0.00 0.00 0.00 0.58 1.93 3.43 4.88 5.97 6.62 6.71 6.45 5.61 4.39 2.89 1.08 0.05 0.00 0.00 0.00
0.00 0.00 0.00 0.00 0.00 0.00 0.00 0.00 25.93 86.86 154.32 219.81 268.74 298.09 302.04 290.19 252.62 197.75 130.06 48.74 2.45 0.00 0.00 0.00
0.00 0.00 0.00 0.00 0.00 0.00 0.00 0.00 33.27 111.48 198.05 282.08 344.89 382.55 387.62 372.41 324.20 253.77 166.90 62.55 3.15 0.00 0.00 0.00
0.00 0.00 0.00 0.00 0.00 0.00 0.00 0.00 62.69 213.40 375.80 526.78 634.12 692.36 698.77 663.72 583.35 455.15 303.01 116.58 8.45 0.00 0.00 0.00
0.00 0.00 0.00 0.00 0.00 0.00 0.00 0.00 1.47 3.90 6.91 9.70 11.72 12.47 12.79 12.16 11.02 8.44 5.33 1.67 0.00 0.00 0.00 0.00
0.00 0.00 0.00 0.00 0.00 0.00 0.00 0.00 1.86 4.90 8.68 12.20 14.76 15.71 15.95 15.28 13.81 10.52 6.66 2.05 0.00 0.00 0.00 0.00
0.00 0.00 0.00 0.00 0.00 0.00 0.00 0.00 10.64 32.15 56.19 80.91 103.15 123.27 126.94 121.21 103.33 80.71 54.13 18.78 0.00 0.00 0.00 0.00
0.00 0.00 0.00 0.00 0.00 0.00 0.00 0.00 39.44 150.58 266.60 368.03 457.44 493.49 499.98 475.47 429.26 345.03 237.12 100.99 15.61 0.00 0.00 0.00
0.00 0.00 0.00 0.00 0.00 0.00 0.00 0.00 0.49 1.21 2.29 3.23 3.92 4.31 4.25 3.93 3.42 2.64 1.67 0.47 0.00 0.00 0.00 0.00
0.00 0.00 0.00 0.00 0.00 0.00 0.00 0.00 9.48 29.57 52.33 73.07 89.23 97.44 99.17 93.33 81.87 64.42 41.83 15.37 0.25 0.00 0.00 0.00
0.00 0.00 0.00 0.00 0.00 0.00 0.00 0.00 2.01 9.37 17.47 25.31 31.18 34.04 33.70 31.96 28.40 22.84 15.60 6.66 0.97 0.00 0.00 0.00
0.00 0.00 0.00 0.00 0.00 0.00 0.00 0.00 1.18 2.69 5.60 7.74 9.13 10.05 10.01 9.30 7.77 5.72 3.47 0.94 0.00 0.00 0.00 0.00
0.00 0.00 0.00 0.00 0.00 0.00 0.00 0.00 0.59 1.35 2.80 3.87 4.57 5.02 5.01 4.65 3.89 2.86 1.74 0.47 0.00 0.00 0.00 0.00
0.00 0.00 0.00 0.00 0.00 0.00 0.00 0.00 1.29 2.95 6.13 8.46 9.99 10.99 10.95 10.18 8.50 6.26 3.80 1.03 0.00 0.00 0.00 0.00
0.00 0.00 0.00 0.00 0.00 0.00 0.00 0.00 1.73 3.99 7.08 9.87 11.76 13.38 13.24 12.34 10.07 7.33 4.49 1.21 0.00 0.00 0.00 0.00
0.00 0.00 0.00 0.00 0.00 0.00 0.00 0.00 2.64 6.08 10.78 15.04 17.92 20.40 20.18 18.81 15.34 11.17 6.84 1.85 0.00 0.00 0.00 0.00
0.00 0.00 0.00 0.00 0.00 0.00 0.00 0.00 2.30 5.40 10.07 13.90 16.43 17.87 17.86 16.60 13.95 10.39 6.40 1.80 0.00 0.00 0.00 0.00
0.00 0.00 0.00 0.00 0.00 0.00 0.00 0.00 1.87 4.91 8.36 11.54 14.03 15.19 14.94 14.02 12.10 9.31 5.86 1.83 0.00 0.00 0.00 0.00
0.00 0.00 0.00 0.00 0.00 0.00 0.00 0.00 4.82 12.69 21.60 29.82 36.24 39.25 38.60 36.23 31.27 24.05 15.13 4.73 0.00 0.00 0.00 0.00
0.00 0.00 0.00 0.00 0.00 0.00 0.00 0.00 1.22 3.30 5.69 8.02 9.71 10.40 10.31 9.74 8.27 6.25 3.95 1.30 0.00 0.00 0.00 0.00
0.00 0.00 0.00 0.00 0.00 0.00 0.00 0.00 2.21 5.27 10.29 14.16 17.13 18.80 18.56 17.22 14.26 10.99 6.83 1.81 0.00 0.00 0.00 0.00
0.00 0.00 0.00 0.00 0.00 0.00 0.00 0.00 4.54 10.79 18.40 25.21 30.05 32.40 32.27 30.39 26.13 19.75 11.90 3.22 0.00 0.00 0.00 0.00
0.00 0.00 0.00 0.00 0.00 0.00 0.00 0.00 0.51 1.10 1.81 2.45 2.86 3.76 3.70 3.54 2.30 1.71 1.03 0.20 0.00 0.00 0.00 0.00
0.00 0.00 0.00 0.00 0.00 0.00 0.00 0.00 2.67 6.08 10.99 14.80 17.64 21.83 21.72 20.44 15.03 11.30 6.91 1.69 0.00 0.00 0.00 0.00
0.00 0.00 0.00 0.00 0.00 0.00 0.00 0.00 2.15 4.78 7.42 10.00 11.63 14.18 14.34 13.65 10.43 7.81 4.69 1.02 0.00 0.00 0.00 0.00
0.00 0.00 0.00 0.00 0.00 0.00 0.00 0.00 2.97 6.60 10.23 13.80 16.05 19.57 19.79 18.84 14.40 10.78 6.47 1.41 0.00 0.00 0.00 0.00
0.00 0.00 0.00 0.00 0.00 0.00 0.00 0.00 2.02 4.49 6.97 9.40 10.93 13.33 13.48 12.83 9.81 7.34 4.41 0.96 0.00 0.00 0.00 0.00
0.00 0.00 0.00 0.00 0.00 0.00 0.00 0.00 1.42 3.24 5.86 7.89 9.41 11.64 11.58 10.90 8.02 6.03 3.69 0.90 0.00 0.00 0.00 0.00
0.00 0.00 0.00 0.00 0.00 0.00 0.00 0.00 1.83 3.98 5.26 7.09 8.14 10.92 10.73 10.06 8.42 6.30 3.75 0.76 0.00 0.00 0.00 0.00
0.00 0.00 0.00 0.00 0.00 0.00 0.00 0.00 1.48 3.64 6.10 8.49 10.13 12.03 12.33 11.58 9.93 7.69 4.74 1.28 0.00 0.00 0.00 0.00
0.00 0.00 0.00 0.00 0.00 0.00 0.00 0.00 12.49 35.63 65.92 93.74 116.44 131.28 136.19 130.35 109.85 84.57 52.38 17.27 0.00 0.00 0.00 0.00
0.00 0.00 0.00 0.00 0.00 0.00 0.00 0.00 2.32 6.02 10.71 15.06 18.42 19.94 20.06 19.25 17.06 13.02 8.29 2.55 0.00 0.00 0.00 0.00
0.00 0.00 0.00 0.00 0.00 0.00 0.00 0.00 3.35 8.27 15.74 21.74 26.46 28.72 28.37 26.74 22.97 17.77 11.26 3.11 0.00 0.00 0.00 0.00
0.00 0.00 0.00 0.00 0.00 0.00 0.00 0.00 1.53 3.79 7.22 9.96 12.13 13.16 13.00 12.26 10.53 8.15 5.16 1.43 0.00 0.00 0.00 0.00
0.00 0.00 0.00 0.00 0.00 0.00 0.00 0.00 2.86 7.40 13.18 18.72 22.94 24.93 24.98 23.87 21.04 16.07 10.35 3.17 0.00 0.00 0.00 0.00
0.00 0.00 0.00 0.00 0.00 0.00 0.00 0.00 1.18 2.93 5.56 7.84 9.52 10.46 10.32 9.54 8.31 6.41 4.05 1.14 0.00 0.00 0.00 0.00
0.00 0.00 0.00 0.00 0.00 0.00 0.00 0.00 11.02 33.29 58.17 83.77 106.80 127.63 131.43 125.50 106.98 83.57 56.05 19.44 0.00 0.00 0.00 0.00
0.00 0.00 0.00 0.00 0.00 0.00 0.00 0.00 5.23 14.81 25.54 36.08 42.53 45.39 45.54 43.13 36.99 28.47 18.37 6.28 0.00 0.00 0.00 0.00
0.00 0.00 0.00 0.00 0.00 0.00 0.00 0.00 1.13 3.23 5.69 8.08 9.65 10.14 10.39 9.79 8.40 6.52 4.23 1.46 0.00 0.00 0.00 0.00
0.00 0.00 0.00 0.00 0.00 0.00 0.00 0.00 1.38 3.96 6.93 9.75 11.91 12.89 13.04 12.33 10.83 8.32 5.37 1.82 0.00 0.00 0.00 0.00
0.00 0.00 0.00 0.00 0.00 0.00 0.00 0.00 2.22 6.34 11.08 15.61 19.05 20.63 20.86 19.72 17.33 13.30 8.59 2.92 0.00 0.00 0.00 0.00
0.00 0.00 0.00 0.00 0.00 0.00 0.00 0.00 36.40 138.45 261.44 374.25 457.77 502.56 514.19 487.71 420.51 331.61 225.62 89.20 8.40 0.00 0.00 0.00
