0.00 0.00 0.00 0.00 0.00 0.00 0.00 0.25 1.13 1.97 2.93 3.83 4.61 5.11 5.26 4.95 4.38 3.56 2.58 1.56 0.70 0.00 0.00 0.00
0.00 0.00 0.00 0.00 0.00 0.00 0.00 6.09 21.98 37.02 56.01 72.48 84.62 92.03 91.98 85.63 71.66 56.69 37.85 16.76 4.54 0.00 0.00 0.00
0.00 0.00 0.00 0.00 0.00 0.00 0.00 5.69 25.75 45.04 66.92 87.68 105.38 116.92 120.24 113.14 100.16 81.45 58.88 35.61 16.06 0.00 0.00 0.00
0.00 0.00 0.00 0.00 0.00 0.00 0.00 20.22 91.50 160.07 237.84 311.60 374.50 415.54 427.33 402.08 355.95 289.49 209.27 126.57 57.08 0.00 0.00 0.00
0.00 0.00 0.00 0.00 0.00 0.00 0.00 1.51 3.96 6.57 5.90 7.47 8.51 13.50 13.40 12.07 12.23 9.60 6.42 2.43 0.54 0.00 0.00 0.00
0.00 0.00 0.00 0.00 0.00 0.00 0.00 31.34 196.67 355.43 533.67 704.12 844.46 912.25 935.72 890.10 820.97 668.31 474.27 276.04 126.17 0.00 0.00 0.00
0.00 0.00 0.00 0.00 0.00 0.00 0.00 0.98 2.58 4.25 6.11 7.83 9.01 9.55 9.62 8.96 8.10 6.47 4.46 1.74 0.61 0.00 0.00 0.00
0.00 0.00 0.00 0.00 0.00 0.00 0.00 0.42 1.40 2.32 3.28 4.18 4.79 4.81 4.92 4.64 4.12 3.22 2.19 1.14 0.33 0.00 0.00 0.00
0.00 0.00 0.00 0.00 0.00 0.00 0.00 0.67 2.24 3.71 5.25 6.69 7.66 7.70 7.88 7.42 6.59 5.15 3.50 1.82 0.53 0.00 0.00 0.00
0.00 0.00 0.00 0.00 0.00 0.00 0.00 0.67 2.24 3.71 5.25 6.69 7.66 7.70 7.88 7.42 6.59 5.15 3.50 1.82 0.53 0.00 0.00 0.00
0.00 0.00 0.00 0.00 0.00 0.00 0.00 1.33 4.62 7.72 11.72 15.76 18.70 20.39 20.38 19.30 15.27 12.37 8.62 4.87 1.64 0.00 0.00 0.00
0.00 0.00 0.00 0.00 0.00 0.00 0.00 0.64 2.22 3.70 5.52 7.42 8.79 9.49 9.58 9.02 6.79 5.46 3.79 2.25 0.75 0.00 0.00 0.00
0.00 0.00 0.00 0.00 0.00 0.00 0.00 0.82 2.85 4.76 7.10 9.54 11.30 12.21 12.32 11.60 8.74 7.02 4.87 2.89 0.96 0.00 0.00 0.00
0.00 0.00 0.00 0.00 0.00 0.00 0.00 0.55 1.90 3.17 4.74 6.36 7.54 8.14 8.21 7.73 5.82 4.68 3.25 1.93 0.64 0.00 0.00 0.00
0.00 0.00 0.00 0.00 0.00 0.00 0.00 0.55 1.90 3.17 4.74 6.36 7.54 8.14 8.21 7.73 5.82 4.68 3.25 1.93 0.64 0.00 0.00 0.00
0.00 0.00 0.00 0.00 0.00 0.00 0.00 4.61 25.02 44.34 68.36 89.22 101.64 113.19 115.29 109.96 98.03 77.38 52.68 25.31 7.80 0.00 0.00 0.00
0.00 0.00 0.00 0.00 0.00 0.00 0.00 4.46 14.70 24.38 36.61 48.44 57.73 62.96 63.55 59.59 43.66 35.19 24.89 14.00 4.67 0.00 0.00 0.00
0.00 0.00 0.00 0.00 0.00 0.00 0.00 4.00 13.13 21.75 31.41 40.10 47.19 52.19 52.76 50.30 44.23 35.18 24.35 12.38 4.38 0.00 0.00 0.00
0.00 0.00 0.00 0.00 0.00 0.00 0.00 9.24 58.01 104.84 157.41 207.69 249.09 269.08 276.00 262.55 242.16 197.13 139.89 81.42 37.21 0.00 0.00 0.00
0.00 0.00 0.00 0.00 0.00 0.00 0.00 8.79 55.18 99.73 149.73 197.56 236.93 255.95 262.54 249.74 230.34 187.51 133.07 77.45 35.40 0.00 0.00 0.00
0.00 0.00 0.00 0.00 0.00 0.00 0.00 16.91 106.12 191.78 287.95 379.92 455.64 492.22 504.88 480.27 442.97 360.60 255.90 148.94 68.07 0.00 0.00 0.00
0.00 0.00 0.00 0.00 0.00 0.00 0.00 16.63 104.35 188.58 283.15 373.59 448.05 484.02 496.47 472.27 435.58 354.59 251.64 146.46 66.94 0.00 0.00 0.00
0.00 0.00 0.00 0.00 0.00 0.00 0.00 28.77 124.20 215.82 311.88 410.13 493.62 531.35 542.70 532.66 480.75 388.84 282.52 166.81 77.76 0.00 0.00 0.00
0.00 0.00 0.00 0.00 0.00 0.00 0.00 0.42 1.40 2.32 3.28 4.18 4.79 4.81 4.92 4.64 4.12 3.22 2.19 1.14 0.33 0.00 0.00 0.00
0.00 0.00 0.00 0.00 0.00 0.00 0.00 2.13 7.09 11.73 16.62 21.17 24.26 24.37 24.95 23.50 20.88 16.30 11.08 5.77 1.67 0.00 0.00 0.00
0.00 0.00 0.00 0.00 0.00 0.00 0.00 10.89 36.18 59.91 84.84 108.08 123.87 124.41 127.36 120.00 106.58 83.20 56.56 29.43 8.54 0.00 0.00 0.00
0.00 0.00 0.00 0.00 0.00 0.00 0.00 0.63 3.96 7.16 10.75 14.18 17.01 18.38 18.85 17.93 16.54 13.46 9.55 5.56 2.54 0.00 0.00 0.00
0.00 0.00 0.00 0.00 0.00 0.00 0.00 19.90 90.08 157.57 234.13 306.75 368.66 409.07 420.67 395.81 350.41 284.97 206.01 124.60 56.19 0.00 0.00 0.00
0.00 0.00 0.00 0.00 0.00 0.00 0.00 1.24 5.80 10.16 15.42 21.39 27.06 30.91 31.73 30.67 28.03 22.60 15.79 9.11 3.50 0.00 0.00 0.00
0.00 0.00 0.00 0.00 0.00 0.00 0.00 15.14 49.58 82.47 121.77 155.29 180.77 199.23 207.62 196.89 172.02 140.43 100.70 58.72 25.52 0.00 0.00 0.00
0.00 0.00 0.00 0.00 0.00 0.00 0.00 0.33 1.50 2.63 3.90 5.11 6.14 6.82 7.01 6.60 5.84 4.75 3.43 2.08 0.94 0.00 0.00 0.00
0.00 0.00 0.00 0.00 0.00 0.00 0.00 14.93 67.56 118.18 175.60 230.06 276.50 306.80 315.50 296.86 262.80 213.73 154.51 93.45 42.14 0.00 0.00 0.00
0.00 0.00 0.00 0.00 0.00 0.00 0.00 19.16 86.70 151.66 225.35 295.24 354.84 393.73 404.90 380.97 337.27 274.29 198.28 119.92 54.08 0.00 0.00 0.00
0.00 0.00 0.00 0.00 0.00 0.00 0.00 37.95 163.78 284.61 411.29 540.85 650.96 700.72 715.69 702.45 633.99 512.78 372.57 219.98 102.55 0.00 0.00 0.00
0.00 0.00 0.00 0.00 0.00 0.00 0.00 0.91 3.41 5.76 8.74 11.51 13.64 15.64 15.73 14.91 11.88 9.36 6.53 3.66 1.23 0.00 0.00 0.00
0.00 0.00 0.00 0.00 0.00 0.00 0.00 1.17 4.33 7.30 10.87 14.22 16.97 19.47 19.68 18.73 14.48 11.36 8.04 4.59 1.54 0.00 0.00 0.00
0.00 0.00 0.00 0.00 0.00 0.00 0.00 5.12 23.92 41.90 63.62 88.24 111.64 127.52 130.89 126.51 115.63 93.25 65.15 37.58 14.45 0.00 0.00 0.00
0.00 0.00 0.00 0.00 0.00 0.00 0.00 31.76 129.23 223.84 324.33 420.86 501.27 517.00 527.87 495.12 454.84 369.51 272.01 154.06 79.05 3.28 0.00 0.00
0.00 0.00 0.00 0.00 0.00 0.00 0.00 0.38 1.21 1.98 2.99 3.91 4.58 4.83 4.85 4.59 3.14 2.52 1.78 0.94 0.31 0.00 0.00 0.00
0.00 0.00 0.00 0.00 0.00 0.00 0.00 6.24 24.32 41.65 61.11 78.43 92.91 101.67 102.50 96.44 85.46 69.58 51.23 30.15 13.45 0.00 0.00 0.00
0.00 0.00 0.00 0.00 0.00 0.00 0.00 0.54 6.83 12.93 19.27 25.76 31.04 33.64 34.16 31.43 28.66 22.95 16.48 9.88 4.64 0.00 0.00 0.00
0.00 0.00 0.00 0.00 0.00 0.00 0.00 1.21 3.08 5.07 7.11 9.03 10.37 11.14 11.11 10.42 9.49 7.49 5.12 1.81 0.62 0.00 0.00 0.00
0.00 0.00 0.00 0.00 0.00 0.00 0.00 0.60 1.54 2.54 3.55 4.52 5.19 5.57 5.55 5.21 4.75 3.74 2.56 0.90 0.31 0.00 0.00 0.00
0.00 0.00 0.00 0.00 0.00 0.00 0.00 1.32 3.37 5.55 7.77 9.88 11.34 12.18 12.15 11.40 10.38 8.19 5.60 1.98 0.68 0.00 0.00 0.00
0.00 0.00 0.00 0.00 0.00 0.00 0.00 1.56 4.06 6.68 9.45 11.86 13.67 14.71 14.72 13.79 12.34 9.67 6.70 2.65 0.90 0.00 0.00 0.00
0.00 0.00 0.00 0.00 0.00 0.00 0.00 2.38 6.19 10.18 14.40 18.07 20.83 22.42 22.44 21.02 18.80 14.73 10.20 4.04 1.37 0.00 0.00 0.00
0.00 0.00 0.00 0.00 0.00 0.00 0.00 1.97 5.23 8.59 12.34 15.95 18.14 19.41 19.43 18.20 16.51 13.25 9.05 3.46 1.22 0.00 0.00 0.00
0.00 0.00 0.00 0.00 0.00 0.00 0.00 1.41 4.12 6.71 9.96 12.50 14.45 15.29 15.88 15.47 13.86 11.04 7.81 3.86 1.62 0.00 0.00 0.00
0.00 0.00 0.00 0.00 0.00 0.00 0.00 3.65 10.65 17.33 25.72 32.30 37.32 39.49 41.03 39.97 35.81 28.52 20.18 9.98 4.19 0.00 0.00 0.00
0.00 0.00 0.00 0.00 0.00 0.00 0.00 0.88 2.75 4.53 6.61 8.42 9.82 10.74 10.93 10.50 9.46 7.63 5.35 2.91 1.22 0.00 0.00 0.00
0.00 0.00 0.00 0.00 0.00 0.00 0.00 1.87 5.51 9.00 12.90 17.15 19.98 20.67 20.99 19.47 13.33 10.61 7.41 4.19 1.31 0.00 0.00 0.00
0.00 0.00 0.00 0.00 0.00 0.00 0.00 3.49 9.83 15.99 22.46 28.90 34.39 37.44 38.14 35.78 30.35 24.00 16.35 7.25 2.41 0.00 0.00 0.00
0.00 0.00 0.00 0.00 0.00 0.00 0.00 0.53 1.37 2.19 2.21 2.80 3.14 3.95 3.87 3.60 3.38 2.65 1.76 0.82 0.20 0.00 0.00 0.00
0.00 0.00 0.00 0.00 0.00 0.00 0.00 2.52 7.21 11.82 16.14 20.05 22.56 24.17 24.40 22.62 23.23 17.91 11.83 4.81 1.25 0.00 0.00 0.00
0.00 0.00 0.00 0.00 0.00 0.00 0.00 1.84 5.03 8.22 9.01 11.31 12.42 14.30 13.98 13.16 15.28 11.81 7.91 3.00 0.74 0.00 0.00 0.00
0.00 0.00 0.00 0.00 0.00 0.00 0.00 2.53 6.94 11.34 12.43 15.60 17.14 19.73 19.30 18.17 21.08 16.30 10.91 4.15 1.02 0.00 0.00 0.00
0.00 0.00 0.00 0.00 0.00 0.00 0.00 1.73 4.73 7.72 8.47 10.63 11.67 13.44 13.15 12.37 14.36 11.10 7.43 2.82 0.70 0.00 0.00 0.00
0.00 0.00 0.00 0.00 0.00 0.00 0.00 1.34 3.85 6.30 8.61 10.69 12.03 12.89 13.01 12.06 12.39 9.55 6.31 2.56 0.67 0.00 0.00 0.00
0.00 0.00 0.00 0.00 0.00 0.00 0.00 1.32 3.54 5.81 5.50 6.89 7.74 11.01 11.01 10.15 10.88 8.55 5.87 2.25 0.51 0.00 0.00 0.00
0.00 0.00 0.00 0.00 0.00 0.00 0.00 1.21 4.01 6.64 9.40 11.98 13.73 13.79 14.11 13.30 11.81 9.22 6.27 3.26 0.95 0.00 0.00 0.00
0.00 0.00 0.00 0.00 0.00 0.00 0.00 6.00 32.57 57.71 88.97 116.13 132.30 147.32 150.06 143.12 127.59 100.72 68.57 32.94 10.15 0.00 0.00 0.00
0.00 0.00 0.00 0.00 0.00 0.00 0.00 1.51 5.23 8.75 13.28 17.86 21.19 23.11 23.09 21.88 17.31 14.02 9.77 5.51 1.86 0.00 0.00 0.00
0.00 0.00 0.00 0.00 0.00 0.00 0.00 2.57 8.22 13.49 20.37 26.81 32.03 30.33 30.94 28.91 19.21 15.39 10.75 6.65 2.11 0.00 0.00 0.00
0.00 0.00 0.00 0.00 0.00 0.00 0.00 1.18 3.77 6.18 9.34 12.29 14.68 13.90 14.18 13.25 8.80 7.05 4.93 3.05 0.97 0.00 0.00 0.00
0.00 0.00 0.00 0.00 0.00 0.00 0.00 1.89 6.50 10.87 16.53 22.14 26.34 28.83 28.63 27.10 21.73 17.52 12.35 6.84 2.31 0.00 0.00 0.00
0.00 0.00 0.00 0.00 0.00 0.00 0.00 0.93 2.93 4.82 7.26 9.49 11.13 11.74 11.78 11.15 7.63 6.13 4.32 2.28 0.75 0.00 0.00 0.00
0.00 0.00 0.00 0.00 0.00 0.00 0.00 5.30 24.76 43.38 65.87 91.35 115.59 132.03 135.52 130.98 119.72 96.54 67.46 38.91 14.96 0.00 0.00 0.00
0.00 0.00 0.00 0.00 0.00 0.00 0.00 3.62 11.86 19.72 29.12 37.13 43.23 47.64 49.65 47.08 41.14 33.58 24.08 14.04 6.10 0.00 0.00 0.00
0.00 0.00 0.00 0.00 0.00 0.00 0.00 0.78 2.64 4.42 6.62 8.42 9.90 10.61 10.76 10.22 9.24 7.49 5.31 3.25 1.40 0.00 0.00 0.00
0.00 0.00 0.00 0.00 0.00 0.00 0.00 0.91 3.21 5.41 7.92 10.13 11.86 13.13 13.50 13.08 11.93 9.44 6.71 4.06 1.70 0.00 0.00 0.00
0.00 0.00 0.00 0.00 0.00 0.00 0.00 1.46 5.14 8.66 12.68 16.21 18.98 21.01 21.60 20.94 19.09 15.10 10.74 6.50 2.72 0.00 0.00 0.00
0.00 0.00 0.00 0.00 0.00 0.00 0.00 17.19 107.88 194.98 292.75 386.25 463.24 500.42 513.30 488.28 450.35 366.61 260.17 151.42 69.21 0.00 0.00 0.00
