0.00 0.00 0.00 0.00 0.00 0.00 0.00 0.00 0.00 0.67 1.67 2.44 3.14 3.54 3.61 3.27 2.56 1.75 0.81 0.00 0.00 0.00 0.00 0.00
0.00 0.00 0.00 0.00 0.00 0.00 0.00 0.00 1.46 9.70 20.84 29.46 35.75 38.06 36.84 32.99 28.41 18.85 7.57 0.00 0.00 0.00 0.00 0.00
0.00 0.00 0.00 0.00 0.00 0.00 0.00 0.00 0.00 15.24 38.21 55.91 71.75 81.06 82.54 74.86 58.52 39.99 18.54 0.00 0.00 0.00 0.00 0.00
0.00 0.00 0.00 0.00 0.00 0.00 0.00 0.00 0.00 54.16 135.78 198.69 255.00 288.07 293.33 266.06 207.97 142.12 65.90 0.00 0.00 0.00 0.00 0.00
0.00 0.00 0.00 0.00 0.00 0.00 0.00 0.00 0.79 3.49 6.52 9.04 10.44 10.75 10.39 9.22 7.00 4.42 1.36 0.00 0.00 0.00 0.00 0.00
0.00 0.00 0.00 0.00 0.00 0.00 0.00 0.00 0.00 118.64 306.78 452.42 594.60 677.59 693.56 636.52 483.62 319.22 156.22 0.00 0.00 0.00 0.00 0.00
0.00 0.00 0.00 0.00 0.00 0.00 0.00 0.00 0.09 1.53 3.19 4.75 5.71 6.05 5.97 5.25 3.95 2.54 0.84 0.00 0.00 0.00 0.00 0.00
0.00 0.00 0.00 0.00 0.00 0.00 0.00 0.00 0.10 0.79 1.63 2.34 2.79 3.14 3.11 2.76 2.09 1.38 0.54 0.00 0.00 0.00 0.00 0.00
0.00 0.00 0.00 0.00 0.00 0.00 0.00 0.00 0.17 1.26 2.60 3.74 4.47 5.02 4.98 4.41 3.35 2.21 0.86 0.00 0.00 0.00 0.00 0.00
0.00 0.00 0.00 0.00 0.00 0.00 0.00 0.00 0.17 1.26 2.60 3.74 4.47 5.02 4.98 4.41 3.35 2.21 0.86 0.00 0.00 0.00 0.00 0.00
0.00 0.00 0.00 0.00 0.00 0.00 0.00 0.00 0.15 2.64 6.51 9.47 11.96 13.66 13.78 12.54 9.57 6.41 2.61 0.00 0.00 0.00 0.00 0.00
0.00 0.00 0.00 0.00 0.00 0.00 0.00 0.00 0.08 1.23 3.09 4.54 5.78 6.42 6.44 5.86 4.41 2.95 1.20 0.00 0.00 0.00 0.00 0.00
0.00 0.00 0.00 0.00 0.00 0.00 0.00 0.00 0.10 1.58 3.97 5.83 7.43 8.25 8.28 7.53 5.67 3.79 1.54 0.00 0.00 0.00 0.00 0.00
0.00 0.00 0.00 0.00 0.00 0.00 0.00 0.00 0.07 1.06 2.65 3.89 4.95 5.50 5.52 5.02 3.78 2.53 1.03 0.00 0.00 0.00 0.00 0.00
0.00 0.00 0.00 0.00 0.00 0.00 0.00 0.00 0.07 1.06 2.65 3.89 4.95 5.50 5.52 5.02 3.78 2.53 1.03 0.00 0.00 0.00 0.00 0.00
0.00 0.00 0.00 0.00 0.00 0.00 0.00 0.00 0.57 7.14 12.61 19.21 24.49 25.97 26.90 24.51 23.73 15.25 6.94 0.00 0.00 0.00 0.00 0.00
0.00 0.00 0.00 0.00 0.00 0.00 0.00 0.00 0.61 9.21 20.05 28.57 36.49 41.76 42.70 38.58 29.28 19.53 7.72 0.00 0.00 0.00 0.00 0.00
0.00 0.00 0.00 0.00 0.00 0.00 0.00 0.00 0.24 7.81 16.70 23.82 30.52 34.63 34.01 30.66 23.89 16.02 6.38 0.00 0.00 0.00 0.00 0.00
0.00 0.00 0.00 0.00 0.00 0.00 0.00 0.00 0.00 35.00 90.49 133.45 175.39 199.87 204.58 187.75 142.65 94.16 46.08 0.00 0.00 0.00 0.00 0.00
0.00 0.00 0.00 0.00 0.00 0.00 0.00 0.00 0.00 33.29 86.08 126.94 166.83 190.12 194.60 178.59 135.69 89.56 43.83 0.00 0.00 0.00 0.00 0.00
0.00 0.00 0.00 0.00 0.00 0.00 0.00 0.00 0.00 64.02 165.53 244.11 320.83 365.61 374.23 343.44 260.95 172.24 84.29 0.00 0.00 0.00 0.00 0.00
0.00 0.00 0.00 0.00 0.00 0.00 0.00 0.00 0.00 62.95 162.77 240.04 315.48 359.51 367.99 337.72 256.60 169.37 82.89 0.00 0.00 0.00 0.00 0.00
0.00 0.00 0.00 0.00 0.00 0.00 0.00 0.00 0.00 67.59 174.96 253.55 330.99 379.00 384.22 348.46 275.44 188.29 86.95 0.00 0.00 0.00 0.00 0.00
0.00 0.00 0.00 0.00 0.00 0.00 0.00 0.00 0.10 0.79 1.63 2.34 2.79 3.14 3.11 2.76 2.09 1.38 0.54 0.00 0.00 0.00 0.00 0.00
0.00 0.00 0.00 0.00 0.00 0.00 0.00 0.00 0.53 4.00 8.25 11.83 14.15 15.90 15.76 13.98 10.60 7.01 2.73 0.00 0.00 0.00 0.00 0.00
0.00 0.00 0.00 0.00 0.00 0.00 0.00 0.00 2.71 20.40 42.10 60.41 72.22 81.17 80.46 71.36 54.09 35.78 13.94 0.00 0.00 0.00 0.00 0.00
0.00 0.00 0.00 0.00 0.00 0.00 0.00 0.00 0.00 2.39 6.18 9.11 11.98 13.65 13.97 12.82 9.74 6.43 3.15 0.00 0.00 0.00 0.00 0.00
0.00 0.00 0.00 0.00 0.00 0.00 0.00 0.00 0.00 53.31 133.67 195.59 251.03 283.58 288.76 261.91 204.73 139.91 64.87 0.00 0.00 0.00 0.00 0.00
0.00 0.00 0.00 0.00 0.00 0.00 0.00 0.00 0.00 3.46 8.66 12.64 16.32 20.24 20.50 19.10 15.51 10.79 4.91 0.00 0.00 0.00 0.00 0.00
0.00 0.00 0.00 0.00 0.00 0.00 0.00 0.00 0.00 28.04 66.90 96.38 121.09 136.08 134.40 118.87 90.99 61.72 25.45 0.00 0.00 0.00 0.00 0.00
0.00 0.00 0.00 0.00 0.00 0.00 0.00 0.00 0.00 0.89 2.23 3.26 4.18 4.73 4.81 4.37 3.41 2.33 1.08 0.00 0.00 0.00 0.00 0.00
0.00 0.00 0.00 0.00 0.00 0.00 0.00 0.00 0.00 39.98 100.25 146.69 188.27 212.69 216.57 196.43 153.55 104.93 48.66 0.00 0.00 0.00 0.00 0.00
0.00 0.00 0.00 0.00 0.00 0.00 0.00 0.00 0.00 51.31 128.65 188.25 241.61 272.95 277.93 252.09 197.05 134.66 62.44 0.00 0.00 0.00 0.00 0.00
0.00 0.00 0.00 0.00 0.00 0.00 0.00 0.00 0.00 89.14 230.73 334.37 436.50 499.81 506.69 459.53 363.24 248.31 114.67 0.00 0.00 0.00 0.00 0.00
0.00 0.00 0.00 0.00 0.00 0.00 0.00 0.00 0.09 1.72 4.54 6.78 8.60 8.89 9.01 8.16 5.90 3.94 1.65 0.00 0.00 0.00 0.00 0.00
0.00 0.00 0.00 0.00 0.00 0.00 0.00 0.00 0.13 2.31 5.63 8.42 10.75 11.56 11.67 10.60 7.74 5.17 2.15 0.00 0.00 0.00 0.00 0.00
0.00 0.00 0.00 0.00 0.00 0.00 0.00 0.00 0.00 14.26 35.73 52.13 67.33 83.50 84.55 78.79 63.97 44.50 20.25 0.00 0.00 0.00 0.00 0.00
0.00 0.00 0.00 0.00 0.00 0.00 0.00 0.00 0.00 53.72 162.88 240.73 319.15 362.65 374.19 338.79 263.42 184.28 86.01 0.00 0.00 0.00 0.00 0.00
0.00 0.00 0.00 0.00 0.00 0.00 0.00 0.00 0.07 0.80 1.64 2.35 2.91 3.23 3.28 2.97 2.28 1.52 0.58 0.00 0.00 0.00 0.00 0.00
0.00 0.00 0.00 0.00 0.00 0.00 0.00 0.00 0.00 13.18 32.61 47.44 60.89 69.47 70.62 63.11 49.36 33.66 14.96 0.00 0.00 0.00 0.00 0.00
0.00 0.00 0.00 0.00 0.00 0.00 0.00 0.00 0.00 4.17 11.26 16.69 21.51 24.22 25.13 22.93 17.77 11.82 6.13 0.00 0.00 0.00 0.00 0.00
0.00 0.00 0.00 0.00 0.00 0.00 0.00 0.00 0.14 1.86 3.85 5.47 6.62 7.07 6.91 6.18 4.61 2.94 0.93 0.00 0.00 0.00 0.00 0.00
0.00 0.00 0.00 0.00 0.00 0.00 0.00 0.00 0.07 0.93 1.92 2.73 3.31 3.54 3.46 3.09 2.31 1.47 0.46 0.00 0.00 0.00 0.00 0.00
0.00 0.00 0.00 0.00 0.00 0.00 0.00 0.00 0.15 2.03 4.21 5.98 7.24 7.74 7.56 6.76 5.05 3.22 1.01 0.00 0.00 0.00 0.00 0.00
0.00 0.00 0.00 0.00 0.00 0.00 0.00 0.00 0.20 2.43 4.98 7.06 8.61 9.09 9.03 8.07 6.03 3.87 1.25 0.00 0.00 0.00 0.00 0.00
0.00 0.00 0.00 0.00 0.00 0.00 0.00 0.00 0.30 3.70 7.59 10.76 13.12 13.86 13.76 12.30 9.19 5.89 1.91 0.00 0.00 0.00 0.00 0.00
0.00 0.00 0.00 0.00 0.00 0.00 0.00 0.00 0.17 3.09 6.50 9.50 11.59 12.31 12.16 10.60 7.95 5.13 1.72 0.00 0.00 0.00 0.00 0.00
0.00 0.00 0.00 0.00 0.00 0.00 0.00 0.00 0.00 2.38 5.49 7.84 9.75 10.65 10.55 9.24 6.95 4.63 1.76 0.00 0.00 0.00 0.00 0.00
0.00 0.00 0.00 0.00 0.00 0.00 0.00 0.00 0.00 6.15 14.17 20.24 25.20 27.53 27.24 23.87 17.96 11.95 4.54 0.00 0.00 0.00 0.00 0.00
0.00 0.00 0.00 0.00 0.00 0.00 0.00 0.00 0.00 1.56 3.64 5.22 6.52 7.22 7.18 6.31 4.85 3.26 1.30 0.00 0.00 0.00 0.00 0.00
0.00 0.00 0.00 0.00 0.00 0.00 0.00 0.00 0.40 3.66 7.35 10.55 13.25 14.14 14.15 12.67 9.78 6.41 2.34 0.00 0.00 0.00 0.00 0.00
0.00 0.00 0.00 0.00 0.00 0.00 0.00 0.00 0.49 5.92 12.09 17.24 20.92 22.44 22.86 20.95 15.80 10.31 3.63 0.00 0.00 0.00 0.00 0.00
0.00 0.00 0.00 0.00 0.00 0.00 0.00 0.00 0.21 1.00 1.87 2.56 3.02 3.21 3.17 2.78 2.15 1.36 0.42 0.00 0.00 0.00 0.00 0.00
0.00 0.00 0.00 0.00 0.00 0.00 0.00 0.00 1.03 5.69 10.96 15.37 17.93 18.68 18.26 16.02 12.15 7.85 2.72 0.00 0.00 0.00 0.00 0.00
0.00 0.00 0.00 0.00 0.00 0.00 0.00 0.00 0.77 3.86 7.32 10.35 11.96 12.81 12.31 10.79 8.10 5.18 1.70 0.00 0.00 0.00 0.00 0.00
0.00 0.00 0.00 0.00 0.00 0.00 0.00 0.00 1.06 5.32 10.11 14.29 16.50 17.68 16.98 14.89 11.17 7.14 2.35 0.00 0.00 0.00 0.00 0.00
0.00 0.00 0.00 0.00 0.00 0.00 0.00 0.00 0.72 3.62 6.88 9.73 11.24 12.04 11.57 10.14 7.61 4.86 1.60 0.00 0.00 0.00 0.00 0.00
0.00 0.00 0.00 0.00 0.00 0.00 0.00 0.00 0.55 3.03 5.84 8.20 9.56 9.96 9.74 8.54 6.48 4.19 1.45 0.00 0.00 0.00 0.00 0.00
0.00 0.00 0.00 0.00 0.00 0.00 0.00 0.00 0.68 3.09 5.79 7.91 9.25 9.57 9.38 8.35 6.22 3.95 1.25 0.00 0.00 0.00 0.00 0.00
0.00 0.00 0.00 0.00 0.00 0.00 0.00 0.00 0.30 2.26 4.67 6.69 8.00 9.00 8.92 7.91 5.99 3.96 1.54 0.00 0.00 0.00 0.00 0.00
0.00 0.00 0.00 0.00 0.00 0.00 0.00 0.00 0.74 9.30 16.42 25.01 31.88 33.81 35.02 31.90 30.89 19.85 9.03 0.00 0.00 0.00 0.00 0.00
0.00 0.00 0.00 0.00 0.00 0.00 0.00 0.00 0.17 2.99 7.38 10.73 13.55 15.48 15.62 14.21 10.85 7.27 2.95 0.00 0.00 0.00 0.00 0.00
0.00 0.00 0.00 0.00 0.00 0.00 0.00 0.00 0.57 5.98 12.12 17.34 21.44 23.12 23.01 21.18 16.51 10.96 4.24 0.00 0.00 0.00 0.00 0.00
0.00 0.00 0.00 0.00 0.00 0.00 0.00 0.00 0.26 2.74 5.55 7.95 9.82 10.60 10.55 9.71 7.57 5.02 1.94 0.00 0.00 0.00 0.00 0.00
0.00 0.00 0.00 0.00 0.00 0.00 0.00 0.00 0.21 3.79 9.06 13.06 16.45 19.18 19.44 17.61 13.59 9.11 3.69 0.00 0.00 0.00 0.00 0.00
0.00 0.00 0.00 0.00 0.00 0.00 0.00 0.00 0.16 1.94 3.99 5.70 7.07 7.85 7.98 7.20 5.55 3.68 1.41 0.00 0.00 0.00 0.00 0.00
0.00 0.00 0.00 0.00 0.00 0.00 0.00 0.00 0.00 14.76 36.99 53.98 69.71 86.45 87.53 81.58 66.23 46.07 20.97 0.00 0.00 0.00 0.00 0.00
0.00 0.00 0.00 0.00 0.00 0.00 0.00 0.00 0.00 6.70 16.00 23.05 28.96 32.54 32.14 28.43 21.76 14.76 6.09 0.00 0.00 0.00 0.00 0.00
0.00 0.00 0.00 0.00 0.00 0.00 0.00 0.00 0.00 1.50 3.56 5.11 6.51 7.28 7.32 6.46 4.95 3.37 1.41 0.00 0.00 0.00 0.00 0.00
0.00 0.00 0.00 0.00 0.00 0.00 0.00 0.00 0.00 1.88 4.37 6.37 8.02 9.02 9.03 8.14 6.34 4.32 1.83 0.00 0.00 0.00 0.00 0.00
0.00 0.00 0.00 0.00 0.00 0.00 0.00 0.00 0.00 3.01 6.99 10.19 12.83 14.44 14.45 13.03 10.15 6.91 2.92 0.00 0.00 0.00 0.00 0.00
0.00 0.00 0.00 0.00 0.00 0.00 0.00 0.00 0.00 65.08 168.29 248.18 326.18 371.70 380.46 349.17 265.30 175.11 85.70 0.00 0.00 0.00 0.00 0.00
