0.00 0.00 0.00 0.00 0.00 0.00 0.00 0.00 0.00 0.23 1.33 2.18 2.91 3.34 3.44 3.10 2.44 1.67 0.70 0.00 0.00 0.00 0.00 0.00
0.00 0.00 0.00 0.00 0.00 0.00 0.00 0.00 0.00 9.12 22.42 33.26 41.40 50.80 52.31 46.38 34.01 22.69 8.54 0.00 0.00 0.00 0.00 0.00
0.00 0.00 0.00 0.00 0.00 0.00 0.00 0.00 0.00 5.37 30.52 49.80 66.56 76.37 78.76 70.84 55.72 38.21 16.00 0.00 0.00 0.00 0.00 0.00
0.00 0.00 0.00 0.00 0.00 0.00 0.00 0.00 0.00 19.08 108.46 176.99 236.53 271.42 279.91 251.75 198.04 135.79 56.86 0.00 0.00 0.00 0.00 0.00
0.00 0.00 0.00 0.00 0.00 0.00 0.00 0.00 0.00 1.63 2.99 4.38 5.34 4.94 4.90 4.24 3.14 1.96 0.50 0.00 0.00 0.00 0.00 0.00
0.00 0.00 0.00 0.00 0.00 0.00 0.00 0.00 0.00 38.38 233.31 384.36 514.78 599.57 630.07 581.78 453.84 311.70 141.66 0.00 0.00 0.00 0.00 0.00
0.00 0.00 0.00 0.00 0.00 0.00 0.00 0.00 0.00 0.59 1.75 2.63 3.35 4.63 4.62 4.09 3.73 2.32 0.59 0.00 0.00 0.00 0.00 0.00
0.00 0.00 0.00 0.00 0.00 0.00 0.00 0.00 0.00 0.50 1.34 1.99 2.48 2.92 2.98 2.66 2.10 1.39 0.50 0.00 0.00 0.00 0.00 0.00
0.00 0.00 0.00 0.00 0.00 0.00 0.00 0.00 0.00 0.80 2.15 3.19 3.97 4.67 4.77 4.25 3.36 2.23 0.80 0.00 0.00 0.00 0.00 0.00
0.00 0.00 0.00 0.00 0.00 0.00 0.00 0.00 0.00 0.80 2.15 3.19 3.97 4.67 4.77 4.25 3.36 2.23 0.80 0.00 0.00 0.00 0.00 0.00
0.00 0.00 0.00 0.00 0.00 0.00 0.00 0.00 0.00 1.40 5.37 8.01 10.35 12.16 12.35 11.09 8.95 5.95 2.19 0.00 0.00 0.00 0.00 0.00
0.00 0.00 0.00 0.00 0.00 0.00 0.00 0.00 0.00 0.64 2.48 3.67 4.73 5.68 5.80 5.21 4.13 2.75 1.01 0.00 0.00 0.00 0.00 0.00
0.00 0.00 0.00 0.00 0.00 0.00 0.00 0.00 0.00 0.83 3.18 4.72 6.08 7.31 7.45 6.70 5.31 3.54 1.30 0.00 0.00 0.00 0.00 0.00
0.00 0.00 0.00 0.00 0.00 0.00 0.00 0.00 0.00 0.55 2.12 3.15 4.05 4.87 4.97 4.46 3.54 2.36 0.87 0.00 0.00 0.00 0.00 0.00
0.00 0.00 0.00 0.00 0.00 0.00 0.00 0.00 0.00 0.55 2.12 3.15 4.05 4.87 4.97 4.46 3.54 2.36 0.87 0.00 0.00 0.00 0.00 0.00
0.00 0.00 0.00 0.00 0.00 0.00 0.00 0.00 0.00 10.90 28.58 43.51 55.94 68.47 72.10 64.76 51.07 33.76 14.88 0.00 0.00 0.00 0.00 0.00
0.00 0.00 0.00 0.00 0.00 0.00 0.00 0.00 0.00 4.06 15.73 23.48 30.80 37.82 38.02 33.58 26.57 17.50 6.16 0.00 0.00 0.00 0.00 0.00
0.00 0.00 0.00 0.00 0.00 0.00 0.00 0.00 0.00 3.92 13.95 21.07 26.80 31.32 32.02 28.05 22.39 14.72 5.16 0.00 0.00 0.00 0.00 0.00
0.00 0.00 0.00 0.00 0.00 0.00 0.00 0.00 0.00 11.32 68.82 113.37 151.84 176.85 185.85 171.60 133.87 91.94 41.79 0.00 0.00 0.00 0.00 0.00
0.00 0.00 0.00 0.00 0.00 0.00 0.00 0.00 0.00 10.77 65.46 107.84 144.43 168.23 176.78 163.23 127.34 87.45 39.75 0.00 0.00 0.00 0.00 0.00
0.00 0.00 0.00 0.00 0.00 0.00 0.00 0.00 0.00 20.71 125.89 207.39 277.76 323.51 339.96 313.91 244.88 168.18 76.44 0.00 0.00 0.00 0.00 0.00
0.00 0.00 0.00 0.00 0.00 0.00 0.00 0.00 0.00 20.37 123.79 203.93 273.13 318.12 334.30 308.68 240.80 165.38 75.16 0.00 0.00 0.00 0.00 0.00
0.00 0.00 0.00 0.00 0.00 0.00 0.00 0.00 0.00 19.82 135.76 225.52 304.20 349.09 364.12 326.21 256.04 174.93 72.01 0.00 0.00 0.00 0.00 0.00
0.00 0.00 0.00 0.00 0.00 0.00 0.00 0.00 0.00 0.50 1.34 1.99 2.48 2.92 2.98 2.66 2.10 1.39 0.50 0.00 0.00 0.00 0.00 0.00
0.00 0.00 0.00 0.00 0.00 0.00 0.00 0.00 0.00 2.52 6.79 10.10 12.59 14.80 15.10 13.46 10.63 7.06 2.53 0.00 0.00 0.00 0.00 0.00
0.00 0.00 0.00 0.00 0.00 0.00 0.00 0.00 0.00 12.89 34.68 51.56 64.25 75.56 77.10 68.71 54.27 36.04 12.91 0.00 0.00 0.00 0.00 0.00
0.00 0.00 0.00 0.00 0.00 0.00 0.00 0.00 0.00 0.77 4.70 7.74 10.37 12.08 12.69 11.72 9.14 6.28 2.85 0.00 0.00 0.00 0.00 0.00
0.00 0.00 0.00 0.00 0.00 0.00 0.00 0.00 0.00 18.78 106.77 174.23 232.85 267.19 275.55 247.83 194.96 133.68 55.98 0.00 0.00 0.00 0.00 0.00
0.00 0.00 0.00 0.00 0.00 0.00 0.00 0.00 0.00 2.30 8.56 13.17 16.91 19.39 20.38 18.45 15.03 10.35 4.40 0.00 0.00 0.00 0.00 0.00
0.00 0.00 0.00 0.00 0.00 0.00 0.00 0.00 0.00 10.61 48.96 78.31 103.24 128.63 130.44 117.36 86.33 56.81 19.82 0.00 0.00 0.00 0.00 0.00
0.00 0.00 0.00 0.00 0.00 0.00 0.00 0.00 0.00 0.31 1.78 2.90 3.88 4.45 4.59 4.13 3.25 2.23 0.93 0.00 0.00 0.00 0.00 0.00
0.00 0.00 0.00 0.00 0.00 0.00 0.00 0.00 0.00 14.08 80.08 130.67 174.63 200.39 206.66 185.87 146.22 100.26 41.98 0.00 0.00 0.00 0.00 0.00
0.00 0.00 0.00 0.00 0.00 0.00 0.00 0.00 0.00 18.08 102.76 167.69 224.11 257.17 265.22 238.53 187.65 128.67 53.88 0.00 0.00 0.00 0.00 0.00
0.00 0.00 0.00 0.00 0.00 0.00 0.00 0.00 0.00 26.13 179.03 297.41 401.17 460.36 480.18 430.19 337.65 230.68 94.97 0.00 0.00 0.00 0.00 0.00
0.00 0.00 0.00 0.00 0.00 0.00 0.00 0.00 0.00 1.05 3.83 5.67 7.25 8.86 9.17 8.35 6.56 4.42 1.72 0.00 0.00 0.00 0.00 0.00
0.00 0.00 0.00 0.00 0.00 0.00 0.00 0.00 0.00 1.27 4.62 6.85 8.77 11.00 11.46 10.38 8.19 5.51 2.12 0.00 0.00 0.00 0.00 0.00
0.00 0.00 0.00 0.00 0.00 0.00 0.00 0.00 0.00 9.47 35.31 54.32 69.76 80.00 84.06 76.11 61.99 42.71 18.14 0.00 0.00 0.00 0.00 0.00
0.00 0.00 0.00 0.00 0.00 0.00 0.00 0.00 0.00 2.22 62.15 112.02 155.41 244.37 251.74 225.51 238.45 162.59 65.36 0.00 0.00 0.00 0.00 0.00
0.00 0.00 0.00 0.00 0.00 0.00 0.00 0.00 0.00 0.31 1.19 1.78 2.29 2.88 2.93 2.59 2.02 1.32 0.45 0.00 0.00 0.00 0.00 0.00
0.00 0.00 0.00 0.00 0.00 0.00 0.00 0.00 0.00 4.78 26.23 42.50 57.02 65.91 67.53 60.37 46.54 31.41 12.33 0.00 0.00 0.00 0.00 0.00
0.00 0.00 0.00 0.00 0.00 0.00 0.00 0.00 0.00 1.21 8.37 14.06 19.19 22.85 24.14 22.54 17.97 12.28 6.04 0.00 0.00 0.00 0.00 0.00
0.00 0.00 0.00 0.00 0.00 0.00 0.00 0.00 0.00 0.70 1.83 2.73 3.44 5.04 5.07 4.37 4.32 2.65 0.62 0.00 0.00 0.00 0.00 0.00
0.00 0.00 0.00 0.00 0.00 0.00 0.00 0.00 0.00 0.35 0.91 1.37 1.72 2.52 2.54 2.19 2.16 1.33 0.31 0.00 0.00 0.00 0.00 0.00
0.00 0.00 0.00 0.00 0.00 0.00 0.00 0.00 0.00 0.76 2.00 2.99 3.76 5.51 5.55 4.78 4.73 2.90 0.68 0.00 0.00 0.00 0.00 0.00
0.00 0.00 0.00 0.00 0.00 0.00 0.00 0.00 0.00 0.95 2.63 3.93 4.97 6.37 6.44 5.63 5.87 3.63 0.90 0.00 0.00 0.00 0.00 0.00
0.00 0.00 0.00 0.00 0.00 0.00 0.00 0.00 0.00 1.44 4.01 5.99 7.58 9.71 9.81 8.57 8.95 5.54 1.37 0.00 0.00 0.00 0.00 0.00
0.00 0.00 0.00 0.00 0.00 0.00 0.00 0.00 0.00 1.20 3.63 5.46 6.99 9.65 9.60 8.58 7.74 4.82 1.25 0.00 0.00 0.00 0.00 0.00
0.00 0.00 0.00 0.00 0.00 0.00 0.00 0.00 0.00 0.92 3.62 5.72 7.45 9.13 9.13 8.10 6.25 4.00 1.22 0.00 0.00 0.00 0.00 0.00
0.00 0.00 0.00 0.00 0.00 0.00 0.00 0.00 0.00 2.36 9.36 14.78 19.25 23.59 23.59 20.92 16.13 10.34 3.16 0.00 0.00 0.00 0.00 0.00
0.00 0.00 0.00 0.00 0.00 0.00 0.00 0.00 0.00 0.63 2.54 4.00 5.35 6.97 7.08 6.18 4.82 3.14 1.05 0.00 0.00 0.00 0.00 0.00
0.00 0.00 0.00 0.00 0.00 0.00 0.00 0.00 0.00 1.44 4.34 6.41 8.12 10.99 11.35 9.85 8.69 5.59 1.75 0.00 0.00 0.00 0.00 0.00
0.00 0.00 0.00 0.00 0.00 0.00 0.00 0.00 0.00 2.02 6.80 10.13 12.88 16.61 16.72 14.85 14.13 8.96 2.61 0.00 0.00 0.00 0.00 0.00
0.00 0.00 0.00 0.00 0.00 0.00 0.00 0.00 0.00 0.42 0.75 1.09 1.31 1.56 1.59 1.39 1.13 0.71 0.18 0.00 0.00 0.00 0.00 0.00
0.00 0.00 0.00 0.00 0.00 0.00 0.00 0.00 0.00 2.71 5.24 7.74 9.43 8.12 8.33 7.41 6.73 4.32 1.31 0.00 0.00 0.00 0.00 0.00
0.00 0.00 0.00 0.00 0.00 0.00 0.00 0.00 0.00 1.64 3.17 4.72 5.80 5.53 5.60 4.95 4.38 2.78 0.78 0.00 0.00 0.00 0.00 0.00
0.00 0.00 0.00 0.00 0.00 0.00 0.00 0.00 0.00 2.26 4.38 6.51 8.01 7.63 7.73 6.83 6.05 3.83 1.08 0.00 0.00 0.00 0.00 0.00
0.00 0.00 0.00 0.00 0.00 0.00 0.00 0.00 0.00 1.54 2.98 4.43 5.45 5.19 5.26 4.66 4.12 2.61 0.73 0.00 0.00 0.00 0.00 0.00
0.00 0.00 0.00 0.00 0.00 0.00 0.00 0.00 0.00 1.44 2.80 4.13 5.03 4.33 4.44 3.95 3.59 2.30 0.70 0.00 0.00 0.00 0.00 0.00
0.00 0.00 0.00 0.00 0.00 0.00 0.00 0.00 0.00 1.46 2.64 3.85 4.78 4.38 4.35 3.78 2.71 1.71 0.45 0.00 0.00 0.00 0.00 0.00
0.00 0.00 0.00 0.00 0.00 0.00 0.00 0.00 0.00 1.43 3.84 5.71 7.12 8.37 8.55 7.61 6.01 3.99 1.43 0.00 0.00 0.00 0.00 0.00
0.00 0.00 0.00 0.00 0.00 0.00 0.00 0.00 0.00 14.19 37.20 56.64 72.81 89.12 93.85 84.30 66.48 43.95 19.37 0.00 0.00 0.00 0.00 0.00
0.00 0.00 0.00 0.00 0.00 0.00 0.00 0.00 0.00 1.58 6.08 9.08 11.73 13.78 13.99 12.57 10.14 6.75 2.48 0.00 0.00 0.00 0.00 0.00
0.00 0.00 0.00 0.00 0.00 0.00 0.00 0.00 0.00 2.11 7.49 11.02 14.28 19.96 20.07 17.88 14.36 9.43 3.25 0.00 0.00 0.00 0.00 0.00
0.00 0.00 0.00 0.00 0.00 0.00 0.00 0.00 0.00 0.97 3.43 5.05 6.54 9.15 9.20 8.19 6.58 4.32 1.49 0.00 0.00 0.00 0.00 0.00
0.00 0.00 0.00 0.00 0.00 0.00 0.00 0.00 0.00 1.93 7.54 11.27 14.54 17.16 17.45 15.52 12.61 8.37 3.06 0.00 0.00 0.00 0.00 0.00
0.00 0.00 0.00 0.00 0.00 0.00 0.00 0.00 0.00 0.75 2.90 4.31 5.57 6.98 7.12 6.29 4.91 3.20 1.08 0.00 0.00 0.00 0.00 0.00
0.00 0.00 0.00 0.00 0.00 0.00 0.00 0.00 0.00 9.80 36.56 56.24 72.23 82.83 87.03 78.80 64.18 44.22 18.78 0.00 0.00 0.00 0.00 0.00
0.00 0.00 0.00 0.00 0.00 0.00 0.00 0.00 0.00 2.54 11.71 18.73 24.69 30.76 31.19 28.07 20.64 13.58 4.74 0.00 0.00 0.00 0.00 0.00
0.00 0.00 0.00 0.00 0.00 0.00 0.00 0.00 0.00 0.59 2.56 4.09 5.45 6.94 6.91 6.28 4.85 3.21 1.15 0.00 0.00 0.00 0.00 0.00
0.00 0.00 0.00 0.00 0.00 0.00 0.00 0.00 0.00 0.80 3.53 5.58 7.27 8.51 8.64 7.80 6.06 4.03 1.48 0.00 0.00 0.00 0.00 0.00
0.00 0.00 0.00 0.00 0.00 0.00 0.00 0.00 0.00 1.28 5.65 8.93 11.63 13.61 13.83 12.48 9.70 6.44 2.38 0.00 0.00 0.00 0.00 0.00
0.00 0.00 0.00 0.00 0.00 0.00 0.00 0.00 0.00 21.06 127.99 210.84 282.39 328.90 345.63 319.14 248.96 170.98 77.71 0.00 0.00 0.00 0.00 0.00
