0.00 0.00 0.00 0.00 0.00 0.00 0.00 0.00 0.64 1.58 2.64 3.55 4.17 4.56 4.58 4.40 3.91 3.17 2.15 0.91 0.17 0.00 0.00 0.00
0.00 0.00 0.00 0.00 0.00 0.00 0.00 0.00 13.05 27.62 50.17 64.19 74.90 88.63 87.71 81.42 64.69 49.30 32.08 9.44 0.00 0.00 0.00 0.00
0.00 0.00 0.00 0.00 0.00 0.00 0.00 0.00 14.68 36.12 60.48 81.14 95.31 104.33 104.72 100.69 89.44 72.40 49.25 20.85 3.98 0.00 0.00 0.00
0.00 0.00 0.00 0.00 0.00 0.00 0.00 0.00 52.17 128.38 214.95 288.35 338.71 370.77 372.16 357.86 317.87 257.29 175.04 74.12 14.14 0.00 0.00 0.00
0.00 0.00 0.00 0.00 0.00 0.00 0.00 0.11 3.07 5.83 9.01 11.43 12.95 14.78 14.36 13.15 11.17 8.49 5.22 1.29 0.00 0.00 0.00 0.00
0.00 0.00 0.00 0.00 0.00 0.00 0.00 0.00 98.72 261.41 449.27 608.23 731.72 803.51 833.84 828.70 759.21 612.42 412.20 185.54 40.53 0.00 0.00 0.00
0.00 0.00 0.00 0.00 0.00 0.00 0.00 0.00 1.72 3.39 5.50 7.15 8.27 8.85 8.70 8.10 7.01 5.30 3.36 1.03 0.00 0.00 0.00 0.00
0.00 0.00 0.00 0.00 0.00 0.00 0.00 0.00 0.90 1.88 2.96 3.87 4.50 5.26 5.10 4.82 4.21 3.24 2.09 0.64 0.00 0.00 0.00 0.00
0.00 0.00 0.00 0.00 0.00 0.00 0.00 0.00 1.45 3.01 4.73 6.19 7.20 8.42 8.16 7.72 6.74 5.18 3.34 1.02 0.00 0.00 0.00 0.00
0.00 0.00 0.00 0.00 0.00 0.00 0.00 0.00 1.45 3.01 4.73 6.19 7.20 8.42 8.16 7.72 6.74 5.18 3.34 1.02 0.00 0.00 0.00 0.00
0.00 0.00 0.00 0.00 0.00 0.00 0.00 0.00 3.30 7.08 11.65 15.58 18.08 19.55 19.48 18.30 16.61 12.83 7.98 2.66 0.00 0.00 0.00 0.00
0.00 0.00 0.00 0.00 0.00 0.00 0.00 0.00 1.55 3.31 5.46 7.31 8.46 9.27 9.23 8.61 7.93 6.15 3.82 1.25 0.00 0.00 0.00 0.00
0.00 0.00 0.00 0.00 0.00 0.00 0.00 0.00 1.99 4.25 7.02 9.40 10.87 11.92 11.86 11.06 10.19 7.91 4.91 1.61 0.00 0.00 0.00 0.00
0.00 0.00 0.00 0.00 0.00 0.00 0.00 0.00 1.33 2.84 4.68 6.27 7.25 7.95 7.91 7.38 6.79 5.27 3.27 1.07 0.00 0.00 0.00 0.00
0.00 0.00 0.00 0.00 0.00 0.00 0.00 0.00 1.33 2.84 4.68 6.27 7.25 7.95 7.91 7.38 6.79 5.27 3.27 1.07 0.00 0.00 0.00 0.00
0.00 0.00 0.00 0.00 0.00 0.00 0.00 0.00 16.26 37.97 62.92 83.84 97.91 110.73 109.97 103.01 92.95 70.95 45.66 15.51 0.00 0.00 0.00 0.00
0.00 0.00 0.00 0.00 0.00 0.00 0.00 0.00 10.20 21.51 34.72 46.51 54.05 59.05 58.82 54.37 48.61 37.52 23.69 7.71 0.00 0.00 0.00 0.00
0.00 0.00 0.00 0.00 0.00 0.00 0.00 0.00 8.63 18.36 29.95 40.12 46.11 49.67 49.33 46.10 40.48 31.39 19.81 6.63 0.02 0.00 0.00 0.00
0.00 0.00 0.00 0.00 0.00 0.00 0.00 0.00 29.12 77.11 132.52 179.41 215.83 237.01 245.95 244.44 223.94 180.64 121.58 54.73 11.95 0.00 0.00 0.00
0.00 0.00 0.00 0.00 0.00 0.00 0.00 0.00 27.70 73.35 126.05 170.65 205.30 225.45 233.95 232.51 213.02 171.83 115.65 52.06 11.37 0.00 0.00 0.00
0.00 0.00 0.00 0.00 0.00 0.00 0.00 0.00 53.26 141.05 242.41 328.18 394.81 433.55 449.91 447.14 409.64 330.44 222.41 100.11 21.87 0.00 0.00 0.00
0.00 0.00 0.00 0.00 0.00 0.00 0.00 0.00 52.38 138.70 238.37 322.71 388.23 426.32 442.41 439.69 402.82 324.93 218.70 98.44 21.50 0.00 0.00 0.00
0.00 0.00 0.00 0.00 0.00 0.00 0.00 0.00 67.08 165.37 274.56 373.04 447.77 492.40 505.25 482.39 434.66 340.93 230.48 101.22 21.39 0.00 0.00 0.00
0.00 0.00 0.00 0.00 0.00 0.00 0.00 0.00 0.90 1.88 2.96 3.87 4.50 5.26 5.10 4.82 4.21 3.24 2.09 0.64 0.00 0.00 0.00 0.00
0.00 0.00 0.00 0.00 0.00 0.00 0.00 0.00 4.58 9.52 14.98 19.60 22.80 26.66 25.84 24.43 21.34 16.39 10.59 3.22 0.00 0.00 0.00 0.00
0.00 0.00 0.00 0.00 0.00 0.00 0.00 0.00 23.37 48.61 76.50 100.09 116.41 136.09 131.93 124.74 108.96 83.70 54.05 16.45 0.00 0.00 0.00 0.00
0.00 0.00 0.00 0.00 0.00 0.00 0.00 0.00 1.99 5.27 9.05 12.25 14.74 16.19 16.80 16.69 15.29 12.34 8.30 3.74 0.82 0.00 0.00 0.00
0.00 0.00 0.00 0.00 0.00 0.00 0.00 0.00 51.36 126.38 211.60 283.86 333.43 364.99 366.36 352.28 312.92 253.28 172.32 72.96 13.92 0.00 0.00 0.00
0.00 0.00 0.00 0.00 0.00 0.00 0.00 0.00 4.32 10.23 17.21 23.63 28.17 30.87 30.54 28.62 25.65 20.09 13.10 5.08 0.48 0.00 0.00 0.00
0.00 0.00 0.00 0.00 0.00 0.00 0.00 0.00 28.65 63.57 106.91 145.15 171.44 185.81 186.25 175.11 152.71 120.90 81.06 30.87 4.10 0.00 0.00 0.00
0.00 0.00 0.00 0.00 0.00 0.00 0.00 0.00 0.86 2.11 3.53 4.73 5.56 6.08 6.11 5.87 5.22 4.22 2.87 1.22 0.23 0.00 0.00 0.00
0.00 0.00 0.00 0.00 0.00 0.00 0.00 0.00 38.52 94.79 158.70 212.89 250.07 273.74 274.77 264.21 234.69 189.96 129.24 54.72 10.44 0.00 0.00 0.00
0.00 0.00 0.00 0.00 0.00 0.00 0.00 0.00 49.43 121.64 203.66 273.21 320.93 351.30 352.62 339.07 301.18 243.78 165.85 70.23 13.40 0.00 0.00 0.00
0.00 0.00 0.00 0.00 0.00 0.00 0.00 0.00 88.47 218.08 362.07 491.95 590.50 649.35 666.30 636.15 573.21 449.60 303.95 133.49 28.21 0.00 0.00 0.00
0.00 0.00 0.00 0.00 0.00 0.00 0.00 0.00 2.28 4.98 8.48 11.41 13.24 14.71 14.63 13.57 12.29 9.19 6.00 2.01 0.00 0.00 0.00 0.00
0.00 0.00 0.00 0.00 0.00 0.00 0.00 0.00 2.91 6.32 10.70 14.37 16.69 18.50 18.43 17.11 15.48 11.64 7.48 2.48 0.00 0.00 0.00 0.00
0.00 0.00 0.00 0.00 0.00 0.00 0.00 0.00 17.81 42.22 71.00 97.48 116.19 127.35 125.96 118.06 105.82 82.86 54.04 20.97 1.96 0.00 0.00 0.00
0.00 0.00 0.00 0.00 0.00 0.00 0.00 0.00 62.85 160.91 269.83 373.86 454.91 499.89 507.42 475.40 438.46 351.08 241.03 117.81 33.31 0.00 0.00 0.00
0.00 0.00 0.00 0.00 0.00 0.00 0.00 0.00 0.82 1.71 2.76 3.67 4.22 4.57 4.58 4.26 3.77 2.83 1.83 0.57 0.00 0.00 0.00 0.00
0.00 0.00 0.00 0.00 0.00 0.00 0.00 0.00 13.57 31.99 52.81 71.47 85.67 93.32 94.11 89.51 78.02 61.11 41.54 17.04 2.88 0.00 0.00 0.00
0.00 0.00 0.00 0.00 0.00 0.00 0.00 0.00 2.99 8.82 15.68 21.95 26.46 29.77 30.43 29.52 27.58 21.42 14.96 7.22 1.83 0.00 0.00 0.00
0.00 0.00 0.00 0.00 0.00 0.00 0.00 0.00 2.07 4.02 6.31 8.22 9.45 10.00 9.91 9.25 7.91 6.05 3.77 1.12 0.00 0.00 0.00 0.00
0.00 0.00 0.00 0.00 0.00 0.00 0.00 0.00 1.03 2.01 3.16 4.11 4.72 5.00 4.96 4.63 3.96 3.02 1.88 0.56 0.00 0.00 0.00 0.00
0.00 0.00 0.00 0.00 0.00 0.00 0.00 0.00 2.26 4.40 6.90 8.99 10.33 10.94 10.84 10.12 8.65 6.61 4.12 1.23 0.00 0.00 0.00 0.00
0.00 0.00 0.00 0.00 0.00 0.00 0.00 0.00 2.69 5.27 8.36 10.82 12.58 13.42 13.12 12.29 10.65 8.04 5.01 1.50 0.00 0.00 0.00 0.00
0.00 0.00 0.00 0.00 0.00 0.00 0.00 0.00 4.11 8.04 12.74 16.50 19.17 20.44 19.99 18.73 16.23 12.26 7.64 2.29 0.00 0.00 0.00 0.00
0.00 0.00 0.00 0.00 0.00 0.00 0.00 0.00 3.50 6.94 11.20 14.43 16.76 17.83 17.43 16.33 14.25 10.87 6.95 2.19 0.00 0.00 0.00 0.00
0.00 0.00 0.00 0.00 0.00 0.00 0.00 0.00 2.54 5.37 8.66 11.77 13.85 14.69 14.78 14.00 12.28 9.53 6.22 2.22 0.20 0.00 0.00 0.00
0.00 0.00 0.00 0.00 0.00 0.00 0.00 0.00 6.55 13.86 22.38 30.40 35.77 37.95 38.17 36.18 31.73 24.61 16.06 5.73 0.53 0.00 0.00 0.00
0.00 0.00 0.00 0.00 0.00 0.00 0.00 0.00 1.66 3.59 5.78 7.86 9.30 9.95 9.85 9.16 7.95 6.17 4.13 1.53 0.15 0.00 0.00 0.00
0.00 0.00 0.00 0.00 0.00 0.00 0.00 0.00 3.87 7.81 12.24 16.10 18.45 20.08 19.96 18.24 16.37 12.36 7.72 2.29 0.00 0.00 0.00 0.00
0.00 0.00 0.00 0.00 0.00 0.00 0.00 0.00 6.38 12.80 20.60 27.19 31.34 33.14 33.33 31.03 26.82 20.33 12.71 3.79 0.00 0.00 0.00 0.00
0.00 0.00 0.00 0.00 0.00 0.00 0.00 0.03 0.97 1.84 2.85 3.62 4.08 4.48 4.30 3.98 3.43 2.60 1.60 0.43 0.00 0.00 0.00 0.00
0.00 0.00 0.00 0.00 0.00 0.00 0.00 0.00 5.18 10.22 16.28 20.67 23.16 26.77 25.74 23.99 21.24 16.14 10.17 2.77 0.00 0.00 0.00 0.00
0.00 0.00 0.00 0.00 0.00 0.00 0.00 0.00 3.50 6.77 10.90 13.78 15.39 17.66 16.76 15.83 14.25 10.78 6.81 1.80 0.00 0.00 0.00 0.00
0.00 0.00 0.00 0.00 0.00 0.00 0.00 0.01 4.83 9.34 15.04 19.02 21.24 24.37 23.13 21.85 19.66 14.87 9.39 2.48 0.00 0.00 0.00 0.00
0.00 0.00 0.00 0.00 0.00 0.00 0.00 0.00 3.29 6.36 10.25 12.96 14.47 16.60 15.75 14.88 13.39 10.13 6.40 1.69 0.00 0.00 0.00 0.00
0.00 0.00 0.00 0.00 0.00 0.00 0.00 0.00 2.76 5.45 8.68 11.02 12.35 14.28 13.73 12.79 11.33 8.61 5.42 1.48 0.00 0.00 0.00 0.00
0.00 0.00 0.00 0.00 0.00 0.00 0.00 0.07 2.71 5.18 8.12 10.26 11.61 13.40 13.17 12.22 10.42 7.94 4.87 1.24 0.00 0.00 0.00 0.00
0.00 0.00 0.00 0.00 0.00 0.00 0.00 0.00 2.59 5.39 8.48 11.09 12.90 15.08 14.62 13.82 12.08 9.28 5.99 1.82 0.00 0.00 0.00 0.00
0.00 0.00 0.00 0.00 0.00 0.00 0.00 0.00 21.16 49.42 81.90 109.12 127.44 144.12 143.14 134.08 120.98 92.34 59.43 20.19 0.00 0.00 0.00 0.00
0.00 0.00 0.00 0.00 0.00 0.00 0.00 0.00 3.74 8.02 13.21 17.66 20.49 22.15 22.08 20.74 18.83 14.55 9.05 3.01 0.00 0.00 0.00 0.00
0.00 0.00 0.00 0.00 0.00 0.00 0.00 0.00 5.65 11.73 18.76 25.02 29.28 33.02 32.84 30.28 27.49 20.70 13.12 3.96 0.00 0.00 0.00 0.00
0.00 0.00 0.00 0.00 0.00 0.00 0.00 0.00 2.59 5.38 8.60 11.47 13.42 15.13 15.05 13.88 12.60 9.49 6.01 1.81 0.00 0.00 0.00 0.00
0.00 0.00 0.00 0.00 0.00 0.00 0.00 0.00 4.65 9.95 16.33 21.77 25.30 27.30 27.19 25.53 23.07 17.79 11.11 3.70 0.00 0.00 0.00 0.00
0.00 0.00 0.00 0.00 0.00 0.00 0.00 0.00 2.00 4.15 6.70 8.91 10.25 11.11 11.11 10.35 9.16 6.87 4.44 1.39 0.00 0.00 0.00 0.00
0.00 0.00 0.00 0.00 0.00 0.00 0.00 0.00 18.44 43.71 73.51 100.93 120.30 131.85 130.41 122.24 109.56 85.79 55.95 21.71 2.03 0.00 0.00 0.00
0.00 0.00 0.00 0.00 0.00 0.00 0.00 0.00 6.85 15.20 25.56 34.71 41.00 44.43 44.54 41.87 36.52 28.91 19.38 7.38 0.98 0.00 0.00 0.00
0.00 0.00 0.00 0.00 0.00 0.00 0.00 0.00 1.56 3.49 5.71 7.70 9.29 10.08 9.92 9.30 8.17 6.44 4.33 1.65 0.22 0.00 0.00 0.00
0.00 0.00 0.00 0.00 0.00 0.00 0.00 0.00 1.99 4.47 7.39 9.84 11.40 12.22 12.30 11.74 10.22 8.09 5.40 2.03 0.24 0.00 0.00 0.00
0.00 0.00 0.00 0.00 0.00 0.00 0.00 0.00 3.18 7.15 11.83 15.74 18.24 19.54 19.68 18.78 16.36 12.94 8.64 3.25 0.38 0.00 0.00 0.00
0.00 0.00 0.00 0.00 0.00 0.00 0.00 0.00 54.15 143.40 246.45 333.65 401.39 440.77 457.41 454.59 416.47 335.95 226.12 101.78 22.23 0.00 0.00 0.00
