0.00 0.00 0.00 0.00 0.00 0.00 0.00 0.00 0.00 0.41 1.46 2.28 3.11 3.70 3.90 3.76 3.18 2.35 1.49 0.24 0.00 0.00 0.00 0.00
0.00 0.00 0.00 0.00 0.00 0.00 0.00 0.00 0.00 11.49 28.58 44.13 55.99 61.26 63.35 60.67 49.88 37.20 22.14 1.83 0.00 0.00 0.00 0.00
0.00 0.00 0.00 0.00 0.00 0.00 0.00 0.00 0.00 9.45 33.44 52.14 71.05 84.59 89.07 85.98 72.75 53.82 34.05 5.48 0.00 0.00 0.00 0.00
0.00 0.00 0.00 0.00 0.00 0.00 0.00 0.00 0.00 33.60 118.85 185.29 252.51 300.64 316.57 305.55 258.54 191.26 121.03 19.46 0.00 0.00 0.00 0.00
0.00 0.00 0.00 0.00 0.00 0.00 0.00 0.00 0.00 2.12 4.86 7.29 9.19 9.62 9.55 9.06 7.65 5.49 3.02 0.06 0.00 0.00 0.00 0.00
0.00 0.00 0.00 0.00 0.00 0.00 0.00 0.00 0.00 68.48 256.38 405.16 553.73 664.20 715.35 692.36 623.91 458.34 292.36 54.40 0.00 0.00 0.00 0.00
0.00 0.00 0.00 0.00 0.00 0.00 0.00 0.00 0.00 0.67 1.83 2.86 3.75 6.57 6.57 6.31 5.31 3.68 2.09 0.09 0.00 0.00 0.00 0.00
0.00 0.00 0.00 0.00 0.00 0.00 0.00 0.00 0.00 0.59 1.42 2.22 2.96 3.57 3.65 3.56 2.98 2.19 1.29 0.10 0.00 0.00 0.00 0.00
0.00 0.00 0.00 0.00 0.00 0.00 0.00 0.00 0.00 0.94 2.28 3.55 4.74 5.72 5.84 5.70 4.77 3.51 2.07 0.16 0.00 0.00 0.00 0.00
0.00 0.00 0.00 0.00 0.00 0.00 0.00 0.00 0.00 0.94 2.28 3.55 4.74 5.72 5.84 5.70 4.77 3.51 2.07 0.16 0.00 0.00 0.00 0.00
0.00 0.00 0.00 0.00 0.00 0.00 0.00 0.00 0.00 2.02 5.44 8.42 11.52 13.75 14.11 13.72 11.67 8.48 5.09 0.47 0.00 0.00 0.00 0.00
0.00 0.00 0.00 0.00 0.00 0.00 0.00 0.00 0.00 0.97 2.60 4.10 5.57 6.62 6.78 6.57 5.58 4.09 2.45 0.22 0.00 0.00 0.00 0.00
0.00 0.00 0.00 0.00 0.00 0.00 0.00 0.00 0.00 1.25 3.35 5.27 7.16 8.51 8.71 8.45 7.18 5.25 3.15 0.28 0.00 0.00 0.00 0.00
0.00 0.00 0.00 0.00 0.00 0.00 0.00 0.00 0.00 0.83 2.23 3.51 4.77 5.67 5.81 5.63 4.78 3.50 2.10 0.19 0.00 0.00 0.00 0.00
0.00 0.00 0.00 0.00 0.00 0.00 0.00 0.00 0.00 0.83 2.23 3.51 4.77 5.67 5.81 5.63 4.78 3.50 2.10 0.19 0.00 0.00 0.00 0.00
0.00 0.00 0.00 0.00 0.00 0.00 0.00 0.00 0.00 13.22 35.59 55.45 71.67 81.86 85.93 82.63 70.70 51.92 32.23 5.18 0.00 0.00 0.00 0.00
0.00 0.00 0.00 0.00 0.00 0.00 0.00 0.00 0.00 6.25 16.65 26.12 36.04 41.05 41.43 40.34 34.51 25.11 14.93 1.33 0.00 0.00 0.00 0.00
0.00 0.00 0.00 0.00 0.00 0.00 0.00 0.00 0.00 5.32 14.53 22.71 30.10 34.22 34.98 33.69 28.79 20.99 12.55 1.10 0.00 0.00 0.00 0.00
0.00 0.00 0.00 0.00 0.00 0.00 0.00 0.00 0.00 20.20 75.62 119.51 163.33 195.91 211.00 204.22 184.03 135.20 86.23 16.05 0.00 0.00 0.00 0.00
0.00 0.00 0.00 0.00 0.00 0.00 0.00 0.00 0.00 19.21 71.93 113.68 155.36 186.36 200.71 194.26 175.05 128.60 82.03 15.26 0.00 0.00 0.00 0.00
0.00 0.00 0.00 0.00 0.00 0.00 0.00 0.00 0.00 36.95 138.33 218.61 298.78 358.38 385.98 373.57 336.64 247.31 157.75 29.35 0.00 0.00 0.00 0.00
0.00 0.00 0.00 0.00 0.00 0.00 0.00 0.00 0.00 36.34 136.03 214.97 293.80 352.41 379.55 367.35 331.03 243.19 155.12 28.86 0.00 0.00 0.00 0.00
0.00 0.00 0.00 0.00 0.00 0.00 0.00 0.00 0.00 39.67 150.23 236.95 323.90 396.02 412.79 400.59 339.22 249.71 158.04 26.09 0.00 0.00 0.00 0.00
0.00 0.00 0.00 0.00 0.00 0.00 0.00 0.00 0.00 0.59 1.42 2.22 2.96 3.57 3.65 3.56 2.98 2.19 1.29 0.10 0.00 0.00 0.00 0.00
0.00 0.00 0.00 0.00 0.00 0.00 0.00 0.00 0.00 2.98 7.21 11.25 15.00 18.11 18.48 18.04 15.11 11.11 6.56 0.52 0.00 0.00 0.00 0.00
0.00 0.00 0.00 0.00 0.00 0.00 0.00 0.00 0.00 15.20 36.81 57.42 76.58 92.43 94.35 92.10 77.16 56.73 33.49 2.65 0.00 0.00 0.00 0.00
0.00 0.00 0.00 0.00 0.00 0.00 0.00 0.00 0.00 1.38 5.16 8.16 11.15 13.38 14.41 13.95 12.57 9.23 5.89 1.10 0.00 0.00 0.00 0.00
0.00 0.00 0.00 0.00 0.00 0.00 0.00 0.00 0.00 33.07 117.00 182.40 248.58 295.95 311.63 300.79 254.51 188.28 119.14 19.16 0.00 0.00 0.00 0.00
0.00 0.00 0.00 0.00 0.00 0.00 0.00 0.00 0.00 3.04 9.23 14.13 19.22 22.47 24.05 23.15 19.68 15.10 9.45 1.53 0.00 0.00 0.00 0.00
0.00 0.00 0.00 0.00 0.00 0.00 0.00 0.00 0.00 13.67 60.44 92.19 120.70 143.11 145.53 139.35 116.78 86.35 52.88 5.65 0.00 0.00 0.00 0.00
0.00 0.00 0.00 0.00 0.00 0.00 0.00 0.00 0.00 0.55 1.95 3.04 4.14 4.93 5.19 5.01 4.24 3.14 1.99 0.32 0.00 0.00 0.00 0.00
0.00 0.00 0.00 0.00 0.00 0.00 0.00 0.00 0.00 24.80 87.75 136.80 186.43 221.96 233.72 225.59 190.88 141.21 89.35 14.37 0.00 0.00 0.00 0.00
0.00 0.00 0.00 0.00 0.00 0.00 0.00 0.00 0.00 31.83 112.61 175.56 239.25 284.85 299.95 289.51 244.97 181.21 114.67 18.44 0.00 0.00 0.00 0.00
0.00 0.00 0.00 0.00 0.00 0.00 0.00 0.00 0.00 52.32 198.11 312.48 427.15 522.25 544.37 528.27 447.35 329.31 208.42 34.41 0.00 0.00 0.00 0.00
0.00 0.00 0.00 0.00 0.00 0.00 0.00 0.00 0.00 1.49 4.05 6.47 8.87 10.42 10.91 10.49 8.90 6.55 3.97 0.40 0.00 0.00 0.00 0.00
0.00 0.00 0.00 0.00 0.00 0.00 0.00 0.00 0.00 1.87 5.04 8.12 11.09 12.94 13.60 13.11 11.00 8.07 4.88 0.48 0.00 0.00 0.00 0.00
0.00 0.00 0.00 0.00 0.00 0.00 0.00 0.00 0.00 12.54 38.08 58.30 79.27 92.70 99.21 95.49 81.18 62.28 38.99 6.33 0.00 0.00 0.00 0.00
0.00 0.00 0.00 0.00 0.00 0.00 0.00 0.00 0.00 24.73 131.49 216.66 303.93 380.02 407.04 391.92 339.54 255.45 163.22 34.54 0.00 0.00 0.00 0.00
0.00 0.00 0.00 0.00 0.00 0.00 0.00 0.00 0.00 0.50 1.31 2.07 2.82 3.26 3.28 3.12 2.68 1.96 1.16 0.09 0.00 0.00 0.00 0.00
0.00 0.00 0.00 0.00 0.00 0.00 0.00 0.00 0.00 8.59 29.84 46.16 63.07 74.34 77.42 74.37 62.79 45.80 28.55 4.07 0.00 0.00 0.00 0.00
0.00 0.00 0.00 0.00 0.00 0.00 0.00 0.00 0.00 2.30 9.65 15.63 22.07 26.25 28.21 26.74 23.76 17.61 11.07 2.45 0.00 0.00 0.00 0.00
0.00 0.00 0.00 0.00 0.00 0.00 0.00 0.00 0.00 0.73 1.93 2.95 3.82 7.37 7.52 7.08 6.14 4.30 2.41 0.08 0.00 0.00 0.00 0.00
0.00 0.00 0.00 0.00 0.00 0.00 0.00 0.00 0.00 0.36 0.97 1.47 1.91 3.68 3.76 3.54 3.07 2.15 1.21 0.04 0.00 0.00 0.00 0.00
0.00 0.00 0.00 0.00 0.00 0.00 0.00 0.00 0.00 0.80 2.12 3.22 4.18 8.06 8.22 7.75 6.72 4.71 2.64 0.09 0.00 0.00 0.00 0.00
0.00 0.00 0.00 0.00 0.00 0.00 0.00 0.00 0.00 1.11 3.10 4.74 6.20 9.71 9.86 9.39 7.86 5.52 3.11 0.10 0.00 0.00 0.00 0.00
0.00 0.00 0.00 0.00 0.00 0.00 0.00 0.00 0.00 1.69 4.72 7.22 9.45 14.80 15.02 14.31 11.98 8.41 4.74 0.16 0.00 0.00 0.00 0.00
0.00 0.00 0.00 0.00 0.00 0.00 0.00 0.00 0.00 1.45 4.09 6.33 8.30 13.21 13.24 12.76 10.66 7.35 4.19 0.20 0.00 0.00 0.00 0.00
0.00 0.00 0.00 0.00 0.00 0.00 0.00 0.00 0.00 0.96 4.77 7.30 9.67 12.13 12.25 11.56 9.72 6.99 4.16 0.35 0.00 0.00 0.00 0.00
0.00 0.00 0.00 0.00 0.00 0.00 0.00 0.00 0.00 2.48 12.31 18.85 24.99 31.32 31.64 29.86 25.11 18.07 10.75 0.91 0.00 0.00 0.00 0.00
0.00 0.00 0.00 0.00 0.00 0.00 0.00 0.00 0.00 0.82 3.00 4.60 6.10 7.57 7.65 7.25 6.31 4.67 2.82 0.28 0.00 0.00 0.00 0.00
0.00 0.00 0.00 0.00 0.00 0.00 0.00 0.00 0.00 2.30 5.80 9.17 11.98 13.90 14.37 13.83 11.42 8.23 4.77 0.27 0.00 0.00 0.00 0.00
0.00 0.00 0.00 0.00 0.00 0.00 0.00 0.00 0.00 4.13 10.19 15.90 20.78 24.32 24.63 23.67 19.25 13.77 7.90 0.39 0.00 0.00 0.00 0.00
0.00 0.00 0.00 0.00 0.00 0.00 0.00 0.00 0.00 0.64 1.48 2.18 2.71 2.98 2.97 2.85 2.41 1.74 0.96 0.02 0.00 0.00 0.00 0.00
0.00 0.00 0.00 0.00 0.00 0.00 0.00 0.00 0.00 3.46 7.77 12.02 15.25 18.14 18.17 17.70 14.18 10.12 5.76 0.26 0.00 0.00 0.00 0.00
0.00 0.00 0.00 0.00 0.00 0.00 0.00 0.00 0.00 2.39 5.35 8.21 10.21 11.71 11.88 11.43 9.31 6.59 3.69 0.12 0.00 0.00 0.00 0.00
0.00 0.00 0.00 0.00 0.00 0.00 0.00 0.00 0.00 3.30 7.38 11.34 14.09 16.15 16.39 15.77 12.85 9.09 5.09 0.17 0.00 0.00 0.00 0.00
0.00 0.00 0.00 0.00 0.00 0.00 0.00 0.00 0.00 2.25 5.03 7.72 9.59 11.00 11.17 10.74 8.75 6.19 3.47 0.11 0.00 0.00 0.00 0.00
0.00 0.00 0.00 0.00 0.00 0.00 0.00 0.00 0.00 1.85 4.15 6.41 8.13 9.68 9.69 9.44 7.56 5.40 3.07 0.14 0.00 0.00 0.00 0.00
0.00 0.00 0.00 0.00 0.00 0.00 0.00 0.00 0.00 1.89 4.34 6.60 8.06 8.84 8.91 8.36 6.88 4.97 2.75 0.06 0.00 0.00 0.00 0.00
0.00 0.00 0.00 0.00 0.00 0.00 0.00 0.00 0.00 1.68 4.08 6.36 8.49 10.24 10.46 10.21 8.55 6.29 3.71 0.29 0.00 0.00 0.00 0.00
0.00 0.00 0.00 0.00 0.00 0.00 0.00 0.00 0.00 17.20 46.32 72.18 93.29 106.55 111.84 107.55 92.02 67.58 41.96 6.74 0.00 0.00 0.00 0.00
0.00 0.00 0.00 0.00 0.00 0.00 0.00 0.00 0.00 2.29 6.16 9.54 13.05 15.58 15.99 15.55 13.23 9.61 5.77 0.54 0.00 0.00 0.00 0.00
0.00 0.00 0.00 0.00 0.00 0.00 0.00 0.00 0.00 3.55 9.07 14.61 19.54 22.68 22.87 22.61 18.98 13.66 8.06 0.58 0.00 0.00 0.00 0.00
0.00 0.00 0.00 0.00 0.00 0.00 0.00 0.00 0.00 1.63 4.16 6.70 8.96 10.39 10.48 10.36 8.70 6.26 3.70 0.27 0.00 0.00 0.00 0.00
0.00 0.00 0.00 0.00 0.00 0.00 0.00 0.00 0.00 2.81 7.58 11.67 16.06 19.12 19.57 18.91 16.16 11.78 7.07 0.66 0.00 0.00 0.00 0.00
0.00 0.00 0.00 0.00 0.00 0.00 0.00 0.00 0.00 1.22 3.19 5.02 6.86 7.91 7.98 7.58 6.50 4.77 2.81 0.21 0.00 0.00 0.00 0.00
0.00 0.00 0.00 0.00 0.00 0.00 0.00 0.00 0.00 12.98 39.42 60.36 82.07 95.97 102.72 98.86 84.05 64.48 40.37 6.55 0.00 0.00 0.00 0.00
0.00 0.00 0.00 0.00 0.00 0.00 0.00 0.00 0.00 3.27 14.45 22.05 28.86 34.22 34.80 33.32 27.93 20.65 12.64 1.35 0.00 0.00 0.00 0.00
0.00 0.00 0.00 0.00 0.00 0.00 0.00 0.00 0.00 0.85 3.22 4.93 6.53 7.51 7.73 7.45 6.42 4.69 2.87 0.32 0.00 0.00 0.00 0.00
0.00 0.00 0.00 0.00 0.00 0.00 0.00 0.00 0.00 1.29 4.02 6.20 8.07 9.39 9.67 9.24 7.98 5.93 3.63 0.41 0.00 0.00 0.00 0.00
0.00 0.00 0.00 0.00 0.00 0.00 0.00 0.00 0.00 2.06 6.44 9.92 12.91 15.03 15.47 14.78 12.76 9.48 5.81 0.66 0.00 0.00 0.00 0.00
0.00 0.00 0.00 0.00 0.00 0.00 0.00 0.00 0.00 37.57 140.64 222.26 303.76 364.35 392.41 379.80 342.25 251.43 160.37 29.84 0.00 0.00 0.00 0.00
