0.00 0.00 0.00 0.00 0.00 0.00 0.00 0.00 0.11 1.02 2.06 2.92 3.61 3.95 4.02 3.80 3.15 2.22 1.25 0.04 0.00 0.00 0.00 0.00
0.00 0.00 0.00 0.00 0.00 0.00 0.00 0.00 2.36 7.52 15.41 21.31 24.79 34.74 33.65 30.30 33.19 22.22 11.18 0.00 0.00 0.00 0.00 0.00
0.00 0.00 0.00 0.00 0.00 0.00 0.00 0.00 2.42 23.32 47.04 66.83 82.61 90.22 91.85 86.99 72.11 50.76 28.57 0.89 0.00 0.00 0.00 0.00
0.00 0.00 0.00 0.00 0.00 0.00 0.00 0.00 8.61 82.89 167.18 237.50 293.60 320.65 326.44 309.17 256.27 180.39 101.53 3.18 0.00 0.00 0.00 0.00
0.00 0.00 0.00 0.00 0.00 0.00 0.00 0.00 1.66 4.40 6.66 8.78 9.90 9.96 9.51 8.30 4.98 3.22 1.44 0.00 0.00 0.00 0.00 0.00
0.00 0.00 0.00 0.00 0.00 0.00 0.00 0.00 11.05 172.19 362.18 516.37 643.15 735.55 761.81 727.85 604.84 428.09 247.63 14.17 0.00 0.00 0.00 0.00
0.00 0.00 0.00 0.00 0.00 0.00 0.00 0.00 0.71 2.43 4.05 5.58 6.60 7.27 7.26 6.61 5.42 3.54 1.69 0.00 0.00 0.00 0.00 0.00
0.00 0.00 0.00 0.00 0.00 0.00 0.00 0.00 0.30 0.96 1.16 1.59 1.80 1.78 1.73 1.58 2.52 1.68 0.84 0.00 0.00 0.00 0.00 0.00
0.00 0.00 0.00 0.00 0.00 0.00 0.00 0.00 0.48 1.54 1.85 2.54 2.88 2.85 2.77 2.53 4.02 2.69 1.34 0.00 0.00 0.00 0.00 0.00
0.00 0.00 0.00 0.00 0.00 0.00 0.00 0.00 0.48 1.54 1.85 2.54 2.88 2.85 2.77 2.53 4.02 2.69 1.34 0.00 0.00 0.00 0.00 0.00
0.00 0.00 0.00 0.00 0.00 0.00 0.00 0.00 1.10 4.08 4.74 6.77 8.00 7.15 7.02 6.56 8.66 5.87 3.02 0.00 0.00 0.00 0.00 0.00
0.00 0.00 0.00 0.00 0.00 0.00 0.00 0.00 0.52 1.91 2.16 3.09 3.61 3.34 3.29 3.10 4.44 3.00 1.54 0.00 0.00 0.00 0.00 0.00
0.00 0.00 0.00 0.00 0.00 0.00 0.00 0.00 0.67 2.46 2.78 3.97 4.64 4.30 4.23 3.98 5.71 3.85 1.98 0.00 0.00 0.00 0.00 0.00
0.00 0.00 0.00 0.00 0.00 0.00 0.00 0.00 0.45 1.64 1.85 2.65 3.10 2.87 2.82 2.66 3.80 2.57 1.32 0.00 0.00 0.00 0.00 0.00
0.00 0.00 0.00 0.00 0.00 0.00 0.00 0.00 0.45 1.64 1.85 2.65 3.10 2.87 2.82 2.66 3.80 2.57 1.32 0.00 0.00 0.00 0.00 0.00
0.00 0.00 0.00 0.00 0.00 0.00 0.00 0.00 4.25 16.31 41.18 59.08 69.85 91.88 91.37 84.33 71.21 48.72 26.34 0.20 0.00 0.00 0.00 0.00
0.00 0.00 0.00 0.00 0.00 0.00 0.00 0.00 3.92 14.03 17.99 25.40 29.67 21.49 21.36 19.71 18.87 12.82 6.51 0.00 0.00 0.00 0.00 0.00
0.00 0.00 0.00 0.00 0.00 0.00 0.00 0.00 2.82 10.77 20.04 28.12 33.86 27.32 27.27 25.50 16.84 11.47 5.87 0.00 0.00 0.00 0.00 0.00
0.00 0.00 0.00 0.00 0.00 0.00 0.00 0.00 3.26 50.79 106.83 152.31 189.71 216.96 224.71 214.69 178.41 126.27 73.04 4.18 0.00 0.00 0.00 0.00
0.00 0.00 0.00 0.00 0.00 0.00 0.00 0.00 3.10 48.31 101.62 144.88 180.45 206.38 213.74 204.22 169.70 120.11 69.48 3.98 0.00 0.00 0.00 0.00
0.00 0.00 0.00 0.00 0.00 0.00 0.00 0.00 5.96 92.91 195.42 278.61 347.03 396.88 411.05 392.72 326.35 230.98 133.62 7.65 0.00 0.00 0.00 0.00
0.00 0.00 0.00 0.00 0.00 0.00 0.00 0.00 5.87 91.36 192.16 273.97 341.24 390.27 404.20 386.18 320.91 227.13 131.39 7.52 0.00 0.00 0.00 0.00
0.00 0.00 0.00 0.00 0.00 0.00 0.00 0.00 8.38 106.44 217.57 306.10 384.27 423.36 434.11 407.21 337.71 237.47 134.09 4.26 0.00 0.00 0.00 0.00
0.00 0.00 0.00 0.00 0.00 0.00 0.00 0.00 0.30 0.96 1.16 1.59 1.80 1.78 1.73 1.58 2.52 1.68 0.84 0.00 0.00 0.00 0.00 0.00
0.00 0.00 0.00 0.00 0.00 0.00 0.00 0.00 1.52 4.89 5.87 8.04 9.13 9.03 8.78 8.00 12.74 8.53 4.25 0.00 0.00 0.00 0.00 0.00
0.00 0.00 0.00 0.00 0.00 0.00 0.00 0.00 7.76 24.95 29.97 41.05 46.61 46.08 44.81 40.85 65.06 43.53 21.72 0.00 0.00 0.00 0.00 0.00
0.00 0.00 0.00 0.00 0.00 0.00 0.00 0.00 0.22 3.47 7.30 10.40 12.96 14.82 15.35 14.66 12.18 8.62 4.99 0.29 0.00 0.00 0.00 0.00
0.00 0.00 0.00 0.00 0.00 0.00 0.00 0.00 8.47 81.60 164.58 233.80 289.02 315.65 321.35 304.36 252.28 177.58 99.95 3.13 0.00 0.00 0.00 0.00
0.00 0.00 0.00 0.00 0.00 0.00 0.00 0.00 0.91 4.66 10.72 15.82 20.06 24.35 25.62 24.71 19.88 14.26 7.84 0.13 0.00 0.00 0.00 0.00
0.00 0.00 0.00 0.00 0.00 0.00 0.00 0.00 7.74 46.10 89.21 124.78 147.84 162.15 166.90 153.53 125.11 84.67 45.23 0.00 0.00 0.00 0.00 0.00
0.00 0.00 0.00 0.00 0.00 0.00 0.00 0.00 0.14 1.36 2.74 3.90 4.82 5.26 5.36 5.07 4.20 2.96 1.67 0.05 0.00 0.00 0.00 0.00
0.00 0.00 0.00 0.00 0.00 0.00 0.00 0.00 6.36 61.20 123.43 175.35 216.77 236.74 241.02 228.27 189.21 133.19 74.96 2.35 0.00 0.00 0.00 0.00
0.00 0.00 0.00 0.00 0.00 0.00 0.00 0.00 8.16 78.54 158.41 225.03 278.18 303.81 309.30 292.94 242.82 170.92 96.20 3.01 0.00 0.00 0.00 0.00
0.00 0.00 0.00 0.00 0.00 0.00 0.00 0.00 11.05 140.37 286.92 403.67 506.76 558.30 572.48 537.01 445.36 313.17 176.84 5.62 0.00 0.00 0.00 0.00
0.00 0.00 0.00 0.00 0.00 0.00 0.00 0.00 0.60 2.28 2.93 4.19 4.96 8.82 8.63 7.86 9.37 6.46 3.38 0.00 0.00 0.00 0.00 0.00
0.00 0.00 0.00 0.00 0.00 0.00 0.00 0.00 0.86 3.23 3.73 5.30 6.33 9.06 8.84 8.25 11.19 7.70 4.01 0.00 0.00 0.00 0.00 0.00
0.00 0.00 0.00 0.00 0.00 0.00 0.00 0.00 3.75 19.24 44.21 65.27 82.75 100.46 105.69 101.92 81.99 58.81 32.34 0.55 0.00 0.00 0.00 0.00
0.00 0.00 0.00 0.00 0.00 0.00 0.00 0.00 0.00 94.13 210.39 303.21 379.57 424.48 437.10 407.32 340.70 243.69 140.65 8.56 0.00 0.00 0.00 0.00
0.00 0.00 0.00 0.00 0.00 0.00 0.00 0.00 0.34 1.17 1.91 2.59 3.04 1.82 1.79 1.64 1.42 0.95 0.48 0.00 0.00 0.00 0.00 0.00
0.00 0.00 0.00 0.00 0.00 0.00 0.00 0.00 2.77 21.44 42.55 60.14 73.47 80.56 82.59 76.58 62.31 43.44 23.98 0.43 0.00 0.00 0.00 0.00
0.00 0.00 0.00 0.00 0.00 0.00 0.00 0.00 0.03 6.50 14.08 20.59 25.25 28.67 29.59 27.86 22.95 16.41 9.80 0.90 0.00 0.00 0.00 0.00
0.00 0.00 0.00 0.00 0.00 0.00 0.00 0.00 0.88 2.87 4.75 6.59 7.88 8.54 8.29 7.57 6.14 4.02 1.88 0.00 0.00 0.00 0.00 0.00
0.00 0.00 0.00 0.00 0.00 0.00 0.00 0.00 0.44 1.43 2.37 3.29 3.94 4.27 4.14 3.79 3.07 2.01 0.94 0.00 0.00 0.00 0.00 0.00
0.00 0.00 0.00 0.00 0.00 0.00 0.00 0.00 0.96 3.14 5.20 7.21 8.61 9.34 9.07 8.28 6.72 4.39 2.06 0.00 0.00 0.00 0.00 0.00
0.00 0.00 0.00 0.00 0.00 0.00 0.00 0.00 1.16 3.78 6.22 8.50 10.10 10.89 10.72 9.80 8.06 5.24 2.47 0.00 0.00 0.00 0.00 0.00
0.00 0.00 0.00 0.00 0.00 0.00 0.00 0.00 1.77 5.76 9.47 12.95 15.38 16.60 16.34 14.93 12.28 7.98 3.76 0.00 0.00 0.00 0.00 0.00
0.00 0.00 0.00 0.00 0.00 0.00 0.00 0.00 1.44 4.93 8.25 11.24 13.41 14.81 14.83 13.50 10.91 7.23 3.47 0.00 0.00 0.00 0.00 0.00
0.00 0.00 0.00 0.00 0.00 0.00 0.00 0.00 0.79 3.89 7.37 10.12 11.89 12.77 12.89 11.85 9.53 6.46 3.33 0.00 0.00 0.00 0.00 0.00
0.00 0.00 0.00 0.00 0.00 0.00 0.00 0.00 2.05 10.04 19.05 26.13 30.73 32.98 33.31 30.61 24.63 16.68 8.60 0.00 0.00 0.00 0.00 0.00
0.00 0.00 0.00 0.00 0.00 0.00 0.00 0.00 0.51 2.56 4.88 6.68 7.99 8.70 8.87 8.05 6.57 4.39 2.30 0.00 0.00 0.00 0.00 0.00
0.00 0.00 0.00 0.00 0.00 0.00 0.00 0.00 1.67 5.39 9.01 12.30 14.10 12.89 12.82 11.61 7.26 4.81 2.35 0.00 0.00 0.00 0.00 0.00
0.00 0.00 0.00 0.00 0.00 0.00 0.00 0.00 2.66 8.86 14.40 19.66 23.20 26.42 26.88 24.53 20.21 13.18 6.40 0.00 0.00 0.00 0.00 0.00
0.00 0.00 0.00 0.00 0.00 0.00 0.00 0.00 0.54 1.44 2.17 2.89 3.20 3.19 3.10 2.75 1.95 1.28 0.58 0.00 0.00 0.00 0.00 0.00
0.00 0.00 0.00 0.00 0.00 0.00 0.00 0.00 2.74 7.88 11.91 15.92 17.97 13.17 12.64 11.33 9.54 6.34 2.99 0.00 0.00 0.00 0.00 0.00
0.00 0.00 0.00 0.00 0.00 0.00 0.00 0.00 1.95 5.39 7.98 10.57 11.71 10.91 10.63 9.44 5.96 3.85 1.78 0.00 0.00 0.00 0.00 0.00
0.00 0.00 0.00 0.00 0.00 0.00 0.00 0.00 2.68 7.44 11.01 14.59 16.16 15.06 14.67 13.02 8.23 5.32 2.45 0.00 0.00 0.00 0.00 0.00
0.00 0.00 0.00 0.00 0.00 0.00 0.00 0.00 1.83 5.07 7.50 9.94 11.01 10.26 9.99 8.87 5.61 3.62 1.67 0.00 0.00 0.00 0.00 0.00
0.00 0.00 0.00 0.00 0.00 0.00 0.00 0.00 1.46 4.20 6.35 8.49 9.58 7.03 6.74 6.04 5.09 3.38 1.60 0.00 0.00 0.00 0.00 0.00
0.00 0.00 0.00 0.00 0.00 0.00 0.00 0.00 1.41 3.78 5.61 7.48 8.43 7.89 7.66 6.79 4.05 2.59 1.17 0.00 0.00 0.00 0.00 0.00
0.00 0.00 0.00 0.00 0.00 0.00 0.00 0.00 0.86 2.77 3.32 4.55 5.17 5.11 4.97 4.53 7.21 4.82 2.41 0.00 0.00 0.00 0.00 0.00
0.00 0.00 0.00 0.00 0.00 0.00 0.00 0.00 5.54 21.23 53.60 76.89 90.92 119.59 118.92 109.77 92.69 63.41 34.28 0.25 0.00 0.00 0.00 0.00
0.00 0.00 0.00 0.00 0.00 0.00 0.00 0.00 1.25 4.62 5.37 7.67 9.07 8.10 7.96 7.43 9.81 6.65 3.42 0.00 0.00 0.00 0.00 0.00
0.00 0.00 0.00 0.00 0.00 0.00 0.00 0.00 2.55 8.59 12.13 16.59 19.32 11.61 11.57 10.72 10.12 6.87 3.44 0.00 0.00 0.00 0.00 0.00
0.00 0.00 0.00 0.00 0.00 0.00 0.00 0.00 1.17 3.94 5.56 7.60 8.85 5.32 5.30 4.91 4.64 3.15 1.58 0.00 0.00 0.00 0.00 0.00
0.00 0.00 0.00 0.00 0.00 0.00 0.00 0.00 1.62 5.96 6.98 9.94 11.75 9.85 9.70 9.02 10.65 7.29 3.75 0.00 0.00 0.00 0.00 0.00
0.00 0.00 0.00 0.00 0.00 0.00 0.00 0.00 0.82 2.84 4.64 6.29 7.37 4.42 4.35 3.98 3.45 2.31 1.16 0.00 0.00 0.00 0.00 0.00
0.00 0.00 0.00 0.00 0.00 0.00 0.00 0.00 3.88 19.92 45.78 67.58 85.67 104.01 109.43 105.52 84.89 60.89 33.48 0.56 0.00 0.00 0.00 0.00
0.00 0.00 0.00 0.00 0.00 0.00 0.00 0.00 1.85 11.02 21.33 29.84 35.35 38.78 39.91 36.71 29.92 20.25 10.82 0.00 0.00 0.00 0.00 0.00
0.00 0.00 0.00 0.00 0.00 0.00 0.00 0.00 0.42 2.46 4.73 6.66 7.94 8.73 8.85 8.12 6.57 4.56 2.45 0.00 0.00 0.00 0.00 0.00
0.00 0.00 0.00 0.00 0.00 0.00 0.00 0.00 0.54 2.99 5.69 7.92 9.59 10.68 10.76 9.89 8.17 5.69 3.06 0.00 0.00 0.00 0.00 0.00
0.00 0.00 0.00 0.00 0.00 0.00 0.00 0.00 0.87 4.78 9.10 12.68 15.34 17.08 17.22 15.82 13.07 9.11 4.90 0.00 0.00 0.00 0.00 0.00
0.00 0.00 0.00 0.00 0.00 0.00 0.00 0.00 6.06 94.46 198.68 283.26 352.81 403.50 417.90 399.27 331.79 234.83 135.84 7.77 0.00 0.00 0.00 0.00
