0.00 0.00 0.00 0.00 0.00 0.00 0.00 0.21 1.12 1.99 3.05 4.01 4.79 5.23 5.33 5.04 4.42 3.55 2.44 1.31 0.52 0.00 0.00 0.00
0.00 0.00 0.00 0.00 0.00 0.00 0.00 5.09 19.64 33.28 48.29 63.69 75.57 81.63 82.19 77.20 65.15 50.84 33.75 14.55 2.75 0.00 0.00 0.00
0.00 0.00 0.00 0.00 0.00 0.00 0.00 4.79 25.50 45.42 69.74 91.73 109.58 119.68 121.90 115.20 101.02 81.23 55.74 30.00 11.83 0.00 0.00 0.00
0.00 0.00 0.00 0.00 0.00 0.00 0.00 17.02 90.61 161.42 247.84 326.02 389.45 425.32 433.24 409.42 359.01 288.70 198.11 106.63 42.04 0.00 0.00 0.00
0.00 0.00 0.00 0.00 0.00 0.00 0.00 1.41 3.86 6.21 8.94 11.40 12.97 13.02 13.01 11.89 10.17 7.75 4.98 2.31 0.29 0.00 0.00 0.00
0.00 0.00 0.00 0.00 0.00 0.00 0.00 24.34 197.53 364.70 571.72 755.21 901.01 984.26 993.23 933.18 785.99 617.05 433.56 243.12 98.28 0.00 0.00 0.00
0.00 0.00 0.00 0.00 0.00 0.00 0.00 0.90 2.52 4.04 5.84 7.37 8.55 9.10 9.37 8.85 7.68 6.01 3.97 1.77 0.50 0.00 0.00 0.00
0.00 0.00 0.00 0.00 0.00 0.00 0.00 0.32 1.13 1.89 2.73 3.60 4.24 4.58 4.61 4.41 3.94 3.11 2.08 1.00 0.21 0.00 0.00 0.00
0.00 0.00 0.00 0.00 0.00 0.00 0.00 0.51 1.81 3.02 4.37 5.76 6.78 7.33 7.38 7.06 6.31 4.98 3.33 1.59 0.33 0.00 0.00 0.00
0.00 0.00 0.00 0.00 0.00 0.00 0.00 0.51 1.81 3.02 4.37 5.76 6.78 7.33 7.38 7.06 6.31 4.98 3.33 1.59 0.33 0.00 0.00 0.00
0.00 0.00 0.00 0.00 0.00 0.00 0.00 1.03 3.87 6.54 9.73 13.17 16.01 17.86 18.59 17.78 16.57 13.09 8.76 4.03 1.07 0.00 0.00 0.00
0.00 0.00 0.00 0.00 0.00 0.00 0.00 0.49 1.83 3.09 4.57 6.19 7.47 8.32 8.61 8.19 7.71 6.08 4.04 1.87 0.49 0.00 0.00 0.00
0.00 0.00 0.00 0.00 0.00 0.00 0.00 0.63 2.36 3.98 5.88 7.96 9.60 10.70 11.07 10.54 9.91 7.82 5.19 2.40 0.63 0.00 0.00 0.00
0.00 0.00 0.00 0.00 0.00 0.00 0.00 0.42 1.57 2.65 3.92 5.30 6.40 7.13 7.38 7.02 6.61 5.21 3.46 1.60 0.42 0.00 0.00 0.00
0.00 0.00 0.00 0.00 0.00 0.00 0.00 0.42 1.57 2.65 3.92 5.30 6.40 7.13 7.38 7.02 6.61 5.21 3.46 1.60 0.42 0.00 0.00 0.00
0.00 0.00 0.00 0.00 0.00 0.00 0.00 3.76 22.92 40.93 62.10 80.71 94.44 103.65 105.75 102.06 90.47 70.50 45.84 20.36 4.83 0.00 0.00 0.00
0.00 0.00 0.00 0.00 0.00 0.00 0.00 3.46 12.27 20.56 30.43 40.22 48.71 54.64 55.78 54.14 49.60 39.13 26.30 11.93 3.12 0.00 0.00 0.00
0.00 0.00 0.00 0.00 0.00 0.00 0.00 3.21 11.39 19.07 27.63 36.10 43.62 46.89 48.08 46.34 41.79 33.13 22.14 10.00 2.85 0.00 0.00 0.00
0.00 0.00 0.00 0.00 0.00 0.00 0.00 7.18 58.26 107.57 168.64 222.76 265.77 290.32 292.97 275.25 231.84 182.01 127.88 71.71 28.99 0.00 0.00 0.00
0.00 0.00 0.00 0.00 0.00 0.00 0.00 6.83 55.42 102.33 160.41 211.89 252.80 276.16 278.68 261.83 220.53 173.13 121.65 68.21 27.57 0.00 0.00 0.00
0.00 0.00 0.00 0.00 0.00 0.00 0.00 13.13 106.58 196.78 308.48 407.49 486.16 531.07 535.91 503.51 424.09 332.94 233.93 131.18 53.03 0.00 0.00 0.00
0.00 0.00 0.00 0.00 0.00 0.00 0.00 12.91 104.80 193.50 303.34 400.70 478.05 522.22 526.98 495.12 417.03 327.39 230.04 128.99 52.14 0.00 0.00 0.00
0.00 0.00 0.00 0.00 0.00 0.00 0.00 24.40 123.71 219.02 329.56 434.33 515.53 560.37 572.13 542.48 477.29 383.29 264.44 148.17 61.03 0.00 0.00 0.00
0.00 0.00 0.00 0.00 0.00 0.00 0.00 0.32 1.13 1.89 2.73 3.60 4.24 4.58 4.61 4.41 3.94 3.11 2.08 1.00 0.21 0.00 0.00 0.00
0.00 0.00 0.00 0.00 0.00 0.00 0.00 1.62 5.74 9.57 13.84 18.23 21.47 23.21 23.36 22.36 19.97 15.77 10.53 5.05 1.06 0.00 0.00 0.00
0.00 0.00 0.00 0.00 0.00 0.00 0.00 8.28 29.32 48.88 70.66 93.08 109.59 118.51 119.24 114.13 101.95 80.53 53.76 25.76 5.41 0.00 0.00 0.00
0.00 0.00 0.00 0.00 0.00 0.00 0.00 0.49 3.98 7.35 11.52 15.21 18.15 19.83 20.01 18.80 15.83 12.43 8.73 4.90 1.98 0.00 0.00 0.00
0.00 0.00 0.00 0.00 0.00 0.00 0.00 16.76 89.20 158.91 243.98 320.94 383.38 418.69 426.49 403.04 353.42 284.20 195.02 104.96 41.39 0.00 0.00 0.00
0.00 0.00 0.00 0.00 0.00 0.00 0.00 0.91 4.86 8.61 13.60 19.50 24.73 28.54 30.12 28.95 25.71 20.54 14.24 6.90 2.24 0.00 0.00 0.00
0.00 0.00 0.00 0.00 0.00 0.00 0.00 14.09 50.94 86.04 126.17 162.71 189.38 203.23 205.44 194.67 170.02 137.22 95.46 47.35 17.83 0.00 0.00 0.00
0.00 0.00 0.00 0.00 0.00 0.00 0.00 0.28 1.49 2.65 4.07 5.35 6.39 6.98 7.11 6.72 5.89 4.74 3.25 1.75 0.69 0.00 0.00 0.00
0.00 0.00 0.00 0.00 0.00 0.00 0.00 12.57 66.90 119.18 182.98 240.70 287.53 314.02 319.86 302.28 265.06 213.15 146.26 78.72 31.04 0.00 0.00 0.00
0.00 0.00 0.00 0.00 0.00 0.00 0.00 16.13 85.86 152.95 234.83 308.90 369.00 402.99 410.49 387.92 340.16 273.54 187.71 101.03 39.83 0.00 0.00 0.00
0.00 0.00 0.00 0.00 0.00 0.00 0.00 32.18 163.14 288.83 434.61 572.77 679.86 738.98 754.49 715.40 629.42 505.46 348.72 195.39 80.48 0.00 0.00 0.00
0.00 0.00 0.00 0.00 0.00 0.00 0.00 0.69 2.82 4.82 7.02 9.59 11.73 12.82 13.01 12.56 11.95 9.43 6.42 3.00 0.80 0.00 0.00 0.00
0.00 0.00 0.00 0.00 0.00 0.00 0.00 0.88 3.54 6.03 8.72 11.85 14.70 16.05 16.47 15.83 15.16 11.85 7.97 3.71 0.99 0.00 0.00 0.00
0.00 0.00 0.00 0.00 0.00 0.00 0.00 3.77 20.05 35.51 56.10 80.43 101.99 117.74 124.24 119.40 106.05 84.72 58.74 28.46 9.22 0.00 0.00 0.00
0.00 0.00 0.00 0.00 0.00 0.00 0.00 26.83 129.72 228.61 338.78 446.70 529.55 579.68 592.58 573.87 512.06 413.72 299.26 193.06 90.24 0.00 0.00 0.00
0.00 0.00 0.00 0.00 0.00 0.00 0.00 0.30 1.01 1.67 2.34 3.18 3.81 4.04 4.15 3.95 3.67 2.89 1.95 0.92 0.23 0.00 0.00 0.00
0.00 0.00 0.00 0.00 0.00 0.00 0.00 5.37 23.83 41.50 61.75 80.82 95.47 103.78 105.08 98.87 86.45 69.86 49.59 26.02 10.08 0.00 0.00 0.00
0.00 0.00 0.00 0.00 0.00 0.00 0.00 0.27 6.79 13.08 20.65 27.82 32.97 36.13 36.05 33.25 28.09 22.41 16.05 9.48 3.98 0.00 0.00 0.00
0.00 0.00 0.00 0.00 0.00 0.00 0.00 1.05 2.83 4.52 6.58 8.51 9.79 10.29 10.45 10.01 8.73 6.83 4.57 2.02 0.54 0.00 0.00 0.00
0.00 0.00 0.00 0.00 0.00 0.00 0.00 0.53 1.42 2.26 3.29 4.25 4.90 5.15 5.23 5.00 4.36 3.42 2.28 1.01 0.27 0.00 0.00 0.00
0.00 0.00 0.00 0.00 0.00 0.00 0.00 1.15 3.10 4.94 7.19 9.30 10.71 11.26 11.43 10.95 9.55 7.47 5.00 2.21 0.59 0.00 0.00 0.00
0.00 0.00 0.00 0.00 0.00 0.00 0.00 1.35 3.71 5.92 8.48 10.99 12.63 13.01 13.30 12.91 11.08 8.58 5.82 2.54 0.67 0.00 0.00 0.00
0.00 0.00 0.00 0.00 0.00 0.00 0.00 2.05 5.65 9.02 12.93 16.75 19.25 19.83 20.27 19.68 16.88 13.07 8.87 3.87 1.02 0.00 0.00 0.00
0.00 0.00 0.00 0.00 0.00 0.00 0.00 1.81 5.09 8.17 11.89 15.02 17.40 18.62 18.88 17.94 15.47 12.14 8.19 3.60 1.01 0.00 0.00 0.00
0.00 0.00 0.00 0.00 0.00 0.00 0.00 1.37 4.33 7.14 10.36 13.29 15.42 16.37 16.26 15.22 13.33 10.56 7.34 3.58 1.29 0.00 0.00 0.00
0.00 0.00 0.00 0.00 0.00 0.00 0.00 3.54 11.19 18.46 26.77 34.32 39.85 42.29 42.00 39.31 34.44 27.29 18.96 9.25 3.33 0.00 0.00 0.00
0.00 0.00 0.00 0.00 0.00 0.00 0.00 0.82 2.81 4.69 6.82 8.81 10.22 10.94 11.07 10.32 8.91 7.07 4.92 2.42 0.86 0.00 0.00 0.00
0.00 0.00 0.00 0.00 0.00 0.00 0.00 1.52 4.76 7.80 10.64 13.95 16.47 15.13 15.59 14.80 13.10 10.21 6.88 3.55 0.83 0.00 0.00 0.00
0.00 0.00 0.00 0.00 0.00 0.00 0.00 2.82 8.45 13.73 19.53 25.72 31.13 32.20 32.56 31.04 24.97 19.39 12.81 5.97 1.54 0.00 0.00 0.00
0.00 0.00 0.00 0.00 0.00 0.00 0.00 0.46 1.24 1.97 2.55 3.24 3.68 2.98 2.98 2.83 3.02 2.32 1.53 0.87 0.12 0.00 0.00 0.00
0.00 0.00 0.00 0.00 0.00 0.00 0.00 2.26 6.79 10.99 14.43 18.61 21.47 18.92 18.97 18.00 19.35 15.05 9.97 5.19 0.89 0.00 0.00 0.00
0.00 0.00 0.00 0.00 0.00 0.00 0.00 1.61 4.61 7.42 9.96 12.79 14.61 13.93 13.95 13.11 12.92 10.06 6.60 3.35 0.52 0.00 0.00 0.00
0.00 0.00 0.00 0.00 0.00 0.00 0.00 2.22 6.36 10.24 13.74 17.66 20.16 19.22 19.25 18.09 17.84 13.88 9.11 4.63 0.71 0.00 0.00 0.00
0.00 0.00 0.00 0.00 0.00 0.00 0.00 1.51 4.33 6.98 9.36 12.03 13.73 13.09 13.11 12.32 12.15 9.46 6.20 3.15 0.49 0.00 0.00 0.00
0.00 0.00 0.00 0.00 0.00 0.00 0.00 1.20 3.62 5.86 7.69 9.92 11.45 10.09 10.12 9.60 10.32 8.03 5.31 2.77 0.47 0.00 0.00 0.00
0.00 0.00 0.00 0.00 0.00 0.00 0.00 1.25 3.48 5.62 8.06 10.22 11.75 12.34 12.34 11.35 9.55 7.26 4.66 2.23 0.29 0.00 0.00 0.00
0.00 0.00 0.00 0.00 0.00 0.00 0.00 0.92 3.25 5.42 7.83 10.32 12.15 13.13 13.22 12.65 11.30 8.92 5.96 2.86 0.60 0.00 0.00 0.00
0.00 0.00 0.00 0.00 0.00 0.00 0.00 4.89 29.83 53.27 80.83 105.05 122.93 134.91 137.64 132.84 117.75 91.77 59.67 26.50 6.29 0.00 0.00 0.00
0.00 0.00 0.00 0.00 0.00 0.00 0.00 1.17 4.39 7.41 11.03 14.93 18.14 20.24 21.07 20.15 18.78 14.84 9.93 4.57 1.22 0.00 0.00 0.00
0.00 0.00 0.00 0.00 0.00 0.00 0.00 1.91 6.54 10.84 15.32 20.90 24.74 27.19 27.31 26.02 25.99 20.31 13.59 6.18 1.50 0.00 0.00 0.00
0.00 0.00 0.00 0.00 0.00 0.00 0.00 0.88 3.00 4.97 7.02 9.58 11.34 12.46 12.52 11.93 11.91 9.31 6.23 2.83 0.69 0.00 0.00 0.00
0.00 0.00 0.00 0.00 0.00 0.00 0.00 1.47 5.47 9.24 13.72 18.49 22.54 25.22 26.23 25.13 23.24 18.38 12.34 5.64 1.51 0.00 0.00 0.00
0.00 0.00 0.00 0.00 0.00 0.00 0.00 0.72 2.44 4.06 5.68 7.72 9.26 9.82 10.07 9.59 8.92 7.02 4.73 2.23 0.57 0.00 0.00 0.00
0.00 0.00 0.00 0.00 0.00 0.00 0.00 3.90 20.76 36.77 58.09 83.28 105.60 121.90 128.64 123.63 109.80 87.71 60.81 29.46 9.55 0.00 0.00 0.00
0.00 0.00 0.00 0.00 0.00 0.00 0.00 3.37 12.18 20.57 30.17 38.91 45.29 48.60 49.13 46.55 40.66 32.81 22.83 11.32 4.26 0.00 0.00 0.00
0.00 0.00 0.00 0.00 0.00 0.00 0.00 0.71 2.68 4.55 6.74 8.72 10.15 10.93 11.14 10.44 9.15 7.30 5.08 2.51 0.94 0.00 0.00 0.00
0.00 0.00 0.00 0.00 0.00 0.00 0.00 0.83 3.22 5.51 8.04 10.54 12.55 13.76 13.76 12.89 11.34 8.96 6.21 3.05 1.10 0.00 0.00 0.00
0.00 0.00 0.00 0.00 0.00 0.00 0.00 1.32 5.16 8.81 12.86 16.86 20.07 22.02 22.01 20.62 18.14 14.34 9.94 4.88 1.75 0.00 0.00 0.00
0.00 0.00 0.00 0.00 0.00 0.00 0.00 13.35 108.36 200.06 313.62 414.28 494.26 539.92 544.85 511.90 431.16 338.49 237.83 133.36 53.91 0.00 0.00 0.00
