0.00 0.00 0.00 0.00 0.00 0.00 0.00 0.00 0.53 1.53 2.61 3.66 4.42 4.85 4.89 4.68 4.05 3.18 2.10 0.83 0.08 0.00 0.00 0.00
0.00 0.00 0.00 0.00 0.00 0.00 0.00 0.00 11.44 26.17 42.37 57.65 69.76 75.11 75.18 70.28 58.24 44.76 27.79 7.92 0.00 0.00 0.00 0.00
0.00 0.00 0.00 0.00 0.00 0.00 0.00 0.00 12.17 34.89 59.68 83.58 101.03 110.79 111.72 106.95 92.64 72.62 48.05 18.95 1.87 0.00 0.00 0.00
0.00 0.00 0.00 0.00 0.00 0.00 0.00 0.00 43.26 123.99 212.11 297.05 359.05 393.75 397.05 380.10 329.22 258.09 170.76 67.33 6.64 0.00 0.00 0.00
0.00 0.00 0.00 0.00 0.00 0.00 0.00 0.00 2.51 5.07 7.99 10.64 12.23 12.57 12.41 11.64 9.72 7.27 4.32 1.00 0.00 0.00 0.00 0.00
0.00 0.00 0.00 0.00 0.00 0.00 0.00 0.00 83.90 265.17 482.52 678.73 820.41 889.14 906.99 858.76 743.37 587.68 402.48 167.01 22.76 0.00 0.00 0.00
0.00 0.00 0.00 0.00 0.00 0.00 0.00 0.00 1.55 3.34 5.24 7.17 8.31 8.98 8.91 8.39 7.06 5.23 3.24 0.94 0.00 0.00 0.00 0.00
0.00 0.00 0.00 0.00 0.00 0.00 0.00 0.00 0.67 1.51 2.41 3.32 3.93 4.27 4.38 4.11 3.53 2.75 1.71 0.49 0.00 0.00 0.00 0.00
0.00 0.00 0.00 0.00 0.00 0.00 0.00 0.00 1.07 2.41 3.85 5.31 6.29 6.83 7.00 6.58 5.66 4.41 2.74 0.78 0.00 0.00 0.00 0.00
0.00 0.00 0.00 0.00 0.00 0.00 0.00 0.00 1.07 2.41 3.85 5.31 6.29 6.83 7.00 6.58 5.66 4.41 2.74 0.78 0.00 0.00 0.00 0.00
0.00 0.00 0.00 0.00 0.00 0.00 0.00 0.00 2.40 5.66 9.72 13.57 16.55 17.97 18.07 17.36 15.13 11.57 7.41 2.33 0.00 0.00 0.00 0.00
0.00 0.00 0.00 0.00 0.00 0.00 0.00 0.00 1.15 2.70 4.66 6.40 7.74 8.40 8.46 8.17 7.11 5.46 3.40 1.06 0.00 0.00 0.00 0.00
0.00 0.00 0.00 0.00 0.00 0.00 0.00 0.00 1.47 3.47 6.00 8.23 9.95 10.80 10.88 10.51 9.14 7.02 4.37 1.36 0.00 0.00 0.00 0.00
0.00 0.00 0.00 0.00 0.00 0.00 0.00 0.00 0.98 2.31 4.00 5.48 6.63 7.20 7.25 7.01 6.09 4.68 2.92 0.91 0.00 0.00 0.00 0.00
0.00 0.00 0.00 0.00 0.00 0.00 0.00 0.00 0.98 2.31 4.00 5.48 6.63 7.20 7.25 7.01 6.09 4.68 2.92 0.91 0.00 0.00 0.00 0.00
0.00 0.00 0.00 0.00 0.00 0.00 0.00 0.00 11.45 29.50 52.98 74.37 91.57 103.30 107.38 103.07 87.34 67.48 42.11 13.89 0.00 0.00 0.00 0.00
0.00 0.00 0.00 0.00 0.00 0.00 0.00 0.00 7.62 17.64 29.51 41.73 50.83 54.93 54.04 51.25 45.32 34.60 22.18 6.84 0.00 0.00 0.00 0.00
0.00 0.00 0.00 0.00 0.00 0.00 0.00 0.00 6.69 15.69 26.35 35.72 43.36 46.16 46.31 44.30 38.43 29.46 18.81 5.90 0.00 0.00 0.00 0.00
0.00 0.00 0.00 0.00 0.00 0.00 0.00 0.00 24.75 78.21 142.33 200.20 241.99 262.27 267.53 253.30 219.27 173.34 118.72 49.26 6.71 0.00 0.00 0.00
0.00 0.00 0.00 0.00 0.00 0.00 0.00 0.00 23.54 74.40 135.38 190.44 230.19 249.47 254.48 240.95 208.57 164.89 112.93 46.86 6.38 0.00 0.00 0.00
0.00 0.00 0.00 0.00 0.00 0.00 0.00 0.00 45.27 143.08 260.35 366.22 442.67 479.75 489.38 463.36 401.10 317.09 217.17 90.11 12.28 0.00 0.00 0.00
0.00 0.00 0.00 0.00 0.00 0.00 0.00 0.00 44.52 140.69 256.01 360.12 435.29 471.76 481.22 455.64 394.42 311.81 213.55 88.61 12.07 0.00 0.00 0.00
0.00 0.00 0.00 0.00 0.00 0.00 0.00 0.00 58.62 169.64 290.02 399.64 475.61 515.66 517.57 489.51 426.86 333.43 223.23 90.05 10.86 0.00 0.00 0.00
0.00 0.00 0.00 0.00 0.00 0.00 0.00 0.00 0.67 1.51 2.41 3.32 3.93 4.27 4.38 4.11 3.53 2.75 1.71 0.49 0.00 0.00 0.00 0.00
0.00 0.00 0.00 0.00 0.00 0.00 0.00 0.00 3.38 7.64 12.19 16.80 19.92 21.64 22.17 20.84 17.91 13.95 8.68 2.46 0.00 0.00 0.00 0.00
0.00 0.00 0.00 0.00 0.00 0.00 0.00 0.00 17.26 38.99 62.24 85.77 101.70 110.50 113.19 106.40 91.43 71.23 44.29 12.55 0.00 0.00 0.00 0.00
0.00 0.00 0.00 0.00 0.00 0.00 0.00 0.00 1.69 5.34 9.72 13.67 16.53 17.91 18.27 17.30 14.97 11.84 8.11 3.36 0.46 0.00 0.00 0.00
0.00 0.00 0.00 0.00 0.00 0.00 0.00 0.00 42.58 122.05 208.80 292.42 353.46 387.61 390.86 374.18 324.09 254.07 168.09 66.28 6.54 0.00 0.00 0.00
0.00 0.00 0.00 0.00 0.00 0.00 0.00 0.00 3.11 8.28 14.37 20.54 26.13 29.82 30.66 29.28 24.83 19.42 13.10 4.65 0.00 0.00 0.00 0.00
0.00 0.00 0.00 0.00 0.00 0.00 0.00 0.00 25.77 64.60 108.20 150.90 176.52 189.17 189.17 178.81 153.49 118.44 77.04 26.88 0.62 0.00 0.00 0.00
0.00 0.00 0.00 0.00 0.00 0.00 0.00 0.00 0.71 2.03 3.48 4.87 5.89 6.46 6.51 6.24 5.40 4.23 2.80 1.10 0.11 0.00 0.00 0.00
0.00 0.00 0.00 0.00 0.00 0.00 0.00 0.00 31.94 91.54 156.60 219.31 265.09 290.71 293.15 280.63 243.07 190.55 126.07 49.71 4.90 0.00 0.00 0.00
0.00 0.00 0.00 0.00 0.00 0.00 0.00 0.00 40.99 117.48 200.97 281.45 340.20 373.08 376.20 360.14 311.93 244.54 161.79 63.80 6.29 0.00 0.00 0.00
0.00 0.00 0.00 0.00 0.00 0.00 0.00 0.00 77.31 223.72 382.46 527.03 627.21 680.03 682.55 645.55 562.92 439.71 294.38 118.76 14.33 0.00 0.00 0.00
0.00 0.00 0.00 0.00 0.00 0.00 0.00 0.00 1.71 4.14 7.13 9.93 11.95 13.20 13.54 12.89 11.09 8.52 5.42 1.74 0.00 0.00 0.00 0.00
0.00 0.00 0.00 0.00 0.00 0.00 0.00 0.00 2.17 5.21 8.95 12.48 15.05 16.59 16.85 16.16 13.90 10.62 6.78 2.14 0.00 0.00 0.00 0.00
0.00 0.00 0.00 0.00 0.00 0.00 0.00 0.00 12.83 34.17 59.28 84.74 107.80 122.99 126.49 120.77 102.41 80.10 54.03 19.16 0.00 0.00 0.00 0.00
0.00 0.00 0.00 0.00 0.00 0.00 0.00 0.00 51.04 158.44 265.79 361.04 444.43 470.88 474.67 449.77 419.28 337.93 233.96 104.35 20.90 0.00 0.00 0.00
0.00 0.00 0.00 0.00 0.00 0.00 0.00 0.00 0.63 1.43 2.37 3.33 4.03 4.38 4.31 3.99 3.47 2.68 1.70 0.50 0.00 0.00 0.00 0.00
0.00 0.00 0.00 0.00 0.00 0.00 0.00 0.00 11.45 31.04 53.24 73.23 88.57 96.49 97.60 91.42 79.45 62.56 40.85 15.67 1.12 0.00 0.00 0.00
0.00 0.00 0.00 0.00 0.00 0.00 0.00 0.00 2.70 9.84 17.67 25.18 30.70 33.19 32.85 31.18 27.80 22.43 15.42 6.69 1.21 0.00 0.00 0.00
0.00 0.00 0.00 0.00 0.00 0.00 0.00 0.00 1.86 3.93 6.03 8.23 9.65 10.27 10.22 9.50 8.15 6.03 3.70 1.07 0.00 0.00 0.00 0.00
0.00 0.00 0.00 0.00 0.00 0.00 0.00 0.00 0.93 1.96 3.01 4.12 4.82 5.14 5.11 4.75 4.08 3.01 1.85 0.53 0.00 0.00 0.00 0.00
0.00 0.00 0.00 0.00 0.00 0.00 0.00 0.00 2.03 4.30 6.59 9.00 10.55 11.24 11.18 10.39 8.92 6.59 4.05 1.17 0.00 0.00 0.00 0.00
0.00 0.00 0.00 0.00 0.00 0.00 0.00 0.00 2.37 5.04 7.86 10.84 12.83 13.75 13.59 12.66 10.76 7.87 4.87 1.38 0.00 0.00 0.00 0.00
0.00 0.00 0.00 0.00 0.00 0.00 0.00 0.00 3.61 7.68 11.97 16.52 19.55 20.96 20.70 19.29 16.40 11.99 7.42 2.11 0.00 0.00 0.00 0.00
0.00 0.00 0.00 0.00 0.00 0.00 0.00 0.00 3.13 6.77 10.59 14.46 16.99 18.25 18.21 16.91 14.30 10.70 6.66 1.98 0.00 0.00 0.00 0.00
0.00 0.00 0.00 0.00 0.00 0.00 0.00 0.00 2.23 5.26 8.65 11.76 14.16 15.22 14.93 14.00 12.13 9.38 5.97 2.02 0.00 0.00 0.00 0.00
0.00 0.00 0.00 0.00 0.00 0.00 0.00 0.00 5.75 13.59 22.34 30.39 36.59 39.32 38.58 36.18 31.35 24.23 15.41 5.22 0.00 0.00 0.00 0.00
0.00 0.00 0.00 0.00 0.00 0.00 0.00 0.00 1.44 3.49 5.80 8.07 9.68 10.37 10.25 9.66 8.23 6.24 3.98 1.38 0.00 0.00 0.00 0.00
0.00 0.00 0.00 0.00 0.00 0.00 0.00 0.00 3.04 6.71 10.85 14.81 17.84 19.28 19.02 17.66 14.68 11.35 7.11 1.99 0.00 0.00 0.00 0.00
0.00 0.00 0.00 0.00 0.00 0.00 0.00 0.00 5.54 12.14 19.44 26.40 31.33 33.23 33.07 31.15 26.95 20.44 12.43 3.51 0.00 0.00 0.00 0.00
0.00 0.00 0.00 0.00 0.00 0.00 0.00 0.00 0.76 1.55 2.45 3.28 3.80 3.92 3.86 3.69 3.14 2.33 1.41 0.35 0.00 0.00 0.00 0.00
0.00 0.00 0.00 0.00 0.00 0.00 0.00 0.00 3.95 8.38 13.35 17.81 21.10 22.45 22.30 20.97 17.36 13.10 8.09 2.06 0.00 0.00 0.00 0.00
0.00 0.00 0.00 0.00 0.00 0.00 0.00 0.00 2.80 5.81 9.11 12.17 14.06 14.68 14.81 14.08 11.67 8.76 5.31 1.31 0.00 0.00 0.00 0.00
0.00 0.00 0.00 0.00 0.00 0.00 0.00 0.00 3.86 8.02 12.58 16.79 19.40 20.26 20.44 19.43 16.10 12.09 7.33 1.80 0.00 0.00 0.00 0.00
0.00 0.00 0.00 0.00 0.00 0.00 0.00 0.00 2.63 5.46 8.57 11.44 13.22 13.80 13.92 13.24 10.97 8.23 4.99 1.23 0.00 0.00 0.00 0.00
0.00 0.00 0.00 0.00 0.00 0.00 0.00 0.00 2.11 4.47 7.12 9.50 11.25 11.97 11.89 11.18 9.26 6.99 4.32 1.10 0.00 0.00 0.00 0.00
0.00 0.00 0.00 0.00 0.00 0.00 0.00 0.00 2.21 4.51 7.13 9.49 10.82 11.28 11.05 10.33 8.68 6.51 3.90 0.93 0.00 0.00 0.00 0.00
0.00 0.00 0.00 0.00 0.00 0.00 0.00 0.00 1.91 4.32 6.90 9.51 11.27 12.25 12.54 11.79 10.13 7.89 4.91 1.39 0.00 0.00 0.00 0.00
0.00 0.00 0.00 0.00 0.00 0.00 0.00 0.00 14.91 38.39 68.96 96.80 119.19 134.45 139.76 134.16 113.68 87.83 54.80 18.08 0.00 0.00 0.00 0.00
0.00 0.00 0.00 0.00 0.00 0.00 0.00 0.00 2.72 6.41 11.02 15.38 18.76 20.37 20.48 19.67 17.15 13.11 8.40 2.64 0.00 0.00 0.00 0.00
0.00 0.00 0.00 0.00 0.00 0.00 0.00 0.00 4.47 10.14 16.39 22.46 27.24 29.21 28.85 27.22 23.36 18.12 11.57 3.29 0.00 0.00 0.00 0.00
0.00 0.00 0.00 0.00 0.00 0.00 0.00 0.00 2.05 4.65 7.51 10.29 12.49 13.39 13.22 12.47 10.71 8.30 5.30 1.51 0.00 0.00 0.00 0.00
0.00 0.00 0.00 0.00 0.00 0.00 0.00 0.00 3.35 7.90 13.58 19.13 23.36 25.28 25.32 24.22 21.16 16.18 10.48 3.30 0.00 0.00 0.00 0.00
0.00 0.00 0.00 0.00 0.00 0.00 0.00 0.00 1.53 3.47 5.77 8.08 9.78 10.63 10.47 9.69 8.42 6.51 4.14 1.22 0.00 0.00 0.00 0.00
0.00 0.00 0.00 0.00 0.00 0.00 0.00 0.00 13.28 35.38 61.37 87.74 111.61 127.34 130.96 125.04 106.03 82.93 55.94 19.84 0.00 0.00 0.00 0.00
0.00 0.00 0.00 0.00 0.00 0.00 0.00 0.00 6.16 15.45 25.87 36.08 42.21 45.24 45.24 42.76 36.70 28.32 18.42 6.43 0.15 0.00 0.00 0.00
0.00 0.00 0.00 0.00 0.00 0.00 0.00 0.00 1.33 3.38 5.77 8.09 9.59 10.10 10.31 9.69 8.29 6.45 4.22 1.47 0.03 0.00 0.00 0.00
0.00 0.00 0.00 0.00 0.00 0.00 0.00 0.00 1.65 4.18 7.04 9.79 11.85 12.84 12.92 12.18 10.58 8.14 5.29 1.83 0.00 0.00 0.00 0.00
0.00 0.00 0.00 0.00 0.00 0.00 0.00 0.00 2.64 6.69 11.27 15.66 18.96 20.54 20.68 19.49 16.93 13.02 8.47 2.94 0.00 0.00 0.00 0.00
0.00 0.00 0.00 0.00 0.00 0.00 0.00 0.00 46.02 145.46 264.69 372.33 450.05 487.75 497.54 471.08 407.79 322.38 220.79 91.61 12.48 0.00 0.00 0.00
