0.00 0.00 0.00 0.00 0.00 0.00 0.00 0.00 0.83 1.79 2.86 3.90 4.66 5.08 5.11 4.90 4.26 3.37 2.28 1.01 0.23 0.00 0.00 0.00
0.00 0.00 0.00 0.00 0.00 0.00 0.00 0.09 15.23 29.59 45.93 61.25 73.40 78.80 78.33 72.95 60.44 46.62 29.46 9.41 0.00 0.00 0.00 0.00
0.00 0.00 0.00 0.00 0.00 0.00 0.00 0.00 19.02 40.99 65.34 89.14 106.44 116.23 116.88 111.97 97.48 77.09 52.11 23.11 5.20 0.00 0.00 0.00
0.00 0.00 0.00 0.00 0.00 0.00 0.00 0.00 67.61 145.69 232.21 316.78 378.30 413.06 415.38 397.95 346.44 273.96 185.19 82.11 18.49 0.00 0.00 0.00
0.00 0.00 0.00 0.00 0.00 0.00 0.00 0.50 2.98 5.30 8.45 11.04 12.56 12.90 12.69 11.91 9.80 7.40 4.53 1.28 0.00 0.00 0.00 0.00
0.00 0.00 0.00 0.00 0.00 0.00 0.00 0.00 138.55 316.41 535.08 731.85 872.78 940.79 954.17 901.37 781.54 621.82 433.64 197.90 49.12 0.00 0.00 0.00
0.00 0.00 0.00 0.00 0.00 0.00 0.00 0.25 2.07 3.77 5.59 7.48 8.59 9.02 8.91 8.39 7.38 5.52 3.51 1.20 0.01 0.00 0.00 0.00
0.00 0.00 0.00 0.00 0.00 0.00 0.00 0.03 0.91 1.74 2.65 3.57 4.19 4.52 4.60 4.31 3.71 2.91 1.85 0.62 0.00 0.00 0.00 0.00
0.00 0.00 0.00 0.00 0.00 0.00 0.00 0.05 1.45 2.78 4.24 5.72 6.70 7.23 7.36 6.90 5.94 4.65 2.95 0.99 0.00 0.00 0.00 0.00
0.00 0.00 0.00 0.00 0.00 0.00 0.00 0.05 1.45 2.78 4.24 5.72 6.70 7.23 7.36 6.90 5.94 4.65 2.95 0.99 0.00 0.00 0.00 0.00
0.00 0.00 0.00 0.00 0.00 0.00 0.00 0.00 3.44 6.71 10.81 14.68 17.63 18.73 18.74 17.98 15.90 12.26 8.04 2.90 0.09 0.00 0.00 0.00
0.00 0.00 0.00 0.00 0.00 0.00 0.00 0.00 1.64 3.20 5.19 6.93 8.25 8.82 8.84 8.52 7.46 5.78 3.68 1.31 0.03 0.00 0.00 0.00
0.00 0.00 0.00 0.00 0.00 0.00 0.00 0.00 2.11 4.12 6.67 8.91 10.61 11.34 11.36 10.95 9.60 7.43 4.74 1.69 0.04 0.00 0.00 0.00
0.00 0.00 0.00 0.00 0.00 0.00 0.00 0.00 1.41 2.75 4.45 5.94 7.08 7.56 7.57 7.30 6.40 4.96 3.16 1.12 0.03 0.00 0.00 0.00
0.00 0.00 0.00 0.00 0.00 0.00 0.00 0.00 1.41 2.75 4.45 5.94 7.08 7.56 7.57 7.30 6.40 4.96 3.16 1.12 0.03 0.00 0.00 0.00
0.00 0.00 0.00 0.00 0.00 0.00 0.00 0.00 15.74 32.96 56.23 77.38 94.48 106.62 109.96 105.04 89.13 69.24 43.97 16.00 0.36 0.00 0.00 0.00
0.00 0.00 0.00 0.00 0.00 0.00 0.00 0.16 10.82 20.86 32.73 45.06 54.03 57.57 56.39 53.43 47.67 36.72 24.11 8.58 0.15 0.00 0.00 0.00
0.00 0.00 0.00 0.00 0.00 0.00 0.00 0.06 9.54 18.47 29.06 38.34 45.82 48.36 48.35 46.25 40.62 31.43 20.55 7.51 0.38 0.00 0.00 0.00
0.00 0.00 0.00 0.00 0.00 0.00 0.00 0.00 40.87 93.33 157.83 215.87 257.44 277.50 281.45 265.87 230.53 183.41 127.91 58.37 14.49 0.00 0.00 0.00
0.00 0.00 0.00 0.00 0.00 0.00 0.00 0.00 38.87 88.78 150.13 205.34 244.88 263.96 267.72 252.90 219.28 174.47 121.67 55.53 13.78 0.00 0.00 0.00
0.00 0.00 0.00 0.00 0.00 0.00 0.00 0.00 74.75 170.73 288.71 394.88 470.92 507.62 514.84 486.35 421.69 335.51 233.98 106.78 26.50 0.00 0.00 0.00
0.00 0.00 0.00 0.00 0.00 0.00 0.00 0.00 73.51 167.88 283.90 388.30 463.07 499.16 506.26 478.24 414.67 329.92 230.08 105.00 26.06 0.00 0.00 0.00
0.00 0.00 0.00 0.00 0.00 0.00 0.00 0.00 92.96 200.23 316.97 425.05 499.42 538.25 539.22 510.90 448.39 353.69 242.24 109.34 26.92 0.00 0.00 0.00
0.00 0.00 0.00 0.00 0.00 0.00 0.00 0.03 0.91 1.74 2.65 3.57 4.19 4.52 4.60 4.31 3.71 2.91 1.85 0.62 0.00 0.00 0.00 0.00
0.00 0.00 0.00 0.00 0.00 0.00 0.00 0.14 4.60 8.80 13.44 18.11 21.23 22.90 23.31 21.84 18.80 14.73 9.35 3.14 0.00 0.00 0.00 0.00
0.00 0.00 0.00 0.00 0.00 0.00 0.00 0.73 23.49 44.93 68.60 92.46 108.38 116.92 119.00 111.49 95.96 75.21 47.76 16.05 0.00 0.00 0.00 0.00
0.00 0.00 0.00 0.00 0.00 0.00 0.00 0.00 2.79 6.37 10.78 14.74 17.58 18.95 19.22 18.16 15.74 12.53 8.74 3.99 0.99 0.00 0.00 0.00
0.00 0.00 0.00 0.00 0.00 0.00 0.00 0.00 66.56 143.41 228.59 311.84 372.40 406.62 408.90 391.75 341.04 269.69 182.30 80.84 18.20 0.00 0.00 0.00
0.00 0.00 0.00 0.00 0.00 0.00 0.00 0.00 4.68 9.81 15.93 22.10 27.62 31.11 31.81 30.29 25.83 20.37 14.03 5.78 0.76 0.00 0.00 0.00
0.00 0.00 0.00 0.00 0.00 0.00 0.00 0.00 38.74 77.10 120.42 163.24 188.07 199.14 198.33 187.41 161.72 125.97 83.94 34.95 6.27 0.00 0.00 0.00
0.00 0.00 0.00 0.00 0.00 0.00 0.00 0.00 1.11 2.39 3.81 5.20 6.21 6.78 6.82 6.53 5.68 4.49 3.04 1.35 0.30 0.00 0.00 0.00
0.00 0.00 0.00 0.00 0.00 0.00 0.00 0.00 49.92 107.56 171.44 233.88 279.30 304.97 306.68 293.81 255.78 202.27 136.73 60.63 13.65 0.00 0.00 0.00
0.00 0.00 0.00 0.00 0.00 0.00 0.00 0.00 64.06 138.04 220.01 300.15 358.44 391.37 393.57 377.06 328.25 259.57 175.47 77.80 17.52 0.00 0.00 0.00
0.00 0.00 0.00 0.00 0.00 0.00 0.00 0.00 122.59 264.05 418.01 560.54 658.61 709.82 711.10 673.75 591.31 466.43 319.45 144.19 35.49 0.00 0.00 0.00
0.00 0.00 0.00 0.00 0.00 0.00 0.00 0.00 2.47 4.90 7.92 10.74 12.74 13.71 13.99 13.28 11.60 8.97 5.83 2.12 0.08 0.00 0.00 0.00
0.00 0.00 0.00 0.00 0.00 0.00 0.00 0.00 3.12 6.17 9.95 13.52 16.06 17.07 17.24 16.50 14.56 11.20 7.31 2.62 0.09 0.00 0.00 0.00
0.00 0.00 0.00 0.00 0.00 0.00 0.00 0.00 19.29 40.46 65.71 91.16 113.93 128.33 131.21 124.95 106.53 84.01 57.86 23.84 3.12 0.00 0.00 0.00
0.00 0.00 0.00 0.00 0.00 0.00 0.00 0.00 86.56 190.16 298.57 393.69 478.04 512.12 516.12 490.87 445.65 363.10 257.44 126.78 40.14 0.00 0.00 0.00
0.00 0.00 0.00 0.00 0.00 0.00 0.00 0.03 0.88 1.68 2.62 3.58 4.26 4.58 4.49 4.16 3.65 2.85 1.85 0.65 0.00 0.00 0.00 0.00
0.00 0.00 0.00 0.00 0.00 0.00 0.00 0.00 17.56 36.59 58.29 77.99 93.04 100.55 101.59 95.39 83.59 66.50 44.46 19.51 4.07 0.00 0.00 0.00
0.00 0.00 0.00 0.00 0.00 0.00 0.00 0.00 4.79 11.75 19.54 26.96 32.32 34.66 34.10 32.28 28.83 23.40 16.36 7.72 2.16 0.00 0.00 0.00
0.00 0.00 0.00 0.00 0.00 0.00 0.00 0.35 2.45 4.42 6.43 8.60 9.99 10.52 10.42 9.67 8.51 6.35 4.01 1.36 0.00 0.00 0.00 0.00
0.00 0.00 0.00 0.00 0.00 0.00 0.00 0.18 1.22 2.21 3.21 4.30 4.99 5.26 5.21 4.84 4.26 3.18 2.00 0.68 0.00 0.00 0.00 0.00
0.00 0.00 0.00 0.00 0.00 0.00 0.00 0.39 2.68 4.83 7.03 9.40 10.92 11.50 11.39 10.58 9.31 6.95 4.38 1.49 0.00 0.00 0.00 0.00
0.00 0.00 0.00 0.00 0.00 0.00 0.00 0.42 3.13 5.67 8.29 11.21 13.14 14.22 13.99 13.03 11.22 8.28 5.26 1.77 0.00 0.00 0.00 0.00
0.00 0.00 0.00 0.00 0.00 0.00 0.00 0.64 4.77 8.64 12.64 17.08 20.02 21.67 21.32 19.85 17.10 12.62 8.02 2.69 0.00 0.00 0.00 0.00
0.00 0.00 0.00 0.00 0.00 0.00 0.00 0.49 4.19 7.67 11.18 14.94 17.37 18.45 18.32 17.00 14.95 11.28 7.21 2.50 0.02 0.00 0.00 0.00
0.00 0.00 0.00 0.00 0.00 0.00 0.00 0.09 3.19 6.13 9.50 12.60 14.97 16.02 15.63 14.64 12.73 9.92 6.47 2.59 0.38 0.00 0.00 0.00
0.00 0.00 0.00 0.00 0.00 0.00 0.00 0.24 8.23 15.84 24.54 32.55 38.68 41.38 40.38 37.81 32.87 25.63 16.71 6.68 0.97 0.00 0.00 0.00
0.00 0.00 0.00 0.00 0.00 0.00 0.00 0.00 2.10 4.11 6.42 8.70 10.30 10.95 10.77 10.15 8.68 6.64 4.33 1.77 0.26 0.00 0.00 0.00
0.00 0.00 0.00 0.00 0.00 0.00 0.00 0.32 4.13 7.71 11.80 15.73 18.70 20.04 19.70 18.28 15.36 11.98 7.70 2.62 0.00 0.00 0.00 0.00
0.00 0.00 0.00 0.00 0.00 0.00 0.00 0.60 6.46 11.97 19.26 25.55 29.92 31.34 31.06 29.24 27.08 20.72 12.92 4.60 0.00 0.00 0.00 0.00
0.00 0.00 0.00 0.00 0.00 0.00 0.00 0.16 0.95 1.70 2.60 3.41 3.91 4.02 3.94 3.76 3.22 2.42 1.51 0.45 0.00 0.00 0.00 0.00
0.00 0.00 0.00 0.00 0.00 0.00 0.00 0.57 5.17 9.48 14.37 18.76 21.97 23.39 23.14 21.74 18.10 13.79 8.74 2.75 0.00 0.00 0.00 0.00
0.00 0.00 0.00 0.00 0.00 0.00 0.00 0.50 3.59 6.49 9.24 12.09 13.82 15.21 15.27 14.51 12.10 9.17 5.71 1.75 0.00 0.00 0.00 0.00
0.00 0.00 0.00 0.00 0.00 0.00 0.00 0.69 4.96 8.95 12.75 16.68 19.07 20.98 21.08 20.03 16.70 12.65 7.88 2.42 0.00 0.00 0.00 0.00
0.00 0.00 0.00 0.00 0.00 0.00 0.00 0.47 3.38 6.10 8.69 11.36 12.99 14.29 14.36 13.64 11.37 8.62 5.37 1.65 0.00 0.00 0.00 0.00
0.00 0.00 0.00 0.00 0.00 0.00 0.00 0.31 2.76 5.06 7.66 10.00 11.72 12.48 12.34 11.59 9.66 7.35 4.66 1.47 0.00 0.00 0.00 0.00
0.00 0.00 0.00 0.00 0.00 0.00 0.00 0.43 2.74 4.90 7.58 9.89 11.15 11.61 11.33 10.60 8.89 6.73 4.15 1.19 0.00 0.00 0.00 0.00
0.00 0.00 0.00 0.00 0.00 0.00 0.00 0.08 2.60 4.98 7.60 10.25 12.01 12.96 13.19 12.36 10.63 8.33 5.29 1.78 0.00 0.00 0.00 0.00
0.00 0.00 0.00 0.00 0.00 0.00 0.00 0.00 20.49 42.89 73.19 100.72 122.97 138.78 143.13 136.72 116.01 90.12 57.22 20.83 0.47 0.00 0.00 0.00
0.00 0.00 0.00 0.00 0.00 0.00 0.00 0.00 3.90 7.61 12.25 16.64 19.98 21.23 21.24 20.38 18.01 13.89 9.11 3.29 0.10 0.00 0.00 0.00
0.00 0.00 0.00 0.00 0.00 0.00 0.00 0.22 6.22 11.86 18.13 24.23 29.01 30.71 30.19 28.42 24.56 19.21 12.57 4.37 0.00 0.00 0.00 0.00
0.00 0.00 0.00 0.00 0.00 0.00 0.00 0.10 2.85 5.44 8.31 11.11 13.29 14.08 13.84 13.03 11.26 8.81 5.76 2.00 0.00 0.00 0.00 0.00
0.00 0.00 0.00 0.00 0.00 0.00 0.00 0.00 4.80 9.36 15.07 20.67 24.85 26.40 26.32 25.15 22.24 17.15 11.37 4.11 0.13 0.00 0.00 0.00
0.00 0.00 0.00 0.00 0.00 0.00 0.00 0.08 2.14 4.07 6.37 8.69 10.36 11.12 10.92 10.09 8.86 6.91 4.50 1.58 0.00 0.00 0.00 0.00
0.00 0.00 0.00 0.00 0.00 0.00 0.00 0.00 19.97 41.89 68.03 94.38 117.96 132.87 135.85 129.37 110.30 86.98 59.90 24.68 3.23 0.00 0.00 0.00
0.00 0.00 0.00 0.00 0.00 0.00 0.00 0.00 9.26 18.44 28.80 39.03 44.97 47.62 47.43 44.81 38.67 30.12 20.07 8.36 1.50 0.00 0.00 0.00
0.00 0.00 0.00 0.00 0.00 0.00 0.00 0.00 2.01 4.02 6.41 8.74 10.21 10.63 10.82 10.17 8.76 6.88 4.61 1.91 0.34 0.00 0.00 0.00
0.00 0.00 0.00 0.00 0.00 0.00 0.00 0.00 2.45 4.94 7.79 10.54 12.59 13.54 13.59 12.82 11.23 8.71 5.80 2.37 0.38 0.00 0.00 0.00
0.00 0.00 0.00 0.00 0.00 0.00 0.00 0.00 3.92 7.90 12.46 16.86 20.15 21.67 21.75 20.51 17.97 13.94 9.27 3.80 0.61 0.00 0.00 0.00
0.00 0.00 0.00 0.00 0.00 0.00 0.00 0.00 76.00 173.57 293.52 401.46 478.77 516.08 523.42 494.45 428.72 341.11 237.88 108.56 26.95 0.00 0.00 0.00
