0.00 0.00 0.00 0.00 0.00 0.00 0.00 0.13 1.06 1.96 3.05 3.99 4.65 5.12 5.29 5.11 4.59 3.79 2.73 1.37 0.63 0.00 0.00 0.00
0.00 0.00 0.00 0.00 0.00 0.00 0.00 4.25 21.08 36.96 52.28 67.07 77.07 80.66 81.82 77.71 64.31 50.88 34.57 16.41 4.76 0.00 0.00 0.00
0.00 0.00 0.00 0.00 0.00 0.00 0.00 3.05 24.31 44.92 69.83 91.28 106.38 117.08 120.91 116.84 104.87 86.69 62.42 31.41 14.36 0.00 0.00 0.00
0.00 0.00 0.00 0.00 0.00 0.00 0.00 10.85 86.40 159.63 248.16 324.41 378.06 416.08 429.71 415.25 372.70 308.10 221.83 111.64 51.02 0.00 0.00 0.00
0.00 0.00 0.00 0.00 0.00 0.00 0.00 1.33 4.10 6.68 9.22 11.49 12.97 10.98 11.00 10.35 9.07 7.07 4.65 2.36 0.57 0.00 0.00 0.00
0.00 0.00 0.00 0.00 0.00 0.00 0.00 8.56 175.72 338.09 528.18 694.42 812.42 900.32 931.61 921.79 833.56 690.43 506.69 312.43 144.99 0.00 0.00 0.00
0.00 0.00 0.00 0.00 0.00 0.00 0.00 0.85 2.67 4.39 6.36 7.98 9.14 9.67 9.67 9.27 8.48 6.84 4.74 2.43 0.89 0.00 0.00 0.00
0.00 0.00 0.00 0.00 0.00 0.00 0.00 0.25 1.10 1.91 2.16 2.80 3.23 4.41 4.42 4.18 3.44 2.77 1.87 0.92 0.28 0.00 0.00 0.00
0.00 0.00 0.00 0.00 0.00 0.00 0.00 0.40 1.77 3.05 3.45 4.48 5.16 7.05 7.08 6.68 5.51 4.42 2.99 1.47 0.45 0.00 0.00 0.00
0.00 0.00 0.00 0.00 0.00 0.00 0.00 0.40 1.77 3.05 3.45 4.48 5.16 7.05 7.08 6.68 5.51 4.42 2.99 1.47 0.45 0.00 0.00 0.00
0.00 0.00 0.00 0.00 0.00 0.00 0.00 0.82 3.88 6.80 9.67 12.82 14.89 19.61 19.77 18.74 17.65 13.99 9.59 5.09 1.80 0.00 0.00 0.00
0.00 0.00 0.00 0.00 0.00 0.00 0.00 0.38 1.81 3.17 4.61 6.06 7.04 8.65 8.79 8.33 8.07 6.41 4.36 2.33 0.82 0.00 0.00 0.00
0.00 0.00 0.00 0.00 0.00 0.00 0.00 0.49 2.33 4.08 5.93 7.79 9.05 11.13 11.30 10.71 10.38 8.24 5.61 3.00 1.05 0.00 0.00 0.00
0.00 0.00 0.00 0.00 0.00 0.00 0.00 0.33 1.55 2.72 3.95 5.20 6.03 7.42 7.53 7.14 6.92 5.49 3.74 2.00 0.70 0.00 0.00 0.00
0.00 0.00 0.00 0.00 0.00 0.00 0.00 0.33 1.55 2.72 3.95 5.20 6.03 7.42 7.53 7.14 6.92 5.49 3.74 2.00 0.70 0.00 0.00 0.00
0.00 0.00 0.00 0.00 0.00 0.00 0.00 2.00 22.93 42.88 66.60 85.96 99.56 98.78 100.37 95.81 60.78 47.45 32.95 19.81 6.46 0.00 0.00 0.00
0.00 0.00 0.00 0.00 0.00 0.00 0.00 3.07 13.40 23.28 28.67 37.75 44.36 60.86 60.26 56.31 54.84 43.55 29.94 15.35 5.36 0.00 0.00 0.00
0.00 0.00 0.00 0.00 0.00 0.00 0.00 2.87 12.47 21.66 31.54 41.03 48.17 53.55 53.18 49.50 46.21 36.97 25.36 13.54 4.98 0.00 0.00 0.00
0.00 0.00 0.00 0.00 0.00 0.00 0.00 2.52 51.83 99.73 155.79 204.83 239.63 265.56 274.79 271.90 245.87 203.65 149.45 92.16 42.77 0.00 0.00 0.00
0.00 0.00 0.00 0.00 0.00 0.00 0.00 2.40 49.30 94.86 148.20 194.84 227.94 252.61 261.39 258.63 233.88 193.72 142.16 87.66 40.68 0.00 0.00 0.00
0.00 0.00 0.00 0.00 0.00 0.00 0.00 4.62 94.81 182.42 284.99 374.69 438.35 485.78 502.67 497.37 449.76 372.53 273.39 168.58 78.23 0.00 0.00 0.00
0.00 0.00 0.00 0.00 0.00 0.00 0.00 4.54 93.23 179.38 280.24 368.44 431.05 477.69 494.29 489.08 442.27 366.32 268.84 165.77 76.93 0.00 0.00 0.00
0.00 0.00 0.00 0.00 0.00 0.00 0.00 15.52 112.88 207.22 311.88 411.50 485.05 536.84 553.64 538.10 349.69 288.86 210.76 128.96 60.75 0.00 0.00 0.00
0.00 0.00 0.00 0.00 0.00 0.00 0.00 0.25 1.10 1.91 2.16 2.80 3.23 4.41 4.42 4.18 3.44 2.77 1.87 0.92 0.28 0.00 0.00 0.00
0.00 0.00 0.00 0.00 0.00 0.00 0.00 1.28 5.59 9.65 10.94 14.18 16.35 22.32 22.41 21.16 17.43 14.01 9.48 4.66 1.43 0.00 0.00 0.00
0.00 0.00 0.00 0.00 0.00 0.00 0.00 6.51 28.56 49.29 55.84 72.39 83.47 113.96 114.43 108.02 89.00 71.53 48.40 23.79 7.29 0.00 0.00 0.00
0.00 0.00 0.00 0.00 0.00 0.00 0.00 0.17 3.54 6.81 10.64 13.99 16.37 18.14 18.77 18.57 16.79 13.91 10.21 6.29 2.92 0.00 0.00 0.00
0.00 0.00 0.00 0.00 0.00 0.00 0.00 10.68 85.06 157.14 244.29 319.36 372.17 409.60 423.01 408.78 366.89 303.30 218.37 109.90 50.23 0.00 0.00 0.00
0.00 0.00 0.00 0.00 0.00 0.00 0.00 0.76 6.28 11.58 15.87 21.65 26.02 28.65 28.75 27.46 23.78 19.27 13.41 9.60 3.83 0.00 0.00 0.00
0.00 0.00 0.00 0.00 0.00 0.00 0.00 10.60 46.43 80.96 127.18 164.80 191.59 204.18 207.52 196.23 179.46 147.86 106.44 59.39 26.22 0.00 0.00 0.00
0.00 0.00 0.00 0.00 0.00 0.00 0.00 0.18 1.42 2.62 4.07 5.32 6.20 6.83 7.05 6.81 6.11 5.05 3.64 1.83 0.84 0.00 0.00 0.00
0.00 0.00 0.00 0.00 0.00 0.00 0.00 8.01 63.79 117.85 183.22 239.52 279.12 307.20 317.26 306.58 275.17 227.47 163.78 82.43 37.67 0.00 0.00 0.00
0.00 0.00 0.00 0.00 0.00 0.00 0.00 10.28 81.87 151.24 235.13 307.38 358.21 394.24 407.15 393.45 353.14 291.92 210.18 105.78 48.34 0.00 0.00 0.00
0.00 0.00 0.00 0.00 0.00 0.00 0.00 20.47 148.86 273.28 411.30 542.67 639.66 707.96 730.11 709.62 461.15 380.94 277.94 170.06 80.11 0.00 0.00 0.00
0.00 0.00 0.00 0.00 0.00 0.00 0.00 0.50 2.71 4.82 6.66 8.69 10.23 12.22 12.31 11.50 12.70 10.14 6.95 3.72 1.31 0.00 0.00 0.00
0.00 0.00 0.00 0.00 0.00 0.00 0.00 0.65 3.39 6.00 8.78 11.49 13.37 15.45 15.56 14.63 15.97 12.73 8.77 4.72 1.66 0.00 0.00 0.00
0.00 0.00 0.00 0.00 0.00 0.00 0.00 3.14 25.92 47.75 65.47 89.32 107.35 118.18 118.61 113.26 98.09 79.50 55.33 39.61 15.79 0.00 0.00 0.00
0.00 0.00 0.00 0.00 0.00 0.00 0.00 17.28 113.61 207.76 312.96 420.19 504.77 553.95 566.69 542.64 498.01 412.58 299.39 182.64 94.64 5.12 0.00 0.00
0.00 0.00 0.00 0.00 0.00 0.00 0.00 0.29 1.18 2.02 2.20 2.90 3.39 4.92 4.89 4.52 4.31 3.42 2.35 1.19 0.41 0.00 0.00 0.00
0.00 0.00 0.00 0.00 0.00 0.00 0.00 3.85 22.70 40.96 62.57 82.25 95.34 102.46 104.51 100.00 92.25 76.30 54.54 31.57 14.27 0.00 0.00 0.00
0.00 0.00 0.00 0.00 0.00 0.00 0.00 0.00 5.72 11.63 18.41 24.87 29.50 32.27 33.06 32.02 29.47 24.44 17.93 10.87 5.19 0.00 0.00 0.00
0.00 0.00 0.00 0.00 0.00 0.00 0.00 1.03 3.10 5.05 7.28 9.21 10.42 11.16 11.02 10.52 9.58 7.60 5.32 2.67 0.96 0.00 0.00 0.00
0.00 0.00 0.00 0.00 0.00 0.00 0.00 0.52 1.55 2.52 3.64 4.60 5.21 5.58 5.51 5.26 4.79 3.80 2.66 1.34 0.48 0.00 0.00 0.00
0.00 0.00 0.00 0.00 0.00 0.00 0.00 1.13 3.39 5.52 7.97 10.07 11.39 12.20 12.06 11.51 10.48 8.31 5.82 2.92 1.05 0.00 0.00 0.00
0.00 0.00 0.00 0.00 0.00 0.00 0.00 1.33 4.10 6.73 9.68 12.25 13.96 14.75 14.52 13.85 12.63 10.16 7.04 3.53 1.25 0.00 0.00 0.00
0.00 0.00 0.00 0.00 0.00 0.00 0.00 2.03 6.25 10.25 14.75 18.67 21.27 22.48 22.12 21.11 19.25 15.48 10.72 5.37 1.90 0.00 0.00 0.00
0.00 0.00 0.00 0.00 0.00 0.00 0.00 1.72 5.46 9.01 13.02 16.23 18.64 19.77 19.83 18.85 17.19 13.66 9.60 4.98 1.82 0.00 0.00 0.00
0.00 0.00 0.00 0.00 0.00 0.00 0.00 1.07 3.92 6.64 10.24 13.43 15.64 16.63 16.65 15.94 14.50 11.72 8.33 4.73 2.03 0.00 0.00 0.00
0.00 0.00 0.00 0.00 0.00 0.00 0.00 2.77 10.12 17.16 26.46 34.70 40.40 42.96 43.00 41.18 37.45 30.27 21.52 12.23 5.25 0.00 0.00 0.00
0.00 0.00 0.00 0.00 0.00 0.00 0.00 0.59 2.42 4.17 6.91 8.96 10.41 11.30 11.23 10.62 8.85 7.14 5.10 2.76 1.18 0.00 0.00 0.00
0.00 0.00 0.00 0.00 0.00 0.00 0.00 1.44 5.31 8.97 10.30 13.33 15.34 21.07 20.96 19.60 18.94 15.26 10.52 5.17 1.70 0.00 0.00 0.00
0.00 0.00 0.00 0.00 0.00 0.00 0.00 2.77 9.54 15.96 23.45 29.97 34.41 36.93 37.35 35.04 26.64 21.03 14.39 8.08 2.81 0.00 0.00 0.00
0.00 0.00 0.00 0.00 0.00 0.00 0.00 0.44 1.33 2.17 3.09 3.83 4.26 4.17 4.13 3.83 3.56 2.81 1.91 0.98 0.25 0.00 0.00 0.00
0.00 0.00 0.00 0.00 0.00 0.00 0.00 1.67 5.85 9.78 16.16 20.39 22.90 21.90 21.61 20.36 16.21 13.03 8.92 5.45 1.52 0.00 0.00 0.00
0.00 0.00 0.00 0.00 0.00 0.00 0.00 1.46 4.79 7.90 11.47 14.33 15.98 15.19 14.85 14.28 12.54 10.00 6.81 3.69 0.98 0.00 0.00 0.00
0.00 0.00 0.00 0.00 0.00 0.00 0.00 2.01 6.61 10.90 15.83 19.77 22.05 20.96 20.50 19.70 17.31 13.81 9.40 5.09 1.35 0.00 0.00 0.00
0.00 0.00 0.00 0.00 0.00 0.00 0.00 1.37 4.50 7.43 10.78 13.47 15.02 14.27 13.96 13.42 11.79 9.40 6.40 3.47 0.92 0.00 0.00 0.00
0.00 0.00 0.00 0.00 0.00 0.00 0.00 0.89 3.12 5.22 8.62 10.88 12.21 11.68 11.53 10.86 8.65 6.95 4.76 2.91 0.81 0.00 0.00 0.00
0.00 0.00 0.00 0.00 0.00 0.00 0.00 1.10 3.48 5.71 8.29 10.33 11.61 10.69 10.75 10.22 8.18 6.43 4.24 2.13 0.52 0.00 0.00 0.00
0.00 0.00 0.00 0.00 0.00 0.00 0.00 0.72 3.16 5.46 6.19 8.02 9.25 12.63 12.68 11.97 9.86 7.93 5.36 2.64 0.81 0.00 0.00 0.00
0.00 0.00 0.00 0.00 0.00 0.00 0.00 2.60 29.85 55.81 86.69 111.88 129.59 128.57 130.64 124.70 79.11 61.76 42.88 25.78 8.41 0.00 0.00 0.00
0.00 0.00 0.00 0.00 0.00 0.00 0.00 0.93 4.39 7.71 10.96 14.53 16.88 22.22 22.41 21.24 20.00 15.86 10.87 5.77 2.04 0.00 0.00 0.00
0.00 0.00 0.00 0.00 0.00 0.00 0.00 1.94 8.10 13.93 16.46 21.45 25.08 30.71 30.44 28.49 30.05 23.53 16.07 7.92 2.65 0.00 0.00 0.00
0.00 0.00 0.00 0.00 0.00 0.00 0.00 0.89 3.71 6.38 7.55 9.83 11.50 14.08 13.95 13.06 13.77 10.78 7.37 3.63 1.21 0.00 0.00 0.00
0.00 0.00 0.00 0.00 0.00 0.00 0.00 1.19 5.59 9.81 13.58 17.99 20.95 28.33 28.51 26.96 25.16 19.98 13.67 7.20 2.55 0.00 0.00 0.00
0.00 0.00 0.00 0.00 0.00 0.00 0.00 0.70 2.86 4.91 5.35 7.03 8.22 11.95 11.87 10.99 10.46 8.30 5.72 2.88 0.99 0.00 0.00 0.00
0.00 0.00 0.00 0.00 0.00 0.00 0.00 3.25 26.84 49.44 67.79 92.47 111.14 122.36 122.81 117.26 101.55 82.31 57.28 41.01 16.35 0.00 0.00 0.00
0.00 0.00 0.00 0.00 0.00 0.00 0.00 2.53 11.10 19.36 30.41 39.41 45.82 48.83 49.62 46.92 42.91 35.36 25.45 14.20 6.27 0.00 0.00 0.00
0.00 0.00 0.00 0.00 0.00 0.00 0.00 0.52 2.38 4.18 6.77 8.76 10.20 11.08 11.19 10.57 9.42 7.65 5.50 3.20 1.40 0.00 0.00 0.00
0.00 0.00 0.00 0.00 0.00 0.00 0.00 0.63 3.08 5.43 8.67 11.23 12.98 13.79 13.81 13.20 12.13 10.01 7.23 4.40 1.88 0.00 0.00 0.00
0.00 0.00 0.00 0.00 0.00 0.00 0.00 1.01 4.92 8.69 13.87 17.97 20.76 22.07 22.10 21.12 19.42 16.01 11.57 7.04 3.01 0.00 0.00 0.00
0.00 0.00 0.00 0.00 0.00 0.00 0.00 4.70 96.39 185.47 289.74 380.93 445.66 493.88 511.05 505.66 457.26 378.74 277.95 171.39 79.54 0.00 0.00 0.00
