0.00 0.00 0.00 0.00 0.00 0.00 0.00 0.00 0.00 0.15 1.14 1.93 2.63 3.17 3.32 3.03 2.45 1.72 0.78 0.00 0.00 0.00 0.00 0.00
0.00 0.00 0.00 0.00 0.00 0.00 0.00 0.00 0.00 7.35 15.04 22.97 29.11 30.09 31.29 28.04 30.89 20.97 8.67 0.00 0.00 0.00 0.00 0.00
0.00 0.00 0.00 0.00 0.00 0.00 0.00 0.00 0.00 3.46 26.00 44.15 60.11 72.58 75.89 69.25 55.99 39.28 17.84 0.00 0.00 0.00 0.00 0.00
0.00 0.00 0.00 0.00 0.00 0.00 0.00 0.00 0.00 12.28 92.40 156.90 213.64 257.95 269.72 246.09 198.99 139.58 63.42 0.00 0.00 0.00 0.00 0.00
0.00 0.00 0.00 0.00 0.00 0.00 0.00 0.00 0.00 1.56 3.34 4.98 6.16 4.36 4.37 3.82 5.05 3.22 0.99 0.00 0.00 0.00 0.00 0.00
0.00 0.00 0.00 0.00 0.00 0.00 0.00 0.00 0.00 26.43 213.57 365.98 498.89 595.20 631.59 589.12 480.18 337.03 164.08 0.00 0.00 0.00 0.00 0.00
0.00 0.00 0.00 0.00 0.00 0.00 0.00 0.00 0.00 0.30 1.30 2.00 2.58 3.19 3.20 2.87 1.74 1.12 0.34 0.00 0.00 0.00 0.00 0.00
0.00 0.00 0.00 0.00 0.00 0.00 0.00 0.00 0.00 0.36 0.80 1.23 1.55 1.60 1.64 1.47 1.98 1.33 0.53 0.00 0.00 0.00 0.00 0.00
0.00 0.00 0.00 0.00 0.00 0.00 0.00 0.00 0.00 0.58 1.28 1.96 2.48 2.55 2.62 2.34 3.17 2.13 0.84 0.00 0.00 0.00 0.00 0.00
0.00 0.00 0.00 0.00 0.00 0.00 0.00 0.00 0.00 0.58 1.28 1.96 2.48 2.55 2.62 2.34 3.17 2.13 0.84 0.00 0.00 0.00 0.00 0.00
0.00 0.00 0.00 0.00 0.00 0.00 0.00 0.00 0.00 1.17 3.43 5.26 6.88 9.44 9.57 8.59 6.94 4.72 1.92 0.00 0.00 0.00 0.00 0.00
0.00 0.00 0.00 0.00 0.00 0.00 0.00 0.00 0.00 0.54 1.56 2.38 3.11 4.52 4.60 4.12 3.52 2.40 0.98 0.00 0.00 0.00 0.00 0.00
0.00 0.00 0.00 0.00 0.00 0.00 0.00 0.00 0.00 0.70 2.01 3.06 4.00 5.81 5.91 5.30 4.53 3.08 1.26 0.00 0.00 0.00 0.00 0.00
0.00 0.00 0.00 0.00 0.00 0.00 0.00 0.00 0.00 0.47 1.34 2.04 2.67 3.88 3.94 3.53 3.02 2.05 0.84 0.00 0.00 0.00 0.00 0.00
0.00 0.00 0.00 0.00 0.00 0.00 0.00 0.00 0.00 0.47 1.34 2.04 2.67 3.88 3.94 3.53 3.02 2.05 0.84 0.00 0.00 0.00 0.00 0.00
0.00 0.00 0.00 0.00 0.00 0.00 0.00 0.00 0.00 6.28 12.33 19.39 25.46 36.79 39.04 35.35 49.37 33.08 15.55 0.00 0.00 0.00 0.00 0.00
0.00 0.00 0.00 0.00 0.00 0.00 0.00 0.00 0.00 3.33 10.20 15.57 20.61 27.07 27.20 24.03 18.90 12.74 5.02 0.00 0.00 0.00 0.00 0.00
0.00 0.00 0.00 0.00 0.00 0.00 0.00 0.00 0.00 2.90 8.63 13.34 17.12 17.70 18.21 16.05 18.50 12.47 4.89 0.00 0.00 0.00 0.00 0.00
0.00 0.00 0.00 0.00 0.00 0.00 0.00 0.00 0.00 7.80 63.00 107.95 147.15 175.56 186.30 173.77 141.64 99.41 48.40 0.00 0.00 0.00 0.00 0.00
0.00 0.00 0.00 0.00 0.00 0.00 0.00 0.00 0.00 7.42 59.92 102.68 139.98 167.00 177.21 165.29 134.73 94.56 46.04 0.00 0.00 0.00 0.00 0.00
0.00 0.00 0.00 0.00 0.00 0.00 0.00 0.00 0.00 14.26 115.24 197.47 269.18 321.15 340.79 317.87 259.09 181.85 88.53 0.00 0.00 0.00 0.00 0.00
0.00 0.00 0.00 0.00 0.00 0.00 0.00 0.00 0.00 14.02 113.32 194.18 264.70 315.80 335.11 312.57 254.77 178.82 87.06 0.00 0.00 0.00 0.00 0.00
0.00 0.00 0.00 0.00 0.00 0.00 0.00 0.00 0.00 12.14 118.19 204.73 281.44 329.42 348.51 316.84 255.31 178.55 80.00 0.00 0.00 0.00 0.00 0.00
0.00 0.00 0.00 0.00 0.00 0.00 0.00 0.00 0.00 0.36 0.80 1.23 1.55 1.60 1.64 1.47 1.98 1.33 0.53 0.00 0.00 0.00 0.00 0.00
0.00 0.00 0.00 0.00 0.00 0.00 0.00 0.00 0.00 1.84 4.06 6.21 7.86 8.09 8.29 7.42 10.02 6.75 2.67 0.00 0.00 0.00 0.00 0.00
0.00 0.00 0.00 0.00 0.00 0.00 0.00 0.00 0.00 9.39 20.73 31.70 40.15 41.28 42.31 37.90 51.18 34.46 13.64 0.00 0.00 0.00 0.00 0.00
0.00 0.00 0.00 0.00 0.00 0.00 0.00 0.00 0.00 0.53 4.30 7.37 10.05 11.99 12.72 11.87 9.67 6.79 3.31 0.00 0.00 0.00 0.00 0.00
0.00 0.00 0.00 0.00 0.00 0.00 0.00 0.00 0.00 12.09 90.96 154.45 210.31 253.93 265.52 242.26 195.88 137.41 62.43 0.00 0.00 0.00 0.00 0.00
0.00 0.00 0.00 0.00 0.00 0.00 0.00 0.00 0.00 1.81 6.11 9.70 12.65 15.32 16.16 14.70 15.14 10.61 4.86 0.00 0.00 0.00 0.00 0.00
0.00 0.00 0.00 0.00 0.00 0.00 0.00 0.00 0.00 4.89 27.35 45.38 60.83 101.51 103.98 94.58 86.01 58.29 22.90 0.00 0.00 0.00 0.00 0.00
0.00 0.00 0.00 0.00 0.00 0.00 0.00 0.00 0.00 0.20 1.52 2.57 3.51 4.23 4.43 4.04 3.26 2.29 1.04 0.00 0.00 0.00 0.00 0.00
0.00 0.00 0.00 0.00 0.00 0.00 0.00 0.00 0.00 9.07 68.22 115.84 157.74 190.45 199.14 181.69 146.91 103.06 46.82 0.00 0.00 0.00 0.00 0.00
0.00 0.00 0.00 0.00 0.00 0.00 0.00 0.00 0.00 11.64 87.55 148.66 202.43 244.41 255.56 233.17 188.54 132.26 60.09 0.00 0.00 0.00 0.00 0.00
0.00 0.00 0.00 0.00 0.00 0.00 0.00 0.00 0.00 16.01 155.86 269.98 371.15 434.43 459.60 417.83 336.69 235.46 105.51 0.00 0.00 0.00 0.00 0.00
0.00 0.00 0.00 0.00 0.00 0.00 0.00 0.00 0.00 0.85 1.76 2.70 3.53 7.55 7.79 7.07 6.28 4.31 1.83 0.00 0.00 0.00 0.00 0.00
0.00 0.00 0.00 0.00 0.00 0.00 0.00 0.00 0.00 1.00 2.32 3.55 4.63 9.07 9.41 8.50 7.58 5.19 2.18 0.00 0.00 0.00 0.00 0.00
0.00 0.00 0.00 0.00 0.00 0.00 0.00 0.00 0.00 7.49 25.21 40.01 52.19 63.19 66.67 60.64 62.45 43.78 20.03 0.00 0.00 0.00 0.00 0.00
0.00 0.00 0.00 0.00 0.00 0.00 0.00 0.00 0.00 0.00 96.05 181.57 255.81 305.08 317.28 287.04 222.83 155.56 68.37 0.00 0.00 0.00 0.00 0.00
0.00 0.00 0.00 0.00 0.00 0.00 0.00 0.00 0.00 0.27 0.78 1.19 1.55 1.96 2.00 1.77 1.44 0.96 0.37 0.00 0.00 0.00 0.00 0.00
0.00 0.00 0.00 0.00 0.00 0.00 0.00 0.00 0.00 2.85 21.52 36.23 49.48 61.13 63.51 57.61 45.99 31.80 13.70 0.00 0.00 0.00 0.00 0.00
0.00 0.00 0.00 0.00 0.00 0.00 0.00 0.00 0.00 0.77 7.64 13.40 18.65 23.24 24.74 23.30 18.99 13.19 6.84 0.00 0.00 0.00 0.00 0.00
0.00 0.00 0.00 0.00 0.00 0.00 0.00 0.00 0.00 0.47 1.52 2.33 2.96 3.73 3.78 3.28 2.01 1.27 0.37 0.00 0.00 0.00 0.00 0.00
0.00 0.00 0.00 0.00 0.00 0.00 0.00 0.00 0.00 0.24 0.76 1.16 1.48 1.87 1.89 1.64 1.01 0.64 0.18 0.00 0.00 0.00 0.00 0.00
0.00 0.00 0.00 0.00 0.00 0.00 0.00 0.00 0.00 0.51 1.66 2.54 3.23 4.08 4.13 3.59 2.20 1.39 0.40 0.00 0.00 0.00 0.00 0.00
0.00 0.00 0.00 0.00 0.00 0.00 0.00 0.00 0.00 0.71 1.93 2.95 3.76 5.35 5.44 4.78 2.79 1.78 0.53 0.00 0.00 0.00 0.00 0.00
0.00 0.00 0.00 0.00 0.00 0.00 0.00 0.00 0.00 1.07 2.94 4.49 5.73 8.15 8.28 7.29 4.25 2.71 0.81 0.00 0.00 0.00 0.00 0.00
0.00 0.00 0.00 0.00 0.00 0.00 0.00 0.00 0.00 0.69 2.77 4.27 5.51 6.57 6.59 5.94 3.71 2.38 0.74 0.00 0.00 0.00 0.00 0.00
0.00 0.00 0.00 0.00 0.00 0.00 0.00 0.00 0.00 0.46 2.15 3.53 4.69 5.96 6.00 5.36 5.94 3.92 1.39 0.00 0.00 0.00 0.00 0.00
0.00 0.00 0.00 0.00 0.00 0.00 0.00 0.00 0.00 1.19 5.55 9.11 12.12 15.39 15.50 13.85 15.34 10.13 3.58 0.00 0.00 0.00 0.00 0.00
0.00 0.00 0.00 0.00 0.00 0.00 0.00 0.00 0.00 0.31 1.45 2.36 3.21 4.25 4.35 3.84 4.66 3.13 1.19 0.00 0.00 0.00 0.00 0.00
0.00 0.00 0.00 0.00 0.00 0.00 0.00 0.00 0.00 1.16 3.26 4.90 6.23 8.53 8.82 7.66 6.21 4.09 1.46 0.00 0.00 0.00 0.00 0.00
0.00 0.00 0.00 0.00 0.00 0.00 0.00 0.00 0.00 2.05 5.94 9.04 11.58 14.71 14.90 13.33 7.58 4.94 1.68 0.00 0.00 0.00 0.00 0.00
0.00 0.00 0.00 0.00 0.00 0.00 0.00 0.00 0.00 0.48 0.89 1.32 1.61 1.64 1.69 1.48 1.68 1.07 0.32 0.00 0.00 0.00 0.00 0.00
0.00 0.00 0.00 0.00 0.00 0.00 0.00 0.00 0.00 2.47 5.13 7.74 9.51 9.88 10.17 9.09 8.47 5.54 1.93 0.00 0.00 0.00 0.00 0.00
0.00 0.00 0.00 0.00 0.00 0.00 0.00 0.00 0.00 1.73 2.81 4.26 5.30 6.96 7.08 6.29 5.77 3.73 1.22 0.00 0.00 0.00 0.00 0.00
0.00 0.00 0.00 0.00 0.00 0.00 0.00 0.00 0.00 2.38 3.87 5.88 7.32 9.60 9.77 8.68 7.96 5.15 1.69 0.00 0.00 0.00 0.00 0.00
0.00 0.00 0.00 0.00 0.00 0.00 0.00 0.00 0.00 1.62 2.64 4.01 4.98 6.54 6.66 5.92 5.42 3.51 1.15 0.00 0.00 0.00 0.00 0.00
0.00 0.00 0.00 0.00 0.00 0.00 0.00 0.00 0.00 1.32 2.73 4.13 5.07 5.27 5.42 4.85 4.52 2.96 1.03 0.00 0.00 0.00 0.00 0.00
0.00 0.00 0.00 0.00 0.00 0.00 0.00 0.00 0.00 1.37 2.99 4.44 5.57 4.48 4.50 3.94 4.48 2.87 0.91 0.00 0.00 0.00 0.00 0.00
0.00 0.00 0.00 0.00 0.00 0.00 0.00 0.00 0.00 1.04 2.30 3.51 4.45 4.58 4.69 4.20 5.67 3.82 1.51 0.00 0.00 0.00 0.00 0.00
0.00 0.00 0.00 0.00 0.00 0.00 0.00 0.00 0.00 8.17 16.04 25.24 33.14 47.89 50.81 46.01 64.25 43.06 20.24 0.00 0.00 0.00 0.00 0.00
0.00 0.00 0.00 0.00 0.00 0.00 0.00 0.00 0.00 1.32 3.89 5.96 7.79 10.69 10.84 9.74 7.87 5.35 2.18 0.00 0.00 0.00 0.00 0.00
0.00 0.00 0.00 0.00 0.00 0.00 0.00 0.00 0.00 1.69 5.41 8.17 10.72 13.61 13.64 12.12 12.29 8.23 3.17 0.00 0.00 0.00 0.00 0.00
0.00 0.00 0.00 0.00 0.00 0.00 0.00 0.00 0.00 0.77 2.48 3.75 4.92 6.24 6.25 5.55 5.63 3.77 1.45 0.00 0.00 0.00 0.00 0.00
0.00 0.00 0.00 0.00 0.00 0.00 0.00 0.00 0.00 1.59 4.87 7.45 9.72 12.86 13.07 11.64 9.17 6.23 2.52 0.00 0.00 0.00 0.00 0.00
0.00 0.00 0.00 0.00 0.00 0.00 0.00 0.00 0.00 0.66 1.91 2.89 3.77 4.76 4.85 4.29 3.49 2.33 0.89 0.00 0.00 0.00 0.00 0.00
0.00 0.00 0.00 0.00 0.00 0.00 0.00 0.00 0.00 7.75 26.10 41.43 54.04 65.42 69.02 62.79 64.66 45.33 20.74 0.00 0.00 0.00 0.00 0.00
0.00 0.00 0.00 0.00 0.00 0.00 0.00 0.00 0.00 1.17 6.54 10.85 14.55 24.27 24.86 22.62 20.57 13.94 5.48 0.00 0.00 0.00 0.00 0.00
0.00 0.00 0.00 0.00 0.00 0.00 0.00 0.00 0.00 0.25 1.52 2.51 3.41 5.52 5.55 5.11 4.70 3.20 1.28 0.00 0.00 0.00 0.00 0.00
0.00 0.00 0.00 0.00 0.00 0.00 0.00 0.00 0.00 0.40 1.73 2.83 3.75 5.85 6.01 5.49 5.98 4.09 1.68 0.00 0.00 0.00 0.00 0.00
0.00 0.00 0.00 0.00 0.00 0.00 0.00 0.00 0.00 0.64 2.77 4.53 6.00 9.37 9.62 8.78 9.57 6.54 2.68 0.00 0.00 0.00 0.00 0.00
0.00 0.00 0.00 0.00 0.00 0.00 0.00 0.00 0.00 14.50 117.16 200.76 273.67 326.50 346.47 323.17 263.41 184.88 90.01 0.00 0.00 0.00 0.00 0.00
