0.00 0.00 0.00 0.00 0.00 0.00 0.00 0.10 1.05 1.97 3.01 4.01 4.83 5.23 5.34 5.05 3.39 2.71 1.83 0.86 0.28 0.00 0.00 0.00
0.00 0.00 0.00 0.00 0.00 0.00 0.00 3.64 18.78 33.00 48.70 64.53 76.66 69.37 69.75 65.32 43.14 33.30 21.67 9.78 0.91 0.00 0.00 0.00
0.00 0.00 0.00 0.00 0.00 0.00 0.00 2.20 24.10 45.01 68.76 91.61 110.39 119.53 122.12 115.55 77.41 61.90 41.94 19.63 6.50 0.00 0.00 0.00
0.00 0.00 0.00 0.00 0.00 0.00 0.00 7.81 85.64 159.97 244.36 325.56 392.30 424.82 434.02 410.67 275.09 220.00 149.07 69.76 23.09 0.00 0.00 0.00
0.00 0.00 0.00 0.00 0.00 0.00 0.00 1.20 3.85 6.42 9.52 12.15 13.80 14.87 14.80 13.43 11.16 8.40 5.26 1.73 0.00 0.00 0.00 0.00
0.00 0.00 0.00 0.00 0.00 0.00 0.00 2.57 183.63 357.93 509.98 683.09 823.02 718.45 728.16 685.94 428.68 334.73 232.25 142.04 48.85 0.00 0.00 0.00
0.00 0.00 0.00 0.00 0.00 0.00 0.00 0.74 2.49 4.11 6.03 7.66 8.91 9.50 9.77 9.20 8.12 6.28 4.07 1.72 0.32 0.00 0.00 0.00
0.00 0.00 0.00 0.00 0.00 0.00 0.00 0.24 1.11 1.92 2.94 3.88 4.58 4.93 4.94 4.71 3.13 2.44 1.60 0.61 0.07 0.00 0.00 0.00
0.00 0.00 0.00 0.00 0.00 0.00 0.00 0.39 1.78 3.07 4.70 6.21 7.32 7.89 7.91 7.53 5.01 3.91 2.56 0.97 0.11 0.00 0.00 0.00
0.00 0.00 0.00 0.00 0.00 0.00 0.00 0.39 1.78 3.07 4.70 6.21 7.32 7.89 7.91 7.53 5.01 3.91 2.56 0.97 0.11 0.00 0.00 0.00
0.00 0.00 0.00 0.00 0.00 0.00 0.00 0.75 3.84 6.75 10.48 14.29 17.42 19.50 20.30 19.39 17.39 13.60 8.92 3.60 0.65 0.00 0.00 0.00
0.00 0.00 0.00 0.00 0.00 0.00 0.00 0.35 1.82 3.19 4.97 6.78 8.22 9.33 9.65 9.16 8.17 6.37 4.15 1.57 0.28 0.00 0.00 0.00
0.00 0.00 0.00 0.00 0.00 0.00 0.00 0.46 2.34 4.10 6.39 8.72 10.57 11.99 12.41 11.78 10.50 8.19 5.33 2.02 0.35 0.00 0.00 0.00
0.00 0.00 0.00 0.00 0.00 0.00 0.00 0.30 1.56 2.73 4.26 5.81 7.05 8.00 8.27 7.85 7.00 5.46 3.56 1.35 0.24 0.00 0.00 0.00
0.00 0.00 0.00 0.00 0.00 0.00 0.00 0.30 1.56 2.73 4.26 5.81 7.05 8.00 8.27 7.85 7.00 5.46 3.56 1.35 0.24 0.00 0.00 0.00
0.00 0.00 0.00 0.00 0.00 0.00 0.00 1.32 15.69 29.34 38.72 50.89 60.05 97.30 99.14 95.40 77.98 60.14 38.38 14.52 2.26 0.00 0.00 0.00
0.00 0.00 0.00 0.00 0.00 0.00 0.00 2.59 12.16 21.17 32.52 43.25 52.54 58.37 59.60 57.76 52.25 40.80 26.88 11.15 1.94 0.00 0.00 0.00
0.00 0.00 0.00 0.00 0.00 0.00 0.00 2.35 11.15 19.45 28.73 37.76 45.74 48.91 50.20 48.34 42.62 33.48 21.97 9.84 1.97 0.00 0.00 0.00
0.00 0.00 0.00 0.00 0.00 0.00 0.00 0.76 54.17 105.58 150.43 201.49 242.76 211.92 214.78 202.33 126.45 98.73 68.51 41.90 14.41 0.00 0.00 0.00
0.00 0.00 0.00 0.00 0.00 0.00 0.00 0.72 51.52 100.43 143.09 191.66 230.92 201.58 204.31 192.46 120.28 93.92 65.16 39.85 13.71 0.00 0.00 0.00
0.00 0.00 0.00 0.00 0.00 0.00 0.00 1.39 99.08 193.13 275.17 368.57 444.07 387.65 392.89 370.11 231.30 180.61 125.32 76.64 26.36 0.00 0.00 0.00
0.00 0.00 0.00 0.00 0.00 0.00 0.00 1.36 97.43 189.91 270.58 362.43 436.67 381.19 386.35 363.95 227.45 177.60 123.23 75.36 25.92 0.00 0.00 0.00
0.00 0.00 0.00 0.00 0.00 0.00 0.00 11.32 114.75 213.74 310.62 415.01 497.39 521.52 533.59 506.08 314.22 251.06 171.02 97.93 34.24 0.00 0.00 0.00
0.00 0.00 0.00 0.00 0.00 0.00 0.00 0.24 1.11 1.92 2.94 3.88 4.58 4.93 4.94 4.71 3.13 2.44 1.60 0.61 0.07 0.00 0.00 0.00
0.00 0.00 0.00 0.00 0.00 0.00 0.00 1.22 5.62 9.72 14.87 19.68 23.19 24.99 25.05 23.84 15.85 12.38 8.10 3.08 0.35 0.00 0.00 0.00
0.00 0.00 0.00 0.00 0.00 0.00 0.00 6.23 28.70 49.62 75.93 100.46 118.41 127.58 127.88 121.73 80.92 63.22 41.35 15.73 1.78 0.00 0.00 0.00
0.00 0.00 0.00 0.00 0.00 0.00 0.00 0.05 3.70 7.21 10.27 13.76 16.58 14.47 14.67 13.82 8.64 6.74 4.68 2.86 0.98 0.00 0.00 0.00
0.00 0.00 0.00 0.00 0.00 0.00 0.00 7.69 84.31 157.47 240.55 320.49 386.19 418.20 427.25 404.27 270.81 216.58 146.74 68.68 22.73 0.00 0.00 0.00
0.00 0.00 0.00 0.00 0.00 0.00 0.00 0.48 4.72 8.75 14.10 20.40 26.03 29.77 31.49 30.29 23.43 18.59 12.70 5.72 1.44 0.00 0.00 0.00
0.00 0.00 0.00 0.00 0.00 0.00 0.00 9.62 49.03 86.22 127.63 166.05 194.20 208.54 211.64 200.98 176.32 141.34 96.83 45.88 14.04 0.00 0.00 0.00
0.00 0.00 0.00 0.00 0.00 0.00 0.00 0.13 1.41 2.62 4.01 5.34 6.44 6.97 7.12 6.74 4.51 3.61 2.45 1.14 0.38 0.00 0.00 0.00
0.00 0.00 0.00 0.00 0.00 0.00 0.00 5.76 63.23 118.10 180.42 240.37 289.64 313.65 320.44 303.20 203.11 162.43 110.06 51.51 17.05 0.00 0.00 0.00
0.00 0.00 0.00 0.00 0.00 0.00 0.00 7.40 81.14 151.57 231.53 308.47 371.71 402.51 411.23 389.11 260.65 208.45 141.24 66.10 21.88 0.00 0.00 0.00
0.00 0.00 0.00 0.00 0.00 0.00 0.00 14.92 151.33 281.87 409.63 547.30 655.93 687.75 703.67 667.39 414.37 331.09 225.54 129.14 45.16 0.00 0.00 0.00
0.00 0.00 0.00 0.00 0.00 0.00 0.00 0.48 2.78 4.95 7.67 10.58 13.01 14.56 14.77 14.22 10.84 8.46 5.65 1.95 0.35 0.00 0.00 0.00
0.00 0.00 0.00 0.00 0.00 0.00 0.00 0.61 3.49 6.19 9.53 13.05 16.28 18.22 18.70 17.93 14.91 11.53 7.60 2.50 0.45 0.00 0.00 0.00
0.00 0.00 0.00 0.00 0.00 0.00 0.00 1.97 19.46 36.08 58.15 84.17 107.36 122.79 129.89 124.93 96.66 76.70 52.41 23.61 5.96 0.00 0.00 0.00
0.00 0.00 0.00 0.00 0.00 0.00 0.00 11.44 115.84 216.22 328.94 438.37 522.80 573.89 586.28 566.35 502.99 403.41 287.56 176.30 72.65 0.00 0.00 0.00
0.00 0.00 0.00 0.00 0.00 0.00 0.00 0.23 0.99 1.71 2.55 3.48 4.19 4.65 4.77 4.53 4.05 3.16 2.09 0.86 0.14 0.00 0.00 0.00
0.00 0.00 0.00 0.00 0.00 0.00 0.00 3.02 22.28 40.61 61.05 80.89 96.33 104.16 105.80 99.69 89.05 71.46 49.97 24.40 7.86 0.00 0.00 0.00
0.00 0.00 0.00 0.00 0.00 0.00 0.00 0.00 6.30 12.95 20.90 28.44 33.88 23.83 23.92 22.15 17.76 14.05 9.91 7.49 2.74 0.00 0.00 0.00
0.00 0.00 0.00 0.00 0.00 0.00 0.00 0.87 2.79 4.59 6.79 8.84 10.20 10.81 10.96 10.46 9.29 7.19 4.70 1.96 0.34 0.00 0.00 0.00
0.00 0.00 0.00 0.00 0.00 0.00 0.00 0.43 1.39 2.30 3.39 4.42 5.10 5.41 5.48 5.23 4.64 3.60 2.35 0.98 0.17 0.00 0.00 0.00
0.00 0.00 0.00 0.00 0.00 0.00 0.00 0.95 3.05 5.02 7.42 9.67 11.16 11.82 11.99 11.44 10.16 7.86 5.15 2.14 0.37 0.00 0.00 0.00
0.00 0.00 0.00 0.00 0.00 0.00 0.00 1.11 3.66 6.04 8.84 11.53 13.29 14.10 14.38 13.91 12.27 9.40 6.24 2.59 0.44 0.00 0.00 0.00
0.00 0.00 0.00 0.00 0.00 0.00 0.00 1.69 5.58 9.20 13.47 17.57 20.26 21.48 21.91 21.19 18.70 14.32 9.52 3.95 0.67 0.00 0.00 0.00
0.00 0.00 0.00 0.00 0.00 0.00 0.00 1.47 5.01 8.31 12.28 15.61 18.15 19.44 19.70 18.65 16.36 12.70 8.39 3.58 0.67 0.00 0.00 0.00
0.00 0.00 0.00 0.00 0.00 0.00 0.00 1.03 4.23 7.24 10.14 13.10 15.26 16.86 16.78 15.71 13.78 10.83 7.40 3.41 0.97 0.00 0.00 0.00
0.00 0.00 0.00 0.00 0.00 0.00 0.00 2.65 10.92 18.69 26.21 33.84 39.41 43.57 43.36 40.58 35.59 27.98 19.12 8.81 2.51 0.00 0.00 0.00
0.00 0.00 0.00 0.00 0.00 0.00 0.00 0.59 2.72 4.72 6.94 9.04 10.53 11.28 11.44 10.69 9.25 7.29 4.98 2.34 0.66 0.00 0.00 0.00
0.00 0.00 0.00 0.00 0.00 0.00 0.00 1.20 4.69 7.94 11.90 15.68 18.53 20.37 20.96 19.82 17.61 13.57 8.96 3.58 0.50 0.00 0.00 0.00
0.00 0.00 0.00 0.00 0.00 0.00 0.00 2.26 8.32 13.99 20.23 26.83 32.59 35.78 36.11 34.31 30.69 23.60 15.29 6.45 1.06 0.00 0.00 0.00
0.00 0.00 0.00 0.00 0.00 0.00 0.00 0.39 1.23 2.03 2.94 3.73 4.23 4.57 4.55 4.29 3.69 2.80 1.80 0.63 0.02 0.00 0.00 0.00
0.00 0.00 0.00 0.00 0.00 0.00 0.00 1.83 6.68 11.18 16.52 21.35 24.61 26.59 26.56 25.06 20.33 15.62 10.12 3.64 0.23 0.00 0.00 0.00
0.00 0.00 0.00 0.00 0.00 0.00 0.00 1.33 4.55 7.58 11.22 14.45 16.47 17.87 17.83 16.66 13.77 10.59 6.79 2.42 0.10 0.00 0.00 0.00
0.00 0.00 0.00 0.00 0.00 0.00 0.00 1.84 6.28 10.46 15.49 19.94 22.73 24.65 24.60 22.99 19.01 14.62 9.37 3.34 0.13 0.00 0.00 0.00
0.00 0.00 0.00 0.00 0.00 0.00 0.00 1.25 4.28 7.13 10.55 13.58 15.48 16.79 16.76 15.66 12.95 9.96 6.38 2.28 0.09 0.00 0.00 0.00
0.00 0.00 0.00 0.00 0.00 0.00 0.00 0.97 3.56 5.96 8.81 11.39 13.12 14.18 14.16 13.37 10.84 8.33 5.40 1.94 0.12 0.00 0.00 0.00
0.00 0.00 0.00 0.00 0.00 0.00 0.00 1.05 3.45 5.76 8.52 10.82 12.42 13.50 13.44 12.29 10.11 7.59 4.75 1.60 0.01 0.00 0.00 0.00
0.00 0.00 0.00 0.00 0.00 0.00 0.00 0.69 3.18 5.50 8.41 11.13 13.12 14.14 14.17 13.49 8.97 7.01 4.58 1.74 0.20 0.00 0.00 0.00
0.00 0.00 0.00 0.00 0.00 0.00 0.00 1.72 20.42 38.19 50.39 66.24 78.16 126.65 129.04 124.18 101.50 78.28 49.95 18.90 2.94 0.00 0.00 0.00
0.00 0.00 0.00 0.00 0.00 0.00 0.00 0.85 4.35 7.64 11.88 16.19 19.75 22.10 23.01 21.97 19.70 15.41 10.11 4.08 0.74 0.00 0.00 0.00
0.00 0.00 0.00 0.00 0.00 0.00 0.00 1.47 6.54 11.26 17.74 24.37 28.97 32.79 32.90 31.24 27.83 21.49 14.08 5.59 0.84 0.00 0.00 0.00
0.00 0.00 0.00 0.00 0.00 0.00 0.00 0.68 3.00 5.16 8.13 11.17 13.28 15.03 15.08 14.32 12.76 9.85 6.45 2.56 0.38 0.00 0.00 0.00
0.00 0.00 0.00 0.00 0.00 0.00 0.00 1.07 5.42 9.52 14.70 19.95 24.39 27.14 28.24 27.02 24.24 18.97 12.50 5.14 0.93 0.00 0.00 0.00
0.00 0.00 0.00 0.00 0.00 0.00 0.00 0.55 2.40 4.14 6.19 8.46 10.19 11.30 11.59 11.01 9.84 7.67 5.07 2.09 0.34 0.00 0.00 0.00
0.00 0.00 0.00 0.00 0.00 0.00 0.00 2.04 20.15 37.35 60.21 87.14 111.15 127.13 134.48 129.35 100.08 79.41 54.26 24.44 6.17 0.00 0.00 0.00
0.00 0.00 0.00 0.00 0.00 0.00 0.00 2.30 11.72 20.62 30.52 39.71 46.44 49.87 50.61 48.06 42.16 33.80 23.16 10.97 3.36 0.00 0.00 0.00
0.00 0.00 0.00 0.00 0.00 0.00 0.00 0.47 2.56 4.53 6.76 8.82 10.32 11.19 11.45 10.75 9.49 7.52 5.15 2.43 0.74 0.00 0.00 0.00
0.00 0.00 0.00 0.00 0.00 0.00 0.00 0.54 3.08 5.48 8.19 10.85 13.00 14.16 14.21 13.33 11.79 9.25 6.31 2.97 0.86 0.00 0.00 0.00
0.00 0.00 0.00 0.00 0.00 0.00 0.00 0.86 4.92 8.77 13.11 17.36 20.80 22.66 22.73 21.33 18.86 14.80 10.10 4.75 1.37 0.00 0.00 0.00
0.00 0.00 0.00 0.00 0.00 0.00 0.00 1.41 100.73 196.35 279.76 374.72 451.47 394.12 399.44 376.28 235.16 183.62 127.40 77.92 26.80 0.00 0.00 0.00
