0.00 0.00 0.00 0.00 0.00 0.00 0.00 0.00 0.00 0.29 1.24 1.98 2.62 3.24 3.34 2.99 2.01 1.36 0.56 0.00 0.00 0.00 0.00 0.00
0.00 0.00 0.00 0.00 0.00 0.00 0.00 0.00 0.00 3.99 10.74 15.99 20.10 17.32 17.83 15.80 14.98 9.79 3.52 0.00 0.00 0.00 0.00 0.00
0.00 0.00 0.00 0.00 0.00 0.00 0.00 0.00 0.00 6.57 28.34 45.27 60.00 74.18 76.27 68.43 45.95 31.19 12.72 0.00 0.00 0.00 0.00 0.00
0.00 0.00 0.00 0.00 0.00 0.00 0.00 0.00 0.00 23.33 100.74 160.88 213.23 263.64 271.07 243.19 163.30 110.84 45.20 0.00 0.00 0.00 0.00 0.00
0.00 0.00 0.00 0.00 0.00 0.00 0.00 0.00 0.00 0.86 1.53 2.22 2.71 2.72 2.69 2.31 0.99 0.61 0.14 0.00 0.00 0.00 0.00 0.00
0.00 0.00 0.00 0.00 0.00 0.00 0.00 0.00 0.00 28.91 122.50 197.86 263.33 453.10 473.08 434.22 351.07 238.86 106.11 0.00 0.00 0.00 0.00 0.00
0.00 0.00 0.00 0.00 0.00 0.00 0.00 0.00 0.00 0.62 1.67 2.46 3.11 3.93 3.90 3.45 1.87 1.15 0.27 0.00 0.00 0.00 0.00 0.00
0.00 0.00 0.00 0.00 0.00 0.00 0.00 0.00 0.00 0.39 0.71 1.05 1.33 1.08 1.09 0.97 1.02 0.66 0.22 0.00 0.00 0.00 0.00 0.00
0.00 0.00 0.00 0.00 0.00 0.00 0.00 0.00 0.00 0.63 1.13 1.68 2.12 1.73 1.75 1.55 1.64 1.06 0.36 0.00 0.00 0.00 0.00 0.00
0.00 0.00 0.00 0.00 0.00 0.00 0.00 0.00 0.00 0.63 1.13 1.68 2.12 1.73 1.75 1.55 1.64 1.06 0.36 0.00 0.00 0.00 0.00 0.00
0.00 0.00 0.00 0.00 0.00 0.00 0.00 0.00 0.00 0.73 1.57 2.31 2.97 3.53 3.54 3.14 3.78 2.47 0.87 0.00 0.00 0.00 0.00 0.00
0.00 0.00 0.00 0.00 0.00 0.00 0.00 0.00 0.00 0.33 0.77 1.13 1.45 1.72 1.73 1.54 1.66 1.08 0.38 0.00 0.00 0.00 0.00 0.00
0.00 0.00 0.00 0.00 0.00 0.00 0.00 0.00 0.00 0.42 0.99 1.45 1.86 2.21 2.23 1.98 2.13 1.39 0.49 0.00 0.00 0.00 0.00 0.00
0.00 0.00 0.00 0.00 0.00 0.00 0.00 0.00 0.00 0.28 0.66 0.97 1.24 1.48 1.49 1.32 1.42 0.93 0.33 0.00 0.00 0.00 0.00 0.00
0.00 0.00 0.00 0.00 0.00 0.00 0.00 0.00 0.00 0.28 0.66 0.97 1.24 1.48 1.49 1.32 1.42 0.93 0.33 0.00 0.00 0.00 0.00 0.00
0.00 0.00 0.00 0.00 0.00 0.00 0.00 0.00 0.00 7.30 15.40 23.52 30.56 32.01 33.85 30.54 28.14 18.34 7.83 0.00 0.00 0.00 0.00 0.00
0.00 0.00 0.00 0.00 0.00 0.00 0.00 0.00 0.00 1.98 4.61 6.78 8.83 10.04 9.99 8.73 11.00 7.12 2.40 0.00 0.00 0.00 0.00 0.00
0.00 0.00 0.00 0.00 0.00 0.00 0.00 0.00 0.00 1.12 4.05 6.01 7.58 8.76 8.90 7.75 12.62 8.18 2.75 0.00 0.00 0.00 0.00 0.00
0.00 0.00 0.00 0.00 0.00 0.00 0.00 0.00 0.00 8.53 36.13 58.36 77.67 133.65 139.54 128.08 103.55 70.46 31.30 0.00 0.00 0.00 0.00 0.00
0.00 0.00 0.00 0.00 0.00 0.00 0.00 0.00 0.00 8.11 34.37 55.51 73.88 127.13 132.74 121.83 98.50 67.02 29.77 0.00 0.00 0.00 0.00 0.00
0.00 0.00 0.00 0.00 0.00 0.00 0.00 0.00 0.00 15.60 66.10 106.76 142.08 244.48 255.26 234.29 189.42 128.88 57.26 0.00 0.00 0.00 0.00 0.00
0.00 0.00 0.00 0.00 0.00 0.00 0.00 0.00 0.00 15.34 65.00 104.98 139.71 240.41 251.01 230.38 186.27 126.74 56.30 0.00 0.00 0.00 0.00 0.00
0.00 0.00 0.00 0.00 0.00 0.00 0.00 0.00 0.00 25.63 124.35 201.88 270.01 264.04 274.72 245.63 207.07 140.39 56.42 0.00 0.00 0.00 0.00 0.00
0.00 0.00 0.00 0.00 0.00 0.00 0.00 0.00 0.00 0.39 0.71 1.05 1.33 1.08 1.09 0.97 1.02 0.66 0.22 0.00 0.00 0.00 0.00 0.00
0.00 0.00 0.00 0.00 0.00 0.00 0.00 0.00 0.00 2.00 3.58 5.33 6.72 5.49 5.55 4.89 5.19 3.35 1.14 0.00 0.00 0.00 0.00 0.00
0.00 0.00 0.00 0.00 0.00 0.00 0.00 0.00 0.00 10.20 18.26 27.23 34.31 28.01 28.31 24.98 26.48 17.12 5.80 0.00 0.00 0.00 0.00 0.00
0.00 0.00 0.00 0.00 0.00 0.00 0.00 0.00 0.00 0.58 2.47 3.99 5.30 9.13 9.53 8.75 7.07 4.81 2.14 0.00 0.00 0.00 0.00 0.00
0.00 0.00 0.00 0.00 0.00 0.00 0.00 0.00 0.00 22.97 99.16 158.37 209.90 259.53 266.85 239.40 160.75 109.11 44.49 0.00 0.00 0.00 0.00 0.00
0.00 0.00 0.00 0.00 0.00 0.00 0.00 0.00 0.00 1.07 2.58 3.93 5.04 5.70 5.94 5.33 6.28 4.25 1.74 0.00 0.00 0.00 0.00 0.00
0.00 0.00 0.00 0.00 0.00 0.00 0.00 0.00 0.00 12.75 49.49 77.56 101.47 127.28 128.53 115.21 87.22 57.05 19.31 0.00 0.00 0.00 0.00 0.00
0.00 0.00 0.00 0.00 0.00 0.00 0.00 0.00 0.00 0.38 1.65 2.64 3.50 4.33 4.45 3.99 2.68 1.82 0.74 0.00 0.00 0.00 0.00 0.00
0.00 0.00 0.00 0.00 0.00 0.00 0.00 0.00 0.00 17.23 74.37 118.78 157.43 194.65 200.14 179.55 120.56 81.83 33.37 0.00 0.00 0.00 0.00 0.00
0.00 0.00 0.00 0.00 0.00 0.00 0.00 0.00 0.00 22.11 95.45 152.43 202.03 249.80 256.84 230.42 154.72 105.02 42.82 0.00 0.00 0.00 0.00 0.00
0.00 0.00 0.00 0.00 0.00 0.00 0.00 0.00 0.00 33.80 163.99 266.24 356.07 348.21 362.29 323.93 273.08 185.14 74.40 0.00 0.00 0.00 0.00 0.00
0.00 0.00 0.00 0.00 0.00 0.00 0.00 0.00 0.00 0.79 1.78 2.62 3.35 3.17 3.25 2.93 2.95 1.95 0.72 0.00 0.00 0.00 0.00 0.00
0.00 0.00 0.00 0.00 0.00 0.00 0.00 0.00 0.00 0.97 1.90 2.79 3.57 3.71 3.82 3.42 3.58 2.36 0.87 0.00 0.00 0.00 0.00 0.00
0.00 0.00 0.00 0.00 0.00 0.00 0.00 0.00 0.00 4.42 10.65 16.19 20.77 23.53 24.50 21.98 25.92 17.52 7.18 0.00 0.00 0.00 0.00 0.00
0.00 0.00 0.00 0.00 0.00 0.00 0.00 0.00 0.00 8.57 115.40 199.99 272.07 318.79 326.07 290.19 226.61 153.78 60.57 0.00 0.00 0.00 0.00 0.00
0.00 0.00 0.00 0.00 0.00 0.00 0.00 0.00 0.00 0.14 0.33 0.49 0.62 0.73 0.73 0.64 0.83 0.53 0.17 0.00 0.00 0.00 0.00 0.00
0.00 0.00 0.00 0.00 0.00 0.00 0.00 0.00 0.00 5.79 24.08 38.21 50.86 58.73 59.98 53.48 37.15 24.81 9.46 0.00 0.00 0.00 0.00 0.00
0.00 0.00 0.00 0.00 0.00 0.00 0.00 0.00 0.00 0.44 2.86 4.69 6.36 14.74 15.46 14.33 17.28 11.69 5.63 0.00 0.00 0.00 0.00 0.00
0.00 0.00 0.00 0.00 0.00 0.00 0.00 0.00 0.00 0.77 1.61 2.36 2.94 4.44 4.44 3.82 2.06 1.25 0.27 0.00 0.00 0.00 0.00 0.00
0.00 0.00 0.00 0.00 0.00 0.00 0.00 0.00 0.00 0.39 0.80 1.18 1.47 2.22 2.22 1.91 1.03 0.62 0.14 0.00 0.00 0.00 0.00 0.00
0.00 0.00 0.00 0.00 0.00 0.00 0.00 0.00 0.00 0.84 1.76 2.58 3.22 4.85 4.86 4.17 2.25 1.37 0.30 0.00 0.00 0.00 0.00 0.00
0.00 0.00 0.00 0.00 0.00 0.00 0.00 0.00 0.00 0.91 1.70 2.50 3.13 4.10 4.12 3.59 2.33 1.42 0.33 0.00 0.00 0.00 0.00 0.00
0.00 0.00 0.00 0.00 0.00 0.00 0.00 0.00 0.00 1.38 2.60 3.81 4.77 6.24 6.28 5.47 3.55 2.17 0.50 0.00 0.00 0.00 0.00 0.00
0.00 0.00 0.00 0.00 0.00 0.00 0.00 0.00 0.00 1.24 3.37 4.98 6.31 7.02 6.96 6.20 3.75 2.31 0.57 0.00 0.00 0.00 0.00 0.00
0.00 0.00 0.00 0.00 0.00 0.00 0.00 0.00 0.00 1.13 3.85 5.95 7.69 10.18 10.13 8.95 6.73 4.30 1.27 0.00 0.00 0.00 0.00 0.00
0.00 0.00 0.00 0.00 0.00 0.00 0.00 0.00 0.00 2.91 9.93 15.37 19.87 26.29 26.17 23.11 17.39 11.10 3.27 0.00 0.00 0.00 0.00 0.00
0.00 0.00 0.00 0.00 0.00 0.00 0.00 0.00 0.00 0.75 2.57 3.96 5.27 6.74 6.82 5.93 4.73 3.07 0.99 0.00 0.00 0.00 0.00 0.00
0.00 0.00 0.00 0.00 0.00 0.00 0.00 0.00 0.00 0.41 1.31 1.91 2.39 2.79 2.85 2.45 3.16 2.00 0.59 0.00 0.00 0.00 0.00 0.00
0.00 0.00 0.00 0.00 0.00 0.00 0.00 0.00 0.00 1.31 3.16 4.62 5.81 6.07 6.09 5.39 8.01 5.02 1.38 0.00 0.00 0.00 0.00 0.00
0.00 0.00 0.00 0.00 0.00 0.00 0.00 0.00 0.00 0.21 0.28 0.40 0.48 0.47 0.47 0.41 0.37 0.22 0.05 0.00 0.00 0.00 0.00 0.00
0.00 0.00 0.00 0.00 0.00 0.00 0.00 0.00 0.00 1.60 2.56 3.73 4.52 3.24 3.31 2.93 2.48 1.55 0.44 0.00 0.00 0.00 0.00 0.00
0.00 0.00 0.00 0.00 0.00 0.00 0.00 0.00 0.00 0.94 1.54 2.27 2.78 2.22 2.24 1.98 1.46 0.90 0.24 0.00 0.00 0.00 0.00 0.00
0.00 0.00 0.00 0.00 0.00 0.00 0.00 0.00 0.00 1.30 2.13 3.13 3.83 3.06 3.09 2.73 2.01 1.24 0.33 0.00 0.00 0.00 0.00 0.00
0.00 0.00 0.00 0.00 0.00 0.00 0.00 0.00 0.00 0.89 1.45 2.13 2.61 2.09 2.11 1.86 1.37 0.85 0.22 0.00 0.00 0.00 0.00 0.00
0.00 0.00 0.00 0.00 0.00 0.00 0.00 0.00 0.00 0.85 1.36 1.99 2.41 1.73 1.77 1.56 1.32 0.83 0.24 0.00 0.00 0.00 0.00 0.00
0.00 0.00 0.00 0.00 0.00 0.00 0.00 0.00 0.00 0.79 1.52 2.19 2.71 2.55 2.53 2.19 1.00 0.61 0.15 0.00 0.00 0.00 0.00 0.00
0.00 0.00 0.00 0.00 0.00 0.00 0.00 0.00 0.00 1.13 2.02 3.02 3.80 3.10 3.14 2.77 2.93 1.90 0.64 0.00 0.00 0.00 0.00 0.00
0.00 0.00 0.00 0.00 0.00 0.00 0.00 0.00 0.00 9.50 20.05 30.62 39.78 41.66 44.06 39.76 36.62 23.87 10.20 0.00 0.00 0.00 0.00 0.00
0.00 0.00 0.00 0.00 0.00 0.00 0.00 0.00 0.00 0.82 1.78 2.62 3.36 4.00 4.01 3.56 4.29 2.80 0.98 0.00 0.00 0.00 0.00 0.00
0.00 0.00 0.00 0.00 0.00 0.00 0.00 0.00 0.00 1.12 2.55 3.73 4.84 4.91 4.86 4.27 4.37 2.81 0.92 0.00 0.00 0.00 0.00 0.00
0.00 0.00 0.00 0.00 0.00 0.00 0.00 0.00 0.00 0.51 1.17 1.71 2.22 2.25 2.23 1.96 2.00 1.29 0.42 0.00 0.00 0.00 0.00 0.00
0.00 0.00 0.00 0.00 0.00 0.00 0.00 0.00 0.00 0.97 2.08 3.06 3.92 4.74 4.77 4.19 5.39 3.52 1.23 0.00 0.00 0.00 0.00 0.00
0.00 0.00 0.00 0.00 0.00 0.00 0.00 0.00 0.00 0.35 0.81 1.18 1.52 1.76 1.78 1.55 2.01 1.29 0.42 0.00 0.00 0.00 0.00 0.00
0.00 0.00 0.00 0.00 0.00 0.00 0.00 0.00 0.00 4.58 11.02 16.76 21.51 24.36 25.36 22.75 26.83 18.14 7.43 0.00 0.00 0.00 0.00 0.00
0.00 0.00 0.00 0.00 0.00 0.00 0.00 0.00 0.00 3.05 11.83 18.55 24.27 30.44 30.73 27.55 20.86 13.64 4.62 0.00 0.00 0.00 0.00 0.00
0.00 0.00 0.00 0.00 0.00 0.00 0.00 0.00 0.00 0.71 2.60 4.07 5.39 6.78 6.73 6.09 4.75 3.12 1.09 0.00 0.00 0.00 0.00 0.00
0.00 0.00 0.00 0.00 0.00 0.00 0.00 0.00 0.00 0.81 2.97 4.60 5.95 7.50 7.60 6.83 5.95 3.92 1.40 0.00 0.00 0.00 0.00 0.00
0.00 0.00 0.00 0.00 0.00 0.00 0.00 0.00 0.00 1.30 4.76 7.36 9.52 12.01 12.15 10.93 9.51 6.27 2.24 0.00 0.00 0.00 0.00 0.00
0.00 0.00 0.00 0.00 0.00 0.00 0.00 0.00 0.00 15.86 67.20 108.54 144.45 248.56 259.52 238.19 192.58 131.03 58.21 0.00 0.00 0.00 0.00 0.00
