0.00 0.00 0.00 0.00 0.00 0.00 0.00 0.00 0.74 1.65 2.69 3.59 4.22 4.26 4.30 4.16 2.87 2.37 1.66 0.75 0.24 0.00 0.00 0.00
0.00 0.00 0.00 0.00 0.00 0.00 0.00 0.00 16.86 33.49 53.12 67.48 78.51 89.83 89.30 83.48 67.47 52.27 35.18 12.87 1.22 0.00 0.00 0.00
0.00 0.00 0.00 0.00 0.00 0.00 0.00 0.00 17.00 37.66 61.47 82.02 96.44 97.38 98.23 95.18 65.66 54.12 38.02 17.14 5.57 0.00 0.00 0.00
0.00 0.00 0.00 0.00 0.00 0.00 0.00 0.00 60.41 133.83 218.45 291.50 342.75 346.10 349.10 338.25 233.37 192.35 135.12 60.91 19.80 0.00 0.00 0.00
0.00 0.00 0.00 0.00 0.00 0.00 0.00 0.47 3.36 6.07 8.83 11.09 12.51 11.94 11.63 10.70 8.42 6.52 4.17 1.57 0.00 0.00 0.00 0.00
0.00 0.00 0.00 0.00 0.00 0.00 0.00 0.00 116.43 274.05 459.87 618.29 743.41 819.62 852.68 851.75 614.01 503.71 349.39 188.18 64.44 0.00 0.00 0.00
0.00 0.00 0.00 0.00 0.00 0.00 0.00 0.19 1.94 3.59 5.66 7.33 8.48 9.10 9.00 8.45 7.44 5.73 3.76 1.44 0.24 0.00 0.00 0.00
0.00 0.00 0.00 0.00 0.00 0.00 0.00 0.00 1.01 1.97 3.03 3.93 4.56 5.32 5.16 4.91 4.34 3.38 2.26 0.84 0.09 0.00 0.00 0.00
0.00 0.00 0.00 0.00 0.00 0.00 0.00 0.00 1.61 3.15 4.85 6.29 7.29 8.51 8.26 7.85 6.94 5.41 3.62 1.35 0.15 0.00 0.00 0.00
0.00 0.00 0.00 0.00 0.00 0.00 0.00 0.00 1.61 3.15 4.85 6.29 7.29 8.51 8.26 7.85 6.94 5.41 3.62 1.35 0.15 0.00 0.00 0.00
0.00 0.00 0.00 0.00 0.00 0.00 0.00 0.00 3.75 7.50 12.01 15.96 18.48 19.98 19.95 18.83 17.36 13.62 8.74 3.57 0.62 0.00 0.00 0.00
0.00 0.00 0.00 0.00 0.00 0.00 0.00 0.00 1.76 3.51 5.63 7.48 8.64 9.48 9.45 8.86 8.28 6.52 4.18 1.68 0.28 0.00 0.00 0.00
0.00 0.00 0.00 0.00 0.00 0.00 0.00 0.00 2.26 4.51 7.23 9.62 11.11 12.18 12.15 11.39 10.64 8.39 5.38 2.16 0.37 0.00 0.00 0.00
0.00 0.00 0.00 0.00 0.00 0.00 0.00 0.00 1.51 3.01 4.82 6.41 7.41 8.12 8.10 7.59 7.10 5.59 3.58 1.44 0.24 0.00 0.00 0.00
0.00 0.00 0.00 0.00 0.00 0.00 0.00 0.00 1.51 3.01 4.82 6.41 7.41 8.12 8.10 7.59 7.10 5.59 3.58 1.44 0.24 0.00 0.00 0.00
0.00 0.00 0.00 0.00 0.00 0.00 0.00 0.00 18.58 40.26 65.05 86.00 100.09 112.73 112.30 105.76 96.26 74.74 49.67 20.84 3.40 0.00 0.00 0.00
0.00 0.00 0.00 0.00 0.00 0.00 0.00 0.00 11.56 22.77 35.81 47.65 55.28 60.29 60.20 55.93 50.79 39.81 25.96 10.57 1.75 0.00 0.00 0.00
0.00 0.00 0.00 0.00 0.00 0.00 0.00 0.00 9.81 19.42 30.80 40.98 47.00 50.61 50.42 47.39 42.30 33.32 21.73 9.09 1.73 0.00 0.00 0.00
0.00 0.00 0.00 0.00 0.00 0.00 0.00 0.00 34.34 80.84 135.65 182.37 219.28 241.76 251.51 251.24 181.11 148.58 103.06 55.50 19.01 0.00 0.00 0.00
0.00 0.00 0.00 0.00 0.00 0.00 0.00 0.00 32.67 76.89 129.03 173.48 208.58 229.96 239.24 238.98 172.28 141.33 98.03 52.80 18.08 0.00 0.00 0.00
0.00 0.00 0.00 0.00 0.00 0.00 0.00 0.00 62.82 147.87 248.13 333.61 401.12 442.24 460.08 459.58 331.30 271.78 188.52 101.53 34.77 0.00 0.00 0.00
0.00 0.00 0.00 0.00 0.00 0.00 0.00 0.00 61.78 145.41 244.00 328.05 394.43 434.87 452.41 451.92 325.78 267.26 185.38 99.84 34.19 0.00 0.00 0.00
0.00 0.00 0.00 0.00 0.00 0.00 0.00 0.00 77.55 171.21 277.55 376.02 453.06 488.06 503.63 484.94 399.03 317.92 221.35 126.84 43.53 0.00 0.00 0.00
0.00 0.00 0.00 0.00 0.00 0.00 0.00 0.00 1.01 1.97 3.03 3.93 4.56 5.32 5.16 4.91 4.34 3.38 2.26 0.84 0.09 0.00 0.00 0.00
0.00 0.00 0.00 0.00 0.00 0.00 0.00 0.00 5.11 9.97 15.35 19.92 23.08 26.94 26.16 24.85 21.97 17.15 11.45 4.28 0.47 0.00 0.00 0.00
0.00 0.00 0.00 0.00 0.00 0.00 0.00 0.00 26.10 50.89 78.35 101.69 117.84 137.52 133.57 126.88 112.14 87.53 58.45 21.86 2.42 0.00 0.00 0.00
0.00 0.00 0.00 0.00 0.00 0.00 0.00 0.00 2.35 5.52 9.26 12.45 14.98 16.51 17.18 17.16 12.37 10.15 7.04 3.79 1.30 0.00 0.00 0.00
0.00 0.00 0.00 0.00 0.00 0.00 0.00 0.00 59.46 131.74 215.05 286.96 337.41 340.70 343.65 332.98 229.73 189.35 133.01 59.96 19.49 0.00 0.00 0.00
0.00 0.00 0.00 0.00 0.00 0.00 0.00 0.00 5.00 10.86 17.83 24.27 28.84 31.68 31.40 29.58 23.11 18.39 12.37 5.78 1.43 0.00 0.00 0.00
0.00 0.00 0.00 0.00 0.00 0.00 0.00 0.00 32.79 66.58 108.95 147.29 174.29 169.20 171.06 162.68 163.01 131.07 90.65 40.98 11.85 0.00 0.00 0.00
0.00 0.00 0.00 0.00 0.00 0.00 0.00 0.00 0.99 2.20 3.58 4.78 5.62 5.68 5.73 5.55 3.83 3.16 2.22 1.00 0.32 0.00 0.00 0.00
0.00 0.00 0.00 0.00 0.00 0.00 0.00 0.00 44.60 98.81 161.29 215.22 253.06 255.53 257.74 249.74 172.30 142.02 99.76 44.97 14.62 0.00 0.00 0.00
0.00 0.00 0.00 0.00 0.00 0.00 0.00 0.00 57.23 126.80 206.99 276.20 324.76 327.92 330.77 320.50 221.11 182.25 128.03 57.72 18.76 0.00 0.00 0.00
0.00 0.00 0.00 0.00 0.00 0.00 0.00 0.00 102.26 225.79 366.01 495.88 597.47 643.63 664.16 639.51 526.21 419.25 291.91 167.27 57.40 0.00 0.00 0.00
0.00 0.00 0.00 0.00 0.00 0.00 0.00 0.00 2.60 5.29 8.77 11.72 13.55 15.06 15.01 13.98 12.85 9.76 6.57 2.68 0.48 0.00 0.00 0.00
0.00 0.00 0.00 0.00 0.00 0.00 0.00 0.00 3.31 6.71 11.06 14.74 17.08 18.93 18.89 17.62 16.18 12.35 8.19 3.31 0.58 0.00 0.00 0.00
0.00 0.00 0.00 0.00 0.00 0.00 0.00 0.00 20.62 44.80 73.54 100.12 118.95 130.67 129.53 122.00 95.34 75.86 51.02 23.83 5.90 0.00 0.00 0.00
0.00 0.00 0.00 0.00 0.00 0.00 0.00 0.00 75.64 169.81 276.22 380.36 463.46 513.77 522.34 491.55 461.69 373.52 262.57 144.20 57.79 0.00 0.00 0.00
0.00 0.00 0.00 0.00 0.00 0.00 0.00 0.00 0.93 1.80 2.84 3.75 4.30 4.66 4.68 4.38 3.94 3.00 2.01 0.79 0.12 0.00 0.00 0.00
0.00 0.00 0.00 0.00 0.00 0.00 0.00 0.00 15.59 33.32 53.61 72.21 86.69 94.93 96.35 92.50 79.56 63.29 44.34 21.78 6.78 0.00 0.00 0.00
0.00 0.00 0.00 0.00 0.00 0.00 0.00 0.00 3.64 9.32 16.08 22.33 26.85 30.25 30.99 30.19 28.17 22.20 15.92 7.51 2.75 0.00 0.00 0.00
0.00 0.00 0.00 0.00 0.00 0.00 0.00 0.28 2.32 4.24 6.47 8.39 9.64 10.24 10.20 9.60 8.32 6.48 4.19 1.55 0.23 0.00 0.00 0.00
0.00 0.00 0.00 0.00 0.00 0.00 0.00 0.14 1.16 2.12 3.23 4.19 4.82 5.12 5.10 4.80 4.16 3.24 2.10 0.78 0.12 0.00 0.00 0.00
0.00 0.00 0.00 0.00 0.00 0.00 0.00 0.31 2.53 4.63 7.08 9.17 10.54 11.20 11.16 10.50 9.10 7.09 4.58 1.70 0.26 0.00 0.00 0.00
0.00 0.00 0.00 0.00 0.00 0.00 0.00 0.33 3.02 5.55 8.59 11.07 12.87 13.78 13.54 12.78 11.28 8.68 5.61 2.12 0.31 0.00 0.00 0.00
0.00 0.00 0.00 0.00 0.00 0.00 0.00 0.51 4.60 8.46 13.08 16.86 19.61 20.99 20.63 19.47 17.19 13.22 8.55 3.23 0.48 0.00 0.00 0.00
0.00 0.00 0.00 0.00 0.00 0.00 0.00 0.37 3.95 7.34 11.52 14.77 17.16 18.33 18.01 17.01 15.09 11.72 7.77 3.04 0.51 0.00 0.00 0.00
0.00 0.00 0.00 0.00 0.00 0.00 0.00 0.01 2.85 5.58 8.73 11.79 13.89 14.97 15.17 14.53 12.93 10.19 6.87 2.94 0.78 0.00 0.00 0.00
0.00 0.00 0.00 0.00 0.00 0.00 0.00 0.03 7.37 14.40 22.54 30.47 35.89 38.67 39.19 37.54 33.39 26.33 17.76 7.59 2.01 0.00 0.00 0.00
0.00 0.00 0.00 0.00 0.00 0.00 0.00 0.00 1.89 3.76 5.90 7.98 9.47 9.63 9.60 9.02 7.56 5.96 4.12 2.05 0.54 0.00 0.00 0.00
0.00 0.00 0.00 0.00 0.00 0.00 0.00 0.19 4.32 8.22 12.59 16.46 18.84 20.49 20.41 18.75 17.11 13.12 8.47 3.17 0.40 0.00 0.00 0.00
0.00 0.00 0.00 0.00 0.00 0.00 0.00 0.46 7.14 13.47 21.18 27.80 32.03 33.93 34.25 32.10 28.27 21.79 14.12 5.38 0.80 0.00 0.00 0.00
0.00 0.00 0.00 0.00 0.00 0.00 0.00 0.15 1.07 1.92 2.91 3.66 4.11 4.53 4.35 4.04 3.28 2.53 1.62 0.54 0.01 0.00 0.00 0.00
0.00 0.00 0.00 0.00 0.00 0.00 0.00 0.44 5.72 10.65 16.57 20.87 23.30 25.63 24.68 23.10 18.17 14.02 9.14 3.60 0.20 0.00 0.00 0.00
0.00 0.00 0.00 0.00 0.00 0.00 0.00 0.41 3.84 7.03 10.99 13.78 15.33 15.57 14.80 14.05 11.01 8.46 5.54 2.21 0.07 0.00 0.00 0.00
0.00 0.00 0.00 0.00 0.00 0.00 0.00 0.57 5.29 9.71 15.17 19.02 21.15 21.48 20.43 19.39 15.20 11.67 7.64 3.05 0.09 0.00 0.00 0.00
0.00 0.00 0.00 0.00 0.00 0.00 0.00 0.39 3.61 6.61 10.33 12.96 14.41 14.63 13.92 13.21 10.35 7.95 5.21 2.07 0.06 0.00 0.00 0.00
0.00 0.00 0.00 0.00 0.00 0.00 0.00 0.24 3.05 5.68 8.84 11.13 12.43 13.67 13.16 12.32 9.69 7.48 4.88 1.92 0.11 0.00 0.00 0.00
0.00 0.00 0.00 0.00 0.00 0.00 0.00 0.38 2.97 5.39 7.84 9.82 11.06 10.63 10.47 9.76 7.95 6.17 3.94 1.52 0.00 0.00 0.00 0.00
0.00 0.00 0.00 0.00 0.00 0.00 0.00 0.00 2.89 5.64 8.68 11.27 13.06 15.24 14.80 14.06 12.43 9.70 6.48 2.42 0.27 0.00 0.00 0.00
0.00 0.00 0.00 0.00 0.00 0.00 0.00 0.00 24.19 52.40 84.67 111.94 130.28 146.72 146.16 137.65 125.29 97.28 64.65 27.12 4.43 0.00 0.00 0.00
0.00 0.00 0.00 0.00 0.00 0.00 0.00 0.00 4.26 8.50 13.62 18.08 20.94 22.64 22.61 21.34 19.67 15.43 9.91 4.05 0.70 0.00 0.00 0.00
0.00 0.00 0.00 0.00 0.00 0.00 0.00 0.00 6.35 12.36 19.30 25.56 29.84 33.60 33.49 31.02 28.56 21.83 14.29 5.45 0.78 0.00 0.00 0.00
0.00 0.00 0.00 0.00 0.00 0.00 0.00 0.00 2.91 5.67 8.85 11.71 13.68 15.40 15.35 14.22 13.09 10.01 6.55 2.50 0.36 0.00 0.00 0.00
0.00 0.00 0.00 0.00 0.00 0.00 0.00 0.00 5.29 10.54 16.84 22.30 25.87 27.89 27.84 26.27 24.10 18.87 12.17 4.99 0.87 0.00 0.00 0.00
0.00 0.00 0.00 0.00 0.00 0.00 0.00 0.01 2.25 4.38 6.89 9.11 10.45 11.33 11.35 10.63 9.56 7.28 4.87 1.92 0.29 0.00 0.00 0.00
0.00 0.00 0.00 0.00 0.00 0.00 0.00 0.00 21.35 46.39 76.14 103.66 123.15 135.29 134.11 126.31 98.71 78.55 52.83 24.67 6.11 0.00 0.00 0.00
0.00 0.00 0.00 0.00 0.00 0.00 0.00 0.00 7.84 15.92 26.05 35.22 41.68 40.46 40.91 38.90 38.98 31.34 21.68 9.80 2.83 0.00 0.00 0.00
0.00 0.00 0.00 0.00 0.00 0.00 0.00 0.00 1.79 3.67 5.84 7.83 9.46 10.00 9.91 9.38 8.68 6.96 4.83 2.18 0.62 0.00 0.00 0.00
0.00 0.00 0.00 0.00 0.00 0.00 0.00 0.00 2.27 4.68 7.55 9.99 11.58 12.47 12.62 12.13 10.76 8.65 5.95 2.67 0.73 0.00 0.00 0.00
0.00 0.00 0.00 0.00 0.00 0.00 0.00 0.00 3.63 7.49 12.08 15.99 18.52 19.95 20.19 19.41 17.22 13.84 9.53 4.27 1.17 0.00 0.00 0.00
0.00 0.00 0.00 0.00 0.00 0.00 0.00 0.00 63.87 150.33 252.27 339.17 407.80 449.61 467.75 467.24 336.82 276.31 191.66 103.23 35.35 0.00 0.00 0.00
