0.00 0.00 0.00 0.00 0.00 0.00 0.00 0.00 0.64 1.57 2.64 3.56 4.20 4.64 4.65 4.47 3.99 3.23 2.20 0.94 0.19 0.00 0.00 0.00
0.00 0.00 0.00 0.00 0.00 0.00 0.00 0.00 12.77 26.87 49.43 63.17 73.66 53.54 53.30 49.79 50.36 38.31 24.92 7.98 0.00 0.00 0.00 0.00
0.00 0.00 0.00 0.00 0.00 0.00 0.00 0.00 14.74 35.98 60.38 81.31 95.94 106.00 106.39 102.31 91.31 73.82 50.23 21.40 4.36 0.00 0.00 0.00
0.00 0.00 0.00 0.00 0.00 0.00 0.00 0.00 52.38 127.87 214.57 288.96 340.96 376.72 378.10 363.61 324.52 262.37 178.53 76.06 15.49 0.00 0.00 0.00
0.00 0.00 0.00 0.00 0.00 0.00 0.00 0.12 2.52 4.77 5.66 7.20 8.20 5.45 5.33 4.90 7.37 5.57 3.42 1.35 0.00 0.00 0.00 0.00
0.00 0.00 0.00 0.00 0.00 0.00 0.00 0.00 99.71 261.79 450.85 612.82 740.74 820.63 849.59 842.48 773.71 623.49 419.75 190.45 43.87 0.00 0.00 0.00
0.00 0.00 0.00 0.00 0.00 0.00 0.00 0.00 1.75 3.44 5.54 7.23 8.39 8.54 8.42 7.87 5.91 4.48 2.84 1.04 0.00 0.00 0.00 0.00
0.00 0.00 0.00 0.00 0.00 0.00 0.00 0.00 0.62 1.29 1.83 2.40 2.80 2.78 2.70 2.56 2.17 1.66 1.07 0.63 0.00 0.00 0.00 0.00
0.00 0.00 0.00 0.00 0.00 0.00 0.00 0.00 0.99 2.06 2.93 3.84 4.49 4.45 4.33 4.10 3.47 2.66 1.72 1.01 0.00 0.00 0.00 0.00
0.00 0.00 0.00 0.00 0.00 0.00 0.00 0.00 0.99 2.06 2.93 3.84 4.49 4.45 4.33 4.10 3.47 2.66 1.72 1.01 0.00 0.00 0.00 0.00
0.00 0.00 0.00 0.00 0.00 0.00 0.00 0.00 2.42 5.18 8.46 11.35 13.23 15.41 15.37 14.46 12.51 9.68 6.04 2.37 0.01 0.00 0.00 0.00
0.00 0.00 0.00 0.00 0.00 0.00 0.00 0.00 1.00 2.14 3.60 4.84 5.62 6.55 6.53 6.10 5.40 4.20 2.61 1.07 0.00 0.00 0.00 0.00
0.00 0.00 0.00 0.00 0.00 0.00 0.00 0.00 1.29 2.76 4.62 6.22 7.23 8.43 8.39 7.84 6.94 5.39 3.36 1.38 0.00 0.00 0.00 0.00
0.00 0.00 0.00 0.00 0.00 0.00 0.00 0.00 0.86 1.84 3.08 4.15 4.82 5.62 5.59 5.22 4.63 3.60 2.24 0.92 0.00 0.00 0.00 0.00
0.00 0.00 0.00 0.00 0.00 0.00 0.00 0.00 0.86 1.84 3.08 4.15 4.82 5.62 5.59 5.22 4.63 3.60 2.24 0.92 0.00 0.00 0.00 0.00
0.00 0.00 0.00 0.00 0.00 0.00 0.00 0.00 16.34 37.93 60.33 80.46 94.09 98.46 97.85 91.73 80.69 61.63 39.75 12.31 0.09 0.00 0.00 0.00
0.00 0.00 0.00 0.00 0.00 0.00 0.00 0.00 8.01 16.90 27.35 36.79 42.96 47.80 47.69 44.15 36.80 28.45 18.02 7.37 0.00 0.00 0.00 0.00
0.00 0.00 0.00 0.00 0.00 0.00 0.00 0.00 8.63 18.30 29.82 40.12 46.31 46.25 46.01 43.08 36.15 28.07 17.78 6.57 0.13 0.00 0.00 0.00
0.00 0.00 0.00 0.00 0.00 0.00 0.00 0.00 29.41 77.22 132.98 180.76 218.49 242.06 250.60 248.50 228.22 183.91 123.81 56.18 12.94 0.00 0.00 0.00
0.00 0.00 0.00 0.00 0.00 0.00 0.00 0.00 27.97 73.45 126.50 171.94 207.83 230.25 238.37 236.38 217.09 174.94 117.77 53.44 12.31 0.00 0.00 0.00
0.00 0.00 0.00 0.00 0.00 0.00 0.00 0.00 53.80 141.25 243.26 330.66 399.68 442.79 458.41 454.57 417.47 336.42 226.48 102.76 23.67 0.00 0.00 0.00
0.00 0.00 0.00 0.00 0.00 0.00 0.00 0.00 52.90 138.90 239.21 325.15 393.02 435.41 450.77 447.00 410.51 330.81 222.71 101.05 23.28 0.00 0.00 0.00
0.00 0.00 0.00 0.00 0.00 0.00 0.00 0.00 66.95 163.66 272.93 372.74 450.01 500.28 513.18 489.95 442.30 346.46 234.21 103.27 23.15 0.00 0.00 0.00
0.00 0.00 0.00 0.00 0.00 0.00 0.00 0.00 0.62 1.29 1.83 2.40 2.80 2.78 2.70 2.56 2.17 1.66 1.07 0.63 0.00 0.00 0.00 0.00
0.00 0.00 0.00 0.00 0.00 0.00 0.00 0.00 3.14 6.53 9.28 12.17 14.20 14.10 13.70 12.98 10.97 8.42 5.44 3.20 0.00 0.00 0.00 0.00
0.00 0.00 0.00 0.00 0.00 0.00 0.00 0.00 16.05 33.35 47.37 62.14 72.52 72.00 69.94 66.27 56.02 42.99 27.79 16.34 0.00 0.00 0.00 0.00
0.00 0.00 0.00 0.00 0.00 0.00 0.00 0.00 2.01 5.27 9.08 12.34 14.92 16.53 17.11 16.97 15.59 12.56 8.46 3.84 0.88 0.00 0.00 0.00
0.00 0.00 0.00 0.00 0.00 0.00 0.00 0.00 51.56 125.88 211.23 284.46 335.65 370.85 372.21 357.94 319.46 258.28 175.75 74.87 15.25 0.00 0.00 0.00
0.00 0.00 0.00 0.00 0.00 0.00 0.00 0.00 4.34 10.22 17.06 23.46 28.03 31.21 30.87 28.95 25.93 20.31 13.27 5.10 0.55 0.00 0.00 0.00
0.00 0.00 0.00 0.00 0.00 0.00 0.00 0.00 28.95 63.72 106.87 145.43 172.27 187.76 188.75 178.01 156.13 123.60 83.00 32.21 4.77 0.00 0.00 0.00
0.00 0.00 0.00 0.00 0.00 0.00 0.00 0.00 0.86 2.10 3.52 4.74 5.59 6.18 6.20 5.97 5.32 4.30 2.93 1.25 0.25 0.00 0.00 0.00
0.00 0.00 0.00 0.00 0.00 0.00 0.00 0.00 38.67 94.41 158.42 213.34 251.74 278.14 279.15 268.46 239.60 193.71 131.81 56.16 11.44 0.00 0.00 0.00
0.00 0.00 0.00 0.00 0.00 0.00 0.00 0.00 49.63 121.15 203.31 273.79 323.06 356.94 358.25 344.52 307.48 248.59 169.16 72.07 14.68 0.00 0.00 0.00
0.00 0.00 0.00 0.00 0.00 0.00 0.00 0.00 88.29 215.83 359.93 491.55 593.45 659.74 676.76 646.12 583.29 456.90 308.86 136.19 30.53 0.00 0.00 0.00
0.00 0.00 0.00 0.00 0.00 0.00 0.00 0.00 1.42 3.12 5.74 7.75 9.02 12.22 12.15 11.26 9.70 7.27 4.76 1.73 0.02 0.00 0.00 0.00
0.00 0.00 0.00 0.00 0.00 0.00 0.00 0.00 1.79 3.91 6.81 9.19 10.72 14.34 14.28 13.26 11.83 8.91 5.74 2.14 0.02 0.00 0.00 0.00
0.00 0.00 0.00 0.00 0.00 0.00 0.00 0.00 17.89 42.16 70.38 96.79 115.62 128.73 127.34 119.41 106.94 83.78 54.74 21.02 2.29 0.00 0.00 0.00
0.00 0.00 0.00 0.00 0.00 0.00 0.00 0.00 63.79 161.49 272.16 376.86 458.54 506.17 512.36 478.77 441.84 352.53 241.47 120.93 35.61 0.00 0.00 0.00
0.00 0.00 0.00 0.00 0.00 0.00 0.00 0.00 0.57 1.19 2.03 2.72 3.14 3.73 3.73 3.48 3.14 2.35 1.53 0.57 0.00 0.00 0.00 0.00
0.00 0.00 0.00 0.00 0.00 0.00 0.00 0.00 13.61 31.85 52.64 71.47 85.99 94.45 95.41 90.93 79.70 62.39 42.44 17.56 3.21 0.00 0.00 0.00
0.00 0.00 0.00 0.00 0.00 0.00 0.00 0.00 3.11 9.07 16.07 22.48 27.10 30.45 31.05 30.05 28.01 21.75 15.20 7.42 1.97 0.00 0.00 0.00
0.00 0.00 0.00 0.00 0.00 0.00 0.00 0.01 2.04 3.96 6.35 8.30 9.58 9.73 9.66 9.04 6.83 5.23 3.26 1.13 0.00 0.00 0.00 0.00
0.00 0.00 0.00 0.00 0.00 0.00 0.00 0.00 1.02 1.98 3.17 4.15 4.79 4.86 4.83 4.52 3.41 2.61 1.63 0.57 0.00 0.00 0.00 0.00
0.00 0.00 0.00 0.00 0.00 0.00 0.00 0.01 2.23 4.33 6.94 9.08 10.48 10.64 10.57 9.89 7.47 5.72 3.57 1.24 0.00 0.00 0.00 0.00
0.00 0.00 0.00 0.00 0.00 0.00 0.00 0.00 2.42 4.72 8.15 10.59 12.36 12.42 12.18 11.44 8.80 6.65 4.16 1.45 0.00 0.00 0.00 0.00
0.00 0.00 0.00 0.00 0.00 0.00 0.00 0.00 3.68 7.19 12.42 16.14 18.84 18.92 18.55 17.43 13.40 10.14 6.34 2.20 0.00 0.00 0.00 0.00
0.00 0.00 0.00 0.00 0.00 0.00 0.00 0.00 3.57 7.03 11.28 14.58 16.99 17.00 16.66 15.65 11.86 9.06 5.81 2.20 0.00 0.00 0.00 0.00
0.00 0.00 0.00 0.00 0.00 0.00 0.00 0.00 2.58 5.41 8.70 11.84 13.96 14.87 15.00 14.27 12.59 9.77 6.39 2.33 0.26 0.00 0.00 0.00
0.00 0.00 0.00 0.00 0.00 0.00 0.00 0.00 6.65 13.99 22.47 30.58 36.06 38.40 38.76 36.87 32.54 25.24 16.50 6.03 0.66 0.00 0.00 0.00
0.00 0.00 0.00 0.00 0.00 0.00 0.00 0.00 1.68 3.61 5.79 7.89 9.37 10.07 9.99 9.32 8.13 6.30 4.23 1.59 0.18 0.00 0.00 0.00
0.00 0.00 0.00 0.00 0.00 0.00 0.00 0.00 1.89 3.83 6.00 7.93 9.15 14.71 14.61 13.35 13.65 10.31 6.45 2.33 0.00 0.00 0.00 0.00
0.00 0.00 0.00 0.00 0.00 0.00 0.00 0.00 5.08 10.20 18.85 24.99 28.96 28.48 28.73 26.82 20.92 15.88 9.97 3.73 0.00 0.00 0.00 0.00
0.00 0.00 0.00 0.00 0.00 0.00 0.00 0.03 0.66 1.26 1.68 2.14 2.42 2.15 2.07 1.92 2.52 1.90 1.17 0.44 0.00 0.00 0.00 0.00
0.00 0.00 0.00 0.00 0.00 0.00 0.00 0.00 3.45 6.80 9.46 12.07 13.61 13.67 13.16 12.28 13.62 10.30 6.48 2.88 0.00 0.00 0.00 0.00
0.00 0.00 0.00 0.00 0.00 0.00 0.00 0.02 2.28 4.42 7.17 9.10 10.20 7.49 7.13 6.77 12.04 9.05 5.70 1.87 0.00 0.00 0.00 0.00
0.00 0.00 0.00 0.00 0.00 0.00 0.00 0.02 3.15 6.10 9.89 12.55 14.08 10.33 9.85 9.34 16.62 12.49 7.87 2.57 0.00 0.00 0.00 0.00
0.00 0.00 0.00 0.00 0.00 0.00 0.00 0.02 2.15 4.15 6.74 8.55 9.59 7.04 6.71 6.36 11.32 8.51 5.36 1.75 0.00 0.00 0.00 0.00
0.00 0.00 0.00 0.00 0.00 0.00 0.00 0.00 1.84 3.63 5.05 6.44 7.26 7.29 7.02 6.55 7.26 5.49 3.46 1.54 0.00 0.00 0.00 0.00
0.00 0.00 0.00 0.00 0.00 0.00 0.00 0.07 2.18 4.16 5.14 6.52 7.40 5.09 5.02 4.68 7.40 5.61 3.44 1.28 0.00 0.00 0.00 0.00
0.00 0.00 0.00 0.00 0.00 0.00 0.00 0.00 1.78 3.70 5.25 6.89 8.04 7.98 7.75 7.34 6.21 4.76 3.08 1.81 0.00 0.00 0.00 0.00
0.00 0.00 0.00 0.00 0.00 0.00 0.00 0.00 21.26 49.37 78.53 104.73 122.47 128.15 127.36 119.39 105.02 80.22 51.74 16.02 0.11 0.00 0.00 0.00
0.00 0.00 0.00 0.00 0.00 0.00 0.00 0.00 2.74 5.87 9.59 12.86 15.00 17.47 17.42 16.38 14.18 10.97 6.85 2.69 0.01 0.00 0.00 0.00
0.00 0.00 0.00 0.00 0.00 0.00 0.00 0.00 2.74 5.71 7.98 10.71 12.63 17.98 17.88 16.49 19.37 14.57 9.24 4.11 0.00 0.00 0.00 0.00
0.00 0.00 0.00 0.00 0.00 0.00 0.00 0.00 1.26 2.62 3.66 4.91 5.79 8.24 8.20 7.56 8.88 6.68 4.24 1.88 0.00 0.00 0.00 0.00
0.00 0.00 0.00 0.00 0.00 0.00 0.00 0.00 3.47 7.43 12.01 16.07 18.77 22.05 21.97 20.65 18.03 13.93 8.73 3.36 0.01 0.00 0.00 0.00
0.00 0.00 0.00 0.00 0.00 0.00 0.00 0.00 1.39 2.89 4.94 6.60 7.63 9.05 9.06 8.46 7.62 5.72 3.71 1.38 0.00 0.00 0.00 0.00
0.00 0.00 0.00 0.00 0.00 0.00 0.00 0.00 18.52 43.65 72.87 100.21 119.70 133.28 131.85 123.63 110.72 86.74 56.67 21.76 2.37 0.00 0.00 0.00
0.00 0.00 0.00 0.00 0.00 0.00 0.00 0.00 6.92 15.24 25.56 34.78 41.20 44.90 45.14 42.57 37.33 29.56 19.85 7.70 1.14 0.00 0.00 0.00
0.00 0.00 0.00 0.00 0.00 0.00 0.00 0.00 1.58 3.51 5.71 7.72 9.34 10.19 10.06 9.45 8.34 6.58 4.43 1.71 0.25 0.00 0.00 0.00
0.00 0.00 0.00 0.00 0.00 0.00 0.00 0.00 2.01 4.48 7.38 9.86 11.47 12.38 12.49 11.93 10.43 8.25 5.52 2.11 0.28 0.00 0.00 0.00
0.00 0.00 0.00 0.00 0.00 0.00 0.00 0.00 3.21 7.17 11.81 15.77 18.35 19.81 19.98 19.09 16.69 13.20 8.82 3.37 0.44 0.00 0.00 0.00
0.00 0.00 0.00 0.00 0.00 0.00 0.00 0.00 54.69 143.61 247.32 336.17 406.34 450.17 466.05 462.15 424.43 342.02 230.26 104.47 24.07 0.00 0.00 0.00
