0.00 0.00 0.00 0.00 0.00 0.00 0.00 0.00 0.12 1.01 1.63 2.44 3.13 4.35 4.49 4.28 3.92 3.04 1.89 0.76 0.00 0.00 0.00 0.00
0.00 0.00 0.00 0.00 0.00 0.00 0.00 0.00 5.25 18.02 28.87 41.13 50.85 68.59 70.01 67.85 59.36 44.34 27.50 6.18 0.00 0.00 0.00 0.00
0.00 0.00 0.00 0.00 0.00 0.00 0.00 0.00 2.71 23.04 37.22 55.89 71.63 99.50 102.62 97.92 89.70 69.42 43.32 17.36 0.00 0.00 0.00 0.00
0.00 0.00 0.00 0.00 0.00 0.00 0.00 0.00 9.65 81.87 132.28 198.64 254.59 353.60 364.72 347.99 318.79 246.71 153.94 61.68 0.00 0.00 0.00 0.00
0.00 0.00 0.00 0.00 0.00 0.00 0.00 0.00 1.42 3.84 6.46 9.44 11.44 12.54 12.54 11.48 9.45 6.88 4.28 0.75 0.00 0.00 0.00 0.00
0.00 0.00 0.00 0.00 0.00 0.00 0.00 0.00 13.09 192.12 336.00 512.39 651.59 807.87 855.64 825.79 747.54 581.78 375.57 162.33 0.00 0.00 0.00 0.00
0.00 0.00 0.00 0.00 0.00 0.00 0.00 0.00 0.76 2.47 4.34 6.21 7.46 8.18 8.11 7.62 6.59 4.98 3.14 0.76 0.00 0.00 0.00 0.00
0.00 0.00 0.00 0.00 0.00 0.00 0.00 0.00 0.33 1.13 1.98 2.84 3.63 4.10 4.17 4.10 3.50 2.62 1.63 0.42 0.00 0.00 0.00 0.00
0.00 0.00 0.00 0.00 0.00 0.00 0.00 0.00 0.53 1.80 3.17 4.54 5.81 6.57 6.66 6.55 5.61 4.19 2.61 0.67 0.00 0.00 0.00 0.00
0.00 0.00 0.00 0.00 0.00 0.00 0.00 0.00 0.53 1.80 3.17 4.54 5.81 6.57 6.66 6.55 5.61 4.19 2.61 0.67 0.00 0.00 0.00 0.00
0.00 0.00 0.00 0.00 0.00 0.00 0.00 0.00 1.12 4.31 7.81 11.46 14.81 15.69 16.23 15.66 13.89 10.67 6.72 2.19 0.00 0.00 0.00 0.00
0.00 0.00 0.00 0.00 0.00 0.00 0.00 0.00 0.54 2.07 3.73 5.50 7.12 7.50 7.57 7.34 6.58 5.05 3.10 1.04 0.00 0.00 0.00 0.00
0.00 0.00 0.00 0.00 0.00 0.00 0.00 0.00 0.69 2.66 4.80 7.07 9.15 9.65 9.74 9.43 8.46 6.49 3.98 1.33 0.00 0.00 0.00 0.00
0.00 0.00 0.00 0.00 0.00 0.00 0.00 0.00 0.46 1.77 3.20 4.71 6.10 6.43 6.49 6.29 5.64 4.33 2.65 0.89 0.00 0.00 0.00 0.00
0.00 0.00 0.00 0.00 0.00 0.00 0.00 0.00 0.46 1.77 3.20 4.71 6.10 6.43 6.49 6.29 5.64 4.33 2.65 0.89 0.00 0.00 0.00 0.00
0.00 0.00 0.00 0.00 0.00 0.00 0.00 0.00 5.01 22.45 41.51 63.77 83.78 93.78 96.77 93.00 70.22 53.28 31.66 9.48 0.00 0.00 0.00 0.00
0.00 0.00 0.00 0.00 0.00 0.00 0.00 0.00 3.54 13.08 23.59 34.50 44.24 49.93 51.02 48.15 42.60 32.94 20.20 5.88 0.00 0.00 0.00 0.00
0.00 0.00 0.00 0.00 0.00 0.00 0.00 0.00 2.96 11.47 20.85 29.99 37.92 42.62 43.15 41.41 35.42 27.16 17.23 4.77 0.00 0.00 0.00 0.00
0.00 0.00 0.00 0.00 0.00 0.00 0.00 0.00 3.86 56.67 99.11 151.14 192.19 238.29 252.38 243.58 220.50 171.60 110.78 47.88 0.00 0.00 0.00 0.00
0.00 0.00 0.00 0.00 0.00 0.00 0.00 0.00 3.67 53.91 94.27 143.76 182.82 226.67 240.07 231.70 209.74 163.23 105.38 45.55 0.00 0.00 0.00 0.00
0.00 0.00 0.00 0.00 0.00 0.00 0.00 0.00 7.06 103.66 181.30 276.47 351.58 435.90 461.68 445.57 403.35 313.91 202.65 87.59 0.00 0.00 0.00 0.00
0.00 0.00 0.00 0.00 0.00 0.00 0.00 0.00 6.94 101.94 178.27 271.86 345.72 428.63 453.98 438.14 396.63 308.68 199.27 86.13 0.00 0.00 0.00 0.00
0.00 0.00 0.00 0.00 0.00 0.00 0.00 0.00 11.12 106.24 200.43 304.10 392.04 428.50 433.75 409.57 398.04 304.22 193.81 82.32 0.00 0.00 0.00 0.00
0.00 0.00 0.00 0.00 0.00 0.00 0.00 0.00 0.33 1.13 1.98 2.84 3.63 4.10 4.17 4.10 3.50 2.62 1.63 0.42 0.00 0.00 0.00 0.00
0.00 0.00 0.00 0.00 0.00 0.00 0.00 0.00 1.68 5.71 10.05 14.38 18.39 20.80 21.10 20.75 17.75 13.27 8.26 2.12 0.00 0.00 0.00 0.00
0.00 0.00 0.00 0.00 0.00 0.00 0.00 0.00 8.58 29.17 51.32 73.40 93.89 106.18 107.75 105.95 90.63 67.74 42.15 10.82 0.00 0.00 0.00 0.00
0.00 0.00 0.00 0.00 0.00 0.00 0.00 0.00 0.26 3.87 6.77 10.32 13.13 16.27 17.24 16.63 15.06 11.72 7.57 3.27 0.00 0.00 0.00 0.00
0.00 0.00 0.00 0.00 0.00 0.00 0.00 0.00 9.50 80.60 130.22 195.55 250.62 348.09 359.03 342.57 313.83 242.86 151.54 60.72 0.00 0.00 0.00 0.00
0.00 0.00 0.00 0.00 0.00 0.00 0.00 0.00 1.05 5.79 10.89 16.21 21.75 25.59 26.65 25.99 22.61 17.74 11.72 4.54 0.00 0.00 0.00 0.00
0.00 0.00 0.00 0.00 0.00 0.00 0.00 0.00 8.72 45.14 82.30 121.34 153.55 169.80 176.26 168.71 152.64 116.08 72.75 23.14 0.00 0.00 0.00 0.00
0.00 0.00 0.00 0.00 0.00 0.00 0.00 0.00 0.16 1.34 2.17 3.26 4.18 5.80 5.98 5.71 5.23 4.05 2.53 1.01 0.00 0.00 0.00 0.00
0.00 0.00 0.00 0.00 0.00 0.00 0.00 0.00 7.12 60.45 97.66 146.66 187.96 261.07 269.27 256.93 235.37 182.15 113.66 45.54 0.00 0.00 0.00 0.00
0.00 0.00 0.00 0.00 0.00 0.00 0.00 0.00 9.14 77.58 125.33 188.21 241.22 335.04 345.57 329.72 302.06 233.76 145.86 58.45 0.00 0.00 0.00 0.00
0.00 0.00 0.00 0.00 0.00 0.00 0.00 0.00 14.67 140.10 264.32 401.03 517.00 565.09 572.01 540.12 524.92 401.19 255.58 108.56 0.00 0.00 0.00 0.00
0.00 0.00 0.00 0.00 0.00 0.00 0.00 0.00 0.78 3.15 5.70 8.43 10.88 11.71 12.01 11.66 10.20 7.76 4.83 1.52 0.00 0.00 0.00 0.00
0.00 0.00 0.00 0.00 0.00 0.00 0.00 0.00 1.01 4.02 7.29 10.54 13.68 14.43 14.72 14.25 12.69 9.68 6.01 1.93 0.00 0.00 0.00 0.00
0.00 0.00 0.00 0.00 0.00 0.00 0.00 0.00 4.32 23.89 44.91 66.85 89.71 105.57 109.92 107.20 93.25 73.16 48.34 18.75 0.00 0.00 0.00 0.00
0.00 0.00 0.00 0.00 0.00 0.00 0.00 0.00 2.96 82.62 154.66 234.88 305.88 384.58 394.75 377.78 315.49 253.41 164.29 60.55 0.00 0.00 0.00 0.00
0.00 0.00 0.00 0.00 0.00 0.00 0.00 0.00 0.29 1.02 1.86 2.76 3.52 3.87 3.99 3.81 3.27 2.50 1.56 0.42 0.00 0.00 0.00 0.00
0.00 0.00 0.00 0.00 0.00 0.00 0.00 0.00 3.12 21.01 37.08 55.94 71.25 84.70 86.62 82.59 74.98 57.13 36.18 13.58 0.00 0.00 0.00 0.00
0.00 0.00 0.00 0.00 0.00 0.00 0.00 0.00 0.00 6.88 13.41 20.17 26.42 30.43 30.74 29.91 26.86 20.82 13.72 6.25 0.23 0.00 0.00 0.00
0.00 0.00 0.00 0.00 0.00 0.00 0.00 0.00 0.91 2.86 4.98 7.16 8.78 9.73 9.58 8.80 7.34 5.61 3.56 0.86 0.00 0.00 0.00 0.00
0.00 0.00 0.00 0.00 0.00 0.00 0.00 0.00 0.46 1.43 2.49 3.58 4.39 4.86 4.79 4.40 3.67 2.80 1.78 0.43 0.00 0.00 0.00 0.00
0.00 0.00 0.00 0.00 0.00 0.00 0.00 0.00 1.00 3.13 5.45 7.84 9.61 10.64 10.48 9.63 8.03 6.13 3.90 0.94 0.00 0.00 0.00 0.00
0.00 0.00 0.00 0.00 0.00 0.00 0.00 0.00 1.19 3.77 6.56 9.56 11.50 12.63 12.49 11.67 9.82 7.52 4.73 1.10 0.00 0.00 0.00 0.00
0.00 0.00 0.00 0.00 0.00 0.00 0.00 0.00 1.82 5.74 10.00 14.57 17.53 19.24 19.03 17.78 14.96 11.46 7.21 1.68 0.00 0.00 0.00 0.00
0.00 0.00 0.00 0.00 0.00 0.00 0.00 0.00 1.52 4.99 8.80 12.63 15.10 16.48 16.49 15.58 13.33 10.26 6.47 1.60 0.00 0.00 0.00 0.00
0.00 0.00 0.00 0.00 0.00 0.00 0.00 0.00 0.90 3.90 7.07 10.18 12.51 13.83 14.38 13.80 11.82 9.01 5.55 1.58 0.00 0.00 0.00 0.00
0.00 0.00 0.00 0.00 0.00 0.00 0.00 0.00 2.34 10.08 18.27 26.31 32.33 35.74 37.15 35.65 30.53 23.29 14.33 4.08 0.00 0.00 0.00 0.00
0.00 0.00 0.00 0.00 0.00 0.00 0.00 0.00 0.53 2.44 4.50 6.59 8.43 9.29 9.55 9.02 7.95 6.05 3.80 1.12 0.00 0.00 0.00 0.00
0.00 0.00 0.00 0.00 0.00 0.00 0.00 0.00 1.42 4.67 8.40 12.22 15.20 16.64 17.12 16.42 13.91 10.63 6.74 1.58 0.00 0.00 0.00 0.00
0.00 0.00 0.00 0.00 0.00 0.00 0.00 0.00 2.62 8.70 15.41 21.77 26.54 29.97 30.36 28.86 25.23 19.19 11.89 2.66 0.00 0.00 0.00 0.00
0.00 0.00 0.00 0.00 0.00 0.00 0.00 0.00 0.43 1.19 2.01 2.86 3.49 3.77 3.75 3.56 3.00 2.24 1.39 0.25 0.00 0.00 0.00 0.00
0.00 0.00 0.00 0.00 0.00 0.00 0.00 0.00 2.08 6.20 10.67 15.44 19.63 21.27 21.47 20.35 17.20 12.96 8.14 1.78 0.00 0.00 0.00 0.00
0.00 0.00 0.00 0.00 0.00 0.00 0.00 0.00 1.52 4.35 7.43 10.56 13.12 14.42 14.21 13.40 11.43 8.51 5.29 1.06 0.00 0.00 0.00 0.00
0.00 0.00 0.00 0.00 0.00 0.00 0.00 0.00 2.10 6.00 10.26 14.58 18.10 19.90 19.61 18.49 15.77 11.74 7.29 1.46 0.00 0.00 0.00 0.00
0.00 0.00 0.00 0.00 0.00 0.00 0.00 0.00 1.43 4.09 6.99 9.93 12.33 13.55 13.36 12.60 10.74 8.00 4.97 0.99 0.00 0.00 0.00 0.00
0.00 0.00 0.00 0.00 0.00 0.00 0.00 0.00 1.11 3.31 5.69 8.23 10.47 11.34 11.45 10.85 9.17 6.91 4.34 0.95 0.00 0.00 0.00 0.00
0.00 0.00 0.00 0.00 0.00 0.00 0.00 0.00 1.25 3.44 5.74 8.21 10.05 11.05 11.16 10.31 8.52 6.30 3.92 0.72 0.00 0.00 0.00 0.00
0.00 0.00 0.00 0.00 0.00 0.00 0.00 0.00 0.95 3.23 5.69 8.14 10.40 11.77 11.94 11.74 10.04 7.51 4.67 1.20 0.00 0.00 0.00 0.00
0.00 0.00 0.00 0.00 0.00 0.00 0.00 0.00 6.52 29.22 54.03 83.01 109.05 122.06 125.95 121.04 91.40 69.35 41.21 12.34 0.00 0.00 0.00 0.00
0.00 0.00 0.00 0.00 0.00 0.00 0.00 0.00 1.27 4.88 8.85 12.98 16.78 17.78 18.40 17.74 15.74 12.09 7.62 2.48 0.00 0.00 0.00 0.00
0.00 0.00 0.00 0.00 0.00 0.00 0.00 0.00 2.06 7.22 12.82 18.96 24.79 27.85 27.84 26.74 22.98 17.55 11.21 2.96 0.00 0.00 0.00 0.00
0.00 0.00 0.00 0.00 0.00 0.00 0.00 0.00 0.94 3.31 5.88 8.69 11.36 12.76 12.76 12.25 10.53 8.04 5.14 1.36 0.00 0.00 0.00 0.00
0.00 0.00 0.00 0.00 0.00 0.00 0.00 0.00 1.56 6.01 10.89 15.95 20.43 22.12 22.99 22.04 19.40 14.96 9.57 2.97 0.00 0.00 0.00 0.00
0.00 0.00 0.00 0.00 0.00 0.00 0.00 0.00 0.70 2.47 4.53 6.71 8.55 9.40 9.70 9.26 7.95 6.07 3.79 1.01 0.00 0.00 0.00 0.00
0.00 0.00 0.00 0.00 0.00 0.00 0.00 0.00 4.48 24.73 46.50 69.22 92.88 109.30 113.80 110.99 96.55 75.74 50.05 19.41 0.00 0.00 0.00 0.00
0.00 0.00 0.00 0.00 0.00 0.00 0.00 0.00 2.08 10.79 19.68 29.02 36.72 40.61 42.15 40.34 36.50 27.76 17.40 5.53 0.00 0.00 0.00 0.00
0.00 0.00 0.00 0.00 0.00 0.00 0.00 0.00 0.45 2.37 4.30 6.43 8.16 9.06 9.32 9.02 8.21 6.16 3.87 1.20 0.00 0.00 0.00 0.00
0.00 0.00 0.00 0.00 0.00 0.00 0.00 0.00 0.57 2.96 5.43 8.04 10.18 11.34 11.66 11.21 10.12 7.70 4.86 1.45 0.00 0.00 0.00 0.00
0.00 0.00 0.00 0.00 0.00 0.00 0.00 0.00 0.92 4.73 8.69 12.87 16.29 18.15 18.65 17.94 16.20 12.31 7.78 2.32 0.00 0.00 0.00 0.00
0.00 0.00 0.00 0.00 0.00 0.00 0.00 0.00 7.18 105.39 184.32 281.08 357.43 443.16 469.37 453.00 410.07 319.14 206.02 89.05 0.00 0.00 0.00 0.00
