0.00 0.00 0.00 0.00 0.00 0.00 0.00 0.00 0.22 1.05 2.04 2.86 3.53 3.92 4.01 3.83 3.28 2.38 1.46 0.16 0.00 0.00 0.00 0.00
0.00 0.00 0.00 0.00 0.00 0.00 0.00 0.00 9.66 26.26 44.95 61.24 70.63 68.55 67.00 61.13 50.11 34.89 19.53 0.51 0.00 0.00 0.00 0.00
0.00 0.00 0.00 0.00 0.00 0.00 0.00 0.00 5.03 24.09 46.67 65.48 80.80 89.59 91.62 87.58 75.04 54.41 33.29 3.70 0.00 0.00 0.00 0.00
0.00 0.00 0.00 0.00 0.00 0.00 0.00 0.00 17.88 85.63 165.87 232.70 287.16 318.39 325.62 311.25 266.70 193.37 118.29 13.15 0.00 0.00 0.00 0.00
0.00 0.00 0.00 0.00 0.00 0.00 0.00 0.00 1.77 4.17 7.49 9.79 11.02 12.01 11.54 10.19 7.44 5.03 2.61 0.00 0.00 0.00 0.00 0.00
0.00 0.00 0.00 0.00 0.00 0.00 0.00 0.00 31.68 182.94 363.06 510.37 633.44 728.00 757.62 730.54 625.80 455.92 284.60 36.96 0.00 0.00 0.00 0.00
0.00 0.00 0.00 0.00 0.00 0.00 0.00 0.00 0.83 2.28 4.05 5.51 6.49 7.12 7.16 6.60 5.23 3.54 1.93 0.04 0.00 0.00 0.00 0.00
0.00 0.00 0.00 0.00 0.00 0.00 0.00 0.00 0.55 1.51 2.57 3.46 3.89 3.97 3.89 3.58 2.76 1.92 1.07 0.04 0.00 0.00 0.00 0.00
0.00 0.00 0.00 0.00 0.00 0.00 0.00 0.00 0.89 2.41 4.11 5.54 6.23 6.36 6.22 5.74 4.42 3.07 1.71 0.06 0.00 0.00 0.00 0.00
0.00 0.00 0.00 0.00 0.00 0.00 0.00 0.00 0.89 2.41 4.11 5.54 6.23 6.36 6.22 5.74 4.42 3.07 1.71 0.06 0.00 0.00 0.00 0.00
0.00 0.00 0.00 0.00 0.00 0.00 0.00 0.00 1.62 4.83 8.52 11.98 14.06 15.91 15.68 14.75 12.38 8.69 4.96 0.30 0.00 0.00 0.00 0.00
0.00 0.00 0.00 0.00 0.00 0.00 0.00 0.00 0.79 2.34 4.11 5.79 6.71 7.55 7.45 7.07 5.84 4.08 2.33 0.15 0.00 0.00 0.00 0.00
0.00 0.00 0.00 0.00 0.00 0.00 0.00 0.00 1.01 3.00 5.29 7.45 8.63 9.71 9.58 9.09 7.51 5.25 2.99 0.19 0.00 0.00 0.00 0.00
0.00 0.00 0.00 0.00 0.00 0.00 0.00 0.00 0.68 2.00 3.52 4.96 5.75 6.47 6.39 6.06 5.01 3.50 1.99 0.13 0.00 0.00 0.00 0.00
0.00 0.00 0.00 0.00 0.00 0.00 0.00 0.00 0.68 2.00 3.52 4.96 5.75 6.47 6.39 6.06 5.01 3.50 1.99 0.13 0.00 0.00 0.00 0.00
0.00 0.00 0.00 0.00 0.00 0.00 0.00 0.00 9.31 29.38 52.81 74.87 88.02 94.70 94.63 88.10 72.37 50.98 29.92 3.08 0.00 0.00 0.00 0.00
0.00 0.00 0.00 0.00 0.00 0.00 0.00 0.00 5.14 14.95 26.22 36.51 42.37 47.09 46.94 43.64 36.82 25.95 14.67 0.72 0.00 0.00 0.00 0.00
0.00 0.00 0.00 0.00 0.00 0.00 0.00 0.00 3.89 11.75 20.71 28.71 34.45 38.72 38.73 36.47 29.67 20.94 11.92 0.74 0.00 0.00 0.00 0.00
0.00 0.00 0.00 0.00 0.00 0.00 0.00 0.00 9.34 53.96 107.09 150.54 186.84 214.73 223.47 215.48 184.59 134.48 83.95 10.90 0.00 0.00 0.00 0.00
0.00 0.00 0.00 0.00 0.00 0.00 0.00 0.00 8.89 51.33 101.86 143.20 177.73 204.26 212.57 204.97 175.59 127.92 79.85 10.37 0.00 0.00 0.00 0.00
0.00 0.00 0.00 0.00 0.00 0.00 0.00 0.00 17.09 98.71 195.89 275.38 341.78 392.81 408.79 394.18 337.66 246.00 153.56 19.94 0.00 0.00 0.00 0.00
0.00 0.00 0.00 0.00 0.00 0.00 0.00 0.00 16.81 97.06 192.63 270.79 336.09 386.26 401.97 387.61 332.04 241.90 151.00 19.61 0.00 0.00 0.00 0.00
0.00 0.00 0.00 0.00 0.00 0.00 0.00 0.00 21.09 109.07 214.18 297.36 372.60 417.92 430.55 407.72 350.47 253.81 155.89 18.57 0.00 0.00 0.00 0.00
0.00 0.00 0.00 0.00 0.00 0.00 0.00 0.00 0.55 1.51 2.57 3.46 3.89 3.97 3.89 3.58 2.76 1.92 1.07 0.04 0.00 0.00 0.00 0.00
0.00 0.00 0.00 0.00 0.00 0.00 0.00 0.00 2.81 7.63 13.02 17.55 19.72 20.13 19.71 18.16 14.01 9.74 5.43 0.20 0.00 0.00 0.00 0.00
0.00 0.00 0.00 0.00 0.00 0.00 0.00 0.00 14.33 38.93 66.47 89.59 100.67 102.78 100.62 92.72 71.51 49.71 27.70 1.01 0.00 0.00 0.00 0.00
0.00 0.00 0.00 0.00 0.00 0.00 0.00 0.00 0.64 3.69 7.31 10.28 12.76 14.66 15.26 14.72 12.61 9.18 5.73 0.74 0.00 0.00 0.00 0.00
0.00 0.00 0.00 0.00 0.00 0.00 0.00 0.00 17.60 84.29 163.28 229.07 282.68 313.43 320.55 306.40 262.54 190.35 116.45 12.95 0.00 0.00 0.00 0.00
0.00 0.00 0.00 0.00 0.00 0.00 0.00 0.00 1.74 6.41 11.82 17.22 21.73 24.07 25.41 24.70 20.44 15.07 9.00 0.78 0.00 0.00 0.00 0.00
0.00 0.00 0.00 0.00 0.00 0.00 0.00 0.00 12.05 45.42 84.88 117.63 139.57 156.17 161.79 150.56 127.06 88.76 52.36 3.63 0.00 0.00 0.00 0.00
0.00 0.00 0.00 0.00 0.00 0.00 0.00 0.00 0.29 1.40 2.72 3.82 4.71 5.22 5.34 5.11 4.38 3.17 1.94 0.22 0.00 0.00 0.00 0.00
0.00 0.00 0.00 0.00 0.00 0.00 0.00 0.00 13.20 63.22 122.46 171.81 212.01 235.07 240.41 229.80 196.91 142.77 87.34 9.71 0.00 0.00 0.00 0.00
0.00 0.00 0.00 0.00 0.00 0.00 0.00 0.00 16.94 81.13 157.16 220.48 272.08 301.67 308.53 294.91 252.70 183.22 112.08 12.46 0.00 0.00 0.00 0.00
0.00 0.00 0.00 0.00 0.00 0.00 0.00 0.00 27.82 143.84 282.46 392.14 491.36 551.13 567.79 537.68 462.18 334.72 205.58 24.49 0.00 0.00 0.00 0.00
0.00 0.00 0.00 0.00 0.00 0.00 0.00 0.00 1.19 3.61 6.41 9.02 10.61 12.17 11.97 11.02 9.32 6.63 3.81 0.27 0.00 0.00 0.00 0.00
0.00 0.00 0.00 0.00 0.00 0.00 0.00 0.00 1.51 4.58 8.09 11.31 13.40 15.07 14.78 13.93 11.63 8.27 4.75 0.31 0.00 0.00 0.00 0.00
0.00 0.00 0.00 0.00 0.00 0.00 0.00 0.00 7.18 26.45 48.76 71.04 89.64 99.29 104.83 101.87 84.32 62.17 37.12 3.23 0.00 0.00 0.00 0.00
0.00 0.00 0.00 0.00 0.00 0.00 0.00 0.00 11.92 98.28 215.83 305.19 380.19 431.13 445.81 419.38 358.21 263.80 165.55 25.02 0.00 0.00 0.00 0.00
0.00 0.00 0.00 0.00 0.00 0.00 0.00 0.00 0.43 1.23 2.13 2.86 3.34 3.71 3.66 3.37 2.82 1.97 1.10 0.04 0.00 0.00 0.00 0.00
0.00 0.00 0.00 0.00 0.00 0.00 0.00 0.00 5.01 21.67 41.55 58.06 70.90 79.32 81.72 76.52 64.56 46.39 27.99 2.63 0.00 0.00 0.00 0.00
0.00 0.00 0.00 0.00 0.00 0.00 0.00 0.00 0.86 7.03 14.31 20.57 25.07 28.45 29.52 28.07 23.79 17.46 11.15 1.88 0.00 0.00 0.00 0.00
0.00 0.00 0.00 0.00 0.00 0.00 0.00 0.00 0.99 2.66 4.76 6.52 7.75 8.38 8.20 7.58 5.96 4.06 2.18 0.01 0.00 0.00 0.00 0.00
0.00 0.00 0.00 0.00 0.00 0.00 0.00 0.00 0.50 1.33 2.38 3.26 3.87 4.19 4.10 3.79 2.98 2.03 1.09 0.01 0.00 0.00 0.00 0.00
0.00 0.00 0.00 0.00 0.00 0.00 0.00 0.00 1.09 2.91 5.21 7.13 8.47 9.17 8.96 8.29 6.52 4.44 2.39 0.01 0.00 0.00 0.00 0.00
0.00 0.00 0.00 0.00 0.00 0.00 0.00 0.00 1.35 3.62 6.27 8.46 10.00 10.90 10.80 9.99 7.83 5.30 2.86 0.02 0.00 0.00 0.00 0.00
0.00 0.00 0.00 0.00 0.00 0.00 0.00 0.00 2.06 5.51 9.55 12.89 15.24 16.60 16.46 15.22 11.93 8.08 4.36 0.03 0.00 0.00 0.00 0.00
0.00 0.00 0.00 0.00 0.00 0.00 0.00 0.00 1.69 4.65 8.23 11.08 13.17 14.45 14.57 13.43 10.46 7.19 3.93 0.09 0.00 0.00 0.00 0.00
0.00 0.00 0.00 0.00 0.00 0.00 0.00 0.00 1.12 3.78 6.94 9.44 11.12 12.13 12.34 11.49 9.53 6.68 3.85 0.19 0.00 0.00 0.00 0.00
0.00 0.00 0.00 0.00 0.00 0.00 0.00 0.00 2.89 9.76 17.93 24.39 28.74 31.33 31.88 29.68 24.62 17.25 9.95 0.49 0.00 0.00 0.00 0.00
0.00 0.00 0.00 0.00 0.00 0.00 0.00 0.00 0.72 2.49 4.60 6.25 7.49 8.32 8.54 7.84 6.61 4.56 2.65 0.16 0.00 0.00 0.00 0.00
0.00 0.00 0.00 0.00 0.00 0.00 0.00 0.00 2.06 5.55 9.55 12.92 14.78 16.25 16.22 14.81 11.88 8.18 4.50 0.14 0.00 0.00 0.00 0.00
0.00 0.00 0.00 0.00 0.00 0.00 0.00 0.00 2.98 8.17 15.02 20.28 23.84 27.32 27.96 25.79 20.70 14.02 7.70 0.18 0.00 0.00 0.00 0.00
0.00 0.00 0.00 0.00 0.00 0.00 0.00 0.00 0.56 1.33 2.26 2.99 3.31 3.57 3.49 3.13 2.41 1.65 0.86 0.00 0.00 0.00 0.00 0.00
0.00 0.00 0.00 0.00 0.00 0.00 0.00 0.00 2.73 6.83 13.01 17.24 19.41 21.82 21.00 18.97 14.29 9.90 5.31 0.01 0.00 0.00 0.00 0.00
0.00 0.00 0.00 0.00 0.00 0.00 0.00 0.00 1.75 4.26 8.42 11.06 12.23 14.27 13.96 12.51 8.87 5.98 3.16 0.00 0.00 0.00 0.00 0.00
0.00 0.00 0.00 0.00 0.00 0.00 0.00 0.00 2.42 5.88 11.62 15.26 16.87 19.69 19.26 17.26 12.24 8.25 4.36 0.00 0.00 0.00 0.00 0.00
0.00 0.00 0.00 0.00 0.00 0.00 0.00 0.00 1.65 4.01 7.91 10.40 11.49 13.42 13.12 11.76 8.34 5.62 2.97 0.00 0.00 0.00 0.00 0.00
0.00 0.00 0.00 0.00 0.00 0.00 0.00 0.00 1.46 3.64 6.94 9.19 10.35 11.64 11.20 10.12 7.62 5.28 2.83 0.01 0.00 0.00 0.00 0.00
0.00 0.00 0.00 0.00 0.00 0.00 0.00 0.00 1.54 3.65 6.55 8.66 9.75 10.70 10.45 9.36 6.30 4.22 2.20 0.00 0.00 0.00 0.00 0.00
0.00 0.00 0.00 0.00 0.00 0.00 0.00 0.00 1.59 4.31 7.37 9.93 11.16 11.39 11.15 10.28 7.93 5.51 3.07 0.11 0.00 0.00 0.00 0.00
0.00 0.00 0.00 0.00 0.00 0.00 0.00 0.00 12.11 38.25 68.73 97.45 114.57 123.26 123.16 114.67 94.19 66.36 38.94 4.01 0.00 0.00 0.00 0.00
0.00 0.00 0.00 0.00 0.00 0.00 0.00 0.00 1.84 5.48 9.66 13.58 15.93 18.04 17.77 16.72 14.03 9.85 5.62 0.34 0.00 0.00 0.00 0.00
0.00 0.00 0.00 0.00 0.00 0.00 0.00 0.00 3.13 8.77 15.18 20.49 23.73 26.06 26.02 24.27 19.79 13.94 7.80 0.29 0.00 0.00 0.00 0.00
0.00 0.00 0.00 0.00 0.00 0.00 0.00 0.00 1.44 4.02 6.96 9.39 10.88 11.94 11.93 11.13 9.07 6.39 3.57 0.13 0.00 0.00 0.00 0.00
0.00 0.00 0.00 0.00 0.00 0.00 0.00 0.00 2.25 6.71 11.81 16.56 19.44 22.08 21.80 20.43 17.15 12.16 6.93 0.40 0.00 0.00 0.00 0.00
0.00 0.00 0.00 0.00 0.00 0.00 0.00 0.00 1.05 2.98 5.18 6.95 8.12 9.01 8.90 8.19 6.85 4.78 2.68 0.10 0.00 0.00 0.00 0.00
0.00 0.00 0.00 0.00 0.00 0.00 0.00 0.00 7.44 27.38 50.48 73.55 92.81 102.80 108.53 105.47 87.30 64.37 38.43 3.34 0.00 0.00 0.00 0.00
0.00 0.00 0.00 0.00 0.00 0.00 0.00 0.00 2.88 10.86 20.30 28.13 33.38 37.34 38.69 36.00 30.38 21.22 12.52 0.87 0.00 0.00 0.00 0.00
0.00 0.00 0.00 0.00 0.00 0.00 0.00 0.00 0.64 2.42 4.52 6.30 7.52 8.44 8.61 7.99 6.69 4.79 2.83 0.20 0.00 0.00 0.00 0.00
0.00 0.00 0.00 0.00 0.00 0.00 0.00 0.00 0.80 2.96 5.47 7.55 9.14 10.37 10.51 9.74 8.34 5.99 3.53 0.25 0.00 0.00 0.00 0.00
0.00 0.00 0.00 0.00 0.00 0.00 0.00 0.00 1.29 4.74 8.76 12.09 14.63 16.59 16.81 15.59 13.34 9.58 5.65 0.40 0.00 0.00 0.00 0.00
0.00 0.00 0.00 0.00 0.00 0.00 0.00 0.00 17.38 100.35 199.16 279.97 347.48 399.35 415.60 400.74 343.29 250.10 156.12 20.27 0.00 0.00 0.00 0.00
