0.00 0.00 0.00 0.00 0.00 0.00 0.00 0.00 0.43 1.32 2.32 3.22 4.00 4.38 4.50 4.28 3.52 2.67 1.66 0.57 0.00 0.00 0.00 0.00
0.00 0.00 0.00 0.00 0.00 0.00 0.00 0.00 13.48 31.39 45.64 58.73 71.05 80.00 77.87 72.19 57.48 42.03 25.99 4.66 0.00 0.00 0.00 0.00
0.00 0.00 0.00 0.00 0.00 0.00 0.00 0.00 9.88 30.10 53.03 73.64 91.36 100.17 102.90 97.96 80.60 60.96 37.86 12.98 0.00 0.00 0.00 0.00
0.00 0.00 0.00 0.00 0.00 0.00 0.00 0.00 35.12 106.98 188.47 261.72 324.69 355.99 365.69 348.13 286.43 216.64 134.54 46.13 0.00 0.00 0.00 0.00
0.00 0.00 0.00 0.00 0.00 0.00 0.00 0.00 2.81 5.77 8.57 10.90 12.52 12.99 12.63 11.55 9.37 6.76 4.12 0.51 0.00 0.00 0.00 0.00
0.00 0.00 0.00 0.00 0.00 0.00 0.00 0.00 68.11 230.19 420.98 589.08 730.42 820.90 842.37 820.91 723.73 549.02 343.95 110.53 0.00 0.00 0.00 0.00
0.00 0.00 0.00 0.00 0.00 0.00 0.00 0.00 1.39 3.07 4.92 6.48 7.73 8.16 8.24 7.65 6.24 4.57 2.81 0.50 0.00 0.00 0.00 0.00
0.00 0.00 0.00 0.00 0.00 0.00 0.00 0.00 0.76 1.76 3.01 3.97 4.64 4.89 4.82 4.51 3.47 2.56 1.54 0.29 0.00 0.00 0.00 0.00
0.00 0.00 0.00 0.00 0.00 0.00 0.00 0.00 1.22 2.81 4.81 6.36 7.43 7.82 7.72 7.21 5.55 4.10 2.46 0.47 0.00 0.00 0.00 0.00
0.00 0.00 0.00 0.00 0.00 0.00 0.00 0.00 1.22 2.81 4.81 6.36 7.43 7.82 7.72 7.21 5.55 4.10 2.46 0.47 0.00 0.00 0.00 0.00
0.00 0.00 0.00 0.00 0.00 0.00 0.00 0.00 2.71 6.55 10.47 14.09 17.09 16.88 17.06 15.94 15.57 11.30 6.76 1.57 0.00 0.00 0.00 0.00
0.00 0.00 0.00 0.00 0.00 0.00 0.00 0.00 1.26 3.04 4.85 6.59 7.99 8.14 8.11 7.56 7.16 5.20 3.08 0.73 0.00 0.00 0.00 0.00
0.00 0.00 0.00 0.00 0.00 0.00 0.00 0.00 1.62 3.90 6.24 8.47 10.28 10.46 10.43 9.72 9.21 6.68 3.96 0.93 0.00 0.00 0.00 0.00
0.00 0.00 0.00 0.00 0.00 0.00 0.00 0.00 1.08 2.60 4.16 5.65 6.85 6.97 6.95 6.48 6.14 4.46 2.64 0.62 0.00 0.00 0.00 0.00
0.00 0.00 0.00 0.00 0.00 0.00 0.00 0.00 1.08 2.60 4.16 5.65 6.85 6.97 6.95 6.48 6.14 4.46 2.64 0.62 0.00 0.00 0.00 0.00
0.00 0.00 0.00 0.00 0.00 0.00 0.00 0.00 13.36 35.03 59.70 80.16 95.84 93.14 93.45 87.61 68.09 50.47 29.65 8.94 0.00 0.00 0.00 0.00
0.00 0.00 0.00 0.00 0.00 0.00 0.00 0.00 8.35 19.81 31.87 42.55 51.37 54.55 55.04 51.15 48.24 35.04 21.07 4.49 0.00 0.00 0.00 0.00
0.00 0.00 0.00 0.00 0.00 0.00 0.00 0.00 6.77 16.34 27.04 36.05 43.18 45.09 44.70 42.11 38.27 28.44 17.41 3.78 0.00 0.00 0.00 0.00
0.00 0.00 0.00 0.00 0.00 0.00 0.00 0.00 20.09 67.90 124.17 173.76 215.45 242.14 248.47 242.14 213.47 161.94 101.45 32.60 0.00 0.00 0.00 0.00
0.00 0.00 0.00 0.00 0.00 0.00 0.00 0.00 19.11 64.59 118.12 165.28 204.94 230.33 236.35 230.33 203.06 154.04 96.50 31.01 0.00 0.00 0.00 0.00
0.00 0.00 0.00 0.00 0.00 0.00 0.00 0.00 36.75 124.20 227.15 317.85 394.11 442.93 454.51 442.94 390.50 296.23 185.59 59.64 0.00 0.00 0.00 0.00
0.00 0.00 0.00 0.00 0.00 0.00 0.00 0.00 36.14 122.13 223.36 312.55 387.54 435.55 446.94 435.55 383.99 291.30 182.49 58.65 0.00 0.00 0.00 0.00
0.00 0.00 0.00 0.00 0.00 0.00 0.00 0.00 44.30 137.26 243.96 337.95 422.85 467.34 480.73 456.09 376.12 286.74 179.25 62.89 0.00 0.00 0.00 0.00
0.00 0.00 0.00 0.00 0.00 0.00 0.00 0.00 0.76 1.76 3.01 3.97 4.64 4.89 4.82 4.51 3.47 2.56 1.54 0.29 0.00 0.00 0.00 0.00
0.00 0.00 0.00 0.00 0.00 0.00 0.00 0.00 3.86 8.90 15.24 20.13 23.53 24.76 24.44 22.84 17.56 12.97 7.79 1.48 0.00 0.00 0.00 0.00
0.00 0.00 0.00 0.00 0.00 0.00 0.00 0.00 19.73 45.43 77.79 102.79 120.14 126.43 124.78 116.60 89.65 66.23 39.78 7.54 0.00 0.00 0.00 0.00
0.00 0.00 0.00 0.00 0.00 0.00 0.00 0.00 1.37 4.64 8.48 11.87 14.71 16.54 16.97 16.54 14.58 11.06 6.93 2.23 0.00 0.00 0.00 0.00
0.00 0.00 0.00 0.00 0.00 0.00 0.00 0.00 34.57 105.31 185.53 257.65 319.63 350.44 359.99 342.70 281.97 213.26 132.44 45.41 0.00 0.00 0.00 0.00
0.00 0.00 0.00 0.00 0.00 0.00 0.00 0.00 3.52 9.74 16.38 22.56 27.84 27.44 27.48 25.62 23.49 17.34 11.08 3.25 0.00 0.00 0.00 0.00
0.00 0.00 0.00 0.00 0.00 0.00 0.00 0.00 18.12 47.99 87.56 119.67 145.39 150.56 154.77 144.86 122.13 92.90 56.69 16.39 0.00 0.00 0.00 0.00
0.00 0.00 0.00 0.00 0.00 0.00 0.00 0.00 0.58 1.76 3.09 4.29 5.33 5.84 6.00 5.71 4.70 3.55 2.21 0.76 0.00 0.00 0.00 0.00
0.00 0.00 0.00 0.00 0.00 0.00 0.00 0.00 25.93 78.98 139.15 193.23 239.72 262.83 269.99 257.03 211.47 159.95 99.33 34.06 0.00 0.00 0.00 0.00
0.00 0.00 0.00 0.00 0.00 0.00 0.00 0.00 33.27 101.36 178.57 247.98 307.64 337.30 346.49 329.85 271.39 205.26 127.48 43.71 0.00 0.00 0.00 0.00
0.00 0.00 0.00 0.00 0.00 0.00 0.00 0.00 58.42 181.01 321.72 445.68 557.63 616.30 633.97 601.46 496.01 378.14 236.38 82.94 0.00 0.00 0.00 0.00
0.00 0.00 0.00 0.00 0.00 0.00 0.00 0.00 1.50 3.71 7.25 9.83 11.99 11.92 11.94 11.09 9.52 6.98 4.16 1.06 0.00 0.00 0.00 0.00
0.00 0.00 0.00 0.00 0.00 0.00 0.00 0.00 1.98 4.87 9.17 12.45 15.16 15.20 15.20 14.08 12.39 9.09 5.40 1.33 0.00 0.00 0.00 0.00
0.00 0.00 0.00 0.00 0.00 0.00 0.00 0.00 14.51 40.18 67.55 93.06 114.84 113.21 113.36 105.69 96.91 71.54 45.72 13.41 0.00 0.00 0.00 0.00
0.00 0.00 0.00 0.00 0.00 0.00 0.00 0.00 36.02 124.45 228.85 314.75 392.49 444.47 459.96 436.13 379.60 293.82 188.83 69.50 0.00 0.00 0.00 0.00
0.00 0.00 0.00 0.00 0.00 0.00 0.00 0.00 0.65 1.51 2.50 3.38 4.08 4.54 4.56 4.19 3.62 2.65 1.60 0.33 0.00 0.00 0.00 0.00
0.00 0.00 0.00 0.00 0.00 0.00 0.00 0.00 9.41 27.03 46.50 63.99 78.54 86.02 87.43 83.09 70.05 52.57 32.01 10.17 0.00 0.00 0.00 0.00
0.00 0.00 0.00 0.00 0.00 0.00 0.00 0.00 2.05 8.11 15.13 21.50 26.81 30.19 30.73 28.89 25.37 19.39 12.64 4.24 0.00 0.00 0.00 0.00
0.00 0.00 0.00 0.00 0.00 0.00 0.00 0.00 1.67 3.63 5.66 7.33 8.70 9.36 9.50 8.86 7.32 5.29 3.26 0.54 0.00 0.00 0.00 0.00
0.00 0.00 0.00 0.00 0.00 0.00 0.00 0.00 0.83 1.81 2.83 3.67 4.35 4.68 4.75 4.43 3.66 2.65 1.63 0.27 0.00 0.00 0.00 0.00
0.00 0.00 0.00 0.00 0.00 0.00 0.00 0.00 1.83 3.97 6.20 8.02 9.52 10.24 10.39 9.69 8.00 5.79 3.57 0.59 0.00 0.00 0.00 0.00
0.00 0.00 0.00 0.00 0.00 0.00 0.00 0.00 2.17 4.73 7.56 9.81 11.56 12.30 12.29 11.62 9.79 7.15 4.40 0.72 0.00 0.00 0.00 0.00
0.00 0.00 0.00 0.00 0.00 0.00 0.00 0.00 3.30 7.21 11.51 14.96 17.62 18.75 18.73 17.71 14.92 10.90 6.70 1.10 0.00 0.00 0.00 0.00
0.00 0.00 0.00 0.00 0.00 0.00 0.00 0.00 2.79 6.20 9.93 13.10 15.53 16.45 16.54 15.47 12.65 9.27 5.71 1.06 0.00 0.00 0.00 0.00
0.00 0.00 0.00 0.00 0.00 0.00 0.00 0.00 1.89 4.69 7.57 10.18 12.40 14.08 14.35 13.69 11.38 8.35 5.05 1.11 0.00 0.00 0.00 0.00
0.00 0.00 0.00 0.00 0.00 0.00 0.00 0.00 4.88 12.11 19.57 26.30 32.04 36.38 37.08 35.35 29.39 21.58 13.04 2.88 0.00 0.00 0.00 0.00
0.00 0.00 0.00 0.00 0.00 0.00 0.00 0.00 1.22 3.10 5.19 7.10 8.66 9.16 9.20 8.59 7.20 5.37 3.26 0.87 0.00 0.00 0.00 0.00
0.00 0.00 0.00 0.00 0.00 0.00 0.00 0.00 2.78 6.27 11.32 15.19 17.97 20.24 20.34 18.46 15.30 11.05 6.66 1.21 0.00 0.00 0.00 0.00
0.00 0.00 0.00 0.00 0.00 0.00 0.00 0.00 5.09 11.42 18.46 24.46 29.46 31.70 31.61 29.26 25.05 18.37 11.09 1.90 0.00 0.00 0.00 0.00
0.00 0.00 0.00 0.00 0.00 0.00 0.00 0.00 0.87 1.79 2.75 3.46 3.98 4.18 4.13 3.81 3.23 2.30 1.40 0.18 0.00 0.00 0.00 0.00
0.00 0.00 0.00 0.00 0.00 0.00 0.00 0.00 4.45 9.63 15.99 20.64 24.40 26.33 25.83 23.78 17.79 12.68 7.70 1.31 0.00 0.00 0.00 0.00
0.00 0.00 0.00 0.00 0.00 0.00 0.00 0.00 3.23 6.83 10.63 13.56 15.59 16.77 16.46 15.37 11.07 8.03 4.88 0.78 0.00 0.00 0.00 0.00
0.00 0.00 0.00 0.00 0.00 0.00 0.00 0.00 4.46 9.42 14.67 18.71 21.51 23.14 22.71 21.21 15.28 11.08 6.73 1.07 0.00 0.00 0.00 0.00
0.00 0.00 0.00 0.00 0.00 0.00 0.00 0.00 3.04 6.42 10.00 12.74 14.65 15.76 15.47 14.45 10.40 7.55 4.59 0.73 0.00 0.00 0.00 0.00
0.00 0.00 0.00 0.00 0.00 0.00 0.00 0.00 2.37 5.14 8.53 11.01 13.01 14.04 13.77 12.68 9.49 6.76 4.11 0.70 0.00 0.00 0.00 0.00
0.00 0.00 0.00 0.00 0.00 0.00 0.00 0.00 2.50 5.17 7.75 10.02 11.57 12.26 12.00 11.01 8.86 6.40 3.89 0.48 0.00 0.00 0.00 0.00
0.00 0.00 0.00 0.00 0.00 0.00 0.00 0.00 2.19 5.04 8.62 11.39 13.31 14.01 13.83 12.92 9.94 7.34 4.41 0.84 0.00 0.00 0.00 0.00
0.00 0.00 0.00 0.00 0.00 0.00 0.00 0.00 17.39 45.59 77.70 104.34 124.74 121.23 121.64 114.03 88.62 65.69 38.59 11.64 0.00 0.00 0.00 0.00
0.00 0.00 0.00 0.00 0.00 0.00 0.00 0.00 3.07 7.42 11.87 15.97 19.37 19.13 19.34 18.07 17.65 12.81 7.66 1.78 0.00 0.00 0.00 0.00
0.00 0.00 0.00 0.00 0.00 0.00 0.00 0.00 4.31 10.02 18.12 24.37 28.99 32.43 32.20 29.89 26.06 18.72 11.37 2.08 0.00 0.00 0.00 0.00
0.00 0.00 0.00 0.00 0.00 0.00 0.00 0.00 1.97 4.59 8.30 11.17 13.29 14.86 14.76 13.70 11.95 8.58 5.21 0.95 0.00 0.00 0.00 0.00
0.00 0.00 0.00 0.00 0.00 0.00 0.00 0.00 3.81 9.20 14.78 19.80 23.99 23.77 24.12 22.51 22.29 16.24 9.76 2.20 0.00 0.00 0.00 0.00
0.00 0.00 0.00 0.00 0.00 0.00 0.00 0.00 1.58 3.68 6.07 8.21 9.91 11.03 11.06 10.17 8.79 6.44 3.89 0.79 0.00 0.00 0.00 0.00
0.00 0.00 0.00 0.00 0.00 0.00 0.00 0.00 15.02 41.60 69.94 96.35 118.90 117.21 117.37 109.42 100.34 74.07 47.34 13.88 0.00 0.00 0.00 0.00
0.00 0.00 0.00 0.00 0.00 0.00 0.00 0.00 4.33 11.48 20.94 28.62 34.77 36.00 37.01 34.64 29.21 22.22 13.56 3.92 0.00 0.00 0.00 0.00
0.00 0.00 0.00 0.00 0.00 0.00 0.00 0.00 1.12 2.98 5.09 6.91 8.41 8.88 9.11 8.65 6.91 5.15 3.19 0.91 0.00 0.00 0.00 0.00
0.00 0.00 0.00 0.00 0.00 0.00 0.00 0.00 1.44 3.82 6.46 8.91 10.98 11.01 10.96 10.20 8.04 5.92 3.65 1.12 0.00 0.00 0.00 0.00
0.00 0.00 0.00 0.00 0.00 0.00 0.00 0.00 2.30 6.11 10.33 14.25 17.58 17.62 17.53 16.33 12.87 9.47 5.84 1.79 0.00 0.00 0.00 0.00
0.00 0.00 0.00 0.00 0.00 0.00 0.00 0.00 37.36 126.27 230.93 323.14 400.68 450.32 462.09 450.32 397.01 301.17 188.68 60.63 0.00 0.00 0.00 0.00
