0.00 0.00 0.00 0.00 0.00 0.00 0.00 0.00 0.09 0.97 1.97 2.79 3.45 3.79 3.85 3.63 2.98 2.10 1.17 0.03 0.00 0.00 0.00 0.00
0.00 0.00 0.00 0.00 0.00 0.00 0.00 0.00 5.19 16.72 28.22 38.84 44.93 45.29 44.00 39.73 32.59 21.82 10.91 0.00 0.00 0.00 0.00 0.00
0.00 0.00 0.00 0.00 0.00 0.00 0.00 0.00 2.06 22.14 44.96 63.86 78.85 86.59 87.94 83.05 68.24 47.91 26.76 0.63 0.00 0.00 0.00 0.00
0.00 0.00 0.00 0.00 0.00 0.00 0.00 0.00 7.31 78.67 159.79 226.95 280.21 307.74 312.54 295.16 242.51 170.28 95.10 2.24 0.00 0.00 0.00 0.00
0.00 0.00 0.00 0.00 0.00 0.00 0.00 0.00 1.29 3.47 4.51 5.95 6.72 7.29 6.95 6.06 5.72 3.68 1.62 0.00 0.00 0.00 0.00 0.00
0.00 0.00 0.00 0.00 0.00 0.00 0.00 0.00 8.80 165.95 350.30 498.15 618.13 705.11 729.86 696.63 575.29 406.16 233.34 10.97 0.00 0.00 0.00 0.00
0.00 0.00 0.00 0.00 0.00 0.00 0.00 0.00 0.66 2.31 4.13 5.68 6.70 7.28 7.26 6.60 5.23 3.39 1.60 0.00 0.00 0.00 0.00 0.00
0.00 0.00 0.00 0.00 0.00 0.00 0.00 0.00 0.26 0.84 1.40 1.92 2.17 2.83 2.75 2.50 2.09 1.40 0.69 0.00 0.00 0.00 0.00 0.00
0.00 0.00 0.00 0.00 0.00 0.00 0.00 0.00 0.41 1.34 2.25 3.07 3.47 4.52 4.39 4.00 3.34 2.23 1.10 0.00 0.00 0.00 0.00 0.00
0.00 0.00 0.00 0.00 0.00 0.00 0.00 0.00 0.41 1.34 2.25 3.07 3.47 4.52 4.39 4.00 3.34 2.23 1.10 0.00 0.00 0.00 0.00 0.00
0.00 0.00 0.00 0.00 0.00 0.00 0.00 0.00 1.19 4.49 8.34 11.85 13.94 15.92 15.61 14.54 12.11 8.20 4.19 0.00 0.00 0.00 0.00 0.00
0.00 0.00 0.00 0.00 0.00 0.00 0.00 0.00 0.54 2.04 3.88 5.52 6.42 7.46 7.32 6.88 5.65 3.81 1.94 0.00 0.00 0.00 0.00 0.00
0.00 0.00 0.00 0.00 0.00 0.00 0.00 0.00 0.70 2.62 4.98 7.10 8.25 9.59 9.41 8.84 7.26 4.89 2.49 0.00 0.00 0.00 0.00 0.00
0.00 0.00 0.00 0.00 0.00 0.00 0.00 0.00 0.47 1.75 3.32 4.73 5.50 6.39 6.28 5.89 4.84 3.26 1.66 0.00 0.00 0.00 0.00 0.00
0.00 0.00 0.00 0.00 0.00 0.00 0.00 0.00 0.47 1.75 3.32 4.73 5.50 6.39 6.28 5.89 4.84 3.26 1.66 0.00 0.00 0.00 0.00 0.00
0.00 0.00 0.00 0.00 0.00 0.00 0.00 0.00 4.88 19.11 37.29 53.46 63.10 72.29 71.92 66.39 61.73 42.07 22.54 0.19 0.00 0.00 0.00 0.00
0.00 0.00 0.00 0.00 0.00 0.00 0.00 0.00 3.75 13.72 25.88 36.40 42.32 47.26 46.87 43.13 35.96 24.42 12.30 0.00 0.00 0.00 0.00 0.00
0.00 0.00 0.00 0.00 0.00 0.00 0.00 0.00 2.87 11.23 20.70 28.97 34.77 39.35 39.13 36.44 30.05 20.45 10.39 0.00 0.00 0.00 0.00 0.00
0.00 0.00 0.00 0.00 0.00 0.00 0.00 0.00 2.60 48.95 103.33 146.94 182.33 207.98 215.28 205.48 169.69 119.80 68.83 3.24 0.00 0.00 0.00 0.00
0.00 0.00 0.00 0.00 0.00 0.00 0.00 0.00 2.47 46.56 98.28 139.77 173.43 197.84 204.78 195.46 161.41 113.96 65.47 3.08 0.00 0.00 0.00 0.00
0.00 0.00 0.00 0.00 0.00 0.00 0.00 0.00 4.75 89.54 189.01 268.79 333.52 380.46 393.81 375.88 310.41 219.15 125.91 5.92 0.00 0.00 0.00 0.00
0.00 0.00 0.00 0.00 0.00 0.00 0.00 0.00 4.67 88.05 185.86 264.31 327.96 374.12 387.25 369.62 305.24 215.50 123.81 5.82 0.00 0.00 0.00 0.00
0.00 0.00 0.00 0.00 0.00 0.00 0.00 0.00 6.63 99.25 205.29 288.79 362.07 402.52 411.97 385.56 317.05 222.30 124.52 3.19 0.00 0.00 0.00 0.00
0.00 0.00 0.00 0.00 0.00 0.00 0.00 0.00 0.26 0.84 1.40 1.92 2.17 2.83 2.75 2.50 2.09 1.40 0.69 0.00 0.00 0.00 0.00 0.00
0.00 0.00 0.00 0.00 0.00 0.00 0.00 0.00 1.30 4.26 7.11 9.72 10.98 14.32 13.92 12.67 10.58 7.07 3.50 0.00 0.00 0.00 0.00 0.00
0.00 0.00 0.00 0.00 0.00 0.00 0.00 0.00 6.63 21.73 36.32 49.60 56.04 73.11 71.05 64.69 54.03 36.09 17.85 0.00 0.00 0.00 0.00 0.00
0.00 0.00 0.00 0.00 0.00 0.00 0.00 0.00 0.18 3.34 7.06 10.03 12.45 14.20 14.70 14.03 11.59 8.18 4.70 0.22 0.00 0.00 0.00 0.00
0.00 0.00 0.00 0.00 0.00 0.00 0.00 0.00 7.20 77.44 157.30 223.41 275.85 302.95 307.67 290.56 238.73 167.62 93.62 2.20 0.00 0.00 0.00 0.00
0.00 0.00 0.00 0.00 0.00 0.00 0.00 0.00 1.15 6.11 11.81 17.43 22.08 24.29 25.52 24.56 19.47 13.89 7.55 0.05 0.00 0.00 0.00 0.00
0.00 0.00 0.00 0.00 0.00 0.00 0.00 0.00 7.09 44.91 83.94 117.66 139.58 153.23 157.39 144.40 116.14 78.13 41.21 0.00 0.00 0.00 0.00 0.00
0.00 0.00 0.00 0.00 0.00 0.00 0.00 0.00 0.12 1.29 2.62 3.72 4.60 5.05 5.13 4.84 3.98 2.79 1.56 0.04 0.00 0.00 0.00 0.00
0.00 0.00 0.00 0.00 0.00 0.00 0.00 0.00 5.40 58.08 117.98 167.56 206.89 227.21 230.75 217.92 179.05 125.72 70.21 1.65 0.00 0.00 0.00 0.00
0.00 0.00 0.00 0.00 0.00 0.00 0.00 0.00 6.93 74.54 151.40 215.04 265.50 291.59 296.13 279.66 229.78 161.34 90.11 2.12 0.00 0.00 0.00 0.00
0.00 0.00 0.00 0.00 0.00 0.00 0.00 0.00 8.75 130.88 270.72 380.84 477.48 530.83 543.28 508.46 418.11 293.16 164.20 4.20 0.00 0.00 0.00 0.00
0.00 0.00 0.00 0.00 0.00 0.00 0.00 0.00 0.79 3.08 5.71 8.13 9.59 11.79 11.53 10.50 8.59 5.90 3.05 0.00 0.00 0.00 0.00 0.00
0.00 0.00 0.00 0.00 0.00 0.00 0.00 0.00 0.94 3.62 6.90 9.76 11.60 14.55 14.19 13.23 10.95 7.51 3.87 0.00 0.00 0.00 0.00 0.00
0.00 0.00 0.00 0.00 0.00 0.00 0.00 0.00 4.73 25.20 48.70 71.89 91.07 100.20 105.25 101.29 80.33 57.28 31.15 0.23 0.00 0.00 0.00 0.00
0.00 0.00 0.00 0.00 0.00 0.00 0.00 0.00 0.00 86.66 197.87 285.49 357.30 400.48 413.40 386.05 293.98 209.07 119.34 5.01 0.00 0.00 0.00 0.00
0.00 0.00 0.00 0.00 0.00 0.00 0.00 0.00 0.28 1.00 1.86 2.52 2.94 3.62 3.55 3.23 2.67 1.79 0.89 0.00 0.00 0.00 0.00 0.00
0.00 0.00 0.00 0.00 0.00 0.00 0.00 0.00 2.40 20.22 40.27 56.95 69.54 76.80 78.50 72.53 58.52 40.64 22.22 0.19 0.00 0.00 0.00 0.00
0.00 0.00 0.00 0.00 0.00 0.00 0.00 0.00 0.00 6.24 13.51 19.80 24.32 27.62 28.57 26.96 22.23 15.85 9.40 0.70 0.00 0.00 0.00 0.00
0.00 0.00 0.00 0.00 0.00 0.00 0.00 0.00 0.82 2.73 4.85 6.71 8.00 8.55 8.30 7.57 5.88 3.82 1.77 0.00 0.00 0.00 0.00 0.00
0.00 0.00 0.00 0.00 0.00 0.00 0.00 0.00 0.41 1.36 2.42 3.36 4.00 4.28 4.15 3.79 2.94 1.91 0.88 0.00 0.00 0.00 0.00 0.00
0.00 0.00 0.00 0.00 0.00 0.00 0.00 0.00 0.89 2.98 5.30 7.34 8.75 9.35 9.08 8.28 6.43 4.18 1.93 0.00 0.00 0.00 0.00 0.00
0.00 0.00 0.00 0.00 0.00 0.00 0.00 0.00 1.08 3.62 6.40 8.73 10.35 11.10 10.92 9.97 7.76 5.02 2.33 0.00 0.00 0.00 0.00 0.00
0.00 0.00 0.00 0.00 0.00 0.00 0.00 0.00 1.65 5.51 9.76 13.31 15.76 16.92 16.64 15.19 11.82 7.65 3.56 0.00 0.00 0.00 0.00 0.00
0.00 0.00 0.00 0.00 0.00 0.00 0.00 0.00 1.33 4.68 8.41 11.43 13.60 14.83 14.83 13.49 10.50 6.93 3.28 0.00 0.00 0.00 0.00 0.00
0.00 0.00 0.00 0.00 0.00 0.00 0.00 0.00 0.74 3.80 7.00 9.62 11.31 12.11 12.22 11.21 8.85 5.95 3.02 0.00 0.00 0.00 0.00 0.00
0.00 0.00 0.00 0.00 0.00 0.00 0.00 0.00 1.91 9.82 18.09 24.85 29.23 31.29 31.56 28.96 22.87 15.36 7.80 0.00 0.00 0.00 0.00 0.00
0.00 0.00 0.00 0.00 0.00 0.00 0.00 0.00 0.46 2.45 4.61 6.32 7.56 8.24 8.39 7.60 6.10 4.05 2.09 0.00 0.00 0.00 0.00 0.00
0.00 0.00 0.00 0.00 0.00 0.00 0.00 0.00 1.13 3.72 6.13 8.39 9.62 13.52 13.38 12.06 9.98 6.58 3.17 0.00 0.00 0.00 0.00 0.00
0.00 0.00 0.00 0.00 0.00 0.00 0.00 0.00 2.53 8.61 15.29 20.85 24.54 27.57 28.02 25.54 20.19 13.13 6.30 0.00 0.00 0.00 0.00 0.00
0.00 0.00 0.00 0.00 0.00 0.00 0.00 0.00 0.37 1.00 1.56 2.09 2.32 2.24 2.18 1.93 1.67 1.09 0.48 0.00 0.00 0.00 0.00 0.00
0.00 0.00 0.00 0.00 0.00 0.00 0.00 0.00 1.90 5.55 7.76 10.41 11.78 12.51 11.96 10.68 9.47 6.27 2.92 0.00 0.00 0.00 0.00 0.00
0.00 0.00 0.00 0.00 0.00 0.00 0.00 0.00 1.26 3.55 5.20 6.91 7.67 8.64 8.40 7.44 6.48 4.17 1.90 0.00 0.00 0.00 0.00 0.00
0.00 0.00 0.00 0.00 0.00 0.00 0.00 0.00 1.74 4.90 7.18 9.54 10.59 11.93 11.59 10.26 8.94 5.75 2.62 0.00 0.00 0.00 0.00 0.00
0.00 0.00 0.00 0.00 0.00 0.00 0.00 0.00 1.18 3.34 4.89 6.50 7.21 8.13 7.89 6.99 6.09 3.92 1.78 0.00 0.00 0.00 0.00 0.00
0.00 0.00 0.00 0.00 0.00 0.00 0.00 0.00 1.01 2.96 4.14 5.55 6.28 6.67 6.38 5.69 5.05 3.34 1.56 0.00 0.00 0.00 0.00 0.00
0.00 0.00 0.00 0.00 0.00 0.00 0.00 0.00 1.01 2.73 3.82 5.10 5.76 6.59 6.39 5.65 5.16 3.29 1.46 0.00 0.00 0.00 0.00 0.00
0.00 0.00 0.00 0.00 0.00 0.00 0.00 0.00 0.74 2.41 4.03 5.50 6.21 8.10 7.87 7.17 5.99 4.00 1.98 0.00 0.00 0.00 0.00 0.00
0.00 0.00 0.00 0.00 0.00 0.00 0.00 0.00 6.36 24.88 48.53 69.58 82.13 94.09 93.61 86.41 80.35 54.75 29.34 0.25 0.00 0.00 0.00 0.00
0.00 0.00 0.00 0.00 0.00 0.00 0.00 0.00 1.35 5.09 9.45 13.43 15.80 18.05 17.69 16.48 13.73 9.30 4.75 0.00 0.00 0.00 0.00 0.00
0.00 0.00 0.00 0.00 0.00 0.00 0.00 0.00 1.38 4.80 8.97 12.25 14.25 20.13 19.96 18.40 16.29 11.02 5.46 0.00 0.00 0.00 0.00 0.00
0.00 0.00 0.00 0.00 0.00 0.00 0.00 0.00 0.63 2.20 4.11 5.62 6.53 9.23 9.15 8.43 7.46 5.05 2.50 0.00 0.00 0.00 0.00 0.00
0.00 0.00 0.00 0.00 0.00 0.00 0.00 0.00 1.66 6.28 11.63 16.48 19.39 22.14 21.75 20.18 16.79 11.48 5.85 0.00 0.00 0.00 0.00 0.00
0.00 0.00 0.00 0.00 0.00 0.00 0.00 0.00 0.69 2.43 4.51 6.11 7.14 8.78 8.62 7.85 6.49 4.35 2.16 0.00 0.00 0.00 0.00 0.00
0.00 0.00 0.00 0.00 0.00 0.00 0.00 0.00 4.89 26.10 50.42 74.43 94.29 103.74 108.97 104.87 83.17 59.31 32.25 0.23 0.00 0.00 0.00 0.00
0.00 0.00 0.00 0.00 0.00 0.00 0.00 0.00 1.69 10.74 20.07 28.14 33.38 36.64 37.64 34.53 27.77 18.68 9.85 0.00 0.00 0.00 0.00 0.00
0.00 0.00 0.00 0.00 0.00 0.00 0.00 0.00 0.38 2.36 4.46 6.29 7.51 8.28 8.37 7.66 6.12 4.22 2.24 0.00 0.00 0.00 0.00 0.00
0.00 0.00 0.00 0.00 0.00 0.00 0.00 0.00 0.49 2.83 5.45 7.59 9.18 10.23 10.29 9.43 7.69 5.32 2.82 0.00 0.00 0.00 0.00 0.00
0.00 0.00 0.00 0.00 0.00 0.00 0.00 0.00 0.78 4.53 8.72 12.15 14.68 16.37 16.46 15.08 12.30 8.51 4.51 0.00 0.00 0.00 0.00 0.00
0.00 0.00 0.00 0.00 0.00 0.00 0.00 0.00 4.83 91.03 192.16 273.27 339.08 386.80 400.37 382.15 315.58 222.80 128.00 6.02 0.00 0.00 0.00 0.00
