0.00 0.00 0.00 0.00 0.00 0.00 0.00 0.00 0.15 1.06 2.11 2.97 3.65 4.00 4.06 3.85 3.21 2.29 1.33 0.09 0.00 0.00 0.00 0.00
0.00 0.00 0.00 0.00 0.00 0.00 0.00 0.00 2.93 8.78 15.18 20.87 24.19 28.72 27.88 25.21 21.68 14.68 7.65 0.00 0.00 0.00 0.00 0.00
0.00 0.00 0.00 0.00 0.00 0.00 0.00 0.00 3.46 24.14 48.16 67.83 83.45 91.46 92.91 87.95 73.48 52.27 30.32 2.04 0.00 0.00 0.00 0.00
0.00 0.00 0.00 0.00 0.00 0.00 0.00 0.00 12.31 85.78 171.15 241.06 296.58 325.03 330.21 312.57 261.15 185.78 107.75 7.26 0.00 0.00 0.00 0.00
0.00 0.00 0.00 0.00 0.00 0.00 0.00 0.00 0.53 1.34 2.15 2.84 3.21 5.70 5.44 4.75 3.96 2.59 1.21 0.00 0.00 0.00 0.00 0.00
0.00 0.00 0.00 0.00 0.00 0.00 0.00 0.00 19.02 180.65 370.39 522.90 647.22 731.98 756.92 723.08 596.45 426.15 253.13 38.81 0.00 0.00 0.00 0.00
0.00 0.00 0.00 0.00 0.00 0.00 0.00 0.00 0.74 2.30 4.16 5.71 6.73 7.49 7.49 6.84 5.51 3.64 1.83 0.00 0.00 0.00 0.00 0.00
0.00 0.00 0.00 0.00 0.00 0.00 0.00 0.00 0.19 0.58 0.90 1.23 1.39 1.57 1.53 1.40 1.37 0.93 0.48 0.00 0.00 0.00 0.00 0.00
0.00 0.00 0.00 0.00 0.00 0.00 0.00 0.00 0.31 0.92 1.45 1.97 2.22 2.52 2.45 2.24 2.20 1.49 0.77 0.00 0.00 0.00 0.00 0.00
0.00 0.00 0.00 0.00 0.00 0.00 0.00 0.00 0.31 0.92 1.45 1.97 2.22 2.52 2.45 2.24 2.20 1.49 0.77 0.00 0.00 0.00 0.00 0.00
0.00 0.00 0.00 0.00 0.00 0.00 0.00 0.00 1.21 4.09 6.85 9.69 11.40 10.30 10.13 9.49 8.93 6.12 3.26 0.00 0.00 0.00 0.00 0.00
0.00 0.00 0.00 0.00 0.00 0.00 0.00 0.00 0.53 1.77 2.76 3.92 4.56 3.68 3.63 3.42 3.57 2.43 1.29 0.00 0.00 0.00 0.00 0.00
0.00 0.00 0.00 0.00 0.00 0.00 0.00 0.00 0.68 2.28 3.55 5.04 5.87 4.73 4.66 4.40 4.58 3.12 1.66 0.00 0.00 0.00 0.00 0.00
0.00 0.00 0.00 0.00 0.00 0.00 0.00 0.00 0.45 1.52 2.37 3.36 3.91 3.15 3.11 2.93 3.06 2.08 1.11 0.00 0.00 0.00 0.00 0.00
0.00 0.00 0.00 0.00 0.00 0.00 0.00 0.00 0.45 1.52 2.37 3.36 3.91 3.15 3.11 2.93 3.06 2.08 1.11 0.00 0.00 0.00 0.00 0.00
0.00 0.00 0.00 0.00 0.00 0.00 0.00 0.00 4.61 16.38 27.64 39.54 46.73 50.65 50.48 46.76 45.73 31.51 17.49 0.80 0.00 0.00 0.00 0.00
0.00 0.00 0.00 0.00 0.00 0.00 0.00 0.00 4.03 13.28 20.64 28.95 33.68 33.82 33.62 31.07 28.87 19.85 10.47 0.00 0.00 0.00 0.00 0.00
0.00 0.00 0.00 0.00 0.00 0.00 0.00 0.00 2.62 9.11 14.28 19.94 23.97 33.16 32.94 30.72 30.67 21.17 11.27 0.00 0.00 0.00 0.00 0.00
0.00 0.00 0.00 0.00 0.00 0.00 0.00 0.00 5.61 53.29 109.25 154.24 190.91 215.91 223.26 213.28 175.93 125.70 74.66 11.45 0.00 0.00 0.00 0.00
0.00 0.00 0.00 0.00 0.00 0.00 0.00 0.00 5.34 50.69 103.92 146.71 181.59 205.38 212.37 202.88 167.35 119.57 71.02 10.89 0.00 0.00 0.00 0.00
0.00 0.00 0.00 0.00 0.00 0.00 0.00 0.00 10.26 97.47 199.85 282.14 349.22 394.95 408.41 390.15 321.82 229.94 136.58 20.94 0.00 0.00 0.00 0.00
0.00 0.00 0.00 0.00 0.00 0.00 0.00 0.00 10.09 95.85 196.52 277.44 343.40 388.37 401.60 383.65 316.46 226.10 134.30 20.59 0.00 0.00 0.00 0.00
0.00 0.00 0.00 0.00 0.00 0.00 0.00 0.00 13.27 108.50 219.71 306.77 383.73 426.18 436.20 409.10 342.95 243.68 141.84 8.97 0.00 0.00 0.00 0.00
0.00 0.00 0.00 0.00 0.00 0.00 0.00 0.00 0.19 0.58 0.90 1.23 1.39 1.57 1.53 1.40 1.37 0.93 0.48 0.00 0.00 0.00 0.00 0.00
0.00 0.00 0.00 0.00 0.00 0.00 0.00 0.00 0.97 2.93 4.58 6.23 7.05 7.97 7.76 7.10 6.97 4.71 2.43 0.00 0.00 0.00 0.00 0.00
0.00 0.00 0.00 0.00 0.00 0.00 0.00 0.00 4.96 14.95 23.38 31.83 35.97 40.67 39.63 36.26 35.56 24.03 12.43 0.00 0.00 0.00 0.00 0.00
0.00 0.00 0.00 0.00 0.00 0.00 0.00 0.00 0.38 3.64 7.46 10.53 13.04 14.74 15.25 14.57 12.01 8.58 5.10 0.78 0.00 0.00 0.00 0.00
0.00 0.00 0.00 0.00 0.00 0.00 0.00 0.00 12.12 84.44 168.49 237.31 291.95 319.96 325.07 307.70 257.08 182.88 106.07 7.15 0.00 0.00 0.00 0.00
0.00 0.00 0.00 0.00 0.00 0.00 0.00 0.00 1.22 5.42 10.24 15.02 18.98 18.70 19.67 18.99 16.15 11.66 6.58 0.33 0.00 0.00 0.00 0.00
0.00 0.00 0.00 0.00 0.00 0.00 0.00 0.00 9.46 46.16 88.37 123.18 146.00 161.81 166.59 153.55 126.26 86.23 47.66 0.87 0.00 0.00 0.00 0.00
0.00 0.00 0.00 0.00 0.00 0.00 0.00 0.00 0.20 1.41 2.81 3.96 4.87 5.33 5.42 5.13 4.28 3.05 1.77 0.12 0.00 0.00 0.00 0.00
0.00 0.00 0.00 0.00 0.00 0.00 0.00 0.00 9.09 63.33 126.36 177.98 218.97 239.97 243.80 230.77 192.81 137.16 79.55 5.36 0.00 0.00 0.00 0.00
0.00 0.00 0.00 0.00 0.00 0.00 0.00 0.00 11.66 81.27 162.17 228.41 281.01 307.96 312.88 296.16 247.44 176.03 102.10 6.88 0.00 0.00 0.00 0.00
0.00 0.00 0.00 0.00 0.00 0.00 0.00 0.00 17.49 143.09 289.74 404.55 506.04 562.02 575.24 539.50 452.26 321.35 187.05 11.83 0.00 0.00 0.00 0.00
0.00 0.00 0.00 0.00 0.00 0.00 0.00 0.00 0.76 2.64 3.95 5.61 6.62 5.84 5.73 5.26 5.30 3.68 1.98 0.03 0.00 0.00 0.00 0.00
0.00 0.00 0.00 0.00 0.00 0.00 0.00 0.00 0.98 3.39 5.10 7.19 8.56 7.13 6.98 6.55 6.88 4.77 2.56 0.02 0.00 0.00 0.00 0.00
0.00 0.00 0.00 0.00 0.00 0.00 0.00 0.00 5.01 22.34 42.25 61.96 78.27 77.12 81.13 78.34 66.61 48.09 27.15 1.36 0.00 0.00 0.00 0.00
0.00 0.00 0.00 0.00 0.00 0.00 0.00 0.00 2.42 99.68 216.62 309.50 386.06 432.49 445.74 416.47 348.19 251.12 149.11 13.54 0.00 0.00 0.00 0.00
0.00 0.00 0.00 0.00 0.00 0.00 0.00 0.00 0.29 0.93 1.45 1.96 2.30 2.43 2.39 2.19 2.11 1.43 0.74 0.00 0.00 0.00 0.00 0.00
0.00 0.00 0.00 0.00 0.00 0.00 0.00 0.00 3.64 21.71 42.87 60.21 73.38 81.32 83.24 77.18 63.52 44.74 25.49 1.14 0.00 0.00 0.00 0.00
0.00 0.00 0.00 0.00 0.00 0.00 0.00 0.00 0.31 6.40 12.81 18.62 22.80 24.36 25.26 23.92 18.15 13.13 8.04 0.96 0.00 0.00 0.00 0.00
0.00 0.00 0.00 0.00 0.00 0.00 0.00 0.00 0.87 2.61 4.70 6.48 7.73 8.77 8.53 7.82 6.19 4.10 2.02 0.00 0.00 0.00 0.00 0.00
0.00 0.00 0.00 0.00 0.00 0.00 0.00 0.00 0.43 1.31 2.35 3.24 3.87 4.38 4.26 3.91 3.09 2.05 1.01 0.00 0.00 0.00 0.00 0.00
0.00 0.00 0.00 0.00 0.00 0.00 0.00 0.00 0.95 2.86 5.14 7.09 8.46 9.59 9.33 8.55 6.77 4.49 2.21 0.00 0.00 0.00 0.00 0.00
0.00 0.00 0.00 0.00 0.00 0.00 0.00 0.00 0.89 2.69 4.55 6.19 7.35 11.20 11.03 10.10 8.19 5.40 2.68 0.00 0.00 0.00 0.00 0.00
0.00 0.00 0.00 0.00 0.00 0.00 0.00 0.00 1.36 4.09 6.93 9.44 11.20 17.07 16.81 15.39 12.48 8.23 4.08 0.00 0.00 0.00 0.00 0.00
0.00 0.00 0.00 0.00 0.00 0.00 0.00 0.00 1.45 4.54 8.29 11.23 13.36 15.29 15.33 14.01 11.08 7.44 3.75 0.00 0.00 0.00 0.00 0.00
0.00 0.00 0.00 0.00 0.00 0.00 0.00 0.00 0.94 3.93 7.33 10.02 11.77 12.66 12.80 11.80 9.53 6.52 3.50 0.00 0.00 0.00 0.00 0.00
0.00 0.00 0.00 0.00 0.00 0.00 0.00 0.00 2.43 10.15 18.95 25.88 30.40 32.70 33.07 30.48 24.61 16.84 9.03 0.00 0.00 0.00 0.00 0.00
0.00 0.00 0.00 0.00 0.00 0.00 0.00 0.00 0.59 2.55 4.81 6.56 7.85 8.62 8.80 8.00 6.58 4.44 2.41 0.01 0.00 0.00 0.00 0.00
0.00 0.00 0.00 0.00 0.00 0.00 0.00 0.00 0.91 2.76 4.88 6.67 7.68 8.51 8.46 7.68 6.81 4.55 2.31 0.00 0.00 0.00 0.00 0.00
0.00 0.00 0.00 0.00 0.00 0.00 0.00 0.00 1.54 4.77 10.16 13.82 16.28 24.83 25.27 23.11 20.58 13.60 6.90 0.00 0.00 0.00 0.00 0.00
0.00 0.00 0.00 0.00 0.00 0.00 0.00 0.00 0.18 0.46 0.73 0.97 1.09 1.49 1.45 1.29 1.24 0.82 0.39 0.00 0.00 0.00 0.00 0.00
0.00 0.00 0.00 0.00 0.00 0.00 0.00 0.00 1.36 3.73 5.27 7.05 7.99 9.63 9.22 8.26 7.41 4.97 2.45 0.00 0.00 0.00 0.00 0.00
0.00 0.00 0.00 0.00 0.00 0.00 0.00 0.00 0.89 2.36 3.36 4.46 4.96 6.46 6.28 5.57 4.89 3.19 1.54 0.00 0.00 0.00 0.00 0.00
0.00 0.00 0.00 0.00 0.00 0.00 0.00 0.00 1.23 3.26 4.64 6.15 6.84 8.91 8.66 7.69 6.75 4.40 2.12 0.00 0.00 0.00 0.00 0.00
0.00 0.00 0.00 0.00 0.00 0.00 0.00 0.00 0.84 2.22 3.16 4.19 4.66 6.07 5.90 5.24 4.60 3.00 1.45 0.00 0.00 0.00 0.00 0.00
0.00 0.00 0.00 0.00 0.00 0.00 0.00 0.00 0.73 1.99 2.81 3.76 4.26 5.14 4.92 4.40 3.95 2.65 1.31 0.00 0.00 0.00 0.00 0.00
0.00 0.00 0.00 0.00 0.00 0.00 0.00 0.00 0.53 1.35 2.15 2.87 3.25 5.19 5.03 4.46 3.61 2.34 1.11 0.00 0.00 0.00 0.00 0.00
0.00 0.00 0.00 0.00 0.00 0.00 0.00 0.00 0.55 1.66 2.59 3.53 3.99 4.51 4.39 4.02 3.94 2.66 1.38 0.00 0.00 0.00 0.00 0.00
0.00 0.00 0.00 0.00 0.00 0.00 0.00 0.00 6.00 21.32 35.97 51.46 60.82 65.92 65.70 60.86 59.52 41.01 22.76 1.05 0.00 0.00 0.00 0.00
0.00 0.00 0.00 0.00 0.00 0.00 0.00 0.00 1.37 4.64 7.76 10.98 12.92 11.67 11.48 10.75 10.12 6.94 3.70 0.00 0.00 0.00 0.00 0.00
0.00 0.00 0.00 0.00 0.00 0.00 0.00 0.00 1.49 4.69 7.39 10.09 11.77 11.48 11.43 10.61 9.76 6.68 3.47 0.00 0.00 0.00 0.00 0.00
0.00 0.00 0.00 0.00 0.00 0.00 0.00 0.00 0.68 2.15 3.39 4.63 5.40 5.26 5.24 4.86 4.47 3.06 1.59 0.00 0.00 0.00 0.00 0.00
0.00 0.00 0.00 0.00 0.00 0.00 0.00 0.00 1.72 5.84 10.09 14.23 16.74 16.43 16.19 15.10 13.46 9.32 4.97 0.00 0.00 0.00 0.00 0.00
0.00 0.00 0.00 0.00 0.00 0.00 0.00 0.00 0.71 2.26 3.52 4.77 5.59 5.91 5.81 5.32 5.12 3.47 1.81 0.00 0.00 0.00 0.00 0.00
0.00 0.00 0.00 0.00 0.00 0.00 0.00 0.00 5.19 23.13 43.75 64.15 81.04 79.85 84.00 81.11 68.97 49.79 28.11 1.41 0.00 0.00 0.00 0.00
0.00 0.00 0.00 0.00 0.00 0.00 0.00 0.00 2.26 11.04 21.13 29.46 34.91 38.69 39.84 36.72 30.19 20.62 11.40 0.21 0.00 0.00 0.00 0.00
0.00 0.00 0.00 0.00 0.00 0.00 0.00 0.00 0.50 2.45 4.69 6.57 7.84 8.73 8.85 8.13 6.64 4.65 2.58 0.06 0.00 0.00 0.00 0.00
0.00 0.00 0.00 0.00 0.00 0.00 0.00 0.00 0.64 2.98 5.66 7.86 9.50 10.69 10.77 9.89 8.26 5.81 3.22 0.09 0.00 0.00 0.00 0.00
0.00 0.00 0.00 0.00 0.00 0.00 0.00 0.00 1.03 4.77 9.06 12.57 15.19 17.11 17.23 15.83 13.21 9.29 5.16 0.14 0.00 0.00 0.00 0.00
0.00 0.00 0.00 0.00 0.00 0.00 0.00 0.00 10.43 99.10 203.18 286.84 355.04 401.54 415.22 396.66 327.19 233.77 138.86 21.29 0.00 0.00 0.00 0.00
