0.00 0.00 0.00 0.00 0.00 0.00 0.00 0.00 0.02 0.94 1.96 3.00 3.87 4.38 4.55 4.36 3.93 3.03 1.87 0.76 0.00 0.00 0.00 0.00
0.00 0.00 0.00 0.00 0.00 0.00 0.00 0.00 1.27 5.37 12.23 17.62 21.91 26.24 26.80 25.96 31.59 23.39 14.30 5.20 0.00 0.00 0.00 0.00
0.00 0.00 0.00 0.00 0.00 0.00 0.00 0.00 0.48 21.41 44.85 68.52 88.61 100.11 103.97 99.73 89.81 69.20 42.74 17.34 0.00 0.00 0.00 0.00
0.00 0.00 0.00 0.00 0.00 0.00 0.00 0.00 1.70 76.08 159.39 243.53 314.90 355.77 369.49 354.45 319.18 245.94 151.91 61.62 0.00 0.00 0.00 0.00
0.00 0.00 0.00 0.00 0.00 0.00 0.00 0.00 0.81 2.53 4.88 7.25 8.87 9.95 9.96 9.12 8.43 6.10 3.73 0.67 0.00 0.00 0.00 0.00
0.00 0.00 0.00 0.00 0.00 0.00 0.00 0.00 0.00 164.60 373.19 579.34 743.63 821.71 875.78 849.33 730.49 566.44 362.50 155.23 0.00 0.00 0.00 0.00
0.00 0.00 0.00 0.00 0.00 0.00 0.00 0.00 0.58 2.39 4.31 6.27 7.62 8.36 8.32 7.83 6.81 5.11 3.17 0.71 0.00 0.00 0.00 0.00
0.00 0.00 0.00 0.00 0.00 0.00 0.00 0.00 0.15 0.63 1.13 1.64 2.13 2.66 2.71 2.66 2.69 2.00 1.23 0.37 0.00 0.00 0.00 0.00
0.00 0.00 0.00 0.00 0.00 0.00 0.00 0.00 0.24 1.01 1.81 2.63 3.40 4.26 4.33 4.26 4.31 3.20 1.96 0.59 0.00 0.00 0.00 0.00
0.00 0.00 0.00 0.00 0.00 0.00 0.00 0.00 0.24 1.01 1.81 2.63 3.40 4.26 4.33 4.26 4.31 3.20 1.96 0.59 0.00 0.00 0.00 0.00
0.00 0.00 0.00 0.00 0.00 0.00 0.00 0.00 0.76 3.88 7.19 10.72 13.98 13.98 14.50 14.01 12.08 9.24 5.76 1.84 0.00 0.00 0.00 0.00
0.00 0.00 0.00 0.00 0.00 0.00 0.00 0.00 0.37 1.86 3.37 5.05 6.60 6.67 6.75 6.55 5.79 4.43 2.69 0.84 0.00 0.00 0.00 0.00
0.00 0.00 0.00 0.00 0.00 0.00 0.00 0.00 0.48 2.39 4.33 6.49 8.48 8.58 8.68 8.42 7.45 5.69 3.45 1.08 0.00 0.00 0.00 0.00
0.00 0.00 0.00 0.00 0.00 0.00 0.00 0.00 0.32 1.59 2.89 4.33 5.66 5.72 5.79 5.61 4.97 3.79 2.30 0.72 0.00 0.00 0.00 0.00
0.00 0.00 0.00 0.00 0.00 0.00 0.00 0.00 0.32 1.59 2.89 4.33 5.66 5.72 5.79 5.61 4.97 3.79 2.30 0.72 0.00 0.00 0.00 0.00
0.00 0.00 0.00 0.00 0.00 0.00 0.00 0.00 1.54 9.57 17.27 27.08 36.09 43.69 45.30 43.67 53.31 40.18 23.60 9.73 0.00 0.00 0.00 0.00
0.00 0.00 0.00 0.00 0.00 0.00 0.00 0.00 2.40 11.52 22.23 32.98 42.62 43.87 44.95 42.49 36.49 28.07 17.01 5.40 0.00 0.00 0.00 0.00
0.00 0.00 0.00 0.00 0.00 0.00 0.00 0.00 1.97 10.20 20.75 30.28 38.59 39.80 40.41 38.83 27.80 21.21 13.31 4.26 0.00 0.00 0.00 0.00
0.00 0.00 0.00 0.00 0.00 0.00 0.00 0.00 0.00 48.55 110.08 170.89 219.34 242.37 258.32 250.52 215.47 167.08 106.93 45.79 0.00 0.00 0.00 0.00
0.00 0.00 0.00 0.00 0.00 0.00 0.00 0.00 0.00 46.18 104.71 162.55 208.64 230.55 245.72 238.30 204.96 158.93 101.71 43.55 0.00 0.00 0.00 0.00
0.00 0.00 0.00 0.00 0.00 0.00 0.00 0.00 0.00 88.81 201.36 312.59 401.24 443.37 472.55 458.27 394.15 305.63 195.60 83.76 0.00 0.00 0.00 0.00
0.00 0.00 0.00 0.00 0.00 0.00 0.00 0.00 0.00 87.33 198.01 307.38 394.55 435.98 464.67 450.63 387.58 300.54 192.34 82.36 0.00 0.00 0.00 0.00
0.00 0.00 0.00 0.00 0.00 0.00 0.00 0.00 0.42 100.55 209.67 324.72 423.61 437.14 444.96 421.82 355.83 270.71 170.64 66.52 0.00 0.00 0.00 0.00
0.00 0.00 0.00 0.00 0.00 0.00 0.00 0.00 0.15 0.63 1.13 1.64 2.13 2.66 2.71 2.66 2.69 2.00 1.23 0.37 0.00 0.00 0.00 0.00
0.00 0.00 0.00 0.00 0.00 0.00 0.00 0.00 0.76 3.21 5.73 8.33 10.77 13.49 13.71 13.48 13.65 10.12 6.21 1.87 0.00 0.00 0.00 0.00
0.00 0.00 0.00 0.00 0.00 0.00 0.00 0.00 3.89 16.37 29.24 42.53 54.98 68.86 69.99 68.82 69.70 51.69 31.72 9.56 0.00 0.00 0.00 0.00
0.00 0.00 0.00 0.00 0.00 0.00 0.00 0.00 0.00 3.32 7.52 11.67 14.98 16.55 17.64 17.11 14.71 11.41 7.30 3.13 0.00 0.00 0.00 0.00
0.00 0.00 0.00 0.00 0.00 0.00 0.00 0.00 1.67 74.89 156.91 239.73 309.99 350.22 363.73 348.92 314.20 242.10 149.54 60.66 0.00 0.00 0.00 0.00
0.00 0.00 0.00 0.00 0.00 0.00 0.00 0.00 0.53 5.01 9.32 14.13 19.16 19.92 20.84 20.39 17.21 13.45 8.80 3.60 0.00 0.00 0.00 0.00
0.00 0.00 0.00 0.00 0.00 0.00 0.00 0.00 4.67 42.78 85.79 129.06 165.32 185.26 192.91 184.95 160.47 121.40 75.17 21.23 0.00 0.00 0.00 0.00
0.00 0.00 0.00 0.00 0.00 0.00 0.00 0.00 0.03 1.25 2.62 4.00 5.17 5.84 6.06 5.82 5.24 4.04 2.49 1.01 0.00 0.00 0.00 0.00
0.00 0.00 0.00 0.00 0.00 0.00 0.00 0.00 1.25 56.17 117.68 179.80 232.49 262.67 272.80 261.69 235.65 181.58 112.16 45.50 0.00 0.00 0.00 0.00
0.00 0.00 0.00 0.00 0.00 0.00 0.00 0.00 1.61 72.09 151.02 230.74 298.37 337.09 350.09 335.84 302.42 233.02 143.94 58.39 0.00 0.00 0.00 0.00
0.00 0.00 0.00 0.00 0.00 0.00 0.00 0.00 0.55 132.60 276.50 428.23 558.63 576.47 586.79 556.27 469.26 356.99 225.03 87.73 0.00 0.00 0.00 0.00
0.00 0.00 0.00 0.00 0.00 0.00 0.00 0.00 0.47 2.55 4.27 6.43 8.39 9.16 9.42 9.16 8.86 6.71 4.13 1.36 0.00 0.00 0.00 0.00
0.00 0.00 0.00 0.00 0.00 0.00 0.00 0.00 0.67 3.57 5.99 8.80 11.55 12.02 12.30 11.93 11.22 8.52 5.23 1.66 0.00 0.00 0.00 0.00
0.00 0.00 0.00 0.00 0.00 0.00 0.00 0.00 2.17 20.66 38.46 58.28 79.04 82.19 85.97 84.12 71.00 55.48 36.31 14.84 0.00 0.00 0.00 0.00
0.00 0.00 0.00 0.00 0.00 0.00 0.00 0.00 0.00 94.58 213.84 331.61 436.44 506.48 522.27 501.39 438.47 350.93 225.29 76.12 0.00 0.00 0.00 0.00
0.00 0.00 0.00 0.00 0.00 0.00 0.00 0.00 0.21 0.93 1.84 2.76 3.54 3.52 3.64 3.48 2.79 2.12 1.31 0.41 0.00 0.00 0.00 0.00
0.00 0.00 0.00 0.00 0.00 0.00 0.00 0.00 1.18 20.46 42.00 64.55 83.07 91.18 93.73 89.69 74.77 56.69 35.51 12.39 0.00 0.00 0.00 0.00
0.00 0.00 0.00 0.00 0.00 0.00 0.00 0.00 0.00 6.40 13.45 20.60 27.22 28.95 29.38 28.69 26.24 20.29 13.28 5.32 0.00 0.00 0.00 0.00
0.00 0.00 0.00 0.00 0.00 0.00 0.00 0.00 0.71 2.74 4.93 7.21 8.92 9.90 9.78 9.00 7.54 5.71 3.58 0.74 0.00 0.00 0.00 0.00
0.00 0.00 0.00 0.00 0.00 0.00 0.00 0.00 0.35 1.37 2.46 3.60 4.46 4.95 4.89 4.50 3.77 2.86 1.79 0.37 0.00 0.00 0.00 0.00
0.00 0.00 0.00 0.00 0.00 0.00 0.00 0.00 0.78 2.99 5.39 7.88 9.76 10.83 10.70 9.84 8.24 6.25 3.91 0.81 0.00 0.00 0.00 0.00
0.00 0.00 0.00 0.00 0.00 0.00 0.00 0.00 0.95 3.68 6.51 9.63 11.70 12.80 12.69 11.88 9.97 7.58 4.70 1.00 0.00 0.00 0.00 0.00
0.00 0.00 0.00 0.00 0.00 0.00 0.00 0.00 1.44 5.61 9.91 14.68 17.83 19.50 19.34 18.10 15.19 11.55 7.16 1.53 0.00 0.00 0.00 0.00
0.00 0.00 0.00 0.00 0.00 0.00 0.00 0.00 1.18 4.86 8.78 12.81 15.48 16.87 16.94 16.03 13.76 10.52 6.53 1.54 0.00 0.00 0.00 0.00
0.00 0.00 0.00 0.00 0.00 0.00 0.00 0.00 0.57 3.71 7.18 10.53 13.10 14.83 15.47 14.88 12.62 9.57 5.81 1.48 0.00 0.00 0.00 0.00
0.00 0.00 0.00 0.00 0.00 0.00 0.00 0.00 1.48 9.57 18.54 27.21 33.84 38.31 39.96 38.43 32.60 24.73 15.02 3.81 0.00 0.00 0.00 0.00
0.00 0.00 0.00 0.00 0.00 0.00 0.00 0.00 0.33 2.36 4.65 6.94 9.00 10.13 10.45 9.87 8.43 6.38 3.95 1.12 0.00 0.00 0.00 0.00
0.00 0.00 0.00 0.00 0.00 0.00 0.00 0.00 1.03 4.20 8.35 12.32 15.45 15.69 16.18 15.53 12.09 9.19 5.75 1.65 0.00 0.00 0.00 0.00
0.00 0.00 0.00 0.00 0.00 0.00 0.00 0.00 2.12 8.71 15.36 22.04 27.13 30.14 30.58 29.08 24.94 18.87 11.53 2.84 0.00 0.00 0.00 0.00
0.00 0.00 0.00 0.00 0.00 0.00 0.00 0.00 0.27 0.87 1.67 2.41 2.98 3.36 3.34 3.17 2.70 2.00 1.23 0.25 0.00 0.00 0.00 0.00
0.00 0.00 0.00 0.00 0.00 0.00 0.00 0.00 1.29 4.55 8.23 12.11 15.58 17.70 17.90 16.97 15.33 11.48 7.11 1.81 0.00 0.00 0.00 0.00
0.00 0.00 0.00 0.00 0.00 0.00 0.00 0.00 0.94 3.15 5.92 8.55 10.73 12.28 12.12 11.44 10.30 7.62 4.66 1.06 0.00 0.00 0.00 0.00
0.00 0.00 0.00 0.00 0.00 0.00 0.00 0.00 1.30 4.35 8.16 11.80 14.81 16.94 16.73 15.78 14.21 10.52 6.44 1.46 0.00 0.00 0.00 0.00
0.00 0.00 0.00 0.00 0.00 0.00 0.00 0.00 0.89 2.96 5.56 8.04 10.09 11.54 11.40 10.75 9.68 7.16 4.39 1.00 0.00 0.00 0.00 0.00
0.00 0.00 0.00 0.00 0.00 0.00 0.00 0.00 0.69 2.43 4.39 6.46 8.31 9.44 9.54 9.05 8.18 6.12 3.79 0.96 0.00 0.00 0.00 0.00
0.00 0.00 0.00 0.00 0.00 0.00 0.00 0.00 0.75 2.38 4.33 6.29 7.78 8.99 9.09 8.40 7.65 5.62 3.45 0.69 0.00 0.00 0.00 0.00
0.00 0.00 0.00 0.00 0.00 0.00 0.00 0.00 0.43 1.81 3.24 4.71 6.09 7.63 7.76 7.63 7.73 5.73 3.52 1.06 0.00 0.00 0.00 0.00
0.00 0.00 0.00 0.00 0.00 0.00 0.00 0.00 2.00 12.46 22.48 35.24 46.97 56.87 58.96 56.84 69.39 52.30 30.72 12.66 0.00 0.00 0.00 0.00
0.00 0.00 0.00 0.00 0.00 0.00 0.00 0.00 0.86 4.39 8.15 12.14 15.84 15.84 16.43 15.87 13.69 10.47 6.53 2.08 0.00 0.00 0.00 0.00
0.00 0.00 0.00 0.00 0.00 0.00 0.00 0.00 1.32 5.82 12.26 18.39 24.25 23.98 24.04 23.12 19.99 15.19 9.59 2.65 0.00 0.00 0.00 0.00
0.00 0.00 0.00 0.00 0.00 0.00 0.00 0.00 0.60 2.67 5.62 8.43 11.11 10.99 11.02 10.60 9.16 6.96 4.40 1.21 0.00 0.00 0.00 0.00
0.00 0.00 0.00 0.00 0.00 0.00 0.00 0.00 1.05 5.35 10.10 15.01 19.40 19.48 20.30 19.49 16.73 12.84 8.12 2.59 0.00 0.00 0.00 0.00
0.00 0.00 0.00 0.00 0.00 0.00 0.00 0.00 0.50 2.26 4.46 6.70 8.60 8.54 8.84 8.45 6.77 5.14 3.17 0.99 0.00 0.00 0.00 0.00
0.00 0.00 0.00 0.00 0.00 0.00 0.00 0.00 2.25 21.39 39.82 60.34 81.84 85.09 89.01 87.10 73.51 57.44 37.59 15.36 0.00 0.00 0.00 0.00
0.00 0.00 0.00 0.00 0.00 0.00 0.00 0.00 1.12 10.23 20.52 30.86 39.53 44.30 46.13 44.23 38.37 29.03 17.98 5.08 0.00 0.00 0.00 0.00
0.00 0.00 0.00 0.00 0.00 0.00 0.00 0.00 0.24 2.27 4.50 6.87 8.83 9.96 10.27 9.95 8.57 6.39 3.97 1.19 0.00 0.00 0.00 0.00
0.00 0.00 0.00 0.00 0.00 0.00 0.00 0.00 0.33 2.88 5.62 8.47 10.82 12.11 12.49 12.02 10.21 7.72 4.82 1.68 0.00 0.00 0.00 0.00
0.00 0.00 0.00 0.00 0.00 0.00 0.00 0.00 0.52 4.60 9.00 13.55 17.31 19.38 19.98 19.24 16.34 12.36 7.71 2.69 0.00 0.00 0.00 0.00
0.00 0.00 0.00 0.00 0.00 0.00 0.00 0.00 0.00 90.29 204.72 317.80 407.92 450.76 480.42 465.91 400.72 310.73 198.85 85.15 0.00 0.00 0.00 0.00
