0.00 0.00 0.00 0.00 0.00 0.00 0.00 0.00 0.00 0.91 1.98 2.84 3.52 3.83 3.89 3.65 2.96 2.04 1.06 0.00 0.00 0.00 0.00 0.00
0.00 0.00 0.00 0.00 0.00 0.00 0.00 0.00 6.40 24.67 43.85 60.82 70.47 74.85 72.57 65.17 50.09 32.85 15.11 0.00 0.00 0.00 0.00 0.00
0.00 0.00 0.00 0.00 0.00 0.00 0.00 0.00 0.00 20.88 45.20 65.00 80.42 87.69 88.89 83.48 67.67 46.60 24.27 0.00 0.00 0.00 0.00 0.00
0.00 0.00 0.00 0.00 0.00 0.00 0.00 0.00 0.00 74.19 160.63 230.99 285.80 311.64 315.91 296.70 240.48 165.60 86.24 0.00 0.00 0.00 0.00 0.00
0.00 0.00 0.00 0.00 0.00 0.00 0.00 0.00 1.43 4.40 6.88 9.17 10.38 10.52 10.02 8.69 6.76 4.22 1.63 0.00 0.00 0.00 0.00 0.00
0.00 0.00 0.00 0.00 0.00 0.00 0.00 0.00 0.00 157.15 350.24 505.27 629.57 714.74 737.84 699.99 568.31 395.05 214.05 0.00 0.00 0.00 0.00 0.00
0.00 0.00 0.00 0.00 0.00 0.00 0.00 0.00 0.45 2.13 4.01 5.60 6.65 7.23 7.20 6.51 5.07 3.19 1.32 0.00 0.00 0.00 0.00 0.00
0.00 0.00 0.00 0.00 0.00 0.00 0.00 0.00 0.35 1.42 2.55 3.50 3.95 4.26 4.14 3.76 3.01 1.97 0.89 0.00 0.00 0.00 0.00 0.00
0.00 0.00 0.00 0.00 0.00 0.00 0.00 0.00 0.57 2.27 4.09 5.61 6.32 6.82 6.63 6.01 4.81 3.15 1.43 0.00 0.00 0.00 0.00 0.00
0.00 0.00 0.00 0.00 0.00 0.00 0.00 0.00 0.57 2.27 4.09 5.61 6.32 6.82 6.63 6.01 4.81 3.15 1.43 0.00 0.00 0.00 0.00 0.00
0.00 0.00 0.00 0.00 0.00 0.00 0.00 0.00 0.89 4.53 8.54 12.28 14.49 16.19 15.83 14.67 12.00 7.95 3.72 0.00 0.00 0.00 0.00 0.00
0.00 0.00 0.00 0.00 0.00 0.00 0.00 0.00 0.44 2.20 4.13 5.94 6.92 7.67 7.52 7.02 5.70 3.76 1.76 0.00 0.00 0.00 0.00 0.00
0.00 0.00 0.00 0.00 0.00 0.00 0.00 0.00 0.57 2.82 5.31 7.63 8.90 9.87 9.67 9.03 7.33 4.83 2.26 0.00 0.00 0.00 0.00 0.00
0.00 0.00 0.00 0.00 0.00 0.00 0.00 0.00 0.38 1.88 3.54 5.09 5.93 6.58 6.45 6.02 4.88 3.22 1.51 0.00 0.00 0.00 0.00 0.00
0.00 0.00 0.00 0.00 0.00 0.00 0.00 0.00 0.38 1.88 3.54 5.09 5.93 6.58 6.45 6.02 4.88 3.22 1.51 0.00 0.00 0.00 0.00 0.00
0.00 0.00 0.00 0.00 0.00 0.00 0.00 0.00 5.50 27.60 51.86 74.47 87.48 92.61 91.82 84.21 67.93 45.55 22.93 0.00 0.00 0.00 0.00 0.00
0.00 0.00 0.00 0.00 0.00 0.00 0.00 0.00 2.88 14.02 26.36 37.51 43.77 48.00 47.50 43.45 35.48 23.54 10.82 0.00 0.00 0.00 0.00 0.00
0.00 0.00 0.00 0.00 0.00 0.00 0.00 0.00 2.00 11.00 20.92 29.59 35.62 39.80 39.50 36.59 29.63 19.71 9.14 0.00 0.00 0.00 0.00 0.00
0.00 0.00 0.00 0.00 0.00 0.00 0.00 0.00 0.00 46.35 103.31 149.04 185.70 210.82 217.64 206.47 167.63 116.53 63.14 0.00 0.00 0.00 0.00 0.00
0.00 0.00 0.00 0.00 0.00 0.00 0.00 0.00 0.00 44.09 98.27 141.77 176.64 200.54 207.02 196.40 159.45 110.84 60.06 0.00 0.00 0.00 0.00 0.00
0.00 0.00 0.00 0.00 0.00 0.00 0.00 0.00 0.00 84.79 188.98 272.63 339.69 385.65 398.12 377.69 306.64 213.16 115.49 0.00 0.00 0.00 0.00 0.00
0.00 0.00 0.00 0.00 0.00 0.00 0.00 0.00 0.00 83.38 185.83 268.08 334.03 379.22 391.48 371.40 301.53 209.60 113.57 0.00 0.00 0.00 0.00 0.00
0.00 0.00 0.00 0.00 0.00 0.00 0.00 0.00 0.00 91.11 202.91 290.33 366.21 406.36 415.67 387.35 314.80 216.30 112.73 0.00 0.00 0.00 0.00 0.00
0.00 0.00 0.00 0.00 0.00 0.00 0.00 0.00 0.35 1.42 2.55 3.50 3.95 4.26 4.14 3.76 3.01 1.97 0.89 0.00 0.00 0.00 0.00 0.00
0.00 0.00 0.00 0.00 0.00 0.00 0.00 0.00 1.80 7.18 12.94 17.76 20.02 21.60 20.99 19.05 15.25 9.99 4.53 0.00 0.00 0.00 0.00 0.00
0.00 0.00 0.00 0.00 0.00 0.00 0.00 0.00 9.18 36.66 66.07 90.65 102.22 110.25 107.14 97.24 77.83 51.01 23.12 0.00 0.00 0.00 0.00 0.00
0.00 0.00 0.00 0.00 0.00 0.00 0.00 0.00 0.00 3.17 7.06 10.18 12.68 14.40 14.86 14.10 11.45 7.96 4.31 0.00 0.00 0.00 0.00 0.00
0.00 0.00 0.00 0.00 0.00 0.00 0.00 0.00 0.00 73.04 158.12 227.39 281.34 306.78 310.99 292.07 236.73 163.02 84.90 0.00 0.00 0.00 0.00 0.00
0.00 0.00 0.00 0.00 0.00 0.00 0.00 0.00 0.62 5.82 11.63 17.37 22.09 24.27 25.43 24.33 19.18 13.44 6.83 0.00 0.00 0.00 0.00 0.00
0.00 0.00 0.00 0.00 0.00 0.00 0.00 0.00 2.01 39.71 82.62 117.55 140.11 154.02 158.38 144.91 115.48 75.90 36.59 0.00 0.00 0.00 0.00 0.00
0.00 0.00 0.00 0.00 0.00 0.00 0.00 0.00 0.00 1.22 2.64 3.79 4.69 5.11 5.18 4.87 3.95 2.72 1.41 0.00 0.00 0.00 0.00 0.00
0.00 0.00 0.00 0.00 0.00 0.00 0.00 0.00 0.00 54.78 118.59 170.54 211.01 230.09 233.24 219.05 177.55 122.27 63.67 0.00 0.00 0.00 0.00 0.00
0.00 0.00 0.00 0.00 0.00 0.00 0.00 0.00 0.00 70.30 152.19 218.86 270.79 295.28 299.32 281.12 227.86 156.91 81.71 0.00 0.00 0.00 0.00 0.00
0.00 0.00 0.00 0.00 0.00 0.00 0.00 0.00 0.00 120.15 267.59 382.87 482.94 535.89 548.16 510.82 415.15 285.25 148.67 0.00 0.00 0.00 0.00 0.00
0.00 0.00 0.00 0.00 0.00 0.00 0.00 0.00 0.65 3.42 6.46 9.27 10.95 12.37 12.07 10.94 9.06 6.10 2.92 0.00 0.00 0.00 0.00 0.00
0.00 0.00 0.00 0.00 0.00 0.00 0.00 0.00 0.83 4.31 8.14 11.62 13.82 15.32 14.90 13.83 11.28 7.58 3.61 0.00 0.00 0.00 0.00 0.00
0.00 0.00 0.00 0.00 0.00 0.00 0.00 0.00 2.55 24.01 47.97 71.66 91.13 100.10 104.90 100.38 79.11 55.45 28.19 0.00 0.00 0.00 0.00 0.00
0.00 0.00 0.00 0.00 0.00 0.00 0.00 0.00 0.00 77.39 193.11 288.39 368.55 418.58 432.07 401.79 325.10 224.94 118.46 0.00 0.00 0.00 0.00 0.00
0.00 0.00 0.00 0.00 0.00 0.00 0.00 0.00 0.25 1.15 2.15 2.94 3.45 3.79 3.71 3.36 2.72 1.78 0.80 0.00 0.00 0.00 0.00 0.00
0.00 0.00 0.00 0.00 0.00 0.00 0.00 0.00 0.10 18.70 40.07 57.48 70.48 77.69 79.38 73.04 58.37 39.72 20.11 0.00 0.00 0.00 0.00 0.00
0.00 0.00 0.00 0.00 0.00 0.00 0.00 0.00 0.00 5.88 13.39 19.93 24.58 27.81 28.71 26.94 21.82 15.33 8.64 0.21 0.00 0.00 0.00 0.00
0.00 0.00 0.00 0.00 0.00 0.00 0.00 0.00 0.57 2.50 4.68 6.58 7.89 8.46 8.20 7.44 5.68 3.58 1.44 0.00 0.00 0.00 0.00 0.00
0.00 0.00 0.00 0.00 0.00 0.00 0.00 0.00 0.28 1.25 2.34 3.29 3.95 4.23 4.10 3.72 2.84 1.79 0.72 0.00 0.00 0.00 0.00 0.00
0.00 0.00 0.00 0.00 0.00 0.00 0.00 0.00 0.62 2.74 5.12 7.19 8.63 9.26 8.97 8.14 6.22 3.92 1.58 0.00 0.00 0.00 0.00 0.00
0.00 0.00 0.00 0.00 0.00 0.00 0.00 0.00 0.76 3.34 6.20 8.58 10.22 11.00 10.81 9.81 7.53 4.73 1.93 0.00 0.00 0.00 0.00 0.00
0.00 0.00 0.00 0.00 0.00 0.00 0.00 0.00 1.16 5.08 9.45 13.07 15.57 16.76 16.47 14.95 11.48 7.20 2.94 0.00 0.00 0.00 0.00 0.00
0.00 0.00 0.00 0.00 0.00 0.00 0.00 0.00 0.91 4.33 8.20 11.30 13.53 14.75 14.74 13.33 10.22 6.54 2.73 0.00 0.00 0.00 0.00 0.00
0.00 0.00 0.00 0.00 0.00 0.00 0.00 0.00 0.32 3.37 6.82 9.53 11.30 12.09 12.20 11.15 8.72 5.69 2.59 0.00 0.00 0.00 0.00 0.00
0.00 0.00 0.00 0.00 0.00 0.00 0.00 0.00 0.82 8.70 17.61 24.63 29.20 31.22 31.51 28.80 22.51 14.69 6.70 0.00 0.00 0.00 0.00 0.00
0.00 0.00 0.00 0.00 0.00 0.00 0.00 0.00 0.20 2.23 4.54 6.31 7.59 8.26 8.40 7.57 6.04 3.91 1.84 0.00 0.00 0.00 0.00 0.00
0.00 0.00 0.00 0.00 0.00 0.00 0.00 0.00 1.25 5.23 9.59 13.22 15.19 16.54 16.38 14.72 11.60 7.48 3.25 0.00 0.00 0.00 0.00 0.00
0.00 0.00 0.00 0.00 0.00 0.00 0.00 0.00 1.83 8.17 15.17 20.93 24.73 27.76 28.17 25.52 19.97 12.62 5.40 0.00 0.00 0.00 0.00 0.00
0.00 0.00 0.00 0.00 0.00 0.00 0.00 0.00 0.42 1.33 2.25 3.03 3.37 3.52 3.41 3.01 2.27 1.44 0.56 0.00 0.00 0.00 0.00 0.00
0.00 0.00 0.00 0.00 0.00 0.00 0.00 0.00 2.24 7.73 13.38 18.03 20.38 22.17 21.18 18.82 14.10 9.09 3.79 0.00 0.00 0.00 0.00 0.00
0.00 0.00 0.00 0.00 0.00 0.00 0.00 0.00 1.56 5.10 8.80 11.77 13.07 14.22 13.80 12.16 8.87 5.55 2.24 0.00 0.00 0.00 0.00 0.00
0.00 0.00 0.00 0.00 0.00 0.00 0.00 0.00 2.15 7.04 12.15 16.25 18.04 19.62 19.04 16.78 12.24 7.66 3.09 0.00 0.00 0.00 0.00 0.00
0.00 0.00 0.00 0.00 0.00 0.00 0.00 0.00 1.46 4.80 8.27 11.07 12.29 13.36 12.97 11.43 8.34 5.21 2.10 0.00 0.00 0.00 0.00 0.00
0.00 0.00 0.00 0.00 0.00 0.00 0.00 0.00 1.20 4.12 7.13 9.62 10.87 11.82 11.29 10.04 7.52 4.85 2.02 0.00 0.00 0.00 0.00 0.00
0.00 0.00 0.00 0.00 0.00 0.00 0.00 0.00 1.20 3.74 6.19 8.34 9.44 9.76 9.45 8.32 6.35 3.93 1.54 0.00 0.00 0.00 0.00 0.00
0.00 0.00 0.00 0.00 0.00 0.00 0.00 0.00 1.02 4.06 7.32 10.05 11.33 12.22 11.87 10.78 8.63 5.65 2.56 0.00 0.00 0.00 0.00 0.00
0.00 0.00 0.00 0.00 0.00 0.00 0.00 0.00 7.16 35.92 67.50 96.92 113.86 120.54 119.51 109.61 88.42 59.28 29.85 0.00 0.00 0.00 0.00 0.00
0.00 0.00 0.00 0.00 0.00 0.00 0.00 0.00 1.01 5.13 9.68 13.91 16.42 18.35 17.95 16.63 13.60 9.01 4.22 0.00 0.00 0.00 0.00 0.00
0.00 0.00 0.00 0.00 0.00 0.00 0.00 0.00 1.86 8.22 15.14 20.83 24.21 26.31 26.08 23.95 19.18 12.72 5.75 0.00 0.00 0.00 0.00 0.00
0.00 0.00 0.00 0.00 0.00 0.00 0.00 0.00 0.85 3.77 6.94 9.55 11.10 12.06 11.96 10.98 8.79 5.83 2.64 0.00 0.00 0.00 0.00 0.00
0.00 0.00 0.00 0.00 0.00 0.00 0.00 0.00 1.23 6.28 11.84 16.97 20.05 22.48 22.04 20.33 16.61 11.10 5.19 0.00 0.00 0.00 0.00 0.00
0.00 0.00 0.00 0.00 0.00 0.00 0.00 0.00 0.61 2.80 5.22 7.15 8.38 9.19 9.01 8.16 6.59 4.32 1.95 0.00 0.00 0.00 0.00 0.00
0.00 0.00 0.00 0.00 0.00 0.00 0.00 0.00 2.64 24.86 49.67 74.19 94.35 103.64 108.61 103.93 81.90 57.41 29.19 0.00 0.00 0.00 0.00 0.00
0.00 0.00 0.00 0.00 0.00 0.00 0.00 0.00 0.48 9.50 19.76 28.11 33.50 36.83 37.87 34.65 27.61 18.15 8.75 0.00 0.00 0.00 0.00 0.00
0.00 0.00 0.00 0.00 0.00 0.00 0.00 0.00 0.12 2.13 4.42 6.31 7.57 8.34 8.43 7.68 6.08 4.10 1.99 0.00 0.00 0.00 0.00 0.00
0.00 0.00 0.00 0.00 0.00 0.00 0.00 0.00 0.20 2.64 5.39 7.62 9.25 10.30 10.33 9.41 7.60 5.15 2.51 0.00 0.00 0.00 0.00 0.00
0.00 0.00 0.00 0.00 0.00 0.00 0.00 0.00 0.31 4.23 8.63 12.19 14.79 16.47 16.53 15.06 12.16 8.25 4.02 0.00 0.00 0.00 0.00 0.00
0.00 0.00 0.00 0.00 0.00 0.00 0.00 0.00 0.00 86.21 192.13 277.17 345.36 392.08 404.75 383.99 311.75 216.71 117.42 0.00 0.00 0.00 0.00 0.00
