0.00 0.00 0.00 0.00 0.00 0.00 0.00 0.16 1.07 1.93 2.94 3.89 4.67 5.06 5.16 4.88 3.63 2.93 2.01 0.71 0.26 0.00 0.00 0.00
0.00 0.00 0.00 0.00 0.00 0.00 0.00 4.40 18.87 32.46 47.83 63.22 75.08 82.81 83.35 78.21 66.77 51.88 34.13 13.52 1.95 0.00 0.00 0.00
0.00 0.00 0.00 0.00 0.00 0.00 0.00 3.64 24.38 44.25 67.33 89.04 106.75 115.59 117.95 111.57 83.05 66.92 45.85 16.28 5.93 0.00 0.00 0.00
0.00 0.00 0.00 0.00 0.00 0.00 0.00 12.94 86.63 157.25 239.28 316.44 379.40 410.81 419.18 396.50 295.17 237.83 162.95 57.87 21.09 0.00 0.00 0.00
0.00 0.00 0.00 0.00 0.00 0.00 0.00 1.30 3.79 6.20 9.20 11.73 13.35 14.46 14.44 13.17 11.13 8.44 5.36 1.91 0.13 0.00 0.00 0.00
0.00 0.00 0.00 0.00 0.00 0.00 0.00 15.07 188.93 356.92 548.49 728.21 871.72 968.14 978.30 919.69 673.01 528.94 370.82 140.55 52.89 0.00 0.00 0.00
0.00 0.00 0.00 0.00 0.00 0.00 0.00 0.81 2.42 3.92 5.70 7.21 8.36 8.94 9.21 8.69 7.71 6.02 3.95 1.73 0.41 0.00 0.00 0.00
0.00 0.00 0.00 0.00 0.00 0.00 0.00 0.28 1.09 1.85 2.82 3.73 4.41 5.02 5.05 4.83 4.23 3.33 2.20 0.91 0.15 0.00 0.00 0.00
0.00 0.00 0.00 0.00 0.00 0.00 0.00 0.45 1.75 2.96 4.51 5.97 7.05 8.03 8.08 7.72 6.78 5.33 3.53 1.45 0.24 0.00 0.00 0.00
0.00 0.00 0.00 0.00 0.00 0.00 0.00 0.45 1.75 2.96 4.51 5.97 7.05 8.03 8.08 7.72 6.78 5.33 3.53 1.45 0.24 0.00 0.00 0.00
0.00 0.00 0.00 0.00 0.00 0.00 0.00 0.88 3.73 6.41 9.92 13.48 16.43 18.30 19.12 18.33 16.86 13.28 8.82 3.58 0.81 0.00 0.00 0.00
0.00 0.00 0.00 0.00 0.00 0.00 0.00 0.42 1.77 3.03 4.71 6.40 7.75 8.79 9.12 8.70 7.98 6.27 4.13 1.68 0.37 0.00 0.00 0.00
0.00 0.00 0.00 0.00 0.00 0.00 0.00 0.54 2.27 3.90 6.05 8.23 9.97 11.30 11.73 11.19 10.26 8.06 5.32 2.16 0.48 0.00 0.00 0.00
0.00 0.00 0.00 0.00 0.00 0.00 0.00 0.36 1.51 2.60 4.03 5.49 6.65 7.54 7.82 7.46 6.84 5.38 3.54 1.44 0.32 0.00 0.00 0.00
0.00 0.00 0.00 0.00 0.00 0.00 0.00 0.36 1.51 2.60 4.03 5.49 6.65 7.54 7.82 7.46 6.84 5.38 3.54 1.44 0.32 0.00 0.00 0.00
0.00 0.00 0.00 0.00 0.00 0.00 0.00 2.88 21.75 39.57 61.32 79.99 93.83 103.65 105.85 102.16 90.32 70.12 45.24 19.56 3.90 0.00 0.00 0.00
0.00 0.00 0.00 0.00 0.00 0.00 0.00 2.99 11.78 20.07 30.73 40.78 49.51 54.53 55.88 54.39 50.40 39.64 26.44 10.89 2.41 0.00 0.00 0.00
0.00 0.00 0.00 0.00 0.00 0.00 0.00 2.73 10.79 18.41 27.02 35.40 42.83 45.70 47.05 45.49 41.26 32.63 21.66 9.83 2.42 0.00 0.00 0.00
0.00 0.00 0.00 0.00 0.00 0.00 0.00 4.44 55.73 105.28 161.78 214.79 257.12 285.57 288.56 271.27 198.51 156.02 109.38 41.46 15.60 0.00 0.00 0.00
0.00 0.00 0.00 0.00 0.00 0.00 0.00 4.23 53.01 100.14 153.89 204.32 244.58 271.64 274.49 258.04 188.83 148.41 104.04 39.44 14.84 0.00 0.00 0.00
0.00 0.00 0.00 0.00 0.00 0.00 0.00 8.13 101.94 192.58 295.95 392.92 470.35 522.38 527.86 496.23 363.13 285.40 200.08 75.84 28.54 0.00 0.00 0.00
0.00 0.00 0.00 0.00 0.00 0.00 0.00 7.99 100.24 189.37 291.01 386.37 462.51 513.67 519.06 487.96 357.08 280.64 196.75 74.57 28.06 0.00 0.00 0.00
0.00 0.00 0.00 0.00 0.00 0.00 0.00 18.70 118.18 213.03 317.68 420.20 499.68 510.03 521.44 494.73 368.09 296.26 204.13 78.57 30.07 0.00 0.00 0.00
0.00 0.00 0.00 0.00 0.00 0.00 0.00 0.28 1.09 1.85 2.82 3.73 4.41 5.02 5.05 4.83 4.23 3.33 2.20 0.91 0.15 0.00 0.00 0.00
0.00 0.00 0.00 0.00 0.00 0.00 0.00 1.41 5.53 9.37 14.29 18.90 22.32 25.42 25.57 24.46 21.46 16.88 11.17 4.60 0.76 0.00 0.00 0.00
0.00 0.00 0.00 0.00 0.00 0.00 0.00 7.21 28.22 47.83 72.95 96.51 113.97 129.76 130.55 124.86 109.54 86.15 57.01 23.48 3.89 0.00 0.00 0.00
0.00 0.00 0.00 0.00 0.00 0.00 0.00 0.30 3.81 7.19 11.05 14.67 17.56 19.50 19.71 18.53 13.56 10.65 7.47 2.83 1.07 0.00 0.00 0.00
0.00 0.00 0.00 0.00 0.00 0.00 0.00 12.74 85.28 154.80 235.55 311.51 373.49 404.41 412.65 390.32 290.57 234.12 160.41 56.97 20.76 0.00 0.00 0.00
0.00 0.00 0.00 0.00 0.00 0.00 0.00 0.71 4.63 8.37 13.25 19.07 24.24 28.32 29.93 28.79 24.22 19.28 13.28 6.67 1.94 0.00 0.00 0.00
0.00 0.00 0.00 0.00 0.00 0.00 0.00 11.76 48.08 82.42 122.74 157.92 183.02 193.04 195.60 185.62 162.50 131.05 90.73 27.98 9.62 0.00 0.00 0.00
0.00 0.00 0.00 0.00 0.00 0.00 0.00 0.21 1.42 2.58 3.93 5.19 6.22 6.74 6.88 6.51 4.84 3.90 2.67 0.95 0.35 0.00 0.00 0.00
0.00 0.00 0.00 0.00 0.00 0.00 0.00 9.55 63.96 116.10 176.66 233.63 280.11 303.31 309.48 292.74 217.93 175.59 120.31 42.73 15.57 0.00 0.00 0.00
0.00 0.00 0.00 0.00 0.00 0.00 0.00 12.26 82.08 148.99 226.71 299.83 359.48 389.24 397.17 375.69 279.67 225.34 154.40 54.83 19.98 0.00 0.00 0.00
0.00 0.00 0.00 0.00 0.00 0.00 0.00 24.66 155.85 280.93 418.95 554.14 658.96 672.60 687.65 652.42 485.42 390.69 269.20 103.62 39.65 0.00 0.00 0.00
0.00 0.00 0.00 0.00 0.00 0.00 0.00 0.59 2.72 4.73 7.29 10.01 12.30 13.82 14.07 13.60 12.47 9.80 6.61 2.80 0.64 0.00 0.00 0.00
0.00 0.00 0.00 0.00 0.00 0.00 0.00 0.75 3.41 5.90 9.04 12.34 15.37 17.23 17.75 17.09 15.79 12.30 8.21 3.33 0.76 0.00 0.00 0.00
0.00 0.00 0.00 0.00 0.00 0.00 0.00 2.93 19.10 34.51 54.65 78.66 100.00 116.81 123.47 118.77 99.90 79.54 54.76 27.51 8.01 0.00 0.00 0.00
0.00 0.00 0.00 0.00 0.00 0.00 0.00 12.43 76.39 138.44 257.77 341.36 405.63 523.80 534.01 515.27 479.48 386.50 278.00 188.01 83.30 0.00 0.00 0.00
0.00 0.00 0.00 0.00 0.00 0.00 0.00 0.26 0.96 1.62 2.41 3.28 3.95 4.36 4.49 4.28 3.91 3.07 2.06 0.89 0.19 0.00 0.00 0.00
0.00 0.00 0.00 0.00 0.00 0.00 0.00 4.31 22.71 40.20 59.88 78.59 92.94 100.77 102.27 96.37 73.96 59.70 42.18 14.47 5.17 0.00 0.00 0.00
0.00 0.00 0.00 0.00 0.00 0.00 0.00 0.00 6.50 12.86 20.72 28.03 33.27 36.63 36.60 33.78 28.12 22.47 16.06 9.73 3.84 0.00 0.00 0.00
0.00 0.00 0.00 0.00 0.00 0.00 0.00 0.94 2.71 4.38 6.42 8.32 9.59 10.16 10.32 9.87 8.83 6.89 4.57 1.98 0.45 0.00 0.00 0.00
0.00 0.00 0.00 0.00 0.00 0.00 0.00 0.47 1.36 2.19 3.21 4.16 4.79 5.08 5.16 4.93 4.42 3.45 2.29 0.99 0.22 0.00 0.00 0.00
0.00 0.00 0.00 0.00 0.00 0.00 0.00 1.03 2.97 4.79 7.02 9.10 10.49 11.11 11.29 10.79 9.66 7.54 5.00 2.16 0.49 0.00 0.00 0.00
0.00 0.00 0.00 0.00 0.00 0.00 0.00 1.20 3.53 5.70 8.31 10.81 12.44 13.23 13.52 13.12 11.65 9.00 6.06 2.56 0.57 0.00 0.00 0.00
0.00 0.00 0.00 0.00 0.00 0.00 0.00 1.82 5.37 8.69 12.66 16.47 18.96 20.16 20.61 19.99 17.76 13.71 9.24 3.90 0.86 0.00 0.00 0.00
0.00 0.00 0.00 0.00 0.00 0.00 0.00 1.61 4.87 7.91 11.59 14.67 17.01 18.29 18.55 17.62 15.51 12.14 8.13 3.60 0.86 0.00 0.00 0.00
0.00 0.00 0.00 0.00 0.00 0.00 0.00 1.20 4.20 7.03 10.31 13.16 15.17 15.87 15.78 14.78 13.01 10.30 7.13 3.05 0.99 0.00 0.00 0.00
0.00 0.00 0.00 0.00 0.00 0.00 0.00 3.11 10.85 18.16 26.63 33.98 39.20 41.00 40.78 38.17 33.60 26.62 18.41 7.87 2.56 0.00 0.00 0.00
0.00 0.00 0.00 0.00 0.00 0.00 0.00 0.70 2.67 4.53 6.66 8.60 9.95 10.47 10.62 9.93 8.64 6.86 4.74 2.05 0.66 0.00 0.00 0.00
0.00 0.00 0.00 0.00 0.00 0.00 0.00 1.28 4.37 7.28 11.22 14.77 17.48 19.37 19.99 18.99 17.06 13.25 8.86 3.73 0.71 0.00 0.00 0.00
0.00 0.00 0.00 0.00 0.00 0.00 0.00 2.45 7.95 13.13 18.98 25.11 30.47 33.59 34.01 32.44 29.09 22.53 14.78 6.43 1.38 0.00 0.00 0.00
0.00 0.00 0.00 0.00 0.00 0.00 0.00 0.41 1.19 1.93 2.81 3.56 4.04 4.41 4.41 4.18 3.64 2.78 1.82 0.68 0.06 0.00 0.00 0.00
0.00 0.00 0.00 0.00 0.00 0.00 0.00 2.01 6.53 10.72 15.82 20.45 23.62 25.79 25.87 24.54 21.09 16.33 10.71 4.17 0.51 0.00 0.00 0.00
0.00 0.00 0.00 0.00 0.00 0.00 0.00 1.45 4.45 7.28 10.76 13.86 15.83 17.32 17.36 16.30 13.79 10.68 6.94 2.64 0.27 0.00 0.00 0.00
0.00 0.00 0.00 0.00 0.00 0.00 0.00 2.00 6.14 10.04 14.85 19.12 21.84 23.91 23.95 22.49 19.03 14.74 9.58 3.64 0.37 0.00 0.00 0.00
0.00 0.00 0.00 0.00 0.00 0.00 0.00 1.36 4.18 6.84 10.12 13.03 14.88 16.28 16.31 15.32 12.96 10.04 6.52 2.48 0.25 0.00 0.00 0.00
0.00 0.00 0.00 0.00 0.00 0.00 0.00 1.07 3.48 5.72 8.44 10.91 12.60 13.75 13.79 13.09 11.25 8.71 5.71 2.23 0.27 0.00 0.00 0.00
0.00 0.00 0.00 0.00 0.00 0.00 0.00 1.14 3.40 5.58 8.24 10.47 12.03 13.18 13.17 12.10 10.21 7.72 4.90 1.77 0.13 0.00 0.00 0.00
0.00 0.00 0.00 0.00 0.00 0.00 0.00 0.80 3.13 5.30 8.08 10.70 12.63 14.38 14.47 13.84 12.14 9.55 6.32 2.60 0.43 0.00 0.00 0.00
0.00 0.00 0.00 0.00 0.00 0.00 0.00 3.74 28.31 51.50 79.81 104.11 122.13 134.92 137.77 132.97 117.56 91.26 58.88 25.46 5.08 0.00 0.00 0.00
0.00 0.00 0.00 0.00 0.00 0.00 0.00 1.00 4.22 7.26 11.24 15.28 18.62 20.74 21.67 20.77 19.11 15.06 10.00 4.05 0.92 0.00 0.00 0.00
0.00 0.00 0.00 0.00 0.00 0.00 0.00 1.67 6.32 10.66 16.76 22.99 27.34 31.21 31.43 30.00 27.35 21.30 14.13 5.96 1.19 0.00 0.00 0.00
0.00 0.00 0.00 0.00 0.00 0.00 0.00 0.77 2.90 4.88 7.68 10.54 12.53 14.30 14.41 13.75 12.54 9.76 6.48 2.73 0.55 0.00 0.00 0.00
0.00 0.00 0.00 0.00 0.00 0.00 0.00 1.26 5.26 9.04 13.90 18.81 22.99 25.45 26.57 25.52 23.45 18.48 12.32 4.91 1.12 0.00 0.00 0.00
0.00 0.00 0.00 0.00 0.00 0.00 0.00 0.62 2.32 3.92 5.84 7.98 9.60 10.60 10.91 10.41 9.51 7.46 4.99 2.15 0.46 0.00 0.00 0.00
0.00 0.00 0.00 0.00 0.00 0.00 0.00 3.03 19.78 35.73 56.58 81.44 103.53 120.94 127.84 122.97 103.43 82.36 56.70 28.48 8.29 0.00 0.00 0.00
0.00 0.00 0.00 0.00 0.00 0.00 0.00 2.81 11.50 19.71 29.35 37.76 43.77 46.16 46.77 44.39 38.86 31.34 21.70 6.69 2.30 0.00 0.00 0.00
0.00 0.00 0.00 0.00 0.00 0.00 0.00 0.59 2.52 4.34 6.51 8.40 9.76 10.02 10.24 9.62 8.72 6.96 4.82 1.94 0.66 0.00 0.00 0.00
0.00 0.00 0.00 0.00 0.00 0.00 0.00 0.68 3.03 5.26 7.58 9.97 11.88 12.72 12.76 11.98 11.07 8.74 6.03 2.82 0.92 0.00 0.00 0.00
0.00 0.00 0.00 0.00 0.00 0.00 0.00 1.09 4.85 8.41 12.13 15.95 19.01 20.36 20.42 19.18 17.71 13.98 9.65 4.51 1.47 0.00 0.00 0.00
0.00 0.00 0.00 0.00 0.00 0.00 0.00 8.26 103.64 195.79 300.88 399.47 478.19 531.08 536.66 504.50 369.19 290.16 203.42 77.10 29.02 0.00 0.00 0.00
