0.00 0.00 0.00 0.00 0.00 0.00 0.00 0.00 0.26 1.16 2.16 3.15 3.96 4.62 4.77 4.56 4.07 3.16 1.99 0.72 0.00 0.00 0.00 0.00
0.00 0.00 0.00 0.00 0.00 0.00 0.00 0.00 7.76 21.81 37.41 52.50 64.43 60.43 61.68 59.90 36.63 27.42 17.18 6.68 0.00 0.00 0.00 0.00
0.00 0.00 0.00 0.00 0.00 0.00 0.00 0.00 5.97 26.54 49.45 72.04 90.47 105.69 109.01 104.23 93.05 72.26 45.58 16.37 0.00 0.00 0.00 0.00
0.00 0.00 0.00 0.00 0.00 0.00 0.00 0.00 21.20 94.32 175.73 256.02 321.52 375.62 387.43 370.41 330.69 256.81 161.97 58.18 0.00 0.00 0.00 0.00
0.00 0.00 0.00 0.00 0.00 0.00 0.00 0.00 0.86 2.04 2.61 3.78 4.57 10.00 9.95 9.08 9.37 6.86 4.33 0.85 0.00 0.00 0.00 0.00
0.00 0.00 0.00 0.00 0.00 0.00 0.00 0.00 32.99 179.30 394.83 583.90 727.75 875.49 927.70 897.52 779.65 609.05 397.27 147.99 5.77 0.00 0.00 0.00
0.00 0.00 0.00 0.00 0.00 0.00 0.00 0.00 0.88 2.33 3.96 5.59 6.67 8.07 7.99 7.51 6.45 4.89 3.13 0.77 0.00 0.00 0.00 0.00
0.00 0.00 0.00 0.00 0.00 0.00 0.00 0.00 0.43 1.20 2.05 2.89 3.68 3.80 3.86 3.79 2.71 2.04 1.28 0.41 0.00 0.00 0.00 0.00
0.00 0.00 0.00 0.00 0.00 0.00 0.00 0.00 0.70 1.93 3.28 4.63 5.88 6.09 6.17 6.07 4.34 3.26 2.05 0.65 0.00 0.00 0.00 0.00
0.00 0.00 0.00 0.00 0.00 0.00 0.00 0.00 0.70 1.93 3.28 4.63 5.88 6.09 6.17 6.07 4.34 3.26 2.05 0.65 0.00 0.00 0.00 0.00
0.00 0.00 0.00 0.00 0.00 0.00 0.00 0.00 1.56 4.67 8.15 11.73 15.00 15.31 15.79 15.21 13.05 10.07 6.43 1.94 0.00 0.00 0.00 0.00
0.00 0.00 0.00 0.00 0.00 0.00 0.00 0.00 0.75 2.24 3.89 5.62 7.20 7.32 7.37 7.13 6.04 4.66 2.89 0.89 0.00 0.00 0.00 0.00
0.00 0.00 0.00 0.00 0.00 0.00 0.00 0.00 0.97 2.88 5.00 7.23 9.26 9.41 9.47 9.17 7.77 5.99 3.72 1.15 0.00 0.00 0.00 0.00
0.00 0.00 0.00 0.00 0.00 0.00 0.00 0.00 0.64 1.92 3.33 4.82 6.17 6.28 6.32 6.11 5.18 3.99 2.48 0.77 0.00 0.00 0.00 0.00
0.00 0.00 0.00 0.00 0.00 0.00 0.00 0.00 0.64 1.92 3.33 4.82 6.17 6.28 6.32 6.11 5.18 3.99 2.48 0.77 0.00 0.00 0.00 0.00
0.00 0.00 0.00 0.00 0.00 0.00 0.00 0.00 7.01 23.56 40.29 60.91 79.36 83.68 86.14 82.72 79.37 60.29 36.09 10.88 0.00 0.00 0.00 0.00
0.00 0.00 0.00 0.00 0.00 0.00 0.00 0.00 4.72 13.77 24.67 35.39 44.88 48.50 49.41 46.58 38.99 30.29 18.82 5.49 0.00 0.00 0.00 0.00
0.00 0.00 0.00 0.00 0.00 0.00 0.00 0.00 4.18 12.52 21.78 30.71 38.39 40.61 40.97 39.25 33.17 25.53 16.40 4.79 0.00 0.00 0.00 0.00
0.00 0.00 0.00 0.00 0.00 0.00 0.00 0.00 9.73 52.89 116.46 172.23 214.66 258.24 273.64 264.74 229.97 179.65 117.18 43.65 1.70 0.00 0.00 0.00
0.00 0.00 0.00 0.00 0.00 0.00 0.00 0.00 9.26 50.31 110.78 163.83 204.19 245.64 260.29 251.82 218.75 170.89 111.47 41.52 1.62 0.00 0.00 0.00
0.00 0.00 0.00 0.00 0.00 0.00 0.00 0.00 17.80 96.74 213.04 315.05 392.67 472.38 500.56 484.27 420.68 328.63 214.36 79.85 3.11 0.00 0.00 0.00
0.00 0.00 0.00 0.00 0.00 0.00 0.00 0.00 17.50 95.13 209.49 309.80 386.13 464.51 492.21 476.20 413.67 323.15 210.78 78.52 3.06 0.00 0.00 0.00
0.00 0.00 0.00 0.00 0.00 0.00 0.00 0.00 27.24 125.50 237.72 351.02 445.09 496.95 502.92 475.75 422.04 323.78 208.60 76.46 0.09 0.00 0.00 0.00
0.00 0.00 0.00 0.00 0.00 0.00 0.00 0.00 0.43 1.20 2.05 2.89 3.68 3.80 3.86 3.79 2.71 2.04 1.28 0.41 0.00 0.00 0.00 0.00
0.00 0.00 0.00 0.00 0.00 0.00 0.00 0.00 2.20 6.10 10.38 14.65 18.63 19.27 19.53 19.22 13.75 10.32 6.50 2.06 0.00 0.00 0.00 0.00
0.00 0.00 0.00 0.00 0.00 0.00 0.00 0.00 11.24 31.14 53.00 74.80 95.09 98.38 99.72 98.11 70.20 52.66 33.18 10.50 0.00 0.00 0.00 0.00
0.00 0.00 0.00 0.00 0.00 0.00 0.00 0.00 0.66 3.61 7.95 11.76 14.66 17.64 18.69 18.08 15.71 12.27 8.00 2.98 0.12 0.00 0.00 0.00
0.00 0.00 0.00 0.00 0.00 0.00 0.00 0.00 20.87 92.85 173.00 252.03 316.51 369.76 381.39 364.64 325.54 252.80 159.45 57.27 0.00 0.00 0.00 0.00
0.00 0.00 0.00 0.00 0.00 0.00 0.00 0.00 1.75 6.50 10.99 16.03 21.27 21.40 22.19 21.60 23.85 18.76 12.52 4.06 0.00 0.00 0.00 0.00
0.00 0.00 0.00 0.00 0.00 0.00 0.00 0.00 14.20 49.38 89.02 129.04 162.11 180.76 186.54 177.90 154.42 117.57 74.42 23.62 0.00 0.00 0.00 0.00
0.00 0.00 0.00 0.00 0.00 0.00 0.00 0.00 0.35 1.55 2.88 4.20 5.28 6.16 6.36 6.08 5.43 4.21 2.66 0.95 0.00 0.00 0.00 0.00
0.00 0.00 0.00 0.00 0.00 0.00 0.00 0.00 15.65 69.63 129.75 189.02 237.38 277.32 286.04 273.48 244.15 189.60 119.58 42.95 0.00 0.00 0.00 0.00
0.00 0.00 0.00 0.00 0.00 0.00 0.00 0.00 20.09 89.36 166.51 242.58 304.64 355.90 367.09 350.96 313.33 243.32 153.47 55.12 0.00 0.00 0.00 0.00
0.00 0.00 0.00 0.00 0.00 0.00 0.00 0.00 35.92 165.50 313.49 462.90 586.96 655.35 663.23 627.40 556.57 426.99 275.09 100.83 0.12 0.00 0.00 0.00
0.00 0.00 0.00 0.00 0.00 0.00 0.00 0.00 1.11 3.43 5.98 8.69 11.09 10.82 11.08 10.75 8.64 6.60 4.16 1.45 0.00 0.00 0.00 0.00
0.00 0.00 0.00 0.00 0.00 0.00 0.00 0.00 1.43 4.38 7.61 10.79 13.86 13.79 14.04 13.58 10.47 8.03 5.04 1.76 0.00 0.00 0.00 0.00
0.00 0.00 0.00 0.00 0.00 0.00 0.00 0.00 7.21 26.81 45.33 66.12 87.72 88.26 91.55 89.11 98.37 77.40 51.65 16.75 0.00 0.00 0.00 0.00
0.00 0.00 0.00 0.00 0.00 0.00 0.00 0.00 20.33 118.06 232.04 344.85 445.00 512.24 523.11 499.34 440.61 355.09 232.78 96.80 9.05 0.00 0.00 0.00
0.00 0.00 0.00 0.00 0.00 0.00 0.00 0.00 0.39 1.11 1.95 2.83 3.57 3.85 3.96 3.77 3.01 2.31 1.46 0.41 0.00 0.00 0.00 0.00
0.00 0.00 0.00 0.00 0.00 0.00 0.00 0.00 6.04 24.16 44.72 65.75 82.41 91.79 93.63 89.21 77.29 59.07 37.83 13.16 0.00 0.00 0.00 0.00
0.00 0.00 0.00 0.00 0.00 0.00 0.00 0.00 0.63 4.94 15.00 22.08 28.61 33.01 33.30 32.43 29.11 22.66 15.08 6.00 0.60 0.00 0.00 0.00
0.00 0.00 0.00 0.00 0.00 0.00 0.00 0.00 1.03 2.65 4.11 5.83 7.10 9.53 9.36 8.60 7.22 5.54 3.58 0.84 0.00 0.00 0.00 0.00
0.00 0.00 0.00 0.00 0.00 0.00 0.00 0.00 0.51 1.32 2.05 2.92 3.55 4.76 4.68 4.30 3.61 2.77 1.79 0.42 0.00 0.00 0.00 0.00
0.00 0.00 0.00 0.00 0.00 0.00 0.00 0.00 1.12 2.89 4.50 6.38 7.77 10.42 10.24 9.40 7.89 6.06 3.91 0.92 0.00 0.00 0.00 0.00
0.00 0.00 0.00 0.00 0.00 0.00 0.00 0.00 1.34 3.48 5.93 8.51 10.18 12.43 12.27 11.47 9.66 7.43 4.75 1.12 0.00 0.00 0.00 0.00
0.00 0.00 0.00 0.00 0.00 0.00 0.00 0.00 2.04 5.30 9.03 12.97 15.51 18.94 18.70 17.48 14.71 11.32 7.23 1.70 0.00 0.00 0.00 0.00
0.00 0.00 0.00 0.00 0.00 0.00 0.00 0.00 1.79 4.76 8.16 11.54 13.71 16.31 16.29 15.39 13.00 10.05 6.43 1.64 0.00 0.00 0.00 0.00
0.00 0.00 0.00 0.00 0.00 0.00 0.00 0.00 1.33 4.16 7.23 10.25 12.53 14.29 14.79 14.17 12.08 9.22 5.74 1.65 0.00 0.00 0.00 0.00
0.00 0.00 0.00 0.00 0.00 0.00 0.00 0.00 3.43 10.74 18.67 26.49 32.38 36.91 38.22 36.61 31.20 23.83 14.83 4.27 0.00 0.00 0.00 0.00
0.00 0.00 0.00 0.00 0.00 0.00 0.00 0.00 0.82 2.68 4.78 6.90 8.77 9.86 10.08 9.48 8.10 6.17 3.91 1.18 0.00 0.00 0.00 0.00
0.00 0.00 0.00 0.00 0.00 0.00 0.00 0.00 1.60 4.32 8.71 12.45 15.33 16.62 17.06 16.36 12.76 9.80 6.31 1.78 0.00 0.00 0.00 0.00
0.00 0.00 0.00 0.00 0.00 0.00 0.00 0.00 2.85 7.68 15.60 21.68 26.23 29.80 30.09 28.57 23.84 18.23 11.46 2.91 0.00 0.00 0.00 0.00
0.00 0.00 0.00 0.00 0.00 0.00 0.00 0.00 0.26 0.61 0.81 1.15 1.40 3.43 3.39 3.21 2.86 2.14 1.35 0.31 0.00 0.00 0.00 0.00
0.00 0.00 0.00 0.00 0.00 0.00 0.00 0.00 1.34 3.40 8.18 11.67 14.73 20.17 20.33 19.27 15.28 11.56 7.36 2.19 0.00 0.00 0.00 0.00
0.00 0.00 0.00 0.00 0.00 0.00 0.00 0.00 0.79 1.93 4.48 6.28 7.75 13.87 13.64 12.85 10.15 7.60 4.79 1.39 0.00 0.00 0.00 0.00
0.00 0.00 0.00 0.00 0.00 0.00 0.00 0.00 1.09 2.67 6.18 8.67 10.70 19.15 18.82 17.73 14.01 10.49 6.61 1.91 0.00 0.00 0.00 0.00
0.00 0.00 0.00 0.00 0.00 0.00 0.00 0.00 0.74 1.82 4.21 5.91 7.29 13.04 12.82 12.08 9.54 7.14 4.50 1.30 0.00 0.00 0.00 0.00
0.00 0.00 0.00 0.00 0.00 0.00 0.00 0.00 0.72 1.81 4.36 6.22 7.86 10.76 10.84 10.28 8.15 6.17 3.93 1.17 0.00 0.00 0.00 0.00
0.00 0.00 0.00 0.00 0.00 0.00 0.00 0.00 0.76 1.82 2.39 3.38 4.13 9.78 9.83 9.05 8.36 6.21 3.93 0.87 0.00 0.00 0.00 0.00
0.00 0.00 0.00 0.00 0.00 0.00 0.00 0.00 1.25 3.45 5.87 8.29 10.54 10.90 11.05 10.87 7.78 5.84 3.68 1.16 0.00 0.00 0.00 0.00
0.00 0.00 0.00 0.00 0.00 0.00 0.00 0.00 9.12 30.67 52.43 79.28 103.30 108.91 112.12 107.67 103.31 78.47 46.97 14.16 0.00 0.00 0.00 0.00
0.00 0.00 0.00 0.00 0.00 0.00 0.00 0.00 1.76 5.30 9.24 13.30 17.00 17.35 17.89 17.24 14.79 11.41 7.28 2.20 0.00 0.00 0.00 0.00
0.00 0.00 0.00 0.00 0.00 0.00 0.00 0.00 2.80 7.87 13.44 19.50 25.23 24.68 24.62 23.64 19.43 14.91 9.66 2.94 0.00 0.00 0.00 0.00
0.00 0.00 0.00 0.00 0.00 0.00 0.00 0.00 1.28 3.61 6.16 8.94 11.56 11.31 11.28 10.83 8.91 6.84 4.43 1.35 0.00 0.00 0.00 0.00
0.00 0.00 0.00 0.00 0.00 0.00 0.00 0.00 2.17 6.52 11.38 16.35 20.72 21.43 22.20 21.26 18.20 14.10 9.13 2.71 0.00 0.00 0.00 0.00
0.00 0.00 0.00 0.00 0.00 0.00 0.00 0.00 0.95 2.71 4.73 6.88 8.66 9.34 9.61 9.16 7.31 5.61 3.56 1.00 0.00 0.00 0.00 0.00
0.00 0.00 0.00 0.00 0.00 0.00 0.00 0.00 7.46 27.76 46.94 68.46 90.82 91.38 94.79 92.26 101.85 80.14 53.48 17.34 0.00 0.00 0.00 0.00
0.00 0.00 0.00 0.00 0.00 0.00 0.00 0.00 3.40 11.81 21.29 30.86 38.77 43.22 44.61 42.54 36.93 28.11 17.80 5.65 0.00 0.00 0.00 0.00
0.00 0.00 0.00 0.00 0.00 0.00 0.00 0.00 0.74 2.60 4.70 6.90 8.70 9.76 9.97 9.61 8.29 6.23 3.95 1.25 0.00 0.00 0.00 0.00
0.00 0.00 0.00 0.00 0.00 0.00 0.00 0.00 0.93 3.27 5.66 8.21 10.28 12.09 12.33 11.78 10.18 7.76 4.95 1.55 0.00 0.00 0.00 0.00
0.00 0.00 0.00 0.00 0.00 0.00 0.00 0.00 1.49 5.23 9.06 13.14 16.46 19.34 19.73 18.85 16.30 12.41 7.92 2.49 0.00 0.00 0.00 0.00
0.00 0.00 0.00 0.00 0.00 0.00 0.00 0.00 18.10 98.35 216.59 320.31 399.22 480.26 508.90 492.35 427.69 334.10 217.93 81.18 3.16 0.00 0.00 0.00
