0.00 0.00 0.00 0.00 0.00 0.00 0.00 0.00 0.00 0.07 0.69 1.18 1.70 1.92 2.01 1.89 1.45 0.98 0.49 0.00 0.00 0.00 0.00 0.00
0.00 0.00 0.00 0.00 0.00 0.00 0.00 0.00 0.00 4.03 9.83 15.02 19.79 20.94 21.15 20.15 15.30 10.34 4.78 0.00 0.00 0.00 0.00 0.00
0.00 0.00 0.00 0.00 0.00 0.00 0.00 0.00 0.00 1.59 15.72 27.09 38.82 43.92 45.93 43.31 33.26 22.43 11.23 0.00 0.00 0.00 0.00 0.00
0.00 0.00 0.00 0.00 0.00 0.00 0.00 0.00 0.00 5.64 55.87 96.27 137.95 156.10 163.25 153.93 118.21 79.73 39.91 0.00 0.00 0.00 0.00 0.00
0.00 0.00 0.00 0.00 0.00 0.00 0.00 0.00 0.00 1.31 3.49 5.19 6.72 6.98 7.08 6.39 5.00 3.31 1.24 0.00 0.00 0.00 0.00 0.00
0.00 0.00 0.00 0.00 0.00 0.00 0.00 0.00 0.00 11.35 104.35 182.22 264.86 259.49 272.75 256.02 239.18 163.99 86.59 0.00 0.00 0.00 0.00 0.00
0.00 0.00 0.00 0.00 0.00 0.00 0.00 0.00 0.00 0.40 2.20 3.43 4.61 5.51 5.62 5.10 3.99 2.67 1.01 0.00 0.00 0.00 0.00 0.00
0.00 0.00 0.00 0.00 0.00 0.00 0.00 0.00 0.00 0.25 0.73 1.12 1.47 1.88 1.97 1.84 1.57 1.06 0.48 0.00 0.00 0.00 0.00 0.00
0.00 0.00 0.00 0.00 0.00 0.00 0.00 0.00 0.00 0.40 1.18 1.79 2.36 3.01 3.15 2.94 2.51 1.70 0.76 0.00 0.00 0.00 0.00 0.00
0.00 0.00 0.00 0.00 0.00 0.00 0.00 0.00 0.00 0.40 1.18 1.79 2.36 3.01 3.15 2.94 2.51 1.70 0.76 0.00 0.00 0.00 0.00 0.00
0.00 0.00 0.00 0.00 0.00 0.00 0.00 0.00 0.00 1.13 3.34 5.20 7.14 7.54 7.88 7.46 7.01 4.84 2.21 0.00 0.00 0.00 0.00 0.00
0.00 0.00 0.00 0.00 0.00 0.00 0.00 0.00 0.00 0.55 1.73 2.69 3.74 3.84 3.97 3.75 3.49 2.38 1.09 0.00 0.00 0.00 0.00 0.00
0.00 0.00 0.00 0.00 0.00 0.00 0.00 0.00 0.00 0.71 2.23 3.46 4.81 4.94 5.11 4.82 4.49 3.05 1.40 0.00 0.00 0.00 0.00 0.00
0.00 0.00 0.00 0.00 0.00 0.00 0.00 0.00 0.00 0.47 1.49 2.31 3.21 3.29 3.40 3.22 2.99 2.04 0.93 0.00 0.00 0.00 0.00 0.00
0.00 0.00 0.00 0.00 0.00 0.00 0.00 0.00 0.00 0.47 1.49 2.31 3.21 3.29 3.40 3.22 2.99 2.04 0.93 0.00 0.00 0.00 0.00 0.00
0.00 0.00 0.00 0.00 0.00 0.00 0.00 0.00 0.00 2.56 7.69 11.98 17.01 18.99 19.91 19.06 18.20 12.45 6.39 0.00 0.00 0.00 0.00 0.00
0.00 0.00 0.00 0.00 0.00 0.00 0.00 0.00 0.00 3.45 9.06 14.07 18.96 19.22 20.10 18.88 20.05 13.49 6.03 0.00 0.00 0.00 0.00 0.00
0.00 0.00 0.00 0.00 0.00 0.00 0.00 0.00 0.00 2.32 5.94 9.34 12.58 14.63 15.04 14.08 15.48 10.64 4.76 0.00 0.00 0.00 0.00 0.00
0.00 0.00 0.00 0.00 0.00 0.00 0.00 0.00 0.00 3.35 30.78 53.75 78.13 76.54 80.45 75.52 70.55 48.37 25.54 0.00 0.00 0.00 0.00 0.00
0.00 0.00 0.00 0.00 0.00 0.00 0.00 0.00 0.00 3.18 29.28 51.13 74.31 72.81 76.53 71.83 67.11 46.01 24.29 0.00 0.00 0.00 0.00 0.00
0.00 0.00 0.00 0.00 0.00 0.00 0.00 0.00 0.00 6.12 56.30 98.32 142.91 140.02 147.17 138.14 129.05 88.48 46.72 0.00 0.00 0.00 0.00 0.00
0.00 0.00 0.00 0.00 0.00 0.00 0.00 0.00 0.00 6.02 55.36 96.68 140.53 137.68 144.71 135.84 126.90 87.01 45.94 0.00 0.00 0.00 0.00 0.00
0.00 0.00 0.00 0.00 0.00 0.00 0.00 0.00 0.00 6.23 94.95 166.64 237.39 286.35 297.43 278.62 197.13 133.50 66.29 0.00 0.00 0.00 0.00 0.00
0.00 0.00 0.00 0.00 0.00 0.00 0.00 0.00 0.00 0.25 0.73 1.12 1.47 1.88 1.97 1.84 1.57 1.06 0.48 0.00 0.00 0.00 0.00 0.00
0.00 0.00 0.00 0.00 0.00 0.00 0.00 0.00 0.00 1.27 3.72 5.67 7.47 9.54 9.96 9.31 7.96 5.37 2.41 0.00 0.00 0.00 0.00 0.00
0.00 0.00 0.00 0.00 0.00 0.00 0.00 0.00 0.00 6.46 19.00 28.94 38.13 48.70 50.85 47.52 40.64 27.43 12.29 0.00 0.00 0.00 0.00 0.00
0.00 0.00 0.00 0.00 0.00 0.00 0.00 0.00 0.00 0.23 2.10 3.67 5.34 5.23 5.49 5.16 4.82 3.30 1.74 0.00 0.00 0.00 0.00 0.00
0.00 0.00 0.00 0.00 0.00 0.00 0.00 0.00 0.00 5.55 55.00 94.77 135.80 153.66 160.71 151.53 116.36 78.48 39.29 0.00 0.00 0.00 0.00 0.00
0.00 0.00 0.00 0.00 0.00 0.00 0.00 0.00 0.00 0.77 2.52 4.08 5.60 5.89 6.36 6.11 5.31 3.89 1.95 0.00 0.00 0.00 0.00 0.00
0.00 0.00 0.00 0.00 0.00 0.00 0.00 0.00 0.00 5.59 45.32 76.02 106.04 124.56 127.01 117.75 95.25 65.95 29.74 0.00 0.00 0.00 0.00 0.00
0.00 0.00 0.00 0.00 0.00 0.00 0.00 0.00 0.00 0.09 0.92 1.58 2.26 2.56 2.68 2.53 1.94 1.31 0.65 0.00 0.00 0.00 0.00 0.00
0.00 0.00 0.00 0.00 0.00 0.00 0.00 0.00 0.00 4.17 41.25 71.07 101.85 115.25 120.53 113.65 87.27 58.86 29.47 0.00 0.00 0.00 0.00 0.00
0.00 0.00 0.00 0.00 0.00 0.00 0.00 0.00 0.00 5.35 52.94 91.21 130.71 147.90 154.68 145.85 112.00 75.54 37.82 0.00 0.00 0.00 0.00 0.00
0.00 0.00 0.00 0.00 0.00 0.00 0.00 0.00 0.00 8.21 125.22 219.76 313.06 377.63 392.23 367.44 259.97 176.05 87.41 0.00 0.00 0.00 0.00 0.00
0.00 0.00 0.00 0.00 0.00 0.00 0.00 0.00 0.00 0.62 2.10 3.28 4.61 4.97 5.31 4.96 3.86 2.63 1.24 0.00 0.00 0.00 0.00 0.00
0.00 0.00 0.00 0.00 0.00 0.00 0.00 0.00 0.00 0.89 3.11 4.84 6.82 7.09 7.52 7.07 5.60 3.81 1.79 0.00 0.00 0.00 0.00 0.00
0.00 0.00 0.00 0.00 0.00 0.00 0.00 0.00 0.00 3.18 10.39 16.83 23.09 24.28 26.22 25.21 21.90 16.03 8.03 0.00 0.00 0.00 0.00 0.00
0.00 0.00 0.00 0.00 0.00 0.00 0.00 0.00 0.00 0.00 92.79 177.71 252.45 306.88 327.99 309.45 253.63 173.77 85.60 0.00 0.00 0.00 0.00 0.00
0.00 0.00 0.00 0.00 0.00 0.00 0.00 0.00 0.00 0.28 0.69 1.07 1.45 1.32 1.37 1.29 1.38 0.93 0.41 0.00 0.00 0.00 0.00 0.00
0.00 0.00 0.00 0.00 0.00 0.00 0.00 0.00 0.00 1.95 18.35 31.33 44.41 54.19 55.53 51.46 43.36 29.66 14.28 0.00 0.00 0.00 0.00 0.00
0.00 0.00 0.00 0.00 0.00 0.00 0.00 0.00 0.00 0.41 5.32 9.47 13.72 17.41 18.73 17.55 13.90 9.82 5.47 0.20 0.00 0.00 0.00 0.00
0.00 0.00 0.00 0.00 0.00 0.00 0.00 0.00 0.00 0.54 2.62 4.06 5.42 6.34 6.32 5.76 4.47 2.97 1.08 0.00 0.00 0.00 0.00 0.00
0.00 0.00 0.00 0.00 0.00 0.00 0.00 0.00 0.00 0.27 1.31 2.03 2.71 3.17 3.16 2.88 2.24 1.48 0.54 0.00 0.00 0.00 0.00 0.00
0.00 0.00 0.00 0.00 0.00 0.00 0.00 0.00 0.00 0.59 2.87 4.44 5.93 6.94 6.92 6.30 4.89 3.24 1.18 0.00 0.00 0.00 0.00 0.00
0.00 0.00 0.00 0.00 0.00 0.00 0.00 0.00 0.00 0.59 3.31 5.10 6.75 8.35 8.44 7.80 6.14 4.10 1.53 0.00 0.00 0.00 0.00 0.00
0.00 0.00 0.00 0.00 0.00 0.00 0.00 0.00 0.00 0.90 5.04 7.77 10.28 12.72 12.86 11.89 9.36 6.24 2.34 0.00 0.00 0.00 0.00 0.00
0.00 0.00 0.00 0.00 0.00 0.00 0.00 0.00 0.00 0.71 4.42 6.88 9.39 11.39 11.40 10.33 8.16 5.46 2.09 0.00 0.00 0.00 0.00 0.00
0.00 0.00 0.00 0.00 0.00 0.00 0.00 0.00 0.00 0.55 3.66 6.04 8.34 9.68 9.78 9.20 7.43 5.06 2.12 0.00 0.00 0.00 0.00 0.00
0.00 0.00 0.00 0.00 0.00 0.00 0.00 0.00 0.00 1.43 9.45 15.60 21.54 25.01 25.27 23.76 19.20 13.07 5.48 0.00 0.00 0.00 0.00 0.00
0.00 0.00 0.00 0.00 0.00 0.00 0.00 0.00 0.00 0.35 2.54 4.18 5.74 6.65 6.72 6.30 4.99 3.44 1.51 0.00 0.00 0.00 0.00 0.00
0.00 0.00 0.00 0.00 0.00 0.00 0.00 0.00 0.00 1.41 3.47 5.31 7.03 6.56 6.74 6.32 5.22 3.53 1.48 0.00 0.00 0.00 0.00 0.00
0.00 0.00 0.00 0.00 0.00 0.00 0.00 0.00 0.00 2.18 6.19 9.55 12.99 17.48 17.87 16.31 13.57 9.17 3.71 0.00 0.00 0.00 0.00 0.00
0.00 0.00 0.00 0.00 0.00 0.00 0.00 0.00 0.00 0.39 1.02 1.51 1.94 2.00 2.01 1.85 1.44 0.95 0.35 0.00 0.00 0.00 0.00 0.00
0.00 0.00 0.00 0.00 0.00 0.00 0.00 0.00 0.00 1.92 5.66 8.49 11.25 12.03 12.09 11.05 7.51 5.05 2.06 0.00 0.00 0.00 0.00 0.00
0.00 0.00 0.00 0.00 0.00 0.00 0.00 0.00 0.00 1.43 4.07 6.11 7.97 8.01 8.08 7.37 5.28 3.50 1.37 0.00 0.00 0.00 0.00 0.00
0.00 0.00 0.00 0.00 0.00 0.00 0.00 0.00 0.00 1.97 5.61 8.44 11.00 11.06 11.15 10.17 7.29 4.83 1.89 0.00 0.00 0.00 0.00 0.00
0.00 0.00 0.00 0.00 0.00 0.00 0.00 0.00 0.00 1.34 3.82 5.75 7.49 7.53 7.59 6.93 4.96 3.29 1.29 0.00 0.00 0.00 0.00 0.00
0.00 0.00 0.00 0.00 0.00 0.00 0.00 0.00 0.00 1.03 3.02 4.53 6.00 6.41 6.45 5.89 4.00 2.69 1.10 0.00 0.00 0.00 0.00 0.00
0.00 0.00 0.00 0.00 0.00 0.00 0.00 0.00 0.00 1.16 3.21 4.81 6.11 6.48 6.62 6.00 4.53 3.01 1.15 0.00 0.00 0.00 0.00 0.00
0.00 0.00 0.00 0.00 0.00 0.00 0.00 0.00 0.00 0.72 2.11 3.21 4.23 5.40 5.64 5.27 4.50 3.04 1.36 0.00 0.00 0.00 0.00 0.00
0.00 0.00 0.00 0.00 0.00 0.00 0.00 0.00 0.00 3.33 10.01 15.60 22.14 24.72 25.91 24.81 23.69 16.21 8.32 0.00 0.00 0.00 0.00 0.00
0.00 0.00 0.00 0.00 0.00 0.00 0.00 0.00 0.00 1.28 3.79 5.90 8.09 8.55 8.93 8.46 7.94 5.48 2.51 0.00 0.00 0.00 0.00 0.00
0.00 0.00 0.00 0.00 0.00 0.00 0.00 0.00 0.00 2.16 6.13 9.40 12.93 10.73 10.99 10.38 11.52 7.84 3.45 0.00 0.00 0.00 0.00 0.00
0.00 0.00 0.00 0.00 0.00 0.00 0.00 0.00 0.00 0.99 2.81 4.31 5.92 4.92 5.04 4.76 5.28 3.59 1.58 0.00 0.00 0.00 0.00 0.00
0.00 0.00 0.00 0.00 0.00 0.00 0.00 0.00 0.00 1.56 4.35 6.78 9.24 10.01 10.42 9.87 9.55 6.63 3.03 0.00 0.00 0.00 0.00 0.00
0.00 0.00 0.00 0.00 0.00 0.00 0.00 0.00 0.00 0.69 1.68 2.60 3.51 3.20 3.32 3.12 3.34 2.27 0.99 0.00 0.00 0.00 0.00 0.00
0.00 0.00 0.00 0.00 0.00 0.00 0.00 0.00 0.00 3.29 10.76 17.43 23.91 25.14 27.15 26.10 22.67 16.60 8.32 0.00 0.00 0.00 0.00 0.00
0.00 0.00 0.00 0.00 0.00 0.00 0.00 0.00 0.00 1.34 10.84 18.18 25.36 29.79 30.37 28.16 22.78 15.77 7.11 0.00 0.00 0.00 0.00 0.00
0.00 0.00 0.00 0.00 0.00 0.00 0.00 0.00 0.00 0.29 2.35 3.93 5.46 6.73 6.83 6.33 5.13 3.54 1.62 0.00 0.00 0.00 0.00 0.00
0.00 0.00 0.00 0.00 0.00 0.00 0.00 0.00 0.00 0.33 2.32 3.84 5.33 6.77 7.01 6.52 5.67 3.88 1.80 0.00 0.00 0.00 0.00 0.00
0.00 0.00 0.00 0.00 0.00 0.00 0.00 0.00 0.00 0.52 3.71 6.14 8.52 10.83 11.21 10.44 9.08 6.21 2.88 0.00 0.00 0.00 0.00 0.00
0.00 0.00 0.00 0.00 0.00 0.00 0.00 0.00 0.00 6.22 57.24 99.96 145.29 142.35 149.62 140.44 131.20 89.96 47.50 0.00 0.00 0.00 0.00 0.00
