0.00 0.00 0.00 0.00 0.00 0.00 0.00 0.18 1.04 1.86 2.87 3.79 4.55 5.09 5.19 4.91 4.39 3.53 2.42 1.19 0.46 0.00 0.00 0.00
0.00 0.00 0.00 0.00 0.00 0.00 0.00 4.88 19.33 32.94 45.67 60.36 71.74 83.68 84.18 78.98 67.46 52.56 34.80 14.18 2.51 0.00 0.00 0.00
0.00 0.00 0.00 0.00 0.00 0.00 0.00 4.23 23.70 42.45 65.71 86.75 103.98 116.42 118.69 112.24 100.36 80.71 55.32 27.26 10.53 0.00 0.00 0.00
0.00 0.00 0.00 0.00 0.00 0.00 0.00 15.02 84.21 150.88 233.52 308.32 369.54 413.74 421.82 398.90 356.68 286.83 196.62 96.87 37.42 0.00 0.00 0.00
0.00 0.00 0.00 0.00 0.00 0.00 0.00 1.41 3.91 6.33 9.25 11.78 13.40 14.55 14.53 13.25 10.94 8.32 5.32 2.05 0.23 0.00 0.00 0.00
0.00 0.00 0.00 0.00 0.00 0.00 0.00 21.91 194.50 361.42 556.23 737.65 883.21 951.37 960.21 902.05 779.92 612.56 430.22 237.47 94.06 0.00 0.00 0.00
0.00 0.00 0.00 0.00 0.00 0.00 0.00 0.88 2.50 4.02 5.84 7.36 8.52 8.31 8.54 8.06 7.44 5.82 3.84 1.73 0.47 0.00 0.00 0.00
0.00 0.00 0.00 0.00 0.00 0.00 0.00 0.28 1.02 1.72 2.84 3.75 4.43 5.04 5.06 4.84 4.27 3.37 2.24 0.95 0.19 0.00 0.00 0.00
0.00 0.00 0.00 0.00 0.00 0.00 0.00 0.45 1.64 2.75 4.55 6.00 7.08 8.06 8.10 7.74 6.83 5.39 3.59 1.53 0.30 0.00 0.00 0.00
0.00 0.00 0.00 0.00 0.00 0.00 0.00 0.45 1.64 2.75 4.55 6.00 7.08 8.06 8.10 7.74 6.83 5.39 3.59 1.53 0.30 0.00 0.00 0.00
0.00 0.00 0.00 0.00 0.00 0.00 0.00 0.91 3.52 5.99 6.91 9.40 11.46 17.37 18.06 17.25 16.58 13.09 8.74 3.63 0.93 0.00 0.00 0.00
0.00 0.00 0.00 0.00 0.00 0.00 0.00 0.42 1.63 2.77 3.27 4.45 5.40 8.29 8.57 8.14 7.98 6.29 4.17 1.64 0.41 0.00 0.00 0.00
0.00 0.00 0.00 0.00 0.00 0.00 0.00 0.54 2.10 3.56 4.21 5.72 6.94 10.66 11.02 10.47 10.26 8.09 5.36 2.10 0.53 0.00 0.00 0.00
0.00 0.00 0.00 0.00 0.00 0.00 0.00 0.36 1.40 2.37 2.80 3.81 4.62 7.11 7.35 6.98 6.84 5.39 3.57 1.40 0.35 0.00 0.00 0.00
0.00 0.00 0.00 0.00 0.00 0.00 0.00 0.36 1.40 2.37 2.80 3.81 4.62 7.11 7.35 6.98 6.84 5.39 3.57 1.40 0.35 0.00 0.00 0.00
0.00 0.00 0.00 0.00 0.00 0.00 0.00 3.50 22.46 40.39 62.11 81.02 95.14 105.09 107.27 103.54 91.51 71.23 46.21 20.36 4.62 0.00 0.00 0.00
0.00 0.00 0.00 0.00 0.00 0.00 0.00 3.16 11.49 19.35 25.14 33.34 40.49 50.68 51.76 50.24 49.01 38.61 25.88 11.79 2.96 0.00 0.00 0.00
0.00 0.00 0.00 0.00 0.00 0.00 0.00 3.01 10.98 18.50 27.30 35.74 43.25 45.63 46.82 45.15 41.18 32.63 21.76 10.07 2.76 0.00 0.00 0.00
0.00 0.00 0.00 0.00 0.00 0.00 0.00 6.46 57.37 106.61 164.07 217.58 260.51 280.62 283.23 266.07 230.05 180.68 126.90 70.05 27.74 0.00 0.00 0.00
0.00 0.00 0.00 0.00 0.00 0.00 0.00 6.15 54.57 101.41 156.06 206.97 247.81 266.93 269.41 253.09 218.83 171.87 120.71 66.63 26.39 0.00 0.00 0.00
0.00 0.00 0.00 0.00 0.00 0.00 0.00 11.82 104.95 195.01 300.12 398.01 476.55 513.33 518.10 486.72 420.82 330.52 232.13 128.13 50.75 0.00 0.00 0.00
0.00 0.00 0.00 0.00 0.00 0.00 0.00 11.63 103.20 191.76 295.12 391.38 468.61 504.77 509.46 478.61 413.81 325.01 228.26 126.00 49.91 0.00 0.00 0.00
0.00 0.00 0.00 0.00 0.00 0.00 0.00 22.23 118.60 211.28 318.86 421.46 501.53 540.95 552.09 523.13 462.33 371.51 256.23 142.78 57.61 0.00 0.00 0.00
0.00 0.00 0.00 0.00 0.00 0.00 0.00 0.28 1.02 1.72 2.84 3.75 4.43 5.04 5.06 4.84 4.27 3.37 2.24 0.95 0.19 0.00 0.00 0.00
0.00 0.00 0.00 0.00 0.00 0.00 0.00 1.43 5.19 8.72 14.40 19.01 22.42 25.51 25.64 24.52 21.64 17.07 11.36 4.84 0.96 0.00 0.00 0.00
0.00 0.00 0.00 0.00 0.00 0.00 0.00 7.29 26.51 44.50 73.50 97.04 114.48 130.24 130.92 125.17 110.47 87.14 58.02 24.70 4.89 0.00 0.00 0.00
0.00 0.00 0.00 0.00 0.00 0.00 0.00 0.44 3.92 7.28 11.20 14.86 17.79 19.16 19.34 18.17 15.71 12.34 8.67 4.78 1.89 0.00 0.00 0.00
0.00 0.00 0.00 0.00 0.00 0.00 0.00 14.79 82.90 148.53 229.88 303.51 363.78 407.29 415.25 392.68 351.12 282.35 193.55 95.36 36.84 0.00 0.00 0.00
0.00 0.00 0.00 0.00 0.00 0.00 0.00 0.78 4.34 7.74 12.76 18.34 23.32 27.36 28.91 27.81 25.38 20.27 14.04 6.93 2.18 0.00 0.00 0.00
0.00 0.00 0.00 0.00 0.00 0.00 0.00 13.27 49.40 83.79 122.51 158.27 184.44 198.16 200.76 190.64 167.74 135.52 94.27 47.12 17.31 0.00 0.00 0.00
0.00 0.00 0.00 0.00 0.00 0.00 0.00 0.25 1.38 2.48 3.83 5.06 6.06 6.79 6.92 6.54 5.85 4.71 3.23 1.59 0.61 0.00 0.00 0.00
0.00 0.00 0.00 0.00 0.00 0.00 0.00 11.09 62.18 111.40 172.41 227.63 272.84 305.47 311.44 294.51 263.34 211.77 145.16 71.52 27.63 0.00 0.00 0.00
0.00 0.00 0.00 0.00 0.00 0.00 0.00 14.23 79.79 142.96 221.26 292.13 350.14 392.02 399.68 377.96 337.95 271.77 186.29 91.78 35.45 0.00 0.00 0.00
0.00 0.00 0.00 0.00 0.00 0.00 0.00 29.32 156.40 278.62 420.49 555.80 661.39 713.38 728.07 689.88 609.69 489.93 337.90 188.29 75.98 0.00 0.00 0.00
0.00 0.00 0.00 0.00 0.00 0.00 0.00 0.63 2.66 4.57 6.10 8.37 10.29 12.93 13.13 12.67 12.55 9.89 6.72 2.92 0.75 0.00 0.00 0.00
0.00 0.00 0.00 0.00 0.00 0.00 0.00 0.79 3.25 5.57 6.99 9.53 11.89 16.28 16.71 16.05 15.88 12.40 8.32 3.44 0.88 0.00 0.00 0.00
0.00 0.00 0.00 0.00 0.00 0.00 0.00 3.20 17.89 31.93 52.63 75.67 96.18 112.87 119.24 114.70 104.69 83.63 57.93 28.58 9.01 0.00 0.00 0.00
0.00 0.00 0.00 0.00 0.00 0.00 0.00 24.51 124.92 221.55 326.97 430.92 510.35 456.80 468.28 454.64 255.38 206.57 149.44 151.11 69.37 0.00 0.00 0.00
0.00 0.00 0.00 0.00 0.00 0.00 0.00 0.28 0.98 1.64 2.24 3.06 3.68 3.99 4.10 3.90 3.76 2.96 1.99 0.92 0.22 0.00 0.00 0.00
0.00 0.00 0.00 0.00 0.00 0.00 0.00 4.99 23.05 40.34 58.96 77.44 91.78 101.98 103.39 97.39 85.40 69.03 48.97 25.84 9.79 0.00 0.00 0.00
0.00 0.00 0.00 0.00 0.00 0.00 0.00 0.18 6.53 12.67 20.26 27.33 32.41 34.73 34.67 31.97 27.73 22.11 15.82 9.19 3.79 0.00 0.00 0.00
0.00 0.00 0.00 0.00 0.00 0.00 0.00 1.02 2.81 4.49 6.57 8.49 9.76 9.26 9.40 8.98 8.51 6.65 4.44 2.04 0.53 0.00 0.00 0.00
0.00 0.00 0.00 0.00 0.00 0.00 0.00 0.51 1.40 2.25 3.28 4.24 4.88 4.63 4.70 4.49 4.26 3.33 2.22 1.02 0.26 0.00 0.00 0.00
0.00 0.00 0.00 0.00 0.00 0.00 0.00 1.12 3.07 4.91 7.18 9.29 10.67 10.13 10.28 9.83 9.31 7.28 4.85 2.23 0.58 0.00 0.00 0.00
0.00 0.00 0.00 0.00 0.00 0.00 0.00 1.32 3.68 5.89 8.54 11.06 12.70 11.91 12.16 11.79 11.46 8.86 6.00 2.66 0.67 0.00 0.00 0.00
0.00 0.00 0.00 0.00 0.00 0.00 0.00 2.01 5.61 8.97 13.02 16.86 19.35 18.15 18.54 17.97 17.46 13.50 9.14 4.06 1.03 0.00 0.00 0.00
0.00 0.00 0.00 0.00 0.00 0.00 0.00 1.76 5.04 8.12 11.88 15.00 17.35 17.19 17.42 16.53 15.21 11.92 8.02 3.54 0.95 0.00 0.00 0.00
0.00 0.00 0.00 0.00 0.00 0.00 0.00 1.27 4.12 6.83 9.99 12.80 14.86 16.09 15.99 14.98 12.97 10.28 7.14 3.52 1.23 0.00 0.00 0.00
0.00 0.00 0.00 0.00 0.00 0.00 0.00 3.28 10.64 17.65 25.80 33.08 38.38 41.55 41.31 38.69 33.50 26.56 18.45 9.08 3.18 0.00 0.00 0.00
0.00 0.00 0.00 0.00 0.00 0.00 0.00 0.78 2.73 4.58 6.63 8.58 9.97 10.77 10.91 10.20 8.77 6.97 4.84 2.38 0.82 0.00 0.00 0.00
0.00 0.00 0.00 0.00 0.00 0.00 0.00 1.47 4.69 7.71 11.17 14.66 17.32 18.24 18.80 17.84 16.30 12.69 8.53 3.87 0.86 0.00 0.00 0.00
0.00 0.00 0.00 0.00 0.00 0.00 0.00 2.75 8.38 13.66 19.51 25.70 31.11 33.59 33.93 32.31 28.69 22.26 14.68 6.59 1.63 0.00 0.00 0.00
0.00 0.00 0.00 0.00 0.00 0.00 0.00 0.45 1.24 1.99 2.85 3.60 4.08 4.17 4.16 3.94 3.57 2.74 1.80 0.72 0.09 0.00 0.00 0.00
0.00 0.00 0.00 0.00 0.00 0.00 0.00 2.20 6.76 10.98 16.04 20.69 23.88 25.97 26.03 24.68 21.28 16.52 10.91 4.43 0.70 0.00 0.00 0.00
0.00 0.00 0.00 0.00 0.00 0.00 0.00 1.58 4.60 7.45 10.89 13.99 15.96 17.37 17.39 16.33 13.85 10.76 7.03 2.81 0.39 0.00 0.00 0.00
0.00 0.00 0.00 0.00 0.00 0.00 0.00 2.18 6.35 10.28 15.03 19.30 22.02 23.98 24.00 22.53 19.11 14.85 9.70 3.88 0.54 0.00 0.00 0.00
0.00 0.00 0.00 0.00 0.00 0.00 0.00 1.49 4.33 7.00 10.24 13.15 15.00 16.33 16.35 15.35 13.02 10.11 6.61 2.64 0.37 0.00 0.00 0.00
0.00 0.00 0.00 0.00 0.00 0.00 0.00 1.17 3.60 5.86 8.56 11.04 12.74 13.85 13.88 13.16 11.35 8.81 5.82 2.36 0.37 0.00 0.00 0.00
0.00 0.00 0.00 0.00 0.00 0.00 0.00 1.23 3.50 5.68 8.30 10.52 12.08 13.22 13.20 12.13 10.15 7.69 4.91 1.90 0.22 0.00 0.00 0.00
0.00 0.00 0.00 0.00 0.00 0.00 0.00 0.81 2.94 4.93 8.15 10.75 12.69 14.43 14.51 13.87 12.24 9.66 6.43 2.74 0.54 0.00 0.00 0.00
0.00 0.00 0.00 0.00 0.00 0.00 0.00 4.56 29.23 52.58 80.84 105.46 123.83 136.78 139.62 134.77 119.11 92.71 60.15 26.49 6.01 0.00 0.00 0.00
0.00 0.00 0.00 0.00 0.00 0.00 0.00 1.03 3.99 6.79 7.84 10.65 12.99 19.68 20.47 19.55 18.79 14.83 9.90 4.11 1.05 0.00 0.00 0.00
0.00 0.00 0.00 0.00 0.00 0.00 0.00 1.82 6.38 10.63 13.85 18.96 22.54 26.99 27.12 25.83 27.29 21.30 14.21 6.20 1.44 0.00 0.00 0.00
0.00 0.00 0.00 0.00 0.00 0.00 0.00 0.83 2.92 4.87 6.35 8.69 10.33 12.37 12.43 11.84 12.51 9.76 6.51 2.84 0.66 0.00 0.00 0.00
0.00 0.00 0.00 0.00 0.00 0.00 0.00 1.31 5.04 8.57 10.07 13.62 16.66 24.25 25.20 24.12 22.76 17.98 12.05 5.23 1.34 0.00 0.00 0.00
0.00 0.00 0.00 0.00 0.00 0.00 0.00 0.69 2.39 3.99 5.44 7.42 8.93 9.69 9.95 9.48 9.14 7.19 4.83 2.24 0.54 0.00 0.00 0.00
0.00 0.00 0.00 0.00 0.00 0.00 0.00 3.32 18.52 33.05 54.49 78.34 99.58 116.86 123.45 118.75 108.39 86.59 59.97 29.59 9.33 0.00 0.00 0.00
0.00 0.00 0.00 0.00 0.00 0.00 0.00 3.17 11.81 20.04 29.30 37.85 44.11 47.39 48.01 45.59 40.11 32.41 22.54 11.27 4.14 0.00 0.00 0.00
0.00 0.00 0.00 0.00 0.00 0.00 0.00 0.67 2.60 4.44 6.53 8.46 9.87 10.74 10.98 10.31 9.07 7.25 5.04 2.49 0.91 0.00 0.00 0.00
0.00 0.00 0.00 0.00 0.00 0.00 0.00 0.75 3.02 5.18 7.82 10.28 12.28 13.63 13.65 12.81 11.32 8.95 6.20 3.02 1.06 0.00 0.00 0.00
0.00 0.00 0.00 0.00 0.00 0.00 0.00 1.20 4.83 8.28 12.51 16.45 19.64 21.81 21.84 20.50 18.12 14.32 9.93 4.83 1.69 0.00 0.00 0.00
0.00 0.00 0.00 0.00 0.00 0.00 0.00 12.02 106.70 198.26 305.13 404.65 484.49 521.88 526.73 494.83 427.83 336.03 236.00 130.27 51.60 0.00 0.00 0.00
