0.00 0.00 0.00 0.00 0.00 0.00 0.00 0.00 0.00 0.57 1.77 2.71 3.66 3.87 4.07 3.92 3.31 2.46 1.58 0.46 0.00 0.00 0.00 0.00
0.00 0.00 0.00 0.00 0.00 0.00 0.00 0.00 0.00 4.90 13.61 20.89 26.52 67.34 69.30 66.14 35.80 26.78 16.19 2.16 0.00 0.00 0.00 0.00
0.00 0.00 0.00 0.00 0.00 0.00 0.00 0.00 0.00 13.04 40.55 61.91 83.67 88.61 93.02 89.67 75.59 56.16 36.11 10.61 0.00 0.00 0.00 0.00
0.00 0.00 0.00 0.00 0.00 0.00 0.00 0.00 0.00 46.33 144.13 220.03 297.37 314.90 330.58 318.70 268.63 199.59 128.35 37.71 0.00 0.00 0.00 0.00
0.00 0.00 0.00 0.00 0.00 0.00 0.00 0.00 0.00 0.83 2.64 3.94 4.95 11.25 11.08 10.46 8.47 6.10 3.44 0.13 0.00 0.00 0.00 0.00
0.00 0.00 0.00 0.00 0.00 0.00 0.00 0.00 0.00 95.86 310.27 479.96 650.40 703.11 754.06 728.01 644.84 475.44 307.49 98.12 0.00 0.00 0.00 0.00
0.00 0.00 0.00 0.00 0.00 0.00 0.00 0.00 0.00 1.42 3.37 5.18 6.76 7.71 7.71 7.41 6.08 4.24 2.47 0.21 0.00 0.00 0.00 0.00
0.00 0.00 0.00 0.00 0.00 0.00 0.00 0.00 0.00 0.44 1.53 2.36 3.15 4.06 4.14 4.04 3.37 2.49 1.50 0.17 0.00 0.00 0.00 0.00
0.00 0.00 0.00 0.00 0.00 0.00 0.00 0.00 0.00 0.71 2.45 3.78 5.04 6.50 6.62 6.46 5.40 3.99 2.40 0.28 0.00 0.00 0.00 0.00
0.00 0.00 0.00 0.00 0.00 0.00 0.00 0.00 0.00 0.71 2.45 3.78 5.04 6.50 6.62 6.46 5.40 3.99 2.40 0.28 0.00 0.00 0.00 0.00
0.00 0.00 0.00 0.00 0.00 0.00 0.00 0.00 0.00 2.53 6.30 9.62 13.09 15.56 16.00 15.60 13.58 9.91 6.06 1.29 0.00 0.00 0.00 0.00
0.00 0.00 0.00 0.00 0.00 0.00 0.00 0.00 0.00 1.21 2.99 4.66 6.31 7.50 7.70 7.48 6.49 4.78 2.92 0.61 0.00 0.00 0.00 0.00
0.00 0.00 0.00 0.00 0.00 0.00 0.00 0.00 0.00 1.55 3.85 5.99 8.11 9.64 9.89 9.62 8.35 6.15 3.76 0.79 0.00 0.00 0.00 0.00
0.00 0.00 0.00 0.00 0.00 0.00 0.00 0.00 0.00 1.03 2.57 3.99 5.41 6.43 6.60 6.41 5.57 4.10 2.50 0.53 0.00 0.00 0.00 0.00
0.00 0.00 0.00 0.00 0.00 0.00 0.00 0.00 0.00 1.03 2.57 3.99 5.41 6.43 6.60 6.41 5.57 4.10 2.50 0.53 0.00 0.00 0.00 0.00
0.00 0.00 0.00 0.00 0.00 0.00 0.00 0.00 0.00 8.68 32.00 49.86 64.95 69.29 73.21 70.95 55.21 40.70 25.62 6.03 0.00 0.00 0.00 0.00
0.00 0.00 0.00 0.00 0.00 0.00 0.00 0.00 0.00 7.82 19.27 29.83 40.99 46.50 46.97 45.87 40.21 29.41 17.83 3.61 0.00 0.00 0.00 0.00
0.00 0.00 0.00 0.00 0.00 0.00 0.00 0.00 0.00 6.81 16.89 26.06 34.41 38.29 39.19 37.85 33.59 24.58 14.97 3.01 0.00 0.00 0.00 0.00
0.00 0.00 0.00 0.00 0.00 0.00 0.00 0.00 0.00 28.28 91.52 141.57 191.84 207.39 222.42 214.74 190.21 140.24 90.70 28.94 0.00 0.00 0.00 0.00
0.00 0.00 0.00 0.00 0.00 0.00 0.00 0.00 0.00 26.90 87.06 134.67 182.49 197.28 211.57 204.26 180.93 133.40 86.27 27.53 0.00 0.00 0.00 0.00
0.00 0.00 0.00 0.00 0.00 0.00 0.00 0.00 0.00 51.72 167.41 258.97 350.93 379.38 406.86 392.81 347.94 256.53 165.91 52.94 0.00 0.00 0.00 0.00
0.00 0.00 0.00 0.00 0.00 0.00 0.00 0.00 0.00 50.86 164.62 254.66 345.09 373.05 400.08 386.26 342.14 252.26 163.15 52.06 0.00 0.00 0.00 0.00
0.00 0.00 0.00 0.00 0.00 0.00 0.00 0.00 0.00 57.39 189.86 292.06 394.73 456.90 474.71 460.10 362.67 268.38 172.84 50.94 0.00 0.00 0.00 0.00
0.00 0.00 0.00 0.00 0.00 0.00 0.00 0.00 0.00 0.44 1.53 2.36 3.15 4.06 4.14 4.04 3.37 2.49 1.50 0.17 0.00 0.00 0.00 0.00
0.00 0.00 0.00 0.00 0.00 0.00 0.00 0.00 0.00 2.23 7.75 11.98 15.95 20.58 20.97 20.46 17.08 12.62 7.59 0.88 0.00 0.00 0.00 0.00
0.00 0.00 0.00 0.00 0.00 0.00 0.00 0.00 0.00 11.40 39.54 61.14 81.45 105.06 107.04 104.45 87.22 64.44 38.75 4.49 0.00 0.00 0.00 0.00
0.00 0.00 0.00 0.00 0.00 0.00 0.00 0.00 0.00 1.93 6.25 9.67 13.10 14.16 15.19 14.66 12.99 9.58 6.19 1.98 0.00 0.00 0.00 0.00
0.00 0.00 0.00 0.00 0.00 0.00 0.00 0.00 0.00 45.61 141.88 216.60 292.73 310.00 325.43 313.73 264.44 196.48 126.35 37.12 0.00 0.00 0.00 0.00
0.00 0.00 0.00 0.00 0.00 0.00 0.00 0.00 0.00 3.97 10.66 16.12 21.86 24.95 26.72 25.76 22.73 17.49 11.11 2.49 0.00 0.00 0.00 0.00
0.00 0.00 0.00 0.00 0.00 0.00 0.00 0.00 0.00 25.96 76.13 113.70 147.51 163.06 166.01 159.46 131.83 97.40 60.49 11.11 0.00 0.00 0.00 0.00
0.00 0.00 0.00 0.00 0.00 0.00 0.00 0.00 0.00 0.76 2.36 3.61 4.88 5.17 5.42 5.23 4.41 3.27 2.11 0.62 0.00 0.00 0.00 0.00
0.00 0.00 0.00 0.00 0.00 0.00 0.00 0.00 0.00 34.21 106.41 162.45 219.55 232.50 244.07 235.30 198.33 147.36 94.76 27.84 0.00 0.00 0.00 0.00
0.00 0.00 0.00 0.00 0.00 0.00 0.00 0.00 0.00 43.90 136.56 208.48 281.76 298.37 313.23 301.96 254.52 189.11 121.61 35.73 0.00 0.00 0.00 0.00
0.00 0.00 0.00 0.00 0.00 0.00 0.00 0.00 0.00 75.68 250.37 385.15 520.55 602.54 626.03 606.76 478.27 353.93 227.94 67.18 0.00 0.00 0.00 0.00
0.00 0.00 0.00 0.00 0.00 0.00 0.00 0.00 0.00 1.83 4.61 7.29 9.97 11.79 12.38 11.97 10.28 7.61 4.70 0.99 0.00 0.00 0.00 0.00
0.00 0.00 0.00 0.00 0.00 0.00 0.00 0.00 0.00 2.29 5.76 9.18 12.51 14.67 15.45 14.95 12.75 9.40 5.79 1.24 0.00 0.00 0.00 0.00
0.00 0.00 0.00 0.00 0.00 0.00 0.00 0.00 0.00 16.38 43.98 66.50 90.18 102.93 110.20 106.27 93.76 72.16 45.83 10.26 0.00 0.00 0.00 0.00
0.00 0.00 0.00 0.00 0.00 0.00 0.00 0.00 0.00 39.08 163.49 261.97 363.87 445.89 476.15 458.09 399.01 302.07 196.74 43.12 0.00 0.00 0.00 0.00
0.00 0.00 0.00 0.00 0.00 0.00 0.00 0.00 0.00 0.62 1.51 2.35 3.20 3.69 3.73 3.55 3.12 2.30 1.38 0.26 0.00 0.00 0.00 0.00
0.00 0.00 0.00 0.00 0.00 0.00 0.00 0.00 0.00 12.05 37.01 55.94 75.63 83.05 86.24 82.76 66.10 48.42 30.71 8.59 0.00 0.00 0.00 0.00
0.00 0.00 0.00 0.00 0.00 0.00 0.00 0.00 0.00 3.29 11.63 18.39 25.71 28.93 30.92 29.19 24.53 18.26 11.63 4.13 0.00 0.00 0.00 0.00
0.00 0.00 0.00 0.00 0.00 0.00 0.00 0.00 0.00 1.64 3.85 5.77 7.44 8.58 8.75 8.27 7.01 4.94 2.84 0.23 0.00 0.00 0.00 0.00
0.00 0.00 0.00 0.00 0.00 0.00 0.00 0.00 0.00 0.82 1.93 2.88 3.72 4.29 4.38 4.13 3.51 2.47 1.42 0.11 0.00 0.00 0.00 0.00
0.00 0.00 0.00 0.00 0.00 0.00 0.00 0.00 0.00 1.80 4.21 6.31 8.13 9.39 9.58 9.04 7.67 5.41 3.11 0.25 0.00 0.00 0.00 0.00
0.00 0.00 0.00 0.00 0.00 0.00 0.00 0.00 0.00 2.19 5.03 7.59 9.87 11.46 11.64 11.11 9.13 6.44 3.72 0.33 0.00 0.00 0.00 0.00
0.00 0.00 0.00 0.00 0.00 0.00 0.00 0.00 0.00 3.34 7.67 11.57 15.04 17.46 17.73 16.93 13.91 9.81 5.67 0.50 0.00 0.00 0.00 0.00
0.00 0.00 0.00 0.00 0.00 0.00 0.00 0.00 0.00 2.89 6.87 10.47 13.66 15.58 15.60 15.06 12.29 8.51 4.96 0.47 0.00 0.00 0.00 0.00
0.00 0.00 0.00 0.00 0.00 0.00 0.00 0.00 0.00 2.23 6.18 9.22 12.04 13.42 13.53 12.77 10.60 7.65 4.64 0.65 0.00 0.00 0.00 0.00
0.00 0.00 0.00 0.00 0.00 0.00 0.00 0.00 0.00 5.75 15.97 23.82 31.12 34.68 34.96 32.99 27.38 19.76 11.99 1.69 0.00 0.00 0.00 0.00
0.00 0.00 0.00 0.00 0.00 0.00 0.00 0.00 0.00 1.42 3.98 5.98 7.86 8.56 8.66 8.24 7.16 5.29 3.24 0.55 0.00 0.00 0.00 0.00
0.00 0.00 0.00 0.00 0.00 0.00 0.00 0.00 0.00 2.77 6.67 10.43 13.60 15.88 16.41 15.82 13.39 9.70 5.74 0.92 0.00 0.00 0.00 0.00
0.00 0.00 0.00 0.00 0.00 0.00 0.00 0.00 0.00 5.19 12.14 18.71 24.39 28.13 28.52 27.48 22.57 16.28 9.58 1.42 0.00 0.00 0.00 0.00
0.00 0.00 0.00 0.00 0.00 0.00 0.00 0.00 0.00 0.27 1.21 1.76 2.18 3.37 3.34 3.20 2.74 1.99 1.12 0.05 0.00 0.00 0.00 0.00
0.00 0.00 0.00 0.00 0.00 0.00 0.00 0.00 0.00 1.73 8.32 12.74 16.11 20.46 20.40 19.83 16.09 11.55 6.72 0.49 0.00 0.00 0.00 0.00
0.00 0.00 0.00 0.00 0.00 0.00 0.00 0.00 0.00 1.06 4.96 7.54 9.34 13.15 13.28 12.74 10.51 7.48 4.29 0.27 0.00 0.00 0.00 0.00
0.00 0.00 0.00 0.00 0.00 0.00 0.00 0.00 0.00 1.46 6.85 10.41 12.89 18.15 18.33 17.58 14.51 10.33 5.92 0.38 0.00 0.00 0.00 0.00
0.00 0.00 0.00 0.00 0.00 0.00 0.00 0.00 0.00 1.00 4.67 7.09 8.78 12.37 12.49 11.98 9.88 7.04 4.03 0.26 0.00 0.00 0.00 0.00
0.00 0.00 0.00 0.00 0.00 0.00 0.00 0.00 0.00 0.92 4.44 6.79 8.59 10.91 10.88 10.58 8.58 6.16 3.58 0.26 0.00 0.00 0.00 0.00
0.00 0.00 0.00 0.00 0.00 0.00 0.00 0.00 0.00 0.79 2.67 4.02 4.90 9.91 9.92 9.26 7.62 5.53 3.13 0.15 0.00 0.00 0.00 0.00
0.00 0.00 0.00 0.00 0.00 0.00 0.00 0.00 0.00 1.26 4.38 6.78 9.03 11.64 11.86 11.58 9.67 7.14 4.29 0.50 0.00 0.00 0.00 0.00
0.00 0.00 0.00 0.00 0.00 0.00 0.00 0.00 0.00 11.29 41.65 64.90 84.54 90.19 95.29 92.35 71.86 52.97 33.35 7.85 0.00 0.00 0.00 0.00
0.00 0.00 0.00 0.00 0.00 0.00 0.00 0.00 0.00 2.87 7.14 10.90 14.84 17.63 18.13 17.68 15.39 11.23 6.87 1.46 0.00 0.00 0.00 0.00
0.00 0.00 0.00 0.00 0.00 0.00 0.00 0.00 0.00 4.22 10.37 16.55 22.14 25.98 26.20 25.95 22.23 16.09 9.68 1.74 0.00 0.00 0.00 0.00
0.00 0.00 0.00 0.00 0.00 0.00 0.00 0.00 0.00 1.93 4.75 7.59 10.15 11.91 12.01 11.89 10.19 7.37 4.44 0.80 0.00 0.00 0.00 0.00
0.00 0.00 0.00 0.00 0.00 0.00 0.00 0.00 0.00 3.55 8.81 13.38 18.30 21.66 22.20 21.52 18.81 13.78 8.42 1.77 0.00 0.00 0.00 0.00
0.00 0.00 0.00 0.00 0.00 0.00 0.00 0.00 0.00 1.51 3.67 5.70 7.77 8.97 9.05 8.63 7.59 5.59 3.36 0.62 0.00 0.00 0.00 0.00
0.00 0.00 0.00 0.00 0.00 0.00 0.00 0.00 0.00 16.96 45.53 68.85 93.36 106.56 114.10 110.03 97.08 74.71 47.45 10.63 0.00 0.00 0.00 0.00
0.00 0.00 0.00 0.00 0.00 0.00 0.00 0.00 0.00 6.21 18.21 27.19 35.27 38.99 39.70 38.13 31.53 23.29 14.46 2.66 0.00 0.00 0.00 0.00
0.00 0.00 0.00 0.00 0.00 0.00 0.00 0.00 0.00 1.40 4.03 6.05 7.95 8.47 8.70 8.40 7.04 5.15 3.21 0.64 0.00 0.00 0.00 0.00
0.00 0.00 0.00 0.00 0.00 0.00 0.00 0.00 0.00 1.74 4.88 7.38 9.54 10.57 10.87 10.39 9.05 6.75 4.21 0.77 0.00 0.00 0.00 0.00
0.00 0.00 0.00 0.00 0.00 0.00 0.00 0.00 0.00 2.79 7.81 11.80 15.26 16.92 17.39 16.62 14.48 10.81 6.74 1.23 0.00 0.00 0.00 0.00
0.00 0.00 0.00 0.00 0.00 0.00 0.00 0.00 0.00 52.59 170.20 263.29 356.78 385.70 413.65 399.36 353.74 260.81 168.68 53.83 0.00 0.00 0.00 0.00
