0.00 0.00 0.00 0.00 0.00 0.00 0.00 0.00 0.00 0.11 1.06 1.81 2.58 3.00 3.13 2.95 2.47 1.67 0.83 0.00 0.00 0.00 0.00 0.00
0.00 0.00 0.00 0.00 0.00 0.00 0.00 0.00 0.00 7.24 22.84 34.59 45.16 49.42 49.70 47.17 38.33 25.99 11.96 0.00 0.00 0.00 0.00 0.00
0.00 0.00 0.00 0.00 0.00 0.00 0.00 0.00 0.00 2.57 24.21 41.44 58.97 68.56 71.65 67.49 56.57 38.22 19.06 0.00 0.00 0.00 0.00 0.00
0.00 0.00 0.00 0.00 0.00 0.00 0.00 0.00 0.00 9.13 86.05 147.26 209.58 243.67 254.64 239.85 201.05 135.82 67.73 0.00 0.00 0.00 0.00 0.00
0.00 0.00 0.00 0.00 0.00 0.00 0.00 0.00 0.00 1.32 3.82 5.64 7.25 8.33 8.40 7.56 6.01 3.96 1.47 0.00 0.00 0.00 0.00 0.00
0.00 0.00 0.00 0.00 0.00 0.00 0.00 0.00 0.00 17.31 180.25 311.88 449.12 574.89 601.42 561.77 464.86 318.93 167.69 0.00 0.00 0.00 0.00 0.00
0.00 0.00 0.00 0.00 0.00 0.00 0.00 0.00 0.00 0.56 2.16 3.37 4.53 5.22 5.31 4.81 3.81 2.54 0.95 0.00 0.00 0.00 0.00 0.00
0.00 0.00 0.00 0.00 0.00 0.00 0.00 0.00 0.00 0.38 1.24 1.87 2.44 2.81 2.92 2.72 2.25 1.52 0.68 0.00 0.00 0.00 0.00 0.00
0.00 0.00 0.00 0.00 0.00 0.00 0.00 0.00 0.00 0.61 1.98 2.99 3.91 4.49 4.67 4.35 3.60 2.44 1.08 0.00 0.00 0.00 0.00 0.00
0.00 0.00 0.00 0.00 0.00 0.00 0.00 0.00 0.00 0.61 1.98 2.99 3.91 4.49 4.67 4.35 3.60 2.44 1.08 0.00 0.00 0.00 0.00 0.00
0.00 0.00 0.00 0.00 0.00 0.00 0.00 0.00 0.00 1.17 4.44 6.87 9.36 11.07 11.53 10.89 8.73 6.04 2.75 0.00 0.00 0.00 0.00 0.00
0.00 0.00 0.00 0.00 0.00 0.00 0.00 0.00 0.00 0.56 2.08 3.20 4.42 5.26 5.41 5.10 4.23 2.88 1.31 0.00 0.00 0.00 0.00 0.00
0.00 0.00 0.00 0.00 0.00 0.00 0.00 0.00 0.00 0.72 2.67 4.11 5.68 6.76 6.96 6.55 5.44 3.70 1.69 0.00 0.00 0.00 0.00 0.00
0.00 0.00 0.00 0.00 0.00 0.00 0.00 0.00 0.00 0.48 1.78 2.74 3.79 4.50 4.64 4.37 3.63 2.47 1.13 0.00 0.00 0.00 0.00 0.00
0.00 0.00 0.00 0.00 0.00 0.00 0.00 0.00 0.00 0.48 1.78 2.74 3.79 4.50 4.64 4.37 3.63 2.47 1.13 0.00 0.00 0.00 0.00 0.00
0.00 0.00 0.00 0.00 0.00 0.00 0.00 0.00 0.00 6.85 24.81 38.14 53.42 65.88 68.70 65.43 55.08 37.58 19.14 0.00 0.00 0.00 0.00 0.00
0.00 0.00 0.00 0.00 0.00 0.00 0.00 0.00 0.00 3.68 13.95 21.52 28.81 33.33 34.77 32.56 25.95 17.51 7.79 0.00 0.00 0.00 0.00 0.00
0.00 0.00 0.00 0.00 0.00 0.00 0.00 0.00 0.00 2.90 12.21 19.09 25.55 28.86 29.62 27.69 21.68 14.95 6.65 0.00 0.00 0.00 0.00 0.00
0.00 0.00 0.00 0.00 0.00 0.00 0.00 0.00 0.00 5.11 53.17 91.99 132.47 169.57 177.40 165.70 137.12 94.07 49.46 0.00 0.00 0.00 0.00 0.00
0.00 0.00 0.00 0.00 0.00 0.00 0.00 0.00 0.00 4.86 50.57 87.51 126.01 161.30 168.75 157.62 130.43 89.48 47.05 0.00 0.00 0.00 0.00 0.00
0.00 0.00 0.00 0.00 0.00 0.00 0.00 0.00 0.00 9.34 97.26 168.28 242.33 310.19 324.51 303.11 250.83 172.08 90.48 0.00 0.00 0.00 0.00 0.00
0.00 0.00 0.00 0.00 0.00 0.00 0.00 0.00 0.00 9.19 95.64 165.48 238.29 305.02 319.10 298.06 246.65 169.22 88.97 0.00 0.00 0.00 0.00 0.00
0.00 0.00 0.00 0.00 0.00 0.00 0.00 0.00 0.00 8.05 106.70 186.68 265.09 315.00 327.01 306.10 257.16 174.20 85.99 0.00 0.00 0.00 0.00 0.00
0.00 0.00 0.00 0.00 0.00 0.00 0.00 0.00 0.00 0.38 1.24 1.87 2.44 2.81 2.92 2.72 2.25 1.52 0.68 0.00 0.00 0.00 0.00 0.00
0.00 0.00 0.00 0.00 0.00 0.00 0.00 0.00 0.00 1.94 6.28 9.48 12.37 14.22 14.79 13.77 11.41 7.71 3.43 0.00 0.00 0.00 0.00 0.00
0.00 0.00 0.00 0.00 0.00 0.00 0.00 0.00 0.00 9.91 32.06 48.38 63.17 72.59 75.51 70.29 58.26 39.38 17.54 0.00 0.00 0.00 0.00 0.00
0.00 0.00 0.00 0.00 0.00 0.00 0.00 0.00 0.00 0.35 3.63 6.28 9.05 11.58 12.12 11.32 9.36 6.42 3.38 0.00 0.00 0.00 0.00 0.00
0.00 0.00 0.00 0.00 0.00 0.00 0.00 0.00 0.00 8.98 84.71 144.96 206.31 239.87 250.67 236.11 197.92 133.71 66.67 0.00 0.00 0.00 0.00 0.00
0.00 0.00 0.00 0.00 0.00 0.00 0.00 0.00 0.00 1.37 6.84 10.99 14.96 17.41 18.75 17.96 15.41 11.29 5.63 0.00 0.00 0.00 0.00 0.00
0.00 0.00 0.00 0.00 0.00 0.00 0.00 0.00 0.00 6.12 42.98 72.01 100.32 113.82 116.16 107.75 91.03 62.92 28.08 0.00 0.00 0.00 0.00 0.00
0.00 0.00 0.00 0.00 0.00 0.00 0.00 0.00 0.00 0.15 1.41 2.42 3.44 4.00 4.18 3.94 3.30 2.23 1.11 0.00 0.00 0.00 0.00 0.00
0.00 0.00 0.00 0.00 0.00 0.00 0.00 0.00 0.00 6.74 63.53 108.72 154.74 179.90 188.00 177.08 148.44 100.28 50.00 0.00 0.00 0.00 0.00 0.00
0.00 0.00 0.00 0.00 0.00 0.00 0.00 0.00 0.00 8.65 81.53 139.53 198.58 230.87 241.27 227.26 190.49 128.69 64.17 0.00 0.00 0.00 0.00 0.00
0.00 0.00 0.00 0.00 0.00 0.00 0.00 0.00 0.00 10.62 140.71 246.18 349.59 415.41 431.25 403.67 339.13 229.73 113.40 0.00 0.00 0.00 0.00 0.00
0.00 0.00 0.00 0.00 0.00 0.00 0.00 0.00 0.00 0.83 3.12 4.83 6.74 8.27 8.82 8.21 6.80 4.64 2.18 0.00 0.00 0.00 0.00 0.00
0.00 0.00 0.00 0.00 0.00 0.00 0.00 0.00 0.00 1.05 3.93 6.08 8.50 10.34 10.92 10.23 8.44 5.74 2.68 0.00 0.00 0.00 0.00 0.00
0.00 0.00 0.00 0.00 0.00 0.00 0.00 0.00 0.00 5.67 28.21 45.34 61.71 71.83 77.33 74.09 63.56 46.59 23.24 0.00 0.00 0.00 0.00 0.00
0.00 0.00 0.00 0.00 0.00 0.00 0.00 0.00 0.00 0.00 91.79 175.68 249.31 311.25 333.05 314.53 258.03 176.77 86.49 0.00 0.00 0.00 0.00 0.00
0.00 0.00 0.00 0.00 0.00 0.00 0.00 0.00 0.00 0.30 1.10 1.69 2.28 2.61 2.70 2.54 2.00 1.36 0.59 0.00 0.00 0.00 0.00 0.00
0.00 0.00 0.00 0.00 0.00 0.00 0.00 0.00 0.00 2.55 21.51 36.58 51.62 60.58 62.08 57.52 48.81 33.40 15.98 0.00 0.00 0.00 0.00 0.00
0.00 0.00 0.00 0.00 0.00 0.00 0.00 0.00 0.00 0.38 6.21 10.98 15.82 20.43 21.97 20.56 16.08 11.34 6.29 0.25 0.00 0.00 0.00 0.00
0.00 0.00 0.00 0.00 0.00 0.00 0.00 0.00 0.00 0.67 2.54 3.93 5.25 5.99 5.95 5.40 4.25 2.81 1.01 0.00 0.00 0.00 0.00 0.00
0.00 0.00 0.00 0.00 0.00 0.00 0.00 0.00 0.00 0.34 1.27 1.97 2.63 2.99 2.98 2.70 2.13 1.41 0.50 0.00 0.00 0.00 0.00 0.00
0.00 0.00 0.00 0.00 0.00 0.00 0.00 0.00 0.00 0.74 2.78 4.30 5.74 6.55 6.51 5.91 4.65 3.08 1.10 0.00 0.00 0.00 0.00 0.00
0.00 0.00 0.00 0.00 0.00 0.00 0.00 0.00 0.00 0.92 3.33 5.14 6.79 7.94 8.01 7.38 5.83 3.88 1.43 0.00 0.00 0.00 0.00 0.00
0.00 0.00 0.00 0.00 0.00 0.00 0.00 0.00 0.00 1.40 5.08 7.83 10.35 12.11 12.20 11.25 8.89 5.91 2.18 0.00 0.00 0.00 0.00 0.00
0.00 0.00 0.00 0.00 0.00 0.00 0.00 0.00 0.00 1.14 4.41 6.87 9.38 10.81 10.79 9.75 7.79 5.20 1.96 0.00 0.00 0.00 0.00 0.00
0.00 0.00 0.00 0.00 0.00 0.00 0.00 0.00 0.00 0.56 3.44 5.68 7.84 8.96 9.06 8.51 7.14 4.86 2.01 0.00 0.00 0.00 0.00 0.00
0.00 0.00 0.00 0.00 0.00 0.00 0.00 0.00 0.00 1.45 8.90 14.68 20.25 23.15 23.39 21.98 18.45 12.55 5.20 0.00 0.00 0.00 0.00 0.00
0.00 0.00 0.00 0.00 0.00 0.00 0.00 0.00 0.00 0.42 2.43 4.00 5.48 6.12 6.18 5.80 4.73 3.25 1.41 0.00 0.00 0.00 0.00 0.00
0.00 0.00 0.00 0.00 0.00 0.00 0.00 0.00 0.00 1.42 5.01 7.61 10.03 11.67 11.96 11.19 8.81 5.96 2.48 0.00 0.00 0.00 0.00 0.00
0.00 0.00 0.00 0.00 0.00 0.00 0.00 0.00 0.00 2.28 8.08 12.43 16.85 20.14 20.58 18.77 15.10 10.20 4.08 0.00 0.00 0.00 0.00 0.00
0.00 0.00 0.00 0.00 0.00 0.00 0.00 0.00 0.00 0.38 1.12 1.65 2.10 2.48 2.49 2.28 1.86 1.23 0.45 0.00 0.00 0.00 0.00 0.00
0.00 0.00 0.00 0.00 0.00 0.00 0.00 0.00 0.00 2.12 6.38 9.49 12.48 14.79 14.78 13.43 10.74 7.21 2.91 0.00 0.00 0.00 0.00 0.00
0.00 0.00 0.00 0.00 0.00 0.00 0.00 0.00 0.00 1.49 4.09 6.10 7.89 9.47 9.50 8.62 7.19 4.75 1.84 0.00 0.00 0.00 0.00 0.00
0.00 0.00 0.00 0.00 0.00 0.00 0.00 0.00 0.00 2.06 5.64 8.42 10.89 13.07 13.11 11.89 9.93 6.56 2.54 0.00 0.00 0.00 0.00 0.00
0.00 0.00 0.00 0.00 0.00 0.00 0.00 0.00 0.00 1.40 3.84 5.74 7.42 8.90 8.93 8.10 6.76 4.47 1.73 0.00 0.00 0.00 0.00 0.00
0.00 0.00 0.00 0.00 0.00 0.00 0.00 0.00 0.00 1.13 3.40 5.06 6.66 7.89 7.88 7.16 5.73 3.84 1.55 0.00 0.00 0.00 0.00 0.00
0.00 0.00 0.00 0.00 0.00 0.00 0.00 0.00 0.00 1.21 3.49 5.19 6.55 7.41 7.55 6.81 5.49 3.64 1.37 0.00 0.00 0.00 0.00 0.00
0.00 0.00 0.00 0.00 0.00 0.00 0.00 0.00 0.00 1.10 3.55 5.36 7.00 8.04 8.37 7.79 6.46 4.36 1.94 0.00 0.00 0.00 0.00 0.00
0.00 0.00 0.00 0.00 0.00 0.00 0.00 0.00 0.00 8.91 32.30 49.64 69.52 85.75 89.42 85.17 71.69 48.91 24.91 0.00 0.00 0.00 0.00 0.00
0.00 0.00 0.00 0.00 0.00 0.00 0.00 0.00 0.00 1.32 5.04 7.79 10.61 12.54 13.06 12.34 9.89 6.84 3.12 0.00 0.00 0.00 0.00 0.00
0.00 0.00 0.00 0.00 0.00 0.00 0.00 0.00 0.00 2.18 7.65 11.65 15.89 18.04 18.38 17.26 14.58 9.94 4.35 0.00 0.00 0.00 0.00 0.00
0.00 0.00 0.00 0.00 0.00 0.00 0.00 0.00 0.00 1.00 3.50 5.34 7.28 8.27 8.42 7.91 6.68 4.55 1.99 0.00 0.00 0.00 0.00 0.00
0.00 0.00 0.00 0.00 0.00 0.00 0.00 0.00 0.00 1.64 6.28 9.72 13.15 15.47 16.06 15.17 11.97 8.34 3.79 0.00 0.00 0.00 0.00 0.00
0.00 0.00 0.00 0.00 0.00 0.00 0.00 0.00 0.00 0.72 2.68 4.11 5.53 6.34 6.56 6.16 4.87 3.31 1.44 0.00 0.00 0.00 0.00 0.00
0.00 0.00 0.00 0.00 0.00 0.00 0.00 0.00 0.00 5.87 29.21 46.94 63.89 74.37 80.06 76.71 65.81 48.24 24.07 0.00 0.00 0.00 0.00 0.00
0.00 0.00 0.00 0.00 0.00 0.00 0.00 0.00 0.00 1.46 10.28 17.22 23.99 27.22 27.78 25.77 21.77 15.04 6.71 0.00 0.00 0.00 0.00 0.00
0.00 0.00 0.00 0.00 0.00 0.00 0.00 0.00 0.00 0.36 2.38 3.97 5.50 6.39 6.49 6.01 4.98 3.44 1.56 0.00 0.00 0.00 0.00 0.00
0.00 0.00 0.00 0.00 0.00 0.00 0.00 0.00 0.00 0.50 2.99 4.93 6.82 8.10 8.39 7.81 6.35 4.34 2.00 0.00 0.00 0.00 0.00 0.00
0.00 0.00 0.00 0.00 0.00 0.00 0.00 0.00 0.00 0.80 4.78 7.89 10.92 12.97 13.42 12.49 10.15 6.95 3.20 0.00 0.00 0.00 0.00 0.00
0.00 0.00 0.00 0.00 0.00 0.00 0.00 0.00 0.00 9.50 98.88 171.09 246.37 315.36 329.92 308.17 255.01 174.95 91.99 0.00 0.00 0.00 0.00 0.00
