0.00 0.00 0.00 0.00 0.00 0.00 0.00 0.00 0.54 1.35 2.02 2.74 3.25 4.65 4.66 4.47 3.99 3.21 2.17 0.87 0.14 0.00 0.00 0.00
0.00 0.00 0.00 0.00 0.00 0.00 0.00 0.00 14.78 31.56 50.57 64.69 75.42 67.15 66.53 61.81 56.49 42.81 27.63 8.99 0.00 0.00 0.00 0.00
0.00 0.00 0.00 0.00 0.00 0.00 0.00 0.00 12.27 30.97 46.23 62.67 74.36 106.27 106.46 102.12 91.21 73.48 49.62 19.95 3.21 0.00 0.00 0.00
0.00 0.00 0.00 0.00 0.00 0.00 0.00 0.00 43.60 110.07 164.28 222.73 264.26 377.67 378.34 362.92 324.15 261.14 176.36 70.89 11.42 0.00 0.00 0.00
0.00 0.00 0.00 0.00 0.00 0.00 0.00 0.06 3.02 5.79 8.62 10.91 12.34 11.25 10.93 9.99 7.05 5.34 3.26 0.61 0.00 0.00 0.00 0.00
0.00 0.00 0.00 0.00 0.00 0.00 0.00 0.00 87.34 237.88 443.31 605.84 735.21 822.45 851.30 843.42 771.98 620.15 414.63 177.42 33.96 0.00 0.00 0.00
0.00 0.00 0.00 0.00 0.00 0.00 0.00 0.00 1.45 2.92 5.18 6.77 7.87 8.78 8.64 8.05 5.75 4.33 2.72 0.94 0.00 0.00 0.00 0.00
0.00 0.00 0.00 0.00 0.00 0.00 0.00 0.00 0.89 1.87 2.86 3.75 4.36 3.32 3.22 3.04 3.78 2.88 1.84 0.59 0.00 0.00 0.00 0.00
0.00 0.00 0.00 0.00 0.00 0.00 0.00 0.00 1.42 2.99 4.58 6.00 6.97 5.31 5.15 4.87 6.05 4.61 2.95 0.94 0.00 0.00 0.00 0.00
0.00 0.00 0.00 0.00 0.00 0.00 0.00 0.00 1.42 2.99 4.58 6.00 6.97 5.31 5.15 4.87 6.05 4.61 2.95 0.94 0.00 0.00 0.00 0.00
0.00 0.00 0.00 0.00 0.00 0.00 0.00 0.00 3.23 7.02 11.60 15.57 18.12 19.59 19.49 18.27 16.58 12.77 7.90 2.48 0.00 0.00 0.00 0.00
0.00 0.00 0.00 0.00 0.00 0.00 0.00 0.00 1.52 3.28 5.43 7.29 8.46 9.26 9.20 8.56 7.91 6.12 3.78 1.16 0.00 0.00 0.00 0.00
0.00 0.00 0.00 0.00 0.00 0.00 0.00 0.00 1.95 4.22 6.98 9.38 10.88 11.91 11.83 11.01 10.17 7.87 4.86 1.50 0.00 0.00 0.00 0.00
0.00 0.00 0.00 0.00 0.00 0.00 0.00 0.00 1.30 2.81 4.65 6.25 7.25 7.94 7.89 7.34 6.78 5.24 3.24 1.00 0.00 0.00 0.00 0.00
0.00 0.00 0.00 0.00 0.00 0.00 0.00 0.00 1.30 2.81 4.65 6.25 7.25 7.94 7.89 7.34 6.78 5.24 3.24 1.00 0.00 0.00 0.00 0.00
0.00 0.00 0.00 0.00 0.00 0.00 0.00 0.00 16.02 37.81 62.86 83.82 97.91 95.74 95.09 89.04 68.09 51.89 33.24 13.81 0.00 0.00 0.00 0.00
0.00 0.00 0.00 0.00 0.00 0.00 0.00 0.00 9.97 21.30 33.53 45.11 52.61 59.08 58.76 54.21 46.16 35.52 22.29 7.18 0.00 0.00 0.00 0.00
0.00 0.00 0.00 0.00 0.00 0.00 0.00 0.00 8.35 18.01 29.58 39.81 45.94 49.79 49.48 46.25 32.46 25.09 15.74 6.45 0.00 0.00 0.00 0.00
0.00 0.00 0.00 0.00 0.00 0.00 0.00 0.00 25.76 70.17 130.76 178.70 216.86 242.59 251.10 248.78 227.71 182.92 122.30 52.33 10.02 0.00 0.00 0.00
0.00 0.00 0.00 0.00 0.00 0.00 0.00 0.00 24.51 66.74 124.38 169.98 206.28 230.76 238.85 236.64 216.60 174.00 116.34 49.78 9.53 0.00 0.00 0.00
0.00 0.00 0.00 0.00 0.00 0.00 0.00 0.00 47.13 128.35 239.20 326.89 396.70 443.77 459.33 455.08 416.53 334.61 223.72 95.73 18.32 0.00 0.00 0.00
0.00 0.00 0.00 0.00 0.00 0.00 0.00 0.00 46.34 126.21 235.21 321.44 390.08 436.37 451.68 447.50 409.59 329.04 219.99 94.14 18.02 0.00 0.00 0.00
0.00 0.00 0.00 0.00 0.00 0.00 0.00 0.00 45.27 114.82 152.29 210.16 256.06 418.62 428.68 408.28 424.90 330.78 221.36 99.85 18.21 0.00 0.00 0.00
0.00 0.00 0.00 0.00 0.00 0.00 0.00 0.00 0.89 1.87 2.86 3.75 4.36 3.32 3.22 3.04 3.78 2.88 1.84 0.59 0.00 0.00 0.00 0.00
0.00 0.00 0.00 0.00 0.00 0.00 0.00 0.00 4.50 9.45 14.50 18.99 22.09 16.82 16.30 15.41 19.17 14.61 9.33 2.99 0.00 0.00 0.00 0.00
0.00 0.00 0.00 0.00 0.00 0.00 0.00 0.00 22.96 48.26 74.04 96.94 112.75 85.86 83.24 78.69 97.85 74.57 47.61 15.24 0.00 0.00 0.00 0.00
0.00 0.00 0.00 0.00 0.00 0.00 0.00 0.00 1.76 4.79 8.93 12.20 14.81 16.57 17.15 16.99 15.55 12.49 8.35 3.57 0.68 0.00 0.00 0.00
0.00 0.00 0.00 0.00 0.00 0.00 0.00 0.00 42.92 108.35 161.72 219.26 260.15 371.79 372.44 357.26 319.09 257.07 173.61 69.78 11.25 0.00 0.00 0.00
0.00 0.00 0.00 0.00 0.00 0.00 0.00 0.00 4.25 10.20 17.23 23.73 28.35 31.19 30.81 28.83 25.74 20.10 13.04 4.69 0.29 0.00 0.00 0.00
0.00 0.00 0.00 0.00 0.00 0.00 0.00 0.00 24.97 56.70 95.91 131.09 155.74 174.08 174.53 164.03 149.83 118.05 78.54 31.67 3.13 0.00 0.00 0.00
0.00 0.00 0.00 0.00 0.00 0.00 0.00 0.00 0.72 1.81 2.70 3.65 4.34 6.20 6.21 5.95 5.32 4.28 2.89 1.16 0.19 0.00 0.00 0.00
0.00 0.00 0.00 0.00 0.00 0.00 0.00 0.00 32.19 81.26 121.29 164.44 195.11 278.84 279.33 267.95 239.32 192.80 130.21 52.34 8.43 0.00 0.00 0.00
0.00 0.00 0.00 0.00 0.00 0.00 0.00 0.00 41.31 104.29 155.66 211.03 250.39 357.84 358.48 343.87 307.13 247.43 167.10 67.17 10.82 0.00 0.00 0.00
0.00 0.00 0.00 0.00 0.00 0.00 0.00 0.00 59.70 151.42 200.84 277.15 337.68 552.06 565.32 538.42 560.34 436.22 291.91 131.68 24.01 0.00 0.00 0.00
0.00 0.00 0.00 0.00 0.00 0.00 0.00 0.00 2.25 4.97 8.48 11.43 13.29 14.73 14.62 13.53 12.25 9.14 5.93 1.88 0.00 0.00 0.00 0.00
0.00 0.00 0.00 0.00 0.00 0.00 0.00 0.00 2.86 6.30 10.69 14.40 16.76 18.56 18.45 17.09 15.45 11.58 7.40 2.31 0.00 0.00 0.00 0.00
0.00 0.00 0.00 0.00 0.00 0.00 0.00 0.00 17.53 42.10 71.06 97.88 116.95 128.66 127.08 118.91 106.20 82.93 53.78 19.36 1.19 0.00 0.00 0.00
0.00 0.00 0.00 0.00 0.00 0.00 0.00 0.00 57.71 151.76 268.25 373.23 455.55 504.77 509.38 474.19 436.96 347.11 235.85 111.47 28.66 0.00 0.00 0.00
0.00 0.00 0.00 0.00 0.00 0.00 0.00 0.00 0.78 1.64 2.37 3.16 3.65 4.32 4.32 4.02 3.33 2.48 1.60 0.54 0.00 0.00 0.00 0.00
0.00 0.00 0.00 0.00 0.00 0.00 0.00 0.00 10.49 25.39 38.23 52.26 63.24 93.87 94.56 89.81 78.47 61.16 41.25 16.87 2.32 0.00 0.00 0.00
0.00 0.00 0.00 0.00 0.00 0.00 0.00 0.00 2.84 8.63 15.77 22.18 26.82 30.24 30.85 29.84 27.82 21.55 14.97 6.99 1.62 0.00 0.00 0.00
0.00 0.00 0.00 0.00 0.00 0.00 0.00 0.00 1.99 3.92 6.23 8.17 9.43 9.71 9.64 9.00 5.96 4.54 2.81 1.00 0.00 0.00 0.00 0.00
0.00 0.00 0.00 0.00 0.00 0.00 0.00 0.00 0.99 1.96 3.11 4.08 4.72 4.86 4.82 4.50 2.98 2.27 1.40 0.50 0.00 0.00 0.00 0.00
0.00 0.00 0.00 0.00 0.00 0.00 0.00 0.00 2.17 4.29 6.81 8.93 10.32 10.62 10.54 9.84 6.52 4.97 3.07 1.10 0.00 0.00 0.00 0.00
0.00 0.00 0.00 0.00 0.00 0.00 0.00 0.00 2.39 4.74 7.85 10.23 11.96 13.14 12.86 12.05 7.79 5.87 3.63 1.25 0.00 0.00 0.00 0.00
0.00 0.00 0.00 0.00 0.00 0.00 0.00 0.00 3.64 7.23 11.97 15.59 18.22 20.03 19.60 18.36 11.87 8.94 5.53 1.90 0.00 0.00 0.00 0.00
0.00 0.00 0.00 0.00 0.00 0.00 0.00 0.00 2.77 5.58 10.38 13.44 15.68 17.65 17.26 16.17 11.93 9.07 5.75 2.03 0.00 0.00 0.00 0.00
0.00 0.00 0.00 0.00 0.00 0.00 0.00 0.00 1.66 3.59 5.73 7.84 9.29 11.38 11.42 10.80 12.31 9.49 6.14 2.28 0.13 0.00 0.00 0.00
0.00 0.00 0.00 0.00 0.00 0.00 0.00 0.00 4.29 9.29 14.79 20.25 24.01 29.39 29.51 27.91 31.81 24.52 15.86 5.88 0.32 0.00 0.00 0.00
0.00 0.00 0.00 0.00 0.00 0.00 0.00 0.00 1.43 3.17 4.29 5.87 7.00 8.45 8.35 7.75 7.52 5.80 3.85 1.55 0.10 0.00 0.00 0.00
0.00 0.00 0.00 0.00 0.00 0.00 0.00 0.00 2.92 5.99 7.91 10.46 12.05 16.70 16.59 15.14 15.44 11.60 7.18 2.27 0.00 0.00 0.00 0.00
0.00 0.00 0.00 0.00 0.00 0.00 0.00 0.00 4.84 9.86 16.81 22.33 25.89 29.14 29.40 27.45 19.07 14.37 8.91 3.65 0.00 0.00 0.00 0.00
0.00 0.00 0.00 0.00 0.00 0.00 0.00 0.02 0.95 1.83 2.73 3.47 3.91 4.21 4.03 3.72 2.47 1.86 1.14 0.35 0.00 0.00 0.00 0.00
0.00 0.00 0.00 0.00 0.00 0.00 0.00 0.00 5.13 10.23 16.25 20.61 23.06 24.46 23.50 21.88 15.40 11.62 7.25 2.33 0.00 0.00 0.00 0.00
0.00 0.00 0.00 0.00 0.00 0.00 0.00 0.00 3.46 6.76 10.71 13.54 15.10 14.40 13.67 12.91 8.39 6.31 3.95 1.25 0.00 0.00 0.00 0.00
0.00 0.00 0.00 0.00 0.00 0.00 0.00 0.00 4.77 9.33 14.78 18.68 20.83 19.88 18.86 17.81 11.58 8.71 5.45 1.73 0.00 0.00 0.00 0.00
0.00 0.00 0.00 0.00 0.00 0.00 0.00 0.00 3.25 6.36 10.07 12.72 14.19 13.54 12.85 12.13 7.89 5.94 3.71 1.18 0.00 0.00 0.00 0.00
0.00 0.00 0.00 0.00 0.00 0.00 0.00 0.00 2.74 5.46 8.67 10.99 12.30 13.04 12.53 11.67 8.22 6.20 3.87 1.24 0.00 0.00 0.00 0.00
0.00 0.00 0.00 0.00 0.00 0.00 0.00 0.02 2.69 5.19 7.75 9.79 11.05 9.42 9.25 8.57 7.15 5.42 3.30 0.57 0.00 0.00 0.00 0.00
0.00 0.00 0.00 0.00 0.00 0.00 0.00 0.00 2.54 5.35 8.21 10.74 12.50 9.52 9.23 8.72 10.84 8.26 5.28 1.69 0.00 0.00 0.00 0.00
0.00 0.00 0.00 0.00 0.00 0.00 0.00 0.00 20.85 49.21 81.82 109.11 127.43 124.61 123.77 115.89 88.62 67.53 43.27 17.98 0.00 0.00 0.00 0.00
0.00 0.00 0.00 0.00 0.00 0.00 0.00 0.00 3.67 7.96 13.15 17.65 20.54 22.21 22.09 20.71 18.79 14.47 8.95 2.81 0.00 0.00 0.00 0.00
0.00 0.00 0.00 0.00 0.00 0.00 0.00 0.00 5.52 11.61 16.74 22.41 26.30 28.22 28.03 25.79 25.37 19.01 11.95 3.86 0.00 0.00 0.00 0.00
0.00 0.00 0.00 0.00 0.00 0.00 0.00 0.00 2.53 5.32 7.67 10.27 12.05 12.93 12.85 11.82 11.63 8.71 5.48 1.77 0.00 0.00 0.00 0.00
0.00 0.00 0.00 0.00 0.00 0.00 0.00 0.00 4.55 9.87 16.25 21.76 25.37 27.37 27.21 25.50 23.01 17.70 10.99 3.44 0.00 0.00 0.00 0.00
0.00 0.00 0.00 0.00 0.00 0.00 0.00 0.00 1.89 3.97 5.75 7.68 8.88 10.50 10.49 9.76 8.08 6.03 3.88 1.30 0.00 0.00 0.00 0.00
0.00 0.00 0.00 0.00 0.00 0.00 0.00 0.00 18.15 43.58 73.57 101.34 121.08 133.21 131.58 123.11 109.95 85.86 55.68 20.05 1.23 0.00 0.00 0.00
0.00 0.00 0.00 0.00 0.00 0.00 0.00 0.00 5.97 13.56 22.93 31.35 37.24 41.63 41.74 39.23 35.83 28.23 18.78 7.57 0.75 0.00 0.00 0.00
0.00 0.00 0.00 0.00 0.00 0.00 0.00 0.00 1.48 3.37 5.41 7.34 8.90 9.88 9.73 9.12 7.71 6.05 4.04 1.68 0.16 0.00 0.00 0.00
0.00 0.00 0.00 0.00 0.00 0.00 0.00 0.00 1.46 3.35 5.87 7.86 9.16 12.37 12.46 11.87 10.33 8.13 5.39 1.94 0.16 0.00 0.00 0.00
0.00 0.00 0.00 0.00 0.00 0.00 0.00 0.00 2.33 5.35 9.40 12.58 14.66 19.80 19.93 18.99 16.53 13.02 8.63 3.11 0.26 0.00 0.00 0.00
0.00 0.00 0.00 0.00 0.00 0.00 0.00 0.00 47.91 130.49 243.18 332.34 403.31 451.17 466.99 462.67 423.48 340.19 227.45 97.33 18.63 0.00 0.00 0.00
