0.00 0.00 0.00 0.00 0.00 0.00 0.00 0.00 0.45 1.34 2.20 3.05 3.78 3.28 3.38 3.24 2.32 1.76 1.11 0.52 0.00 0.00 0.00 0.00
0.00 0.00 0.00 0.00 0.00 0.00 0.00 0.00 11.18 25.67 31.80 41.13 50.07 46.61 45.48 42.29 57.21 42.01 26.29 4.91 0.00 0.00 0.00 0.00
0.00 0.00 0.00 0.00 0.00 0.00 0.00 0.00 10.39 30.53 50.40 69.77 86.39 75.03 77.37 74.00 53.00 40.28 25.30 11.96 0.00 0.00 0.00 0.00
0.00 0.00 0.00 0.00 0.00 0.00 0.00 0.00 36.93 108.51 179.13 247.94 307.04 266.64 274.97 262.99 188.35 143.14 89.90 42.49 0.00 0.00 0.00 0.00
0.00 0.00 0.00 0.00 0.00 0.00 0.00 0.00 1.84 3.74 7.54 9.56 10.97 10.15 9.91 9.11 7.45 5.40 3.35 0.52 0.00 0.00 0.00 0.00
0.00 0.00 0.00 0.00 0.00 0.00 0.00 0.00 71.93 233.08 412.49 575.18 711.92 723.38 743.14 725.62 671.81 512.02 324.17 112.96 0.00 0.00 0.00 0.00
0.00 0.00 0.00 0.00 0.00 0.00 0.00 0.00 1.41 3.07 4.82 6.34 7.58 6.79 6.87 6.39 4.74 3.50 2.19 0.44 0.00 0.00 0.00 0.00
0.00 0.00 0.00 0.00 0.00 0.00 0.00 0.00 0.78 1.78 2.87 3.80 4.45 3.16 3.14 2.96 1.97 1.46 0.89 0.23 0.00 0.00 0.00 0.00
0.00 0.00 0.00 0.00 0.00 0.00 0.00 0.00 1.25 2.84 4.60 6.08 7.12 5.05 5.02 4.74 3.15 2.34 1.43 0.37 0.00 0.00 0.00 0.00
0.00 0.00 0.00 0.00 0.00 0.00 0.00 0.00 1.25 2.84 4.60 6.08 7.12 5.05 5.02 4.74 3.15 2.34 1.43 0.37 0.00 0.00 0.00 0.00
0.00 0.00 0.00 0.00 0.00 0.00 0.00 0.00 1.91 4.56 6.89 9.26 11.23 17.40 17.56 16.40 10.00 7.33 4.46 1.58 0.00 0.00 0.00 0.00
0.00 0.00 0.00 0.00 0.00 0.00 0.00 0.00 0.83 1.96 3.72 5.04 6.11 7.90 7.88 7.35 4.83 3.54 2.13 0.79 0.00 0.00 0.00 0.00
0.00 0.00 0.00 0.00 0.00 0.00 0.00 0.00 1.06 2.53 4.78 6.48 7.85 10.15 10.13 9.45 6.21 4.55 2.74 1.01 0.00 0.00 0.00 0.00
0.00 0.00 0.00 0.00 0.00 0.00 0.00 0.00 0.71 1.68 3.19 4.32 5.23 6.77 6.75 6.30 4.14 3.03 1.83 0.67 0.00 0.00 0.00 0.00
0.00 0.00 0.00 0.00 0.00 0.00 0.00 0.00 0.71 1.68 3.19 4.32 5.23 6.77 6.75 6.30 4.14 3.03 1.83 0.67 0.00 0.00 0.00 0.00
0.00 0.00 0.00 0.00 0.00 0.00 0.00 0.00 14.44 37.06 59.90 80.37 96.11 85.47 86.05 81.03 67.67 50.46 30.03 10.88 0.00 0.00 0.00 0.00
0.00 0.00 0.00 0.00 0.00 0.00 0.00 0.00 7.20 16.80 21.77 29.08 35.18 53.49 53.93 50.12 29.51 21.63 13.23 3.90 0.00 0.00 0.00 0.00
0.00 0.00 0.00 0.00 0.00 0.00 0.00 0.00 6.94 16.42 19.01 25.42 30.58 44.87 44.34 41.68 30.87 23.14 14.40 3.26 0.00 0.00 0.00 0.00
0.00 0.00 0.00 0.00 0.00 0.00 0.00 0.00 21.22 68.75 121.67 169.66 209.99 213.37 219.20 214.03 198.16 151.03 95.62 33.32 0.00 0.00 0.00 0.00
0.00 0.00 0.00 0.00 0.00 0.00 0.00 0.00 20.18 65.40 115.74 161.38 199.75 202.96 208.51 203.59 188.49 143.66 90.95 31.69 0.00 0.00 0.00 0.00
0.00 0.00 0.00 0.00 0.00 0.00 0.00 0.00 38.81 125.76 222.57 310.35 384.13 390.31 400.97 391.52 362.49 276.27 174.91 60.95 0.00 0.00 0.00 0.00
0.00 0.00 0.00 0.00 0.00 0.00 0.00 0.00 38.16 123.67 218.86 305.18 377.73 383.81 394.29 385.00 356.45 271.66 171.99 59.93 0.00 0.00 0.00 0.00
0.00 0.00 0.00 0.00 0.00 0.00 0.00 0.00 46.79 139.29 244.60 337.32 420.89 390.16 402.12 382.59 301.46 231.36 146.53 60.61 0.00 0.00 0.00 0.00
0.00 0.00 0.00 0.00 0.00 0.00 0.00 0.00 0.78 1.78 2.87 3.80 4.45 3.16 3.14 2.96 1.97 1.46 0.89 0.23 0.00 0.00 0.00 0.00
0.00 0.00 0.00 0.00 0.00 0.00 0.00 0.00 3.97 9.01 14.56 19.25 22.54 16.00 15.91 15.00 9.97 7.42 4.53 1.17 0.00 0.00 0.00 0.00
0.00 0.00 0.00 0.00 0.00 0.00 0.00 0.00 20.28 45.98 74.33 98.28 115.09 81.67 81.24 76.58 50.90 37.88 23.11 5.95 0.00 0.00 0.00 0.00
0.00 0.00 0.00 0.00 0.00 0.00 0.00 0.00 1.45 4.70 8.31 11.59 14.34 14.57 14.97 14.62 13.53 10.31 6.53 2.28 0.00 0.00 0.00 0.00
0.00 0.00 0.00 0.00 0.00 0.00 0.00 0.00 36.36 106.82 176.33 244.08 302.25 262.48 270.69 258.89 185.41 140.91 88.50 41.83 0.00 0.00 0.00 0.00
0.00 0.00 0.00 0.00 0.00 0.00 0.00 0.00 3.15 8.50 15.77 21.68 26.74 28.66 28.72 26.81 19.32 14.35 9.29 3.14 0.00 0.00 0.00 0.00
0.00 0.00 0.00 0.00 0.00 0.00 0.00 0.00 22.17 57.03 91.36 124.68 151.51 174.80 179.59 168.15 132.09 101.33 62.82 17.51 0.00 0.00 0.00 0.00
0.00 0.00 0.00 0.00 0.00 0.00 0.00 0.00 0.61 1.78 2.94 4.07 5.04 4.37 4.51 4.31 3.09 2.35 1.48 0.70 0.00 0.00 0.00 0.00
0.00 0.00 0.00 0.00 0.00 0.00 0.00 0.00 27.27 80.12 132.25 183.06 226.69 196.86 203.01 194.17 139.06 105.68 66.38 31.37 0.00 0.00 0.00 0.00
0.00 0.00 0.00 0.00 0.00 0.00 0.00 0.00 34.99 102.82 169.72 234.93 290.92 252.64 260.54 249.18 178.46 135.63 85.18 40.26 0.00 0.00 0.00 0.00
0.00 0.00 0.00 0.00 0.00 0.00 0.00 0.00 61.70 183.69 322.56 444.84 555.04 514.53 530.30 504.55 397.55 305.11 193.24 79.92 0.00 0.00 0.00 0.00
0.00 0.00 0.00 0.00 0.00 0.00 0.00 0.00 1.17 2.84 7.68 10.38 12.62 12.29 12.34 11.52 7.71 5.70 3.45 1.22 0.00 0.00 0.00 0.00
0.00 0.00 0.00 0.00 0.00 0.00 0.00 0.00 1.42 3.44 9.01 12.19 14.80 15.63 15.66 14.56 9.78 7.24 4.37 1.58 0.00 0.00 0.00 0.00
0.00 0.00 0.00 0.00 0.00 0.00 0.00 0.00 12.98 35.08 65.04 89.43 110.30 118.24 118.48 110.61 79.68 59.19 38.32 12.93 0.00 0.00 0.00 0.00
0.00 0.00 0.00 0.00 0.00 0.00 0.00 0.00 38.74 126.00 230.28 315.23 392.03 448.52 464.37 440.96 388.43 301.81 195.90 67.73 0.48 0.00 0.00 0.00
0.00 0.00 0.00 0.00 0.00 0.00 0.00 0.00 0.67 1.54 2.17 2.94 3.55 4.03 4.05 3.73 1.98 1.47 0.90 0.25 0.00 0.00 0.00 0.00
0.00 0.00 0.00 0.00 0.00 0.00 0.00 0.00 9.88 27.47 45.01 61.72 75.63 68.77 70.02 66.74 55.64 42.02 25.93 10.20 0.00 0.00 0.00 0.00
0.00 0.00 0.00 0.00 0.00 0.00 0.00 0.00 2.18 8.14 15.04 21.30 26.52 24.57 25.13 23.77 17.16 13.15 8.65 3.18 0.02 0.00 0.00 0.00
0.00 0.00 0.00 0.00 0.00 0.00 0.00 0.00 1.69 3.62 5.55 7.19 8.56 7.79 7.92 7.41 5.38 3.92 2.46 0.55 0.00 0.00 0.00 0.00
0.00 0.00 0.00 0.00 0.00 0.00 0.00 0.00 0.85 1.81 2.77 3.60 4.28 3.89 3.96 3.70 2.69 1.96 1.23 0.28 0.00 0.00 0.00 0.00
0.00 0.00 0.00 0.00 0.00 0.00 0.00 0.00 1.85 3.96 6.07 7.86 9.36 8.52 8.66 8.10 5.88 4.29 2.69 0.60 0.00 0.00 0.00 0.00
0.00 0.00 0.00 0.00 0.00 0.00 0.00 0.00 2.20 4.73 7.29 9.49 11.21 10.70 10.71 10.16 6.59 4.85 3.04 0.80 0.00 0.00 0.00 0.00
0.00 0.00 0.00 0.00 0.00 0.00 0.00 0.00 3.35 7.20 11.11 14.46 17.08 16.31 16.32 15.48 10.05 7.39 4.62 1.22 0.00 0.00 0.00 0.00
0.00 0.00 0.00 0.00 0.00 0.00 0.00 0.00 2.84 6.20 9.60 12.68 15.06 13.77 13.87 13.00 9.64 7.11 4.45 0.99 0.00 0.00 0.00 0.00
0.00 0.00 0.00 0.00 0.00 0.00 0.00 0.00 1.98 4.78 7.74 10.40 12.68 13.21 13.47 12.86 9.66 7.14 4.38 1.26 0.00 0.00 0.00 0.00
0.00 0.00 0.00 0.00 0.00 0.00 0.00 0.00 5.11 12.35 19.99 26.86 32.77 34.12 34.79 33.21 24.96 18.45 11.32 3.25 0.00 0.00 0.00 0.00
0.00 0.00 0.00 0.00 0.00 0.00 0.00 0.00 1.28 3.17 4.27 5.85 7.14 9.35 9.40 8.77 6.58 4.95 3.05 0.93 0.00 0.00 0.00 0.00
0.00 0.00 0.00 0.00 0.00 0.00 0.00 0.00 3.26 7.23 10.96 14.71 17.45 16.23 16.35 14.88 8.65 6.33 3.89 0.69 0.00 0.00 0.00 0.00
0.00 0.00 0.00 0.00 0.00 0.00 0.00 0.00 5.19 11.45 18.50 24.49 29.51 28.71 28.70 26.65 17.13 12.68 7.79 1.79 0.00 0.00 0.00 0.00
0.00 0.00 0.00 0.00 0.00 0.00 0.00 0.00 0.59 1.20 2.54 3.18 3.66 3.51 3.48 3.22 2.04 1.47 0.91 0.21 0.00 0.00 0.00 0.00
0.00 0.00 0.00 0.00 0.00 0.00 0.00 0.00 4.42 9.42 13.72 17.74 21.04 17.81 17.56 16.26 12.45 8.96 5.55 0.81 0.00 0.00 0.00 0.00
0.00 0.00 0.00 0.00 0.00 0.00 0.00 0.00 2.41 5.04 9.89 12.62 14.55 12.62 12.44 11.67 8.43 6.18 3.83 0.66 0.00 0.00 0.00 0.00
0.00 0.00 0.00 0.00 0.00 0.00 0.00 0.00 3.33 6.95 13.64 17.42 20.07 17.41 17.16 16.11 11.64 8.52 5.28 0.91 0.00 0.00 0.00 0.00
0.00 0.00 0.00 0.00 0.00 0.00 0.00 0.00 2.27 4.74 9.29 11.86 13.67 11.86 11.69 10.97 7.93 5.80 3.60 0.62 0.00 0.00 0.00 0.00
0.00 0.00 0.00 0.00 0.00 0.00 0.00 0.00 2.36 5.02 7.32 9.46 11.22 9.50 9.36 8.67 6.64 4.78 2.96 0.43 0.00 0.00 0.00 0.00
0.00 0.00 0.00 0.00 0.00 0.00 0.00 0.00 1.71 3.51 6.88 8.89 10.27 9.38 9.22 8.51 6.80 4.94 3.05 0.58 0.00 0.00 0.00 0.00
0.00 0.00 0.00 0.00 0.00 0.00 0.00 0.00 2.25 5.10 8.24 10.89 12.75 9.05 9.00 8.49 5.64 4.20 2.56 0.66 0.00 0.00 0.00 0.00
0.00 0.00 0.00 0.00 0.00 0.00 0.00 0.00 18.80 48.24 77.96 104.61 125.10 111.24 112.00 105.47 88.08 65.68 39.09 14.16 0.00 0.00 0.00 0.00
0.00 0.00 0.00 0.00 0.00 0.00 0.00 0.00 2.17 5.17 7.80 10.49 12.73 19.72 19.91 18.59 11.33 8.30 5.05 1.79 0.00 0.00 0.00 0.00
0.00 0.00 0.00 0.00 0.00 0.00 0.00 0.00 4.97 11.36 17.64 23.73 28.25 25.34 25.27 23.58 12.41 9.00 5.56 1.68 0.00 0.00 0.00 0.00
0.00 0.00 0.00 0.00 0.00 0.00 0.00 0.00 2.28 5.21 8.08 10.87 12.95 11.61 11.58 10.81 5.69 4.13 2.55 0.77 0.00 0.00 0.00 0.00
0.00 0.00 0.00 0.00 0.00 0.00 0.00 0.00 2.84 6.75 9.02 12.09 14.67 24.79 25.10 23.38 13.78 10.14 6.20 2.15 0.00 0.00 0.00 0.00
0.00 0.00 0.00 0.00 0.00 0.00 0.00 0.00 1.63 3.74 5.27 7.13 8.62 9.79 9.83 9.05 4.81 3.56 2.19 0.60 0.00 0.00 0.00 0.00
0.00 0.00 0.00 0.00 0.00 0.00 0.00 0.00 13.43 36.32 67.34 92.59 114.20 122.42 122.66 114.52 82.50 61.28 39.68 13.39 0.00 0.00 0.00 0.00
0.00 0.00 0.00 0.00 0.00 0.00 0.00 0.00 5.30 13.64 21.85 29.82 36.23 41.80 42.94 40.21 31.59 24.23 15.02 4.19 0.00 0.00 0.00 0.00
0.00 0.00 0.00 0.00 0.00 0.00 0.00 0.00 1.15 2.98 4.93 6.67 8.11 9.48 9.74 9.26 6.31 4.74 2.98 0.93 0.00 0.00 0.00 0.00
0.00 0.00 0.00 0.00 0.00 0.00 0.00 0.00 1.03 2.69 5.95 8.17 10.05 10.35 10.32 9.65 6.86 5.08 3.17 1.08 0.00 0.00 0.00 0.00
0.00 0.00 0.00 0.00 0.00 0.00 0.00 0.00 1.65 4.30 9.52 13.08 16.09 16.56 16.52 15.44 10.97 8.12 5.07 1.73 0.00 0.00 0.00 0.00
0.00 0.00 0.00 0.00 0.00 0.00 0.00 0.00 39.46 127.86 226.28 315.52 390.53 396.82 407.66 398.05 368.53 280.87 177.83 61.96 0.00 0.00 0.00 0.00
