0.00 0.00 0.00 0.00 0.00 0.00 0.00 0.00 0.00 0.13 1.12 1.91 2.71 3.24 3.39 3.20 2.67 1.85 0.99 0.00 0.00 0.00 0.00 0.00
0.00 0.00 0.00 0.00 0.00 0.00 0.00 0.00 0.00 7.78 23.04 34.87 45.52 52.72 53.27 50.90 42.19 29.28 14.60 0.00 0.00 0.00 0.00 0.00
0.00 0.00 0.00 0.00 0.00 0.00 0.00 0.00 0.00 2.91 25.64 43.64 62.06 74.16 77.53 73.22 61.03 42.25 22.68 0.00 0.00 0.00 0.00 0.00
0.00 0.00 0.00 0.00 0.00 0.00 0.00 0.00 0.00 10.35 91.11 155.11 220.57 263.56 275.53 260.23 216.91 150.14 80.61 0.00 0.00 0.00 0.00 0.00
0.00 0.00 0.00 0.00 0.00 0.00 0.00 0.00 0.00 1.41 4.00 5.92 7.63 8.06 8.19 7.43 6.64 4.51 1.90 0.00 0.00 0.00 0.00 0.00
0.00 0.00 0.00 0.00 0.00 0.00 0.00 0.00 0.00 20.30 210.19 361.98 520.76 615.18 644.99 605.12 523.42 367.05 205.50 9.29 0.00 0.00 0.00 0.00
0.00 0.00 0.00 0.00 0.00 0.00 0.00 0.00 0.00 0.56 2.23 3.46 4.66 5.43 5.55 5.06 4.04 2.78 1.19 0.00 0.00 0.00 0.00 0.00
0.00 0.00 0.00 0.00 0.00 0.00 0.00 0.00 0.00 0.41 1.28 1.93 2.53 3.04 3.17 2.98 2.50 1.73 0.84 0.00 0.00 0.00 0.00 0.00
0.00 0.00 0.00 0.00 0.00 0.00 0.00 0.00 0.00 0.66 2.05 3.10 4.04 4.86 5.08 4.76 3.99 2.77 1.35 0.00 0.00 0.00 0.00 0.00
0.00 0.00 0.00 0.00 0.00 0.00 0.00 0.00 0.00 0.66 2.05 3.10 4.04 4.86 5.08 4.76 3.99 2.77 1.35 0.00 0.00 0.00 0.00 0.00
0.00 0.00 0.00 0.00 0.00 0.00 0.00 0.00 0.00 1.28 4.73 7.30 9.94 11.72 12.24 11.63 9.84 6.97 3.45 0.00 0.00 0.00 0.00 0.00
0.00 0.00 0.00 0.00 0.00 0.00 0.00 0.00 0.00 0.61 2.21 3.40 4.69 5.59 5.78 5.47 4.68 3.26 1.62 0.00 0.00 0.00 0.00 0.00
0.00 0.00 0.00 0.00 0.00 0.00 0.00 0.00 0.00 0.79 2.84 4.37 6.03 7.19 7.44 7.04 6.02 4.19 2.08 0.00 0.00 0.00 0.00 0.00
0.00 0.00 0.00 0.00 0.00 0.00 0.00 0.00 0.00 0.52 1.90 2.91 4.02 4.80 4.96 4.69 4.01 2.80 1.39 0.00 0.00 0.00 0.00 0.00
0.00 0.00 0.00 0.00 0.00 0.00 0.00 0.00 0.00 0.52 1.90 2.91 4.02 4.80 4.96 4.69 4.01 2.80 1.39 0.00 0.00 0.00 0.00 0.00
0.00 0.00 0.00 0.00 0.00 0.00 0.00 0.00 0.00 8.22 27.17 41.80 58.63 67.74 71.00 68.09 60.92 42.38 22.91 0.42 0.00 0.00 0.00 0.00
0.00 0.00 0.00 0.00 0.00 0.00 0.00 0.00 0.00 4.04 14.79 22.76 30.46 35.41 37.05 34.89 29.86 20.60 10.01 0.00 0.00 0.00 0.00 0.00
0.00 0.00 0.00 0.00 0.00 0.00 0.00 0.00 0.00 3.27 12.92 20.13 26.91 31.68 32.60 30.62 25.33 17.87 8.69 0.00 0.00 0.00 0.00 0.00
0.00 0.00 0.00 0.00 0.00 0.00 0.00 0.00 0.00 5.99 62.00 106.77 153.60 181.46 190.25 178.49 154.39 108.27 60.61 2.74 0.00 0.00 0.00 0.00
0.00 0.00 0.00 0.00 0.00 0.00 0.00 0.00 0.00 5.70 58.97 101.56 146.11 172.60 180.97 169.78 146.86 102.98 57.66 2.61 0.00 0.00 0.00 0.00
0.00 0.00 0.00 0.00 0.00 0.00 0.00 0.00 0.00 10.95 113.41 195.31 280.98 331.93 348.02 326.50 282.42 198.05 110.88 5.01 0.00 0.00 0.00 0.00
0.00 0.00 0.00 0.00 0.00 0.00 0.00 0.00 0.00 10.77 111.52 192.06 276.30 326.40 342.22 321.06 277.71 194.75 109.03 4.93 0.00 0.00 0.00 0.00
0.00 0.00 0.00 0.00 0.00 0.00 0.00 0.00 0.00 9.21 114.17 198.28 281.01 341.62 355.00 333.50 278.19 193.30 103.12 0.00 0.00 0.00 0.00 0.00
0.00 0.00 0.00 0.00 0.00 0.00 0.00 0.00 0.00 0.41 1.28 1.93 2.53 3.04 3.17 2.98 2.50 1.73 0.84 0.00 0.00 0.00 0.00 0.00
0.00 0.00 0.00 0.00 0.00 0.00 0.00 0.00 0.00 2.09 6.50 9.80 12.80 15.39 16.08 15.08 12.65 8.77 4.26 0.00 0.00 0.00 0.00 0.00
0.00 0.00 0.00 0.00 0.00 0.00 0.00 0.00 0.00 10.68 33.21 50.04 65.33 78.56 82.11 76.98 64.57 44.76 21.77 0.00 0.00 0.00 0.00 0.00
0.00 0.00 0.00 0.00 0.00 0.00 0.00 0.00 0.00 0.41 4.23 7.29 10.49 12.39 12.99 12.19 10.54 7.39 4.14 0.19 0.00 0.00 0.00 0.00
0.00 0.00 0.00 0.00 0.00 0.00 0.00 0.00 0.00 10.19 89.69 152.69 217.14 259.45 271.23 256.18 213.52 147.80 79.35 0.00 0.00 0.00 0.00 0.00
0.00 0.00 0.00 0.00 0.00 0.00 0.00 0.00 0.00 1.58 7.22 11.57 15.74 19.29 20.82 20.05 17.15 12.86 6.88 0.00 0.00 0.00 0.00 0.00
0.00 0.00 0.00 0.00 0.00 0.00 0.00 0.00 0.00 6.52 45.67 76.23 106.33 124.42 127.15 118.45 97.42 69.17 34.02 0.00 0.00 0.00 0.00 0.00
0.00 0.00 0.00 0.00 0.00 0.00 0.00 0.00 0.00 0.17 1.49 2.54 3.62 4.32 4.52 4.27 3.56 2.46 1.32 0.00 0.00 0.00 0.00 0.00
0.00 0.00 0.00 0.00 0.00 0.00 0.00 0.00 0.00 7.65 67.27 114.52 162.85 194.59 203.42 192.13 160.14 110.85 59.52 0.00 0.00 0.00 0.00 0.00
0.00 0.00 0.00 0.00 0.00 0.00 0.00 0.00 0.00 9.81 86.33 146.97 208.99 249.72 261.06 246.57 205.52 142.26 76.38 0.00 0.00 0.00 0.00 0.00
0.00 0.00 0.00 0.00 0.00 0.00 0.00 0.00 0.00 12.14 150.56 261.48 370.58 450.51 468.15 439.80 366.86 254.91 135.98 0.00 0.00 0.00 0.00 0.00
0.00 0.00 0.00 0.00 0.00 0.00 0.00 0.00 0.00 0.91 3.29 5.07 7.07 8.83 9.45 8.84 7.52 5.25 2.67 0.00 0.00 0.00 0.00 0.00
0.00 0.00 0.00 0.00 0.00 0.00 0.00 0.00 0.00 1.15 4.17 6.43 8.98 11.01 11.67 10.99 9.32 6.49 3.28 0.00 0.00 0.00 0.00 0.00
0.00 0.00 0.00 0.00 0.00 0.00 0.00 0.00 0.00 6.50 29.78 47.74 64.94 79.56 85.89 82.71 70.76 53.06 28.37 0.00 0.00 0.00 0.00 0.00
0.00 0.00 0.00 0.00 0.00 0.00 0.00 0.00 0.00 0.00 96.44 182.08 257.48 322.10 343.93 325.04 267.35 187.64 99.61 0.00 0.00 0.00 0.00 0.00
0.00 0.00 0.00 0.00 0.00 0.00 0.00 0.00 0.00 0.33 1.17 1.79 2.40 2.76 2.87 2.71 2.30 1.60 0.76 0.00 0.00 0.00 0.00 0.00
0.00 0.00 0.00 0.00 0.00 0.00 0.00 0.00 0.00 2.85 22.82 38.61 54.46 65.46 67.14 62.42 52.33 36.76 19.11 0.00 0.00 0.00 0.00 0.00
0.00 0.00 0.00 0.00 0.00 0.00 0.00 0.00 0.00 0.53 7.68 13.53 19.46 23.04 24.87 23.40 19.50 14.03 8.20 0.71 0.00 0.00 0.00 0.00
0.00 0.00 0.00 0.00 0.00 0.00 0.00 0.00 0.00 0.68 2.62 4.04 5.40 6.23 6.23 5.70 4.52 3.09 1.28 0.00 0.00 0.00 0.00 0.00
0.00 0.00 0.00 0.00 0.00 0.00 0.00 0.00 0.00 0.34 1.31 2.02 2.70 3.12 3.11 2.85 2.26 1.54 0.64 0.00 0.00 0.00 0.00 0.00
0.00 0.00 0.00 0.00 0.00 0.00 0.00 0.00 0.00 0.74 2.86 4.41 5.90 6.82 6.81 6.23 4.95 3.38 1.40 0.00 0.00 0.00 0.00 0.00
0.00 0.00 0.00 0.00 0.00 0.00 0.00 0.00 0.00 0.91 3.43 5.27 6.97 8.22 8.33 7.74 6.23 4.27 1.81 0.00 0.00 0.00 0.00 0.00
0.00 0.00 0.00 0.00 0.00 0.00 0.00 0.00 0.00 1.39 5.22 8.03 10.62 12.52 12.69 11.80 9.50 6.51 2.75 0.00 0.00 0.00 0.00 0.00
0.00 0.00 0.00 0.00 0.00 0.00 0.00 0.00 0.00 1.15 4.55 7.06 9.64 11.22 11.26 10.26 8.28 5.69 2.45 0.00 0.00 0.00 0.00 0.00
0.00 0.00 0.00 0.00 0.00 0.00 0.00 0.00 0.00 0.60 3.62 5.96 8.25 9.61 9.72 9.18 7.57 5.29 2.45 0.00 0.00 0.00 0.00 0.00
0.00 0.00 0.00 0.00 0.00 0.00 0.00 0.00 0.00 1.55 9.36 15.41 21.32 24.82 25.12 23.72 19.56 13.66 6.34 0.00 0.00 0.00 0.00 0.00
0.00 0.00 0.00 0.00 0.00 0.00 0.00 0.00 0.00 0.43 2.57 4.21 5.78 6.62 6.71 6.32 5.11 3.61 1.73 0.00 0.00 0.00 0.00 0.00
0.00 0.00 0.00 0.00 0.00 0.00 0.00 0.00 0.00 1.54 5.28 7.99 10.52 12.19 12.54 11.80 9.87 6.85 3.16 0.00 0.00 0.00 0.00 0.00
0.00 0.00 0.00 0.00 0.00 0.00 0.00 0.00 0.00 2.35 8.54 13.09 17.73 20.99 21.53 19.78 16.43 11.40 5.12 0.00 0.00 0.00 0.00 0.00
0.00 0.00 0.00 0.00 0.00 0.00 0.00 0.00 0.00 0.41 1.17 1.73 2.21 2.59 2.61 2.41 2.04 1.39 0.58 0.00 0.00 0.00 0.00 0.00
0.00 0.00 0.00 0.00 0.00 0.00 0.00 0.00 0.00 2.27 6.80 10.10 13.30 15.66 15.74 14.41 11.83 8.17 3.69 0.00 0.00 0.00 0.00 0.00
0.00 0.00 0.00 0.00 0.00 0.00 0.00 0.00 0.00 1.60 4.71 7.02 9.09 10.50 10.59 9.69 7.91 5.39 2.36 0.00 0.00 0.00 0.00 0.00
0.00 0.00 0.00 0.00 0.00 0.00 0.00 0.00 0.00 2.21 6.50 9.69 12.55 14.49 14.61 13.37 10.91 7.44 3.25 0.00 0.00 0.00 0.00 0.00
0.00 0.00 0.00 0.00 0.00 0.00 0.00 0.00 0.00 1.51 4.43 6.60 8.55 9.87 9.95 9.11 7.43 5.07 2.22 0.00 0.00 0.00 0.00 0.00
0.00 0.00 0.00 0.00 0.00 0.00 0.00 0.00 0.00 1.21 3.63 5.39 7.09 8.35 8.40 7.69 6.31 4.36 1.97 0.00 0.00 0.00 0.00 0.00
0.00 0.00 0.00 0.00 0.00 0.00 0.00 0.00 0.00 1.28 3.62 5.38 6.81 7.59 7.77 7.07 6.06 4.13 1.77 0.00 0.00 0.00 0.00 0.00
0.00 0.00 0.00 0.00 0.00 0.00 0.00 0.00 0.00 1.18 3.68 5.55 7.24 8.71 9.10 8.53 7.16 4.96 2.41 0.00 0.00 0.00 0.00 0.00
0.00 0.00 0.00 0.00 0.00 0.00 0.00 0.00 0.00 10.70 35.36 54.41 76.31 88.16 92.41 88.63 79.30 55.17 29.82 0.55 0.00 0.00 0.00 0.00
0.00 0.00 0.00 0.00 0.00 0.00 0.00 0.00 0.00 1.45 5.36 8.28 11.26 13.28 13.87 13.18 11.15 7.89 3.91 0.00 0.00 0.00 0.00 0.00
0.00 0.00 0.00 0.00 0.00 0.00 0.00 0.00 0.00 2.38 7.93 12.03 16.38 19.80 20.25 19.14 16.04 11.19 5.37 0.00 0.00 0.00 0.00 0.00
0.00 0.00 0.00 0.00 0.00 0.00 0.00 0.00 0.00 1.09 3.64 5.52 7.51 9.07 9.28 8.77 7.35 5.13 2.46 0.00 0.00 0.00 0.00 0.00
0.00 0.00 0.00 0.00 0.00 0.00 0.00 0.00 0.00 1.80 6.68 10.31 13.94 16.35 17.03 16.17 13.68 9.74 4.81 0.00 0.00 0.00 0.00 0.00
0.00 0.00 0.00 0.00 0.00 0.00 0.00 0.00 0.00 0.79 2.83 4.34 5.83 6.71 6.96 6.58 5.58 3.89 1.85 0.00 0.00 0.00 0.00 0.00
0.00 0.00 0.00 0.00 0.00 0.00 0.00 0.00 0.00 6.73 30.83 49.43 67.23 82.37 88.92 85.63 73.26 54.93 29.37 0.00 0.00 0.00 0.00 0.00
0.00 0.00 0.00 0.00 0.00 0.00 0.00 0.00 0.00 1.56 10.92 18.23 25.43 29.75 30.41 28.33 23.30 16.54 8.14 0.00 0.00 0.00 0.00 0.00
0.00 0.00 0.00 0.00 0.00 0.00 0.00 0.00 0.00 0.38 2.52 4.18 5.80 6.87 6.99 6.51 5.36 3.79 1.89 0.00 0.00 0.00 0.00 0.00
0.00 0.00 0.00 0.00 0.00 0.00 0.00 0.00 0.00 0.54 3.12 5.14 7.12 8.55 8.87 8.30 6.85 4.81 2.42 0.00 0.00 0.00 0.00 0.00
0.00 0.00 0.00 0.00 0.00 0.00 0.00 0.00 0.00 0.86 5.00 8.22 11.39 13.68 14.19 13.27 10.96 7.70 3.87 0.00 0.00 0.00 0.00 0.00
0.00 0.00 0.00 0.00 0.00 0.00 0.00 0.00 0.00 11.14 115.30 198.57 285.67 337.46 353.82 331.95 287.13 201.35 112.73 5.09 0.00 0.00 0.00 0.00
