0.00 0.00 0.00 0.00 0.00 0.00 0.00 0.00 0.00 0.19 0.66 1.06 1.47 1.77 1.86 1.79 3.33 2.43 1.50 0.22 0.00 0.00 0.00 0.00
0.00 0.00 0.00 0.00 0.00 0.00 0.00 0.00 0.00 5.13 14.18 22.22 28.46 32.08 33.24 31.85 26.71 19.70 11.47 2.21 0.00 0.00 0.00 0.00
0.00 0.00 0.00 0.00 0.00 0.00 0.00 0.00 0.00 4.44 15.09 24.18 33.51 40.52 42.57 40.92 76.18 55.62 34.36 4.93 0.00 0.00 0.00 0.00
0.00 0.00 0.00 0.00 0.00 0.00 0.00 0.00 0.00 15.78 53.64 85.92 119.10 144.02 151.31 145.44 270.74 197.65 122.12 17.51 0.00 0.00 0.00 0.00
0.00 0.00 0.00 0.00 0.00 0.00 0.00 0.00 0.00 1.44 3.69 5.61 7.11 5.25 5.24 4.98 2.93 2.07 1.11 0.00 0.00 0.00 0.00 0.00
0.00 0.00 0.00 0.00 0.00 0.00 0.00 0.00 0.00 25.86 101.04 163.43 226.30 514.05 550.24 528.53 648.79 471.67 294.98 52.96 0.00 0.00 0.00 0.00
0.00 0.00 0.00 0.00 0.00 0.00 0.00 0.00 0.00 0.72 1.77 2.80 3.71 3.74 3.77 3.65 1.70 1.16 0.64 0.02 0.00 0.00 0.00 0.00
0.00 0.00 0.00 0.00 0.00 0.00 0.00 0.00 0.00 0.26 0.69 1.09 1.47 1.77 1.81 1.77 1.46 1.06 0.61 0.11 0.00 0.00 0.00 0.00
0.00 0.00 0.00 0.00 0.00 0.00 0.00 0.00 0.00 0.42 1.10 1.74 2.35 2.82 2.89 2.83 2.33 1.69 0.98 0.18 0.00 0.00 0.00 0.00
0.00 0.00 0.00 0.00 0.00 0.00 0.00 0.00 0.00 0.42 1.10 1.74 2.35 2.82 2.89 2.83 2.33 1.69 0.98 0.18 0.00 0.00 0.00 0.00
0.00 0.00 0.00 0.00 0.00 0.00 0.00 0.00 0.00 1.30 3.93 6.18 8.53 7.02 7.28 7.13 4.96 3.56 2.09 0.24 0.00 0.00 0.00 0.00
0.00 0.00 0.00 0.00 0.00 0.00 0.00 0.00 0.00 0.59 1.69 2.70 3.70 3.61 3.73 3.64 2.51 1.82 1.07 0.11 0.00 0.00 0.00 0.00
0.00 0.00 0.00 0.00 0.00 0.00 0.00 0.00 0.00 0.76 2.17 3.47 4.76 4.64 4.80 4.68 3.23 2.34 1.37 0.14 0.00 0.00 0.00 0.00
0.00 0.00 0.00 0.00 0.00 0.00 0.00 0.00 0.00 0.51 1.44 2.31 3.17 3.10 3.20 3.12 2.15 1.56 0.91 0.09 0.00 0.00 0.00 0.00
0.00 0.00 0.00 0.00 0.00 0.00 0.00 0.00 0.00 0.51 1.44 2.31 3.17 3.10 3.20 3.12 2.15 1.56 0.91 0.09 0.00 0.00 0.00 0.00
0.00 0.00 0.00 0.00 0.00 0.00 0.00 0.00 0.00 8.89 32.31 51.34 67.30 73.72 77.77 75.09 55.87 40.69 24.83 4.25 0.00 0.00 0.00 0.00
0.00 0.00 0.00 0.00 0.00 0.00 0.00 0.00 0.00 4.02 12.01 19.15 26.69 19.00 19.36 19.01 13.45 9.66 5.60 0.49 0.00 0.00 0.00 0.00
0.00 0.00 0.00 0.00 0.00 0.00 0.00 0.00 0.00 3.07 8.04 12.82 17.20 11.30 11.69 11.37 7.88 5.66 3.29 0.75 0.00 0.00 0.00 0.00
0.00 0.00 0.00 0.00 0.00 0.00 0.00 0.00 0.00 7.63 29.80 48.21 66.75 151.63 162.30 155.90 191.37 139.12 87.01 15.62 0.00 0.00 0.00 0.00
0.00 0.00 0.00 0.00 0.00 0.00 0.00 0.00 0.00 7.26 28.35 45.86 63.49 144.23 154.38 148.29 182.04 132.34 82.76 14.86 0.00 0.00 0.00 0.00
0.00 0.00 0.00 0.00 0.00 0.00 0.00 0.00 0.00 13.95 54.52 88.18 122.10 277.36 296.89 285.18 350.07 254.50 159.16 28.57 0.00 0.00 0.00 0.00
0.00 0.00 0.00 0.00 0.00 0.00 0.00 0.00 0.00 13.72 53.61 86.71 120.07 272.74 291.94 280.43 344.23 250.25 156.51 28.10 0.00 0.00 0.00 0.00
0.00 0.00 0.00 0.00 0.00 0.00 0.00 0.00 0.00 31.69 92.17 148.67 205.54 344.33 357.80 345.60 349.60 255.30 158.54 23.55 0.00 0.00 0.00 0.00
0.00 0.00 0.00 0.00 0.00 0.00 0.00 0.00 0.00 0.26 0.69 1.09 1.47 1.77 1.81 1.77 1.46 1.06 0.61 0.11 0.00 0.00 0.00 0.00
0.00 0.00 0.00 0.00 0.00 0.00 0.00 0.00 0.00 1.32 3.47 5.51 7.44 8.95 9.16 8.95 7.38 5.37 3.09 0.57 0.00 0.00 0.00 0.00
0.00 0.00 0.00 0.00 0.00 0.00 0.00 0.00 0.00 6.72 17.73 28.15 37.99 45.67 46.75 45.71 37.69 27.40 15.79 2.89 0.00 0.00 0.00 0.00
0.00 0.00 0.00 0.00 0.00 0.00 0.00 0.00 0.00 0.52 2.04 3.29 4.56 10.35 11.08 10.65 13.07 9.50 5.94 1.07 0.00 0.00 0.00 0.00
0.00 0.00 0.00 0.00 0.00 0.00 0.00 0.00 0.00 15.53 52.81 84.58 117.25 141.77 148.95 143.17 266.52 194.57 120.22 17.24 0.00 0.00 0.00 0.00
0.00 0.00 0.00 0.00 0.00 0.00 0.00 0.00 0.00 1.96 4.85 7.60 10.48 5.67 6.12 5.92 12.24 9.26 5.67 0.56 0.00 0.00 0.00 0.00
0.00 0.00 0.00 0.00 0.00 0.00 0.00 0.00 0.00 13.38 46.67 72.90 96.78 70.73 72.76 70.37 114.06 82.66 48.95 4.63 0.00 0.00 0.00 0.00
0.00 0.00 0.00 0.00 0.00 0.00 0.00 0.00 0.00 0.26 0.88 1.41 1.95 2.36 2.48 2.39 4.44 3.24 2.00 0.29 0.00 0.00 0.00 0.00
0.00 0.00 0.00 0.00 0.00 0.00 0.00 0.00 0.00 11.65 39.61 63.44 87.94 106.33 111.71 107.38 199.89 145.93 90.17 12.93 0.00 0.00 0.00 0.00
0.00 0.00 0.00 0.00 0.00 0.00 0.00 0.00 0.00 14.95 50.83 81.41 112.85 136.46 143.36 137.80 256.53 187.28 115.71 16.59 0.00 0.00 0.00 0.00
0.00 0.00 0.00 0.00 0.00 0.00 0.00 0.00 0.00 41.79 121.55 196.05 271.06 454.09 471.85 455.76 461.04 336.68 209.07 31.05 0.00 0.00 0.00 0.00
0.00 0.00 0.00 0.00 0.00 0.00 0.00 0.00 0.00 0.84 2.38 3.87 5.37 5.68 6.00 5.81 4.84 3.52 2.09 0.25 0.00 0.00 0.00 0.00
0.00 0.00 0.00 0.00 0.00 0.00 0.00 0.00 0.00 1.09 3.02 4.95 6.83 7.29 7.72 7.49 5.95 4.31 2.55 0.28 0.00 0.00 0.00 0.00
0.00 0.00 0.00 0.00 0.00 0.00 0.00 0.00 0.00 8.09 20.02 31.33 43.23 23.40 25.23 24.42 50.48 38.21 23.37 2.32 0.00 0.00 0.00 0.00
0.00 0.00 0.00 0.00 0.00 0.00 0.00 0.00 0.00 20.55 129.83 218.33 307.98 355.22 382.59 369.77 286.66 214.67 134.93 25.87 0.00 0.00 0.00 0.00
0.00 0.00 0.00 0.00 0.00 0.00 0.00 0.00 0.00 0.31 0.86 1.38 1.90 1.47 1.50 1.44 0.84 0.61 0.35 0.03 0.00 0.00 0.00 0.00
0.00 0.00 0.00 0.00 0.00 0.00 0.00 0.00 0.00 5.77 16.25 25.82 35.88 34.84 36.27 34.78 64.63 46.53 28.31 3.49 0.00 0.00 0.00 0.00
0.00 0.00 0.00 0.00 0.00 0.00 0.00 0.00 0.00 0.91 4.30 7.08 10.06 23.03 24.68 23.30 24.81 18.33 11.40 2.44 0.00 0.00 0.00 0.00
0.00 0.00 0.00 0.00 0.00 0.00 0.00 0.00 0.00 0.83 2.33 3.59 4.69 4.79 4.93 4.68 2.08 1.44 0.78 0.02 0.00 0.00 0.00 0.00
0.00 0.00 0.00 0.00 0.00 0.00 0.00 0.00 0.00 0.41 1.17 1.80 2.34 2.40 2.47 2.34 1.04 0.72 0.39 0.01 0.00 0.00 0.00 0.00
0.00 0.00 0.00 0.00 0.00 0.00 0.00 0.00 0.00 0.91 2.55 3.93 5.13 5.24 5.39 5.12 2.28 1.57 0.85 0.03 0.00 0.00 0.00 0.00
0.00 0.00 0.00 0.00 0.00 0.00 0.00 0.00 0.00 1.19 2.72 4.23 5.57 5.94 6.08 5.83 2.65 1.83 1.00 0.04 0.00 0.00 0.00 0.00
0.00 0.00 0.00 0.00 0.00 0.00 0.00 0.00 0.00 1.81 4.15 6.44 8.49 9.05 9.26 8.89 4.03 2.79 1.52 0.05 0.00 0.00 0.00 0.00
0.00 0.00 0.00 0.00 0.00 0.00 0.00 0.00 0.00 1.44 3.37 5.30 7.01 7.65 7.74 7.52 3.46 2.35 1.30 0.04 0.00 0.00 0.00 0.00
0.00 0.00 0.00 0.00 0.00 0.00 0.00 0.00 0.00 0.93 3.86 5.97 7.91 6.66 6.81 6.49 6.69 4.74 2.74 0.23 0.00 0.00 0.00 0.00
0.00 0.00 0.00 0.00 0.00 0.00 0.00 0.00 0.00 2.40 9.97 15.41 20.43 17.20 17.59 16.78 17.28 12.24 7.07 0.60 0.00 0.00 0.00 0.00
0.00 0.00 0.00 0.00 0.00 0.00 0.00 0.00 0.00 0.50 1.92 3.01 4.04 3.58 3.67 3.52 4.41 3.19 1.86 0.22 0.00 0.00 0.00 0.00
0.00 0.00 0.00 0.00 0.00 0.00 0.00 0.00 0.00 1.34 3.12 5.02 6.65 6.32 6.57 6.35 3.72 2.65 1.49 0.09 0.00 0.00 0.00 0.00
0.00 0.00 0.00 0.00 0.00 0.00 0.00 0.00 0.00 2.29 6.74 10.69 14.12 10.89 11.14 10.79 5.45 3.85 2.15 0.11 0.00 0.00 0.00 0.00
0.00 0.00 0.00 0.00 0.00 0.00 0.00 0.00 0.00 0.48 1.20 1.79 2.24 1.90 1.91 1.84 0.80 0.57 0.31 0.01 0.00 0.00 0.00 0.00
0.00 0.00 0.00 0.00 0.00 0.00 0.00 0.00 0.00 1.93 4.81 7.56 9.69 9.20 9.24 9.02 6.65 4.69 2.60 0.15 0.00 0.00 0.00 0.00
0.00 0.00 0.00 0.00 0.00 0.00 0.00 0.00 0.00 1.43 3.90 6.07 7.61 5.97 6.08 5.87 4.54 3.17 1.73 0.07 0.00 0.00 0.00 0.00
0.00 0.00 0.00 0.00 0.00 0.00 0.00 0.00 0.00 1.97 5.38 8.38 10.50 8.24 8.39 8.09 6.26 4.38 2.38 0.09 0.00 0.00 0.00 0.00
0.00 0.00 0.00 0.00 0.00 0.00 0.00 0.00 0.00 1.34 3.67 5.71 7.15 5.61 5.72 5.51 4.26 2.98 1.62 0.06 0.00 0.00 0.00 0.00
0.00 0.00 0.00 0.00 0.00 0.00 0.00 0.00 0.00 1.03 2.57 4.03 5.17 4.90 4.93 4.81 3.55 2.50 1.39 0.08 0.00 0.00 0.00 0.00
0.00 0.00 0.00 0.00 0.00 0.00 0.00 0.00 0.00 1.17 3.02 4.65 5.72 4.49 4.54 4.27 3.14 2.24 1.20 0.02 0.00 0.00 0.00 0.00
0.00 0.00 0.00 0.00 0.00 0.00 0.00 0.00 0.00 0.74 1.96 3.12 4.21 5.06 5.18 5.07 4.18 3.04 1.75 0.32 0.00 0.00 0.00 0.00
0.00 0.00 0.00 0.00 0.00 0.00 0.00 0.00 0.00 11.57 42.06 66.83 87.59 95.95 101.23 97.73 72.73 52.96 32.32 5.53 0.00 0.00 0.00 0.00
0.00 0.00 0.00 0.00 0.00 0.00 0.00 0.00 0.00 1.48 4.45 7.00 9.67 7.96 8.25 8.08 5.62 4.03 2.36 0.27 0.00 0.00 0.00 0.00
0.00 0.00 0.00 0.00 0.00 0.00 0.00 0.00 0.00 1.85 4.40 7.22 9.80 9.36 9.50 9.44 6.06 4.31 2.48 0.21 0.00 0.00 0.00 0.00
0.00 0.00 0.00 0.00 0.00 0.00 0.00 0.00 0.00 0.85 2.02 3.31 4.49 4.29 4.35 4.32 2.78 1.98 1.14 0.10 0.00 0.00 0.00 0.00
0.00 0.00 0.00 0.00 0.00 0.00 0.00 0.00 0.00 1.84 5.65 8.84 12.27 9.14 9.44 9.20 6.57 4.73 2.77 0.29 0.00 0.00 0.00 0.00
0.00 0.00 0.00 0.00 0.00 0.00 0.00 0.00 0.00 0.76 2.09 3.35 4.63 3.57 3.64 3.49 2.05 1.48 0.85 0.08 0.00 0.00 0.00 0.00
0.00 0.00 0.00 0.00 0.00 0.00 0.00 0.00 0.00 8.38 20.73 32.44 44.75 24.23 26.12 25.29 52.27 39.56 24.20 2.41 0.00 0.00 0.00 0.00
0.00 0.00 0.00 0.00 0.00 0.00 0.00 0.00 0.00 3.20 11.16 17.43 23.14 16.91 17.40 16.83 27.28 19.77 11.71 1.11 0.00 0.00 0.00 0.00
0.00 0.00 0.00 0.00 0.00 0.00 0.00 0.00 0.00 0.53 2.02 3.18 4.29 3.11 3.23 3.13 5.34 3.83 2.28 0.26 0.00 0.00 0.00 0.00
0.00 0.00 0.00 0.00 0.00 0.00 0.00 0.00 0.00 0.57 1.70 2.69 3.57 3.48 3.61 3.47 4.96 3.63 2.16 0.37 0.00 0.00 0.00 0.00
0.00 0.00 0.00 0.00 0.00 0.00 0.00 0.00 0.00 0.92 2.72 4.31 5.72 5.57 5.78 5.55 7.94 5.80 3.46 0.59 0.00 0.00 0.00 0.00
0.00 0.00 0.00 0.00 0.00 0.00 0.00 0.00 0.00 14.19 55.43 89.65 124.14 281.99 301.84 289.93 355.90 258.74 161.81 29.05 0.00 0.00 0.00 0.00
