0.00 0.00 0.00 0.00 0.00 0.00 0.00 0.00 0.00 0.10 0.96 1.65 2.35 2.74 2.85 2.69 2.30 1.56 0.79 0.00 0.00 0.00 0.00 0.00
0.00 0.00 0.00 0.00 0.00 0.00 0.00 0.00 0.00 5.25 14.32 21.84 28.70 29.73 29.98 28.54 23.67 16.04 7.48 0.00 0.00 0.00 0.00 0.00
0.00 0.00 0.00 0.00 0.00 0.00 0.00 0.00 0.00 2.28 21.94 37.64 53.73 62.58 65.28 61.41 52.66 35.67 18.05 0.00 0.00 0.00 0.00 0.00
0.00 0.00 0.00 0.00 0.00 0.00 0.00 0.00 0.00 8.10 77.96 133.78 190.97 222.41 232.01 218.23 187.14 126.78 64.13 0.00 0.00 0.00 0.00 0.00
0.00 0.00 0.00 0.00 0.00 0.00 0.00 0.00 0.00 1.24 3.08 4.56 5.90 4.66 4.72 4.26 2.67 1.77 0.67 0.00 0.00 0.00 0.00 0.00
0.00 0.00 0.00 0.00 0.00 0.00 0.00 0.00 0.00 16.25 183.64 318.97 461.05 555.39 580.61 542.19 438.63 302.30 161.19 0.00 0.00 0.00 0.00 0.00
0.00 0.00 0.00 0.00 0.00 0.00 0.00 0.00 0.00 0.49 0.92 1.44 1.94 2.04 2.08 1.89 1.69 1.13 0.43 0.00 0.00 0.00 0.00 0.00
0.00 0.00 0.00 0.00 0.00 0.00 0.00 0.00 0.00 0.18 0.40 0.61 0.81 1.10 1.15 1.07 1.11 0.75 0.34 0.00 0.00 0.00 0.00 0.00
0.00 0.00 0.00 0.00 0.00 0.00 0.00 0.00 0.00 0.29 0.64 0.98 1.29 1.76 1.84 1.72 1.77 1.20 0.54 0.00 0.00 0.00 0.00 0.00
0.00 0.00 0.00 0.00 0.00 0.00 0.00 0.00 0.00 0.29 0.64 0.98 1.29 1.76 1.84 1.72 1.77 1.20 0.54 0.00 0.00 0.00 0.00 0.00
0.00 0.00 0.00 0.00 0.00 0.00 0.00 0.00 0.00 0.28 1.06 1.66 2.28 2.99 3.13 2.97 2.83 1.95 0.90 0.00 0.00 0.00 0.00 0.00
0.00 0.00 0.00 0.00 0.00 0.00 0.00 0.00 0.00 0.15 0.47 0.73 1.02 1.39 1.44 1.36 1.14 0.77 0.36 0.00 0.00 0.00 0.00 0.00
0.00 0.00 0.00 0.00 0.00 0.00 0.00 0.00 0.00 0.19 0.61 0.94 1.31 1.79 1.85 1.75 1.47 1.00 0.46 0.00 0.00 0.00 0.00 0.00
0.00 0.00 0.00 0.00 0.00 0.00 0.00 0.00 0.00 0.13 0.40 0.63 0.88 1.19 1.23 1.17 0.98 0.66 0.31 0.00 0.00 0.00 0.00 0.00
0.00 0.00 0.00 0.00 0.00 0.00 0.00 0.00 0.00 0.13 0.40 0.63 0.88 1.19 1.23 1.17 0.98 0.66 0.31 0.00 0.00 0.00 0.00 0.00
0.00 0.00 0.00 0.00 0.00 0.00 0.00 0.00 0.00 5.01 14.60 22.61 31.90 36.41 38.06 36.36 33.82 23.09 11.88 0.00 0.00 0.00 0.00 0.00
0.00 0.00 0.00 0.00 0.00 0.00 0.00 0.00 0.00 0.80 3.51 5.46 7.37 9.31 9.75 9.16 9.73 6.55 2.95 0.00 0.00 0.00 0.00 0.00
0.00 0.00 0.00 0.00 0.00 0.00 0.00 0.00 0.00 0.93 4.27 6.73 9.07 14.13 14.54 13.63 13.36 9.20 4.15 0.00 0.00 0.00 0.00 0.00
0.00 0.00 0.00 0.00 0.00 0.00 0.00 0.00 0.00 4.79 54.17 94.08 135.99 163.82 171.26 159.93 129.38 89.17 47.55 0.00 0.00 0.00 0.00 0.00
0.00 0.00 0.00 0.00 0.00 0.00 0.00 0.00 0.00 4.56 51.53 89.49 129.36 155.83 162.90 152.13 123.07 84.82 45.23 0.00 0.00 0.00 0.00 0.00
0.00 0.00 0.00 0.00 0.00 0.00 0.00 0.00 0.00 8.77 99.09 172.11 248.77 299.67 313.28 292.55 236.67 163.11 86.97 0.00 0.00 0.00 0.00 0.00
0.00 0.00 0.00 0.00 0.00 0.00 0.00 0.00 0.00 8.62 97.44 169.24 244.62 294.68 308.06 287.67 232.73 160.39 85.52 0.00 0.00 0.00 0.00 0.00
0.00 0.00 0.00 0.00 0.00 0.00 0.00 0.00 0.00 7.21 101.85 178.29 253.37 285.09 295.56 276.45 233.39 158.58 79.48 0.00 0.00 0.00 0.00 0.00
0.00 0.00 0.00 0.00 0.00 0.00 0.00 0.00 0.00 0.18 0.40 0.61 0.81 1.10 1.15 1.07 1.11 0.75 0.34 0.00 0.00 0.00 0.00 0.00
0.00 0.00 0.00 0.00 0.00 0.00 0.00 0.00 0.00 0.92 2.03 3.10 4.08 5.59 5.82 5.43 5.62 3.79 1.71 0.00 0.00 0.00 0.00 0.00
0.00 0.00 0.00 0.00 0.00 0.00 0.00 0.00 0.00 4.72 10.38 15.81 20.84 28.52 29.72 27.73 28.69 19.37 8.75 0.00 0.00 0.00 0.00 0.00
0.00 0.00 0.00 0.00 0.00 0.00 0.00 0.00 0.00 0.33 3.70 6.43 9.29 11.19 11.70 10.92 8.84 6.09 3.25 0.00 0.00 0.00 0.00 0.00
0.00 0.00 0.00 0.00 0.00 0.00 0.00 0.00 0.00 7.98 76.74 131.69 187.99 218.95 228.39 214.83 184.22 124.81 63.13 0.00 0.00 0.00 0.00 0.00
0.00 0.00 0.00 0.00 0.00 0.00 0.00 0.00 0.00 0.44 1.96 3.17 4.35 7.86 8.47 8.13 9.01 6.61 3.34 0.00 0.00 0.00 0.00 0.00
0.00 0.00 0.00 0.00 0.00 0.00 0.00 0.00 0.00 5.12 34.12 57.38 80.26 107.17 109.39 101.54 84.63 58.65 26.69 0.00 0.00 0.00 0.00 0.00
0.00 0.00 0.00 0.00 0.00 0.00 0.00 0.00 0.00 0.13 1.28 2.19 3.13 3.65 3.81 3.58 3.07 2.08 1.05 0.00 0.00 0.00 0.00 0.00
0.00 0.00 0.00 0.00 0.00 0.00 0.00 0.00 0.00 5.98 57.56 98.77 141.00 164.21 171.29 161.12 138.16 93.61 47.35 0.00 0.00 0.00 0.00 0.00
0.00 0.00 0.00 0.00 0.00 0.00 0.00 0.00 0.00 7.68 73.86 126.76 180.94 210.74 219.82 206.78 177.31 120.13 60.77 0.00 0.00 0.00 0.00 0.00
0.00 0.00 0.00 0.00 0.00 0.00 0.00 0.00 0.00 9.51 134.31 235.12 334.13 375.97 389.78 364.56 307.78 209.12 104.81 0.00 0.00 0.00 0.00 0.00
0.00 0.00 0.00 0.00 0.00 0.00 0.00 0.00 0.00 0.25 0.93 1.45 2.04 2.21 2.37 2.22 2.27 1.54 0.73 0.00 0.00 0.00 0.00 0.00
0.00 0.00 0.00 0.00 0.00 0.00 0.00 0.00 0.00 0.31 1.05 1.64 2.32 2.62 2.78 2.62 2.52 1.71 0.81 0.00 0.00 0.00 0.00 0.00
0.00 0.00 0.00 0.00 0.00 0.00 0.00 0.00 0.00 1.82 8.08 13.08 17.94 32.41 34.93 33.53 37.16 27.27 13.77 0.00 0.00 0.00 0.00 0.00
0.00 0.00 0.00 0.00 0.00 0.00 0.00 0.00 0.00 0.00 88.61 169.28 239.97 276.23 294.23 276.72 235.93 162.02 80.54 0.00 0.00 0.00 0.00 0.00
0.00 0.00 0.00 0.00 0.00 0.00 0.00 0.00 0.00 0.08 0.29 0.45 0.61 0.82 0.85 0.81 0.80 0.54 0.24 0.00 0.00 0.00 0.00 0.00
0.00 0.00 0.00 0.00 0.00 0.00 0.00 0.00 0.00 2.21 19.63 33.42 47.25 55.71 57.00 52.76 44.36 30.46 14.82 0.00 0.00 0.00 0.00 0.00
0.00 0.00 0.00 0.00 0.00 0.00 0.00 0.00 0.00 0.43 6.19 10.99 15.88 19.44 20.87 19.50 14.28 10.11 5.66 0.28 0.00 0.00 0.00 0.00
0.00 0.00 0.00 0.00 0.00 0.00 0.00 0.00 0.00 0.64 1.31 2.03 2.72 2.36 2.35 2.14 1.96 1.30 0.48 0.00 0.00 0.00 0.00 0.00
0.00 0.00 0.00 0.00 0.00 0.00 0.00 0.00 0.00 0.32 0.65 1.01 1.36 1.18 1.17 1.07 0.98 0.65 0.24 0.00 0.00 0.00 0.00 0.00
0.00 0.00 0.00 0.00 0.00 0.00 0.00 0.00 0.00 0.70 1.43 2.22 2.98 2.58 2.57 2.34 2.14 1.42 0.52 0.00 0.00 0.00 0.00 0.00
0.00 0.00 0.00 0.00 0.00 0.00 0.00 0.00 0.00 0.86 1.77 2.73 3.63 3.04 3.08 2.85 2.54 1.69 0.64 0.00 0.00 0.00 0.00 0.00
0.00 0.00 0.00 0.00 0.00 0.00 0.00 0.00 0.00 1.31 2.69 4.16 5.53 4.64 4.69 4.34 3.87 2.57 0.97 0.00 0.00 0.00 0.00 0.00
0.00 0.00 0.00 0.00 0.00 0.00 0.00 0.00 0.00 0.93 1.79 2.79 3.83 4.17 4.18 3.79 3.40 2.27 0.88 0.00 0.00 0.00 0.00 0.00
0.00 0.00 0.00 0.00 0.00 0.00 0.00 0.00 0.00 0.23 1.50 2.48 3.43 5.01 5.07 4.77 4.28 2.92 1.23 0.00 0.00 0.00 0.00 0.00
0.00 0.00 0.00 0.00 0.00 0.00 0.00 0.00 0.00 0.60 3.86 6.40 8.87 12.95 13.10 12.33 11.06 7.53 3.19 0.00 0.00 0.00 0.00 0.00
0.00 0.00 0.00 0.00 0.00 0.00 0.00 0.00 0.00 0.29 1.43 2.36 3.24 4.63 4.68 4.39 3.98 2.75 1.22 0.00 0.00 0.00 0.00 0.00
0.00 0.00 0.00 0.00 0.00 0.00 0.00 0.00 0.00 0.63 1.27 1.95 2.58 3.76 3.86 3.62 3.24 2.19 0.93 0.00 0.00 0.00 0.00 0.00
0.00 0.00 0.00 0.00 0.00 0.00 0.00 0.00 0.00 1.45 2.33 3.61 4.92 6.80 6.95 6.34 6.27 4.24 1.73 0.00 0.00 0.00 0.00 0.00
0.00 0.00 0.00 0.00 0.00 0.00 0.00 0.00 0.00 0.34 0.83 1.23 1.58 1.27 1.28 1.17 0.87 0.58 0.22 0.00 0.00 0.00 0.00 0.00
0.00 0.00 0.00 0.00 0.00 0.00 0.00 0.00 0.00 1.64 3.40 5.08 6.73 5.99 6.01 5.48 4.04 2.72 1.12 0.00 0.00 0.00 0.00 0.00
0.00 0.00 0.00 0.00 0.00 0.00 0.00 0.00 0.00 1.30 2.86 4.30 5.59 4.39 4.42 4.03 2.75 1.82 0.72 0.00 0.00 0.00 0.00 0.00
0.00 0.00 0.00 0.00 0.00 0.00 0.00 0.00 0.00 1.79 3.95 5.93 7.72 6.06 6.10 5.56 3.80 2.52 1.00 0.00 0.00 0.00 0.00 0.00
0.00 0.00 0.00 0.00 0.00 0.00 0.00 0.00 0.00 1.22 2.69 4.04 5.26 4.13 4.15 3.78 2.59 1.71 0.68 0.00 0.00 0.00 0.00 0.00
0.00 0.00 0.00 0.00 0.00 0.00 0.00 0.00 0.00 0.87 1.81 2.71 3.59 3.20 3.21 2.92 2.15 1.45 0.60 0.00 0.00 0.00 0.00 0.00
0.00 0.00 0.00 0.00 0.00 0.00 0.00 0.00 0.00 1.11 2.68 4.00 5.08 3.95 4.04 3.66 2.62 1.74 0.67 0.00 0.00 0.00 0.00 0.00
0.00 0.00 0.00 0.00 0.00 0.00 0.00 0.00 0.00 0.52 1.15 1.75 2.31 3.16 3.29 3.07 3.18 2.15 0.97 0.00 0.00 0.00 0.00 0.00
0.00 0.00 0.00 0.00 0.00 0.00 0.00 0.00 0.00 6.52 19.01 29.43 41.52 47.39 49.54 47.32 44.01 30.06 15.47 0.00 0.00 0.00 0.00 0.00
0.00 0.00 0.00 0.00 0.00 0.00 0.00 0.00 0.00 0.32 1.21 1.88 2.59 3.39 3.55 3.36 3.21 2.21 1.02 0.00 0.00 0.00 0.00 0.00
0.00 0.00 0.00 0.00 0.00 0.00 0.00 0.00 0.00 0.71 1.50 2.31 3.19 4.74 4.84 4.56 3.17 2.16 0.96 0.00 0.00 0.00 0.00 0.00
0.00 0.00 0.00 0.00 0.00 0.00 0.00 0.00 0.00 0.32 0.69 1.06 1.46 2.17 2.22 2.09 1.45 0.99 0.44 0.00 0.00 0.00 0.00 0.00
0.00 0.00 0.00 0.00 0.00 0.00 0.00 0.00 0.00 0.37 1.55 2.42 3.31 4.21 4.39 4.16 4.25 2.95 1.36 0.00 0.00 0.00 0.00 0.00
0.00 0.00 0.00 0.00 0.00 0.00 0.00 0.00 0.00 0.20 0.71 1.10 1.49 2.00 2.07 1.96 1.94 1.32 0.58 0.00 0.00 0.00 0.00 0.00
0.00 0.00 0.00 0.00 0.00 0.00 0.00 0.00 0.00 1.88 8.36 13.54 18.57 33.56 36.17 34.72 38.47 28.23 14.26 0.00 0.00 0.00 0.00 0.00
0.00 0.00 0.00 0.00 0.00 0.00 0.00 0.00 0.00 1.22 8.16 13.72 19.19 25.63 26.16 24.28 20.24 14.03 6.38 0.00 0.00 0.00 0.00 0.00
0.00 0.00 0.00 0.00 0.00 0.00 0.00 0.00 0.00 0.27 1.81 3.03 4.22 5.92 6.01 5.57 4.59 3.17 1.46 0.00 0.00 0.00 0.00 0.00
0.00 0.00 0.00 0.00 0.00 0.00 0.00 0.00 0.00 0.26 2.12 3.51 4.87 7.30 7.55 7.02 5.83 4.00 1.88 0.00 0.00 0.00 0.00 0.00
0.00 0.00 0.00 0.00 0.00 0.00 0.00 0.00 0.00 0.42 3.39 5.61 7.80 11.67 12.07 11.24 9.33 6.40 3.00 0.00 0.00 0.00 0.00 0.00
0.00 0.00 0.00 0.00 0.00 0.00 0.00 0.00 0.00 8.91 100.74 174.97 252.91 304.67 318.50 297.43 240.61 165.83 88.42 0.00 0.00 0.00 0.00 0.00
