0.00 0.00 0.00 0.00 0.00 0.00 0.00 0.08 1.02 1.94 3.05 4.00 4.66 5.13 5.29 5.10 4.63 3.83 2.75 1.59 0.71 0.00 0.00 0.00
0.00 0.00 0.00 0.00 0.00 0.00 0.00 3.39 20.17 36.12 54.00 69.83 80.77 86.76 88.26 84.02 72.42 57.27 38.84 17.75 4.90 0.00 0.00 0.00
0.00 0.00 0.00 0.00 0.00 0.00 0.00 1.88 23.42 44.41 69.76 91.37 106.50 117.36 120.99 116.66 105.98 87.52 62.86 36.28 16.23 0.00 0.00 0.00
0.00 0.00 0.00 0.00 0.00 0.00 0.00 6.68 83.23 157.82 247.91 324.74 378.49 417.10 430.01 414.60 376.65 311.03 223.41 128.93 57.66 0.00 0.00 0.00
0.00 0.00 0.00 0.00 0.00 0.00 0.00 1.22 4.09 6.78 8.87 11.12 12.62 13.28 13.31 12.55 12.93 10.10 6.65 2.83 0.64 0.00 0.00 0.00
0.00 0.00 0.00 0.00 0.00 0.00 0.00 0.02 169.15 335.33 529.12 697.38 816.35 905.62 935.21 922.99 758.30 627.83 460.01 304.89 138.52 0.00 0.00 0.00
0.00 0.00 0.00 0.00 0.00 0.00 0.00 0.76 2.60 4.34 6.33 7.97 9.13 9.58 9.56 9.16 8.36 6.74 4.67 2.32 0.82 0.00 0.00 0.00
0.00 0.00 0.00 0.00 0.00 0.00 0.00 0.24 1.22 2.14 3.16 4.12 4.75 4.69 4.73 4.49 4.22 3.40 2.31 1.16 0.34 0.00 0.00 0.00
0.00 0.00 0.00 0.00 0.00 0.00 0.00 0.38 1.95 3.42 5.06 6.58 7.61 7.50 7.57 7.18 6.75 5.44 3.69 1.86 0.54 0.00 0.00 0.00
0.00 0.00 0.00 0.00 0.00 0.00 0.00 0.38 1.95 3.42 5.06 6.58 7.61 7.50 7.57 7.18 6.75 5.44 3.69 1.86 0.54 0.00 0.00 0.00
0.00 0.00 0.00 0.00 0.00 0.00 0.00 0.81 4.57 8.14 12.61 16.73 19.41 20.54 20.73 19.66 15.72 12.49 8.57 4.82 1.64 0.00 0.00 0.00
0.00 0.00 0.00 0.00 0.00 0.00 0.00 0.38 2.14 3.81 5.95 7.82 9.08 9.44 9.60 9.11 7.39 5.88 4.01 2.27 0.76 0.00 0.00 0.00
0.00 0.00 0.00 0.00 0.00 0.00 0.00 0.49 2.75 4.90 7.65 10.06 11.67 12.14 12.34 11.71 9.51 7.57 5.15 2.92 0.98 0.00 0.00 0.00
0.00 0.00 0.00 0.00 0.00 0.00 0.00 0.32 1.83 3.26 5.10 6.71 7.78 8.09 8.23 7.81 6.34 5.04 3.44 1.95 0.65 0.00 0.00 0.00
0.00 0.00 0.00 0.00 0.00 0.00 0.00 0.32 1.83 3.26 5.10 6.71 7.78 8.09 8.23 7.81 6.34 5.04 3.44 1.95 0.65 0.00 0.00 0.00
0.00 0.00 0.00 0.00 0.00 0.00 0.00 1.02 22.28 42.61 66.66 86.39 100.34 110.73 112.40 107.13 96.60 75.45 52.34 26.22 8.29 0.00 0.00 0.00
0.00 0.00 0.00 0.00 0.00 0.00 0.00 2.81 14.27 25.15 38.78 51.02 59.81 63.17 62.59 58.50 44.99 35.83 24.67 13.78 4.63 0.00 0.00 0.00
0.00 0.00 0.00 0.00 0.00 0.00 0.00 2.49 12.62 22.24 32.77 42.65 50.01 53.88 53.42 49.61 42.71 34.21 23.47 11.55 4.10 0.00 0.00 0.00
0.00 0.00 0.00 0.00 0.00 0.00 0.00 0.01 49.89 98.91 156.07 205.70 240.79 267.13 275.85 272.25 223.67 185.19 135.69 89.93 40.86 0.00 0.00 0.00
0.00 0.00 0.00 0.00 0.00 0.00 0.00 0.01 47.46 94.08 148.46 195.67 229.05 254.10 262.40 258.97 212.76 176.15 129.07 85.54 38.86 0.00 0.00 0.00
0.00 0.00 0.00 0.00 0.00 0.00 0.00 0.01 91.27 180.93 285.50 376.29 440.48 488.65 504.61 498.02 409.15 338.76 248.21 164.51 74.74 0.00 0.00 0.00
0.00 0.00 0.00 0.00 0.00 0.00 0.00 0.01 89.75 177.92 280.74 370.01 433.13 480.50 496.20 489.72 402.34 333.11 244.07 161.77 73.49 0.00 0.00 0.00
0.00 0.00 0.00 0.00 0.00 0.00 0.00 10.06 108.99 205.11 318.40 421.11 496.64 538.48 554.21 537.30 491.11 404.64 294.14 168.73 77.98 0.00 0.00 0.00
0.00 0.00 0.00 0.00 0.00 0.00 0.00 0.24 1.22 2.14 3.16 4.12 4.75 4.69 4.73 4.49 4.22 3.40 2.31 1.16 0.34 0.00 0.00 0.00
0.00 0.00 0.00 0.00 0.00 0.00 0.00 1.21 6.16 10.82 16.02 20.85 24.09 23.76 23.98 22.73 21.36 17.23 11.69 5.89 1.72 0.00 0.00 0.00
0.00 0.00 0.00 0.00 0.00 0.00 0.00 6.17 31.46 55.23 81.81 106.44 122.99 121.32 122.40 116.05 109.07 87.98 59.66 30.05 8.80 0.00 0.00 0.00
0.00 0.00 0.00 0.00 0.00 0.00 0.00 0.00 3.41 6.75 10.66 14.05 16.44 18.24 18.84 18.59 15.28 12.65 9.27 6.14 2.79 0.00 0.00 0.00
0.00 0.00 0.00 0.00 0.00 0.00 0.00 6.58 81.93 155.36 244.04 319.67 372.59 410.60 423.30 408.13 370.78 306.18 219.93 126.92 56.77 0.00 0.00 0.00
0.00 0.00 0.00 0.00 0.00 0.00 0.00 0.49 6.18 11.66 18.42 25.17 30.24 33.09 33.14 31.56 28.42 23.04 16.02 9.55 3.70 0.00 0.00 0.00
0.00 0.00 0.00 0.00 0.00 0.00 0.00 8.83 45.94 81.59 126.23 163.99 190.83 202.09 204.98 193.36 177.42 146.14 105.03 58.39 25.15 0.00 0.00 0.00
0.00 0.00 0.00 0.00 0.00 0.00 0.00 0.11 1.37 2.59 4.07 5.33 6.21 6.84 7.06 6.80 6.18 5.10 3.67 2.12 0.95 0.00 0.00 0.00
0.00 0.00 0.00 0.00 0.00 0.00 0.00 4.93 61.45 116.52 183.03 239.76 279.44 307.95 317.48 306.10 278.08 229.64 164.95 95.19 42.57 0.00 0.00 0.00
0.00 0.00 0.00 0.00 0.00 0.00 0.00 6.33 78.86 149.54 234.89 307.69 358.62 395.20 407.43 392.83 356.88 294.70 211.68 122.16 54.64 0.00 0.00 0.00
0.00 0.00 0.00 0.00 0.00 0.00 0.00 13.27 143.74 270.49 419.89 555.33 654.94 710.12 730.86 708.56 647.65 533.62 387.89 222.52 102.83 0.00 0.00 0.00
0.00 0.00 0.00 0.00 0.00 0.00 0.00 0.48 3.24 5.85 9.27 12.15 14.31 14.71 14.81 13.82 10.97 8.80 6.05 3.49 1.18 0.00 0.00 0.00
0.00 0.00 0.00 0.00 0.00 0.00 0.00 0.63 4.07 7.33 11.68 15.33 17.87 18.44 18.57 17.45 14.27 11.42 7.89 4.48 1.52 0.00 0.00 0.00
0.00 0.00 0.00 0.00 0.00 0.00 0.00 2.00 25.50 48.12 76.00 103.82 124.76 136.50 136.71 130.19 117.22 95.04 66.08 39.39 15.26 0.00 0.00 0.00
0.00 0.00 0.00 0.00 0.00 0.00 0.00 11.16 105.97 198.40 302.69 407.88 490.84 541.79 554.38 530.70 486.12 402.86 292.08 177.75 90.51 1.56 0.00 0.00
0.00 0.00 0.00 0.00 0.00 0.00 0.00 0.25 1.17 2.04 2.91 3.83 4.47 4.90 4.87 4.51 3.25 2.59 1.79 0.99 0.33 0.00 0.00 0.00
0.00 0.00 0.00 0.00 0.00 0.00 0.00 2.80 21.89 40.41 62.25 81.98 95.06 102.29 104.15 99.45 91.65 75.76 54.06 30.81 13.59 0.00 0.00 0.00
0.00 0.00 0.00 0.00 0.00 0.00 0.00 0.00 5.51 11.54 18.37 24.86 29.47 31.52 32.26 31.20 19.75 16.42 12.06 6.74 3.15 0.00 0.00 0.00
0.00 0.00 0.00 0.00 0.00 0.00 0.00 0.92 3.01 4.98 7.26 9.19 10.41 11.06 10.92 10.41 9.46 7.50 5.25 2.57 0.88 0.00 0.00 0.00
0.00 0.00 0.00 0.00 0.00 0.00 0.00 0.46 1.51 2.49 3.63 4.60 5.20 5.53 5.46 5.20 4.73 3.75 2.63 1.29 0.44 0.00 0.00 0.00
0.00 0.00 0.00 0.00 0.00 0.00 0.00 1.01 3.29 5.45 7.94 10.05 11.38 12.09 11.94 11.38 10.34 8.21 5.74 2.82 0.96 0.00 0.00 0.00
0.00 0.00 0.00 0.00 0.00 0.00 0.00 1.20 4.02 6.68 9.64 12.23 13.95 14.62 14.38 13.70 12.47 10.04 6.94 3.37 1.14 0.00 0.00 0.00
0.00 0.00 0.00 0.00 0.00 0.00 0.00 1.82 6.12 10.18 14.69 18.64 21.26 22.28 21.91 20.88 19.01 15.30 10.58 5.14 1.74 0.00 0.00 0.00
0.00 0.00 0.00 0.00 0.00 0.00 0.00 1.53 5.33 8.92 12.98 16.21 18.63 19.58 19.62 18.62 16.95 13.48 9.46 4.77 1.68 0.00 0.00 0.00
0.00 0.00 0.00 0.00 0.00 0.00 0.00 0.93 3.85 6.64 9.96 13.09 15.23 16.28 16.27 15.54 14.16 11.44 8.12 4.58 1.91 0.00 0.00 0.00
0.00 0.00 0.00 0.00 0.00 0.00 0.00 2.40 9.95 17.16 25.74 33.81 39.35 42.06 42.02 40.14 36.59 29.56 20.97 11.84 4.94 0.00 0.00 0.00
0.00 0.00 0.00 0.00 0.00 0.00 0.00 0.55 2.59 4.56 7.01 9.11 10.60 11.20 11.11 10.49 9.64 7.78 5.54 3.15 1.31 0.00 0.00 0.00
0.00 0.00 0.00 0.00 0.00 0.00 0.00 1.28 5.29 9.06 12.27 15.90 18.30 20.26 20.14 18.83 13.54 10.94 7.55 4.34 1.37 0.00 0.00 0.00
0.00 0.00 0.00 0.00 0.00 0.00 0.00 2.48 9.46 16.06 23.41 29.99 34.46 36.79 37.15 34.77 30.36 24.02 16.44 7.04 2.34 0.00 0.00 0.00
0.00 0.00 0.00 0.00 0.00 0.00 0.00 0.39 1.30 2.16 2.87 3.57 3.98 3.66 3.64 3.38 3.19 2.52 1.71 0.97 0.23 0.00 0.00 0.00
0.00 0.00 0.00 0.00 0.00 0.00 0.00 1.78 6.89 11.66 16.23 20.61 23.26 22.73 22.48 21.22 18.74 15.11 10.35 5.46 1.43 0.00 0.00 0.00
0.00 0.00 0.00 0.00 0.00 0.00 0.00 1.34 4.80 8.03 11.40 14.32 16.03 16.91 16.59 16.00 14.07 11.25 7.66 3.75 0.93 0.00 0.00 0.00
0.00 0.00 0.00 0.00 0.00 0.00 0.00 1.84 6.63 11.09 15.73 19.76 22.13 23.34 22.90 22.08 19.42 15.53 10.57 5.18 1.28 0.00 0.00 0.00
0.00 0.00 0.00 0.00 0.00 0.00 0.00 1.26 4.51 7.55 10.72 13.46 15.07 15.90 15.60 15.04 13.23 10.58 7.20 3.53 0.87 0.00 0.00 0.00
0.00 0.00 0.00 0.00 0.00 0.00 0.00 0.95 3.67 6.22 8.66 10.99 12.41 12.12 11.99 11.32 9.99 8.06 5.52 2.91 0.76 0.00 0.00 0.00
0.00 0.00 0.00 0.00 0.00 0.00 0.00 1.04 3.57 5.94 8.31 10.42 11.77 12.32 12.41 11.81 11.61 9.14 6.04 2.65 0.61 0.00 0.00 0.00
0.00 0.00 0.00 0.00 0.00 0.00 0.00 0.68 3.49 6.12 9.07 11.80 13.63 13.45 13.57 12.86 12.09 9.75 6.61 3.33 0.98 0.00 0.00 0.00
0.00 0.00 0.00 0.00 0.00 0.00 0.00 1.33 29.00 55.46 86.77 112.45 130.61 144.13 146.30 139.44 125.73 98.21 68.13 34.13 10.78 0.00 0.00 0.00
0.00 0.00 0.00 0.00 0.00 0.00 0.00 0.92 5.18 9.23 14.29 18.96 22.00 23.28 23.49 22.28 17.81 14.16 9.72 5.46 1.86 0.00 0.00 0.00
0.00 0.00 0.00 0.00 0.00 0.00 0.00 1.68 8.06 14.04 20.88 27.18 31.72 31.36 31.18 29.27 23.04 18.11 12.40 6.75 2.16 0.00 0.00 0.00
0.00 0.00 0.00 0.00 0.00 0.00 0.00 0.77 3.69 6.44 9.57 12.46 14.54 14.37 14.29 13.41 10.56 8.30 5.68 3.10 0.99 0.00 0.00 0.00
0.00 0.00 0.00 0.00 0.00 0.00 0.00 1.17 6.51 11.59 17.76 23.53 27.36 29.06 29.27 27.68 22.10 17.59 12.05 6.69 2.28 0.00 0.00 0.00
0.00 0.00 0.00 0.00 0.00 0.00 0.00 0.61 2.84 4.96 7.08 9.30 10.85 11.90 11.83 10.95 7.90 6.29 4.34 2.40 0.79 0.00 0.00 0.00
0.00 0.00 0.00 0.00 0.00 0.00 0.00 2.07 26.40 49.82 78.69 107.50 129.17 141.33 141.54 134.79 121.37 98.40 68.42 40.78 15.80 0.00 0.00 0.00
0.00 0.00 0.00 0.00 0.00 0.00 0.00 2.11 10.99 19.51 30.18 39.22 45.63 48.33 49.02 46.24 42.43 34.95 25.12 13.96 6.01 0.00 0.00 0.00
0.00 0.00 0.00 0.00 0.00 0.00 0.00 0.45 2.48 4.44 6.85 8.88 10.36 11.01 11.10 10.46 9.42 7.64 5.49 3.22 1.38 0.00 0.00 0.00
0.00 0.00 0.00 0.00 0.00 0.00 0.00 0.53 3.20 5.77 8.67 11.25 12.99 13.76 13.76 13.12 12.01 9.90 7.14 4.26 1.78 0.00 0.00 0.00
0.00 0.00 0.00 0.00 0.00 0.00 0.00 0.85 5.12 9.23 13.87 17.99 20.78 22.01 22.01 20.99 19.22 15.84 11.42 6.81 2.84 0.00 0.00 0.00
0.00 0.00 0.00 0.00 0.00 0.00 0.00 0.01 92.79 183.95 290.26 382.56 447.82 496.79 513.02 506.32 415.97 344.41 252.34 167.25 75.98 0.00 0.00 0.00
