0.00 0.00 0.00 0.00 0.00 0.00 0.00 0.00 0.32 1.19 2.18 3.04 3.78 4.24 4.34 4.10 3.46 2.55 1.50 0.28 0.00 0.00 0.00 0.00
0.00 0.00 0.00 0.00 0.00 0.00 0.00 0.00 10.57 26.71 43.41 56.22 68.13 73.38 71.13 65.43 59.13 42.07 24.31 2.11 0.00 0.00 0.00 0.00
0.00 0.00 0.00 0.00 0.00 0.00 0.00 0.00 7.24 27.15 49.78 69.62 86.33 96.91 99.15 93.65 79.15 58.38 34.26 6.40 0.00 0.00 0.00 0.00
0.00 0.00 0.00 0.00 0.00 0.00 0.00 0.00 25.74 96.47 176.90 247.41 306.82 344.43 352.38 332.82 281.30 207.49 121.75 22.74 0.00 0.00 0.00 0.00
0.00 0.00 0.00 0.00 0.00 0.00 0.00 0.00 2.50 5.50 8.36 10.70 12.30 13.07 12.63 11.43 9.41 6.58 3.68 0.13 0.00 0.00 0.00 0.00
0.00 0.00 0.00 0.00 0.00 0.00 0.00 0.00 48.17 206.88 393.85 554.79 687.48 767.56 784.80 759.32 638.42 472.97 281.09 58.21 0.00 0.00 0.00 0.00
0.00 0.00 0.00 0.00 0.00 0.00 0.00 0.00 1.13 2.77 4.59 6.08 7.26 7.63 7.68 7.07 5.84 4.15 2.35 0.18 0.00 0.00 0.00 0.00
0.00 0.00 0.00 0.00 0.00 0.00 0.00 0.00 0.59 1.47 2.87 3.81 4.46 4.29 4.22 3.92 3.26 2.34 1.31 0.15 0.00 0.00 0.00 0.00
0.00 0.00 0.00 0.00 0.00 0.00 0.00 0.00 0.94 2.36 4.60 6.10 7.13 6.87 6.75 6.27 5.22 3.75 2.10 0.24 0.00 0.00 0.00 0.00
0.00 0.00 0.00 0.00 0.00 0.00 0.00 0.00 0.94 2.36 4.60 6.10 7.13 6.87 6.75 6.27 5.22 3.75 2.10 0.24 0.00 0.00 0.00 0.00
0.00 0.00 0.00 0.00 0.00 0.00 0.00 0.00 2.29 6.14 10.48 14.17 17.18 19.44 19.55 18.10 15.23 10.77 6.03 0.69 0.00 0.00 0.00 0.00
0.00 0.00 0.00 0.00 0.00 0.00 0.00 0.00 1.08 2.89 4.97 6.78 8.21 9.18 9.11 8.41 7.13 5.04 2.80 0.34 0.00 0.00 0.00 0.00
0.00 0.00 0.00 0.00 0.00 0.00 0.00 0.00 1.39 3.72 6.39 8.71 10.56 11.81 11.71 10.81 9.16 6.48 3.59 0.43 0.00 0.00 0.00 0.00
0.00 0.00 0.00 0.00 0.00 0.00 0.00 0.00 0.93 2.48 4.26 5.81 7.04 7.87 7.81 7.21 6.11 4.32 2.40 0.29 0.00 0.00 0.00 0.00
0.00 0.00 0.00 0.00 0.00 0.00 0.00 0.00 0.93 2.48 4.26 5.81 7.04 7.87 7.81 7.21 6.11 4.32 2.40 0.29 0.00 0.00 0.00 0.00
0.00 0.00 0.00 0.00 0.00 0.00 0.00 0.00 11.98 34.44 60.19 81.03 96.67 97.91 97.81 91.01 62.86 45.51 25.26 4.98 0.00 0.00 0.00 0.00
0.00 0.00 0.00 0.00 0.00 0.00 0.00 0.00 7.01 18.42 31.22 41.90 50.56 57.14 57.36 52.85 42.58 30.11 16.92 1.82 0.00 0.00 0.00 0.00
0.00 0.00 0.00 0.00 0.00 0.00 0.00 0.00 5.58 15.03 25.73 34.46 41.23 46.28 45.67 42.67 36.34 26.29 15.06 1.58 0.00 0.00 0.00 0.00
0.00 0.00 0.00 0.00 0.00 0.00 0.00 0.00 14.21 61.02 116.17 163.64 202.78 226.40 231.49 223.97 188.31 139.51 82.91 17.17 0.00 0.00 0.00 0.00
0.00 0.00 0.00 0.00 0.00 0.00 0.00 0.00 13.52 58.05 110.51 155.66 192.89 215.36 220.20 213.05 179.12 132.70 78.87 16.33 0.00 0.00 0.00 0.00
0.00 0.00 0.00 0.00 0.00 0.00 0.00 0.00 25.99 111.63 212.51 299.34 370.94 414.15 423.45 409.71 344.47 255.20 151.67 31.41 0.00 0.00 0.00 0.00
0.00 0.00 0.00 0.00 0.00 0.00 0.00 0.00 25.56 109.77 208.97 294.36 364.76 407.25 416.40 402.88 338.73 250.94 149.14 30.89 0.00 0.00 0.00 0.00
0.00 0.00 0.00 0.00 0.00 0.00 0.00 0.00 31.65 123.39 229.14 319.72 399.79 445.74 456.75 430.04 366.92 272.84 161.16 30.97 0.00 0.00 0.00 0.00
0.00 0.00 0.00 0.00 0.00 0.00 0.00 0.00 0.59 1.47 2.87 3.81 4.46 4.29 4.22 3.92 3.26 2.34 1.31 0.15 0.00 0.00 0.00 0.00
0.00 0.00 0.00 0.00 0.00 0.00 0.00 0.00 2.98 7.47 14.55 19.33 22.59 21.74 21.39 19.85 16.52 11.86 6.64 0.77 0.00 0.00 0.00 0.00
0.00 0.00 0.00 0.00 0.00 0.00 0.00 0.00 15.20 38.14 74.30 98.68 115.34 111.00 109.19 101.32 84.31 60.55 33.92 3.93 0.00 0.00 0.00 0.00
0.00 0.00 0.00 0.00 0.00 0.00 0.00 0.00 0.97 4.17 7.93 11.18 13.85 15.46 15.81 15.30 12.86 9.53 5.66 1.17 0.00 0.00 0.00 0.00
0.00 0.00 0.00 0.00 0.00 0.00 0.00 0.00 25.34 94.97 174.15 243.55 302.04 339.06 346.88 327.63 276.92 204.26 119.85 22.38 0.00 0.00 0.00 0.00
0.00 0.00 0.00 0.00 0.00 0.00 0.00 0.00 2.72 8.65 15.34 21.26 26.23 26.86 26.80 24.80 17.86 12.86 7.76 1.65 0.00 0.00 0.00 0.00
0.00 0.00 0.00 0.00 0.00 0.00 0.00 0.00 16.27 50.86 89.20 122.92 149.49 166.00 169.79 157.48 129.14 95.69 54.80 7.61 0.00 0.00 0.00 0.00
0.00 0.00 0.00 0.00 0.00 0.00 0.00 0.00 0.42 1.58 2.90 4.06 5.03 5.65 5.78 5.46 4.62 3.40 2.00 0.37 0.00 0.00 0.00 0.00
0.00 0.00 0.00 0.00 0.00 0.00 0.00 0.00 19.00 71.23 130.61 182.67 226.53 254.29 260.16 245.73 207.69 153.19 89.89 16.79 0.00 0.00 0.00 0.00
0.00 0.00 0.00 0.00 0.00 0.00 0.00 0.00 24.39 91.41 167.62 234.42 290.71 326.35 333.88 315.35 266.53 196.60 115.36 21.54 0.00 0.00 0.00 0.00
0.00 0.00 0.00 0.00 0.00 0.00 0.00 0.00 41.73 162.72 302.18 421.63 527.22 587.81 602.35 567.12 483.87 359.81 212.53 40.85 0.00 0.00 0.00 0.00
0.00 0.00 0.00 0.00 0.00 0.00 0.00 0.00 1.63 4.48 7.80 10.63 12.94 14.38 14.32 13.19 10.46 7.48 4.19 0.64 0.00 0.00 0.00 0.00
0.00 0.00 0.00 0.00 0.00 0.00 0.00 0.00 2.06 5.63 9.80 13.36 16.25 18.08 17.98 16.50 13.35 9.55 5.32 0.76 0.00 0.00 0.00 0.00
0.00 0.00 0.00 0.00 0.00 0.00 0.00 0.00 11.21 35.68 63.27 87.69 108.21 110.80 110.53 102.29 73.68 53.06 32.01 6.81 0.00 0.00 0.00 0.00
0.00 0.00 0.00 0.00 0.00 0.00 0.00 0.00 22.98 112.78 217.55 302.62 378.02 435.57 446.81 418.19 359.17 270.60 164.15 37.47 0.00 0.00 0.00 0.00
0.00 0.00 0.00 0.00 0.00 0.00 0.00 0.00 0.56 1.45 2.44 3.31 4.00 4.44 4.43 4.04 3.31 2.36 1.33 0.12 0.00 0.00 0.00 0.00
0.00 0.00 0.00 0.00 0.00 0.00 0.00 0.00 7.01 24.34 43.58 60.39 74.09 82.93 83.95 79.14 67.97 49.71 28.52 4.89 0.00 0.00 0.00 0.00
0.00 0.00 0.00 0.00 0.00 0.00 0.00 0.00 1.34 7.18 13.99 20.07 25.09 28.09 28.53 26.67 22.93 17.14 10.65 2.54 0.00 0.00 0.00 0.00
0.00 0.00 0.00 0.00 0.00 0.00 0.00 0.00 1.36 3.27 5.27 6.87 8.16 8.56 8.65 8.00 6.39 4.48 2.54 0.17 0.00 0.00 0.00 0.00
0.00 0.00 0.00 0.00 0.00 0.00 0.00 0.00 0.68 1.63 2.63 3.44 4.08 4.28 4.32 4.00 3.20 2.24 1.27 0.08 0.00 0.00 0.00 0.00
0.00 0.00 0.00 0.00 0.00 0.00 0.00 0.00 1.49 3.57 5.76 7.51 8.93 9.36 9.46 8.75 6.99 4.90 2.78 0.18 0.00 0.00 0.00 0.00
0.00 0.00 0.00 0.00 0.00 0.00 0.00 0.00 1.78 4.29 7.09 9.28 10.95 11.64 11.58 10.86 8.86 6.27 3.56 0.24 0.00 0.00 0.00 0.00
0.00 0.00 0.00 0.00 0.00 0.00 0.00 0.00 2.72 6.54 10.81 14.14 16.68 17.74 17.64 16.55 13.51 9.55 5.42 0.36 0.00 0.00 0.00 0.00
0.00 0.00 0.00 0.00 0.00 0.00 0.00 0.00 2.27 5.59 9.26 12.31 14.61 15.63 15.65 14.51 12.01 8.53 4.86 0.39 0.00 0.00 0.00 0.00
0.00 0.00 0.00 0.00 0.00 0.00 0.00 0.00 1.48 4.26 7.27 9.86 12.04 13.21 13.40 12.66 10.24 7.31 4.12 0.50 0.00 0.00 0.00 0.00
0.00 0.00 0.00 0.00 0.00 0.00 0.00 0.00 3.83 11.00 18.79 25.48 31.09 34.13 34.62 32.70 26.47 18.90 10.66 1.28 0.00 0.00 0.00 0.00
0.00 0.00 0.00 0.00 0.00 0.00 0.00 0.00 0.97 2.87 4.89 6.75 8.23 8.94 8.95 8.28 6.86 4.98 2.83 0.38 0.00 0.00 0.00 0.00
0.00 0.00 0.00 0.00 0.00 0.00 0.00 0.00 2.74 6.75 10.98 14.83 17.57 19.54 19.54 17.57 14.60 10.25 5.74 0.45 0.00 0.00 0.00 0.00
0.00 0.00 0.00 0.00 0.00 0.00 0.00 0.00 4.26 10.53 17.56 23.40 28.19 30.50 30.27 27.77 23.50 16.72 9.36 0.72 0.00 0.00 0.00 0.00
0.00 0.00 0.00 0.00 0.00 0.00 0.00 0.00 0.77 1.71 2.68 3.39 3.90 4.17 4.09 3.74 3.08 2.13 1.19 0.05 0.00 0.00 0.00 0.00
0.00 0.00 0.00 0.00 0.00 0.00 0.00 0.00 4.10 9.52 15.33 19.91 23.58 22.36 21.85 19.96 15.57 10.76 6.04 0.49 0.00 0.00 0.00 0.00
0.00 0.00 0.00 0.00 0.00 0.00 0.00 0.00 2.50 5.68 10.25 13.15 15.14 14.24 13.92 12.89 11.09 7.80 4.37 0.26 0.00 0.00 0.00 0.00
0.00 0.00 0.00 0.00 0.00 0.00 0.00 0.00 3.45 7.83 14.15 18.15 20.89 19.65 19.21 17.78 15.31 10.77 6.03 0.36 0.00 0.00 0.00 0.00
0.00 0.00 0.00 0.00 0.00 0.00 0.00 0.00 2.35 5.33 9.64 12.36 14.23 13.39 13.08 12.11 10.43 7.33 4.11 0.24 0.00 0.00 0.00 0.00
0.00 0.00 0.00 0.00 0.00 0.00 0.00 0.00 2.18 5.08 8.17 10.62 12.58 11.93 11.65 10.65 8.30 5.74 3.22 0.26 0.00 0.00 0.00 0.00
0.00 0.00 0.00 0.00 0.00 0.00 0.00 0.00 1.93 4.29 7.53 9.80 11.32 11.78 11.46 10.42 8.68 6.07 3.40 0.14 0.00 0.00 0.00 0.00
0.00 0.00 0.00 0.00 0.00 0.00 0.00 0.00 1.68 4.23 8.23 10.94 12.78 12.30 12.10 11.23 9.34 6.71 3.76 0.44 0.00 0.00 0.00 0.00
0.00 0.00 0.00 0.00 0.00 0.00 0.00 0.00 15.59 44.82 78.35 105.47 125.83 127.43 127.31 118.45 81.82 59.24 32.87 6.48 0.00 0.00 0.00 0.00
0.00 0.00 0.00 0.00 0.00 0.00 0.00 0.00 2.59 6.96 11.88 16.06 19.47 22.04 22.15 20.51 17.27 12.21 6.84 0.79 0.00 0.00 0.00 0.00
0.00 0.00 0.00 0.00 0.00 0.00 0.00 0.00 4.20 10.73 18.10 24.48 29.12 28.81 28.48 26.22 23.17 16.18 9.16 0.96 0.00 0.00 0.00 0.00
0.00 0.00 0.00 0.00 0.00 0.00 0.00 0.00 1.93 4.92 8.29 11.22 13.35 13.20 13.05 12.02 10.62 7.42 4.20 0.44 0.00 0.00 0.00 0.00
0.00 0.00 0.00 0.00 0.00 0.00 0.00 0.00 3.20 8.56 14.62 19.68 23.83 26.99 27.24 25.19 21.14 15.01 8.45 0.93 0.00 0.00 0.00 0.00
0.00 0.00 0.00 0.00 0.00 0.00 0.00 0.00 1.37 3.52 5.92 8.05 9.71 10.78 10.77 9.81 8.04 5.73 3.22 0.30 0.00 0.00 0.00 0.00
0.00 0.00 0.00 0.00 0.00 0.00 0.00 0.00 11.60 36.94 65.51 90.79 112.04 114.72 114.44 105.90 76.28 54.94 33.14 7.05 0.00 0.00 0.00 0.00
0.00 0.00 0.00 0.00 0.00 0.00 0.00 0.00 3.89 12.16 21.33 29.39 35.75 39.70 40.60 37.66 30.88 22.88 13.10 1.82 0.00 0.00 0.00 0.00
0.00 0.00 0.00 0.00 0.00 0.00 0.00 0.00 0.87 2.75 4.81 6.58 8.01 8.90 9.09 8.56 6.97 5.06 2.94 0.41 0.00 0.00 0.00 0.00
0.00 0.00 0.00 0.00 0.00 0.00 0.00 0.00 1.11 3.45 6.07 8.42 10.38 11.35 11.24 10.38 8.21 5.89 3.41 0.54 0.00 0.00 0.00 0.00
0.00 0.00 0.00 0.00 0.00 0.00 0.00 0.00 1.78 5.52 9.71 13.47 16.61 18.17 17.99 16.60 13.14 9.42 5.45 0.86 0.00 0.00 0.00 0.00
0.00 0.00 0.00 0.00 0.00 0.00 0.00 0.00 26.43 113.49 216.05 304.33 377.12 421.05 430.51 416.53 350.21 259.45 154.20 31.93 0.00 0.00 0.00 0.00
