0.00 0.00 0.00 0.00 0.00 0.00 0.00 0.25 1.13 1.97 2.91 3.83 4.62 5.14 5.29 4.98 4.41 3.58 2.59 1.51 0.68 0.00 0.00 0.00
0.00 0.00 0.00 0.00 0.00 0.00 0.00 4.91 17.84 30.15 46.47 60.13 70.20 78.22 78.16 72.73 63.21 50.05 33.46 12.30 3.37 0.00 0.00 0.00
0.00 0.00 0.00 0.00 0.00 0.00 0.00 5.67 25.77 45.16 66.59 87.58 105.68 117.49 120.98 113.98 100.79 81.87 59.12 34.47 15.56 0.00 0.00 0.00
0.00 0.00 0.00 0.00 0.00 0.00 0.00 20.15 91.60 160.49 236.64 311.26 375.60 417.54 429.96 405.09 358.21 290.96 210.12 122.51 55.30 0.00 0.00 0.00
0.00 0.00 0.00 0.00 0.00 0.00 0.00 1.36 3.60 6.00 7.21 9.13 10.41 8.32 8.30 7.52 5.79 4.53 3.02 1.41 0.32 0.00 0.00 0.00
0.00 0.00 0.00 0.00 0.00 0.00 0.00 31.38 198.26 358.84 537.55 711.00 854.90 925.68 948.86 902.01 830.42 674.93 478.30 275.24 126.12 0.00 0.00 0.00
0.00 0.00 0.00 0.00 0.00 0.00 0.00 0.75 1.99 3.31 5.12 6.58 7.60 8.10 8.18 7.65 3.38 2.71 1.87 1.43 0.51 0.00 0.00 0.00
0.00 0.00 0.00 0.00 0.00 0.00 0.00 0.30 0.99 1.64 2.69 3.44 3.94 4.91 5.01 4.71 4.11 3.21 2.19 0.83 0.24 0.00 0.00 0.00
0.00 0.00 0.00 0.00 0.00 0.00 0.00 0.47 1.58 2.63 4.31 5.50 6.31 7.85 8.02 7.54 6.57 5.14 3.50 1.33 0.39 0.00 0.00 0.00
0.00 0.00 0.00 0.00 0.00 0.00 0.00 0.47 1.58 2.63 4.31 5.50 6.31 7.85 8.02 7.54 6.57 5.14 3.50 1.33 0.39 0.00 0.00 0.00
0.00 0.00 0.00 0.00 0.00 0.00 0.00 1.29 4.49 7.53 11.32 15.23 18.10 16.92 16.94 16.08 11.83 9.58 6.68 3.61 1.22 0.00 0.00 0.00
0.00 0.00 0.00 0.00 0.00 0.00 0.00 0.60 2.10 3.51 5.18 6.96 8.26 7.59 7.68 7.24 5.43 4.37 3.03 1.63 0.55 0.00 0.00 0.00
0.00 0.00 0.00 0.00 0.00 0.00 0.00 0.77 2.70 4.52 6.65 8.95 10.62 9.76 9.87 9.31 6.98 5.62 3.89 2.10 0.70 0.00 0.00 0.00
0.00 0.00 0.00 0.00 0.00 0.00 0.00 0.52 1.80 3.01 4.44 5.97 7.08 6.51 6.58 6.21 4.66 3.74 2.60 1.40 0.47 0.00 0.00 0.00
0.00 0.00 0.00 0.00 0.00 0.00 0.00 0.52 1.80 3.01 4.44 5.97 7.08 6.51 6.58 6.21 4.66 3.74 2.60 1.40 0.47 0.00 0.00 0.00
0.00 0.00 0.00 0.00 0.00 0.00 0.00 4.49 24.57 43.62 67.60 88.23 100.48 112.26 114.26 108.90 97.18 76.70 52.23 24.30 7.55 0.00 0.00 0.00
0.00 0.00 0.00 0.00 0.00 0.00 0.00 4.36 14.42 23.95 32.88 43.60 52.07 47.32 47.86 44.96 35.26 28.38 20.05 10.48 3.52 0.00 0.00 0.00
0.00 0.00 0.00 0.00 0.00 0.00 0.00 3.91 12.88 21.40 30.71 39.25 46.25 45.46 46.07 44.02 33.94 26.99 18.69 9.00 3.20 0.00 0.00 0.00
0.00 0.00 0.00 0.00 0.00 0.00 0.00 9.25 58.48 105.85 158.56 209.72 252.16 273.04 279.88 266.06 244.94 199.08 141.08 81.19 37.20 0.00 0.00 0.00
0.00 0.00 0.00 0.00 0.00 0.00 0.00 8.80 55.63 100.68 150.82 199.49 239.86 259.72 266.23 253.08 233.00 189.37 134.20 77.23 35.39 0.00 0.00 0.00
0.00 0.00 0.00 0.00 0.00 0.00 0.00 16.93 106.98 193.62 290.05 383.63 461.28 499.47 511.97 486.70 448.07 364.17 258.07 148.51 68.05 0.00 0.00 0.00
0.00 0.00 0.00 0.00 0.00 0.00 0.00 16.65 105.19 190.39 285.21 377.24 453.59 491.14 503.44 478.59 440.60 358.10 253.77 146.04 66.91 0.00 0.00 0.00
0.00 0.00 0.00 0.00 0.00 0.00 0.00 28.22 122.38 213.14 306.08 404.94 490.38 531.09 543.08 533.65 484.39 391.55 284.38 170.38 79.48 0.00 0.00 0.00
0.00 0.00 0.00 0.00 0.00 0.00 0.00 0.30 0.99 1.64 2.69 3.44 3.94 4.91 5.01 4.71 4.11 3.21 2.19 0.83 0.24 0.00 0.00 0.00
0.00 0.00 0.00 0.00 0.00 0.00 0.00 1.50 5.00 8.32 13.65 17.41 19.98 24.86 25.39 23.86 20.82 16.27 11.08 4.20 1.23 0.00 0.00 0.00
0.00 0.00 0.00 0.00 0.00 0.00 0.00 7.63 25.54 42.47 69.70 88.90 102.01 126.90 129.61 121.83 106.28 83.09 56.58 21.43 6.27 0.00 0.00 0.00
0.00 0.00 0.00 0.00 0.00 0.00 0.00 0.63 3.99 7.23 10.83 14.32 17.22 18.65 19.11 18.17 16.73 13.60 9.63 5.54 2.54 0.00 0.00 0.00
0.00 0.00 0.00 0.00 0.00 0.00 0.00 19.83 90.17 157.98 232.95 306.41 369.74 411.04 423.25 398.77 352.63 286.43 206.85 120.60 54.43 0.00 0.00 0.00
0.00 0.00 0.00 0.00 0.00 0.00 0.00 1.23 5.76 10.09 15.36 21.33 27.00 30.86 31.70 30.67 28.07 22.62 15.80 8.68 3.36 0.00 0.00 0.00
0.00 0.00 0.00 0.00 0.00 0.00 0.00 11.30 37.37 62.68 100.22 128.24 149.81 176.79 185.11 176.38 165.64 135.29 97.10 48.55 21.10 0.00 0.00 0.00
0.00 0.00 0.00 0.00 0.00 0.00 0.00 0.33 1.50 2.63 3.88 5.11 6.16 6.85 7.05 6.65 5.88 4.77 3.45 2.01 0.91 0.00 0.00 0.00
0.00 0.00 0.00 0.00 0.00 0.00 0.00 14.88 67.63 118.49 174.71 229.80 277.31 308.28 317.44 299.08 264.47 214.82 155.14 90.45 40.83 0.00 0.00 0.00
0.00 0.00 0.00 0.00 0.00 0.00 0.00 19.09 86.79 152.06 224.22 294.92 355.88 395.62 407.38 383.82 339.40 275.69 199.09 116.08 52.39 0.00 0.00 0.00
0.00 0.00 0.00 0.00 0.00 0.00 0.00 37.21 161.39 281.08 403.64 534.01 646.69 700.38 716.19 703.76 638.79 516.35 375.03 224.69 104.82 0.00 0.00 0.00
0.00 0.00 0.00 0.00 0.00 0.00 0.00 0.89 3.34 5.65 8.41 11.09 13.16 12.78 12.87 12.21 9.78 7.71 5.38 2.70 0.91 0.00 0.00 0.00
0.00 0.00 0.00 0.00 0.00 0.00 0.00 1.14 4.21 7.11 10.54 13.80 16.49 15.46 15.64 14.92 11.61 9.11 6.45 3.27 1.11 0.00 0.00 0.00
0.00 0.00 0.00 0.00 0.00 0.00 0.00 5.06 23.74 41.61 63.38 87.97 111.37 127.29 130.78 126.52 115.78 93.30 65.16 35.81 13.85 0.00 0.00 0.00
0.00 0.00 0.00 0.00 0.00 0.00 0.00 27.07 110.99 193.35 285.37 371.04 442.85 526.80 539.01 506.68 455.89 370.47 272.86 162.27 83.41 3.89 0.00 0.00
0.00 0.00 0.00 0.00 0.00 0.00 0.00 0.35 1.12 1.84 2.42 3.18 3.74 3.37 3.38 3.21 2.95 2.36 1.66 0.77 0.25 0.00 0.00 0.00
0.00 0.00 0.00 0.00 0.00 0.00 0.00 6.17 24.14 41.47 60.00 77.34 92.04 99.97 101.09 95.42 78.70 64.11 47.23 29.11 12.98 0.00 0.00 0.00
0.00 0.00 0.00 0.00 0.00 0.00 0.00 0.55 7.00 13.24 19.55 26.13 31.46 33.94 34.47 31.72 28.86 23.10 16.59 9.91 4.67 0.00 0.00 0.00
0.00 0.00 0.00 0.00 0.00 0.00 0.00 0.88 2.27 3.76 6.17 7.87 9.06 10.17 10.16 9.55 3.84 3.04 2.08 1.59 0.55 0.00 0.00 0.00
0.00 0.00 0.00 0.00 0.00 0.00 0.00 0.44 1.13 1.88 3.09 3.93 4.53 5.08 5.08 4.78 1.92 1.52 1.04 0.79 0.27 0.00 0.00 0.00
0.00 0.00 0.00 0.00 0.00 0.00 0.00 0.96 2.48 4.11 6.75 8.61 9.91 11.12 11.11 10.45 4.20 3.33 2.28 1.73 0.60 0.00 0.00 0.00
0.00 0.00 0.00 0.00 0.00 0.00 0.00 0.98 2.57 4.27 7.70 9.70 11.22 12.51 12.55 11.77 5.28 4.15 2.88 2.00 0.68 0.00 0.00 0.00
0.00 0.00 0.00 0.00 0.00 0.00 0.00 1.49 3.92 6.51 11.74 14.78 17.09 19.06 19.12 17.94 8.05 6.32 4.39 3.04 1.04 0.00 0.00 0.00
0.00 0.00 0.00 0.00 0.00 0.00 0.00 1.50 4.02 6.64 10.51 13.63 15.55 16.53 16.61 15.62 7.08 5.69 3.89 2.93 1.04 0.00 0.00 0.00
0.00 0.00 0.00 0.00 0.00 0.00 0.00 1.25 3.67 6.01 9.12 11.47 13.27 13.89 14.51 14.20 11.61 9.25 6.55 4.31 1.82 0.00 0.00 0.00
0.00 0.00 0.00 0.00 0.00 0.00 0.00 3.23 9.49 15.52 23.57 29.62 34.27 35.88 37.47 36.69 29.99 23.90 16.92 11.14 4.70 0.00 0.00 0.00
0.00 0.00 0.00 0.00 0.00 0.00 0.00 0.60 1.89 3.13 4.94 6.31 7.38 7.12 7.30 7.05 9.18 7.39 5.17 2.49 1.04 0.00 0.00 0.00
0.00 0.00 0.00 0.00 0.00 0.00 0.00 1.49 4.41 7.23 7.61 10.17 11.91 16.41 16.64 15.42 14.05 11.19 7.82 2.63 0.83 0.00 0.00 0.00
0.00 0.00 0.00 0.00 0.00 0.00 0.00 3.07 8.68 14.18 16.41 21.21 25.34 30.83 31.44 29.52 25.61 20.27 13.84 4.21 1.41 0.00 0.00 0.00
0.00 0.00 0.00 0.00 0.00 0.00 0.00 0.47 1.22 1.96 2.42 3.07 3.44 2.40 2.37 2.21 1.66 1.30 0.86 0.42 0.10 0.00 0.00 0.00
0.00 0.00 0.00 0.00 0.00 0.00 0.00 1.98 5.70 9.39 12.52 15.57 17.55 21.76 21.97 20.37 14.40 11.12 7.36 3.28 0.86 0.00 0.00 0.00
0.00 0.00 0.00 0.00 0.00 0.00 0.00 1.63 4.49 7.36 8.54 10.74 11.80 12.06 11.83 11.16 6.08 4.71 3.16 1.68 0.42 0.00 0.00 0.00
0.00 0.00 0.00 0.00 0.00 0.00 0.00 2.25 6.19 10.16 11.79 14.82 16.29 16.65 16.32 15.40 8.39 6.49 4.35 2.32 0.58 0.00 0.00 0.00
0.00 0.00 0.00 0.00 0.00 0.00 0.00 1.53 4.22 6.92 8.03 10.09 11.10 11.34 11.12 10.49 5.71 4.42 2.97 1.58 0.39 0.00 0.00 0.00
0.00 0.00 0.00 0.00 0.00 0.00 0.00 1.05 3.04 5.01 6.67 8.31 9.36 11.61 11.72 10.86 7.68 5.93 3.92 1.75 0.46 0.00 0.00 0.00
0.00 0.00 0.00 0.00 0.00 0.00 0.00 1.21 3.25 5.34 6.59 8.26 9.28 7.97 8.00 7.41 5.38 4.23 2.90 1.34 0.31 0.00 0.00 0.00
0.00 0.00 0.00 0.00 0.00 0.00 0.00 0.85 2.83 4.71 7.72 9.85 11.31 14.06 14.36 13.50 11.78 9.21 6.27 2.37 0.70 0.00 0.00 0.00
0.00 0.00 0.00 0.00 0.00 0.00 0.00 5.85 31.98 56.78 87.99 114.83 130.79 146.11 148.71 141.75 126.49 99.84 67.98 31.62 9.82 0.00 0.00 0.00
0.00 0.00 0.00 0.00 0.00 0.00 0.00 1.46 5.09 8.53 12.82 17.26 20.51 19.17 19.20 18.23 13.41 10.86 7.57 4.09 1.39 0.00 0.00 0.00
0.00 0.00 0.00 0.00 0.00 0.00 0.00 1.82 5.85 9.64 13.16 17.38 20.82 25.60 26.08 24.36 18.74 15.02 10.50 5.02 1.60 0.00 0.00 0.00
0.00 0.00 0.00 0.00 0.00 0.00 0.00 0.83 2.68 4.42 6.03 7.96 9.54 11.73 11.96 11.16 8.59 6.89 4.81 2.30 0.73 0.00 0.00 0.00
0.00 0.00 0.00 0.00 0.00 0.00 0.00 1.84 6.36 10.65 16.01 21.47 25.57 23.95 23.84 22.62 16.55 13.34 9.40 5.12 1.74 0.00 0.00 0.00
0.00 0.00 0.00 0.00 0.00 0.00 0.00 0.86 2.71 4.47 5.88 7.71 9.07 8.17 8.22 7.78 7.16 5.73 4.03 1.86 0.61 0.00 0.00 0.00
0.00 0.00 0.00 0.00 0.00 0.00 0.00 5.24 24.58 43.08 65.62 91.08 115.31 131.79 135.40 130.99 119.87 96.60 67.47 37.07 14.34 0.00 0.00 0.00
0.00 0.00 0.00 0.00 0.00 0.00 0.00 2.70 8.94 14.99 23.96 30.67 35.82 42.28 44.27 42.18 39.61 32.35 23.22 11.61 5.04 0.00 0.00 0.00
0.00 0.00 0.00 0.00 0.00 0.00 0.00 0.65 2.21 3.71 5.69 7.26 8.57 9.70 9.88 9.43 7.83 6.35 4.51 2.43 1.05 0.00 0.00 0.00
0.00 0.00 0.00 0.00 0.00 0.00 0.00 0.90 3.19 5.38 7.82 10.02 11.75 12.57 12.98 12.63 8.90 7.05 5.01 2.82 1.18 0.00 0.00 0.00
0.00 0.00 0.00 0.00 0.00 0.00 0.00 1.44 5.10 8.62 12.51 16.02 18.81 20.12 20.76 20.21 14.24 11.27 8.02 4.52 1.90 0.00 0.00 0.00
0.00 0.00 0.00 0.00 0.00 0.00 0.00 17.21 108.76 196.85 294.88 390.03 468.96 507.79 520.51 494.81 455.54 370.24 262.37 150.99 69.18 0.00 0.00 0.00
