0.00 0.00 0.00 0.00 0.00 0.00 0.00 0.00 0.37 1.23 2.23 3.10 3.83 4.23 4.34 4.11 2.91 2.17 1.31 0.33 0.00 0.00 0.00 0.00
0.00 0.00 0.00 0.00 0.00 0.00 0.00 0.00 13.23 31.97 49.00 63.36 76.86 77.37 75.28 69.62 59.40 42.90 25.72 3.57 0.00 0.00 0.00 0.00
0.00 0.00 0.00 0.00 0.00 0.00 0.00 0.00 8.44 28.24 50.90 70.80 87.66 96.78 99.15 93.96 66.49 49.69 30.05 7.50 0.00 0.00 0.00 0.00
0.00 0.00 0.00 0.00 0.00 0.00 0.00 0.00 29.99 100.35 180.89 251.61 311.53 343.94 352.36 333.91 236.31 176.59 106.80 26.65 0.00 0.00 0.00 0.00
0.00 0.00 0.00 0.00 0.00 0.00 0.00 0.00 2.44 5.21 6.63 8.52 9.86 10.03 9.72 8.84 7.58 5.37 3.14 0.35 0.00 0.00 0.00 0.00
0.00 0.00 0.00 0.00 0.00 0.00 0.00 0.00 57.22 215.17 402.75 564.91 699.70 708.88 726.69 706.24 508.96 381.38 232.92 58.59 0.00 0.00 0.00 0.00
0.00 0.00 0.00 0.00 0.00 0.00 0.00 0.00 1.15 2.69 4.52 5.98 7.15 5.84 5.89 5.45 3.91 2.82 1.68 0.29 0.00 0.00 0.00 0.00
0.00 0.00 0.00 0.00 0.00 0.00 0.00 0.00 0.76 1.82 2.67 3.55 4.16 3.72 3.67 3.43 3.41 2.49 1.45 0.25 0.00 0.00 0.00 0.00
0.00 0.00 0.00 0.00 0.00 0.00 0.00 0.00 1.22 2.92 4.27 5.68 6.66 5.95 5.88 5.48 5.46 3.98 2.32 0.40 0.00 0.00 0.00 0.00
0.00 0.00 0.00 0.00 0.00 0.00 0.00 0.00 1.22 2.92 4.27 5.68 6.66 5.95 5.88 5.48 5.46 3.98 2.32 0.40 0.00 0.00 0.00 0.00
0.00 0.00 0.00 0.00 0.00 0.00 0.00 0.00 2.48 6.33 10.14 13.68 16.59 14.10 14.24 13.27 10.25 7.36 4.28 1.22 0.00 0.00 0.00 0.00
0.00 0.00 0.00 0.00 0.00 0.00 0.00 0.00 1.17 2.98 4.70 6.40 7.76 6.59 6.57 6.11 4.90 3.52 2.02 0.59 0.00 0.00 0.00 0.00
0.00 0.00 0.00 0.00 0.00 0.00 0.00 0.00 1.51 3.83 6.04 8.23 9.98 8.47 8.45 7.86 6.30 4.52 2.60 0.75 0.00 0.00 0.00 0.00
0.00 0.00 0.00 0.00 0.00 0.00 0.00 0.00 1.01 2.55 4.03 5.49 6.66 5.65 5.63 5.24 4.20 3.01 1.73 0.50 0.00 0.00 0.00 0.00
0.00 0.00 0.00 0.00 0.00 0.00 0.00 0.00 1.01 2.55 4.03 5.49 6.66 5.65 5.63 5.24 4.20 3.01 1.73 0.50 0.00 0.00 0.00 0.00
0.00 0.00 0.00 0.00 0.00 0.00 0.00 0.00 12.95 35.40 61.13 82.15 98.09 104.25 104.45 97.63 87.43 64.23 36.83 6.89 0.00 0.00 0.00 0.00
0.00 0.00 0.00 0.00 0.00 0.00 0.00 0.00 7.59 18.94 29.61 39.66 47.90 42.43 42.79 39.69 34.00 24.42 14.25 3.31 0.00 0.00 0.00 0.00
0.00 0.00 0.00 0.00 0.00 0.00 0.00 0.00 6.12 15.57 25.18 33.65 40.29 37.50 37.15 34.90 22.75 16.73 9.95 2.72 0.00 0.00 0.00 0.00
0.00 0.00 0.00 0.00 0.00 0.00 0.00 0.00 16.88 63.47 118.80 166.63 206.39 209.09 214.35 208.32 150.13 112.49 68.70 17.28 0.00 0.00 0.00 0.00
0.00 0.00 0.00 0.00 0.00 0.00 0.00 0.00 16.05 60.37 113.00 158.50 196.32 198.89 203.89 198.15 142.80 107.01 65.35 16.44 0.00 0.00 0.00 0.00
0.00 0.00 0.00 0.00 0.00 0.00 0.00 0.00 30.87 116.10 217.31 304.81 377.53 382.49 392.10 381.07 274.62 205.78 125.68 31.61 0.00 0.00 0.00 0.00
0.00 0.00 0.00 0.00 0.00 0.00 0.00 0.00 30.36 114.16 213.69 299.73 371.24 376.11 385.56 374.71 270.04 202.35 123.58 31.08 0.00 0.00 0.00 0.00
0.00 0.00 0.00 0.00 0.00 0.00 0.00 0.00 37.64 129.01 233.52 324.08 404.69 382.24 393.06 372.08 224.79 169.37 103.13 28.92 0.00 0.00 0.00 0.00
0.00 0.00 0.00 0.00 0.00 0.00 0.00 0.00 0.76 1.82 2.67 3.55 4.16 3.72 3.67 3.43 3.41 2.49 1.45 0.25 0.00 0.00 0.00 0.00
0.00 0.00 0.00 0.00 0.00 0.00 0.00 0.00 3.86 9.24 13.51 17.97 21.09 18.86 18.62 17.37 17.30 12.62 7.34 1.26 0.00 0.00 0.00 0.00
0.00 0.00 0.00 0.00 0.00 0.00 0.00 0.00 19.69 47.18 69.00 91.75 107.68 96.27 95.04 88.67 88.30 64.42 37.49 6.44 0.00 0.00 0.00 0.00
0.00 0.00 0.00 0.00 0.00 0.00 0.00 0.00 1.15 4.33 8.11 11.38 14.09 14.28 14.64 14.23 10.25 7.68 4.69 1.18 0.00 0.00 0.00 0.00
0.00 0.00 0.00 0.00 0.00 0.00 0.00 0.00 29.52 98.79 178.07 247.69 306.68 338.58 346.87 328.71 232.62 173.84 105.13 26.24 0.00 0.00 0.00 0.00
0.00 0.00 0.00 0.00 0.00 0.00 0.00 0.00 3.07 9.07 14.86 20.54 25.35 24.51 24.50 22.76 17.22 12.58 7.83 2.26 0.00 0.00 0.00 0.00
0.00 0.00 0.00 0.00 0.00 0.00 0.00 0.00 18.40 52.67 92.08 126.28 153.39 147.99 151.78 141.45 85.81 64.52 38.27 6.22 0.00 0.00 0.00 0.00
0.00 0.00 0.00 0.00 0.00 0.00 0.00 0.00 0.49 1.65 2.97 4.13 5.11 5.64 5.78 5.48 3.88 2.90 1.75 0.44 0.00 0.00 0.00 0.00
0.00 0.00 0.00 0.00 0.00 0.00 0.00 0.00 22.14 74.09 133.55 185.77 230.01 253.94 260.15 246.53 174.47 130.38 78.85 19.68 0.00 0.00 0.00 0.00
0.00 0.00 0.00 0.00 0.00 0.00 0.00 0.00 28.42 95.08 171.39 238.40 295.18 325.89 333.86 316.38 223.90 167.32 101.19 25.25 0.00 0.00 0.00 0.00
0.00 0.00 0.00 0.00 0.00 0.00 0.00 0.00 49.64 170.14 307.95 427.38 533.69 504.08 518.34 490.68 296.44 223.35 136.01 38.13 0.00 0.00 0.00 0.00
0.00 0.00 0.00 0.00 0.00 0.00 0.00 0.00 1.78 4.63 7.04 9.58 11.68 9.99 9.99 9.26 8.66 6.29 3.65 0.99 0.00 0.00 0.00 0.00
0.00 0.00 0.00 0.00 0.00 0.00 0.00 0.00 2.24 5.81 8.72 11.88 14.48 12.40 12.39 11.44 10.42 7.56 4.37 1.17 0.00 0.00 0.00 0.00
0.00 0.00 0.00 0.00 0.00 0.00 0.00 0.00 12.66 37.41 61.31 84.73 104.58 101.11 101.07 93.89 71.05 51.88 32.30 9.33 0.00 0.00 0.00 0.00
0.00 0.00 0.00 0.00 0.00 0.00 0.00 0.00 23.81 95.76 213.25 295.13 368.64 439.84 453.61 427.77 364.81 278.61 174.20 40.00 0.00 0.00 0.00 0.00
0.00 0.00 0.00 0.00 0.00 0.00 0.00 0.00 0.61 1.48 2.26 3.08 3.72 3.21 3.22 2.95 2.55 1.85 1.08 0.22 0.00 0.00 0.00 0.00
0.00 0.00 0.00 0.00 0.00 0.00 0.00 0.00 8.13 25.44 44.71 61.60 75.43 80.08 81.19 76.80 48.29 35.85 21.26 5.93 0.00 0.00 0.00 0.00
0.00 0.00 0.00 0.00 0.00 0.00 0.00 0.00 1.64 7.42 14.44 20.59 25.68 28.78 29.21 27.33 23.71 17.93 11.43 1.96 0.00 0.00 0.00 0.00
0.00 0.00 0.00 0.00 0.00 0.00 0.00 0.00 1.18 2.71 4.82 6.26 7.44 6.78 6.87 6.38 4.33 3.09 1.84 0.31 0.00 0.00 0.00 0.00
0.00 0.00 0.00 0.00 0.00 0.00 0.00 0.00 0.59 1.35 2.41 3.13 3.72 3.39 3.43 3.19 2.17 1.55 0.92 0.16 0.00 0.00 0.00 0.00
0.00 0.00 0.00 0.00 0.00 0.00 0.00 0.00 1.29 2.96 5.27 6.85 8.14 7.42 7.51 6.98 4.74 3.38 2.01 0.34 0.00 0.00 0.00 0.00
0.00 0.00 0.00 0.00 0.00 0.00 0.00 0.00 1.47 3.39 6.60 8.62 10.18 8.74 8.72 8.22 6.00 4.32 2.57 0.42 0.00 0.00 0.00 0.00
0.00 0.00 0.00 0.00 0.00 0.00 0.00 0.00 2.25 5.17 10.06 13.14 15.52 13.32 13.29 12.52 9.14 6.59 3.91 0.65 0.00 0.00 0.00 0.00
0.00 0.00 0.00 0.00 0.00 0.00 0.00 0.00 2.33 5.47 9.26 12.29 14.58 11.94 12.00 11.18 7.79 5.64 3.35 0.60 0.00 0.00 0.00 0.00
0.00 0.00 0.00 0.00 0.00 0.00 0.00 0.00 1.35 3.59 7.41 9.98 12.14 10.18 10.36 9.85 6.06 4.39 2.57 0.58 0.00 0.00 0.00 0.00
0.00 0.00 0.00 0.00 0.00 0.00 0.00 0.00 3.49 9.27 19.13 25.78 31.36 26.31 26.78 25.44 15.66 11.35 6.64 1.49 0.00 0.00 0.00 0.00
0.00 0.00 0.00 0.00 0.00 0.00 0.00 0.00 1.09 2.97 5.06 6.94 8.46 7.55 7.59 7.07 4.43 3.26 1.92 0.39 0.00 0.00 0.00 0.00
0.00 0.00 0.00 0.00 0.00 0.00 0.00 0.00 2.92 6.87 10.01 13.51 16.05 13.05 13.14 11.92 10.97 7.82 4.56 0.91 0.00 0.00 0.00 0.00
0.00 0.00 0.00 0.00 0.00 0.00 0.00 0.00 3.87 9.14 16.56 22.03 26.56 23.67 23.61 21.80 16.86 12.22 7.14 1.29 0.00 0.00 0.00 0.00
0.00 0.00 0.00 0.00 0.00 0.00 0.00 0.00 0.62 1.32 1.67 2.12 2.46 2.76 2.71 2.49 2.12 1.49 0.87 0.09 0.00 0.00 0.00 0.00
0.00 0.00 0.00 0.00 0.00 0.00 0.00 0.00 4.23 9.49 14.39 18.73 22.28 16.20 15.93 14.67 14.59 10.23 5.98 0.65 0.00 0.00 0.00 0.00
0.00 0.00 0.00 0.00 0.00 0.00 0.00 0.00 2.41 5.27 9.04 11.64 13.48 8.68 8.54 7.97 8.70 6.20 3.62 0.46 0.00 0.00 0.00 0.00
0.00 0.00 0.00 0.00 0.00 0.00 0.00 0.00 3.32 7.28 12.48 16.06 18.60 11.98 11.79 11.00 12.01 8.56 4.99 0.64 0.00 0.00 0.00 0.00
0.00 0.00 0.00 0.00 0.00 0.00 0.00 0.00 2.26 4.96 8.50 10.94 12.67 8.16 8.03 7.49 8.18 5.83 3.40 0.44 0.00 0.00 0.00 0.00
0.00 0.00 0.00 0.00 0.00 0.00 0.00 0.00 2.26 5.06 7.68 9.99 11.88 8.64 8.50 7.83 7.78 5.46 3.19 0.34 0.00 0.00 0.00 0.00
0.00 0.00 0.00 0.00 0.00 0.00 0.00 0.00 2.00 4.29 6.39 8.34 9.71 8.68 8.48 7.75 6.90 4.90 2.86 0.35 0.00 0.00 0.00 0.00
0.00 0.00 0.00 0.00 0.00 0.00 0.00 0.00 2.18 5.23 7.65 10.17 11.93 10.67 10.53 9.83 9.79 7.14 4.15 0.71 0.00 0.00 0.00 0.00
0.00 0.00 0.00 0.00 0.00 0.00 0.00 0.00 16.86 46.08 79.56 106.93 127.67 135.69 135.95 127.07 113.79 83.61 47.94 8.97 0.00 0.00 0.00 0.00
0.00 0.00 0.00 0.00 0.00 0.00 0.00 0.00 2.81 7.17 11.49 15.50 18.80 15.98 16.14 15.04 11.62 8.34 4.85 1.39 0.00 0.00 0.00 0.00
0.00 0.00 0.00 0.00 0.00 0.00 0.00 0.00 4.49 10.93 16.35 22.13 26.40 21.96 21.83 20.26 21.91 15.54 9.14 1.63 0.00 0.00 0.00 0.00
0.00 0.00 0.00 0.00 0.00 0.00 0.00 0.00 2.06 5.01 7.50 10.14 12.10 10.07 10.01 9.28 10.04 7.12 4.19 0.75 0.00 0.00 0.00 0.00
0.00 0.00 0.00 0.00 0.00 0.00 0.00 0.00 3.48 8.84 14.26 19.15 23.19 20.20 20.48 19.06 14.57 10.50 6.13 1.65 0.00 0.00 0.00 0.00
0.00 0.00 0.00 0.00 0.00 0.00 0.00 0.00 1.47 3.60 5.50 7.47 9.02 7.79 7.82 7.17 6.19 4.48 2.62 0.54 0.00 0.00 0.00 0.00
0.00 0.00 0.00 0.00 0.00 0.00 0.00 0.00 13.11 38.74 63.48 87.72 108.28 104.69 104.64 97.21 73.56 53.72 33.44 9.66 0.00 0.00 0.00 0.00
0.00 0.00 0.00 0.00 0.00 0.00 0.00 0.00 4.40 12.60 22.02 30.20 36.68 35.39 36.29 33.83 20.52 15.43 9.15 1.49 0.00 0.00 0.00 0.00
0.00 0.00 0.00 0.00 0.00 0.00 0.00 0.00 0.99 2.85 4.96 6.74 8.20 8.35 8.54 8.07 4.57 3.37 2.03 0.41 0.00 0.00 0.00 0.00
0.00 0.00 0.00 0.00 0.00 0.00 0.00 0.00 1.26 3.60 6.24 8.61 10.58 11.26 11.17 10.34 6.12 4.45 2.67 0.64 0.00 0.00 0.00 0.00
0.00 0.00 0.00 0.00 0.00 0.00 0.00 0.00 2.02 5.76 9.98 13.77 16.93 18.02 17.86 16.55 9.79 7.13 4.27 1.02 0.00 0.00 0.00 0.00
0.00 0.00 0.00 0.00 0.00 0.00 0.00 0.00 31.39 118.03 220.93 309.89 383.83 388.86 398.63 387.42 279.20 209.21 127.77 32.14 0.00 0.00 0.00 0.00
