0.00 0.00 0.00 0.00 0.00 0.00 0.00 0.12 1.08 2.01 2.97 3.89 4.54 4.90 5.05 4.88 4.54 3.75 2.70 1.76 0.80 0.00 0.00 0.00
0.00 0.00 0.00 0.00 0.00 0.00 0.00 3.89 20.39 35.99 53.24 68.42 78.72 87.55 88.64 84.01 65.34 51.74 35.18 14.11 4.05 0.00 0.00 0.00
0.00 0.00 0.00 0.00 0.00 0.00 0.00 2.76 24.70 45.95 67.94 88.93 103.71 112.06 115.57 111.50 103.82 85.83 61.78 40.25 18.30 0.00 0.00 0.00
0.00 0.00 0.00 0.00 0.00 0.00 0.00 9.80 87.79 163.29 241.47 316.07 368.59 398.25 410.71 396.27 368.98 305.04 219.56 143.05 65.04 0.00 0.00 0.00
0.00 0.00 0.00 0.00 0.00 0.00 0.00 0.82 2.62 4.32 7.70 9.58 10.81 8.31 8.33 7.85 5.73 4.48 2.95 1.77 0.42 0.00 0.00 0.00
0.00 0.00 0.00 0.00 0.00 0.00 0.00 5.57 171.24 332.34 494.52 650.95 762.03 835.63 863.79 853.66 814.73 674.94 495.23 333.93 154.23 0.00 0.00 0.00
0.00 0.00 0.00 0.00 0.00 0.00 0.00 0.85 2.73 4.50 6.46 8.10 9.26 8.73 8.73 8.37 6.87 5.55 3.86 2.13 0.77 0.00 0.00 0.00
0.00 0.00 0.00 0.00 0.00 0.00 0.00 0.28 1.27 2.19 3.30 4.28 4.92 5.67 5.68 5.36 4.51 3.63 2.46 1.02 0.31 0.00 0.00 0.00
0.00 0.00 0.00 0.00 0.00 0.00 0.00 0.44 2.03 3.51 5.28 6.84 7.88 9.06 9.09 8.58 7.22 5.81 3.93 1.64 0.50 0.00 0.00 0.00
0.00 0.00 0.00 0.00 0.00 0.00 0.00 0.44 2.03 3.51 5.28 6.84 7.88 9.06 9.09 8.58 7.22 5.81 3.93 1.64 0.50 0.00 0.00 0.00
0.00 0.00 0.00 0.00 0.00 0.00 0.00 0.97 4.83 8.48 12.97 17.17 19.91 21.73 21.91 20.76 18.49 14.67 10.06 4.97 1.74 0.00 0.00 0.00
0.00 0.00 0.00 0.00 0.00 0.00 0.00 0.45 2.25 3.95 6.10 8.01 9.29 10.24 10.39 9.84 8.76 6.96 4.74 2.34 0.81 0.00 0.00 0.00
0.00 0.00 0.00 0.00 0.00 0.00 0.00 0.58 2.90 5.08 7.85 10.30 11.94 13.16 13.35 12.65 11.26 8.95 6.09 3.01 1.04 0.00 0.00 0.00
0.00 0.00 0.00 0.00 0.00 0.00 0.00 0.39 1.93 3.39 5.23 6.87 7.96 8.77 8.90 8.43 7.51 5.96 4.06 2.00 0.69 0.00 0.00 0.00
0.00 0.00 0.00 0.00 0.00 0.00 0.00 0.39 1.93 3.39 5.23 6.87 7.96 8.77 8.90 8.43 7.51 5.96 4.06 2.00 0.69 0.00 0.00 0.00
0.00 0.00 0.00 0.00 0.00 0.00 0.00 1.66 22.38 42.17 65.53 84.92 98.72 97.20 98.74 94.20 69.25 54.00 37.44 23.86 7.71 0.00 0.00 0.00
0.00 0.00 0.00 0.00 0.00 0.00 0.00 3.32 15.07 26.19 39.86 52.34 61.30 65.72 65.06 60.78 53.78 42.77 29.44 13.47 4.65 0.00 0.00 0.00
0.00 0.00 0.00 0.00 0.00 0.00 0.00 2.95 13.37 23.26 33.79 43.90 51.42 55.02 54.57 50.70 44.78 35.86 24.61 11.45 4.16 0.00 0.00 0.00
0.00 0.00 0.00 0.00 0.00 0.00 0.00 1.64 50.51 98.03 145.87 192.01 224.77 246.48 254.79 251.80 240.32 199.08 146.07 98.50 45.49 0.00 0.00 0.00
0.00 0.00 0.00 0.00 0.00 0.00 0.00 1.56 48.05 93.25 138.75 182.64 213.81 234.46 242.36 239.52 228.59 189.37 138.95 93.69 43.27 0.00 0.00 0.00
0.00 0.00 0.00 0.00 0.00 0.00 0.00 3.01 92.39 179.32 266.83 351.23 411.16 450.88 466.08 460.61 439.60 364.18 267.21 180.18 83.22 0.00 0.00 0.00
0.00 0.00 0.00 0.00 0.00 0.00 0.00 2.96 90.85 176.33 262.38 345.38 404.31 443.36 458.31 452.93 432.28 358.11 262.75 177.17 81.83 0.00 0.00 0.00
0.00 0.00 0.00 0.00 0.00 0.00 0.00 14.17 114.67 212.10 316.00 417.19 491.80 515.77 531.09 515.29 480.55 396.58 288.97 191.09 89.67 0.00 0.00 0.00
0.00 0.00 0.00 0.00 0.00 0.00 0.00 0.28 1.27 2.19 3.30 4.28 4.92 5.67 5.68 5.36 4.51 3.63 2.46 1.02 0.31 0.00 0.00 0.00
0.00 0.00 0.00 0.00 0.00 0.00 0.00 1.40 6.41 11.10 16.73 21.67 24.94 28.70 28.80 27.16 22.85 18.39 12.45 5.19 1.57 0.00 0.00 0.00
0.00 0.00 0.00 0.00 0.00 0.00 0.00 7.16 32.74 56.68 85.42 110.62 127.33 146.54 147.02 138.65 116.64 93.86 63.56 26.51 8.03 0.00 0.00 0.00
0.00 0.00 0.00 0.00 0.00 0.00 0.00 0.11 3.45 6.69 9.96 13.11 15.35 16.83 17.40 17.20 16.41 13.60 9.98 6.73 3.11 0.00 0.00 0.00
0.00 0.00 0.00 0.00 0.00 0.00 0.00 9.65 86.42 160.75 237.70 311.14 362.85 392.05 404.31 390.09 363.23 300.29 216.14 140.82 64.03 0.00 0.00 0.00
0.00 0.00 0.00 0.00 0.00 0.00 0.00 0.68 6.32 11.72 18.36 25.05 30.08 33.69 33.75 32.16 29.61 24.02 16.72 10.10 4.00 0.00 0.00 0.00
0.00 0.00 0.00 0.00 0.00 0.00 0.00 10.85 49.87 87.27 131.85 170.91 198.64 206.87 209.76 197.86 181.06 149.29 107.50 62.36 27.30 0.00 0.00 0.00
0.00 0.00 0.00 0.00 0.00 0.00 0.00 0.16 1.44 2.68 3.96 5.19 6.05 6.53 6.74 6.50 6.05 5.00 3.60 2.35 1.07 0.00 0.00 0.00
0.00 0.00 0.00 0.00 0.00 0.00 0.00 7.24 64.81 120.56 178.28 233.36 272.13 294.03 303.23 292.57 272.42 225.22 162.11 105.62 48.02 0.00 0.00 0.00
0.00 0.00 0.00 0.00 0.00 0.00 0.00 9.29 83.18 154.72 228.79 299.47 349.24 377.34 389.15 375.46 349.61 289.03 208.04 135.54 61.62 0.00 0.00 0.00
0.00 0.00 0.00 0.00 0.00 0.00 0.00 18.68 151.22 279.70 416.72 550.17 648.56 680.17 700.38 679.54 633.72 522.98 381.08 252.00 118.26 0.00 0.00 0.00
0.00 0.00 0.00 0.00 0.00 0.00 0.00 0.59 3.39 6.05 9.49 12.40 14.60 16.07 16.15 15.04 13.90 11.12 7.63 3.91 1.36 0.00 0.00 0.00
0.00 0.00 0.00 0.00 0.00 0.00 0.00 0.77 4.27 7.58 11.95 15.66 18.23 20.10 20.21 18.95 17.31 13.82 9.53 4.85 1.69 0.00 0.00 0.00
0.00 0.00 0.00 0.00 0.00 0.00 0.00 2.81 26.07 48.36 75.75 103.32 124.10 138.99 139.24 132.67 122.14 99.08 68.99 41.64 16.51 0.00 0.00 0.00
0.00 0.00 0.00 0.00 0.00 0.00 0.00 15.42 112.06 206.68 312.16 419.13 503.21 556.18 569.19 545.12 501.36 416.57 303.06 184.94 95.40 4.18 0.00 0.00
0.00 0.00 0.00 0.00 0.00 0.00 0.00 0.29 1.23 2.11 3.12 4.09 4.77 5.19 5.15 4.77 3.99 3.18 2.19 0.98 0.33 0.00 0.00 0.00
0.00 0.00 0.00 0.00 0.00 0.00 0.00 3.66 23.34 42.34 62.23 81.86 94.93 99.84 101.66 97.11 91.71 75.88 54.25 33.71 15.13 0.00 0.00 0.00
0.00 0.00 0.00 0.00 0.00 0.00 0.00 0.00 5.50 11.28 16.78 22.69 26.91 29.02 29.69 28.71 26.92 22.32 16.38 11.31 5.38 0.00 0.00 0.00
0.00 0.00 0.00 0.00 0.00 0.00 0.00 1.02 3.12 5.10 7.36 9.30 10.51 9.87 9.76 9.32 7.78 6.19 4.34 2.44 0.86 0.00 0.00 0.00
0.00 0.00 0.00 0.00 0.00 0.00 0.00 0.51 1.56 2.55 3.68 4.65 5.25 4.94 4.88 4.66 3.89 3.09 2.17 1.22 0.43 0.00 0.00 0.00
0.00 0.00 0.00 0.00 0.00 0.00 0.00 1.11 3.42 5.58 8.05 10.17 11.49 10.80 10.68 10.20 8.51 6.77 4.75 2.67 0.94 0.00 0.00 0.00
0.00 0.00 0.00 0.00 0.00 0.00 0.00 1.32 4.16 6.84 9.78 12.37 14.08 12.94 12.75 12.17 10.08 8.13 5.64 2.83 0.99 0.00 0.00 0.00
0.00 0.00 0.00 0.00 0.00 0.00 0.00 2.01 6.34 10.42 14.91 18.85 21.45 19.73 19.42 18.55 15.36 12.39 8.59 4.31 1.50 0.00 0.00 0.00
0.00 0.00 0.00 0.00 0.00 0.00 0.00 1.72 5.60 9.26 13.26 16.50 18.93 17.96 18.02 17.12 13.83 11.01 7.75 4.19 1.51 0.00 0.00 0.00
0.00 0.00 0.00 0.00 0.00 0.00 0.00 1.11 4.19 7.13 10.61 13.90 16.15 16.94 16.91 16.15 14.56 11.77 8.37 4.66 1.98 0.00 0.00 0.00
0.00 0.00 0.00 0.00 0.00 0.00 0.00 2.86 10.83 18.43 27.42 35.91 41.71 43.76 43.69 41.73 37.62 30.41 21.61 12.05 5.12 0.00 0.00 0.00
0.00 0.00 0.00 0.00 0.00 0.00 0.00 0.66 2.82 4.88 7.29 9.45 10.99 11.52 11.43 10.78 9.91 8.00 5.71 3.24 1.37 0.00 0.00 0.00
0.00 0.00 0.00 0.00 0.00 0.00 0.00 1.43 5.44 9.20 13.81 17.85 20.49 21.26 21.14 19.77 15.97 12.90 8.91 3.84 1.25 0.00 0.00 0.00
0.00 0.00 0.00 0.00 0.00 0.00 0.00 2.78 9.84 16.48 23.87 30.48 34.95 33.41 33.78 31.67 25.21 19.97 13.70 7.04 2.41 0.00 0.00 0.00
0.00 0.00 0.00 0.00 0.00 0.00 0.00 0.27 0.84 1.39 2.75 3.40 3.78 3.34 3.30 3.07 2.17 1.71 1.17 0.55 0.14 0.00 0.00 0.00
0.00 0.00 0.00 0.00 0.00 0.00 0.00 1.83 6.64 11.13 16.46 20.80 23.39 20.94 20.64 19.43 13.78 11.11 7.63 4.15 1.13 0.00 0.00 0.00
0.00 0.00 0.00 0.00 0.00 0.00 0.00 0.83 2.83 4.72 7.25 9.06 10.11 11.18 10.91 10.46 8.09 6.48 4.42 2.65 0.69 0.00 0.00 0.00
0.00 0.00 0.00 0.00 0.00 0.00 0.00 1.15 3.91 6.51 10.00 12.50 13.95 15.43 15.06 14.44 11.17 8.94 6.10 3.66 0.95 0.00 0.00 0.00
0.00 0.00 0.00 0.00 0.00 0.00 0.00 0.78 2.66 4.44 6.81 8.52 9.50 10.51 10.26 9.83 7.61 6.09 4.16 2.49 0.65 0.00 0.00 0.00
0.00 0.00 0.00 0.00 0.00 0.00 0.00 0.98 3.54 5.94 8.78 11.10 12.48 11.17 11.01 10.36 7.35 5.93 4.07 2.22 0.60 0.00 0.00 0.00
0.00 0.00 0.00 0.00 0.00 0.00 0.00 0.63 2.07 3.44 6.33 7.89 8.86 8.26 8.29 7.88 6.09 4.80 3.18 1.68 0.40 0.00 0.00 0.00
0.00 0.00 0.00 0.00 0.00 0.00 0.00 0.79 3.63 6.28 9.47 12.26 14.11 16.24 16.29 15.37 12.93 10.40 7.04 2.94 0.89 0.00 0.00 0.00
0.00 0.00 0.00 0.00 0.00 0.00 0.00 2.16 29.13 54.89 85.30 110.53 128.50 126.52 128.52 122.62 90.13 70.29 48.73 31.05 10.04 0.00 0.00 0.00
0.00 0.00 0.00 0.00 0.00 0.00 0.00 1.10 5.47 9.61 14.70 19.46 22.57 24.63 24.83 23.52 20.95 16.63 11.40 5.63 1.97 0.00 0.00 0.00
0.00 0.00 0.00 0.00 0.00 0.00 0.00 1.95 8.43 14.49 21.53 27.98 32.63 36.19 35.87 33.58 27.29 21.43 14.68 6.60 2.18 0.00 0.00 0.00
0.00 0.00 0.00 0.00 0.00 0.00 0.00 0.89 3.86 6.64 9.87 12.82 14.95 16.59 16.44 15.39 12.51 9.82 6.73 3.03 1.00 0.00 0.00 0.00
0.00 0.00 0.00 0.00 0.00 0.00 0.00 1.40 6.89 12.08 18.28 24.17 28.08 30.39 30.58 28.90 25.69 20.42 13.98 6.81 2.39 0.00 0.00 0.00
0.00 0.00 0.00 0.00 0.00 0.00 0.00 0.71 2.99 5.13 7.59 9.94 11.59 12.60 12.51 11.58 9.69 7.71 5.32 2.38 0.80 0.00 0.00 0.00
0.00 0.00 0.00 0.00 0.00 0.00 0.00 2.91 26.99 50.07 78.43 106.97 128.49 143.90 144.16 137.36 126.45 102.58 71.42 43.12 17.09 0.00 0.00 0.00
0.00 0.00 0.00 0.00 0.00 0.00 0.00 2.59 11.93 20.87 31.53 40.87 47.50 49.47 50.16 47.31 43.30 35.70 25.71 14.91 6.53 0.00 0.00 0.00
0.00 0.00 0.00 0.00 0.00 0.00 0.00 0.55 2.69 4.74 7.07 9.15 10.66 11.25 11.34 10.69 9.68 7.86 5.66 3.39 1.47 0.00 0.00 0.00
0.00 0.00 0.00 0.00 0.00 0.00 0.00 0.67 3.47 6.16 8.95 11.60 13.41 14.27 14.27 13.60 12.45 10.27 7.42 4.39 1.86 0.00 0.00 0.00
0.00 0.00 0.00 0.00 0.00 0.00 0.00 1.07 5.55 9.85 14.32 18.56 21.46 22.84 22.83 21.77 19.93 16.43 11.87 7.02 2.98 0.00 0.00 0.00
0.00 0.00 0.00 0.00 0.00 0.00 0.00 3.06 93.93 182.31 271.28 357.09 418.02 458.39 473.84 468.29 446.93 370.25 271.66 183.18 84.60 0.00 0.00 0.00
