0.00 0.00 0.00 0.00 0.00 0.00 0.00 0.00 0.12 1.04 2.12 3.03 3.76 4.17 4.24 4.02 3.36 2.38 1.35 0.05 0.00 0.00 0.00 0.00
0.00 0.00 0.00 0.00 0.00 0.00 0.00 0.00 5.72 17.83 38.08 52.56 61.07 66.40 64.89 58.99 37.58 25.43 13.00 0.00 0.00 0.00 0.00 0.00
0.00 0.00 0.00 0.00 0.00 0.00 0.00 0.00 2.70 23.78 48.59 69.29 86.08 95.32 96.99 91.84 76.90 54.32 30.83 1.23 0.00 0.00 0.00 0.00
0.00 0.00 0.00 0.00 0.00 0.00 0.00 0.00 9.59 84.53 172.68 246.24 305.91 338.75 344.68 326.38 273.31 193.04 109.56 4.37 0.00 0.00 0.00 0.00
0.00 0.00 0.00 0.00 0.00 0.00 0.00 0.00 1.05 2.76 4.39 5.83 6.63 7.72 7.39 6.47 6.31 4.10 1.86 0.00 0.00 0.00 0.00 0.00
0.00 0.00 0.00 0.00 0.00 0.00 0.00 0.00 12.94 173.68 368.15 527.36 660.66 762.46 789.00 753.40 629.07 445.91 259.48 15.91 0.00 0.00 0.00 0.00
0.00 0.00 0.00 0.00 0.00 0.00 0.00 0.00 0.74 2.48 4.23 5.85 6.95 7.51 7.51 6.86 5.82 3.80 1.84 0.00 0.00 0.00 0.00 0.00
0.00 0.00 0.00 0.00 0.00 0.00 0.00 0.00 0.17 0.54 1.49 2.04 2.32 1.85 1.81 1.66 1.79 1.20 0.61 0.00 0.00 0.00 0.00 0.00
0.00 0.00 0.00 0.00 0.00 0.00 0.00 0.00 0.27 0.86 2.38 3.27 3.72 2.95 2.89 2.65 2.87 1.93 0.97 0.00 0.00 0.00 0.00 0.00
0.00 0.00 0.00 0.00 0.00 0.00 0.00 0.00 0.27 0.86 2.38 3.27 3.72 2.95 2.89 2.65 2.87 1.93 0.97 0.00 0.00 0.00 0.00 0.00
0.00 0.00 0.00 0.00 0.00 0.00 0.00 0.00 0.94 3.42 4.83 6.91 8.19 11.23 11.00 10.26 11.62 7.92 4.12 0.00 0.00 0.00 0.00 0.00
0.00 0.00 0.00 0.00 0.00 0.00 0.00 0.00 0.42 1.52 2.27 3.26 3.82 4.74 4.65 4.38 5.27 3.57 1.85 0.00 0.00 0.00 0.00 0.00
0.00 0.00 0.00 0.00 0.00 0.00 0.00 0.00 0.54 1.96 2.92 4.19 4.91 6.09 5.98 5.63 6.77 4.59 2.38 0.00 0.00 0.00 0.00 0.00
0.00 0.00 0.00 0.00 0.00 0.00 0.00 0.00 0.36 1.31 1.95 2.79 3.27 4.06 3.99 3.75 4.51 3.06 1.59 0.00 0.00 0.00 0.00 0.00
0.00 0.00 0.00 0.00 0.00 0.00 0.00 0.00 0.36 1.31 1.95 2.79 3.27 4.06 3.99 3.75 4.51 3.06 1.59 0.00 0.00 0.00 0.00 0.00
0.00 0.00 0.00 0.00 0.00 0.00 0.00 0.00 7.16 26.77 30.86 44.45 52.76 60.98 61.02 56.70 59.32 40.76 22.24 0.39 0.00 0.00 0.00 0.00
0.00 0.00 0.00 0.00 0.00 0.00 0.00 0.00 2.78 9.86 14.41 20.39 23.87 37.74 37.43 34.46 35.24 24.10 12.40 0.00 0.00 0.00 0.00 0.00
0.00 0.00 0.00 0.00 0.00 0.00 0.00 0.00 2.26 8.49 16.13 22.69 27.43 36.85 36.73 34.31 30.58 20.96 10.87 0.00 0.00 0.00 0.00 0.00
0.00 0.00 0.00 0.00 0.00 0.00 0.00 0.00 3.82 51.23 108.59 155.55 194.87 224.90 232.73 222.23 185.55 131.53 76.54 4.69 0.00 0.00 0.00 0.00
0.00 0.00 0.00 0.00 0.00 0.00 0.00 0.00 3.63 48.73 103.29 147.96 185.37 213.93 221.37 211.39 176.50 125.11 72.80 4.46 0.00 0.00 0.00 0.00
0.00 0.00 0.00 0.00 0.00 0.00 0.00 0.00 6.98 93.71 198.64 284.55 356.47 411.40 425.72 406.51 339.43 240.60 140.01 8.59 0.00 0.00 0.00 0.00
0.00 0.00 0.00 0.00 0.00 0.00 0.00 0.00 6.87 92.15 195.33 279.80 350.53 404.54 418.62 399.74 333.77 236.59 137.67 8.44 0.00 0.00 0.00 0.00
0.00 0.00 0.00 0.00 0.00 0.00 0.00 0.00 9.70 108.12 222.92 314.78 397.11 444.13 455.24 427.05 358.23 252.38 143.53 6.11 0.00 0.00 0.00 0.00
0.00 0.00 0.00 0.00 0.00 0.00 0.00 0.00 0.17 0.54 1.49 2.04 2.32 1.85 1.81 1.66 1.79 1.20 0.61 0.00 0.00 0.00 0.00 0.00
0.00 0.00 0.00 0.00 0.00 0.00 0.00 0.00 0.85 2.72 7.53 10.35 11.78 9.35 9.16 8.39 9.09 6.10 3.07 0.00 0.00 0.00 0.00 0.00
0.00 0.00 0.00 0.00 0.00 0.00 0.00 0.00 4.35 13.87 38.45 52.82 60.12 47.76 46.75 42.85 46.40 31.12 15.68 0.00 0.00 0.00 0.00 0.00
0.00 0.00 0.00 0.00 0.00 0.00 0.00 0.00 0.26 3.50 7.42 10.62 13.31 15.36 15.89 15.18 12.67 8.98 5.23 0.32 0.00 0.00 0.00 0.00
0.00 0.00 0.00 0.00 0.00 0.00 0.00 0.00 9.44 83.21 169.99 242.40 301.14 333.47 339.31 321.29 269.05 190.03 107.85 4.30 0.00 0.00 0.00 0.00
0.00 0.00 0.00 0.00 0.00 0.00 0.00 0.00 1.00 4.96 10.19 15.07 19.15 18.67 19.67 18.99 13.88 9.96 5.51 0.27 0.00 0.00 0.00 0.00
0.00 0.00 0.00 0.00 0.00 0.00 0.00 0.00 8.15 46.05 89.15 125.50 149.83 166.79 172.00 158.61 130.44 88.12 47.29 0.00 0.00 0.00 0.00 0.00
0.00 0.00 0.00 0.00 0.00 0.00 0.00 0.00 0.16 1.39 2.83 4.04 5.02 5.56 5.66 5.35 4.48 3.17 1.80 0.07 0.00 0.00 0.00 0.00
0.00 0.00 0.00 0.00 0.00 0.00 0.00 0.00 7.08 62.41 127.49 181.80 225.86 250.11 254.48 240.97 201.78 142.52 80.89 3.22 0.00 0.00 0.00 0.00
0.00 0.00 0.00 0.00 0.00 0.00 0.00 0.00 9.09 80.09 163.62 233.31 289.85 320.97 326.58 309.24 258.96 182.90 103.81 4.14 0.00 0.00 0.00 0.00
0.00 0.00 0.00 0.00 0.00 0.00 0.00 0.00 12.79 142.58 293.97 415.11 523.69 585.70 600.35 563.17 472.41 332.83 189.28 8.06 0.00 0.00 0.00 0.00
0.00 0.00 0.00 0.00 0.00 0.00 0.00 0.00 0.58 2.19 3.91 5.61 6.68 7.35 7.22 6.60 6.48 4.47 2.35 0.00 0.00 0.00 0.00 0.00
0.00 0.00 0.00 0.00 0.00 0.00 0.00 0.00 0.72 2.66 4.81 6.86 8.23 8.82 8.62 8.07 8.58 5.91 3.10 0.00 0.00 0.00 0.00 0.00
0.00 0.00 0.00 0.00 0.00 0.00 0.00 0.00 4.11 20.47 42.05 62.15 78.98 77.02 81.12 78.34 57.24 41.10 22.73 1.12 0.00 0.00 0.00 0.00
0.00 0.00 0.00 0.00 0.00 0.00 0.00 0.00 0.00 95.96 213.60 307.70 385.57 433.36 445.92 415.44 344.78 246.52 142.97 8.72 0.00 0.00 0.00 0.00
0.00 0.00 0.00 0.00 0.00 0.00 0.00 0.00 0.23 0.79 1.23 1.68 1.98 3.15 3.09 2.82 2.76 1.87 0.95 0.00 0.00 0.00 0.00 0.00
0.00 0.00 0.00 0.00 0.00 0.00 0.00 0.00 2.99 21.61 43.46 61.74 75.91 84.75 86.89 80.59 66.42 46.38 25.78 0.79 0.00 0.00 0.00 0.00
0.00 0.00 0.00 0.00 0.00 0.00 0.00 0.00 0.11 6.55 14.25 20.82 25.56 29.05 29.99 28.25 23.32 16.71 10.04 0.93 0.00 0.00 0.00 0.00
0.00 0.00 0.00 0.00 0.00 0.00 0.00 0.00 0.91 2.92 4.94 6.88 8.25 8.81 8.58 7.86 6.54 4.30 2.04 0.00 0.00 0.00 0.00 0.00
0.00 0.00 0.00 0.00 0.00 0.00 0.00 0.00 0.45 1.46 2.47 3.44 4.12 4.41 4.29 3.93 3.27 2.15 1.02 0.00 0.00 0.00 0.00 0.00
0.00 0.00 0.00 0.00 0.00 0.00 0.00 0.00 0.99 3.20 5.40 7.52 9.02 9.64 9.38 8.60 7.16 4.70 2.23 0.00 0.00 0.00 0.00 0.00
0.00 0.00 0.00 0.00 0.00 0.00 0.00 0.00 1.18 3.81 6.49 8.91 10.64 10.62 10.47 9.59 8.51 5.55 2.65 0.00 0.00 0.00 0.00 0.00
0.00 0.00 0.00 0.00 0.00 0.00 0.00 0.00 1.80 5.80 9.89 13.57 16.21 16.18 15.96 14.61 12.97 8.46 4.04 0.00 0.00 0.00 0.00 0.00
0.00 0.00 0.00 0.00 0.00 0.00 0.00 0.00 1.48 4.99 8.61 11.77 14.11 15.31 15.36 14.03 11.66 7.75 3.77 0.00 0.00 0.00 0.00 0.00
0.00 0.00 0.00 0.00 0.00 0.00 0.00 0.00 0.83 3.89 7.33 10.13 12.01 12.98 13.15 12.12 9.79 6.62 3.43 0.00 0.00 0.00 0.00 0.00
0.00 0.00 0.00 0.00 0.00 0.00 0.00 0.00 2.14 10.04 18.92 26.16 31.03 33.54 33.97 31.32 25.30 17.10 8.87 0.00 0.00 0.00 0.00 0.00
0.00 0.00 0.00 0.00 0.00 0.00 0.00 0.00 0.53 2.55 4.88 6.71 8.10 8.89 9.08 8.26 6.81 4.55 2.40 0.00 0.00 0.00 0.00 0.00
0.00 0.00 0.00 0.00 0.00 0.00 0.00 0.00 1.04 3.35 5.47 7.51 8.66 14.27 14.18 12.84 11.74 7.83 3.88 0.00 0.00 0.00 0.00 0.00
0.00 0.00 0.00 0.00 0.00 0.00 0.00 0.00 2.56 8.44 14.64 20.06 23.76 26.78 27.33 25.03 21.32 13.96 6.85 0.00 0.00 0.00 0.00 0.00
0.00 0.00 0.00 0.00 0.00 0.00 0.00 0.00 0.37 0.99 1.19 1.60 1.79 2.05 1.99 1.77 1.90 1.25 0.57 0.00 0.00 0.00 0.00 0.00
0.00 0.00 0.00 0.00 0.00 0.00 0.00 0.00 1.70 4.89 6.17 8.31 9.47 12.39 11.85 10.58 11.34 7.55 3.60 0.00 0.00 0.00 0.00 0.00
0.00 0.00 0.00 0.00 0.00 0.00 0.00 0.00 1.32 3.64 4.36 5.85 6.56 9.51 9.26 8.23 8.27 5.36 2.50 0.00 0.00 0.00 0.00 0.00
0.00 0.00 0.00 0.00 0.00 0.00 0.00 0.00 1.82 5.02 6.02 8.08 9.06 13.13 12.78 11.35 11.41 7.39 3.45 0.00 0.00 0.00 0.00 0.00
0.00 0.00 0.00 0.00 0.00 0.00 0.00 0.00 1.24 3.42 4.10 5.50 6.17 8.94 8.71 7.73 7.77 5.04 2.35 0.00 0.00 0.00 0.00 0.00
0.00 0.00 0.00 0.00 0.00 0.00 0.00 0.00 0.90 2.61 3.29 4.43 5.05 6.61 6.32 5.64 6.05 4.03 1.92 0.00 0.00 0.00 0.00 0.00
0.00 0.00 0.00 0.00 0.00 0.00 0.00 0.00 0.85 2.27 3.40 4.57 5.21 6.50 6.32 5.61 5.53 3.56 1.63 0.00 0.00 0.00 0.00 0.00
0.00 0.00 0.00 0.00 0.00 0.00 0.00 0.00 0.48 1.54 4.26 5.85 6.66 5.29 5.18 4.75 5.14 3.45 1.74 0.00 0.00 0.00 0.00 0.00
0.00 0.00 0.00 0.00 0.00 0.00 0.00 0.00 9.33 34.84 40.17 57.85 68.68 79.37 79.42 73.80 77.22 53.06 28.95 0.51 0.00 0.00 0.00 0.00
0.00 0.00 0.00 0.00 0.00 0.00 0.00 0.00 1.06 3.87 5.47 7.83 9.28 12.72 12.47 11.63 13.17 8.97 4.67 0.00 0.00 0.00 0.00 0.00
0.00 0.00 0.00 0.00 0.00 0.00 0.00 0.00 1.10 3.72 7.19 9.89 11.60 13.83 13.73 12.68 17.16 11.70 5.92 0.00 0.00 0.00 0.00 0.00
0.00 0.00 0.00 0.00 0.00 0.00 0.00 0.00 0.51 1.70 3.30 4.53 5.32 6.34 6.29 5.81 7.87 5.36 2.71 0.00 0.00 0.00 0.00 0.00
0.00 0.00 0.00 0.00 0.00 0.00 0.00 0.00 1.29 4.72 6.60 9.41 11.16 16.58 16.28 15.11 16.27 11.20 5.82 0.00 0.00 0.00 0.00 0.00
0.00 0.00 0.00 0.00 0.00 0.00 0.00 0.00 0.56 1.91 2.99 4.08 4.80 7.65 7.52 6.85 6.71 4.54 2.30 0.00 0.00 0.00 0.00 0.00
0.00 0.00 0.00 0.00 0.00 0.00 0.00 0.00 4.26 21.20 43.53 64.35 81.77 79.74 83.99 81.11 59.27 42.55 23.54 1.16 0.00 0.00 0.00 0.00
0.00 0.00 0.00 0.00 0.00 0.00 0.00 0.00 1.95 11.01 21.32 30.01 35.83 39.89 41.13 37.93 31.19 21.07 11.31 0.00 0.00 0.00 0.00 0.00
0.00 0.00 0.00 0.00 0.00 0.00 0.00 0.00 0.44 2.45 4.75 6.72 8.08 9.03 9.17 8.43 6.85 4.75 2.56 0.01 0.00 0.00 0.00 0.00
0.00 0.00 0.00 0.00 0.00 0.00 0.00 0.00 0.56 2.98 5.77 8.08 9.83 11.12 11.22 10.32 8.52 5.94 3.22 0.00 0.00 0.00 0.00 0.00
0.00 0.00 0.00 0.00 0.00 0.00 0.00 0.00 0.90 4.76 9.23 12.92 15.72 17.80 17.95 16.51 13.63 9.51 5.15 0.00 0.00 0.00 0.00 0.00
0.00 0.00 0.00 0.00 0.00 0.00 0.00 0.00 7.10 95.27 201.95 289.29 362.41 418.26 432.82 413.29 345.09 244.61 142.34 8.73 0.00 0.00 0.00 0.00
