0.00 0.00 0.00 0.00 0.00 0.00 0.00 0.00 0.00 0.22 1.27 2.10 2.95 3.54 3.70 3.51 2.99 2.13 1.25 0.10 0.00 0.00 0.00 0.00
0.00 0.00 0.00 0.00 0.00 0.00 0.00 0.00 0.00 3.39 10.99 16.64 21.95 29.91 30.37 29.29 25.54 18.11 9.88 0.38 0.00 0.00 0.00 0.00
0.00 0.00 0.00 0.00 0.00 0.00 0.00 0.00 0.00 4.98 29.14 47.93 67.41 80.84 84.53 80.23 68.29 48.69 28.65 2.28 0.00 0.00 0.00 0.00
0.00 0.00 0.00 0.00 0.00 0.00 0.00 0.00 0.00 17.70 103.56 170.36 239.59 287.30 300.40 285.14 242.69 173.02 101.83 8.11 0.00 0.00 0.00 0.00
0.00 0.00 0.00 0.00 0.00 0.00 0.00 0.00 0.00 0.61 1.36 2.00 2.58 3.19 3.26 2.99 3.71 2.62 1.28 0.00 0.00 0.00 0.00 0.00
0.00 0.00 0.00 0.00 0.00 0.00 0.00 0.00 0.00 35.42 221.13 368.35 524.41 674.28 707.45 667.13 575.47 415.11 251.89 27.39 0.00 0.00 0.00 0.00
0.00 0.00 0.00 0.00 0.00 0.00 0.00 0.00 0.00 0.57 1.52 2.31 3.10 2.95 3.02 2.79 3.00 2.14 1.07 0.00 0.00 0.00 0.00 0.00
0.00 0.00 0.00 0.00 0.00 0.00 0.00 0.00 0.00 0.15 0.64 0.97 1.27 1.28 1.35 1.28 1.20 0.86 0.46 0.02 0.00 0.00 0.00 0.00
0.00 0.00 0.00 0.00 0.00 0.00 0.00 0.00 0.00 0.24 1.03 1.54 2.03 2.05 2.15 2.04 1.92 1.37 0.74 0.03 0.00 0.00 0.00 0.00
0.00 0.00 0.00 0.00 0.00 0.00 0.00 0.00 0.00 0.24 1.03 1.54 2.03 2.05 2.15 2.04 1.92 1.37 0.74 0.03 0.00 0.00 0.00 0.00
0.00 0.00 0.00 0.00 0.00 0.00 0.00 0.00 0.00 0.77 2.81 4.27 5.80 7.73 8.11 7.77 8.11 5.92 3.26 0.16 0.00 0.00 0.00 0.00
0.00 0.00 0.00 0.00 0.00 0.00 0.00 0.00 0.00 0.30 1.17 1.77 2.44 3.15 3.27 3.13 3.07 2.21 1.21 0.07 0.00 0.00 0.00 0.00
0.00 0.00 0.00 0.00 0.00 0.00 0.00 0.00 0.00 0.39 1.50 2.28 3.14 4.05 4.21 4.02 3.95 2.84 1.56 0.10 0.00 0.00 0.00 0.00
0.00 0.00 0.00 0.00 0.00 0.00 0.00 0.00 0.00 0.26 1.00 1.52 2.10 2.70 2.81 2.68 2.63 1.89 1.04 0.06 0.00 0.00 0.00 0.00
0.00 0.00 0.00 0.00 0.00 0.00 0.00 0.00 0.00 0.26 1.00 1.52 2.10 2.70 2.81 2.68 2.63 1.89 1.04 0.06 0.00 0.00 0.00 0.00
0.00 0.00 0.00 0.00 0.00 0.00 0.00 0.00 0.00 7.17 22.29 34.00 47.75 70.15 73.64 70.99 67.69 48.35 28.24 1.97 0.00 0.00 0.00 0.00
0.00 0.00 0.00 0.00 0.00 0.00 0.00 0.00 0.00 2.77 9.05 13.72 18.32 24.28 25.51 24.23 24.91 17.76 9.64 0.30 0.00 0.00 0.00 0.00
0.00 0.00 0.00 0.00 0.00 0.00 0.00 0.00 0.00 3.85 10.56 16.15 21.52 28.50 29.42 27.86 25.74 18.77 10.23 0.20 0.00 0.00 0.00 0.00
0.00 0.00 0.00 0.00 0.00 0.00 0.00 0.00 0.00 10.45 65.23 108.65 154.68 198.89 208.67 196.78 169.74 122.44 74.30 8.08 0.00 0.00 0.00 0.00
0.00 0.00 0.00 0.00 0.00 0.00 0.00 0.00 0.00 9.94 62.04 103.35 147.14 189.19 198.49 187.18 161.46 116.47 70.68 7.68 0.00 0.00 0.00 0.00
0.00 0.00 0.00 0.00 0.00 0.00 0.00 0.00 0.00 19.11 119.32 198.75 282.96 363.82 381.72 359.96 310.51 223.98 135.91 14.78 0.00 0.00 0.00 0.00
0.00 0.00 0.00 0.00 0.00 0.00 0.00 0.00 0.00 18.79 117.33 195.44 278.24 357.76 375.36 353.96 305.33 220.25 133.65 14.53 0.00 0.00 0.00 0.00
0.00 0.00 0.00 0.00 0.00 0.00 0.00 0.00 0.00 19.56 133.16 221.98 310.01 376.00 390.34 368.13 314.09 225.31 132.41 10.73 0.00 0.00 0.00 0.00
0.00 0.00 0.00 0.00 0.00 0.00 0.00 0.00 0.00 0.15 0.64 0.97 1.27 1.28 1.35 1.28 1.20 0.86 0.46 0.02 0.00 0.00 0.00 0.00
0.00 0.00 0.00 0.00 0.00 0.00 0.00 0.00 0.00 0.77 3.26 4.89 6.43 6.49 6.82 6.46 6.09 4.34 2.34 0.09 0.00 0.00 0.00 0.00
0.00 0.00 0.00 0.00 0.00 0.00 0.00 0.00 0.00 3.93 16.63 24.96 32.83 33.12 34.83 32.99 31.11 22.13 11.93 0.48 0.00 0.00 0.00 0.00
0.00 0.00 0.00 0.00 0.00 0.00 0.00 0.00 0.00 0.71 4.45 7.42 10.56 13.58 14.25 13.44 11.59 8.36 5.07 0.55 0.00 0.00 0.00 0.00
0.00 0.00 0.00 0.00 0.00 0.00 0.00 0.00 0.00 17.42 101.95 167.70 235.85 282.82 295.72 280.70 238.91 170.33 100.25 7.98 0.00 0.00 0.00 0.00
0.00 0.00 0.00 0.00 0.00 0.00 0.00 0.00 0.00 1.27 5.77 9.09 12.32 16.76 18.16 17.63 15.19 11.70 6.81 0.59 0.00 0.00 0.00 0.00
0.00 0.00 0.00 0.00 0.00 0.00 0.00 0.00 0.00 10.85 53.24 85.56 117.63 136.44 139.54 130.76 109.27 80.36 44.56 1.38 0.00 0.00 0.00 0.00
0.00 0.00 0.00 0.00 0.00 0.00 0.00 0.00 0.00 0.29 1.70 2.80 3.93 4.71 4.93 4.68 3.98 2.84 1.67 0.13 0.00 0.00 0.00 0.00
0.00 0.00 0.00 0.00 0.00 0.00 0.00 0.00 0.00 13.07 76.46 125.78 176.89 212.11 221.79 210.52 179.18 127.75 75.18 5.99 0.00 0.00 0.00 0.00
0.00 0.00 0.00 0.00 0.00 0.00 0.00 0.00 0.00 16.77 98.12 161.41 227.01 272.21 284.63 270.17 229.95 163.94 96.49 7.69 0.00 0.00 0.00 0.00
0.00 0.00 0.00 0.00 0.00 0.00 0.00 0.00 0.00 25.80 175.60 292.73 408.82 495.85 514.76 485.47 414.21 297.12 174.62 14.15 0.00 0.00 0.00 0.00
0.00 0.00 0.00 0.00 0.00 0.00 0.00 0.00 0.00 0.49 1.72 2.63 3.67 4.60 4.96 4.69 4.45 3.19 1.78 0.13 0.00 0.00 0.00 0.00
0.00 0.00 0.00 0.00 0.00 0.00 0.00 0.00 0.00 0.60 2.14 3.26 4.55 5.94 6.33 6.02 5.78 4.13 2.30 0.15 0.00 0.00 0.00 0.00
0.00 0.00 0.00 0.00 0.00 0.00 0.00 0.00 0.00 5.26 23.81 37.48 50.84 69.14 74.92 72.72 62.68 48.26 28.09 2.42 0.00 0.00 0.00 0.00
0.00 0.00 0.00 0.00 0.00 0.00 0.00 0.00 0.00 5.68 120.12 214.55 298.82 365.64 391.69 373.50 317.73 230.77 136.05 12.32 0.00 0.00 0.00 0.00
0.00 0.00 0.00 0.00 0.00 0.00 0.00 0.00 0.00 0.24 0.68 1.03 1.38 1.89 1.96 1.87 1.63 1.18 0.63 0.01 0.00 0.00 0.00 0.00
0.00 0.00 0.00 0.00 0.00 0.00 0.00 0.00 0.00 4.78 26.36 42.99 59.82 71.56 73.37 68.53 58.49 42.42 24.41 1.63 0.00 0.00 0.00 0.00
0.00 0.00 0.00 0.00 0.00 0.00 0.00 0.00 0.00 0.85 6.31 10.82 15.50 14.89 16.17 15.37 16.49 12.16 7.61 1.39 0.00 0.00 0.00 0.00
0.00 0.00 0.00 0.00 0.00 0.00 0.00 0.00 0.00 0.68 1.71 2.58 3.44 3.38 3.39 3.14 3.05 2.17 1.06 0.00 0.00 0.00 0.00 0.00
0.00 0.00 0.00 0.00 0.00 0.00 0.00 0.00 0.00 0.34 0.86 1.29 1.72 1.69 1.70 1.57 1.53 1.08 0.53 0.00 0.00 0.00 0.00 0.00
0.00 0.00 0.00 0.00 0.00 0.00 0.00 0.00 0.00 0.74 1.87 2.83 3.76 3.70 3.71 3.43 3.34 2.37 1.16 0.00 0.00 0.00 0.00 0.00
0.00 0.00 0.00 0.00 0.00 0.00 0.00 0.00 0.00 0.85 2.13 3.21 4.23 4.56 4.64 4.35 4.37 3.11 1.55 0.00 0.00 0.00 0.00 0.00
0.00 0.00 0.00 0.00 0.00 0.00 0.00 0.00 0.00 1.29 3.25 4.89 6.45 6.94 7.07 6.63 6.66 4.74 2.36 0.00 0.00 0.00 0.00 0.00
0.00 0.00 0.00 0.00 0.00 0.00 0.00 0.00 0.00 1.15 3.16 4.79 6.50 6.18 6.23 5.73 6.37 4.55 2.29 0.00 0.00 0.00 0.00 0.00
0.00 0.00 0.00 0.00 0.00 0.00 0.00 0.00 0.00 0.96 4.23 6.71 9.14 10.52 10.68 10.18 8.49 6.17 3.30 0.00 0.00 0.00 0.00 0.00
0.00 0.00 0.00 0.00 0.00 0.00 0.00 0.00 0.00 2.48 10.93 17.32 23.61 27.18 27.60 26.29 21.92 15.94 8.51 0.00 0.00 0.00 0.00 0.00
0.00 0.00 0.00 0.00 0.00 0.00 0.00 0.00 0.00 0.67 2.97 4.70 6.35 7.22 7.32 6.94 5.69 4.17 2.28 0.05 0.00 0.00 0.00 0.00
0.00 0.00 0.00 0.00 0.00 0.00 0.00 0.00 0.00 0.84 2.13 3.18 4.19 7.22 7.45 7.06 5.73 4.12 2.16 0.00 0.00 0.00 0.00 0.00
0.00 0.00 0.00 0.00 0.00 0.00 0.00 0.00 0.00 1.87 5.52 8.32 11.24 13.65 14.05 13.01 11.46 8.24 4.25 0.00 0.00 0.00 0.00 0.00
0.00 0.00 0.00 0.00 0.00 0.00 0.00 0.00 0.00 0.17 0.42 0.62 0.79 1.13 1.15 1.07 1.39 0.98 0.48 0.00 0.00 0.00 0.00 0.00
0.00 0.00 0.00 0.00 0.00 0.00 0.00 0.00 0.00 0.97 2.36 3.48 4.60 7.11 7.19 6.66 5.68 4.05 2.08 0.00 0.00 0.00 0.00 0.00
0.00 0.00 0.00 0.00 0.00 0.00 0.00 0.00 0.00 0.71 1.66 2.45 3.18 4.83 4.90 4.54 3.43 2.41 1.21 0.00 0.00 0.00 0.00 0.00
0.00 0.00 0.00 0.00 0.00 0.00 0.00 0.00 0.00 0.98 2.29 3.38 4.39 6.67 6.77 6.26 4.73 3.33 1.67 0.00 0.00 0.00 0.00 0.00
0.00 0.00 0.00 0.00 0.00 0.00 0.00 0.00 0.00 0.67 1.56 2.30 2.99 4.54 4.61 4.26 3.22 2.27 1.14 0.00 0.00 0.00 0.00 0.00
0.00 0.00 0.00 0.00 0.00 0.00 0.00 0.00 0.00 0.52 1.26 1.86 2.45 3.79 3.84 3.55 3.03 2.16 1.11 0.00 0.00 0.00 0.00 0.00
0.00 0.00 0.00 0.00 0.00 0.00 0.00 0.00 0.00 0.57 1.25 1.85 2.34 3.01 3.10 2.85 2.73 1.93 0.95 0.00 0.00 0.00 0.00 0.00
0.00 0.00 0.00 0.00 0.00 0.00 0.00 0.00 0.00 0.44 1.84 2.77 3.64 3.67 3.86 3.66 3.45 2.45 1.32 0.05 0.00 0.00 0.00 0.00
0.00 0.00 0.00 0.00 0.00 0.00 0.00 0.00 0.00 9.33 29.02 44.25 62.15 91.31 95.85 92.40 88.11 62.93 36.76 2.57 0.00 0.00 0.00 0.00
0.00 0.00 0.00 0.00 0.00 0.00 0.00 0.00 0.00 0.87 3.18 4.84 6.58 8.76 9.19 8.81 9.19 6.71 3.69 0.18 0.00 0.00 0.00 0.00
0.00 0.00 0.00 0.00 0.00 0.00 0.00 0.00 0.00 0.94 3.71 5.57 7.60 9.63 9.92 9.48 8.10 5.83 3.13 0.07 0.00 0.00 0.00 0.00
0.00 0.00 0.00 0.00 0.00 0.00 0.00 0.00 0.00 0.43 1.70 2.55 3.48 4.41 4.55 4.35 3.71 2.67 1.44 0.03 0.00 0.00 0.00 0.00
0.00 0.00 0.00 0.00 0.00 0.00 0.00 0.00 0.00 1.16 4.24 6.45 8.70 11.57 12.10 11.60 12.55 9.22 5.07 0.20 0.00 0.00 0.00 0.00
0.00 0.00 0.00 0.00 0.00 0.00 0.00 0.00 0.00 0.59 1.65 2.49 3.34 4.58 4.77 4.55 3.97 2.86 1.53 0.02 0.00 0.00 0.00 0.00
0.00 0.00 0.00 0.00 0.00 0.00 0.00 0.00 0.00 5.44 24.65 38.80 52.64 71.58 77.57 75.30 64.89 49.96 29.09 2.51 0.00 0.00 0.00 0.00
0.00 0.00 0.00 0.00 0.00 0.00 0.00 0.00 0.00 2.59 12.73 20.46 28.13 32.63 33.37 31.27 26.13 19.22 10.65 0.33 0.00 0.00 0.00 0.00
0.00 0.00 0.00 0.00 0.00 0.00 0.00 0.00 0.00 0.60 2.89 4.64 6.36 7.51 7.65 7.16 5.96 4.37 2.44 0.08 0.00 0.00 0.00 0.00
0.00 0.00 0.00 0.00 0.00 0.00 0.00 0.00 0.00 0.79 3.55 5.66 7.73 9.27 9.62 9.04 7.53 5.47 3.07 0.10 0.00 0.00 0.00 0.00
0.00 0.00 0.00 0.00 0.00 0.00 0.00 0.00 0.00 1.27 5.69 9.05 12.38 14.84 15.39 14.47 12.05 8.75 4.91 0.16 0.00 0.00 0.00 0.00
0.00 0.00 0.00 0.00 0.00 0.00 0.00 0.00 0.00 19.43 121.31 202.06 287.67 369.89 388.08 365.96 315.68 227.71 138.18 15.02 0.00 0.00 0.00 0.00
