0.00 0.00 0.00 0.00 0.00 0.00 0.00 0.00 0.00 0.41 1.51 2.34 3.17 3.70 3.87 3.71 3.17 2.34 1.48 0.24 0.00 0.00 0.00 0.00
0.00 0.00 0.00 0.00 0.00 0.00 0.00 0.00 0.00 11.49 27.79 43.10 54.85 60.97 63.22 60.69 47.84 35.57 21.05 1.82 0.00 0.00 0.00 0.00
0.00 0.00 0.00 0.00 0.00 0.00 0.00 0.00 0.00 9.47 34.46 53.55 72.54 84.53 88.49 84.86 72.53 53.61 33.81 5.48 0.00 0.00 0.00 0.00
0.00 0.00 0.00 0.00 0.00 0.00 0.00 0.00 0.00 33.66 122.47 190.31 257.81 300.42 314.47 301.60 257.78 190.54 120.16 19.49 0.00 0.00 0.00 0.00
0.00 0.00 0.00 0.00 0.00 0.00 0.00 0.00 0.00 2.16 4.83 7.26 9.16 10.12 10.05 9.55 7.75 5.54 3.03 0.06 0.00 0.00 0.00 0.00
0.00 0.00 0.00 0.00 0.00 0.00 0.00 0.00 0.00 69.69 269.14 424.21 576.56 702.76 752.45 723.69 621.94 456.18 289.87 52.84 0.00 0.00 0.00 0.00
0.00 0.00 0.00 0.00 0.00 0.00 0.00 0.00 0.00 1.14 3.02 4.73 6.21 6.97 6.97 6.68 5.40 3.73 2.10 0.08 0.00 0.00 0.00 0.00
0.00 0.00 0.00 0.00 0.00 0.00 0.00 0.00 0.00 0.62 1.43 2.25 3.00 3.60 3.69 3.61 3.04 2.23 1.31 0.10 0.00 0.00 0.00 0.00
0.00 0.00 0.00 0.00 0.00 0.00 0.00 0.00 0.00 0.99 2.29 3.59 4.80 5.77 5.90 5.77 4.86 3.56 2.09 0.15 0.00 0.00 0.00 0.00
0.00 0.00 0.00 0.00 0.00 0.00 0.00 0.00 0.00 0.99 2.29 3.59 4.80 5.77 5.90 5.77 4.86 3.56 2.09 0.15 0.00 0.00 0.00 0.00
0.00 0.00 0.00 0.00 0.00 0.00 0.00 0.00 0.00 2.11 5.58 8.68 11.91 14.27 14.69 14.32 12.23 8.85 5.27 0.50 0.00 0.00 0.00 0.00
0.00 0.00 0.00 0.00 0.00 0.00 0.00 0.00 0.00 1.02 2.65 4.19 5.71 6.82 7.01 6.82 5.84 4.26 2.54 0.24 0.00 0.00 0.00 0.00
0.00 0.00 0.00 0.00 0.00 0.00 0.00 0.00 0.00 1.31 3.40 5.39 7.34 8.77 9.02 8.77 7.51 5.47 3.26 0.30 0.00 0.00 0.00 0.00
0.00 0.00 0.00 0.00 0.00 0.00 0.00 0.00 0.00 0.87 2.27 3.59 4.89 5.85 6.01 5.85 5.00 3.65 2.18 0.20 0.00 0.00 0.00 0.00
0.00 0.00 0.00 0.00 0.00 0.00 0.00 0.00 0.00 0.87 2.27 3.59 4.89 5.85 6.01 5.85 5.00 3.65 2.18 0.20 0.00 0.00 0.00 0.00
0.00 0.00 0.00 0.00 0.00 0.00 0.00 0.00 0.00 13.30 35.44 55.72 72.58 84.43 88.95 85.83 74.39 54.41 33.58 4.54 0.00 0.00 0.00 0.00
0.00 0.00 0.00 0.00 0.00 0.00 0.00 0.00 0.00 6.50 17.14 27.01 37.41 42.72 43.23 42.21 36.07 26.15 15.44 1.32 0.00 0.00 0.00 0.00
0.00 0.00 0.00 0.00 0.00 0.00 0.00 0.00 0.00 5.56 15.17 23.81 31.62 35.76 36.64 35.36 29.88 21.71 12.89 1.12 0.00 0.00 0.00 0.00
0.00 0.00 0.00 0.00 0.00 0.00 0.00 0.00 0.00 20.56 79.39 125.13 170.07 207.29 221.94 213.46 183.45 134.56 85.50 15.59 0.00 0.00 0.00 0.00
0.00 0.00 0.00 0.00 0.00 0.00 0.00 0.00 0.00 19.55 75.51 119.02 161.77 197.18 211.12 203.05 174.50 127.99 81.33 14.83 0.00 0.00 0.00 0.00
0.00 0.00 0.00 0.00 0.00 0.00 0.00 0.00 0.00 37.60 145.22 228.89 311.10 379.19 406.00 390.48 335.58 246.14 156.40 28.51 0.00 0.00 0.00 0.00
0.00 0.00 0.00 0.00 0.00 0.00 0.00 0.00 0.00 36.98 142.80 225.08 305.91 372.87 399.23 383.97 329.99 242.04 153.80 28.03 0.00 0.00 0.00 0.00
0.00 0.00 0.00 0.00 0.00 0.00 0.00 0.00 0.00 40.06 153.36 241.05 327.37 386.52 400.66 386.51 318.10 233.88 147.44 28.35 0.00 0.00 0.00 0.00
0.00 0.00 0.00 0.00 0.00 0.00 0.00 0.00 0.00 0.62 1.43 2.25 3.00 3.60 3.69 3.61 3.04 2.23 1.31 0.10 0.00 0.00 0.00 0.00
0.00 0.00 0.00 0.00 0.00 0.00 0.00 0.00 0.00 3.13 7.26 11.38 15.21 18.26 18.69 18.28 15.39 11.29 6.63 0.49 0.00 0.00 0.00 0.00
0.00 0.00 0.00 0.00 0.00 0.00 0.00 0.00 0.00 15.96 37.08 58.08 77.65 93.24 95.41 93.35 78.57 57.62 33.83 2.49 0.00 0.00 0.00 0.00
0.00 0.00 0.00 0.00 0.00 0.00 0.00 0.00 0.00 1.40 5.42 8.55 11.61 14.16 15.16 14.58 12.53 9.19 5.84 1.06 0.00 0.00 0.00 0.00
0.00 0.00 0.00 0.00 0.00 0.00 0.00 0.00 0.00 33.13 120.56 187.35 253.79 295.74 309.57 296.90 253.76 187.57 118.29 19.19 0.00 0.00 0.00 0.00
0.00 0.00 0.00 0.00 0.00 0.00 0.00 0.00 0.00 3.16 9.58 14.77 20.21 23.51 25.07 24.04 20.65 15.79 9.83 1.41 0.00 0.00 0.00 0.00
0.00 0.00 0.00 0.00 0.00 0.00 0.00 0.00 0.00 19.17 64.69 98.64 128.78 145.09 147.17 140.51 114.45 83.98 50.88 6.85 0.00 0.00 0.00 0.00
0.00 0.00 0.00 0.00 0.00 0.00 0.00 0.00 0.00 0.55 2.01 3.12 4.23 4.93 5.16 4.95 4.23 3.13 1.97 0.32 0.00 0.00 0.00 0.00
0.00 0.00 0.00 0.00 0.00 0.00 0.00 0.00 0.00 24.85 90.42 140.51 190.34 221.80 232.18 222.68 190.32 140.68 88.72 14.39 0.00 0.00 0.00 0.00
0.00 0.00 0.00 0.00 0.00 0.00 0.00 0.00 0.00 31.89 116.04 180.32 244.27 284.65 297.96 285.77 244.25 180.54 113.86 18.47 0.00 0.00 0.00 0.00
0.00 0.00 0.00 0.00 0.00 0.00 0.00 0.00 0.00 52.84 202.24 317.89 431.73 509.72 528.37 509.70 419.49 308.43 194.44 37.38 0.00 0.00 0.00 0.00
0.00 0.00 0.00 0.00 0.00 0.00 0.00 0.00 0.00 1.56 4.08 6.55 9.00 10.68 11.22 10.84 9.29 6.81 4.11 0.40 0.00 0.00 0.00 0.00
0.00 0.00 0.00 0.00 0.00 0.00 0.00 0.00 0.00 1.96 5.08 8.23 11.27 13.28 14.01 13.55 11.50 8.40 5.05 0.48 0.00 0.00 0.00 0.00
0.00 0.00 0.00 0.00 0.00 0.00 0.00 0.00 0.00 13.02 39.50 60.95 83.35 96.96 103.43 99.18 85.16 65.14 40.56 5.82 0.00 0.00 0.00 0.00
0.00 0.00 0.00 0.00 0.00 0.00 0.00 0.00 0.00 27.00 130.08 215.06 301.58 369.09 393.56 377.03 300.63 225.82 143.66 36.49 0.00 0.00 0.00 0.00
0.00 0.00 0.00 0.00 0.00 0.00 0.00 0.00 0.00 0.52 1.35 2.13 2.92 3.39 3.43 3.27 2.79 2.04 1.20 0.08 0.00 0.00 0.00 0.00
0.00 0.00 0.00 0.00 0.00 0.00 0.00 0.00 0.00 8.67 31.17 48.12 65.45 73.91 76.51 73.01 60.42 43.99 27.30 4.16 0.00 0.00 0.00 0.00
0.00 0.00 0.00 0.00 0.00 0.00 0.00 0.00 0.00 2.30 10.00 16.22 22.91 28.06 30.06 28.40 23.97 17.76 11.14 2.47 0.00 0.00 0.00 0.00
0.00 0.00 0.00 0.00 0.00 0.00 0.00 0.00 0.00 1.33 3.47 5.29 6.86 7.77 7.92 7.45 6.24 4.35 2.42 0.07 0.00 0.00 0.00 0.00
0.00 0.00 0.00 0.00 0.00 0.00 0.00 0.00 0.00 0.67 1.74 2.64 3.43 3.88 3.96 3.73 3.12 2.18 1.21 0.04 0.00 0.00 0.00 0.00
0.00 0.00 0.00 0.00 0.00 0.00 0.00 0.00 0.00 1.46 3.80 5.79 7.50 8.50 8.66 8.15 6.83 4.76 2.64 0.08 0.00 0.00 0.00 0.00
0.00 0.00 0.00 0.00 0.00 0.00 0.00 0.00 0.00 1.76 4.57 7.01 9.17 10.35 10.50 10.00 8.09 5.65 3.15 0.10 0.00 0.00 0.00 0.00
0.00 0.00 0.00 0.00 0.00 0.00 0.00 0.00 0.00 2.69 6.96 10.68 13.97 15.77 16.01 15.24 12.32 8.60 4.80 0.15 0.00 0.00 0.00 0.00
0.00 0.00 0.00 0.00 0.00 0.00 0.00 0.00 0.00 2.30 6.17 9.56 12.54 14.10 14.11 13.57 10.88 7.47 4.22 0.19 0.00 0.00 0.00 0.00
0.00 0.00 0.00 0.00 0.00 0.00 0.00 0.00 0.00 1.69 5.30 8.07 10.61 12.13 12.19 11.43 9.18 6.56 3.86 0.36 0.00 0.00 0.00 0.00
0.00 0.00 0.00 0.00 0.00 0.00 0.00 0.00 0.00 4.36 13.68 20.84 27.41 31.34 31.49 29.54 23.71 16.94 9.97 0.94 0.00 0.00 0.00 0.00
0.00 0.00 0.00 0.00 0.00 0.00 0.00 0.00 0.00 1.08 3.44 5.28 6.98 7.85 7.91 7.48 6.30 4.62 2.77 0.32 0.00 0.00 0.00 0.00
0.00 0.00 0.00 0.00 0.00 0.00 0.00 0.00 0.00 2.38 5.95 9.43 12.34 14.40 14.91 14.38 11.87 8.52 4.90 0.28 0.00 0.00 0.00 0.00
0.00 0.00 0.00 0.00 0.00 0.00 0.00 0.00 0.00 4.25 11.01 17.24 22.58 25.56 25.94 24.96 20.00 14.28 8.15 0.39 0.00 0.00 0.00 0.00
0.00 0.00 0.00 0.00 0.00 0.00 0.00 0.00 0.00 0.67 1.49 2.20 2.73 2.91 2.90 2.79 2.27 1.63 0.89 0.02 0.00 0.00 0.00 0.00
0.00 0.00 0.00 0.00 0.00 0.00 0.00 0.00 0.00 3.60 8.23 12.74 16.15 17.99 18.04 17.61 13.99 9.96 5.63 0.32 0.00 0.00 0.00 0.00
0.00 0.00 0.00 0.00 0.00 0.00 0.00 0.00 0.00 2.49 5.60 8.60 10.68 11.75 11.94 11.50 9.33 6.58 3.66 0.16 0.00 0.00 0.00 0.00
0.00 0.00 0.00 0.00 0.00 0.00 0.00 0.00 0.00 3.43 7.72 11.87 14.74 16.21 16.47 15.87 12.87 9.09 5.06 0.22 0.00 0.00 0.00 0.00
0.00 0.00 0.00 0.00 0.00 0.00 0.00 0.00 0.00 2.34 5.26 8.08 10.04 11.04 11.22 10.81 8.77 6.19 3.44 0.15 0.00 0.00 0.00 0.00
0.00 0.00 0.00 0.00 0.00 0.00 0.00 0.00 0.00 1.92 4.39 6.80 8.61 9.59 9.62 9.39 7.46 5.31 3.00 0.17 0.00 0.00 0.00 0.00
0.00 0.00 0.00 0.00 0.00 0.00 0.00 0.00 0.00 1.94 4.33 6.60 8.07 9.07 9.15 8.60 7.00 5.04 2.77 0.09 0.00 0.00 0.00 0.00
0.00 0.00 0.00 0.00 0.00 0.00 0.00 0.00 0.00 1.77 4.11 6.44 8.61 10.33 10.57 10.35 8.71 6.39 3.75 0.28 0.00 0.00 0.00 0.00
0.00 0.00 0.00 0.00 0.00 0.00 0.00 0.00 0.00 17.31 46.12 72.52 94.46 109.90 115.77 111.71 96.82 70.82 43.71 5.91 0.00 0.00 0.00 0.00
0.00 0.00 0.00 0.00 0.00 0.00 0.00 0.00 0.00 2.39 6.32 9.83 13.50 16.18 16.65 16.23 13.86 10.02 5.98 0.56 0.00 0.00 0.00 0.00
0.00 0.00 0.00 0.00 0.00 0.00 0.00 0.00 0.00 3.71 9.21 14.88 19.93 23.25 23.53 23.33 19.78 14.19 8.32 0.58 0.00 0.00 0.00 0.00
0.00 0.00 0.00 0.00 0.00 0.00 0.00 0.00 0.00 1.70 4.22 6.82 9.13 10.66 10.78 10.69 9.07 6.50 3.81 0.27 0.00 0.00 0.00 0.00
0.00 0.00 0.00 0.00 0.00 0.00 0.00 0.00 0.00 2.94 7.81 12.08 16.68 19.92 20.44 19.80 16.92 12.29 7.32 0.67 0.00 0.00 0.00 0.00
0.00 0.00 0.00 0.00 0.00 0.00 0.00 0.00 0.00 1.27 3.28 5.18 7.10 8.22 8.32 7.93 6.78 4.96 2.90 0.20 0.00 0.00 0.00 0.00
0.00 0.00 0.00 0.00 0.00 0.00 0.00 0.00 0.00 13.48 40.90 63.10 86.30 100.39 107.09 102.69 88.18 67.44 41.99 6.03 0.00 0.00 0.00 0.00
0.00 0.00 0.00 0.00 0.00 0.00 0.00 0.00 0.00 4.58 15.47 23.59 30.80 34.69 35.19 33.60 27.37 20.08 12.17 1.64 0.00 0.00 0.00 0.00
0.00 0.00 0.00 0.00 0.00 0.00 0.00 0.00 0.00 1.04 3.48 5.32 7.04 7.72 7.90 7.58 6.37 4.63 2.82 0.38 0.00 0.00 0.00 0.00
0.00 0.00 0.00 0.00 0.00 0.00 0.00 0.00 0.00 1.33 4.27 6.59 8.57 9.73 9.97 9.47 7.95 5.90 3.60 0.44 0.00 0.00 0.00 0.00
0.00 0.00 0.00 0.00 0.00 0.00 0.00 0.00 0.00 2.12 6.82 10.54 13.72 15.57 15.95 15.16 12.72 9.44 5.75 0.71 0.00 0.00 0.00 0.00
0.00 0.00 0.00 0.00 0.00 0.00 0.00 0.00 0.00 38.23 147.64 232.71 316.28 385.51 412.76 396.99 341.17 250.24 159.01 28.99 0.00 0.00 0.00 0.00
