0.00 0.00 0.00 0.00 0.00 0.00 0.00 0.00 0.00 0.34 1.12 1.70 2.22 2.17 2.22 2.03 2.21 1.48 0.63 0.00 0.00 0.00 0.00 0.00
0.00 0.00 0.00 0.00 0.00 0.00 0.00 0.00 0.33 13.79 29.05 41.95 51.42 55.91 54.43 48.86 38.43 25.20 9.32 0.00 0.00 0.00 0.00 0.00
0.00 0.00 0.00 0.00 0.00 0.00 0.00 0.00 0.00 7.73 25.58 38.85 50.72 49.58 50.87 46.32 50.52 33.78 14.40 0.00 0.00 0.00 0.00 0.00
0.00 0.00 0.00 0.00 0.00 0.00 0.00 0.00 0.00 27.46 90.91 138.07 180.27 176.21 180.78 164.61 179.53 120.07 51.17 0.00 0.00 0.00 0.00 0.00
0.00 0.00 0.00 0.00 0.00 0.00 0.00 0.00 0.30 2.65 4.99 7.08 8.27 7.53 7.32 6.53 4.46 2.75 0.71 0.00 0.00 0.00 0.00 0.00
0.00 0.00 0.00 0.00 0.00 0.00 0.00 0.00 0.00 64.19 154.19 235.95 315.33 438.60 451.88 415.92 418.72 272.81 125.44 0.00 0.00 0.00 0.00 0.00
0.00 0.00 0.00 0.00 0.00 0.00 0.00 0.00 0.00 1.14 2.24 3.43 4.18 4.87 4.81 4.23 2.89 1.80 0.49 0.00 0.00 0.00 0.00 0.00
0.00 0.00 0.00 0.00 0.00 0.00 0.00 0.00 0.00 0.81 1.68 2.45 2.96 3.06 3.05 2.72 2.07 1.35 0.48 0.00 0.00 0.00 0.00 0.00
0.00 0.00 0.00 0.00 0.00 0.00 0.00 0.00 0.00 1.29 2.68 3.93 4.73 4.89 4.88 4.35 3.32 2.16 0.76 0.00 0.00 0.00 0.00 0.00
0.00 0.00 0.00 0.00 0.00 0.00 0.00 0.00 0.00 1.29 2.68 3.93 4.73 4.89 4.88 4.35 3.32 2.16 0.76 0.00 0.00 0.00 0.00 0.00
0.00 0.00 0.00 0.00 0.00 0.00 0.00 0.00 0.00 2.59 5.51 8.21 10.48 9.35 9.47 8.61 7.51 4.92 1.81 0.00 0.00 0.00 0.00 0.00
0.00 0.00 0.00 0.00 0.00 0.00 0.00 0.00 0.00 1.25 2.65 3.97 5.10 4.31 4.34 3.96 3.26 2.13 0.78 0.00 0.00 0.00 0.00 0.00
0.00 0.00 0.00 0.00 0.00 0.00 0.00 0.00 0.00 1.61 3.40 5.11 6.56 5.54 5.58 5.09 4.19 2.74 1.01 0.00 0.00 0.00 0.00 0.00
0.00 0.00 0.00 0.00 0.00 0.00 0.00 0.00 0.00 1.08 2.27 3.40 4.37 3.70 3.72 3.39 2.79 1.83 0.67 0.00 0.00 0.00 0.00 0.00
0.00 0.00 0.00 0.00 0.00 0.00 0.00 0.00 0.00 1.08 2.27 3.40 4.37 3.70 3.72 3.39 2.79 1.83 0.67 0.00 0.00 0.00 0.00 0.00
0.00 0.00 0.00 0.00 0.00 0.00 0.00 0.00 0.00 14.03 31.28 48.27 61.60 69.33 71.88 65.36 49.03 31.26 13.50 0.00 0.00 0.00 0.00 0.00
0.00 0.00 0.00 0.00 0.00 0.00 0.00 0.00 0.00 7.98 16.65 24.30 31.36 31.42 32.25 29.15 21.39 13.93 4.93 0.00 0.00 0.00 0.00 0.00
0.00 0.00 0.00 0.00 0.00 0.00 0.00 0.00 0.00 6.06 13.94 20.44 26.52 28.26 27.86 25.12 18.83 12.31 4.38 0.00 0.00 0.00 0.00 0.00
0.00 0.00 0.00 0.00 0.00 0.00 0.00 0.00 0.00 18.93 45.48 69.60 93.01 129.37 133.29 122.68 123.51 80.47 37.00 0.00 0.00 0.00 0.00 0.00
0.00 0.00 0.00 0.00 0.00 0.00 0.00 0.00 0.00 18.01 43.26 66.20 88.47 123.06 126.79 116.70 117.48 76.54 35.20 0.00 0.00 0.00 0.00 0.00
0.00 0.00 0.00 0.00 0.00 0.00 0.00 0.00 0.00 34.63 83.20 127.31 170.14 236.65 243.82 224.42 225.93 147.20 67.68 0.00 0.00 0.00 0.00 0.00
0.00 0.00 0.00 0.00 0.00 0.00 0.00 0.00 0.00 34.06 81.81 125.19 167.31 232.71 239.75 220.68 222.16 144.75 66.55 0.00 0.00 0.00 0.00 0.00
0.00 0.00 0.00 0.00 0.00 0.00 0.00 0.00 0.00 33.82 116.65 175.71 233.32 250.32 255.53 232.43 235.42 157.50 66.57 0.00 0.00 0.00 0.00 0.00
0.00 0.00 0.00 0.00 0.00 0.00 0.00 0.00 0.00 0.81 1.68 2.45 2.96 3.06 3.05 2.72 2.07 1.35 0.48 0.00 0.00 0.00 0.00 0.00
0.00 0.00 0.00 0.00 0.00 0.00 0.00 0.00 0.00 4.08 8.49 12.44 14.99 15.49 15.46 13.76 10.50 6.85 2.42 0.00 0.00 0.00 0.00 0.00
0.00 0.00 0.00 0.00 0.00 0.00 0.00 0.00 0.00 20.84 43.36 63.49 76.55 79.06 78.92 70.27 53.62 34.95 12.36 0.00 0.00 0.00 0.00 0.00
0.00 0.00 0.00 0.00 0.00 0.00 0.00 0.00 0.00 1.29 3.11 4.75 6.35 8.84 9.10 8.38 8.43 5.50 2.53 0.00 0.00 0.00 0.00 0.00
0.00 0.00 0.00 0.00 0.00 0.00 0.00 0.00 0.00 27.03 89.50 135.92 177.46 173.46 177.97 162.05 176.73 118.19 50.37 0.00 0.00 0.00 0.00 0.00
0.00 0.00 0.00 0.00 0.00 0.00 0.00 0.00 0.00 3.34 7.37 11.08 14.51 17.14 17.35 16.11 10.48 7.15 3.02 0.00 0.00 0.00 0.00 0.00
0.00 0.00 0.00 0.00 0.00 0.00 0.00 0.00 0.00 9.87 40.26 60.16 76.88 100.94 100.09 88.50 56.38 37.24 13.58 0.00 0.00 0.00 0.00 0.00
0.00 0.00 0.00 0.00 0.00 0.00 0.00 0.00 0.00 0.45 1.49 2.27 2.96 2.89 2.97 2.70 2.95 1.97 0.84 0.00 0.00 0.00 0.00 0.00
0.00 0.00 0.00 0.00 0.00 0.00 0.00 0.00 0.00 20.28 67.12 101.94 133.10 130.10 133.47 121.54 132.55 88.65 37.78 0.00 0.00 0.00 0.00 0.00
0.00 0.00 0.00 0.00 0.00 0.00 0.00 0.00 0.00 26.02 86.14 130.82 170.81 166.96 171.29 155.97 170.10 113.76 48.48 0.00 0.00 0.00 0.00 0.00
0.00 0.00 0.00 0.00 0.00 0.00 0.00 0.00 0.00 44.60 153.83 231.72 307.69 330.11 336.98 306.51 310.46 207.70 87.79 0.00 0.00 0.00 0.00 0.00
0.00 0.00 0.00 0.00 0.00 0.00 0.00 0.00 0.00 1.94 4.23 6.45 8.24 8.04 8.17 7.39 5.56 3.65 1.40 0.00 0.00 0.00 0.00 0.00
0.00 0.00 0.00 0.00 0.00 0.00 0.00 0.00 0.00 2.44 5.22 7.97 10.26 9.49 9.61 8.74 6.68 4.39 1.67 0.00 0.00 0.00 0.00 0.00
0.00 0.00 0.00 0.00 0.00 0.00 0.00 0.00 0.00 13.78 30.41 45.70 59.86 70.69 71.56 66.47 43.22 29.50 12.45 0.00 0.00 0.00 0.00 0.00
0.00 0.00 0.00 0.00 0.00 0.00 0.00 0.00 0.00 32.03 93.79 148.11 203.85 189.65 196.02 176.89 226.71 153.78 64.53 0.00 0.00 0.00 0.00 0.00
0.00 0.00 0.00 0.00 0.00 0.00 0.00 0.00 0.00 0.64 1.32 1.93 2.42 2.46 2.51 2.27 1.58 1.02 0.35 0.00 0.00 0.00 0.00 0.00
0.00 0.00 0.00 0.00 0.00 0.00 0.00 0.00 0.00 6.55 22.21 33.51 43.74 50.10 51.23 45.87 39.09 26.03 10.49 0.00 0.00 0.00 0.00 0.00
0.00 0.00 0.00 0.00 0.00 0.00 0.00 0.00 0.00 2.64 6.11 9.44 12.42 21.66 22.53 20.54 16.75 10.98 5.40 0.00 0.00 0.00 0.00 0.00
0.00 0.00 0.00 0.00 0.00 0.00 0.00 0.00 0.00 1.40 2.70 3.95 4.84 5.57 5.46 4.87 3.42 2.11 0.53 0.00 0.00 0.00 0.00 0.00
0.00 0.00 0.00 0.00 0.00 0.00 0.00 0.00 0.00 0.70 1.35 1.97 2.42 2.78 2.73 2.43 1.71 1.05 0.27 0.00 0.00 0.00 0.00 0.00
0.00 0.00 0.00 0.00 0.00 0.00 0.00 0.00 0.00 1.53 2.95 4.32 5.30 6.09 5.97 5.33 3.74 2.30 0.58 0.00 0.00 0.00 0.00 0.00
0.00 0.00 0.00 0.00 0.00 0.00 0.00 0.00 0.00 1.83 3.53 5.15 6.35 7.26 7.23 6.46 4.36 2.71 0.71 0.00 0.00 0.00 0.00 0.00
0.00 0.00 0.00 0.00 0.00 0.00 0.00 0.00 0.00 2.78 5.39 7.84 9.68 11.07 11.02 9.84 6.65 4.12 1.09 0.00 0.00 0.00 0.00 0.00
0.00 0.00 0.00 0.00 0.00 0.00 0.00 0.00 0.00 2.29 4.56 6.85 8.48 9.85 9.75 8.49 5.79 3.62 1.00 0.00 0.00 0.00 0.00 0.00
0.00 0.00 0.00 0.00 0.00 0.00 0.00 0.00 0.00 1.55 2.97 4.41 5.60 7.11 7.08 6.21 3.50 2.25 0.73 0.00 0.00 0.00 0.00 0.00
0.00 0.00 0.00 0.00 0.00 0.00 0.00 0.00 0.00 4.01 7.68 11.40 14.47 18.36 18.28 16.05 9.04 5.82 1.89 0.00 0.00 0.00 0.00 0.00
0.00 0.00 0.00 0.00 0.00 0.00 0.00 0.00 0.00 0.89 2.30 3.41 4.34 4.75 4.75 4.18 2.61 1.70 0.59 0.00 0.00 0.00 0.00 0.00
0.00 0.00 0.00 0.00 0.00 0.00 0.00 0.00 0.00 2.89 5.87 8.61 10.91 11.29 11.36 10.18 7.71 4.94 1.57 0.00 0.00 0.00 0.00 0.00
0.00 0.00 0.00 0.00 0.00 0.00 0.00 0.00 0.00 4.45 9.20 13.46 16.53 18.07 18.47 16.92 12.27 7.78 2.34 0.00 0.00 0.00 0.00 0.00
0.00 0.00 0.00 0.00 0.00 0.00 0.00 0.00 0.07 0.77 1.48 2.07 2.47 2.57 2.56 2.24 1.58 0.97 0.25 0.00 0.00 0.00 0.00 0.00
0.00 0.00 0.00 0.00 0.00 0.00 0.00 0.00 0.25 4.52 8.76 12.56 14.80 15.48 15.24 13.42 10.64 6.75 2.05 0.00 0.00 0.00 0.00 0.00
0.00 0.00 0.00 0.00 0.00 0.00 0.00 0.00 0.24 3.02 5.89 8.52 9.95 10.05 9.72 8.55 7.18 4.50 1.27 0.00 0.00 0.00 0.00 0.00
0.00 0.00 0.00 0.00 0.00 0.00 0.00 0.00 0.33 4.17 8.13 11.76 13.73 13.87 13.41 11.80 9.91 6.21 1.75 0.00 0.00 0.00 0.00 0.00
0.00 0.00 0.00 0.00 0.00 0.00 0.00 0.00 0.22 2.84 5.54 8.01 9.35 9.45 9.14 8.04 6.75 4.23 1.19 0.00 0.00 0.00 0.00 0.00
0.00 0.00 0.00 0.00 0.00 0.00 0.00 0.00 0.13 2.41 4.67 6.70 7.89 8.25 8.13 7.16 5.67 3.60 1.09 0.00 0.00 0.00 0.00 0.00
0.00 0.00 0.00 0.00 0.00 0.00 0.00 0.00 0.25 2.36 4.59 6.42 7.60 6.92 6.83 6.10 4.83 2.99 0.80 0.00 0.00 0.00 0.00 0.00
0.00 0.00 0.00 0.00 0.00 0.00 0.00 0.00 0.00 2.31 4.81 7.04 8.48 8.76 8.75 7.79 5.94 3.87 1.37 0.00 0.00 0.00 0.00 0.00
0.00 0.00 0.00 0.00 0.00 0.00 0.00 0.00 0.00 18.27 40.71 62.82 80.18 90.24 93.56 85.07 63.82 40.69 17.57 0.00 0.00 0.00 0.00 0.00
0.00 0.00 0.00 0.00 0.00 0.00 0.00 0.00 0.00 2.94 6.24 9.30 11.87 10.60 10.73 9.76 8.51 5.58 2.05 0.00 0.00 0.00 0.00 0.00
0.00 0.00 0.00 0.00 0.00 0.00 0.00 0.00 0.00 4.97 10.01 14.61 18.17 16.06 16.09 14.84 12.71 8.26 2.86 0.00 0.00 0.00 0.00 0.00
0.00 0.00 0.00 0.00 0.00 0.00 0.00 0.00 0.00 2.28 4.59 6.69 8.33 7.36 7.37 6.80 5.83 3.79 1.31 0.00 0.00 0.00 0.00 0.00
0.00 0.00 0.00 0.00 0.00 0.00 0.00 0.00 0.00 3.61 7.68 11.36 14.47 13.71 13.94 12.63 10.85 7.11 2.60 0.00 0.00 0.00 0.00 0.00
0.00 0.00 0.00 0.00 0.00 0.00 0.00 0.00 0.00 1.55 3.20 4.68 5.87 5.98 6.10 5.51 3.83 2.48 0.85 0.00 0.00 0.00 0.00 0.00
0.00 0.00 0.00 0.00 0.00 0.00 0.00 0.00 0.00 14.26 31.48 47.31 61.98 73.19 74.09 68.82 44.75 30.54 12.89 0.00 0.00 0.00 0.00 0.00
0.00 0.00 0.00 0.00 0.00 0.00 0.00 0.00 0.00 2.36 9.63 14.39 18.38 24.14 23.93 21.16 13.48 8.91 3.25 0.00 0.00 0.00 0.00 0.00
0.00 0.00 0.00 0.00 0.00 0.00 0.00 0.00 0.00 0.72 2.31 3.43 4.45 5.44 5.50 4.86 3.04 2.02 0.75 0.00 0.00 0.00 0.00 0.00
0.00 0.00 0.00 0.00 0.00 0.00 0.00 0.00 0.00 1.16 3.01 4.54 5.80 6.80 6.83 6.15 4.58 3.05 1.16 0.00 0.00 0.00 0.00 0.00
0.00 0.00 0.00 0.00 0.00 0.00 0.00 0.00 0.00 1.85 4.81 7.26 9.28 10.88 10.92 9.84 7.34 4.88 1.85 0.00 0.00 0.00 0.00 0.00
0.00 0.00 0.00 0.00 0.00 0.00 0.00 0.00 0.00 35.21 84.58 129.43 172.98 240.60 247.88 228.16 229.69 149.65 68.81 0.00 0.00 0.00 0.00 0.00
