0.00 0.00 0.00 0.00 0.00 0.00 0.00 0.00 0.90 1.81 2.75 3.70 4.47 4.73 4.83 4.56 3.89 3.10 2.07 1.10 0.30 0.00 0.00 0.00
0.00 0.00 0.00 0.00 0.00 0.00 0.00 1.65 16.87 31.11 37.80 50.70 60.76 75.68 76.10 71.13 65.21 50.07 32.13 10.75 0.00 0.00 0.00 0.00
0.00 0.00 0.00 0.00 0.00 0.00 0.00 0.00 20.54 41.38 62.87 84.52 102.23 108.06 110.47 104.38 88.92 70.78 47.36 25.20 6.80 0.00 0.00 0.00
0.00 0.00 0.00 0.00 0.00 0.00 0.00 0.00 73.01 147.05 223.44 300.39 363.31 384.04 392.61 370.97 316.01 251.56 168.33 89.57 24.18 0.00 0.00 0.00
0.00 0.00 0.00 0.00 0.00 0.00 0.00 0.67 2.82 4.89 8.74 11.24 12.84 14.20 14.18 12.91 10.65 7.97 4.92 1.56 0.00 0.00 0.00 0.00
0.00 0.00 0.00 0.00 0.00 0.00 0.00 0.00 160.43 338.43 552.44 744.89 898.43 986.60 997.44 935.56 684.12 531.88 364.97 185.95 53.78 0.00 0.00 0.00
0.00 0.00 0.00 0.00 0.00 0.00 0.00 0.43 2.07 3.62 3.66 4.71 5.53 8.91 9.16 8.59 6.47 4.97 3.16 1.35 0.12 0.00 0.00 0.00
0.00 0.00 0.00 0.00 0.00 0.00 0.00 0.12 0.96 1.75 2.77 3.71 4.41 4.71 4.74 4.53 3.72 2.89 1.86 0.72 0.01 0.00 0.00 0.00
0.00 0.00 0.00 0.00 0.00 0.00 0.00 0.19 1.54 2.80 4.43 5.93 7.05 7.54 7.59 7.24 5.95 4.62 2.97 1.16 0.02 0.00 0.00 0.00
0.00 0.00 0.00 0.00 0.00 0.00 0.00 0.19 1.54 2.80 4.43 5.93 7.05 7.54 7.59 7.24 5.95 4.62 2.97 1.16 0.02 0.00 0.00 0.00
0.00 0.00 0.00 0.00 0.00 0.00 0.00 0.29 3.20 5.96 9.65 13.30 16.32 16.05 16.78 16.06 10.58 8.25 5.35 1.77 0.17 0.00 0.00 0.00
0.00 0.00 0.00 0.00 0.00 0.00 0.00 0.14 1.52 2.82 4.62 6.37 7.77 7.67 7.97 7.59 5.52 4.28 2.75 0.88 0.08 0.00 0.00 0.00
0.00 0.00 0.00 0.00 0.00 0.00 0.00 0.18 1.95 3.62 5.94 8.19 9.99 9.86 10.24 9.75 7.10 5.51 3.54 1.13 0.10 0.00 0.00 0.00
0.00 0.00 0.00 0.00 0.00 0.00 0.00 0.12 1.30 2.41 3.96 5.46 6.66 6.57 6.83 6.50 4.73 3.67 2.36 0.75 0.07 0.00 0.00 0.00
0.00 0.00 0.00 0.00 0.00 0.00 0.00 0.12 1.30 2.41 3.96 5.46 6.66 6.57 6.83 6.50 4.73 3.67 2.36 0.75 0.07 0.00 0.00 0.00
0.00 0.00 0.00 0.00 0.00 0.00 0.00 0.00 18.71 36.98 60.32 79.75 94.21 102.10 104.37 100.59 86.17 66.22 41.79 16.83 1.31 0.00 0.00 0.00
0.00 0.00 0.00 0.00 0.00 0.00 0.00 1.06 9.45 17.39 30.25 40.66 49.70 46.26 47.43 46.08 29.85 23.20 15.09 5.06 0.43 0.00 0.00 0.00
0.00 0.00 0.00 0.00 0.00 0.00 0.00 0.89 8.35 15.44 26.63 35.36 43.09 33.23 34.22 33.02 18.37 14.38 9.32 3.73 0.43 0.00 0.00 0.00
0.00 0.00 0.00 0.00 0.00 0.00 0.00 0.00 47.32 99.82 162.95 219.71 265.00 291.01 294.21 275.96 201.79 156.89 107.65 54.85 15.86 0.00 0.00 0.00
0.00 0.00 0.00 0.00 0.00 0.00 0.00 0.00 45.01 94.95 155.00 209.00 252.08 276.82 279.86 262.50 191.95 149.23 102.40 52.17 15.09 0.00 0.00 0.00
0.00 0.00 0.00 0.00 0.00 0.00 0.00 0.00 86.56 182.61 298.08 401.92 484.76 532.34 538.19 504.80 369.13 286.99 196.93 100.33 29.02 0.00 0.00 0.00
0.00 0.00 0.00 0.00 0.00 0.00 0.00 0.00 85.12 179.56 293.11 395.22 476.68 523.47 529.22 496.39 362.98 282.20 193.64 98.66 28.53 0.00 0.00 0.00
0.00 0.00 0.00 0.00 0.00 0.00 0.00 0.00 99.90 200.92 313.07 422.26 508.03 549.98 561.95 531.23 463.05 367.21 246.52 122.26 35.46 0.00 0.00 0.00
0.00 0.00 0.00 0.00 0.00 0.00 0.00 0.12 0.96 1.75 2.77 3.71 4.41 4.71 4.74 4.53 3.72 2.89 1.86 0.72 0.01 0.00 0.00 0.00
0.00 0.00 0.00 0.00 0.00 0.00 0.00 0.60 4.88 8.86 14.03 18.79 22.34 23.87 24.03 22.94 18.84 14.62 9.42 3.67 0.06 0.00 0.00 0.00
0.00 0.00 0.00 0.00 0.00 0.00 0.00 3.04 24.90 45.24 71.62 95.93 114.03 121.85 122.68 117.10 96.18 74.65 48.08 18.74 0.30 0.00 0.00 0.00
0.00 0.00 0.00 0.00 0.00 0.00 0.00 0.00 3.23 6.82 11.13 15.00 18.10 19.87 20.09 18.85 13.78 10.71 7.35 3.75 1.08 0.00 0.00 0.00
0.00 0.00 0.00 0.00 0.00 0.00 0.00 0.00 71.87 144.76 219.96 295.71 357.64 378.05 386.49 365.19 311.09 247.64 165.71 88.17 23.80 0.00 0.00 0.00
0.00 0.00 0.00 0.00 0.00 0.00 0.00 0.00 3.96 7.86 11.95 17.53 22.55 28.23 29.82 28.59 21.78 17.19 11.59 4.86 0.89 0.00 0.00 0.00
0.00 0.00 0.00 0.00 0.00 0.00 0.00 1.96 26.32 49.80 103.27 136.19 160.65 205.04 207.63 196.38 168.84 134.25 90.50 40.27 9.41 0.00 0.00 0.00
0.00 0.00 0.00 0.00 0.00 0.00 0.00 0.00 1.20 2.41 3.67 4.93 5.96 6.30 6.44 6.09 5.18 4.13 2.76 1.47 0.40 0.00 0.00 0.00
0.00 0.00 0.00 0.00 0.00 0.00 0.00 0.00 53.90 108.57 164.97 221.78 268.23 283.54 289.87 273.89 233.31 185.73 124.28 66.13 17.85 0.00 0.00 0.00
0.00 0.00 0.00 0.00 0.00 0.00 0.00 0.00 69.18 139.33 211.71 284.62 344.23 363.87 372.00 351.50 299.42 238.35 159.49 84.86 22.91 0.00 0.00 0.00
0.00 0.00 0.00 0.00 0.00 0.00 0.00 0.00 131.74 264.96 412.86 556.85 669.96 725.29 741.07 700.56 610.64 484.26 325.09 161.23 46.77 0.00 0.00 0.00
0.00 0.00 0.00 0.00 0.00 0.00 0.00 0.15 2.39 4.49 7.18 10.00 12.38 13.33 13.57 13.08 11.61 9.03 5.95 2.15 0.21 0.00 0.00 0.00
0.00 0.00 0.00 0.00 0.00 0.00 0.00 0.20 2.98 5.58 8.90 12.32 15.47 16.54 17.02 16.34 14.19 10.93 7.12 2.23 0.22 0.00 0.00 0.00
0.00 0.00 0.00 0.00 0.00 0.00 0.00 0.00 16.36 32.43 49.31 72.30 93.00 116.45 123.02 117.95 89.85 70.89 47.80 20.05 3.65 0.00 0.00 0.00
0.00 0.00 0.00 0.00 0.00 0.00 0.00 0.00 91.19 186.20 254.08 343.61 413.39 559.09 568.42 545.28 508.71 403.48 282.48 167.50 59.72 0.00 0.00 0.00
0.00 0.00 0.00 0.00 0.00 0.00 0.00 0.10 0.78 1.42 2.37 3.27 3.97 3.83 3.94 3.75 2.14 1.66 1.08 0.38 0.03 0.00 0.00 0.00
0.00 0.00 0.00 0.00 0.00 0.00 0.00 0.02 18.22 35.80 47.62 63.92 76.73 89.52 90.81 85.30 77.58 61.87 42.68 22.55 5.78 0.00 0.00 0.00
0.00 0.00 0.00 0.00 0.00 0.00 0.00 0.00 5.38 12.10 20.03 27.58 33.07 36.03 36.05 33.22 27.85 21.96 15.35 8.40 2.65 0.00 0.00 0.00
0.00 0.00 0.00 0.00 0.00 0.00 0.00 0.53 2.38 4.15 4.79 6.33 7.37 10.24 10.37 9.86 8.43 6.47 4.15 1.67 0.12 0.00 0.00 0.00
0.00 0.00 0.00 0.00 0.00 0.00 0.00 0.27 1.19 2.07 2.40 3.16 3.68 5.12 5.19 4.93 4.22 3.23 2.08 0.83 0.06 0.00 0.00 0.00
0.00 0.00 0.00 0.00 0.00 0.00 0.00 0.58 2.61 4.54 5.24 6.92 8.06 11.20 11.34 10.79 9.22 7.07 4.54 1.82 0.13 0.00 0.00 0.00
0.00 0.00 0.00 0.00 0.00 0.00 0.00 0.67 3.13 5.44 5.89 7.78 9.05 12.56 12.80 12.35 8.50 6.46 4.22 1.40 0.09 0.00 0.00 0.00
0.00 0.00 0.00 0.00 0.00 0.00 0.00 1.03 4.77 8.29 8.97 11.86 13.79 19.13 19.50 18.82 12.96 9.85 6.43 2.13 0.14 0.00 0.00 0.00
0.00 0.00 0.00 0.00 0.00 0.00 0.00 0.83 4.09 7.17 7.56 9.74 11.42 17.54 17.77 16.79 11.71 9.02 5.85 2.72 0.25 0.00 0.00 0.00
0.00 0.00 0.00 0.00 0.00 0.00 0.00 0.32 2.38 4.37 9.62 12.59 14.77 16.34 16.25 15.17 13.28 10.35 6.95 2.96 0.61 0.00 0.00 0.00
0.00 0.00 0.00 0.00 0.00 0.00 0.00 0.82 6.16 11.28 24.86 32.51 38.17 42.21 41.99 39.20 34.31 26.74 17.96 7.65 1.57 0.00 0.00 0.00
0.00 0.00 0.00 0.00 0.00 0.00 0.00 0.14 1.40 2.60 4.23 5.60 6.59 10.69 10.81 10.06 8.94 6.98 4.70 2.05 0.42 0.00 0.00 0.00
0.00 0.00 0.00 0.00 0.00 0.00 0.00 0.62 3.78 6.76 11.04 14.71 17.52 17.42 17.96 17.01 9.61 7.38 4.80 1.29 0.05 0.00 0.00 0.00
0.00 0.00 0.00 0.00 0.00 0.00 0.00 1.23 6.82 12.09 18.12 24.26 29.63 28.26 28.62 27.24 12.87 9.85 6.29 2.37 0.16 0.00 0.00 0.00
0.00 0.00 0.00 0.00 0.00 0.00 0.00 0.12 0.52 0.89 2.59 3.30 3.75 4.30 4.30 4.06 3.54 2.67 1.69 0.51 0.00 0.00 0.00 0.00
0.00 0.00 0.00 0.00 0.00 0.00 0.00 1.07 5.61 9.83 15.24 19.89 23.07 24.24 24.30 22.99 19.84 15.17 9.68 2.39 0.00 0.00 0.00 0.00
0.00 0.00 0.00 0.00 0.00 0.00 0.00 0.72 3.39 5.91 8.76 11.38 13.05 16.91 16.92 15.83 13.35 10.21 6.45 1.52 0.00 0.00 0.00 0.00
0.00 0.00 0.00 0.00 0.00 0.00 0.00 1.00 4.68 8.16 12.09 15.71 18.01 23.33 23.35 21.84 18.42 14.09 8.90 2.09 0.00 0.00 0.00 0.00
0.00 0.00 0.00 0.00 0.00 0.00 0.00 0.68 3.19 5.56 8.24 10.70 12.27 15.89 15.90 14.88 12.55 9.60 6.06 1.42 0.00 0.00 0.00 0.00
0.00 0.00 0.00 0.00 0.00 0.00 0.00 0.57 2.99 5.24 8.13 10.61 12.30 12.93 12.96 12.26 10.58 8.09 5.16 1.28 0.00 0.00 0.00 0.00
0.00 0.00 0.00 0.00 0.00 0.00 0.00 0.64 2.79 4.86 7.99 10.24 11.82 12.89 12.89 11.81 9.74 7.26 4.48 1.37 0.00 0.00 0.00 0.00
0.00 0.00 0.00 0.00 0.00 0.00 0.00 0.34 2.76 5.01 7.94 10.63 12.64 13.50 13.60 12.98 10.66 8.27 5.33 2.08 0.03 0.00 0.00 0.00
0.00 0.00 0.00 0.00 0.00 0.00 0.00 0.00 24.36 48.14 78.52 103.80 122.62 132.90 135.84 130.93 112.16 86.19 54.40 21.90 1.71 0.00 0.00 0.00
0.00 0.00 0.00 0.00 0.00 0.00 0.00 0.33 3.63 6.75 10.94 15.07 18.50 18.19 19.02 18.20 12.00 9.35 6.06 2.00 0.19 0.00 0.00 0.00
0.00 0.00 0.00 0.00 0.00 0.00 0.00 0.62 4.85 8.81 16.13 22.38 26.75 28.63 28.83 27.43 21.01 16.15 10.44 2.81 0.16 0.00 0.00 0.00
0.00 0.00 0.00 0.00 0.00 0.00 0.00 0.28 2.22 4.04 7.39 10.26 12.26 13.12 13.21 12.57 9.63 7.40 4.78 1.29 0.07 0.00 0.00 0.00
0.00 0.00 0.00 0.00 0.00 0.00 0.00 0.42 4.48 8.34 13.62 18.68 22.98 22.33 23.33 22.36 14.15 11.05 7.20 2.38 0.23 0.00 0.00 0.00
0.00 0.00 0.00 0.00 0.00 0.00 0.00 0.25 1.90 3.46 5.75 7.95 9.63 9.31 9.58 9.11 5.20 4.04 2.63 0.92 0.06 0.00 0.00 0.00
0.00 0.00 0.00 0.00 0.00 0.00 0.00 0.00 16.93 33.57 51.05 74.86 96.29 120.57 127.37 122.12 93.02 73.40 49.49 20.75 3.78 0.00 0.00 0.00
0.00 0.00 0.00 0.00 0.00 0.00 0.00 0.47 6.29 11.91 24.70 32.57 38.42 49.03 49.65 46.96 40.37 32.10 21.64 9.63 2.25 0.00 0.00 0.00
0.00 0.00 0.00 0.00 0.00 0.00 0.00 0.10 1.64 3.11 3.75 4.98 5.90 10.74 10.95 10.22 9.22 7.26 4.89 2.15 0.50 0.00 0.00 0.00
0.00 0.00 0.00 0.00 0.00 0.00 0.00 0.12 2.28 4.36 3.68 4.96 6.02 10.61 10.61 9.91 10.62 8.27 5.56 2.63 0.57 0.00 0.00 0.00
0.00 0.00 0.00 0.00 0.00 0.00 0.00 0.19 3.66 6.97 5.89 7.93 9.63 16.98 16.98 15.86 16.99 13.24 8.90 4.21 0.91 0.00 0.00 0.00
0.00 0.00 0.00 0.00 0.00 0.00 0.00 0.00 88.00 185.65 303.05 408.62 492.84 541.21 547.16 513.21 375.28 291.77 200.21 102.01 29.50 0.00 0.00 0.00
