0.00 0.00 0.00 0.00 0.00 0.00 0.00 0.00 0.06 0.43 1.09 1.55 1.93 2.45 2.50 2.38 2.26 1.60 0.92 0.07 0.00 0.00 0.00 0.00
0.00 0.00 0.00 0.00 0.00 0.00 0.00 0.00 4.65 14.08 29.29 40.20 46.51 66.97 65.01 58.73 47.74 32.43 16.86 0.00 0.00 0.00 0.00 0.00
0.00 0.00 0.00 0.00 0.00 0.00 0.00 0.00 1.31 9.84 24.84 35.42 44.07 55.97 57.22 54.45 51.71 36.53 20.95 1.68 0.00 0.00 0.00 0.00
0.00 0.00 0.00 0.00 0.00 0.00 0.00 0.00 4.67 34.96 88.28 125.89 156.61 198.92 203.37 193.51 183.77 129.84 74.44 5.97 0.00 0.00 0.00 0.00
0.00 0.00 0.00 0.00 0.00 0.00 0.00 0.00 0.55 1.42 2.61 3.45 3.91 5.57 5.33 4.67 4.58 2.98 1.38 0.00 0.00 0.00 0.00 0.00
0.00 0.00 0.00 0.00 0.00 0.00 0.00 0.00 4.76 50.21 118.21 169.82 213.81 405.27 419.13 400.29 524.86 372.55 218.95 33.68 0.00 0.00 0.00 0.00
0.00 0.00 0.00 0.00 0.00 0.00 0.00 0.00 0.66 2.10 3.38 4.64 5.48 5.17 5.20 4.77 2.15 1.42 0.70 0.00 0.00 0.00 0.00 0.00
0.00 0.00 0.00 0.00 0.00 0.00 0.00 0.00 0.24 0.73 1.37 1.86 2.10 2.88 2.80 2.56 2.54 1.72 0.89 0.00 0.00 0.00 0.00 0.00
0.00 0.00 0.00 0.00 0.00 0.00 0.00 0.00 0.38 1.17 2.18 2.97 3.36 4.61 4.49 4.10 4.07 2.75 1.42 0.00 0.00 0.00 0.00 0.00
0.00 0.00 0.00 0.00 0.00 0.00 0.00 0.00 0.38 1.17 2.18 2.97 3.36 4.61 4.49 4.10 4.07 2.75 1.42 0.00 0.00 0.00 0.00 0.00
0.00 0.00 0.00 0.00 0.00 0.00 0.00 0.00 1.10 3.82 5.80 8.24 9.71 12.28 12.05 11.25 10.74 7.34 3.88 0.00 0.00 0.00 0.00 0.00
0.00 0.00 0.00 0.00 0.00 0.00 0.00 0.00 0.48 1.65 2.45 3.49 4.07 5.39 5.29 4.98 4.81 3.27 1.73 0.00 0.00 0.00 0.00 0.00
0.00 0.00 0.00 0.00 0.00 0.00 0.00 0.00 0.62 2.12 3.15 4.49 5.23 6.93 6.81 6.40 6.19 4.21 2.22 0.00 0.00 0.00 0.00 0.00
0.00 0.00 0.00 0.00 0.00 0.00 0.00 0.00 0.41 1.41 2.10 2.99 3.48 4.62 4.54 4.27 4.13 2.80 1.48 0.00 0.00 0.00 0.00 0.00
0.00 0.00 0.00 0.00 0.00 0.00 0.00 0.00 0.41 1.41 2.10 2.99 3.48 4.62 4.54 4.27 4.13 2.80 1.48 0.00 0.00 0.00 0.00 0.00
0.00 0.00 0.00 0.00 0.00 0.00 0.00 0.00 5.62 20.25 35.15 50.28 59.35 72.15 71.79 66.37 67.47 46.41 25.59 0.76 0.00 0.00 0.00 0.00
0.00 0.00 0.00 0.00 0.00 0.00 0.00 0.00 3.45 11.61 18.62 26.17 30.49 35.39 35.14 32.42 32.50 22.26 11.62 0.00 0.00 0.00 0.00 0.00
0.00 0.00 0.00 0.00 0.00 0.00 0.00 0.00 1.37 4.88 7.46 10.46 12.62 23.06 22.93 21.38 23.99 16.49 8.68 0.00 0.00 0.00 0.00 0.00
0.00 0.00 0.00 0.00 0.00 0.00 0.00 0.00 1.40 14.81 34.87 50.09 63.07 119.54 123.63 118.07 154.82 109.89 64.58 9.93 0.00 0.00 0.00 0.00
0.00 0.00 0.00 0.00 0.00 0.00 0.00 0.00 1.34 14.09 33.17 47.65 59.99 113.71 117.60 112.31 147.26 104.53 61.43 9.45 0.00 0.00 0.00 0.00
0.00 0.00 0.00 0.00 0.00 0.00 0.00 0.00 2.57 27.09 63.78 91.63 115.36 218.67 226.15 215.99 283.20 201.02 118.14 18.17 0.00 0.00 0.00 0.00
0.00 0.00 0.00 0.00 0.00 0.00 0.00 0.00 2.53 26.64 62.72 90.10 113.44 215.03 222.38 212.39 278.48 197.67 116.17 17.87 0.00 0.00 0.00 0.00
0.00 0.00 0.00 0.00 0.00 0.00 0.00 0.00 11.41 101.99 189.37 266.65 336.13 373.27 384.27 362.33 269.30 190.60 109.98 7.62 0.00 0.00 0.00 0.00
0.00 0.00 0.00 0.00 0.00 0.00 0.00 0.00 0.24 0.73 1.37 1.86 2.10 2.88 2.80 2.56 2.54 1.72 0.89 0.00 0.00 0.00 0.00 0.00
0.00 0.00 0.00 0.00 0.00 0.00 0.00 0.00 1.22 3.72 6.92 9.42 10.63 14.60 14.20 12.98 12.89 8.72 4.48 0.00 0.00 0.00 0.00 0.00
0.00 0.00 0.00 0.00 0.00 0.00 0.00 0.00 6.21 18.99 35.32 48.08 54.28 74.53 72.51 66.25 65.79 44.50 22.89 0.00 0.00 0.00 0.00 0.00
0.00 0.00 0.00 0.00 0.00 0.00 0.00 0.00 0.10 1.01 2.38 3.42 4.31 8.16 8.44 8.06 10.57 7.50 4.41 0.68 0.00 0.00 0.00 0.00
0.00 0.00 0.00 0.00 0.00 0.00 0.00 0.00 4.60 34.42 86.90 123.93 154.17 195.81 200.20 190.49 180.91 127.81 73.28 5.88 0.00 0.00 0.00 0.00
0.00 0.00 0.00 0.00 0.00 0.00 0.00 0.00 0.74 3.40 8.30 12.21 15.46 23.45 24.62 23.73 19.24 13.86 7.77 0.24 0.00 0.00 0.00 0.00
0.00 0.00 0.00 0.00 0.00 0.00 0.00 0.00 8.49 43.30 78.81 109.79 129.93 140.67 145.37 134.46 105.92 72.18 39.56 0.52 0.00 0.00 0.00 0.00
0.00 0.00 0.00 0.00 0.00 0.00 0.00 0.00 0.08 0.57 1.45 2.07 2.57 3.26 3.34 3.17 3.02 2.13 1.22 0.10 0.00 0.00 0.00 0.00
0.00 0.00 0.00 0.00 0.00 0.00 0.00 0.00 3.45 25.81 65.18 92.95 115.63 146.86 150.15 142.87 135.68 95.86 54.96 4.41 0.00 0.00 0.00 0.00
0.00 0.00 0.00 0.00 0.00 0.00 0.00 0.00 4.42 33.13 83.64 119.28 148.39 188.47 192.69 183.35 174.12 123.02 70.53 5.66 0.00 0.00 0.00 0.00
0.00 0.00 0.00 0.00 0.00 0.00 0.00 0.00 15.05 134.50 249.74 351.65 443.27 492.25 506.76 477.82 355.15 251.36 145.04 10.05 0.00 0.00 0.00 0.00
0.00 0.00 0.00 0.00 0.00 0.00 0.00 0.00 0.61 2.18 3.67 5.21 6.15 7.90 7.74 7.07 7.72 5.35 2.86 0.00 0.00 0.00 0.00 0.00
0.00 0.00 0.00 0.00 0.00 0.00 0.00 0.00 0.83 2.94 4.96 7.01 8.34 10.39 10.15 9.49 9.75 6.74 3.59 0.00 0.00 0.00 0.00 0.00
0.00 0.00 0.00 0.00 0.00 0.00 0.00 0.00 3.04 14.04 34.23 50.36 63.77 96.72 101.57 97.87 79.36 57.16 32.03 1.01 0.00 0.00 0.00 0.00
0.00 0.00 0.00 0.00 0.00 0.00 0.00 0.00 0.96 96.46 208.71 299.40 374.53 416.48 429.53 401.43 334.76 241.00 142.15 9.90 0.00 0.00 0.00 0.00
0.00 0.00 0.00 0.00 0.00 0.00 0.00 0.00 0.22 0.72 1.21 1.64 1.93 2.34 2.30 2.10 2.14 1.45 0.75 0.00 0.00 0.00 0.00 0.00
0.00 0.00 0.00 0.00 0.00 0.00 0.00 0.00 3.08 19.40 35.43 50.17 61.58 60.46 62.35 58.23 35.59 24.95 14.08 0.76 0.00 0.00 0.00 0.00
0.00 0.00 0.00 0.00 0.00 0.00 0.00 0.00 0.09 2.48 7.91 11.52 14.12 15.32 15.85 14.98 17.16 12.30 7.45 1.01 0.00 0.00 0.00 0.00
0.00 0.00 0.00 0.00 0.00 0.00 0.00 0.00 0.81 2.50 4.04 5.57 6.65 6.55 6.40 5.89 2.74 1.81 0.88 0.00 0.00 0.00 0.00 0.00
0.00 0.00 0.00 0.00 0.00 0.00 0.00 0.00 0.41 1.25 2.02 2.79 3.32 3.27 3.20 2.94 1.37 0.91 0.44 0.00 0.00 0.00 0.00 0.00
0.00 0.00 0.00 0.00 0.00 0.00 0.00 0.00 0.89 2.73 4.42 6.10 7.27 7.16 7.00 6.44 3.00 1.98 0.97 0.00 0.00 0.00 0.00 0.00
0.00 0.00 0.00 0.00 0.00 0.00 0.00 0.00 0.88 2.70 4.08 5.56 6.60 6.69 6.64 6.12 2.73 1.79 0.87 0.00 0.00 0.00 0.00 0.00
0.00 0.00 0.00 0.00 0.00 0.00 0.00 0.00 1.34 4.12 6.21 8.47 10.06 10.20 10.12 9.33 4.16 2.73 1.33 0.00 0.00 0.00 0.00 0.00
0.00 0.00 0.00 0.00 0.00 0.00 0.00 0.00 1.31 4.19 6.67 9.05 10.78 9.44 9.52 8.75 4.12 2.75 1.37 0.00 0.00 0.00 0.00 0.00
0.00 0.00 0.00 0.00 0.00 0.00 0.00 0.00 0.86 3.72 6.73 9.19 10.78 11.55 11.65 10.71 8.68 5.92 3.14 0.00 0.00 0.00 0.00 0.00
0.00 0.00 0.00 0.00 0.00 0.00 0.00 0.00 2.22 9.60 17.39 23.74 27.86 29.83 30.11 27.68 22.43 15.30 8.12 0.00 0.00 0.00 0.00 0.00
0.00 0.00 0.00 0.00 0.00 0.00 0.00 0.00 0.52 2.32 4.14 5.64 6.74 7.18 7.36 6.72 5.52 3.71 2.00 0.01 0.00 0.00 0.00 0.00
0.00 0.00 0.00 0.00 0.00 0.00 0.00 0.00 0.78 2.41 4.07 5.56 6.40 8.57 8.51 7.71 7.57 5.06 2.55 0.00 0.00 0.00 0.00 0.00
0.00 0.00 0.00 0.00 0.00 0.00 0.00 0.00 0.75 2.38 5.51 7.52 8.88 9.63 9.83 9.02 9.37 6.15 3.07 0.00 0.00 0.00 0.00 0.00
0.00 0.00 0.00 0.00 0.00 0.00 0.00 0.00 0.15 0.38 0.66 0.88 0.99 1.46 1.42 1.27 1.40 0.92 0.43 0.00 0.00 0.00 0.00 0.00
0.00 0.00 0.00 0.00 0.00 0.00 0.00 0.00 1.08 3.01 5.28 7.10 8.07 13.14 12.53 11.17 14.86 9.96 4.86 0.00 0.00 0.00 0.00 0.00
0.00 0.00 0.00 0.00 0.00 0.00 0.00 0.00 0.68 1.81 3.04 4.06 4.54 7.81 7.56 6.67 8.96 5.83 2.78 0.00 0.00 0.00 0.00 0.00
0.00 0.00 0.00 0.00 0.00 0.00 0.00 0.00 0.93 2.50 4.19 5.60 6.27 10.78 10.43 9.21 12.37 8.05 3.84 0.00 0.00 0.00 0.00 0.00
0.00 0.00 0.00 0.00 0.00 0.00 0.00 0.00 0.63 1.70 2.85 3.81 4.27 7.34 7.10 6.27 8.42 5.48 2.62 0.00 0.00 0.00 0.00 0.00
0.00 0.00 0.00 0.00 0.00 0.00 0.00 0.00 0.58 1.61 2.82 3.79 4.30 7.01 6.68 5.96 7.92 5.31 2.59 0.00 0.00 0.00 0.00 0.00
0.00 0.00 0.00 0.00 0.00 0.00 0.00 0.00 0.51 1.33 2.24 3.00 3.39 5.18 5.02 4.45 5.36 3.45 1.62 0.00 0.00 0.00 0.00 0.00
0.00 0.00 0.00 0.00 0.00 0.00 0.00 0.00 0.69 2.11 3.91 5.33 6.02 8.26 8.04 7.34 7.29 4.93 2.54 0.00 0.00 0.00 0.00 0.00
0.00 0.00 0.00 0.00 0.00 0.00 0.00 0.00 7.31 26.35 45.75 65.44 77.25 93.92 93.45 86.38 87.81 60.41 33.31 0.99 0.00 0.00 0.00 0.00
0.00 0.00 0.00 0.00 0.00 0.00 0.00 0.00 1.25 4.33 6.57 9.33 11.00 13.92 13.65 12.75 12.17 8.32 4.39 0.00 0.00 0.00 0.00 0.00
0.00 0.00 0.00 0.00 0.00 0.00 0.00 0.00 1.35 4.32 7.12 9.71 11.30 14.00 13.92 12.88 12.32 8.43 4.34 0.00 0.00 0.00 0.00 0.00
0.00 0.00 0.00 0.00 0.00 0.00 0.00 0.00 0.62 1.98 3.26 4.45 5.18 6.42 6.38 5.90 5.65 3.86 1.99 0.00 0.00 0.00 0.00 0.00
0.00 0.00 0.00 0.00 0.00 0.00 0.00 0.00 1.59 5.51 8.49 12.01 14.17 17.25 16.97 15.78 15.44 10.65 5.62 0.00 0.00 0.00 0.00 0.00
0.00 0.00 0.00 0.00 0.00 0.00 0.00 0.00 0.54 1.76 2.95 3.99 4.68 5.68 5.58 5.10 5.19 3.51 1.81 0.00 0.00 0.00 0.00 0.00
0.00 0.00 0.00 0.00 0.00 0.00 0.00 0.00 3.14 14.53 35.44 52.15 66.03 100.14 105.16 101.33 82.17 59.18 33.16 1.04 0.00 0.00 0.00 0.00
0.00 0.00 0.00 0.00 0.00 0.00 0.00 0.00 2.03 10.35 18.84 26.25 31.07 33.64 34.76 32.15 25.33 17.26 9.46 0.12 0.00 0.00 0.00 0.00
0.00 0.00 0.00 0.00 0.00 0.00 0.00 0.00 0.44 2.23 3.95 5.54 6.61 6.92 7.06 6.52 4.62 3.23 1.77 0.03 0.00 0.00 0.00 0.00
0.00 0.00 0.00 0.00 0.00 0.00 0.00 0.00 0.49 2.38 3.12 4.36 5.31 4.40 4.46 4.13 3.37 2.36 1.29 0.04 0.00 0.00 0.00 0.00
0.00 0.00 0.00 0.00 0.00 0.00 0.00 0.00 0.79 3.80 4.99 6.98 8.49 7.03 7.13 6.60 5.40 3.77 2.07 0.06 0.00 0.00 0.00 0.00
0.00 0.00 0.00 0.00 0.00 0.00 0.00 0.00 2.61 27.54 64.84 93.16 117.29 222.32 229.92 219.59 287.92 204.37 120.11 18.48 0.00 0.00 0.00 0.00
