0.00 0.00 0.00 0.00 0.00 0.00 0.00 0.00 0.00 0.53 1.50 2.26 2.93 3.33 3.40 3.08 2.39 1.60 0.69 0.00 0.00 0.00 0.00 0.00
0.00 0.00 0.00 0.00 0.00 0.00 0.00 0.00 0.74 15.02 31.78 45.65 55.79 60.58 58.73 52.54 41.20 27.03 10.11 0.00 0.00 0.00 0.00 0.00
0.00 0.00 0.00 0.00 0.00 0.00 0.00 0.00 0.00 12.12 34.37 51.67 67.05 76.12 77.66 70.34 54.60 36.61 15.80 0.00 0.00 0.00 0.00 0.00
0.00 0.00 0.00 0.00 0.00 0.00 0.00 0.00 0.00 43.08 122.14 183.64 238.30 270.54 276.00 249.99 194.04 130.11 56.16 0.00 0.00 0.00 0.00 0.00
0.00 0.00 0.00 0.00 0.00 0.00 0.00 0.00 0.31 2.30 5.52 7.82 9.15 9.76 9.47 8.41 6.18 3.82 1.01 0.00 0.00 0.00 0.00 0.00
0.00 0.00 0.00 0.00 0.00 0.00 0.00 0.00 0.00 96.01 281.56 426.01 565.11 647.22 663.61 608.20 463.88 302.09 139.92 0.00 0.00 0.00 0.00 0.00
0.00 0.00 0.00 0.00 0.00 0.00 0.00 0.00 0.00 1.27 2.82 4.30 5.23 5.68 5.62 4.94 3.66 2.30 0.65 0.00 0.00 0.00 0.00 0.00
0.00 0.00 0.00 0.00 0.00 0.00 0.00 0.00 0.02 0.87 1.85 2.70 3.25 3.54 3.51 3.12 2.39 1.56 0.56 0.00 0.00 0.00 0.00 0.00
0.00 0.00 0.00 0.00 0.00 0.00 0.00 0.00 0.03 1.39 2.96 4.31 5.20 5.66 5.62 4.98 3.82 2.49 0.89 0.00 0.00 0.00 0.00 0.00
0.00 0.00 0.00 0.00 0.00 0.00 0.00 0.00 0.03 1.39 2.96 4.31 5.20 5.66 5.62 4.98 3.82 2.49 0.89 0.00 0.00 0.00 0.00 0.00
0.00 0.00 0.00 0.00 0.00 0.00 0.00 0.00 0.00 2.76 6.21 9.21 11.73 13.32 13.46 12.23 9.45 6.22 2.33 0.00 0.00 0.00 0.00 0.00
0.00 0.00 0.00 0.00 0.00 0.00 0.00 0.00 0.00 1.32 2.95 4.42 5.68 6.32 6.35 5.77 4.43 2.91 1.09 0.00 0.00 0.00 0.00 0.00
0.00 0.00 0.00 0.00 0.00 0.00 0.00 0.00 0.00 1.70 3.80 5.69 7.31 8.12 8.16 7.42 5.70 3.74 1.40 0.00 0.00 0.00 0.00 0.00
0.00 0.00 0.00 0.00 0.00 0.00 0.00 0.00 0.00 1.13 2.53 3.79 4.87 5.42 5.44 4.95 3.80 2.49 0.93 0.00 0.00 0.00 0.00 0.00
0.00 0.00 0.00 0.00 0.00 0.00 0.00 0.00 0.00 1.13 2.53 3.79 4.87 5.42 5.44 4.95 3.80 2.49 0.93 0.00 0.00 0.00 0.00 0.00
0.00 0.00 0.00 0.00 0.00 0.00 0.00 0.00 0.00 15.39 33.36 51.30 65.40 75.45 78.04 70.80 55.39 35.34 15.37 0.00 0.00 0.00 0.00 0.00
0.00 0.00 0.00 0.00 0.00 0.00 0.00 0.00 0.00 8.52 19.07 27.71 35.71 40.31 41.29 37.28 28.02 18.35 6.62 0.00 0.00 0.00 0.00 0.00
0.00 0.00 0.00 0.00 0.00 0.00 0.00 0.00 0.00 7.03 16.07 23.43 30.32 33.36 32.83 29.57 22.77 14.99 5.44 0.00 0.00 0.00 0.00 0.00
0.00 0.00 0.00 0.00 0.00 0.00 0.00 0.00 0.00 28.32 83.05 125.66 166.69 190.91 195.74 179.40 136.83 89.11 41.27 0.00 0.00 0.00 0.00 0.00
0.00 0.00 0.00 0.00 0.00 0.00 0.00 0.00 0.00 26.94 79.00 119.53 158.56 181.59 186.19 170.65 130.15 84.76 39.26 0.00 0.00 0.00 0.00 0.00
0.00 0.00 0.00 0.00 0.00 0.00 0.00 0.00 0.00 51.80 151.92 229.86 304.92 349.22 358.06 328.16 250.30 163.00 75.50 0.00 0.00 0.00 0.00 0.00
0.00 0.00 0.00 0.00 0.00 0.00 0.00 0.00 0.00 50.94 149.39 226.03 299.83 343.40 352.10 322.69 246.13 160.28 74.24 0.00 0.00 0.00 0.00 0.00
0.00 0.00 0.00 0.00 0.00 0.00 0.00 0.00 0.00 52.39 156.70 234.00 309.28 356.80 362.34 328.09 256.70 171.96 73.57 0.00 0.00 0.00 0.00 0.00
0.00 0.00 0.00 0.00 0.00 0.00 0.00 0.00 0.02 0.87 1.85 2.70 3.25 3.54 3.51 3.12 2.39 1.56 0.56 0.00 0.00 0.00 0.00 0.00
0.00 0.00 0.00 0.00 0.00 0.00 0.00 0.00 0.10 4.41 9.36 13.66 16.45 17.93 17.81 15.79 12.10 7.88 2.82 0.00 0.00 0.00 0.00 0.00
0.00 0.00 0.00 0.00 0.00 0.00 0.00 0.00 0.52 22.51 47.78 69.73 84.00 91.51 90.91 80.59 61.77 40.23 14.40 0.00 0.00 0.00 0.00 0.00
0.00 0.00 0.00 0.00 0.00 0.00 0.00 0.00 0.00 1.93 5.67 8.58 11.38 13.04 13.37 12.25 9.34 6.09 2.82 0.00 0.00 0.00 0.00 0.00
0.00 0.00 0.00 0.00 0.00 0.00 0.00 0.00 0.00 42.40 120.24 180.78 234.59 266.32 271.69 246.10 191.02 128.08 55.28 0.00 0.00 0.00 0.00 0.00
0.00 0.00 0.00 0.00 0.00 0.00 0.00 0.00 0.00 3.87 9.21 13.72 17.87 20.71 21.00 19.54 15.47 10.64 4.57 0.00 0.00 0.00 0.00 0.00
0.00 0.00 0.00 0.00 0.00 0.00 0.00 0.00 0.00 22.20 59.85 88.71 112.88 128.05 126.81 112.07 84.96 56.40 20.99 0.00 0.00 0.00 0.00 0.00
0.00 0.00 0.00 0.00 0.00 0.00 0.00 0.00 0.00 0.71 2.00 3.01 3.91 4.44 4.53 4.10 3.18 2.13 0.92 0.00 0.00 0.00 0.00 0.00
0.00 0.00 0.00 0.00 0.00 0.00 0.00 0.00 0.00 31.80 90.18 135.59 175.94 199.74 203.77 184.57 143.26 96.06 41.46 0.00 0.00 0.00 0.00 0.00
0.00 0.00 0.00 0.00 0.00 0.00 0.00 0.00 0.00 40.81 115.73 174.00 225.79 256.33 261.51 236.87 183.86 123.28 53.21 0.00 0.00 0.00 0.00 0.00
0.00 0.00 0.00 0.00 0.00 0.00 0.00 0.00 0.00 69.08 206.65 308.58 407.86 470.53 477.84 432.67 338.53 226.77 97.03 0.00 0.00 0.00 0.00 0.00
0.00 0.00 0.00 0.00 0.00 0.00 0.00 0.00 0.00 2.09 4.67 7.11 9.08 10.05 10.19 9.20 7.15 4.71 1.83 0.00 0.00 0.00 0.00 0.00
0.00 0.00 0.00 0.00 0.00 0.00 0.00 0.00 0.00 2.59 5.78 8.81 11.34 12.52 12.65 11.47 8.90 5.86 2.26 0.00 0.00 0.00 0.00 0.00
0.00 0.00 0.00 0.00 0.00 0.00 0.00 0.00 0.00 15.97 37.99 56.60 73.71 85.43 86.61 80.60 63.83 43.89 18.83 0.00 0.00 0.00 0.00 0.00
0.00 0.00 0.00 0.00 0.00 0.00 0.00 0.00 0.00 37.57 142.80 219.09 294.63 337.29 348.62 314.94 239.65 163.90 70.22 0.00 0.00 0.00 0.00 0.00
0.00 0.00 0.00 0.00 0.00 0.00 0.00 0.00 0.00 0.69 1.52 2.21 2.77 3.09 3.14 2.84 2.17 1.41 0.49 0.00 0.00 0.00 0.00 0.00
0.00 0.00 0.00 0.00 0.00 0.00 0.00 0.00 0.00 10.45 29.26 43.77 56.86 65.36 66.58 59.42 46.06 30.75 12.57 0.00 0.00 0.00 0.00 0.00
0.00 0.00 0.00 0.00 0.00 0.00 0.00 0.00 0.00 3.56 10.55 16.06 20.89 23.73 24.70 22.55 17.43 11.50 5.73 0.00 0.00 0.00 0.00 0.00
0.00 0.00 0.00 0.00 0.00 0.00 0.00 0.00 0.00 1.55 3.44 5.00 6.11 6.64 6.51 5.81 4.27 2.65 0.70 0.00 0.00 0.00 0.00 0.00
0.00 0.00 0.00 0.00 0.00 0.00 0.00 0.00 0.00 0.78 1.72 2.50 3.06 3.32 3.25 2.91 2.13 1.33 0.35 0.00 0.00 0.00 0.00 0.00
0.00 0.00 0.00 0.00 0.00 0.00 0.00 0.00 0.00 1.70 3.76 5.47 6.69 7.27 7.12 6.36 4.67 2.90 0.77 0.00 0.00 0.00 0.00 0.00
0.00 0.00 0.00 0.00 0.00 0.00 0.00 0.00 0.00 2.03 4.39 6.36 7.84 8.55 8.51 7.60 5.59 3.50 0.96 0.00 0.00 0.00 0.00 0.00
0.00 0.00 0.00 0.00 0.00 0.00 0.00 0.00 0.00 3.10 6.69 9.70 11.95 13.02 12.97 11.58 8.52 5.33 1.46 0.00 0.00 0.00 0.00 0.00
0.00 0.00 0.00 0.00 0.00 0.00 0.00 0.00 0.00 2.57 5.73 8.57 10.57 11.57 11.45 9.97 7.38 4.65 1.33 0.00 0.00 0.00 0.00 0.00
0.00 0.00 0.00 0.00 0.00 0.00 0.00 0.00 0.00 1.52 4.89 7.19 9.05 9.99 9.91 8.67 6.44 4.19 1.40 0.00 0.00 0.00 0.00 0.00
0.00 0.00 0.00 0.00 0.00 0.00 0.00 0.00 0.00 3.94 12.64 18.56 23.39 25.80 25.60 22.40 16.64 10.81 3.62 0.00 0.00 0.00 0.00 0.00
0.00 0.00 0.00 0.00 0.00 0.00 0.00 0.00 0.00 1.26 3.27 4.81 6.09 6.79 6.77 5.94 4.52 2.97 1.06 0.00 0.00 0.00 0.00 0.00
0.00 0.00 0.00 0.00 0.00 0.00 0.00 0.00 0.00 3.10 6.70 9.82 12.46 13.36 13.40 12.00 9.15 5.87 1.91 0.00 0.00 0.00 0.00 0.00
0.00 0.00 0.00 0.00 0.00 0.00 0.00 0.00 0.00 4.98 10.99 16.02 19.65 21.14 21.60 19.79 14.73 9.40 2.91 0.00 0.00 0.00 0.00 0.00
0.00 0.00 0.00 0.00 0.00 0.00 0.00 0.00 0.09 0.81 1.65 2.30 2.75 2.96 2.93 2.57 1.95 1.21 0.32 0.00 0.00 0.00 0.00 0.00
0.00 0.00 0.00 0.00 0.00 0.00 0.00 0.00 0.38 4.72 9.77 13.99 16.51 17.36 17.03 14.95 11.25 7.12 2.20 0.00 0.00 0.00 0.00 0.00
0.00 0.00 0.00 0.00 0.00 0.00 0.00 0.00 0.32 3.14 6.48 9.36 10.95 11.86 11.43 10.02 7.43 4.65 1.34 0.00 0.00 0.00 0.00 0.00
0.00 0.00 0.00 0.00 0.00 0.00 0.00 0.00 0.44 4.33 8.94 12.92 15.11 16.37 15.77 13.83 10.26 6.42 1.85 0.00 0.00 0.00 0.00 0.00
0.00 0.00 0.00 0.00 0.00 0.00 0.00 0.00 0.30 2.95 6.09 8.80 10.29 11.15 10.74 9.42 6.99 4.38 1.26 0.00 0.00 0.00 0.00 0.00
0.00 0.00 0.00 0.00 0.00 0.00 0.00 0.00 0.20 2.52 5.21 7.46 8.81 9.26 9.08 7.97 6.00 3.80 1.17 0.00 0.00 0.00 0.00 0.00
0.00 0.00 0.00 0.00 0.00 0.00 0.00 0.00 0.28 2.19 5.00 6.97 8.26 8.78 8.63 7.69 5.62 3.49 0.96 0.00 0.00 0.00 0.00 0.00
0.00 0.00 0.00 0.00 0.00 0.00 0.00 0.00 0.06 2.49 5.29 7.73 9.31 10.14 10.07 8.93 6.85 4.46 1.60 0.00 0.00 0.00 0.00 0.00
0.00 0.00 0.00 0.00 0.00 0.00 0.00 0.00 0.00 20.04 43.42 66.77 85.12 98.21 101.58 92.16 72.09 45.99 20.01 0.00 0.00 0.00 0.00 0.00
0.00 0.00 0.00 0.00 0.00 0.00 0.00 0.00 0.00 3.13 7.03 10.44 13.30 15.10 15.25 13.86 10.71 7.05 2.64 0.00 0.00 0.00 0.00 0.00
0.00 0.00 0.00 0.00 0.00 0.00 0.00 0.00 0.00 5.15 11.19 16.32 20.35 22.02 21.97 20.21 15.70 10.22 3.59 0.00 0.00 0.00 0.00 0.00
0.00 0.00 0.00 0.00 0.00 0.00 0.00 0.00 0.00 2.36 5.13 7.48 9.33 10.09 10.07 9.26 7.20 4.68 1.64 0.00 0.00 0.00 0.00 0.00
0.00 0.00 0.00 0.00 0.00 0.00 0.00 0.00 0.00 3.87 8.71 12.82 16.29 18.64 18.92 17.12 13.21 8.71 3.24 0.00 0.00 0.00 0.00 0.00
0.00 0.00 0.00 0.00 0.00 0.00 0.00 0.00 0.00 1.66 3.69 5.38 6.73 7.50 7.64 6.89 5.26 3.42 1.19 0.00 0.00 0.00 0.00 0.00
0.00 0.00 0.00 0.00 0.00 0.00 0.00 0.00 0.00 16.53 39.33 58.60 76.32 88.45 89.67 83.45 66.09 45.44 19.50 0.00 0.00 0.00 0.00 0.00
0.00 0.00 0.00 0.00 0.00 0.00 0.00 0.00 0.00 5.31 14.31 21.21 26.99 30.62 30.32 26.80 20.32 13.49 5.02 0.00 0.00 0.00 0.00 0.00
0.00 0.00 0.00 0.00 0.00 0.00 0.00 0.00 0.00 1.20 3.20 4.72 6.09 6.86 6.91 6.10 4.62 3.08 1.17 0.00 0.00 0.00 0.00 0.00
0.00 0.00 0.00 0.00 0.00 0.00 0.00 0.00 0.00 1.54 3.95 5.91 7.53 8.51 8.53 7.68 5.93 3.96 1.53 0.00 0.00 0.00 0.00 0.00
0.00 0.00 0.00 0.00 0.00 0.00 0.00 0.00 0.00 2.46 6.32 9.46 12.05 13.61 13.65 12.29 9.49 6.34 2.45 0.00 0.00 0.00 0.00 0.00
0.00 0.00 0.00 0.00 0.00 0.00 0.00 0.00 0.00 52.67 154.45 233.69 310.00 355.04 364.03 333.63 254.47 165.72 76.75 0.00 0.00 0.00 0.00 0.00
