0.00 0.00 0.00 0.00 0.00 0.00 0.00 0.00 0.45 1.40 2.53 3.59 4.39 4.87 4.94 4.74 4.07 3.19 2.10 0.89 0.06 0.00 0.00 0.00
0.00 0.00 0.00 0.00 0.00 0.00 0.00 0.00 5.32 12.83 37.82 51.89 63.16 72.94 73.15 68.48 57.13 43.84 27.09 7.11 0.00 0.00 0.00 0.00
0.00 0.00 0.00 0.00 0.00 0.00 0.00 0.00 10.19 32.05 57.78 82.13 100.45 111.46 112.89 108.46 93.07 72.88 48.04 20.31 1.43 0.00 0.00 0.00
0.00 0.00 0.00 0.00 0.00 0.00 0.00 0.00 36.21 113.89 205.34 291.87 356.99 396.11 401.19 385.47 330.75 259.01 170.73 72.17 5.07 0.00 0.00 0.00
0.00 0.00 0.00 0.00 0.00 0.00 0.00 0.00 1.58 3.33 5.61 7.54 8.72 7.42 7.35 6.92 6.14 4.59 2.72 0.73 0.00 0.00 0.00 0.00
0.00 0.00 0.00 0.00 0.00 0.00 0.00 0.00 71.33 250.41 471.18 672.59 822.45 885.21 905.66 859.50 725.43 572.69 390.72 172.17 19.16 0.00 0.00 0.00
0.00 0.00 0.00 0.00 0.00 0.00 0.00 0.00 1.29 2.93 2.01 2.79 3.29 5.99 5.95 5.60 6.65 4.90 3.00 0.95 0.00 0.00 0.00 0.00
0.00 0.00 0.00 0.00 0.00 0.00 0.00 0.00 0.30 0.71 1.95 2.71 3.22 4.19 4.29 4.03 3.45 2.68 1.66 0.46 0.00 0.00 0.00 0.00
0.00 0.00 0.00 0.00 0.00 0.00 0.00 0.00 0.48 1.14 3.12 4.33 5.15 6.70 6.87 6.45 5.52 4.29 2.66 0.74 0.00 0.00 0.00 0.00
0.00 0.00 0.00 0.00 0.00 0.00 0.00 0.00 0.48 1.14 3.12 4.33 5.15 6.70 6.87 6.45 5.52 4.29 2.66 0.74 0.00 0.00 0.00 0.00
0.00 0.00 0.00 0.00 0.00 0.00 0.00 0.00 1.28 3.21 4.76 6.72 8.26 8.91 8.97 8.62 13.51 10.26 6.52 2.16 0.00 0.00 0.00 0.00
0.00 0.00 0.00 0.00 0.00 0.00 0.00 0.00 0.60 1.48 2.44 3.38 4.11 4.67 4.70 4.54 6.05 4.62 2.85 0.93 0.00 0.00 0.00 0.00
0.00 0.00 0.00 0.00 0.00 0.00 0.00 0.00 0.77 1.91 3.14 4.34 5.29 6.00 6.05 5.84 7.78 5.94 3.66 1.20 0.00 0.00 0.00 0.00
0.00 0.00 0.00 0.00 0.00 0.00 0.00 0.00 0.51 1.27 2.09 2.90 3.53 4.00 4.03 3.89 5.19 3.96 2.44 0.80 0.00 0.00 0.00 0.00
0.00 0.00 0.00 0.00 0.00 0.00 0.00 0.00 0.51 1.27 2.09 2.90 3.53 4.00 4.03 3.89 5.19 3.96 2.44 0.80 0.00 0.00 0.00 0.00
0.00 0.00 0.00 0.00 0.00 0.00 0.00 0.00 10.05 27.48 49.68 70.33 87.12 96.36 100.04 95.86 82.69 63.69 39.53 12.69 0.00 0.00 0.00 0.00
0.00 0.00 0.00 0.00 0.00 0.00 0.00 0.00 4.21 10.32 13.04 18.65 22.94 23.47 23.14 21.98 36.98 28.05 17.80 6.24 0.00 0.00 0.00 0.00
0.00 0.00 0.00 0.00 0.00 0.00 0.00 0.00 5.11 12.69 10.30 14.17 17.41 23.86 24.01 23.02 35.50 27.06 17.12 5.53 0.00 0.00 0.00 0.00
0.00 0.00 0.00 0.00 0.00 0.00 0.00 0.00 21.04 73.86 138.98 198.39 242.59 261.10 267.14 253.52 213.98 168.92 115.25 50.78 5.65 0.00 0.00 0.00
0.00 0.00 0.00 0.00 0.00 0.00 0.00 0.00 20.01 70.26 132.20 188.71 230.76 248.37 254.11 241.16 203.54 160.68 109.63 48.31 5.38 0.00 0.00 0.00
0.00 0.00 0.00 0.00 0.00 0.00 0.00 0.00 38.49 135.11 254.23 362.91 443.77 477.63 488.67 463.76 391.42 309.00 210.82 92.90 10.34 0.00 0.00 0.00
0.00 0.00 0.00 0.00 0.00 0.00 0.00 0.00 37.84 132.86 250.00 356.86 436.37 469.67 480.52 456.03 384.90 303.85 207.31 91.35 10.17 0.00 0.00 0.00
0.00 0.00 0.00 0.00 0.00 0.00 0.00 0.00 42.61 135.87 282.90 395.04 474.88 523.09 527.85 501.56 436.20 340.46 227.15 96.31 8.89 0.00 0.00 0.00
0.00 0.00 0.00 0.00 0.00 0.00 0.00 0.00 0.30 0.71 1.95 2.71 3.22 4.19 4.29 4.03 3.45 2.68 1.66 0.46 0.00 0.00 0.00 0.00
0.00 0.00 0.00 0.00 0.00 0.00 0.00 0.00 1.52 3.62 9.89 13.71 16.31 21.21 21.74 20.44 17.47 13.59 8.42 2.35 0.00 0.00 0.00 0.00
0.00 0.00 0.00 0.00 0.00 0.00 0.00 0.00 7.78 18.47 50.48 69.99 83.26 108.28 110.99 104.34 89.17 69.40 42.99 11.97 0.00 0.00 0.00 0.00
0.00 0.00 0.00 0.00 0.00 0.00 0.00 0.00 1.44 5.04 9.49 13.55 16.57 17.83 18.24 17.31 14.61 11.54 7.87 3.47 0.39 0.00 0.00 0.00
0.00 0.00 0.00 0.00 0.00 0.00 0.00 0.00 35.65 112.11 202.14 287.32 351.43 389.93 394.94 379.46 325.59 254.97 168.06 71.04 4.99 0.00 0.00 0.00
0.00 0.00 0.00 0.00 0.00 0.00 0.00 0.00 2.19 6.29 11.15 16.09 20.59 25.73 26.45 25.24 23.81 18.56 12.44 5.10 0.00 0.00 0.00 0.00
0.00 0.00 0.00 0.00 0.00 0.00 0.00 0.00 10.83 29.33 103.60 145.61 171.14 188.55 188.89 178.72 151.50 116.58 75.39 27.21 0.00 0.00 0.00 0.00
0.00 0.00 0.00 0.00 0.00 0.00 0.00 0.00 0.59 1.87 3.37 4.79 5.86 6.50 6.58 6.32 5.43 4.25 2.80 1.18 0.08 0.00 0.00 0.00
0.00 0.00 0.00 0.00 0.00 0.00 0.00 0.00 26.74 84.08 151.60 215.49 263.57 292.45 296.20 284.59 244.20 191.23 126.05 53.28 3.74 0.00 0.00 0.00
0.00 0.00 0.00 0.00 0.00 0.00 0.00 0.00 34.31 107.91 194.56 276.55 338.25 375.31 380.13 365.23 313.38 245.41 161.76 68.38 4.80 0.00 0.00 0.00
0.00 0.00 0.00 0.00 0.00 0.00 0.00 0.00 56.19 179.18 373.07 520.96 626.25 689.83 696.10 661.43 575.24 448.99 299.55 127.01 11.72 0.00 0.00 0.00
0.00 0.00 0.00 0.00 0.00 0.00 0.00 0.00 0.79 2.01 3.78 5.31 6.43 8.58 8.79 8.35 9.09 6.94 4.38 1.33 0.00 0.00 0.00 0.00
0.00 0.00 0.00 0.00 0.00 0.00 0.00 0.00 1.05 2.68 4.79 6.73 8.17 10.45 10.61 10.15 11.63 8.83 5.59 1.83 0.00 0.00 0.00 0.00
0.00 0.00 0.00 0.00 0.00 0.00 0.00 0.00 9.04 25.95 46.00 66.37 84.95 106.13 109.12 104.10 98.21 76.55 51.33 21.03 0.00 0.00 0.00 0.00
0.00 0.00 0.00 0.00 0.00 0.00 0.00 0.00 43.85 152.97 268.51 368.69 457.06 498.75 504.42 479.15 433.67 348.86 240.40 103.66 17.97 0.00 0.00 0.00
0.00 0.00 0.00 0.00 0.00 0.00 0.00 0.00 0.37 0.90 0.99 1.41 1.72 1.66 1.64 1.52 1.98 1.52 0.96 0.39 0.00 0.00 0.00 0.00
0.00 0.00 0.00 0.00 0.00 0.00 0.00 0.00 8.37 24.71 51.24 71.29 86.95 96.57 98.22 92.43 80.49 63.35 41.23 16.34 0.66 0.00 0.00 0.00
0.00 0.00 0.00 0.00 0.00 0.00 0.00 0.00 2.27 9.49 17.05 24.61 30.28 31.27 30.98 29.41 25.69 20.69 14.17 6.83 1.10 0.00 0.00 0.00
0.00 0.00 0.00 0.00 0.00 0.00 0.00 0.00 1.61 3.57 2.42 3.37 4.01 5.84 5.82 5.41 7.73 5.68 3.45 1.05 0.00 0.00 0.00 0.00
0.00 0.00 0.00 0.00 0.00 0.00 0.00 0.00 0.80 1.79 1.21 1.68 2.01 2.92 2.91 2.71 3.87 2.84 1.72 0.52 0.00 0.00 0.00 0.00
0.00 0.00 0.00 0.00 0.00 0.00 0.00 0.00 1.76 3.91 2.65 3.68 4.39 6.39 6.37 5.92 8.46 6.21 3.77 1.15 0.00 0.00 0.00 0.00
0.00 0.00 0.00 0.00 0.00 0.00 0.00 0.00 1.75 3.92 3.10 4.35 5.23 6.28 6.22 5.81 8.98 6.52 3.99 1.31 0.00 0.00 0.00 0.00
0.00 0.00 0.00 0.00 0.00 0.00 0.00 0.00 2.67 5.98 4.73 6.63 7.97 9.57 9.48 8.86 13.68 9.93 6.07 2.00 0.00 0.00 0.00 0.00
0.00 0.00 0.00 0.00 0.00 0.00 0.00 0.00 2.33 5.31 4.12 5.72 6.81 12.29 12.28 11.41 13.39 9.95 6.13 1.96 0.00 0.00 0.00 0.00
0.00 0.00 0.00 0.00 0.00 0.00 0.00 0.00 0.85 2.15 6.75 9.25 11.19 14.78 14.50 13.58 11.20 8.62 5.44 1.72 0.00 0.00 0.00 0.00
0.00 0.00 0.00 0.00 0.00 0.00 0.00 0.00 2.20 5.56 17.43 23.89 28.90 38.17 37.45 35.08 28.93 22.26 14.05 4.44 0.00 0.00 0.00 0.00
0.00 0.00 0.00 0.00 0.00 0.00 0.00 0.00 0.55 1.44 4.58 6.43 7.77 10.23 10.11 9.53 7.18 5.43 3.44 1.25 0.00 0.00 0.00 0.00
0.00 0.00 0.00 0.00 0.00 0.00 0.00 0.00 2.01 4.64 5.16 7.12 8.66 7.09 7.01 6.52 6.07 4.66 2.89 1.32 0.00 0.00 0.00 0.00
0.00 0.00 0.00 0.00 0.00 0.00 0.00 0.00 3.30 7.62 6.82 9.40 11.29 14.74 14.69 13.86 16.02 12.07 7.26 2.37 0.00 0.00 0.00 0.00
0.00 0.00 0.00 0.00 0.00 0.00 0.00 0.00 0.44 0.94 1.48 1.99 2.32 2.77 2.73 2.61 2.10 1.56 0.94 0.27 0.00 0.00 0.00 0.00
0.00 0.00 0.00 0.00 0.00 0.00 0.00 0.00 2.21 4.90 7.97 10.71 12.76 17.13 17.01 15.98 15.51 11.71 7.21 1.81 0.00 0.00 0.00 0.00
0.00 0.00 0.00 0.00 0.00 0.00 0.00 0.00 1.80 3.89 7.23 9.73 11.30 11.16 11.27 10.73 8.71 6.55 3.96 1.11 0.00 0.00 0.00 0.00
0.00 0.00 0.00 0.00 0.00 0.00 0.00 0.00 2.48 5.37 9.98 13.42 15.59 15.41 15.56 14.80 12.03 9.03 5.46 1.53 0.00 0.00 0.00 0.00
0.00 0.00 0.00 0.00 0.00 0.00 0.00 0.00 1.69 3.66 6.80 9.14 10.62 10.49 10.60 10.08 8.19 6.15 3.72 1.05 0.00 0.00 0.00 0.00
0.00 0.00 0.00 0.00 0.00 0.00 0.00 0.00 1.18 2.61 4.25 5.71 6.81 9.13 9.07 8.52 8.27 6.24 3.84 0.96 0.00 0.00 0.00 0.00
0.00 0.00 0.00 0.00 0.00 0.00 0.00 0.00 1.32 2.80 4.75 6.38 7.32 7.38 7.24 6.78 5.66 4.25 2.54 0.74 0.00 0.00 0.00 0.00
0.00 0.00 0.00 0.00 0.00 0.00 0.00 0.00 0.86 2.05 5.59 7.76 9.23 12.00 12.30 11.56 9.88 7.69 4.76 1.33 0.00 0.00 0.00 0.00
0.00 0.00 0.00 0.00 0.00 0.00 0.00 0.00 13.08 35.77 64.67 91.54 113.40 125.42 130.21 124.76 107.63 82.90 51.45 16.52 0.00 0.00 0.00 0.00
0.00 0.00 0.00 0.00 0.00 0.00 0.00 0.00 1.45 3.63 5.40 7.62 9.37 10.10 10.16 9.77 15.32 11.63 7.39 2.44 0.00 0.00 0.00 0.00
0.00 0.00 0.00 0.00 0.00 0.00 0.00 0.00 2.18 5.22 8.13 11.23 13.71 15.46 15.27 14.39 13.88 10.72 6.80 2.54 0.00 0.00 0.00 0.00
0.00 0.00 0.00 0.00 0.00 0.00 0.00 0.00 1.00 2.39 3.73 5.15 6.28 7.08 7.00 6.59 6.36 4.91 3.12 1.16 0.00 0.00 0.00 0.00
0.00 0.00 0.00 0.00 0.00 0.00 0.00 0.00 1.80 4.49 6.29 8.96 11.05 11.62 11.66 11.16 18.82 14.29 9.17 3.11 0.00 0.00 0.00 0.00
0.00 0.00 0.00 0.00 0.00 0.00 0.00 0.00 0.91 2.17 2.41 3.42 4.18 4.03 3.98 3.68 4.81 3.70 2.33 0.95 0.00 0.00 0.00 0.00
0.00 0.00 0.00 0.00 0.00 0.00 0.00 0.00 9.36 26.86 47.63 68.71 87.96 109.88 112.98 107.78 101.68 79.26 53.14 21.77 0.00 0.00 0.00 0.00
0.00 0.00 0.00 0.00 0.00 0.00 0.00 0.00 2.59 7.01 24.77 34.82 40.93 45.09 45.17 42.74 36.23 27.88 18.03 6.51 0.00 0.00 0.00 0.00
0.00 0.00 0.00 0.00 0.00 0.00 0.00 0.00 0.79 2.15 5.26 7.45 8.88 10.04 10.27 9.67 8.22 6.38 4.15 1.49 0.00 0.00 0.00 0.00
0.00 0.00 0.00 0.00 0.00 0.00 0.00 0.00 0.86 2.35 6.30 8.84 10.78 12.67 12.79 12.08 10.45 8.02 5.19 1.86 0.00 0.00 0.00 0.00
0.00 0.00 0.00 0.00 0.00 0.00 0.00 0.00 1.38 3.76 10.09 14.15 17.25 20.27 20.46 19.32 16.72 12.83 8.30 2.97 0.00 0.00 0.00 0.00
0.00 0.00 0.00 0.00 0.00 0.00 0.00 0.00 39.13 137.36 258.47 368.96 451.17 485.59 496.81 471.49 397.94 314.15 214.33 94.45 10.51 0.00 0.00 0.00
