0.00 0.00 0.00 0.00 0.00 0.00 0.00 0.00 0.49 1.49 2.55 3.61 4.39 4.79 4.85 4.67 4.03 3.16 2.08 0.88 0.07 0.00 0.00 0.00
0.00 0.00 0.00 0.00 0.00 0.00 0.00 0.00 5.02 11.93 17.44 24.02 29.40 72.42 72.33 67.45 57.00 43.43 26.68 7.28 0.00 0.00 0.00 0.00
0.00 0.00 0.00 0.00 0.00 0.00 0.00 0.00 11.22 34.03 58.31 82.45 100.42 109.61 111.01 106.68 92.26 72.23 47.65 20.08 1.60 0.00 0.00 0.00
0.00 0.00 0.00 0.00 0.00 0.00 0.00 0.00 39.88 120.93 207.25 293.03 356.89 389.56 394.54 379.15 327.88 256.71 169.34 71.36 5.68 0.00 0.00 0.00
0.00 0.00 0.00 0.00 0.00 0.00 0.00 0.00 1.97 4.09 6.68 8.98 10.40 4.76 4.75 4.50 7.17 5.34 3.15 0.85 0.00 0.00 0.00 0.00
0.00 0.00 0.00 0.00 0.00 0.00 0.00 0.00 76.89 259.39 479.33 682.08 832.36 904.59 924.78 877.15 760.78 600.29 409.66 166.59 19.86 0.00 0.00 0.00
0.00 0.00 0.00 0.00 0.00 0.00 0.00 0.00 1.40 3.11 4.84 6.64 7.70 7.69 7.65 7.21 5.73 4.25 2.62 0.85 0.00 0.00 0.00 0.00
0.00 0.00 0.00 0.00 0.00 0.00 0.00 0.00 0.31 0.72 0.87 1.21 1.46 3.82 3.90 3.65 2.73 2.12 1.31 0.47 0.00 0.00 0.00 0.00
0.00 0.00 0.00 0.00 0.00 0.00 0.00 0.00 0.49 1.15 1.39 1.94 2.33 6.11 6.24 5.83 4.37 3.39 2.09 0.75 0.00 0.00 0.00 0.00
0.00 0.00 0.00 0.00 0.00 0.00 0.00 0.00 0.49 1.15 1.39 1.94 2.33 6.11 6.24 5.83 4.37 3.39 2.09 0.75 0.00 0.00 0.00 0.00
0.00 0.00 0.00 0.00 0.00 0.00 0.00 0.00 0.91 2.23 4.47 6.30 7.74 15.82 15.90 15.27 13.04 9.95 6.35 2.12 0.00 0.00 0.00 0.00
0.00 0.00 0.00 0.00 0.00 0.00 0.00 0.00 0.43 1.05 2.16 2.99 3.64 7.58 7.63 7.36 6.64 5.09 3.16 1.00 0.00 0.00 0.00 0.00
0.00 0.00 0.00 0.00 0.00 0.00 0.00 0.00 0.55 1.34 2.78 3.84 4.68 9.74 9.80 9.46 8.53 6.54 4.06 1.28 0.00 0.00 0.00 0.00
0.00 0.00 0.00 0.00 0.00 0.00 0.00 0.00 0.37 0.90 1.85 2.56 3.12 6.49 6.54 6.31 5.69 4.36 2.70 0.85 0.00 0.00 0.00 0.00
0.00 0.00 0.00 0.00 0.00 0.00 0.00 0.00 0.37 0.90 1.85 2.56 3.12 6.49 6.54 6.31 5.69 4.36 2.70 0.85 0.00 0.00 0.00 0.00
0.00 0.00 0.00 0.00 0.00 0.00 0.00 0.00 4.75 12.78 48.49 68.79 85.50 102.77 106.72 102.30 86.62 66.72 41.44 12.45 0.00 0.00 0.00 0.00
0.00 0.00 0.00 0.00 0.00 0.00 0.00 0.00 2.95 7.10 12.05 17.22 21.15 45.01 44.30 42.00 32.93 25.07 15.99 6.02 0.00 0.00 0.00 0.00
0.00 0.00 0.00 0.00 0.00 0.00 0.00 0.00 4.96 12.07 13.42 18.37 22.48 31.93 32.12 30.81 24.79 18.95 12.04 4.41 0.00 0.00 0.00 0.00
0.00 0.00 0.00 0.00 0.00 0.00 0.00 0.00 22.68 76.51 141.38 201.19 245.52 266.82 272.78 258.73 224.40 177.07 120.84 49.14 5.86 0.00 0.00 0.00
0.00 0.00 0.00 0.00 0.00 0.00 0.00 0.00 21.57 72.78 134.49 191.38 233.54 253.80 259.47 246.11 213.46 168.43 114.94 46.74 5.57 0.00 0.00 0.00
0.00 0.00 0.00 0.00 0.00 0.00 0.00 0.00 41.49 139.96 258.63 368.03 449.12 488.09 498.98 473.28 410.50 323.90 221.04 89.89 10.72 0.00 0.00 0.00
0.00 0.00 0.00 0.00 0.00 0.00 0.00 0.00 40.80 137.63 254.32 361.90 441.63 479.95 490.67 465.40 403.65 318.50 217.36 88.39 10.54 0.00 0.00 0.00
0.00 0.00 0.00 0.00 0.00 0.00 0.00 0.00 54.29 166.61 286.52 398.04 476.54 515.16 519.41 493.28 428.01 334.06 223.07 93.88 9.53 0.00 0.00 0.00
0.00 0.00 0.00 0.00 0.00 0.00 0.00 0.00 0.31 0.72 0.87 1.21 1.46 3.82 3.90 3.65 2.73 2.12 1.31 0.47 0.00 0.00 0.00 0.00
0.00 0.00 0.00 0.00 0.00 0.00 0.00 0.00 1.55 3.63 4.40 6.14 7.38 19.35 19.74 18.48 13.84 10.73 6.62 2.39 0.00 0.00 0.00 0.00
0.00 0.00 0.00 0.00 0.00 0.00 0.00 0.00 7.91 18.54 22.44 31.37 37.66 98.80 100.80 94.32 70.68 54.76 33.81 12.20 0.00 0.00 0.00 0.00
0.00 0.00 0.00 0.00 0.00 0.00 0.00 0.00 1.55 5.23 9.66 13.74 16.77 18.22 18.63 17.67 15.33 12.09 8.25 3.36 0.40 0.00 0.00 0.00
0.00 0.00 0.00 0.00 0.00 0.00 0.00 0.00 39.26 119.05 204.02 288.47 351.32 383.49 388.39 373.24 322.77 252.71 166.70 70.25 5.60 0.00 0.00 0.00
0.00 0.00 0.00 0.00 0.00 0.00 0.00 0.00 2.12 5.95 13.06 18.78 23.98 29.57 30.54 29.28 24.76 19.34 13.01 4.74 0.00 0.00 0.00 0.00
0.00 0.00 0.00 0.00 0.00 0.00 0.00 0.00 24.58 64.56 107.21 150.06 175.81 180.12 180.58 171.03 145.79 112.31 72.78 29.51 0.00 0.00 0.00 0.00
0.00 0.00 0.00 0.00 0.00 0.00 0.00 0.00 0.65 1.98 3.40 4.81 5.86 6.39 6.47 6.22 5.38 4.21 2.78 1.17 0.09 0.00 0.00 0.00
0.00 0.00 0.00 0.00 0.00 0.00 0.00 0.00 29.44 89.29 153.01 216.35 263.49 287.62 291.29 279.93 242.08 189.53 125.02 52.69 4.20 0.00 0.00 0.00
0.00 0.00 0.00 0.00 0.00 0.00 0.00 0.00 37.78 114.58 196.36 277.65 338.15 369.11 373.82 359.24 310.67 243.23 160.45 67.62 5.39 0.00 0.00 0.00
0.00 0.00 0.00 0.00 0.00 0.00 0.00 0.00 71.59 219.72 377.85 524.91 628.44 679.36 684.98 650.51 564.44 440.54 294.17 123.81 12.56 0.00 0.00 0.00
0.00 0.00 0.00 0.00 0.00 0.00 0.00 0.00 0.63 1.60 4.36 6.11 7.39 12.18 12.51 11.92 9.73 7.46 4.73 1.70 0.00 0.00 0.00 0.00
0.00 0.00 0.00 0.00 0.00 0.00 0.00 0.00 0.80 2.01 4.93 6.93 8.41 15.22 15.46 14.82 12.41 9.47 6.02 2.08 0.00 0.00 0.00 0.00
0.00 0.00 0.00 0.00 0.00 0.00 0.00 0.00 8.74 24.53 53.86 77.45 98.91 121.98 125.99 120.76 102.12 79.78 53.65 19.56 0.00 0.00 0.00 0.00
0.00 0.00 0.00 0.00 0.00 0.00 0.00 0.00 46.55 155.39 269.14 368.50 456.11 492.92 498.76 474.11 426.50 343.67 237.45 102.76 18.75 0.00 0.00 0.00
0.00 0.00 0.00 0.00 0.00 0.00 0.00 0.00 0.27 0.63 0.89 1.26 1.54 3.51 3.46 3.20 2.50 1.93 1.22 0.39 0.00 0.00 0.00 0.00
0.00 0.00 0.00 0.00 0.00 0.00 0.00 0.00 10.72 30.58 52.22 72.25 87.74 94.12 95.73 90.11 76.75 60.41 39.36 16.71 0.84 0.00 0.00 0.00
0.00 0.00 0.00 0.00 0.00 0.00 0.00 0.00 2.43 9.64 17.69 25.43 31.20 34.01 33.65 31.91 28.41 22.88 15.68 6.61 1.11 0.00 0.00 0.00
0.00 0.00 0.00 0.00 0.00 0.00 0.00 0.00 1.70 3.70 5.59 7.67 9.02 8.84 8.81 8.20 6.45 4.76 2.91 0.81 0.00 0.00 0.00 0.00
0.00 0.00 0.00 0.00 0.00 0.00 0.00 0.00 0.85 1.85 2.80 3.84 4.51 4.42 4.41 4.10 3.23 2.38 1.46 0.41 0.00 0.00 0.00 0.00
0.00 0.00 0.00 0.00 0.00 0.00 0.00 0.00 1.86 4.04 6.12 8.39 9.86 9.67 9.64 8.97 7.06 5.21 3.19 0.89 0.00 0.00 0.00 0.00
0.00 0.00 0.00 0.00 0.00 0.00 0.00 0.00 2.16 4.73 6.90 9.57 11.37 10.19 10.10 9.44 7.46 5.45 3.36 1.06 0.00 0.00 0.00 0.00
0.00 0.00 0.00 0.00 0.00 0.00 0.00 0.00 3.29 7.21 10.52 14.59 17.32 15.53 15.39 14.38 11.37 8.31 5.12 1.61 0.00 0.00 0.00 0.00
0.00 0.00 0.00 0.00 0.00 0.00 0.00 0.00 2.77 6.19 9.69 13.28 15.63 15.37 15.37 14.30 11.58 8.65 5.36 1.84 0.00 0.00 0.00 0.00
0.00 0.00 0.00 0.00 0.00 0.00 0.00 0.00 2.09 5.14 8.41 11.49 13.87 14.43 14.15 13.26 11.20 8.64 5.48 2.14 0.00 0.00 0.00 0.00
0.00 0.00 0.00 0.00 0.00 0.00 0.00 0.00 5.40 13.29 21.72 29.69 35.84 37.28 36.56 34.25 28.95 22.33 14.14 5.53 0.00 0.00 0.00 0.00
0.00 0.00 0.00 0.00 0.00 0.00 0.00 0.00 1.36 3.43 5.65 7.89 9.50 9.65 9.56 9.03 7.68 5.81 3.69 1.49 0.00 0.00 0.00 0.00
0.00 0.00 0.00 0.00 0.00 0.00 0.00 0.00 1.27 2.90 3.93 5.41 6.57 11.64 11.50 10.68 9.94 7.66 4.77 1.56 0.00 0.00 0.00 0.00
0.00 0.00 0.00 0.00 0.00 0.00 0.00 0.00 4.73 10.70 10.50 14.42 17.27 17.52 17.51 16.55 14.34 10.84 6.55 2.01 0.00 0.00 0.00 0.00
0.00 0.00 0.00 0.00 0.00 0.00 0.00 0.00 0.55 1.14 1.80 2.43 2.84 1.41 1.40 1.35 2.17 1.61 0.97 0.23 0.00 0.00 0.00 0.00
0.00 0.00 0.00 0.00 0.00 0.00 0.00 0.00 2.36 5.16 6.26 8.45 10.12 12.45 12.40 11.68 15.43 11.60 7.12 1.15 0.00 0.00 0.00 0.00
0.00 0.00 0.00 0.00 0.00 0.00 0.00 0.00 2.47 5.25 5.37 7.26 8.47 6.37 6.46 6.18 11.17 8.34 5.02 0.91 0.00 0.00 0.00 0.00
0.00 0.00 0.00 0.00 0.00 0.00 0.00 0.00 3.40 7.25 7.41 10.01 11.69 8.79 8.92 8.53 15.42 11.51 6.93 1.26 0.00 0.00 0.00 0.00
0.00 0.00 0.00 0.00 0.00 0.00 0.00 0.00 2.32 4.94 5.05 6.82 7.96 5.99 6.08 5.81 10.50 7.84 4.72 0.86 0.00 0.00 0.00 0.00
0.00 0.00 0.00 0.00 0.00 0.00 0.00 0.00 1.26 2.75 3.34 4.50 5.40 6.64 6.61 6.23 8.23 6.19 3.80 0.62 0.00 0.00 0.00 0.00
0.00 0.00 0.00 0.00 0.00 0.00 0.00 0.00 1.82 3.81 5.52 7.43 8.55 4.56 4.50 4.24 7.72 5.76 3.43 0.83 0.00 0.00 0.00 0.00
0.00 0.00 0.00 0.00 0.00 0.00 0.00 0.00 0.88 2.05 2.49 3.48 4.17 10.95 11.17 10.45 7.83 6.07 3.75 1.35 0.00 0.00 0.00 0.00
0.00 0.00 0.00 0.00 0.00 0.00 0.00 0.00 6.19 16.64 63.11 89.54 111.28 133.77 138.91 133.16 112.75 86.84 53.94 16.21 0.00 0.00 0.00 0.00
0.00 0.00 0.00 0.00 0.00 0.00 0.00 0.00 1.03 2.53 5.07 7.14 8.77 17.92 18.02 17.31 14.78 11.28 7.19 2.41 0.00 0.00 0.00 0.00
0.00 0.00 0.00 0.00 0.00 0.00 0.00 0.00 1.63 3.84 6.18 8.56 10.49 24.45 24.11 22.70 16.05 12.41 7.88 2.43 0.00 0.00 0.00 0.00
0.00 0.00 0.00 0.00 0.00 0.00 0.00 0.00 0.75 1.76 2.83 3.92 4.81 11.21 11.05 10.40 7.36 5.69 3.61 1.12 0.00 0.00 0.00 0.00
0.00 0.00 0.00 0.00 0.00 0.00 0.00 0.00 1.29 3.17 5.99 8.52 10.49 21.81 21.84 20.89 17.04 13.00 8.39 2.95 0.00 0.00 0.00 0.00
0.00 0.00 0.00 0.00 0.00 0.00 0.00 0.00 0.65 1.53 2.17 3.07 3.75 8.52 8.40 7.77 6.07 4.68 2.96 0.95 0.00 0.00 0.00 0.00
0.00 0.00 0.00 0.00 0.00 0.00 0.00 0.00 9.05 25.40 55.76 80.19 102.41 126.29 130.44 125.03 105.73 82.60 55.55 20.25 0.00 0.00 0.00 0.00
0.00 0.00 0.00 0.00 0.00 0.00 0.00 0.00 5.88 15.44 25.64 35.88 42.04 43.07 43.18 40.90 34.86 26.86 17.40 7.06 0.00 0.00 0.00 0.00
0.00 0.00 0.00 0.00 0.00 0.00 0.00 0.00 1.27 3.36 5.67 7.98 9.48 9.62 9.86 9.29 7.87 6.11 3.98 1.63 0.00 0.00 0.00 0.00
0.00 0.00 0.00 0.00 0.00 0.00 0.00 0.00 1.55 4.11 6.80 9.50 11.54 11.73 11.88 11.26 10.06 7.73 5.01 2.05 0.00 0.00 0.00 0.00
0.00 0.00 0.00 0.00 0.00 0.00 0.00 0.00 2.48 6.58 10.88 15.20 18.46 18.78 19.01 18.02 16.10 12.37 8.01 3.27 0.00 0.00 0.00 0.00
0.00 0.00 0.00 0.00 0.00 0.00 0.00 0.00 42.18 142.29 262.94 374.16 456.60 496.22 507.30 481.17 417.34 329.30 224.72 91.39 10.89 0.00 0.00 0.00
