0.00 0.00 0.00 0.00 0.00 0.00 0.00 0.00 0.00 0.17 1.07 1.79 2.42 2.89 3.00 2.72 2.29 1.60 0.71 0.00 0.00 0.00 0.00 0.00
0.00 0.00 0.00 0.00 0.00 0.00 0.00 0.00 0.00 8.30 25.23 38.28 48.26 53.43 55.57 49.79 38.22 25.87 10.52 0.00 0.00 0.00 0.00 0.00
0.00 0.00 0.00 0.00 0.00 0.00 0.00 0.00 0.00 3.97 24.44 41.04 55.40 66.01 68.65 62.27 52.28 36.53 16.34 0.00 0.00 0.00 0.00 0.00
0.00 0.00 0.00 0.00 0.00 0.00 0.00 0.00 0.00 14.10 86.86 145.84 196.91 234.60 243.96 221.32 185.82 129.83 58.09 0.00 0.00 0.00 0.00 0.00
0.00 0.00 0.00 0.00 0.00 0.00 0.00 0.00 0.00 1.70 4.57 6.76 8.29 8.96 8.91 7.72 5.46 3.47 1.03 0.00 0.00 0.00 0.00 0.00
0.00 0.00 0.00 0.00 0.00 0.00 0.00 0.00 0.00 28.66 204.65 346.75 468.67 547.03 576.83 534.53 447.11 312.34 149.97 0.00 0.00 0.00 0.00 0.00
0.00 0.00 0.00 0.00 0.00 0.00 0.00 0.00 0.00 0.64 2.42 3.69 4.72 4.98 4.99 4.46 3.38 2.15 0.64 0.00 0.00 0.00 0.00 0.00
0.00 0.00 0.00 0.00 0.00 0.00 0.00 0.00 0.00 0.39 1.28 1.95 2.46 2.97 3.03 2.71 2.19 1.47 0.57 0.00 0.00 0.00 0.00 0.00
0.00 0.00 0.00 0.00 0.00 0.00 0.00 0.00 0.00 0.63 2.05 3.12 3.94 4.75 4.85 4.34 3.50 2.34 0.91 0.00 0.00 0.00 0.00 0.00
0.00 0.00 0.00 0.00 0.00 0.00 0.00 0.00 0.00 0.63 2.05 3.12 3.94 4.75 4.85 4.34 3.50 2.34 0.91 0.00 0.00 0.00 0.00 0.00
0.00 0.00 0.00 0.00 0.00 0.00 0.00 0.00 0.00 1.34 3.92 5.97 7.78 8.61 8.74 7.84 7.09 4.78 1.90 0.00 0.00 0.00 0.00 0.00
0.00 0.00 0.00 0.00 0.00 0.00 0.00 0.00 0.00 0.58 1.66 2.52 3.28 3.80 3.86 3.46 3.17 2.14 0.85 0.00 0.00 0.00 0.00 0.00
0.00 0.00 0.00 0.00 0.00 0.00 0.00 0.00 0.00 0.74 2.14 3.25 4.22 4.88 4.96 4.45 4.08 2.75 1.10 0.00 0.00 0.00 0.00 0.00
0.00 0.00 0.00 0.00 0.00 0.00 0.00 0.00 0.00 0.49 1.42 2.16 2.82 3.25 3.31 2.97 2.72 1.83 0.73 0.00 0.00 0.00 0.00 0.00
0.00 0.00 0.00 0.00 0.00 0.00 0.00 0.00 0.00 0.49 1.42 2.16 2.82 3.25 3.31 2.97 2.72 1.83 0.73 0.00 0.00 0.00 0.00 0.00
0.00 0.00 0.00 0.00 0.00 0.00 0.00 0.00 0.00 9.00 28.87 44.99 58.59 68.42 72.57 65.68 50.29 33.69 15.68 0.00 0.00 0.00 0.00 0.00
0.00 0.00 0.00 0.00 0.00 0.00 0.00 0.00 0.00 4.43 12.26 18.60 24.53 24.96 25.08 22.16 21.25 14.21 5.46 0.00 0.00 0.00 0.00 0.00
0.00 0.00 0.00 0.00 0.00 0.00 0.00 0.00 0.00 3.55 12.69 19.46 24.81 23.35 23.94 21.03 16.98 11.37 4.36 0.00 0.00 0.00 0.00 0.00
0.00 0.00 0.00 0.00 0.00 0.00 0.00 0.00 0.00 8.45 60.36 102.28 138.24 161.35 170.14 157.67 131.88 92.13 44.24 0.00 0.00 0.00 0.00 0.00
0.00 0.00 0.00 0.00 0.00 0.00 0.00 0.00 0.00 8.04 57.42 97.29 131.50 153.48 161.84 149.98 125.45 87.63 42.08 0.00 0.00 0.00 0.00 0.00
0.00 0.00 0.00 0.00 0.00 0.00 0.00 0.00 0.00 15.46 110.42 187.09 252.88 295.16 311.24 288.41 241.24 168.53 80.92 0.00 0.00 0.00 0.00 0.00
0.00 0.00 0.00 0.00 0.00 0.00 0.00 0.00 0.00 15.20 108.58 183.98 248.66 290.24 306.05 283.61 237.22 165.72 79.57 0.00 0.00 0.00 0.00 0.00
0.00 0.00 0.00 0.00 0.00 0.00 0.00 0.00 0.00 13.23 57.67 99.11 135.58 235.83 247.58 223.33 237.32 165.33 72.92 0.00 0.00 0.00 0.00 0.00
0.00 0.00 0.00 0.00 0.00 0.00 0.00 0.00 0.00 0.39 1.28 1.95 2.46 2.97 3.03 2.71 2.19 1.47 0.57 0.00 0.00 0.00 0.00 0.00
0.00 0.00 0.00 0.00 0.00 0.00 0.00 0.00 0.00 1.99 6.51 9.89 12.49 15.04 15.37 13.73 11.08 7.42 2.88 0.00 0.00 0.00 0.00 0.00
0.00 0.00 0.00 0.00 0.00 0.00 0.00 0.00 0.00 10.18 33.21 50.50 63.75 76.79 78.49 70.10 56.55 37.90 14.69 0.00 0.00 0.00 0.00 0.00
0.00 0.00 0.00 0.00 0.00 0.00 0.00 0.00 0.00 0.58 4.12 6.98 9.44 11.02 11.62 10.77 9.01 6.29 3.02 0.00 0.00 0.00 0.00 0.00
0.00 0.00 0.00 0.00 0.00 0.00 0.00 0.00 0.00 13.88 85.50 143.56 193.84 230.95 240.16 217.87 182.92 127.80 57.18 0.00 0.00 0.00 0.00 0.00
0.00 0.00 0.00 0.00 0.00 0.00 0.00 0.00 0.00 1.83 6.98 11.00 14.28 14.37 15.14 13.75 12.75 8.88 3.99 0.00 0.00 0.00 0.00 0.00
0.00 0.00 0.00 0.00 0.00 0.00 0.00 0.00 0.00 7.69 46.18 75.68 100.48 91.56 93.67 85.06 70.44 47.41 18.18 0.00 0.00 0.00 0.00 0.00
0.00 0.00 0.00 0.00 0.00 0.00 0.00 0.00 0.00 0.23 1.43 2.39 3.23 3.85 4.00 3.63 3.05 2.13 0.95 0.00 0.00 0.00 0.00 0.00
0.00 0.00 0.00 0.00 0.00 0.00 0.00 0.00 0.00 10.41 64.13 107.67 145.38 173.21 180.12 163.40 137.19 95.85 42.88 0.00 0.00 0.00 0.00 0.00
0.00 0.00 0.00 0.00 0.00 0.00 0.00 0.00 0.00 13.36 82.30 138.18 186.57 222.28 231.15 209.70 176.06 123.01 55.04 0.00 0.00 0.00 0.00 0.00
0.00 0.00 0.00 0.00 0.00 0.00 0.00 0.00 0.00 17.45 76.06 130.70 178.80 311.00 326.50 294.51 312.97 218.03 96.16 0.00 0.00 0.00 0.00 0.00
0.00 0.00 0.00 0.00 0.00 0.00 0.00 0.00 0.00 0.82 2.47 3.76 4.88 6.84 7.07 6.43 6.08 4.14 1.72 0.00 0.00 0.00 0.00 0.00
0.00 0.00 0.00 0.00 0.00 0.00 0.00 0.00 0.00 1.03 3.01 4.58 5.94 8.14 8.46 7.64 7.45 5.07 2.09 0.00 0.00 0.00 0.00 0.00
0.00 0.00 0.00 0.00 0.00 0.00 0.00 0.00 0.00 7.56 28.79 45.38 58.90 59.28 62.45 56.71 52.61 36.64 16.48 0.00 0.00 0.00 0.00 0.00
0.00 0.00 0.00 0.00 0.00 0.00 0.00 0.00 0.00 0.00 98.60 183.77 256.27 306.25 317.44 286.15 229.33 159.34 68.80 0.00 0.00 0.00 0.00 0.00
0.00 0.00 0.00 0.00 0.00 0.00 0.00 0.00 0.00 0.37 1.06 1.60 2.07 1.79 1.83 1.62 1.43 0.95 0.35 0.00 0.00 0.00 0.00 0.00
0.00 0.00 0.00 0.00 0.00 0.00 0.00 0.00 0.00 3.55 19.54 32.58 44.19 47.80 49.39 44.57 42.56 29.30 12.40 0.00 0.00 0.00 0.00 0.00
0.00 0.00 0.00 0.00 0.00 0.00 0.00 0.00 0.00 0.82 7.41 12.84 17.71 21.14 22.45 21.08 17.85 12.39 6.38 0.00 0.00 0.00 0.00 0.00
0.00 0.00 0.00 0.00 0.00 0.00 0.00 0.00 0.00 0.78 2.87 4.35 5.49 5.92 5.99 5.20 4.00 2.52 0.70 0.00 0.00 0.00 0.00 0.00
0.00 0.00 0.00 0.00 0.00 0.00 0.00 0.00 0.00 0.39 1.43 2.18 2.74 2.96 3.00 2.60 2.00 1.26 0.35 0.00 0.00 0.00 0.00 0.00
0.00 0.00 0.00 0.00 0.00 0.00 0.00 0.00 0.00 0.85 3.14 4.76 6.00 6.48 6.55 5.69 4.38 2.76 0.77 0.00 0.00 0.00 0.00 0.00
0.00 0.00 0.00 0.00 0.00 0.00 0.00 0.00 0.00 1.04 3.72 5.63 7.13 7.82 7.94 6.98 5.35 3.39 0.98 0.00 0.00 0.00 0.00 0.00
0.00 0.00 0.00 0.00 0.00 0.00 0.00 0.00 0.00 1.58 5.67 8.58 10.86 11.91 12.10 10.63 8.15 5.16 1.49 0.00 0.00 0.00 0.00 0.00
0.00 0.00 0.00 0.00 0.00 0.00 0.00 0.00 0.00 1.29 4.89 7.46 9.56 9.94 9.95 8.95 6.97 4.45 1.34 0.00 0.00 0.00 0.00 0.00
0.00 0.00 0.00 0.00 0.00 0.00 0.00 0.00 0.00 0.69 3.78 6.10 8.01 7.79 7.85 7.01 5.99 3.94 1.36 0.00 0.00 0.00 0.00 0.00
0.00 0.00 0.00 0.00 0.00 0.00 0.00 0.00 0.00 1.79 9.76 15.77 20.70 20.13 20.27 18.11 15.47 10.18 3.51 0.00 0.00 0.00 0.00 0.00
0.00 0.00 0.00 0.00 0.00 0.00 0.00 0.00 0.00 0.47 2.49 4.01 5.40 5.99 6.14 5.41 4.48 2.99 1.11 0.00 0.00 0.00 0.00 0.00
0.00 0.00 0.00 0.00 0.00 0.00 0.00 0.00 0.00 1.75 5.63 8.40 10.63 8.89 9.19 7.98 5.35 3.50 1.22 0.00 0.00 0.00 0.00 0.00
0.00 0.00 0.00 0.00 0.00 0.00 0.00 0.00 0.00 2.62 9.15 13.83 17.60 19.44 19.64 17.53 13.30 8.62 2.84 0.00 0.00 0.00 0.00 0.00
0.00 0.00 0.00 0.00 0.00 0.00 0.00 0.00 0.00 0.52 1.43 2.09 2.54 2.70 2.76 2.41 1.76 1.12 0.33 0.00 0.00 0.00 0.00 0.00
0.00 0.00 0.00 0.00 0.00 0.00 0.00 0.00 0.00 2.62 5.66 8.49 10.40 8.33 8.55 7.62 5.97 3.87 1.31 0.00 0.00 0.00 0.00 0.00
0.00 0.00 0.00 0.00 0.00 0.00 0.00 0.00 0.00 1.86 4.93 7.43 9.16 6.82 6.92 6.14 4.12 2.64 0.84 0.00 0.00 0.00 0.00 0.00
0.00 0.00 0.00 0.00 0.00 0.00 0.00 0.00 0.00 2.56 6.80 10.25 12.65 9.41 9.56 8.47 5.68 3.65 1.16 0.00 0.00 0.00 0.00 0.00
0.00 0.00 0.00 0.00 0.00 0.00 0.00 0.00 0.00 1.74 4.63 6.98 8.61 6.41 6.51 5.77 3.87 2.48 0.79 0.00 0.00 0.00 0.00 0.00
0.00 0.00 0.00 0.00 0.00 0.00 0.00 0.00 0.00 1.40 3.02 4.53 5.55 4.44 4.56 4.06 3.18 2.06 0.70 0.00 0.00 0.00 0.00 0.00
0.00 0.00 0.00 0.00 0.00 0.00 0.00 0.00 0.00 1.48 3.80 5.60 6.99 6.54 6.52 5.68 3.99 2.54 0.78 0.00 0.00 0.00 0.00 0.00
0.00 0.00 0.00 0.00 0.00 0.00 0.00 0.00 0.00 1.13 3.68 5.60 7.06 8.51 8.70 7.77 6.27 4.20 1.63 0.00 0.00 0.00 0.00 0.00
0.00 0.00 0.00 0.00 0.00 0.00 0.00 0.00 0.00 11.71 37.57 58.56 76.26 89.05 94.45 85.49 65.45 43.85 20.41 0.00 0.00 0.00 0.00 0.00
0.00 0.00 0.00 0.00 0.00 0.00 0.00 0.00 0.00 1.51 4.45 6.77 8.81 9.76 9.90 8.88 8.04 5.42 2.16 0.00 0.00 0.00 0.00 0.00
0.00 0.00 0.00 0.00 0.00 0.00 0.00 0.00 0.00 2.02 5.15 7.75 10.15 9.68 9.69 8.61 9.02 5.99 2.26 0.00 0.00 0.00 0.00 0.00
0.00 0.00 0.00 0.00 0.00 0.00 0.00 0.00 0.00 0.93 2.36 3.55 4.65 4.44 4.44 3.95 4.13 2.75 1.03 0.00 0.00 0.00 0.00 0.00
0.00 0.00 0.00 0.00 0.00 0.00 0.00 0.00 0.00 1.98 5.81 8.84 11.47 12.28 12.48 11.10 10.36 6.98 2.76 0.00 0.00 0.00 0.00 0.00
0.00 0.00 0.00 0.00 0.00 0.00 0.00 0.00 0.00 0.89 2.57 3.88 5.02 4.36 4.44 3.93 3.47 2.30 0.85 0.00 0.00 0.00 0.00 0.00
0.00 0.00 0.00 0.00 0.00 0.00 0.00 0.00 0.00 7.83 29.81 46.98 60.98 61.38 64.66 58.72 54.47 37.93 17.06 0.00 0.00 0.00 0.00 0.00
0.00 0.00 0.00 0.00 0.00 0.00 0.00 0.00 0.00 1.84 11.04 18.10 24.03 21.89 22.40 20.34 16.85 11.34 4.35 0.00 0.00 0.00 0.00 0.00
0.00 0.00 0.00 0.00 0.00 0.00 0.00 0.00 0.00 0.43 2.46 4.01 5.39 5.87 5.89 5.40 4.33 2.93 1.15 0.00 0.00 0.00 0.00 0.00
0.00 0.00 0.00 0.00 0.00 0.00 0.00 0.00 0.00 0.58 3.01 4.86 6.38 7.28 7.46 6.79 5.60 3.80 1.53 0.00 0.00 0.00 0.00 0.00
0.00 0.00 0.00 0.00 0.00 0.00 0.00 0.00 0.00 0.92 4.81 7.78 10.22 11.65 11.94 10.86 8.96 6.09 2.45 0.00 0.00 0.00 0.00 0.00
0.00 0.00 0.00 0.00 0.00 0.00 0.00 0.00 0.00 15.72 112.26 190.21 257.09 300.08 316.43 293.22 245.26 171.34 82.27 0.00 0.00 0.00 0.00 0.00
