0.00 0.00 0.00 0.00 0.00 0.00 0.00 0.20 1.04 1.84 2.49 3.29 3.95 5.36 5.48 5.19 4.62 3.72 2.56 1.43 0.57 0.00 0.00 0.00
0.00 0.00 0.00 0.00 0.00 0.00 0.00 5.17 19.75 33.45 48.40 63.97 76.09 83.56 84.10 78.96 67.26 52.37 34.71 14.36 2.79 0.00 0.00 0.00
0.00 0.00 0.00 0.00 0.00 0.00 0.00 4.55 23.69 42.07 56.89 75.26 90.43 122.66 125.26 118.68 105.59 85.02 58.44 32.64 13.00 0.00 0.00 0.00
0.00 0.00 0.00 0.00 0.00 0.00 0.00 16.19 84.20 149.53 202.19 267.47 321.39 435.91 445.15 421.80 375.27 302.15 207.68 116.00 46.19 0.00 0.00 0.00
0.00 0.00 0.00 0.00 0.00 0.00 0.00 1.44 3.93 6.33 8.29 10.58 12.06 14.58 14.54 13.25 11.26 8.57 5.50 2.14 0.28 0.00 0.00 0.00
0.00 0.00 0.00 0.00 0.00 0.00 0.00 19.40 151.83 279.82 565.01 751.32 902.57 1018.42 1029.41 968.93 825.50 648.77 456.51 264.94 107.81 0.00 0.00 0.00
0.00 0.00 0.00 0.00 0.00 0.00 0.00 0.90 2.50 4.00 5.52 6.97 8.08 7.93 8.17 7.72 5.20 4.07 2.70 1.82 0.52 0.00 0.00 0.00
0.00 0.00 0.00 0.00 0.00 0.00 0.00 0.33 1.15 1.91 2.84 3.75 4.42 5.02 5.06 4.84 4.23 3.34 2.23 0.97 0.21 0.00 0.00 0.00
0.00 0.00 0.00 0.00 0.00 0.00 0.00 0.52 1.84 3.06 4.54 6.00 7.08 8.04 8.09 7.75 6.77 5.35 3.57 1.55 0.33 0.00 0.00 0.00
0.00 0.00 0.00 0.00 0.00 0.00 0.00 0.52 1.84 3.06 4.54 6.00 7.08 8.04 8.09 7.75 6.77 5.35 3.57 1.55 0.33 0.00 0.00 0.00
0.00 0.00 0.00 0.00 0.00 0.00 0.00 0.90 3.35 5.66 8.84 11.95 14.52 11.60 12.13 11.65 11.38 8.99 6.01 3.99 1.08 0.00 0.00 0.00
0.00 0.00 0.00 0.00 0.00 0.00 0.00 0.43 1.61 2.72 4.52 6.11 7.37 6.48 6.73 6.43 5.53 4.36 2.90 1.81 0.48 0.00 0.00 0.00
0.00 0.00 0.00 0.00 0.00 0.00 0.00 0.56 2.08 3.50 5.81 7.86 9.48 8.33 8.65 8.26 7.11 5.60 3.72 2.33 0.62 0.00 0.00 0.00
0.00 0.00 0.00 0.00 0.00 0.00 0.00 0.37 1.38 2.33 3.87 5.24 6.32 5.55 5.76 5.51 4.74 3.74 2.48 1.55 0.41 0.00 0.00 0.00
0.00 0.00 0.00 0.00 0.00 0.00 0.00 0.37 1.38 2.33 3.87 5.24 6.32 5.55 5.76 5.51 4.74 3.74 2.48 1.55 0.41 0.00 0.00 0.00
0.00 0.00 0.00 0.00 0.00 0.00 0.00 3.76 22.55 40.30 61.34 79.89 93.70 102.90 105.07 101.50 89.44 69.73 45.38 20.22 4.89 0.00 0.00 0.00
0.00 0.00 0.00 0.00 0.00 0.00 0.00 3.08 10.83 18.13 25.56 33.76 40.87 34.86 35.72 34.81 30.01 23.66 15.90 11.44 3.05 0.00 0.00 0.00
0.00 0.00 0.00 0.00 0.00 0.00 0.00 3.00 10.54 17.64 21.95 28.70 34.70 21.90 22.55 21.82 25.44 20.12 13.42 6.92 2.01 0.00 0.00 0.00
0.00 0.00 0.00 0.00 0.00 0.00 0.00 5.72 44.78 82.54 166.66 221.61 266.23 300.40 303.64 285.80 243.49 191.36 134.65 78.15 31.80 0.00 0.00 0.00
0.00 0.00 0.00 0.00 0.00 0.00 0.00 5.44 42.60 78.51 158.53 210.80 253.24 285.74 288.83 271.86 231.61 182.03 128.09 74.34 30.25 0.00 0.00 0.00
0.00 0.00 0.00 0.00 0.00 0.00 0.00 10.46 81.92 150.98 304.86 405.39 487.00 549.51 555.44 522.80 445.41 350.06 246.32 142.96 58.17 0.00 0.00 0.00
0.00 0.00 0.00 0.00 0.00 0.00 0.00 10.29 80.55 148.47 299.78 398.63 478.88 540.35 546.18 514.09 437.99 344.22 242.21 140.57 57.20 0.00 0.00 0.00
0.00 0.00 0.00 0.00 0.00 0.00 0.00 25.02 123.88 218.34 322.90 428.20 511.57 572.58 585.91 556.86 497.28 400.21 276.84 159.97 66.41 0.00 0.00 0.00
0.00 0.00 0.00 0.00 0.00 0.00 0.00 0.33 1.15 1.91 2.84 3.75 4.42 5.02 5.06 4.84 4.23 3.34 2.23 0.97 0.21 0.00 0.00 0.00
0.00 0.00 0.00 0.00 0.00 0.00 0.00 1.66 5.82 9.69 14.39 18.99 22.41 25.45 25.62 24.54 21.45 16.93 11.30 4.90 1.06 0.00 0.00 0.00
0.00 0.00 0.00 0.00 0.00 0.00 0.00 8.45 29.69 49.46 73.47 96.95 114.38 129.94 130.81 125.29 109.51 86.45 57.71 25.03 5.39 0.00 0.00 0.00
0.00 0.00 0.00 0.00 0.00 0.00 0.00 0.39 3.06 5.64 11.38 15.13 18.18 20.51 20.74 19.52 16.63 13.07 9.20 5.34 2.17 0.00 0.00 0.00
0.00 0.00 0.00 0.00 0.00 0.00 0.00 15.94 82.89 147.20 199.04 263.30 316.38 429.11 438.21 415.22 369.42 297.44 204.44 114.19 45.47 0.00 0.00 0.00
0.00 0.00 0.00 0.00 0.00 0.00 0.00 0.63 3.29 5.85 11.06 15.81 20.01 27.59 29.11 27.98 25.26 20.18 14.00 6.86 2.25 0.00 0.00 0.00
0.00 0.00 0.00 0.00 0.00 0.00 0.00 14.08 50.23 84.59 93.74 121.25 141.59 169.25 171.27 162.47 172.38 139.34 97.13 49.51 18.86 0.00 0.00 0.00
0.00 0.00 0.00 0.00 0.00 0.00 0.00 0.27 1.38 2.45 3.32 4.39 5.27 7.15 7.30 6.92 6.16 4.96 3.41 1.90 0.76 0.00 0.00 0.00
0.00 0.00 0.00 0.00 0.00 0.00 0.00 11.95 62.17 110.40 149.28 197.47 237.28 321.84 328.66 311.42 277.06 223.08 153.33 85.64 34.11 0.00 0.00 0.00
0.00 0.00 0.00 0.00 0.00 0.00 0.00 15.34 79.78 141.68 191.57 253.42 304.51 413.02 421.78 399.65 355.57 286.28 196.77 109.91 43.77 0.00 0.00 0.00
0.00 0.00 0.00 0.00 0.00 0.00 0.00 32.99 163.37 287.93 425.83 564.69 674.63 755.09 772.66 734.35 655.79 527.78 365.08 210.95 87.57 0.00 0.00 0.00
0.00 0.00 0.00 0.00 0.00 0.00 0.00 0.69 2.78 4.74 7.33 10.01 12.26 9.99 10.20 9.88 8.46 6.68 4.54 2.91 0.79 0.00 0.00 0.00
0.00 0.00 0.00 0.00 0.00 0.00 0.00 0.86 3.42 5.81 9.04 12.28 15.25 12.75 13.15 12.69 10.55 8.24 5.55 3.56 0.96 0.00 0.00 0.00
0.00 0.00 0.00 0.00 0.00 0.00 0.00 2.59 13.58 24.12 45.62 65.23 82.53 113.81 120.09 115.41 104.18 83.23 57.73 28.31 9.30 0.00 0.00 0.00
0.00 0.00 0.00 0.00 0.00 0.00 0.00 27.89 131.99 232.33 345.55 458.46 547.07 603.49 617.09 597.82 528.64 427.52 309.69 203.08 95.27 0.00 0.00 0.00
0.00 0.00 0.00 0.00 0.00 0.00 0.00 0.28 0.94 1.56 1.96 2.66 3.19 3.15 3.24 3.09 2.22 1.75 1.18 0.86 0.22 0.00 0.00 0.00
0.00 0.00 0.00 0.00 0.00 0.00 0.00 5.41 23.56 40.92 44.53 58.60 69.61 105.21 106.74 100.65 89.73 72.62 51.66 28.14 11.02 0.00 0.00 0.00
0.00 0.00 0.00 0.00 0.00 0.00 0.00 0.30 6.79 13.14 21.22 28.65 34.03 37.62 37.54 34.62 29.38 23.46 16.82 10.17 4.30 0.00 0.00 0.00
0.00 0.00 0.00 0.00 0.00 0.00 0.00 1.05 2.81 4.47 6.29 8.14 9.37 9.10 9.24 8.85 6.39 5.01 3.36 2.10 0.58 0.00 0.00 0.00
0.00 0.00 0.00 0.00 0.00 0.00 0.00 0.53 1.41 2.24 3.15 4.07 4.69 4.55 4.62 4.43 3.20 2.51 1.68 1.05 0.29 0.00 0.00 0.00
0.00 0.00 0.00 0.00 0.00 0.00 0.00 1.15 3.07 4.89 6.88 8.91 10.25 9.95 10.11 9.68 6.99 5.48 3.67 2.29 0.63 0.00 0.00 0.00
0.00 0.00 0.00 0.00 0.00 0.00 0.00 1.35 3.68 5.86 8.13 10.54 12.12 11.54 11.79 11.45 9.19 7.12 4.84 2.75 0.74 0.00 0.00 0.00
0.00 0.00 0.00 0.00 0.00 0.00 0.00 2.05 5.61 8.93 12.39 16.07 18.47 17.58 17.97 17.45 14.01 10.86 7.38 4.19 1.13 0.00 0.00 0.00
0.00 0.00 0.00 0.00 0.00 0.00 0.00 1.80 5.04 8.08 11.12 14.05 16.28 15.88 16.11 15.32 10.49 8.23 5.56 3.78 1.08 0.00 0.00 0.00
0.00 0.00 0.00 0.00 0.00 0.00 0.00 1.37 4.28 7.04 9.33 11.97 13.90 10.89 10.86 10.20 12.99 10.28 7.14 2.97 1.08 0.00 0.00 0.00
0.00 0.00 0.00 0.00 0.00 0.00 0.00 3.53 11.06 18.19 24.11 30.92 35.90 28.14 28.05 26.36 33.55 26.56 18.45 7.66 2.79 0.00 0.00 0.00
0.00 0.00 0.00 0.00 0.00 0.00 0.00 0.82 2.77 4.61 5.45 7.06 8.21 7.68 7.78 7.27 8.89 7.06 4.91 2.48 0.90 0.00 0.00 0.00
0.00 0.00 0.00 0.00 0.00 0.00 0.00 1.51 4.71 7.70 9.57 12.56 14.84 16.73 17.25 16.38 11.32 8.84 5.97 3.64 0.87 0.00 0.00 0.00
0.00 0.00 0.00 0.00 0.00 0.00 0.00 2.84 8.42 13.65 16.74 22.07 26.74 27.86 28.19 26.90 18.78 14.59 9.65 6.39 1.68 0.00 0.00 0.00
0.00 0.00 0.00 0.00 0.00 0.00 0.00 0.46 1.25 1.98 2.74 3.47 3.94 4.44 4.43 4.20 3.69 2.83 1.87 0.76 0.11 0.00 0.00 0.00
0.00 0.00 0.00 0.00 0.00 0.00 0.00 2.30 6.87 11.10 16.04 20.69 23.88 26.15 26.22 24.88 21.43 16.66 11.03 4.66 0.83 0.00 0.00 0.00
0.00 0.00 0.00 0.00 0.00 0.00 0.00 1.63 4.65 7.48 10.58 13.60 15.53 17.56 17.58 16.51 14.00 10.89 7.14 2.97 0.48 0.00 0.00 0.00
0.00 0.00 0.00 0.00 0.00 0.00 0.00 2.26 6.42 10.33 14.60 18.77 21.44 24.24 24.26 22.78 19.32 15.03 9.86 4.10 0.66 0.00 0.00 0.00
0.00 0.00 0.00 0.00 0.00 0.00 0.00 1.54 4.37 7.04 9.94 12.78 14.60 16.51 16.52 15.51 13.16 10.24 6.72 2.79 0.45 0.00 0.00 0.00
0.00 0.00 0.00 0.00 0.00 0.00 0.00 1.22 3.66 5.92 8.55 11.03 12.73 13.95 13.98 13.27 11.43 8.89 5.88 2.49 0.44 0.00 0.00 0.00
0.00 0.00 0.00 0.00 0.00 0.00 0.00 1.27 3.52 5.69 7.30 9.28 10.69 13.36 13.32 12.22 10.35 7.85 5.03 2.00 0.27 0.00 0.00 0.00
0.00 0.00 0.00 0.00 0.00 0.00 0.00 0.94 3.29 5.48 8.14 10.74 12.68 14.40 14.50 13.89 12.14 9.58 6.40 2.77 0.60 0.00 0.00 0.00
0.00 0.00 0.00 0.00 0.00 0.00 0.00 4.90 29.35 52.45 79.84 103.98 121.95 133.94 136.76 132.11 116.41 90.75 59.07 26.32 6.37 0.00 0.00 0.00
0.00 0.00 0.00 0.00 0.00 0.00 0.00 1.02 3.80 6.41 10.01 13.55 16.45 13.15 13.75 13.20 12.90 10.18 6.81 4.53 1.23 0.00 0.00 0.00
0.00 0.00 0.00 0.00 0.00 0.00 0.00 1.90 6.45 10.67 16.64 22.70 26.88 30.08 30.28 28.91 21.06 16.50 11.07 5.49 1.36 0.00 0.00 0.00
0.00 0.00 0.00 0.00 0.00 0.00 0.00 0.87 2.96 4.89 7.63 10.40 12.32 13.79 13.88 13.25 9.65 7.56 5.08 2.52 0.62 0.00 0.00 0.00
0.00 0.00 0.00 0.00 0.00 0.00 0.00 1.27 4.70 7.94 11.93 16.07 19.58 15.42 16.11 15.49 15.22 12.02 8.07 5.59 1.52 0.00 0.00 0.00
0.00 0.00 0.00 0.00 0.00 0.00 0.00 0.68 2.28 3.78 4.75 6.45 7.75 7.65 7.86 7.50 5.40 4.25 2.87 2.09 0.54 0.00 0.00 0.00
0.00 0.00 0.00 0.00 0.00 0.00 0.00 2.68 14.06 24.98 47.23 67.54 85.45 117.83 124.33 119.49 107.86 86.17 59.77 29.31 9.63 0.00 0.00 0.00
0.00 0.00 0.00 0.00 0.00 0.00 0.00 3.37 12.01 20.23 22.42 29.00 33.86 40.47 40.96 38.85 41.22 33.32 23.23 11.84 4.51 0.00 0.00 0.00
0.00 0.00 0.00 0.00 0.00 0.00 0.00 0.71 2.64 4.47 4.76 6.18 7.23 8.74 8.91 8.36 9.06 7.24 5.05 2.61 0.98 0.00 0.00 0.00
0.00 0.00 0.00 0.00 0.00 0.00 0.00 0.82 3.16 5.39 5.87 7.72 9.23 10.12 10.11 9.47 11.48 9.07 6.30 3.12 1.13 0.00 0.00 0.00
0.00 0.00 0.00 0.00 0.00 0.00 0.00 1.32 5.06 8.63 9.39 12.35 14.77 16.19 16.18 15.16 18.37 14.52 10.08 4.99 1.82 0.00 0.00 0.00
0.00 0.00 0.00 0.00 0.00 0.00 0.00 10.64 83.29 153.50 309.94 412.14 495.12 558.67 564.69 531.52 452.83 355.89 250.43 145.34 59.14 0.00 0.00 0.00
