0.00 0.00 0.00 0.00 0.00 0.00 0.00 0.00 0.85 1.69 3.02 4.04 4.88 5.36 5.46 5.15 4.49 3.56 2.38 1.19 0.34 0.00 0.00 0.00
0.00 0.00 0.00 0.00 0.00 0.00 0.00 1.99 16.75 30.67 44.31 59.11 70.50 79.65 79.83 74.42 65.32 50.12 32.18 11.17 0.13 0.00 0.00 0.00
0.00 0.00 0.00 0.00 0.00 0.00 0.00 0.00 19.39 38.59 68.96 92.46 111.65 122.49 124.87 117.72 102.62 81.49 54.48 27.29 7.69 0.00 0.00 0.00
0.00 0.00 0.00 0.00 0.00 0.00 0.00 0.00 68.92 137.16 245.08 328.58 396.78 435.31 443.78 418.37 364.69 289.60 193.62 97.00 27.33 0.00 0.00 0.00
0.00 0.00 0.00 0.00 0.00 0.00 0.00 0.80 3.17 5.47 7.55 9.72 11.10 10.08 10.03 9.10 7.43 5.54 3.41 1.31 0.00 0.00 0.00 0.00
0.00 0.00 0.00 0.00 0.00 0.00 0.00 0.00 166.57 345.58 559.32 752.74 907.21 995.80 1005.27 941.84 734.19 570.15 391.26 183.33 54.89 0.00 0.00 0.00
0.00 0.00 0.00 0.00 0.00 0.00 0.00 0.41 1.84 3.18 5.64 7.23 8.46 9.20 9.46 8.89 7.86 6.04 3.85 1.52 0.17 0.00 0.00 0.00
0.00 0.00 0.00 0.00 0.00 0.00 0.00 0.14 0.95 1.72 1.54 2.07 2.46 3.74 3.74 3.54 4.25 3.29 2.12 0.75 0.03 0.00 0.00 0.00
0.00 0.00 0.00 0.00 0.00 0.00 0.00 0.22 1.53 2.76 2.47 3.31 3.93 5.98 5.98 5.67 6.79 5.26 3.39 1.20 0.04 0.00 0.00 0.00
0.00 0.00 0.00 0.00 0.00 0.00 0.00 0.22 1.53 2.76 2.47 3.31 3.93 5.98 5.98 5.67 6.79 5.26 3.39 1.20 0.04 0.00 0.00 0.00
0.00 0.00 0.00 0.00 0.00 0.00 0.00 0.33 2.93 5.40 8.31 11.44 14.06 18.65 19.42 18.51 17.15 13.33 8.63 3.41 0.38 0.00 0.00 0.00
0.00 0.00 0.00 0.00 0.00 0.00 0.00 0.15 1.36 2.51 3.74 5.15 6.29 8.77 9.07 8.59 8.07 6.26 4.02 1.58 0.17 0.00 0.00 0.00
0.00 0.00 0.00 0.00 0.00 0.00 0.00 0.20 1.75 3.23 4.80 6.62 8.09 11.28 11.66 11.04 10.38 8.04 5.17 2.03 0.21 0.00 0.00 0.00
0.00 0.00 0.00 0.00 0.00 0.00 0.00 0.13 1.17 2.15 3.20 4.41 5.39 7.52 7.77 7.36 6.92 5.36 3.45 1.35 0.14 0.00 0.00 0.00
0.00 0.00 0.00 0.00 0.00 0.00 0.00 0.13 1.17 2.15 3.20 4.41 5.39 7.52 7.77 7.36 6.92 5.36 3.45 1.35 0.14 0.00 0.00 0.00
0.00 0.00 0.00 0.00 0.00 0.00 0.00 0.00 19.78 38.72 57.54 75.87 89.49 103.18 105.20 101.17 85.88 65.95 41.66 16.69 1.55 0.00 0.00 0.00
0.00 0.00 0.00 0.00 0.00 0.00 0.00 0.94 7.04 12.83 24.85 33.37 40.79 57.06 58.28 56.42 51.57 40.00 26.00 10.14 1.04 0.00 0.00 0.00
0.00 0.00 0.00 0.00 0.00 0.00 0.00 0.93 7.18 13.12 26.38 34.98 42.61 48.03 49.35 47.52 42.82 33.42 21.63 8.63 1.14 0.00 0.00 0.00
0.00 0.00 0.00 0.00 0.00 0.00 0.00 0.00 49.13 101.93 164.98 222.03 267.59 293.73 296.52 277.81 216.56 168.17 115.41 54.08 16.19 0.00 0.00 0.00
0.00 0.00 0.00 0.00 0.00 0.00 0.00 0.00 46.73 96.96 156.93 211.20 254.54 279.40 282.06 264.26 206.00 159.97 109.78 51.44 15.40 0.00 0.00 0.00
0.00 0.00 0.00 0.00 0.00 0.00 0.00 0.00 89.87 186.46 301.79 406.15 489.50 537.30 542.41 508.19 396.15 307.64 211.11 98.92 29.62 0.00 0.00 0.00
0.00 0.00 0.00 0.00 0.00 0.00 0.00 0.00 88.38 183.35 296.76 399.38 481.34 528.35 533.37 499.72 389.54 302.51 207.59 97.27 29.12 0.00 0.00 0.00
0.00 0.00 0.00 0.00 0.00 0.00 0.00 0.00 98.39 195.27 324.51 436.02 523.19 569.50 581.36 549.33 477.98 379.20 255.01 132.90 40.06 0.00 0.00 0.00
0.00 0.00 0.00 0.00 0.00 0.00 0.00 0.14 0.95 1.72 1.54 2.07 2.46 3.74 3.74 3.54 4.25 3.29 2.12 0.75 0.03 0.00 0.00 0.00
0.00 0.00 0.00 0.00 0.00 0.00 0.00 0.69 4.84 8.74 7.82 10.47 12.45 18.94 18.93 17.95 21.51 16.66 10.72 3.80 0.14 0.00 0.00 0.00
0.00 0.00 0.00 0.00 0.00 0.00 0.00 3.52 24.70 44.62 39.91 53.44 63.54 96.68 96.65 91.64 109.83 85.06 54.75 19.40 0.70 0.00 0.00 0.00
0.00 0.00 0.00 0.00 0.00 0.00 0.00 0.00 3.36 6.96 11.27 15.16 18.27 20.06 20.25 18.97 14.79 11.49 7.88 3.69 1.11 0.00 0.00 0.00
0.00 0.00 0.00 0.00 0.00 0.00 0.00 0.00 67.84 135.03 241.26 323.46 390.60 428.53 436.87 411.85 359.01 285.09 190.60 95.49 26.90 0.00 0.00 0.00
0.00 0.00 0.00 0.00 0.00 0.00 0.00 0.00 3.81 7.47 12.69 18.54 23.78 28.46 30.10 28.90 21.62 17.05 11.50 5.80 1.13 0.00 0.00 0.00
0.00 0.00 0.00 0.00 0.00 0.00 0.00 4.23 41.59 77.37 127.23 166.93 196.08 210.90 213.70 202.33 176.11 140.19 94.76 42.85 10.62 0.00 0.00 0.00
0.00 0.00 0.00 0.00 0.00 0.00 0.00 0.00 1.13 2.25 4.02 5.39 6.51 7.14 7.28 6.86 5.98 4.75 3.18 1.59 0.45 0.00 0.00 0.00
0.00 0.00 0.00 0.00 0.00 0.00 0.00 0.00 50.88 101.27 180.95 242.60 292.95 321.40 327.65 308.88 269.26 213.82 142.95 71.62 20.18 0.00 0.00 0.00
0.00 0.00 0.00 0.00 0.00 0.00 0.00 0.00 65.30 129.96 232.22 311.33 375.95 412.46 420.48 396.40 345.55 274.40 183.45 91.91 25.89 0.00 0.00 0.00
0.00 0.00 0.00 0.00 0.00 0.00 0.00 0.00 129.75 257.51 427.95 575.00 689.95 751.02 766.67 724.43 630.34 500.07 336.30 175.26 52.83 0.00 0.00 0.00
0.00 0.00 0.00 0.00 0.00 0.00 0.00 0.17 1.96 3.67 5.19 7.22 8.95 13.47 13.66 13.12 12.63 9.79 6.45 2.55 0.29 0.00 0.00 0.00
0.00 0.00 0.00 0.00 0.00 0.00 0.00 0.23 2.47 4.60 6.03 8.36 10.50 16.54 16.96 16.22 15.94 12.24 7.96 3.14 0.36 0.00 0.00 0.00
0.00 0.00 0.00 0.00 0.00 0.00 0.00 0.02 15.71 30.79 52.36 76.48 98.09 117.41 124.16 119.21 89.16 70.31 47.45 23.91 4.68 0.00 0.00 0.00
0.00 0.00 0.00 0.00 0.00 0.00 0.00 0.00 102.90 205.35 318.69 427.89 511.69 540.76 552.08 532.07 477.12 380.34 267.98 115.89 42.60 0.00 0.00 0.00
0.00 0.00 0.00 0.00 0.00 0.00 0.00 0.08 0.56 1.00 1.90 2.63 3.18 4.59 4.71 4.47 4.01 3.11 2.02 0.77 0.07 0.00 0.00 0.00
0.00 0.00 0.00 0.00 0.00 0.00 0.00 0.53 17.86 34.61 61.65 82.19 98.09 106.99 108.51 101.93 88.66 70.72 48.87 23.77 6.39 0.00 0.00 0.00
0.00 0.00 0.00 0.00 0.00 0.00 0.00 0.00 5.64 12.41 20.36 27.95 33.43 36.72 36.71 33.82 27.11 21.41 15.00 8.28 2.69 0.00 0.00 0.00
0.00 0.00 0.00 0.00 0.00 0.00 0.00 0.54 2.21 3.81 6.42 8.45 9.82 10.27 10.42 9.93 9.11 7.00 4.51 1.72 0.16 0.00 0.00 0.00
0.00 0.00 0.00 0.00 0.00 0.00 0.00 0.27 1.10 1.90 3.21 4.22 4.91 5.13 5.21 4.97 4.55 3.50 2.26 0.86 0.08 0.00 0.00 0.00
0.00 0.00 0.00 0.00 0.00 0.00 0.00 0.59 2.42 4.16 7.02 9.24 10.74 11.23 11.40 10.86 9.96 7.66 4.94 1.88 0.17 0.00 0.00 0.00
0.00 0.00 0.00 0.00 0.00 0.00 0.00 0.58 2.48 4.29 8.23 10.85 12.59 13.52 13.80 13.34 11.33 8.62 5.64 2.26 0.20 0.00 0.00 0.00
0.00 0.00 0.00 0.00 0.00 0.00 0.00 0.89 3.78 6.54 12.54 16.53 19.18 20.61 21.03 20.32 17.27 13.13 8.60 3.45 0.30 0.00 0.00 0.00
0.00 0.00 0.00 0.00 0.00 0.00 0.00 0.80 3.59 6.25 11.12 14.27 16.69 18.67 18.92 17.90 15.63 12.04 7.84 3.16 0.35 0.00 0.00 0.00
0.00 0.00 0.00 0.00 0.00 0.00 0.00 0.60 3.82 6.88 10.49 13.67 15.99 17.00 16.92 15.80 13.77 10.74 7.24 3.15 0.70 0.00 0.00 0.00
0.00 0.00 0.00 0.00 0.00 0.00 0.00 1.56 9.87 17.78 27.10 35.30 41.32 43.93 43.70 40.82 35.57 27.76 18.70 8.15 1.80 0.00 0.00 0.00
0.00 0.00 0.00 0.00 0.00 0.00 0.00 0.30 2.34 4.29 6.84 9.00 10.54 11.34 11.49 10.71 9.20 7.20 4.86 2.16 0.48 0.00 0.00 0.00
0.00 0.00 0.00 0.00 0.00 0.00 0.00 0.56 3.06 5.42 9.13 12.16 14.49 17.28 17.80 16.83 17.33 13.26 8.62 3.17 0.19 0.00 0.00 0.00
0.00 0.00 0.00 0.00 0.00 0.00 0.00 1.33 6.65 11.68 16.96 22.74 27.84 32.69 33.01 31.32 28.09 21.44 13.68 5.28 0.45 0.00 0.00 0.00
0.00 0.00 0.00 0.00 0.00 0.00 0.00 0.24 0.93 1.59 2.27 2.90 3.31 3.02 3.00 2.83 2.97 2.23 1.41 0.55 0.00 0.00 0.00 0.00
0.00 0.00 0.00 0.00 0.00 0.00 0.00 1.17 5.66 9.86 9.58 12.51 14.53 20.44 20.37 19.16 19.89 15.16 9.67 3.48 0.00 0.00 0.00 0.00
0.00 0.00 0.00 0.00 0.00 0.00 0.00 0.86 3.74 6.47 8.16 10.61 12.17 12.59 12.55 11.71 10.96 8.35 5.26 2.19 0.00 0.00 0.00 0.00
0.00 0.00 0.00 0.00 0.00 0.00 0.00 1.19 5.15 8.93 11.26 14.64 16.80 17.37 17.33 16.16 15.12 11.53 7.26 3.03 0.00 0.00 0.00 0.00
0.00 0.00 0.00 0.00 0.00 0.00 0.00 0.81 3.51 6.08 7.67 9.97 11.44 11.83 11.80 11.01 10.30 7.85 4.95 2.06 0.00 0.00 0.00 0.00
0.00 0.00 0.00 0.00 0.00 0.00 0.00 0.63 3.02 5.26 5.11 6.67 7.75 10.90 10.86 10.22 10.61 8.09 5.16 1.86 0.00 0.00 0.00 0.00
0.00 0.00 0.00 0.00 0.00 0.00 0.00 0.70 2.84 4.92 6.55 8.40 9.69 9.01 8.96 8.19 7.16 5.32 3.28 1.34 0.00 0.00 0.00 0.00
0.00 0.00 0.00 0.00 0.00 0.00 0.00 0.39 2.74 4.94 4.42 5.92 7.04 10.71 10.71 10.16 12.17 9.43 6.07 2.15 0.08 0.00 0.00 0.00
0.00 0.00 0.00 0.00 0.00 0.00 0.00 0.00 25.74 50.40 74.89 98.75 116.48 134.30 136.93 131.68 111.79 85.84 54.22 21.73 2.02 0.00 0.00 0.00
0.00 0.00 0.00 0.00 0.00 0.00 0.00 0.38 3.32 6.12 9.42 12.97 15.93 21.14 22.01 20.98 19.44 15.11 9.78 3.87 0.43 0.00 0.00 0.00
0.00 0.00 0.00 0.00 0.00 0.00 0.00 0.64 4.34 7.84 9.07 12.60 15.10 31.21 31.26 29.60 27.83 21.35 13.79 5.10 0.38 0.00 0.00 0.00
0.00 0.00 0.00 0.00 0.00 0.00 0.00 0.29 1.99 3.59 4.16 5.78 6.92 14.30 14.33 13.57 12.75 9.79 6.32 2.34 0.18 0.00 0.00 0.00
0.00 0.00 0.00 0.00 0.00 0.00 0.00 0.46 4.01 7.38 11.71 16.05 19.76 26.23 27.30 26.08 23.90 18.59 12.08 4.77 0.54 0.00 0.00 0.00
0.00 0.00 0.00 0.00 0.00 0.00 0.00 0.21 1.35 2.44 4.62 6.38 7.72 11.16 11.45 10.86 9.74 7.54 4.91 1.88 0.17 0.00 0.00 0.00
0.00 0.00 0.00 0.00 0.00 0.00 0.00 0.02 16.27 31.88 54.21 79.19 101.56 121.56 128.54 123.42 92.31 72.80 49.13 24.76 4.85 0.00 0.00 0.00
0.00 0.00 0.00 0.00 0.00 0.00 0.00 1.01 9.94 18.50 30.43 39.92 46.89 50.43 51.10 48.38 42.11 33.52 22.66 10.25 2.54 0.00 0.00 0.00
0.00 0.00 0.00 0.00 0.00 0.00 0.00 0.21 2.30 4.31 6.78 8.92 10.49 11.33 11.58 10.85 9.47 7.46 5.04 2.27 0.55 0.00 0.00 0.00
0.00 0.00 0.00 0.00 0.00 0.00 0.00 0.22 2.80 5.26 8.04 10.74 12.92 14.25 14.29 13.38 11.73 9.14 6.16 2.75 0.63 0.00 0.00 0.00
0.00 0.00 0.00 0.00 0.00 0.00 0.00 0.36 4.47 8.41 12.87 17.18 20.68 22.80 22.86 21.41 18.76 14.62 9.85 4.39 1.01 0.00 0.00 0.00
0.00 0.00 0.00 0.00 0.00 0.00 0.00 0.00 91.37 189.57 306.82 412.92 497.66 546.26 551.45 516.66 402.75 312.76 214.63 100.57 30.11 0.00 0.00 0.00
