0.00 0.00 0.00 0.00 0.00 0.00 0.00 0.24 1.10 1.93 2.85 3.74 4.51 5.00 5.15 4.86 4.26 3.47 2.51 1.60 0.73 0.00 0.00 0.00
0.00 0.00 0.00 0.00 0.00 0.00 0.00 5.97 21.90 36.94 56.20 72.57 84.51 91.42 91.45 85.21 69.02 54.81 36.78 17.55 4.94 0.00 0.00 0.00
0.00 0.00 0.00 0.00 0.00 0.00 0.00 5.46 25.17 44.10 65.15 85.61 103.20 114.27 117.74 111.02 97.32 79.31 57.50 36.59 16.66 0.00 0.00 0.00
0.00 0.00 0.00 0.00 0.00 0.00 0.00 19.39 89.45 156.72 231.52 304.26 366.76 406.10 418.46 394.57 345.87 281.87 204.36 130.04 59.20 0.00 0.00 0.00
0.00 0.00 0.00 0.00 0.00 0.00 0.00 1.56 4.13 6.88 10.28 12.97 14.71 16.59 16.51 14.90 12.26 9.65 6.49 2.77 0.65 0.00 0.00 0.00
0.00 0.00 0.00 0.00 0.00 0.00 0.00 29.34 190.39 344.89 510.96 676.42 813.87 881.13 904.25 860.68 803.66 655.05 465.79 282.39 130.85 0.00 0.00 0.00
0.00 0.00 0.00 0.00 0.00 0.00 0.00 0.94 2.49 4.14 6.01 7.71 8.88 9.38 9.44 8.81 7.80 6.22 4.29 2.21 0.80 0.00 0.00 0.00
0.00 0.00 0.00 0.00 0.00 0.00 0.00 0.41 1.39 2.30 3.43 4.36 4.99 5.71 5.84 5.49 4.62 3.62 2.47 1.22 0.37 0.00 0.00 0.00
0.00 0.00 0.00 0.00 0.00 0.00 0.00 0.66 2.22 3.69 5.49 6.98 7.98 9.14 9.34 8.79 7.39 5.79 3.95 1.96 0.59 0.00 0.00 0.00
0.00 0.00 0.00 0.00 0.00 0.00 0.00 0.66 2.22 3.69 5.49 6.98 7.98 9.14 9.34 8.79 7.39 5.79 3.95 1.96 0.59 0.00 0.00 0.00
0.00 0.00 0.00 0.00 0.00 0.00 0.00 1.29 4.54 7.61 11.74 15.78 18.73 21.15 21.15 20.04 18.69 15.14 10.56 5.37 1.86 0.00 0.00 0.00
0.00 0.00 0.00 0.00 0.00 0.00 0.00 0.62 2.18 3.66 5.58 7.50 8.88 10.24 10.34 9.73 8.95 7.19 4.99 2.50 0.86 0.00 0.00 0.00
0.00 0.00 0.00 0.00 0.00 0.00 0.00 0.80 2.81 4.70 7.18 9.64 11.42 13.16 13.29 12.51 11.51 9.25 6.41 3.22 1.10 0.00 0.00 0.00
0.00 0.00 0.00 0.00 0.00 0.00 0.00 0.53 1.87 3.13 4.79 6.43 7.61 8.78 8.86 8.34 7.67 6.17 4.28 2.15 0.74 0.00 0.00 0.00
0.00 0.00 0.00 0.00 0.00 0.00 0.00 0.53 1.87 3.13 4.79 6.43 7.61 8.78 8.86 8.34 7.67 6.17 4.28 2.15 0.74 0.00 0.00 0.00
0.00 0.00 0.00 0.00 0.00 0.00 0.00 4.38 24.52 43.47 66.71 87.03 99.05 110.15 112.21 107.05 96.12 75.95 51.81 26.87 8.53 0.00 0.00 0.00
0.00 0.00 0.00 0.00 0.00 0.00 0.00 4.33 14.44 23.98 36.15 47.84 57.00 63.19 63.84 59.92 55.88 45.01 31.85 16.07 5.51 0.00 0.00 0.00
0.00 0.00 0.00 0.00 0.00 0.00 0.00 3.87 12.87 21.37 30.97 39.51 46.47 51.63 52.27 49.91 45.83 36.49 25.31 13.51 4.89 0.00 0.00 0.00
0.00 0.00 0.00 0.00 0.00 0.00 0.00 8.65 56.16 101.73 150.72 199.52 240.06 259.90 266.72 253.87 237.05 193.22 137.39 83.30 38.59 0.00 0.00 0.00
0.00 0.00 0.00 0.00 0.00 0.00 0.00 8.23 53.42 96.77 143.36 189.79 228.35 247.22 253.71 241.49 225.49 183.79 130.69 79.23 36.71 0.00 0.00 0.00
0.00 0.00 0.00 0.00 0.00 0.00 0.00 15.83 102.73 186.09 275.70 364.97 439.14 475.43 487.91 464.39 433.63 353.44 251.33 152.37 70.60 0.00 0.00 0.00
0.00 0.00 0.00 0.00 0.00 0.00 0.00 15.57 101.02 182.99 271.10 358.89 431.82 467.51 479.77 456.65 426.40 347.55 247.14 149.83 69.42 0.00 0.00 0.00
0.00 0.00 0.00 0.00 0.00 0.00 0.00 27.61 121.36 211.40 306.50 404.58 488.76 522.45 534.65 525.83 465.08 377.08 274.85 178.19 83.78 0.00 0.00 0.00
0.00 0.00 0.00 0.00 0.00 0.00 0.00 0.41 1.39 2.30 3.43 4.36 4.99 5.71 5.84 5.49 4.62 3.62 2.47 1.22 0.37 0.00 0.00 0.00
0.00 0.00 0.00 0.00 0.00 0.00 0.00 2.09 7.04 11.67 17.38 22.10 25.28 28.93 29.58 27.83 23.41 18.33 12.51 6.21 1.87 0.00 0.00 0.00
0.00 0.00 0.00 0.00 0.00 0.00 0.00 10.69 35.96 59.59 88.75 112.84 129.04 147.72 151.00 142.06 119.52 93.56 63.84 31.68 9.53 0.00 0.00 0.00
0.00 0.00 0.00 0.00 0.00 0.00 0.00 0.59 3.84 6.95 10.29 13.63 16.39 17.75 18.22 17.34 16.19 13.20 9.38 5.69 2.64 0.00 0.00 0.00
0.00 0.00 0.00 0.00 0.00 0.00 0.00 19.09 88.05 154.28 227.91 299.52 361.04 399.77 411.93 388.42 340.48 277.47 201.18 128.01 58.28 0.00 0.00 0.00
0.00 0.00 0.00 0.00 0.00 0.00 0.00 1.19 5.68 9.98 15.19 21.06 26.64 30.45 31.29 30.28 27.59 22.29 15.61 9.19 3.61 0.00 0.00 0.00
0.00 0.00 0.00 0.00 0.00 0.00 0.00 14.82 49.09 81.87 120.48 154.12 179.96 197.67 206.72 196.74 172.42 140.87 101.20 60.31 26.54 0.00 0.00 0.00
0.00 0.00 0.00 0.00 0.00 0.00 0.00 0.32 1.47 2.57 3.80 4.99 6.02 6.66 6.87 6.47 5.67 4.62 3.35 2.13 0.97 0.00 0.00 0.00
0.00 0.00 0.00 0.00 0.00 0.00 0.00 14.31 66.04 115.71 170.94 224.64 270.78 299.83 308.95 291.32 255.36 208.11 150.88 96.01 43.71 0.00 0.00 0.00
0.00 0.00 0.00 0.00 0.00 0.00 0.00 18.37 84.75 148.49 219.37 288.28 347.50 384.78 396.49 373.86 327.71 267.07 193.63 123.21 56.09 0.00 0.00 0.00
0.00 0.00 0.00 0.00 0.00 0.00 0.00 36.42 160.04 278.78 404.20 533.55 644.55 688.99 705.08 693.44 613.32 497.27 362.46 234.98 110.48 0.00 0.00 0.00
0.00 0.00 0.00 0.00 0.00 0.00 0.00 0.88 3.36 5.70 8.79 11.56 13.69 15.91 16.01 15.18 14.13 11.13 7.77 3.96 1.37 0.00 0.00 0.00
0.00 0.00 0.00 0.00 0.00 0.00 0.00 1.14 4.27 7.22 11.01 14.39 17.16 19.90 20.11 19.15 17.62 13.81 9.78 4.96 1.71 0.00 0.00 0.00
0.00 0.00 0.00 0.00 0.00 0.00 0.00 4.90 23.43 41.17 62.65 86.89 109.89 125.60 129.07 124.91 113.81 91.94 64.41 37.93 14.89 0.00 0.00 0.00
0.00 0.00 0.00 0.00 0.00 0.00 0.00 30.74 126.97 220.52 332.36 431.22 513.45 551.36 563.52 529.15 480.58 390.31 287.46 182.05 94.27 5.65 0.00 0.00
0.00 0.00 0.00 0.00 0.00 0.00 0.00 0.37 1.19 1.95 2.96 3.87 4.54 5.02 5.04 4.77 4.37 3.51 2.47 1.22 0.41 0.00 0.00 0.00
0.00 0.00 0.00 0.00 0.00 0.00 0.00 6.01 23.79 40.89 60.05 77.25 91.73 99.45 100.59 94.96 80.92 66.01 48.73 30.27 13.63 0.00 0.00 0.00
0.00 0.00 0.00 0.00 0.00 0.00 0.00 0.49 6.71 12.74 18.38 24.60 29.65 31.91 32.41 29.83 27.20 21.81 15.70 10.13 4.81 0.00 0.00 0.00
0.00 0.00 0.00 0.00 0.00 0.00 0.00 1.15 2.96 4.89 6.95 8.85 10.17 10.62 10.59 9.95 8.41 6.63 4.54 2.33 0.82 0.00 0.00 0.00
0.00 0.00 0.00 0.00 0.00 0.00 0.00 0.57 1.48 2.45 3.48 4.42 5.09 5.31 5.30 4.97 4.21 3.32 2.27 1.16 0.41 0.00 0.00 0.00
0.00 0.00 0.00 0.00 0.00 0.00 0.00 1.25 3.23 5.35 7.60 9.68 11.13 11.61 11.59 10.88 9.20 7.26 4.97 2.54 0.90 0.00 0.00 0.00
0.00 0.00 0.00 0.00 0.00 0.00 0.00 1.49 3.93 6.52 9.31 11.69 13.48 13.94 13.96 13.08 12.15 9.52 6.61 3.23 1.13 0.00 0.00 0.00
0.00 0.00 0.00 0.00 0.00 0.00 0.00 2.28 6.00 9.94 14.18 17.81 20.55 21.25 21.27 19.94 18.52 14.51 10.07 4.92 1.72 0.00 0.00 0.00
0.00 0.00 0.00 0.00 0.00 0.00 0.00 1.89 5.07 8.38 12.13 15.71 17.88 18.96 18.99 17.80 16.23 13.02 8.90 4.54 1.65 0.00 0.00 0.00
0.00 0.00 0.00 0.00 0.00 0.00 0.00 1.42 4.17 6.80 9.92 12.47 14.44 15.15 15.80 15.45 13.93 11.10 7.87 4.69 2.00 0.00 0.00 0.00
0.00 0.00 0.00 0.00 0.00 0.00 0.00 3.66 10.78 17.58 25.63 32.23 37.29 39.14 40.83 39.92 35.98 28.68 20.32 12.10 5.16 0.00 0.00 0.00
0.00 0.00 0.00 0.00 0.00 0.00 0.00 0.86 2.73 4.52 6.52 8.33 9.74 10.58 10.81 10.41 9.41 7.59 5.33 3.14 1.33 0.00 0.00 0.00
0.00 0.00 0.00 0.00 0.00 0.00 0.00 1.81 5.41 8.87 12.95 17.21 20.02 22.33 22.67 21.03 19.49 15.52 10.86 5.14 1.66 0.00 0.00 0.00
0.00 0.00 0.00 0.00 0.00 0.00 0.00 3.38 9.61 15.69 22.10 28.44 33.82 36.86 37.57 35.27 32.70 25.87 17.66 8.54 2.93 0.00 0.00 0.00
0.00 0.00 0.00 0.00 0.00 0.00 0.00 0.52 1.37 2.21 3.13 3.93 4.40 5.14 5.04 4.68 4.06 3.20 2.13 0.94 0.24 0.00 0.00 0.00
0.00 0.00 0.00 0.00 0.00 0.00 0.00 2.65 7.66 12.57 18.17 22.50 25.24 29.65 29.91 27.71 23.24 17.97 11.93 5.40 1.47 0.00 0.00 0.00
0.00 0.00 0.00 0.00 0.00 0.00 0.00 1.92 5.30 8.67 12.34 15.44 16.89 19.37 18.93 17.80 15.20 11.81 7.95 3.55 0.92 0.00 0.00 0.00
0.00 0.00 0.00 0.00 0.00 0.00 0.00 2.64 7.31 11.96 17.03 21.30 23.31 26.74 26.12 24.56 20.98 16.30 10.98 4.89 1.27 0.00 0.00 0.00
0.00 0.00 0.00 0.00 0.00 0.00 0.00 1.80 4.98 8.15 11.60 14.51 15.87 18.21 17.79 16.73 14.29 11.10 7.48 3.33 0.86 0.00 0.00 0.00
0.00 0.00 0.00 0.00 0.00 0.00 0.00 1.41 4.09 6.71 9.69 12.00 13.46 15.82 15.95 14.78 12.39 9.59 6.36 2.88 0.78 0.00 0.00 0.00
0.00 0.00 0.00 0.00 0.00 0.00 0.00 1.41 3.80 6.24 9.20 11.48 12.85 14.39 14.40 13.30 11.01 8.69 6.00 2.59 0.62 0.00 0.00 0.00
0.00 0.00 0.00 0.00 0.00 0.00 0.00 1.18 3.99 6.60 9.84 12.51 14.30 16.37 16.73 15.74 13.25 10.37 7.08 3.51 1.06 0.00 0.00 0.00
0.00 0.00 0.00 0.00 0.00 0.00 0.00 5.70 31.91 56.58 86.83 113.27 128.93 143.37 146.05 139.34 125.11 98.85 67.43 34.98 11.10 0.00 0.00 0.00
0.00 0.00 0.00 0.00 0.00 0.00 0.00 1.46 5.14 8.62 13.30 17.89 21.23 23.97 23.96 22.72 21.19 17.16 11.97 6.08 2.11 0.00 0.00 0.00
0.00 0.00 0.00 0.00 0.00 0.00 0.00 2.50 8.08 13.30 20.36 26.77 31.94 36.30 36.96 34.49 31.21 25.00 17.47 8.28 2.72 0.00 0.00 0.00
0.00 0.00 0.00 0.00 0.00 0.00 0.00 1.14 3.70 6.10 9.33 12.27 14.64 16.64 16.94 15.81 14.30 11.46 8.01 3.80 1.24 0.00 0.00 0.00
0.00 0.00 0.00 0.00 0.00 0.00 0.00 1.83 6.38 10.70 16.43 22.02 26.19 29.26 29.08 27.56 25.79 20.80 14.67 7.48 2.60 0.00 0.00 0.00
0.00 0.00 0.00 0.00 0.00 0.00 0.00 0.90 2.88 4.74 7.19 9.40 11.02 12.19 12.24 11.58 10.62 8.52 6.01 2.96 1.00 0.00 0.00 0.00
0.00 0.00 0.00 0.00 0.00 0.00 0.00 5.07 24.25 42.62 64.87 89.96 113.77 130.04 133.64 129.32 117.83 95.19 66.69 39.27 15.42 0.00 0.00 0.00
0.00 0.00 0.00 0.00 0.00 0.00 0.00 3.54 11.74 19.58 28.81 36.85 43.03 47.27 49.43 47.05 41.23 33.69 24.20 14.42 6.35 0.00 0.00 0.00
0.00 0.00 0.00 0.00 0.00 0.00 0.00 0.76 2.62 4.40 6.52 8.32 9.81 10.50 10.68 10.17 9.19 7.45 5.30 3.28 1.43 0.00 0.00 0.00
0.00 0.00 0.00 0.00 0.00 0.00 0.00 0.89 3.18 5.38 7.75 9.93 11.64 12.83 13.21 12.84 11.75 9.30 6.63 2.61 1.11 0.00 0.00 0.00
0.00 0.00 0.00 0.00 0.00 0.00 0.00 1.43 5.09 8.61 12.41 15.89 18.63 20.52 21.14 20.54 18.79 14.88 10.60 4.18 1.77 0.00 0.00 0.00
0.00 0.00 0.00 0.00 0.00 0.00 0.00 16.09 104.44 189.20 280.29 371.06 446.46 483.36 496.04 472.13 440.86 359.34 255.51 154.91 71.78 0.00 0.00 0.00
