0.00 0.00 0.00 0.00 0.00 0.00 0.00 0.00 0.00 0.43 1.62 2.54 3.46 3.73 3.91 3.76 3.22 2.38 1.49 0.29 0.00 0.00 0.00 0.00
0.00 0.00 0.00 0.00 0.00 0.00 0.00 0.00 0.00 12.40 30.74 47.81 60.94 66.14 68.54 65.75 54.19 40.24 23.72 1.98 0.00 0.00 0.00 0.00
0.00 0.00 0.00 0.00 0.00 0.00 0.00 0.00 0.00 9.86 37.03 58.03 79.09 85.33 89.51 86.00 73.68 54.35 34.11 6.58 0.00 0.00 0.00 0.00
0.00 0.00 0.00 0.00 0.00 0.00 0.00 0.00 0.00 35.02 131.60 206.25 281.09 303.24 318.11 305.64 261.85 193.14 121.23 23.40 0.00 0.00 0.00 0.00
0.00 0.00 0.00 0.00 0.00 0.00 0.00 0.00 0.00 2.36 5.36 8.07 10.17 11.16 11.05 10.47 8.41 6.01 3.26 0.06 0.00 0.00 0.00 0.00
0.00 0.00 0.00 0.00 0.00 0.00 0.00 0.00 0.00 71.97 290.57 460.67 628.22 713.30 764.26 735.30 650.58 476.58 301.76 63.51 0.00 0.00 0.00 0.00
0.00 0.00 0.00 0.00 0.00 0.00 0.00 0.00 0.00 1.20 3.23 5.06 6.64 7.46 7.48 7.19 5.78 3.98 2.22 0.11 0.00 0.00 0.00 0.00
0.00 0.00 0.00 0.00 0.00 0.00 0.00 0.00 0.00 0.65 1.61 2.53 3.38 3.93 4.02 3.93 3.29 2.41 1.41 0.13 0.00 0.00 0.00 0.00
0.00 0.00 0.00 0.00 0.00 0.00 0.00 0.00 0.00 1.04 2.58 4.04 5.41 6.29 6.43 6.28 5.27 3.86 2.26 0.22 0.00 0.00 0.00 0.00
0.00 0.00 0.00 0.00 0.00 0.00 0.00 0.00 0.00 1.04 2.58 4.04 5.41 6.29 6.43 6.28 5.27 3.86 2.26 0.22 0.00 0.00 0.00 0.00
0.00 0.00 0.00 0.00 0.00 0.00 0.00 0.00 0.00 2.25 6.03 9.41 12.93 15.19 15.63 15.23 12.92 9.34 5.54 0.73 0.00 0.00 0.00 0.00
0.00 0.00 0.00 0.00 0.00 0.00 0.00 0.00 0.00 1.08 2.88 4.56 6.22 7.32 7.52 7.30 6.18 4.50 2.67 0.35 0.00 0.00 0.00 0.00
0.00 0.00 0.00 0.00 0.00 0.00 0.00 0.00 0.00 1.39 3.70 5.87 8.00 9.41 9.67 9.39 7.95 5.79 3.44 0.45 0.00 0.00 0.00 0.00
0.00 0.00 0.00 0.00 0.00 0.00 0.00 0.00 0.00 0.93 2.46 3.91 5.33 6.27 6.44 6.26 5.30 3.86 2.29 0.30 0.00 0.00 0.00 0.00
0.00 0.00 0.00 0.00 0.00 0.00 0.00 0.00 0.00 0.93 2.46 3.91 5.33 6.27 6.44 6.26 5.30 3.86 2.29 0.30 0.00 0.00 0.00 0.00
0.00 0.00 0.00 0.00 0.00 0.00 0.00 0.00 0.00 13.95 37.59 59.24 77.24 88.47 93.32 90.13 77.46 56.70 34.94 4.72 0.00 0.00 0.00 0.00
0.00 0.00 0.00 0.00 0.00 0.00 0.00 0.00 0.00 6.95 18.52 29.28 40.60 45.76 46.31 45.20 38.33 27.74 16.30 1.97 0.00 0.00 0.00 0.00
0.00 0.00 0.00 0.00 0.00 0.00 0.00 0.00 0.00 5.94 16.27 25.66 34.19 38.44 39.44 38.09 31.89 23.10 13.64 1.54 0.00 0.00 0.00 0.00
0.00 0.00 0.00 0.00 0.00 0.00 0.00 0.00 0.00 21.23 85.71 135.88 185.30 210.40 225.43 216.89 191.90 140.57 89.01 18.73 0.00 0.00 0.00 0.00
0.00 0.00 0.00 0.00 0.00 0.00 0.00 0.00 0.00 20.19 81.53 129.25 176.26 200.14 214.43 206.31 182.54 133.72 84.67 17.82 0.00 0.00 0.00 0.00
0.00 0.00 0.00 0.00 0.00 0.00 0.00 0.00 0.00 38.83 156.78 248.56 338.97 384.88 412.37 396.75 351.03 257.15 162.82 34.27 0.00 0.00 0.00 0.00
0.00 0.00 0.00 0.00 0.00 0.00 0.00 0.00 0.00 38.18 154.17 244.42 333.32 378.46 405.50 390.13 345.18 252.86 160.11 33.70 0.00 0.00 0.00 0.00
0.00 0.00 0.00 0.00 0.00 0.00 0.00 0.00 0.00 42.19 169.45 267.91 364.99 392.65 407.36 393.13 330.08 242.17 151.93 31.14 0.00 0.00 0.00 0.00
0.00 0.00 0.00 0.00 0.00 0.00 0.00 0.00 0.00 0.65 1.61 2.53 3.38 3.93 4.02 3.93 3.29 2.41 1.41 0.13 0.00 0.00 0.00 0.00
0.00 0.00 0.00 0.00 0.00 0.00 0.00 0.00 0.00 3.28 8.16 12.81 17.13 19.93 20.37 19.89 16.68 12.22 7.14 0.68 0.00 0.00 0.00 0.00
0.00 0.00 0.00 0.00 0.00 0.00 0.00 0.00 0.00 16.74 41.65 65.38 87.48 101.74 103.97 101.53 85.17 62.39 36.47 3.49 0.00 0.00 0.00 0.00
0.00 0.00 0.00 0.00 0.00 0.00 0.00 0.00 0.00 1.45 5.85 9.28 12.65 14.37 15.40 14.81 13.11 9.60 6.08 1.28 0.00 0.00 0.00 0.00
0.00 0.00 0.00 0.00 0.00 0.00 0.00 0.00 0.00 34.48 129.55 203.03 276.71 298.51 313.15 300.88 257.76 190.13 119.34 23.03 0.00 0.00 0.00 0.00
0.00 0.00 0.00 0.00 0.00 0.00 0.00 0.00 0.00 3.31 10.11 15.67 21.48 24.86 26.61 25.61 21.55 16.46 10.21 1.56 0.00 0.00 0.00 0.00
0.00 0.00 0.00 0.00 0.00 0.00 0.00 0.00 0.00 20.12 68.01 104.36 136.78 150.41 152.95 146.33 110.89 81.05 48.75 6.03 0.00 0.00 0.00 0.00
0.00 0.00 0.00 0.00 0.00 0.00 0.00 0.00 0.00 0.57 2.16 3.38 4.61 4.98 5.22 5.01 4.30 3.17 1.99 0.38 0.00 0.00 0.00 0.00
0.00 0.00 0.00 0.00 0.00 0.00 0.00 0.00 0.00 25.86 97.16 152.27 207.53 223.89 234.86 225.66 193.32 142.60 89.51 17.27 0.00 0.00 0.00 0.00
0.00 0.00 0.00 0.00 0.00 0.00 0.00 0.00 0.00 33.19 124.69 195.42 266.33 287.32 301.41 289.60 248.10 183.00 114.87 22.17 0.00 0.00 0.00 0.00
0.00 0.00 0.00 0.00 0.00 0.00 0.00 0.00 0.00 55.64 223.47 353.31 481.33 517.81 537.21 518.45 435.29 319.36 200.36 41.07 0.00 0.00 0.00 0.00
0.00 0.00 0.00 0.00 0.00 0.00 0.00 0.00 0.00 1.64 4.44 7.14 9.83 11.46 12.04 11.61 9.84 7.21 4.32 0.55 0.00 0.00 0.00 0.00
0.00 0.00 0.00 0.00 0.00 0.00 0.00 0.00 0.00 2.06 5.54 8.99 12.33 14.25 15.02 14.52 12.19 8.90 5.33 0.69 0.00 0.00 0.00 0.00
0.00 0.00 0.00 0.00 0.00 0.00 0.00 0.00 0.00 13.65 41.70 64.63 88.61 102.54 109.79 105.63 88.88 67.90 42.12 6.42 0.00 0.00 0.00 0.00
0.00 0.00 0.00 0.00 0.00 0.00 0.00 0.00 0.00 24.37 136.14 226.02 317.13 380.43 405.27 387.70 356.25 266.76 168.68 29.79 0.00 0.00 0.00 0.00
0.00 0.00 0.00 0.00 0.00 0.00 0.00 0.00 0.00 0.56 1.46 2.32 3.18 3.65 3.69 3.51 2.99 2.18 1.27 0.12 0.00 0.00 0.00 0.00
0.00 0.00 0.00 0.00 0.00 0.00 0.00 0.00 0.00 9.17 33.29 51.73 70.63 76.76 79.62 76.09 60.99 44.31 27.36 5.25 0.00 0.00 0.00 0.00
0.00 0.00 0.00 0.00 0.00 0.00 0.00 0.00 0.00 2.35 10.58 17.18 24.23 28.86 30.91 29.18 24.68 18.25 11.41 3.05 0.00 0.00 0.00 0.00
0.00 0.00 0.00 0.00 0.00 0.00 0.00 0.00 0.00 1.41 3.70 5.64 7.32 8.30 8.48 8.00 6.74 4.69 2.58 0.11 0.00 0.00 0.00 0.00
0.00 0.00 0.00 0.00 0.00 0.00 0.00 0.00 0.00 0.70 1.85 2.82 3.66 4.15 4.24 4.00 3.37 2.34 1.29 0.06 0.00 0.00 0.00 0.00
0.00 0.00 0.00 0.00 0.00 0.00 0.00 0.00 0.00 1.54 4.04 6.17 8.01 9.07 9.27 8.75 7.37 5.13 2.83 0.12 0.00 0.00 0.00 0.00
0.00 0.00 0.00 0.00 0.00 0.00 0.00 0.00 0.00 1.88 4.88 7.50 9.80 11.09 11.28 10.77 8.79 6.12 3.40 0.14 0.00 0.00 0.00 0.00
0.00 0.00 0.00 0.00 0.00 0.00 0.00 0.00 0.00 2.86 7.43 11.42 14.94 16.90 17.19 16.41 13.40 9.33 5.18 0.21 0.00 0.00 0.00 0.00
0.00 0.00 0.00 0.00 0.00 0.00 0.00 0.00 0.00 2.44 6.58 10.23 13.42 15.09 15.15 14.62 11.63 7.95 4.46 0.26 0.00 0.00 0.00 0.00
0.00 0.00 0.00 0.00 0.00 0.00 0.00 0.00 0.00 1.76 5.58 8.55 11.27 12.57 12.66 11.89 9.27 6.61 3.87 0.33 0.00 0.00 0.00 0.00
0.00 0.00 0.00 0.00 0.00 0.00 0.00 0.00 0.00 4.55 14.43 22.08 29.12 32.47 32.70 30.73 23.94 17.07 9.99 0.85 0.00 0.00 0.00 0.00
0.00 0.00 0.00 0.00 0.00 0.00 0.00 0.00 0.00 1.14 3.63 5.59 7.42 8.18 8.28 7.84 6.20 4.53 2.69 0.31 0.00 0.00 0.00 0.00
0.00 0.00 0.00 0.00 0.00 0.00 0.00 0.00 0.00 2.54 6.43 10.24 13.45 15.59 16.14 15.55 12.89 9.24 5.29 0.40 0.00 0.00 0.00 0.00
0.00 0.00 0.00 0.00 0.00 0.00 0.00 0.00 0.00 4.55 11.82 18.58 24.39 27.51 27.96 26.94 21.96 15.65 8.88 0.57 0.00 0.00 0.00 0.00
0.00 0.00 0.00 0.00 0.00 0.00 0.00 0.00 0.00 0.72 1.64 2.43 3.02 3.31 3.30 3.16 2.69 1.93 1.05 0.02 0.00 0.00 0.00 0.00
0.00 0.00 0.00 0.00 0.00 0.00 0.00 0.00 0.00 3.83 9.07 14.08 17.87 20.01 20.01 19.47 15.64 11.12 6.26 0.31 0.00 0.00 0.00 0.00
0.00 0.00 0.00 0.00 0.00 0.00 0.00 0.00 0.00 2.65 6.16 9.49 11.79 12.90 13.07 12.55 10.28 7.24 4.01 0.14 0.00 0.00 0.00 0.00
0.00 0.00 0.00 0.00 0.00 0.00 0.00 0.00 0.00 3.66 8.50 13.09 16.27 17.80 18.04 17.33 14.18 10.00 5.53 0.20 0.00 0.00 0.00 0.00
0.00 0.00 0.00 0.00 0.00 0.00 0.00 0.00 0.00 2.49 5.79 8.92 11.08 12.13 12.29 11.80 9.66 6.81 3.77 0.14 0.00 0.00 0.00 0.00
0.00 0.00 0.00 0.00 0.00 0.00 0.00 0.00 0.00 2.04 4.84 7.51 9.53 10.67 10.67 10.38 8.34 5.93 3.34 0.16 0.00 0.00 0.00 0.00
0.00 0.00 0.00 0.00 0.00 0.00 0.00 0.00 0.00 2.10 4.77 7.29 8.91 9.89 9.95 9.32 7.55 5.43 2.97 0.08 0.00 0.00 0.00 0.00
0.00 0.00 0.00 0.00 0.00 0.00 0.00 0.00 0.00 1.86 4.62 7.25 9.69 11.28 11.52 11.25 9.44 6.91 4.04 0.39 0.00 0.00 0.00 0.00
0.00 0.00 0.00 0.00 0.00 0.00 0.00 0.00 0.00 18.16 48.92 77.11 100.54 115.15 121.46 117.31 100.83 73.80 45.47 6.14 0.00 0.00 0.00 0.00
0.00 0.00 0.00 0.00 0.00 0.00 0.00 0.00 0.00 2.55 6.84 10.66 14.65 17.21 17.72 17.27 14.65 10.58 6.28 0.82 0.00 0.00 0.00 0.00
0.00 0.00 0.00 0.00 0.00 0.00 0.00 0.00 0.00 3.89 10.02 16.26 21.85 25.27 25.54 25.28 21.20 15.19 8.86 0.86 0.00 0.00 0.00 0.00
0.00 0.00 0.00 0.00 0.00 0.00 0.00 0.00 0.00 1.78 4.59 7.45 10.01 11.58 11.71 11.59 9.72 6.96 4.06 0.39 0.00 0.00 0.00 0.00
0.00 0.00 0.00 0.00 0.00 0.00 0.00 0.00 0.00 3.15 8.43 13.09 18.08 21.21 21.77 21.08 17.90 12.98 7.70 1.00 0.00 0.00 0.00 0.00
0.00 0.00 0.00 0.00 0.00 0.00 0.00 0.00 0.00 1.35 3.55 5.62 7.72 8.85 8.95 8.53 7.27 5.30 3.09 0.30 0.00 0.00 0.00 0.00
0.00 0.00 0.00 0.00 0.00 0.00 0.00 0.00 0.00 14.13 43.17 66.91 91.74 106.16 113.67 109.37 92.02 70.30 43.61 6.64 0.00 0.00 0.00 0.00
0.00 0.00 0.00 0.00 0.00 0.00 0.00 0.00 0.00 4.81 16.26 24.96 32.71 35.97 36.57 34.99 26.52 19.38 11.66 1.44 0.00 0.00 0.00 0.00
0.00 0.00 0.00 0.00 0.00 0.00 0.00 0.00 0.00 1.09 3.65 5.63 7.47 8.03 8.25 7.94 6.30 4.57 2.76 0.39 0.00 0.00 0.00 0.00
0.00 0.00 0.00 0.00 0.00 0.00 0.00 0.00 0.00 1.40 4.52 7.02 9.17 10.29 10.58 10.07 8.04 5.94 3.59 0.54 0.00 0.00 0.00 0.00
0.00 0.00 0.00 0.00 0.00 0.00 0.00 0.00 0.00 2.25 7.24 11.23 14.67 16.47 16.92 16.12 12.86 9.50 5.75 0.86 0.00 0.00 0.00 0.00
0.00 0.00 0.00 0.00 0.00 0.00 0.00 0.00 0.00 39.48 159.40 252.70 344.62 391.29 419.24 403.36 356.88 261.43 165.53 34.84 0.00 0.00 0.00 0.00
