0.00 0.00 0.00 0.00 0.00 0.00 0.00 0.00 0.66 1.58 2.64 3.56 4.21 4.54 4.57 4.41 3.76 3.05 2.09 0.93 0.21 0.00 0.00 0.00
0.00 0.00 0.00 0.00 0.00 0.00 0.00 0.00 15.53 32.33 48.70 62.26 72.65 77.23 76.56 71.24 54.16 41.45 27.22 9.41 0.00 0.00 0.00 0.00
0.00 0.00 0.00 0.00 0.00 0.00 0.00 0.00 14.98 36.11 60.48 81.49 96.30 103.85 104.49 100.78 85.93 69.81 47.86 21.15 4.81 0.00 0.00 0.00
0.00 0.00 0.00 0.00 0.00 0.00 0.00 0.00 53.24 128.34 214.94 289.60 342.25 369.08 371.33 358.15 305.39 248.12 170.09 75.17 17.11 0.00 0.00 0.00
0.00 0.00 0.00 0.00 0.00 0.00 0.00 0.19 3.11 5.83 6.92 8.80 10.01 8.09 7.88 7.23 9.70 7.37 4.56 1.25 0.00 0.00 0.00 0.00
0.00 0.00 0.00 0.00 0.00 0.00 0.00 0.00 100.76 260.91 451.78 613.77 742.23 786.02 816.41 812.71 653.35 528.90 358.52 171.65 43.23 0.00 0.00 0.00
0.00 0.00 0.00 0.00 0.00 0.00 0.00 0.00 1.76 3.43 5.09 6.65 7.73 7.86 7.76 7.26 5.02 3.82 2.44 0.93 0.01 0.00 0.00 0.00
0.00 0.00 0.00 0.00 0.00 0.00 0.00 0.00 0.93 1.90 2.81 3.68 4.27 3.62 3.52 3.34 2.19 1.70 1.12 0.31 0.00 0.00 0.00 0.00
0.00 0.00 0.00 0.00 0.00 0.00 0.00 0.00 1.48 3.04 4.50 5.88 6.84 5.79 5.63 5.34 3.51 2.72 1.79 0.49 0.00 0.00 0.00 0.00
0.00 0.00 0.00 0.00 0.00 0.00 0.00 0.00 1.48 3.04 4.50 5.88 6.84 5.79 5.63 5.34 3.51 2.72 1.79 0.49 0.00 0.00 0.00 0.00
0.00 0.00 0.00 0.00 0.00 0.00 0.00 0.00 3.41 7.20 11.80 15.77 18.31 18.50 18.46 17.37 10.91 8.48 5.33 1.97 0.07 0.00 0.00 0.00
0.00 0.00 0.00 0.00 0.00 0.00 0.00 0.00 1.59 3.36 5.53 7.40 8.57 8.54 8.51 7.96 5.29 4.13 2.59 0.96 0.03 0.00 0.00 0.00
0.00 0.00 0.00 0.00 0.00 0.00 0.00 0.00 2.05 4.32 7.11 9.52 11.02 10.98 10.94 10.23 6.80 5.31 3.33 1.23 0.04 0.00 0.00 0.00
0.00 0.00 0.00 0.00 0.00 0.00 0.00 0.00 1.37 2.88 4.74 6.35 7.34 7.32 7.30 6.82 4.53 3.54 2.22 0.82 0.03 0.00 0.00 0.00
0.00 0.00 0.00 0.00 0.00 0.00 0.00 0.00 1.37 2.88 4.74 6.35 7.34 7.32 7.30 6.82 4.53 3.54 2.22 0.82 0.03 0.00 0.00 0.00
0.00 0.00 0.00 0.00 0.00 0.00 0.00 0.00 16.87 38.67 63.70 84.70 98.81 105.70 105.05 98.53 63.02 48.44 31.52 13.07 0.51 0.00 0.00 0.00
0.00 0.00 0.00 0.00 0.00 0.00 0.00 0.00 10.53 21.88 35.12 47.03 54.70 54.33 54.21 50.22 30.26 23.49 14.99 6.09 0.15 0.00 0.00 0.00
0.00 0.00 0.00 0.00 0.00 0.00 0.00 0.00 8.91 18.64 30.15 40.41 46.50 47.51 47.25 44.25 27.61 21.54 13.74 5.74 0.32 0.00 0.00 0.00
0.00 0.00 0.00 0.00 0.00 0.00 0.00 0.00 29.72 76.96 133.26 181.04 218.93 231.85 240.81 239.72 192.71 156.01 105.75 50.63 12.75 0.00 0.00 0.00
0.00 0.00 0.00 0.00 0.00 0.00 0.00 0.00 28.27 73.21 126.76 172.21 208.25 220.54 229.06 228.03 183.31 148.40 100.59 48.16 12.13 0.00 0.00 0.00
0.00 0.00 0.00 0.00 0.00 0.00 0.00 0.00 54.37 140.78 243.76 331.17 400.48 424.11 440.51 438.51 352.53 285.38 193.45 92.62 23.32 0.00 0.00 0.00
0.00 0.00 0.00 0.00 0.00 0.00 0.00 0.00 53.46 138.43 239.70 325.65 393.81 417.04 433.17 431.20 346.65 280.62 190.22 91.07 22.93 0.00 0.00 0.00
0.00 0.00 0.00 0.00 0.00 0.00 0.00 0.00 64.41 155.68 272.35 372.69 451.35 497.76 511.93 490.26 440.34 346.41 235.76 110.44 27.31 0.00 0.00 0.00
0.00 0.00 0.00 0.00 0.00 0.00 0.00 0.00 0.93 1.90 2.81 3.68 4.27 3.62 3.52 3.34 2.19 1.70 1.12 0.31 0.00 0.00 0.00 0.00
0.00 0.00 0.00 0.00 0.00 0.00 0.00 0.00 4.70 9.63 14.26 18.63 21.65 18.34 17.83 16.91 11.11 8.62 5.65 1.56 0.00 0.00 0.00 0.00
0.00 0.00 0.00 0.00 0.00 0.00 0.00 0.00 23.99 49.15 72.80 95.09 110.52 93.63 91.01 86.35 56.72 44.03 28.86 7.99 0.00 0.00 0.00 0.00
0.00 0.00 0.00 0.00 0.00 0.00 0.00 0.00 2.03 5.26 9.10 12.36 14.95 15.83 16.45 16.37 13.16 10.65 7.22 3.46 0.87 0.00 0.00 0.00
0.00 0.00 0.00 0.00 0.00 0.00 0.00 0.00 52.41 126.34 211.59 285.08 336.91 363.33 365.55 352.57 300.63 244.25 167.44 74.00 16.84 0.00 0.00 0.00
0.00 0.00 0.00 0.00 0.00 0.00 0.00 0.00 4.47 10.37 17.42 23.90 28.50 31.11 30.79 28.90 17.66 13.91 9.16 4.47 0.61 0.00 0.00 0.00
0.00 0.00 0.00 0.00 0.00 0.00 0.00 0.00 29.16 63.43 105.12 143.27 170.13 180.89 182.31 172.46 148.72 118.20 79.90 32.38 5.73 0.00 0.00 0.00
0.00 0.00 0.00 0.00 0.00 0.00 0.00 0.00 0.87 2.11 3.53 4.75 5.62 6.06 6.09 5.88 5.01 4.07 2.79 1.23 0.28 0.00 0.00 0.00
0.00 0.00 0.00 0.00 0.00 0.00 0.00 0.00 39.31 94.75 158.69 213.81 252.69 272.50 274.16 264.43 225.47 183.19 125.58 55.50 12.63 0.00 0.00 0.00
0.00 0.00 0.00 0.00 0.00 0.00 0.00 0.00 50.44 121.60 203.65 274.39 324.28 349.71 351.84 339.35 289.35 235.09 161.16 71.23 16.21 0.00 0.00 0.00
0.00 0.00 0.00 0.00 0.00 0.00 0.00 0.00 84.94 205.31 359.16 491.49 595.22 656.42 675.10 646.53 580.69 456.83 310.90 145.65 36.02 0.00 0.00 0.00
0.00 0.00 0.00 0.00 0.00 0.00 0.00 0.00 2.36 5.07 8.62 11.58 13.43 14.32 14.25 13.23 7.91 5.96 3.93 1.69 0.08 0.00 0.00 0.00
0.00 0.00 0.00 0.00 0.00 0.00 0.00 0.00 3.00 6.44 10.87 14.58 16.93 17.60 17.54 16.31 10.54 7.98 5.18 2.14 0.09 0.00 0.00 0.00
0.00 0.00 0.00 0.00 0.00 0.00 0.00 0.00 18.43 42.79 71.87 98.58 117.54 128.35 127.03 119.21 72.87 57.38 37.78 18.43 2.52 0.00 0.00 0.00
0.00 0.00 0.00 0.00 0.00 0.00 0.00 0.00 63.90 158.31 264.52 366.95 447.92 499.92 506.88 474.72 445.79 356.79 245.72 123.72 38.97 0.00 0.00 0.00
0.00 0.00 0.00 0.00 0.00 0.00 0.00 0.00 0.84 1.73 2.78 3.70 4.26 4.02 4.03 3.77 2.47 1.86 1.22 0.53 0.00 0.00 0.00 0.00
0.00 0.00 0.00 0.00 0.00 0.00 0.00 0.00 13.28 30.73 52.39 71.23 85.91 93.80 94.94 90.71 75.53 59.40 40.70 18.20 3.79 0.00 0.00 0.00
0.00 0.00 0.00 0.00 0.00 0.00 0.00 0.00 3.17 9.03 16.01 22.41 27.06 23.90 24.52 23.88 16.75 13.06 9.18 8.02 2.28 0.00 0.00 0.00
0.00 0.00 0.00 0.00 0.00 0.00 0.00 0.05 2.11 4.05 5.84 7.63 8.82 8.65 8.61 8.07 5.41 4.16 2.62 1.14 0.00 0.00 0.00 0.00
0.00 0.00 0.00 0.00 0.00 0.00 0.00 0.03 1.06 2.03 2.92 3.82 4.41 4.33 4.30 4.03 2.70 2.08 1.31 0.57 0.00 0.00 0.00 0.00
0.00 0.00 0.00 0.00 0.00 0.00 0.00 0.06 2.31 4.43 6.38 8.35 9.65 9.46 9.41 8.83 5.92 4.55 2.86 1.24 0.00 0.00 0.00 0.00
0.00 0.00 0.00 0.00 0.00 0.00 0.00 0.04 2.76 5.33 8.33 10.82 12.63 12.53 12.30 11.58 8.73 6.63 4.18 1.61 0.00 0.00 0.00 0.00
0.00 0.00 0.00 0.00 0.00 0.00 0.00 0.06 4.21 8.13 12.69 16.48 19.24 19.10 18.75 17.64 13.31 10.11 6.37 2.45 0.00 0.00 0.00 0.00
0.00 0.00 0.00 0.00 0.00 0.00 0.00 0.00 3.60 7.03 10.85 14.03 16.37 16.01 15.72 14.80 9.89 7.59 4.91 1.81 0.02 0.00 0.00 0.00
0.00 0.00 0.00 0.00 0.00 0.00 0.00 0.00 2.60 5.41 8.48 11.57 13.69 13.19 13.35 12.74 10.41 8.12 5.35 2.32 0.33 0.00 0.00 0.00
0.00 0.00 0.00 0.00 0.00 0.00 0.00 0.00 6.73 13.97 21.90 29.88 35.36 34.07 34.48 32.90 26.90 20.97 13.81 5.99 0.85 0.00 0.00 0.00
0.00 0.00 0.00 0.00 0.00 0.00 0.00 0.00 1.69 3.60 5.65 7.71 9.18 8.99 8.95 8.38 6.91 5.38 3.63 1.50 0.22 0.00 0.00 0.00
0.00 0.00 0.00 0.00 0.00 0.00 0.00 0.00 3.96 7.89 12.30 16.17 18.56 16.16 16.11 14.78 11.56 8.78 5.55 2.35 0.00 0.00 0.00 0.00
0.00 0.00 0.00 0.00 0.00 0.00 0.00 0.00 6.54 12.95 20.73 27.40 31.67 29.46 29.74 27.80 21.21 16.17 10.22 4.08 0.00 0.00 0.00 0.00
0.00 0.00 0.00 0.00 0.00 0.00 0.00 0.06 0.99 1.85 2.24 2.85 3.23 2.27 2.19 2.04 2.57 1.95 1.21 0.48 0.00 0.00 0.00 0.00
0.00 0.00 0.00 0.00 0.00 0.00 0.00 0.00 5.29 10.29 11.06 14.09 15.87 21.76 20.90 19.47 16.58 12.64 8.04 2.61 0.00 0.00 0.00 0.00
0.00 0.00 0.00 0.00 0.00 0.00 0.00 0.09 3.57 6.83 7.39 9.39 10.54 9.79 9.31 8.82 11.48 8.68 5.51 1.79 0.00 0.00 0.00 0.00
0.00 0.00 0.00 0.00 0.00 0.00 0.00 0.12 4.93 9.42 10.20 12.95 14.54 13.51 12.85 12.17 15.84 11.98 7.61 2.47 0.00 0.00 0.00 0.00
0.00 0.00 0.00 0.00 0.00 0.00 0.00 0.08 3.36 6.42 6.95 8.82 9.91 9.20 8.75 8.29 10.79 8.16 5.18 1.69 0.00 0.00 0.00 0.00
0.00 0.00 0.00 0.00 0.00 0.00 0.00 0.00 2.82 5.49 5.90 7.52 8.46 11.60 11.15 10.38 8.85 6.74 4.29 1.39 0.00 0.00 0.00 0.00
0.00 0.00 0.00 0.00 0.00 0.00 0.00 0.14 2.78 5.25 5.77 7.31 8.31 6.47 6.38 5.93 7.30 5.56 3.44 1.25 0.00 0.00 0.00 0.00
0.00 0.00 0.00 0.00 0.00 0.00 0.00 0.00 2.66 5.45 8.07 10.54 12.25 10.38 10.09 9.57 6.29 4.88 3.20 0.88 0.00 0.00 0.00 0.00
0.00 0.00 0.00 0.00 0.00 0.00 0.00 0.00 21.96 50.34 82.91 110.25 128.61 137.57 136.73 128.24 82.02 63.05 41.03 17.01 0.66 0.00 0.00 0.00
0.00 0.00 0.00 0.00 0.00 0.00 0.00 0.00 3.87 8.16 13.37 17.87 20.75 20.97 20.92 19.69 12.37 9.61 6.04 2.24 0.08 0.00 0.00 0.00
0.00 0.00 0.00 0.00 0.00 0.00 0.00 0.00 5.75 11.78 18.93 25.23 29.53 25.42 25.35 23.44 17.13 12.98 8.32 3.90 0.00 0.00 0.00 0.00
0.00 0.00 0.00 0.00 0.00 0.00 0.00 0.00 2.63 5.40 8.68 11.56 13.54 11.65 11.62 10.74 7.85 5.95 3.81 1.79 0.00 0.00 0.00 0.00
0.00 0.00 0.00 0.00 0.00 0.00 0.00 0.00 4.81 10.13 16.53 22.03 25.62 26.05 25.97 24.44 14.96 11.61 7.32 2.70 0.10 0.00 0.00 0.00
0.00 0.00 0.00 0.00 0.00 0.00 0.00 0.00 2.05 4.20 6.76 8.98 10.34 9.77 9.79 9.15 6.00 4.53 2.96 1.28 0.01 0.00 0.00 0.00
0.00 0.00 0.00 0.00 0.00 0.00 0.00 0.00 19.08 44.30 74.41 102.07 121.70 132.88 131.52 123.42 75.44 59.41 39.12 19.08 2.61 0.00 0.00 0.00
0.00 0.00 0.00 0.00 0.00 0.00 0.00 0.00 6.97 15.17 25.14 34.26 40.68 43.26 43.59 41.24 35.56 28.26 19.11 7.74 1.37 0.00 0.00 0.00
0.00 0.00 0.00 0.00 0.00 0.00 0.00 0.00 1.58 3.46 5.66 7.66 9.29 8.32 8.25 7.80 7.43 5.88 3.98 1.42 0.25 0.00 0.00 0.00
0.00 0.00 0.00 0.00 0.00 0.00 0.00 0.00 1.89 4.17 6.74 9.00 10.48 8.64 8.77 8.44 8.98 7.11 4.77 1.54 0.25 0.00 0.00 0.00
0.00 0.00 0.00 0.00 0.00 0.00 0.00 0.00 3.02 6.67 10.79 14.40 16.76 13.83 14.04 13.51 14.37 11.38 7.63 2.46 0.40 0.00 0.00 0.00
0.00 0.00 0.00 0.00 0.00 0.00 0.00 0.00 55.27 143.13 247.83 336.69 407.16 431.18 447.85 445.82 358.40 290.13 196.67 94.16 23.71 0.00 0.00 0.00
