0.00 0.00 0.00 0.00 0.00 0.00 0.00 0.00 0.00 0.19 1.26 2.10 2.97 3.57 3.75 3.57 3.04 2.15 1.24 0.08 0.00 0.00 0.00 0.00
0.00 0.00 0.00 0.00 0.00 0.00 0.00 0.00 0.00 6.17 16.79 25.38 33.28 52.97 53.58 51.40 47.58 33.68 18.03 0.05 0.00 0.00 0.00 0.00
0.00 0.00 0.00 0.00 0.00 0.00 0.00 0.00 0.00 4.30 28.72 47.94 67.87 81.74 85.84 81.73 69.46 49.16 28.27 1.84 0.00 0.00 0.00 0.00
0.00 0.00 0.00 0.00 0.00 0.00 0.00 0.00 0.00 15.27 102.06 170.39 241.21 290.49 305.08 290.46 246.86 174.70 100.46 6.55 0.00 0.00 0.00 0.00
0.00 0.00 0.00 0.00 0.00 0.00 0.00 0.00 0.00 1.05 4.35 6.37 8.20 9.55 9.74 8.90 6.43 4.49 2.12 0.00 0.00 0.00 0.00 0.00
0.00 0.00 0.00 0.00 0.00 0.00 0.00 0.00 0.00 31.22 236.79 399.97 572.71 704.35 741.91 701.52 598.57 428.32 254.42 25.93 0.00 0.00 0.00 0.00
0.00 0.00 0.00 0.00 0.00 0.00 0.00 0.00 0.00 0.71 2.49 3.80 5.09 5.93 6.08 5.59 4.54 3.22 1.56 0.00 0.00 0.00 0.00 0.00
0.00 0.00 0.00 0.00 0.00 0.00 0.00 0.00 0.00 0.35 1.24 1.86 2.43 3.32 3.48 3.29 2.52 1.79 0.94 0.00 0.00 0.00 0.00 0.00
0.00 0.00 0.00 0.00 0.00 0.00 0.00 0.00 0.00 0.56 1.98 2.97 3.89 5.31 5.57 5.26 4.04 2.86 1.51 0.00 0.00 0.00 0.00 0.00
0.00 0.00 0.00 0.00 0.00 0.00 0.00 0.00 0.00 0.56 1.98 2.97 3.89 5.31 5.57 5.26 4.04 2.86 1.51 0.00 0.00 0.00 0.00 0.00
0.00 0.00 0.00 0.00 0.00 0.00 0.00 0.00 0.00 1.34 5.19 7.93 10.79 12.90 13.55 12.99 10.95 7.96 4.29 0.03 0.00 0.00 0.00 0.00
0.00 0.00 0.00 0.00 0.00 0.00 0.00 0.00 0.00 0.59 2.42 3.69 5.10 6.15 6.40 6.11 5.21 3.73 2.01 0.01 0.00 0.00 0.00 0.00
0.00 0.00 0.00 0.00 0.00 0.00 0.00 0.00 0.00 0.75 3.11 4.75 6.56 7.91 8.23 7.85 6.70 4.80 2.58 0.02 0.00 0.00 0.00 0.00
0.00 0.00 0.00 0.00 0.00 0.00 0.00 0.00 0.00 0.50 2.08 3.17 4.37 5.28 5.48 5.24 4.47 3.20 1.72 0.01 0.00 0.00 0.00 0.00
0.00 0.00 0.00 0.00 0.00 0.00 0.00 0.00 0.00 0.50 2.08 3.17 4.37 5.28 5.48 5.24 4.47 3.20 1.72 0.01 0.00 0.00 0.00 0.00
0.00 0.00 0.00 0.00 0.00 0.00 0.00 0.00 0.00 9.30 30.85 47.18 66.20 78.68 82.64 79.64 68.81 48.93 28.08 1.68 0.00 0.00 0.00 0.00
0.00 0.00 0.00 0.00 0.00 0.00 0.00 0.00 0.00 4.57 16.17 24.65 32.95 38.84 40.88 38.84 33.39 23.70 12.57 0.00 0.00 0.00 0.00 0.00
0.00 0.00 0.00 0.00 0.00 0.00 0.00 0.00 0.00 3.89 13.90 21.42 28.60 34.60 35.81 33.96 28.29 20.52 10.89 0.00 0.00 0.00 0.00 0.00
0.00 0.00 0.00 0.00 0.00 0.00 0.00 0.00 0.00 9.21 69.84 117.98 168.93 207.76 218.84 206.92 176.56 126.34 75.04 7.65 0.00 0.00 0.00 0.00
0.00 0.00 0.00 0.00 0.00 0.00 0.00 0.00 0.00 8.76 66.44 112.22 160.69 197.62 208.16 196.83 167.95 120.18 71.38 7.28 0.00 0.00 0.00 0.00
0.00 0.00 0.00 0.00 0.00 0.00 0.00 0.00 0.00 16.84 127.76 215.81 309.02 380.05 400.31 378.52 322.97 231.11 137.28 13.99 0.00 0.00 0.00 0.00
0.00 0.00 0.00 0.00 0.00 0.00 0.00 0.00 0.00 16.56 125.64 212.22 303.87 373.71 393.64 372.21 317.59 227.26 134.99 13.76 0.00 0.00 0.00 0.00
0.00 0.00 0.00 0.00 0.00 0.00 0.00 0.00 0.00 15.80 128.24 217.59 306.49 374.11 390.32 369.45 313.55 223.02 127.85 8.17 0.00 0.00 0.00 0.00
0.00 0.00 0.00 0.00 0.00 0.00 0.00 0.00 0.00 0.35 1.24 1.86 2.43 3.32 3.48 3.29 2.52 1.79 0.94 0.00 0.00 0.00 0.00 0.00
0.00 0.00 0.00 0.00 0.00 0.00 0.00 0.00 0.00 1.76 6.27 9.41 12.32 16.82 17.65 16.66 12.78 9.06 4.77 0.00 0.00 0.00 0.00 0.00
0.00 0.00 0.00 0.00 0.00 0.00 0.00 0.00 0.00 8.97 32.00 48.02 62.89 85.87 90.11 85.06 65.26 46.24 24.35 0.00 0.00 0.00 0.00 0.00
0.00 0.00 0.00 0.00 0.00 0.00 0.00 0.00 0.00 0.63 4.77 8.06 11.54 14.19 14.94 14.13 12.06 8.63 5.13 0.52 0.00 0.00 0.00 0.00
0.00 0.00 0.00 0.00 0.00 0.00 0.00 0.00 0.00 15.03 100.47 167.73 237.45 285.96 300.32 285.93 243.01 171.98 98.90 6.45 0.00 0.00 0.00 0.00
0.00 0.00 0.00 0.00 0.00 0.00 0.00 0.00 0.00 1.89 8.16 12.92 17.53 21.42 23.24 22.56 19.33 14.83 8.47 0.51 0.00 0.00 0.00 0.00
0.00 0.00 0.00 0.00 0.00 0.00 0.00 0.00 0.00 9.39 51.28 83.45 115.23 134.17 137.50 128.93 107.64 78.65 42.42 0.04 0.00 0.00 0.00 0.00
0.00 0.00 0.00 0.00 0.00 0.00 0.00 0.00 0.00 0.25 1.67 2.80 3.96 4.77 5.01 4.77 4.05 2.87 1.65 0.11 0.00 0.00 0.00 0.00
0.00 0.00 0.00 0.00 0.00 0.00 0.00 0.00 0.00 11.28 75.35 125.80 178.09 214.47 225.24 214.45 182.26 128.98 74.17 4.84 0.00 0.00 0.00 0.00
0.00 0.00 0.00 0.00 0.00 0.00 0.00 0.00 0.00 14.47 96.70 161.44 228.55 275.24 289.06 275.21 233.90 165.53 95.19 6.21 0.00 0.00 0.00 0.00
0.00 0.00 0.00 0.00 0.00 0.00 0.00 0.00 0.00 20.84 169.12 286.95 404.18 493.36 514.73 487.21 413.50 294.11 168.60 10.77 0.00 0.00 0.00 0.00
0.00 0.00 0.00 0.00 0.00 0.00 0.00 0.00 0.00 0.87 3.64 5.58 7.78 9.70 10.43 9.84 8.36 5.98 3.27 0.07 0.00 0.00 0.00 0.00
0.00 0.00 0.00 0.00 0.00 0.00 0.00 0.00 0.00 1.11 4.60 7.03 9.83 12.10 12.89 12.24 10.36 7.39 4.03 0.06 0.00 0.00 0.00 0.00
0.00 0.00 0.00 0.00 0.00 0.00 0.00 0.00 0.00 7.81 33.64 53.28 72.32 88.37 95.89 93.08 79.75 61.16 34.94 2.10 0.00 0.00 0.00 0.00
0.00 0.00 0.00 0.00 0.00 0.00 0.00 0.00 0.00 1.54 109.45 199.51 279.77 345.69 370.87 353.57 297.42 214.18 122.99 8.36 0.00 0.00 0.00 0.00
0.00 0.00 0.00 0.00 0.00 0.00 0.00 0.00 0.00 0.38 1.26 1.91 2.57 3.02 3.15 3.01 2.57 1.84 0.96 0.00 0.00 0.00 0.00 0.00
0.00 0.00 0.00 0.00 0.00 0.00 0.00 0.00 0.00 4.09 25.56 42.32 59.32 71.44 73.57 68.91 58.76 42.30 23.75 0.85 0.00 0.00 0.00 0.00
0.00 0.00 0.00 0.00 0.00 0.00 0.00 0.00 0.00 0.91 8.73 15.13 21.75 26.60 28.73 27.14 22.85 16.75 10.30 1.45 0.00 0.00 0.00 0.00
0.00 0.00 0.00 0.00 0.00 0.00 0.00 0.00 0.00 0.86 2.93 4.44 5.91 6.83 6.85 6.31 5.09 3.59 1.70 0.00 0.00 0.00 0.00 0.00
0.00 0.00 0.00 0.00 0.00 0.00 0.00 0.00 0.00 0.43 1.46 2.22 2.96 3.41 3.42 3.16 2.55 1.80 0.85 0.00 0.00 0.00 0.00 0.00
0.00 0.00 0.00 0.00 0.00 0.00 0.00 0.00 0.00 0.94 3.20 4.86 6.47 7.47 7.49 6.90 5.57 3.93 1.86 0.00 0.00 0.00 0.00 0.00
0.00 0.00 0.00 0.00 0.00 0.00 0.00 0.00 0.00 1.14 3.82 5.79 7.62 8.98 9.13 8.55 7.00 4.95 2.37 0.00 0.00 0.00 0.00 0.00
0.00 0.00 0.00 0.00 0.00 0.00 0.00 0.00 0.00 1.73 5.82 8.82 11.61 13.68 13.91 13.03 10.66 7.54 3.62 0.00 0.00 0.00 0.00 0.00
0.00 0.00 0.00 0.00 0.00 0.00 0.00 0.00 0.00 1.43 5.07 7.74 10.51 12.25 12.33 11.31 9.30 6.60 3.21 0.00 0.00 0.00 0.00 0.00
0.00 0.00 0.00 0.00 0.00 0.00 0.00 0.00 0.00 0.85 4.10 6.57 8.98 10.35 10.50 9.98 8.36 6.04 3.12 0.00 0.00 0.00 0.00 0.00
0.00 0.00 0.00 0.00 0.00 0.00 0.00 0.00 0.00 2.18 10.58 16.97 23.21 26.72 27.12 25.77 21.60 15.59 8.06 0.00 0.00 0.00 0.00 0.00
0.00 0.00 0.00 0.00 0.00 0.00 0.00 0.00 0.00 0.60 2.89 4.62 6.28 7.16 7.27 6.89 5.66 4.12 2.18 0.00 0.00 0.00 0.00 0.00
0.00 0.00 0.00 0.00 0.00 0.00 0.00 0.00 0.00 1.79 5.74 8.61 11.34 13.34 13.79 13.09 10.95 7.84 3.99 0.00 0.00 0.00 0.00 0.00
0.00 0.00 0.00 0.00 0.00 0.00 0.00 0.00 0.00 2.81 9.40 14.23 19.23 22.88 23.55 21.78 18.28 13.08 6.54 0.00 0.00 0.00 0.00 0.00
0.00 0.00 0.00 0.00 0.00 0.00 0.00 0.00 0.00 0.37 1.29 1.89 2.42 2.80 2.84 2.64 1.81 1.27 0.60 0.00 0.00 0.00 0.00 0.00
0.00 0.00 0.00 0.00 0.00 0.00 0.00 0.00 0.00 1.87 7.21 10.66 14.05 17.08 17.26 15.94 10.95 7.75 3.85 0.00 0.00 0.00 0.00 0.00
0.00 0.00 0.00 0.00 0.00 0.00 0.00 0.00 0.00 1.35 5.15 7.63 9.89 11.45 11.60 10.71 7.25 5.06 2.46 0.00 0.00 0.00 0.00 0.00
0.00 0.00 0.00 0.00 0.00 0.00 0.00 0.00 0.00 1.87 7.11 10.53 13.65 15.80 16.01 14.77 10.00 6.99 3.39 0.00 0.00 0.00 0.00 0.00
0.00 0.00 0.00 0.00 0.00 0.00 0.00 0.00 0.00 1.27 4.84 7.17 9.30 10.76 10.91 10.06 6.81 4.76 2.31 0.00 0.00 0.00 0.00 0.00
0.00 0.00 0.00 0.00 0.00 0.00 0.00 0.00 0.00 1.00 3.84 5.68 7.49 9.11 9.21 8.50 5.84 4.13 2.05 0.00 0.00 0.00 0.00 0.00
0.00 0.00 0.00 0.00 0.00 0.00 0.00 0.00 0.00 0.85 3.99 5.88 7.43 8.72 8.96 8.22 6.09 4.27 2.04 0.00 0.00 0.00 0.00 0.00
0.00 0.00 0.00 0.00 0.00 0.00 0.00 0.00 0.00 0.99 3.55 5.32 6.97 9.52 9.99 9.43 7.23 5.12 2.70 0.00 0.00 0.00 0.00 0.00
0.00 0.00 0.00 0.00 0.00 0.00 0.00 0.00 0.00 12.10 40.15 61.41 86.16 102.41 107.57 103.65 89.56 63.68 36.55 2.19 0.00 0.00 0.00 0.00
0.00 0.00 0.00 0.00 0.00 0.00 0.00 0.00 0.00 1.52 5.88 8.99 12.23 14.61 15.36 14.72 12.41 9.03 4.86 0.03 0.00 0.00 0.00 0.00
0.00 0.00 0.00 0.00 0.00 0.00 0.00 0.00 0.00 2.50 8.81 13.29 18.15 21.74 22.37 21.33 17.93 12.87 6.75 0.00 0.00 0.00 0.00 0.00
0.00 0.00 0.00 0.00 0.00 0.00 0.00 0.00 0.00 1.15 4.04 6.09 8.32 9.96 10.25 9.78 8.22 5.90 3.09 0.00 0.00 0.00 0.00 0.00
0.00 0.00 0.00 0.00 0.00 0.00 0.00 0.00 0.00 1.98 7.32 11.20 15.14 17.99 18.84 18.06 15.23 11.14 5.99 0.02 0.00 0.00 0.00 0.00
0.00 0.00 0.00 0.00 0.00 0.00 0.00 0.00 0.00 0.91 3.07 4.65 6.25 7.34 7.66 7.30 6.23 4.47 2.34 0.00 0.00 0.00 0.00 0.00
0.00 0.00 0.00 0.00 0.00 0.00 0.00 0.00 0.00 8.08 34.83 55.17 74.88 91.49 99.28 96.37 82.57 63.32 36.17 2.17 0.00 0.00 0.00 0.00
0.00 0.00 0.00 0.00 0.00 0.00 0.00 0.00 0.00 2.25 12.26 19.96 27.55 32.08 32.88 30.83 25.74 18.81 10.14 0.01 0.00 0.00 0.00 0.00
0.00 0.00 0.00 0.00 0.00 0.00 0.00 0.00 0.00 0.53 2.82 4.58 6.30 7.47 7.62 7.14 5.95 4.33 2.35 0.02 0.00 0.00 0.00 0.00
0.00 0.00 0.00 0.00 0.00 0.00 0.00 0.00 0.00 0.71 3.49 5.62 7.74 9.33 9.71 9.15 7.63 5.50 3.01 0.04 0.00 0.00 0.00 0.00
0.00 0.00 0.00 0.00 0.00 0.00 0.00 0.00 0.00 1.14 5.58 9.00 12.38 14.92 15.54 14.63 12.21 8.80 4.81 0.06 0.00 0.00 0.00 0.00
0.00 0.00 0.00 0.00 0.00 0.00 0.00 0.00 0.00 17.12 129.89 219.41 314.17 386.38 406.98 384.83 328.35 234.96 139.56 14.23 0.00 0.00 0.00 0.00
