0.00 0.00 0.00 0.00 0.00 0.00 0.00 0.00 0.85 1.78 2.79 3.79 4.51 4.93 4.94 4.73 4.11 3.26 2.22 1.00 0.25 0.00 0.00 0.00
0.00 0.00 0.00 0.00 0.00 0.00 0.00 0.76 15.50 29.32 44.73 59.59 71.48 77.35 77.35 72.50 60.73 47.17 30.09 9.96 0.00 0.00 0.00 0.00
0.00 0.00 0.00 0.00 0.00 0.00 0.00 0.00 19.45 40.61 63.75 86.61 103.22 112.73 113.04 108.06 94.08 74.62 50.70 22.91 5.63 0.00 0.00 0.00
0.00 0.00 0.00 0.00 0.00 0.00 0.00 0.00 69.14 144.32 226.56 307.82 366.83 400.63 401.74 384.03 334.37 265.20 180.19 81.42 20.02 0.00 0.00 0.00
0.00 0.00 0.00 0.00 0.00 0.00 0.00 0.67 3.33 5.77 8.49 11.06 12.57 12.86 12.70 11.96 10.13 7.69 4.74 1.40 0.00 0.00 0.00 0.00
0.00 0.00 0.00 0.00 0.00 0.00 0.00 0.00 142.02 312.53 513.84 699.25 831.33 905.52 917.10 865.57 752.74 600.82 421.17 199.11 53.18 0.00 0.00 0.00
0.00 0.00 0.00 0.00 0.00 0.00 0.00 0.34 2.09 3.73 5.55 7.37 8.42 9.06 8.95 8.43 7.17 5.39 3.45 1.25 0.06 0.00 0.00 0.00
0.00 0.00 0.00 0.00 0.00 0.00 0.00 0.07 0.93 1.72 2.58 3.47 4.06 4.39 4.49 4.23 3.68 2.90 1.86 0.65 0.00 0.00 0.00 0.00
0.00 0.00 0.00 0.00 0.00 0.00 0.00 0.11 1.48 2.76 4.12 5.54 6.50 7.02 7.18 6.77 5.89 4.65 2.98 1.04 0.00 0.00 0.00 0.00
0.00 0.00 0.00 0.00 0.00 0.00 0.00 0.11 1.48 2.76 4.12 5.54 6.50 7.02 7.18 6.77 5.89 4.65 2.98 1.04 0.00 0.00 0.00 0.00
0.00 0.00 0.00 0.00 0.00 0.00 0.00 0.13 3.44 6.56 10.51 14.25 17.08 18.32 18.36 17.65 15.53 12.03 7.94 2.95 0.17 0.00 0.00 0.00
0.00 0.00 0.00 0.00 0.00 0.00 0.00 0.06 1.65 3.14 5.05 6.72 7.98 8.56 8.59 8.31 7.30 5.68 3.64 1.34 0.07 0.00 0.00 0.00
0.00 0.00 0.00 0.00 0.00 0.00 0.00 0.08 2.12 4.03 6.49 8.64 10.26 11.00 11.05 10.68 9.38 7.30 4.68 1.72 0.09 0.00 0.00 0.00
0.00 0.00 0.00 0.00 0.00 0.00 0.00 0.05 1.41 2.69 4.32 5.76 6.84 7.34 7.37 7.12 6.26 4.87 3.12 1.15 0.06 0.00 0.00 0.00
0.00 0.00 0.00 0.00 0.00 0.00 0.00 0.05 1.41 2.69 4.32 5.76 6.84 7.34 7.37 7.12 6.26 4.87 3.12 1.15 0.06 0.00 0.00 0.00
0.00 0.00 0.00 0.00 0.00 0.00 0.00 0.00 16.30 33.10 55.40 75.71 91.94 103.54 106.97 102.40 86.64 67.65 43.26 15.90 0.75 0.00 0.00 0.00
0.00 0.00 0.00 0.00 0.00 0.00 0.00 0.66 10.84 20.43 31.90 43.79 52.45 56.02 54.96 52.17 46.59 36.03 23.81 8.75 0.42 0.00 0.00 0.00
0.00 0.00 0.00 0.00 0.00 0.00 0.00 0.51 9.59 18.15 28.48 37.45 44.69 47.09 47.11 45.11 39.55 30.70 20.20 7.59 0.60 0.00 0.00 0.00
0.00 0.00 0.00 0.00 0.00 0.00 0.00 0.00 41.89 92.18 151.57 206.25 245.21 267.10 270.51 255.31 222.03 177.22 124.23 58.73 15.68 0.00 0.00 0.00
0.00 0.00 0.00 0.00 0.00 0.00 0.00 0.00 39.85 87.69 144.17 196.19 233.25 254.07 257.32 242.86 211.20 168.58 118.17 55.87 14.92 0.00 0.00 0.00
0.00 0.00 0.00 0.00 0.00 0.00 0.00 0.00 76.63 168.63 277.25 377.30 448.56 488.59 494.84 467.03 406.16 324.18 227.25 107.44 28.69 0.00 0.00 0.00
0.00 0.00 0.00 0.00 0.00 0.00 0.00 0.00 75.35 165.82 272.63 371.01 441.08 480.45 486.59 459.25 399.39 318.78 223.46 105.64 28.21 0.00 0.00 0.00
0.00 0.00 0.00 0.00 0.00 0.00 0.00 0.00 95.99 200.21 311.71 415.81 487.04 524.79 523.42 494.02 434.02 342.65 235.41 109.50 29.23 0.00 0.00 0.00
0.00 0.00 0.00 0.00 0.00 0.00 0.00 0.07 0.93 1.72 2.58 3.47 4.06 4.39 4.49 4.23 3.68 2.90 1.86 0.65 0.00 0.00 0.00 0.00
0.00 0.00 0.00 0.00 0.00 0.00 0.00 0.35 4.69 8.74 13.05 17.56 20.58 22.23 22.74 21.42 18.66 14.71 9.42 3.29 0.00 0.00 0.00 0.00
0.00 0.00 0.00 0.00 0.00 0.00 0.00 1.77 23.97 44.60 66.62 89.64 105.05 113.51 116.10 109.37 95.24 75.10 48.10 16.81 0.00 0.00 0.00 0.00
0.00 0.00 0.00 0.00 0.00 0.00 0.00 0.00 2.86 6.30 10.35 14.09 16.75 18.24 18.47 17.44 15.16 12.10 8.48 4.01 1.07 0.00 0.00 0.00
0.00 0.00 0.00 0.00 0.00 0.00 0.00 0.00 68.06 142.07 223.03 303.03 361.11 394.38 395.48 378.05 329.15 261.07 177.38 80.15 19.71 0.00 0.00 0.00
0.00 0.00 0.00 0.00 0.00 0.00 0.00 0.00 4.67 9.54 15.45 21.40 26.74 30.23 30.91 29.45 25.15 19.87 13.74 5.72 0.88 0.00 0.00 0.00
0.00 0.00 0.00 0.00 0.00 0.00 0.00 0.48 39.12 75.94 118.53 159.65 183.11 193.42 192.30 181.50 156.78 122.41 81.96 35.79 7.29 0.00 0.00 0.00
0.00 0.00 0.00 0.00 0.00 0.00 0.00 0.00 1.13 2.37 3.72 5.05 6.02 6.57 6.59 6.30 5.49 4.35 2.96 1.34 0.33 0.00 0.00 0.00
0.00 0.00 0.00 0.00 0.00 0.00 0.00 0.00 51.05 106.55 167.27 227.27 270.84 295.79 296.61 283.53 246.87 195.80 133.03 60.11 14.78 0.00 0.00 0.00
0.00 0.00 0.00 0.00 0.00 0.00 0.00 0.00 65.51 136.74 214.67 291.66 347.57 379.59 380.65 363.87 316.81 251.28 170.73 77.15 18.97 0.00 0.00 0.00
0.00 0.00 0.00 0.00 0.00 0.00 0.00 0.00 126.58 264.03 411.07 548.35 642.28 692.07 690.26 651.48 572.37 451.87 310.44 144.41 38.55 0.00 0.00 0.00
0.00 0.00 0.00 0.00 0.00 0.00 0.00 0.02 2.48 4.79 7.69 10.38 12.28 13.39 13.70 13.05 11.33 8.81 5.77 2.15 0.14 0.00 0.00 0.00
0.00 0.00 0.00 0.00 0.00 0.00 0.00 0.04 3.12 6.02 9.67 13.08 15.49 16.86 17.07 16.38 14.23 11.00 7.23 2.67 0.17 0.00 0.00 0.00
0.00 0.00 0.00 0.00 0.00 0.00 0.00 0.00 19.26 39.37 63.75 88.27 110.31 124.72 127.51 121.48 103.74 81.97 56.70 23.61 3.63 0.00 0.00 0.00
0.00 0.00 0.00 0.00 0.00 0.00 0.00 0.00 91.86 194.77 297.38 388.64 468.73 492.53 491.76 463.62 437.56 356.36 253.11 130.83 44.03 0.00 0.00 0.00
0.00 0.00 0.00 0.00 0.00 0.00 0.00 0.07 0.89 1.65 2.56 3.48 4.14 4.46 4.38 4.06 3.57 2.79 1.83 0.65 0.02 0.00 0.00 0.00
0.00 0.00 0.00 0.00 0.00 0.00 0.00 0.00 17.78 36.02 57.25 76.22 90.66 97.92 98.62 92.34 80.86 64.45 43.28 19.40 4.47 0.00 0.00 0.00
0.00 0.00 0.00 0.00 0.00 0.00 0.00 0.00 4.91 11.56 18.66 25.69 30.80 33.41 32.84 31.07 27.91 22.70 15.93 7.88 2.33 0.00 0.00 0.00
0.00 0.00 0.00 0.00 0.00 0.00 0.00 0.45 2.46 4.35 6.36 8.45 9.76 10.36 10.26 9.53 8.28 6.21 3.94 1.39 0.04 0.00 0.00 0.00
0.00 0.00 0.00 0.00 0.00 0.00 0.00 0.22 1.23 2.18 3.18 4.22 4.88 5.18 5.13 4.77 4.14 3.10 1.97 0.70 0.02 0.00 0.00 0.00
0.00 0.00 0.00 0.00 0.00 0.00 0.00 0.49 2.70 4.76 6.95 9.24 10.68 11.33 11.22 10.42 9.06 6.79 4.31 1.52 0.04 0.00 0.00 0.00
0.00 0.00 0.00 0.00 0.00 0.00 0.00 0.54 3.15 5.58 8.29 11.13 12.97 13.85 13.62 12.69 10.92 8.10 5.18 1.80 0.04 0.00 0.00 0.00
0.00 0.00 0.00 0.00 0.00 0.00 0.00 0.83 4.79 8.50 12.64 16.96 19.77 21.10 20.76 19.34 16.63 12.34 7.90 2.75 0.06 0.00 0.00 0.00
0.00 0.00 0.00 0.00 0.00 0.00 0.00 0.66 4.19 7.50 11.21 14.89 17.22 18.43 18.30 16.99 14.54 11.02 7.09 2.60 0.13 0.00 0.00 0.00
0.00 0.00 0.00 0.00 0.00 0.00 0.00 0.24 3.09 5.81 9.43 12.42 14.67 15.66 15.24 14.24 12.41 9.70 6.36 2.65 0.46 0.00 0.00 0.00
0.00 0.00 0.00 0.00 0.00 0.00 0.00 0.62 7.97 15.00 24.36 32.08 37.91 40.44 39.37 36.79 32.07 25.07 16.43 6.84 1.18 0.00 0.00 0.00
0.00 0.00 0.00 0.00 0.00 0.00 0.00 0.09 2.12 4.04 6.27 8.44 9.95 10.61 10.43 9.83 8.42 6.46 4.25 1.80 0.31 0.00 0.00 0.00
0.00 0.00 0.00 0.00 0.00 0.00 0.00 0.49 4.20 7.65 11.60 15.38 18.21 19.53 19.22 17.87 15.04 11.79 7.63 2.62 0.00 0.00 0.00 0.00
0.00 0.00 0.00 0.00 0.00 0.00 0.00 1.02 7.58 13.71 20.60 27.17 31.69 33.44 33.15 31.24 27.33 21.00 13.19 4.59 0.12 0.00 0.00 0.00
0.00 0.00 0.00 0.00 0.00 0.00 0.00 0.20 1.01 1.75 2.60 3.39 3.89 3.98 3.91 3.75 3.23 2.44 1.53 0.48 0.00 0.00 0.00 0.00
0.00 0.00 0.00 0.00 0.00 0.00 0.00 0.80 5.37 9.58 14.21 18.51 21.66 22.90 22.74 21.46 18.02 13.80 8.81 2.80 0.00 0.00 0.00 0.00
0.00 0.00 0.00 0.00 0.00 0.00 0.00 0.66 3.76 6.60 9.67 12.61 14.39 14.93 15.05 14.36 12.07 9.19 5.77 1.79 0.00 0.00 0.00 0.00
0.00 0.00 0.00 0.00 0.00 0.00 0.00 0.91 5.18 9.11 13.34 17.40 19.86 20.61 20.77 19.82 16.65 12.69 7.97 2.47 0.00 0.00 0.00 0.00
0.00 0.00 0.00 0.00 0.00 0.00 0.00 0.62 3.53 6.20 9.09 11.85 13.53 14.04 14.15 13.50 11.34 8.64 5.43 1.68 0.00 0.00 0.00 0.00
0.00 0.00 0.00 0.00 0.00 0.00 0.00 0.43 2.87 5.11 7.58 9.87 11.55 12.21 12.13 11.44 9.61 7.36 4.70 1.49 0.00 0.00 0.00 0.00
0.00 0.00 0.00 0.00 0.00 0.00 0.00 0.56 2.94 5.12 7.57 9.87 11.12 11.54 11.30 10.61 9.04 6.88 4.28 1.29 0.00 0.00 0.00 0.00
0.00 0.00 0.00 0.00 0.00 0.00 0.00 0.20 2.66 4.94 7.38 9.93 11.64 12.58 12.87 12.12 10.55 8.32 5.33 1.86 0.00 0.00 0.00 0.00
0.00 0.00 0.00 0.00 0.00 0.00 0.00 0.00 21.21 43.08 72.11 98.54 119.67 134.77 139.23 133.29 112.77 88.05 56.31 20.69 0.97 0.00 0.00 0.00
0.00 0.00 0.00 0.00 0.00 0.00 0.00 0.14 3.90 7.43 11.91 16.14 19.36 20.76 20.81 20.00 17.60 13.63 8.99 3.35 0.20 0.00 0.00 0.00
0.00 0.00 0.00 0.00 0.00 0.00 0.00 0.50 6.32 11.74 17.68 23.51 28.03 29.73 29.31 27.71 24.07 18.92 12.47 4.32 0.08 0.00 0.00 0.00
0.00 0.00 0.00 0.00 0.00 0.00 0.00 0.23 2.90 5.38 8.11 10.78 12.85 13.63 13.44 12.70 11.03 8.67 5.72 1.98 0.04 0.00 0.00 0.00
0.00 0.00 0.00 0.00 0.00 0.00 0.00 0.19 4.80 9.15 14.67 20.07 24.11 25.78 25.74 24.64 21.74 16.82 11.23 4.18 0.25 0.00 0.00 0.00
0.00 0.00 0.00 0.00 0.00 0.00 0.00 0.18 2.15 4.00 6.22 8.46 10.06 10.82 10.64 9.85 8.66 6.78 4.45 1.59 0.05 0.00 0.00 0.00
0.00 0.00 0.00 0.00 0.00 0.00 0.00 0.00 19.94 40.76 66.00 91.39 114.21 129.13 132.02 125.77 107.40 84.87 58.70 24.45 3.75 0.00 0.00 0.00
0.00 0.00 0.00 0.00 0.00 0.00 0.00 0.12 9.36 18.16 28.34 38.18 43.79 46.25 45.99 43.40 37.49 29.27 19.60 8.56 1.74 0.00 0.00 0.00
0.00 0.00 0.00 0.00 0.00 0.00 0.00 0.00 2.01 3.94 6.09 8.26 9.62 10.32 10.49 9.85 8.48 6.68 4.50 1.94 0.39 0.00 0.00 0.00
0.00 0.00 0.00 0.00 0.00 0.00 0.00 0.00 2.47 4.84 7.38 9.94 11.84 13.09 13.13 12.37 10.85 8.45 5.66 2.39 0.44 0.00 0.00 0.00
0.00 0.00 0.00 0.00 0.00 0.00 0.00 0.00 3.95 7.75 11.80 15.90 18.94 20.94 21.00 19.80 17.35 13.52 9.05 3.82 0.71 0.00 0.00 0.00
0.00 0.00 0.00 0.00 0.00 0.00 0.00 0.00 77.91 171.44 281.88 383.58 456.03 496.73 503.09 474.82 412.92 329.59 231.04 109.23 29.17 0.00 0.00 0.00
