0.00 0.00 0.00 0.00 0.00 0.00 0.00 0.00 0.75 1.66 2.71 3.61 4.24 4.66 4.69 4.54 4.10 3.37 2.36 1.15 0.39 0.00 0.00 0.00
0.00 0.00 0.00 0.00 0.00 0.00 0.00 0.00 16.91 33.50 52.15 66.32 77.29 87.21 86.72 81.11 68.01 52.78 35.62 13.57 1.44 0.00 0.00 0.00
0.00 0.00 0.00 0.00 0.00 0.00 0.00 0.00 17.22 37.92 62.02 82.58 96.92 106.57 107.28 103.76 93.80 77.09 54.05 26.37 8.80 0.00 0.00 0.00
0.00 0.00 0.00 0.00 0.00 0.00 0.00 0.00 61.20 134.78 220.41 293.47 344.44 378.73 381.26 368.74 333.37 273.99 192.09 93.73 31.29 0.00 0.00 0.00
0.00 0.00 0.00 0.00 0.00 0.00 0.00 0.50 3.40 6.10 9.20 11.57 13.05 13.25 12.91 11.89 11.48 8.89 5.70 1.90 0.01 0.00 0.00 0.00
0.00 0.00 0.00 0.00 0.00 0.00 0.00 0.00 117.84 275.41 462.13 620.94 746.51 824.09 856.44 854.71 795.12 650.83 450.69 228.71 80.02 0.00 0.00 0.00
0.00 0.00 0.00 0.00 0.00 0.00 0.00 0.21 1.96 3.61 5.68 7.34 8.49 9.10 8.98 8.42 7.44 5.73 3.77 1.53 0.27 0.00 0.00 0.00
0.00 0.00 0.00 0.00 0.00 0.00 0.00 0.00 1.02 1.98 2.96 3.85 4.47 5.28 5.13 4.88 4.37 3.42 2.29 0.87 0.11 0.00 0.00 0.00
0.00 0.00 0.00 0.00 0.00 0.00 0.00 0.00 1.63 3.16 4.74 6.16 7.15 8.45 8.21 7.81 6.99 5.46 3.66 1.40 0.17 0.00 0.00 0.00
0.00 0.00 0.00 0.00 0.00 0.00 0.00 0.00 1.63 3.16 4.74 6.16 7.15 8.45 8.21 7.81 6.99 5.46 3.66 1.40 0.17 0.00 0.00 0.00
0.00 0.00 0.00 0.00 0.00 0.00 0.00 0.00 3.76 7.48 12.02 15.97 18.50 18.76 18.74 17.71 17.46 13.71 8.83 3.55 0.65 0.00 0.00 0.00
0.00 0.00 0.00 0.00 0.00 0.00 0.00 0.00 1.76 3.49 5.62 7.48 8.65 8.83 8.81 8.27 8.33 6.57 4.22 1.67 0.30 0.00 0.00 0.00
0.00 0.00 0.00 0.00 0.00 0.00 0.00 0.00 2.26 4.49 7.23 9.62 11.12 11.35 11.33 10.63 10.71 8.45 5.43 2.15 0.39 0.00 0.00 0.00
0.00 0.00 0.00 0.00 0.00 0.00 0.00 0.00 1.51 2.99 4.82 6.41 7.41 7.57 7.55 7.09 7.14 5.63 3.62 1.43 0.26 0.00 0.00 0.00
0.00 0.00 0.00 0.00 0.00 0.00 0.00 0.00 1.51 2.99 4.82 6.41 7.41 7.57 7.55 7.09 7.14 5.63 3.62 1.43 0.26 0.00 0.00 0.00
0.00 0.00 0.00 0.00 0.00 0.00 0.00 0.00 18.67 40.30 65.10 86.07 100.23 113.01 112.54 105.96 92.15 71.64 47.72 21.13 3.65 0.00 0.00 0.00
0.00 0.00 0.00 0.00 0.00 0.00 0.00 0.00 11.60 22.76 35.80 47.65 55.30 59.92 59.85 55.63 51.05 40.07 26.19 10.64 1.87 0.00 0.00 0.00
0.00 0.00 0.00 0.00 0.00 0.00 0.00 0.00 9.89 19.48 30.83 41.01 47.05 50.76 50.55 47.51 42.48 33.50 21.90 9.10 1.82 0.00 0.00 0.00
0.00 0.00 0.00 0.00 0.00 0.00 0.00 0.00 34.76 81.24 136.31 183.15 220.19 243.08 252.62 252.11 234.53 191.97 132.94 67.46 23.60 0.00 0.00 0.00
0.00 0.00 0.00 0.00 0.00 0.00 0.00 0.00 33.06 77.27 129.66 174.22 209.45 231.22 240.30 239.81 223.09 182.61 126.45 64.17 22.45 0.00 0.00 0.00
0.00 0.00 0.00 0.00 0.00 0.00 0.00 0.00 63.58 148.60 249.35 335.04 402.79 444.66 462.11 461.17 429.02 351.17 243.18 123.41 43.17 0.00 0.00 0.00
0.00 0.00 0.00 0.00 0.00 0.00 0.00 0.00 62.52 146.13 245.19 329.45 396.08 437.24 454.41 453.49 421.87 345.31 239.13 121.35 42.45 0.00 0.00 0.00
0.00 0.00 0.00 0.00 0.00 0.00 0.00 0.00 78.55 172.22 279.31 377.54 454.03 503.37 518.25 497.98 455.76 362.98 252.84 125.56 44.07 0.00 0.00 0.00
0.00 0.00 0.00 0.00 0.00 0.00 0.00 0.00 1.02 1.98 2.96 3.85 4.47 5.28 5.13 4.88 4.37 3.42 2.29 0.87 0.11 0.00 0.00 0.00
0.00 0.00 0.00 0.00 0.00 0.00 0.00 0.00 5.15 10.01 15.00 19.50 22.63 26.76 26.01 24.72 22.13 17.31 11.59 4.42 0.54 0.00 0.00 0.00
0.00 0.00 0.00 0.00 0.00 0.00 0.00 0.00 26.29 51.12 76.60 99.54 115.56 136.63 132.76 126.18 112.98 88.35 59.17 22.58 2.76 0.00 0.00 0.00
0.00 0.00 0.00 0.00 0.00 0.00 0.00 0.00 2.37 5.55 9.31 12.51 15.04 16.60 17.25 17.22 16.02 13.11 9.08 4.61 1.61 0.00 0.00 0.00
0.00 0.00 0.00 0.00 0.00 0.00 0.00 0.00 60.24 132.68 216.98 288.89 339.07 372.83 375.31 363.00 328.17 269.72 189.10 92.27 30.80 0.00 0.00 0.00
0.00 0.00 0.00 0.00 0.00 0.00 0.00 0.00 5.06 10.93 17.93 24.42 29.04 31.87 31.58 29.74 27.03 21.51 14.47 6.54 1.68 0.00 0.00 0.00
0.00 0.00 0.00 0.00 0.00 0.00 0.00 0.00 33.78 68.05 110.64 149.11 175.97 191.15 192.61 182.61 162.59 130.84 90.66 41.78 12.48 0.00 0.00 0.00
0.00 0.00 0.00 0.00 0.00 0.00 0.00 0.00 1.00 2.21 3.62 4.81 5.65 6.21 6.26 6.05 5.47 4.50 3.15 1.54 0.51 0.00 0.00 0.00
0.00 0.00 0.00 0.00 0.00 0.00 0.00 0.00 45.18 99.51 162.73 216.67 254.30 279.62 281.49 272.25 246.13 202.29 141.83 69.20 23.10 0.00 0.00 0.00
0.00 0.00 0.00 0.00 0.00 0.00 0.00 0.00 57.98 127.70 208.84 278.06 326.35 358.85 361.24 349.38 315.87 259.61 182.01 88.81 29.65 0.00 0.00 0.00
0.00 0.00 0.00 0.00 0.00 0.00 0.00 0.00 103.58 227.12 368.34 497.88 598.75 663.82 683.45 656.71 601.04 478.68 333.43 165.59 58.12 0.00 0.00 0.00
0.00 0.00 0.00 0.00 0.00 0.00 0.00 0.00 2.60 5.26 8.76 11.71 13.56 14.54 14.49 13.52 12.90 9.81 6.62 2.71 0.51 0.00 0.00 0.00
0.00 0.00 0.00 0.00 0.00 0.00 0.00 0.00 3.31 6.67 11.04 14.73 17.08 17.75 17.73 16.55 16.25 12.42 8.26 3.36 0.63 0.00 0.00 0.00
0.00 0.00 0.00 0.00 0.00 0.00 0.00 0.00 20.86 45.09 73.98 100.75 119.78 131.45 130.27 122.67 111.51 88.71 59.69 26.96 6.91 0.00 0.00 0.00
0.00 0.00 0.00 0.00 0.00 0.00 0.00 0.00 75.94 169.08 275.40 378.50 460.54 510.15 518.42 487.78 362.88 293.92 207.02 115.89 47.06 0.00 0.00 0.00
0.00 0.00 0.00 0.00 0.00 0.00 0.00 0.01 0.93 1.80 2.84 3.75 4.31 4.68 4.69 4.39 3.96 3.01 2.02 0.80 0.13 0.00 0.00 0.00
0.00 0.00 0.00 0.00 0.00 0.00 0.00 0.00 15.88 33.71 54.16 72.77 87.18 95.34 96.57 92.53 82.20 65.42 45.88 21.95 7.02 0.00 0.00 0.00
0.00 0.00 0.00 0.00 0.00 0.00 0.00 0.00 3.72 9.45 16.27 22.58 27.17 28.38 29.04 28.26 28.86 22.73 16.30 8.83 3.29 0.00 0.00 0.00
0.00 0.00 0.00 0.00 0.00 0.00 0.00 0.31 2.34 4.26 6.48 8.40 9.64 10.23 10.18 9.57 8.36 6.51 4.22 1.69 0.28 0.00 0.00 0.00
0.00 0.00 0.00 0.00 0.00 0.00 0.00 0.15 1.17 2.13 3.24 4.20 4.82 5.12 5.09 4.78 4.18 3.25 2.11 0.85 0.14 0.00 0.00 0.00
0.00 0.00 0.00 0.00 0.00 0.00 0.00 0.33 2.56 4.66 7.09 9.18 10.55 11.19 11.13 10.46 9.14 7.12 4.61 1.85 0.30 0.00 0.00 0.00
0.00 0.00 0.00 0.00 0.00 0.00 0.00 0.36 3.05 5.58 8.60 11.07 12.87 13.76 13.50 12.74 11.27 8.67 5.62 2.23 0.36 0.00 0.00 0.00
0.00 0.00 0.00 0.00 0.00 0.00 0.00 0.56 4.65 8.51 13.10 16.87 19.62 20.96 20.58 19.41 17.18 13.21 8.56 3.39 0.54 0.00 0.00 0.00
0.00 0.00 0.00 0.00 0.00 0.00 0.00 0.41 4.00 7.39 11.55 14.79 17.17 18.31 17.97 16.95 15.09 11.72 7.78 3.21 0.58 0.00 0.00 0.00
0.00 0.00 0.00 0.00 0.00 0.00 0.00 0.05 2.98 5.76 8.97 12.10 14.23 15.12 15.29 14.62 13.10 10.34 6.98 3.13 0.86 0.00 0.00 0.00
0.00 0.00 0.00 0.00 0.00 0.00 0.00 0.12 7.69 14.88 23.17 31.25 36.75 39.07 39.50 37.76 33.85 26.71 18.04 8.08 2.22 0.00 0.00 0.00
0.00 0.00 0.00 0.00 0.00 0.00 0.00 0.00 1.94 3.85 5.99 8.08 9.56 10.26 10.20 9.56 8.47 6.67 4.62 2.11 0.58 0.00 0.00 0.00
0.00 0.00 0.00 0.00 0.00 0.00 0.00 0.23 4.35 8.23 12.59 16.45 18.85 20.55 20.47 18.81 17.19 13.20 8.54 3.26 0.46 0.00 0.00 0.00
0.00 0.00 0.00 0.00 0.00 0.00 0.00 0.53 7.22 13.54 21.21 27.82 32.05 33.96 34.27 32.10 28.30 21.83 14.17 5.58 0.89 0.00 0.00 0.00
0.00 0.00 0.00 0.00 0.00 0.00 0.00 0.16 1.08 1.93 2.90 3.66 4.11 4.45 4.28 3.98 3.47 2.68 1.72 0.62 0.02 0.00 0.00 0.00
0.00 0.00 0.00 0.00 0.00 0.00 0.00 0.49 5.76 10.68 16.43 20.70 23.15 26.50 25.53 23.91 21.94 16.95 11.09 3.88 0.27 0.00 0.00 0.00
0.00 0.00 0.00 0.00 0.00 0.00 0.00 0.45 3.87 7.06 10.89 13.67 15.22 16.90 16.07 15.26 14.53 11.18 7.34 2.53 0.11 0.00 0.00 0.00
0.00 0.00 0.00 0.00 0.00 0.00 0.00 0.61 5.34 9.74 15.03 18.87 21.01 23.33 22.18 21.06 20.06 15.43 10.13 3.49 0.16 0.00 0.00 0.00
0.00 0.00 0.00 0.00 0.00 0.00 0.00 0.42 3.64 6.64 10.24 12.85 14.31 15.89 15.11 14.35 13.66 10.51 6.90 2.38 0.11 0.00 0.00 0.00
0.00 0.00 0.00 0.00 0.00 0.00 0.00 0.26 3.07 5.69 8.76 11.04 12.35 14.13 13.62 12.75 11.70 9.04 5.91 2.07 0.14 0.00 0.00 0.00
0.00 0.00 0.00 0.00 0.00 0.00 0.00 0.40 3.00 5.43 8.09 10.14 11.44 12.10 11.93 11.12 10.53 8.17 5.23 1.78 0.03 0.00 0.00 0.00
0.00 0.00 0.00 0.00 0.00 0.00 0.00 0.00 2.91 5.67 8.49 11.03 12.81 15.14 14.71 13.98 12.52 9.79 6.56 2.50 0.31 0.00 0.00 0.00
0.00 0.00 0.00 0.00 0.00 0.00 0.00 0.00 24.30 52.45 84.73 112.03 130.45 147.09 146.48 137.91 119.94 93.25 62.11 27.50 4.76 0.00 0.00 0.00
0.00 0.00 0.00 0.00 0.00 0.00 0.00 0.00 4.26 8.48 13.62 18.10 20.97 21.26 21.24 20.07 19.79 15.54 10.00 4.02 0.74 0.00 0.00 0.00
0.00 0.00 0.00 0.00 0.00 0.00 0.00 0.04 6.33 12.27 19.26 25.52 29.84 33.69 33.59 31.13 28.70 21.98 14.43 5.57 0.86 0.00 0.00 0.00
0.00 0.00 0.00 0.00 0.00 0.00 0.00 0.02 2.90 5.62 8.83 11.70 13.67 15.44 15.39 14.27 13.16 10.08 6.61 2.56 0.39 0.00 0.00 0.00
0.00 0.00 0.00 0.00 0.00 0.00 0.00 0.00 5.30 10.53 16.85 22.32 25.91 26.61 26.58 25.10 24.25 19.01 12.28 4.99 0.92 0.00 0.00 0.00
0.00 0.00 0.00 0.00 0.00 0.00 0.00 0.03 2.26 4.37 6.89 9.10 10.46 11.36 11.39 10.67 9.61 7.32 4.91 1.95 0.32 0.00 0.00 0.00
0.00 0.00 0.00 0.00 0.00 0.00 0.00 0.00 21.60 46.68 76.60 104.31 124.02 136.10 134.88 127.01 115.46 91.85 61.80 27.91 7.16 0.00 0.00 0.00
0.00 0.00 0.00 0.00 0.00 0.00 0.00 0.00 8.08 16.27 26.46 35.66 42.08 45.71 46.06 43.67 38.88 31.29 21.68 9.99 2.99 0.00 0.00 0.00
0.00 0.00 0.00 0.00 0.00 0.00 0.00 0.00 1.84 3.74 5.92 7.92 9.55 10.39 10.27 9.70 8.69 6.97 4.84 2.23 0.66 0.00 0.00 0.00
0.00 0.00 0.00 0.00 0.00 0.00 0.00 0.00 2.32 4.75 7.65 10.09 11.68 12.56 12.69 12.18 10.81 8.69 5.99 2.74 0.78 0.00 0.00 0.00
0.00 0.00 0.00 0.00 0.00 0.00 0.00 0.00 3.72 7.61 12.23 16.15 18.69 20.09 20.30 19.49 17.30 13.90 9.59 4.38 1.24 0.00 0.00 0.00
0.00 0.00 0.00 0.00 0.00 0.00 0.00 0.00 64.64 151.08 253.51 340.62 409.51 452.07 469.81 468.86 436.17 357.02 247.23 125.46 43.89 0.00 0.00 0.00
