0.00 0.00 0.00 0.00 0.00 0.00 0.00 0.00 0.79 1.69 2.73 3.64 4.28 4.72 4.76 4.61 4.18 3.45 2.44 1.21 0.44 0.00 0.00 0.00
0.00 0.00 0.00 0.00 0.00 0.00 0.00 0.07 17.26 33.56 53.12 67.39 78.42 90.11 89.56 83.79 68.31 53.16 36.10 13.94 2.07 0.00 0.00 0.00
0.00 0.00 0.00 0.00 0.00 0.00 0.00 0.00 18.01 38.54 62.42 83.17 97.88 108.04 108.86 105.46 95.67 78.90 55.68 27.63 9.99 0.00 0.00 0.00
0.00 0.00 0.00 0.00 0.00 0.00 0.00 0.00 64.02 136.97 221.82 295.58 347.85 383.98 386.88 374.79 339.99 280.41 197.89 98.19 35.51 0.00 0.00 0.00
0.00 0.00 0.00 0.00 0.00 0.00 0.00 0.61 3.50 6.20 9.16 11.49 12.95 12.52 12.22 11.28 10.07 7.83 5.05 1.91 0.12 0.00 0.00 0.00
0.00 0.00 0.00 0.00 0.00 0.00 0.00 0.00 124.73 282.69 468.92 630.23 759.30 840.89 873.81 872.55 814.17 668.69 465.99 241.80 90.71 0.00 0.00 0.00
0.00 0.00 0.00 0.00 0.00 0.00 0.00 0.29 2.03 3.68 5.46 7.05 8.17 9.20 9.09 8.55 7.56 5.85 3.87 1.65 0.36 0.00 0.00 0.00
0.00 0.00 0.00 0.00 0.00 0.00 0.00 0.04 1.04 1.99 2.93 3.80 4.41 5.16 5.02 4.78 4.43 3.47 2.34 0.94 0.15 0.00 0.00 0.00
0.00 0.00 0.00 0.00 0.00 0.00 0.00 0.06 1.67 3.19 4.68 6.07 7.05 8.26 8.03 7.65 7.09 5.56 3.74 1.50 0.25 0.00 0.00 0.00
0.00 0.00 0.00 0.00 0.00 0.00 0.00 0.06 1.67 3.19 4.68 6.07 7.05 8.26 8.03 7.65 7.09 5.56 3.74 1.50 0.25 0.00 0.00 0.00
0.00 0.00 0.00 0.00 0.00 0.00 0.00 0.01 3.87 7.54 11.89 15.77 18.28 20.13 20.13 19.03 17.61 13.88 9.00 3.84 0.85 0.00 0.00 0.00
0.00 0.00 0.00 0.00 0.00 0.00 0.00 0.00 1.80 3.51 5.55 7.38 8.52 9.52 9.51 8.93 8.35 6.62 4.28 1.82 0.40 0.00 0.00 0.00
0.00 0.00 0.00 0.00 0.00 0.00 0.00 0.00 2.32 4.51 7.14 9.48 10.96 12.24 12.23 11.48 10.74 8.51 5.51 2.34 0.51 0.00 0.00 0.00
0.00 0.00 0.00 0.00 0.00 0.00 0.00 0.00 1.54 3.01 4.76 6.32 7.31 8.16 8.15 7.66 7.16 5.67 3.67 1.56 0.34 0.00 0.00 0.00
0.00 0.00 0.00 0.00 0.00 0.00 0.00 0.00 1.54 3.01 4.76 6.32 7.31 8.16 8.15 7.66 7.16 5.67 3.67 1.56 0.34 0.00 0.00 0.00
0.00 0.00 0.00 0.00 0.00 0.00 0.00 0.00 19.13 40.42 64.98 85.73 99.75 112.83 112.36 105.87 97.15 75.67 50.67 21.52 4.48 0.00 0.00 0.00
0.00 0.00 0.00 0.00 0.00 0.00 0.00 0.31 12.02 23.12 35.77 47.55 55.21 60.82 60.79 56.58 51.60 40.66 26.78 11.35 2.44 0.00 0.00 0.00
0.00 0.00 0.00 0.00 0.00 0.00 0.00 0.21 10.24 19.78 30.85 41.03 47.13 51.06 50.89 47.89 43.00 34.03 22.41 9.67 2.30 0.00 0.00 0.00
0.00 0.00 0.00 0.00 0.00 0.00 0.00 0.00 36.79 83.38 138.31 185.89 223.97 248.03 257.74 257.37 240.15 197.24 137.45 71.32 26.76 0.00 0.00 0.00
0.00 0.00 0.00 0.00 0.00 0.00 0.00 0.00 35.00 79.32 131.57 176.83 213.04 235.93 245.17 244.82 228.44 187.62 130.74 67.84 25.45 0.00 0.00 0.00
0.00 0.00 0.00 0.00 0.00 0.00 0.00 0.00 67.30 152.53 253.01 340.05 409.70 453.72 471.48 470.80 439.30 360.81 251.43 130.47 48.94 0.00 0.00 0.00
0.00 0.00 0.00 0.00 0.00 0.00 0.00 0.00 66.18 149.99 248.80 334.38 402.87 446.16 463.62 462.95 431.98 354.79 247.24 128.29 48.13 0.00 0.00 0.00
0.00 0.00 0.00 0.00 0.00 0.00 0.00 0.00 82.06 174.71 268.75 363.82 439.08 510.49 525.70 505.59 463.00 369.96 259.36 132.28 50.05 0.00 0.00 0.00
0.00 0.00 0.00 0.00 0.00 0.00 0.00 0.04 1.04 1.99 2.93 3.80 4.41 5.16 5.02 4.78 4.43 3.47 2.34 0.94 0.15 0.00 0.00 0.00
0.00 0.00 0.00 0.00 0.00 0.00 0.00 0.18 5.28 10.09 14.83 19.24 22.32 26.14 25.44 24.22 22.45 17.60 11.86 4.76 0.78 0.00 0.00 0.00
0.00 0.00 0.00 0.00 0.00 0.00 0.00 0.93 26.97 51.52 75.71 98.21 113.95 133.47 129.86 123.67 114.62 89.84 60.54 24.29 4.00 0.00 0.00 0.00
0.00 0.00 0.00 0.00 0.00 0.00 0.00 0.00 2.51 5.69 9.45 12.70 15.30 16.94 17.60 17.58 16.40 13.47 9.39 4.87 1.83 0.00 0.00 0.00
0.00 0.00 0.00 0.00 0.00 0.00 0.00 0.00 63.02 134.83 218.36 290.97 342.43 378.00 380.85 368.95 334.69 276.04 194.81 96.66 34.95 0.00 0.00 0.00
0.00 0.00 0.00 0.00 0.00 0.00 0.00 0.00 5.23 11.02 15.98 21.77 25.92 31.71 31.43 29.63 27.26 21.75 14.73 6.05 1.74 0.00 0.00 0.00
0.00 0.00 0.00 0.00 0.00 0.00 0.00 0.00 34.72 68.33 110.36 148.81 176.03 190.58 192.44 182.95 163.59 132.13 92.21 43.75 14.45 0.00 0.00 0.00
0.00 0.00 0.00 0.00 0.00 0.00 0.00 0.00 1.05 2.25 3.64 4.85 5.71 6.30 6.35 6.15 5.58 4.60 3.25 1.61 0.58 0.00 0.00 0.00
0.00 0.00 0.00 0.00 0.00 0.00 0.00 0.00 47.26 101.12 163.77 218.23 256.82 283.50 285.64 276.71 251.02 207.03 146.10 72.49 26.22 0.00 0.00 0.00
0.00 0.00 0.00 0.00 0.00 0.00 0.00 0.00 60.66 129.78 210.17 280.06 329.59 363.82 366.57 355.12 322.14 265.69 187.50 93.03 33.64 0.00 0.00 0.00
0.00 0.00 0.00 0.00 0.00 0.00 0.00 0.00 108.22 230.40 354.41 479.79 579.04 673.21 693.26 666.74 610.58 487.89 342.03 174.45 66.00 0.00 0.00 0.00
0.00 0.00 0.00 0.00 0.00 0.00 0.00 0.00 2.70 5.35 8.71 11.62 13.46 15.13 15.10 14.10 12.91 9.85 6.70 2.87 0.65 0.00 0.00 0.00
0.00 0.00 0.00 0.00 0.00 0.00 0.00 0.00 3.43 6.78 10.91 14.53 16.85 19.04 19.02 17.78 16.14 12.38 8.29 3.54 0.79 0.00 0.00 0.00
0.00 0.00 0.00 0.00 0.00 0.00 0.00 0.00 21.56 45.47 65.92 89.78 106.93 130.79 129.66 122.21 112.44 89.71 60.75 24.95 7.17 0.00 0.00 0.00
0.00 0.00 0.00 0.00 0.00 0.00 0.00 0.00 79.42 170.52 274.37 375.44 455.81 493.65 501.61 472.28 414.02 336.60 238.67 130.77 56.47 0.00 0.00 0.00
0.00 0.00 0.00 0.00 0.00 0.00 0.00 0.05 0.97 1.84 2.84 3.74 4.30 4.70 4.72 4.43 4.01 3.07 2.07 0.86 0.18 0.00 0.00 0.00
0.00 0.00 0.00 0.00 0.00 0.00 0.00 0.00 16.48 34.05 54.28 72.99 87.67 96.20 97.57 93.70 83.53 66.71 47.10 22.94 8.00 0.00 0.00 0.00
0.00 0.00 0.00 0.00 0.00 0.00 0.00 0.00 3.98 9.74 16.59 22.95 27.57 31.04 31.75 30.91 29.33 23.19 16.74 8.11 3.21 0.00 0.00 0.00
0.00 0.00 0.00 0.00 0.00 0.00 0.00 0.40 2.43 4.35 5.66 7.33 8.42 10.36 10.32 9.72 8.51 6.65 4.35 1.84 0.38 0.00 0.00 0.00
0.00 0.00 0.00 0.00 0.00 0.00 0.00 0.20 1.22 2.18 2.83 3.66 4.21 5.18 5.16 4.86 4.25 3.33 2.17 0.92 0.19 0.00 0.00 0.00
0.00 0.00 0.00 0.00 0.00 0.00 0.00 0.44 2.66 4.76 6.19 8.01 9.21 11.33 11.29 10.63 9.31 7.28 4.76 2.01 0.42 0.00 0.00 0.00
0.00 0.00 0.00 0.00 0.00 0.00 0.00 0.48 3.16 5.69 8.25 10.61 12.34 13.86 13.62 12.87 11.37 8.78 5.73 2.44 0.50 0.00 0.00 0.00
0.00 0.00 0.00 0.00 0.00 0.00 0.00 0.74 4.82 8.68 12.57 16.17 18.81 21.12 20.75 19.61 17.33 13.38 8.74 3.72 0.76 0.00 0.00 0.00
0.00 0.00 0.00 0.00 0.00 0.00 0.00 0.57 4.14 7.52 11.43 14.62 16.99 18.48 18.16 17.17 15.29 11.93 7.98 3.43 0.76 0.00 0.00 0.00
0.00 0.00 0.00 0.00 0.00 0.00 0.00 0.18 3.06 5.79 8.46 11.41 13.44 15.04 15.23 14.60 13.09 10.37 7.06 3.34 1.03 0.00 0.00 0.00
0.00 0.00 0.00 0.00 0.00 0.00 0.00 0.48 7.90 14.96 21.84 29.46 34.71 38.85 39.35 37.71 33.82 26.79 18.23 8.63 2.66 0.00 0.00 0.00
0.00 0.00 0.00 0.00 0.00 0.00 0.00 0.04 1.99 3.86 5.97 8.07 9.57 10.28 10.24 9.62 8.55 6.76 4.71 2.20 0.68 0.00 0.00 0.00
0.00 0.00 0.00 0.00 0.00 0.00 0.00 0.40 4.52 8.39 12.62 16.46 18.85 20.63 20.58 18.95 17.17 13.24 8.64 3.55 0.65 0.00 0.00 0.00
0.00 0.00 0.00 0.00 0.00 0.00 0.00 0.82 7.50 13.83 21.33 27.95 32.22 34.15 34.49 32.37 27.75 21.49 14.06 6.12 1.24 0.00 0.00 0.00
0.00 0.00 0.00 0.00 0.00 0.00 0.00 0.19 1.11 1.97 2.95 3.71 4.16 3.99 3.85 3.59 2.67 2.08 1.34 0.62 0.05 0.00 0.00 0.00
0.00 0.00 0.00 0.00 0.00 0.00 0.00 0.66 5.69 10.38 15.97 20.08 22.42 21.38 20.64 19.39 21.36 16.54 10.89 4.42 0.52 0.00 0.00 0.00
0.00 0.00 0.00 0.00 0.00 0.00 0.00 0.57 3.91 7.03 10.93 13.68 15.20 14.11 13.46 12.82 12.61 9.73 6.43 2.89 0.28 0.00 0.00 0.00
0.00 0.00 0.00 0.00 0.00 0.00 0.00 0.78 5.40 9.71 15.08 18.87 20.98 19.48 18.57 17.70 17.41 13.43 8.88 3.99 0.38 0.00 0.00 0.00
0.00 0.00 0.00 0.00 0.00 0.00 0.00 0.53 3.68 6.61 10.27 12.86 14.29 13.27 12.65 12.05 11.86 9.15 6.05 2.72 0.26 0.00 0.00 0.00
0.00 0.00 0.00 0.00 0.00 0.00 0.00 0.35 3.03 5.54 8.52 10.71 11.95 11.40 11.01 10.34 11.39 8.82 5.81 2.36 0.28 0.00 0.00 0.00
0.00 0.00 0.00 0.00 0.00 0.00 0.00 0.50 3.09 5.51 8.22 10.28 11.57 11.21 11.07 10.34 10.06 7.83 5.05 1.89 0.13 0.00 0.00 0.00
0.00 0.00 0.00 0.00 0.00 0.00 0.00 0.10 2.99 5.71 8.39 10.88 12.63 14.79 14.39 13.71 12.70 9.96 6.71 2.69 0.44 0.00 0.00 0.00
0.00 0.00 0.00 0.00 0.00 0.00 0.00 0.00 24.90 52.61 84.57 111.58 129.83 146.85 146.25 137.80 126.45 98.50 65.96 28.01 5.83 0.00 0.00 0.00
0.00 0.00 0.00 0.00 0.00 0.00 0.00 0.01 4.38 8.55 13.47 17.88 20.72 22.82 22.81 21.57 19.96 15.73 10.20 4.36 0.97 0.00 0.00 0.00
0.00 0.00 0.00 0.00 0.00 0.00 0.00 0.29 6.58 12.51 19.33 25.56 29.86 32.05 32.01 29.74 28.70 22.07 14.60 6.01 1.17 0.00 0.00 0.00
0.00 0.00 0.00 0.00 0.00 0.00 0.00 0.13 3.02 5.73 8.86 11.71 13.68 14.69 14.67 13.63 13.15 10.11 6.69 2.75 0.54 0.00 0.00 0.00
0.00 0.00 0.00 0.00 0.00 0.00 0.00 0.02 5.47 10.65 16.75 22.16 25.73 28.14 28.11 26.58 24.49 19.27 12.55 5.36 1.19 0.00 0.00 0.00
0.00 0.00 0.00 0.00 0.00 0.00 0.00 0.12 2.35 4.46 6.89 9.09 10.44 11.41 11.45 10.75 9.73 7.45 5.03 2.10 0.43 0.00 0.00 0.00
0.00 0.00 0.00 0.00 0.00 0.00 0.00 0.00 22.33 47.07 68.26 92.96 110.71 135.41 134.24 126.53 116.41 92.89 62.90 25.83 7.43 0.00 0.00 0.00
0.00 0.00 0.00 0.00 0.00 0.00 0.00 0.00 8.30 16.34 26.39 35.59 42.10 45.57 46.02 43.75 39.12 31.60 22.05 10.46 3.46 0.00 0.00 0.00
0.00 0.00 0.00 0.00 0.00 0.00 0.00 0.00 1.89 3.75 5.91 7.91 9.56 10.43 10.33 9.78 8.79 7.07 4.95 2.33 0.76 0.00 0.00 0.00
0.00 0.00 0.00 0.00 0.00 0.00 0.00 0.00 2.39 4.79 7.64 10.09 11.71 12.63 12.78 12.29 10.95 8.83 6.13 2.86 0.90 0.00 0.00 0.00
0.00 0.00 0.00 0.00 0.00 0.00 0.00 0.00 3.83 7.67 12.23 16.15 18.73 20.20 20.44 19.67 17.52 14.13 9.81 4.57 1.44 0.00 0.00 0.00
0.00 0.00 0.00 0.00 0.00 0.00 0.00 0.00 68.42 155.07 257.23 345.72 416.52 461.28 479.34 478.65 446.62 366.82 255.62 132.64 49.76 0.00 0.00 0.00
