0.00 0.00 0.00 0.00 0.00 0.00 0.00 0.15 0.86 1.54 2.72 3.58 4.29 4.96 5.07 4.80 4.24 3.41 2.34 0.86 0.33 0.00 0.00 0.00
0.00 0.00 0.00 0.00 0.00 0.00 0.00 4.84 19.40 33.09 48.25 63.71 75.64 82.98 83.47 78.31 66.61 51.88 34.31 13.76 2.34 0.00 0.00 0.00
0.00 0.00 0.00 0.00 0.00 0.00 0.00 3.38 19.56 35.21 62.12 81.96 98.15 113.52 115.88 109.72 97.05 78.02 53.45 19.77 7.55 0.00 0.00 0.00
0.00 0.00 0.00 0.00 0.00 0.00 0.00 12.02 69.53 125.15 220.77 291.29 348.81 403.45 411.83 389.92 344.91 277.30 189.96 70.25 26.83 0.00 0.00 0.00
0.00 0.00 0.00 0.00 0.00 0.00 0.00 1.41 3.95 6.40 9.37 11.93 13.57 14.75 14.73 13.44 11.35 8.62 5.51 2.07 0.21 0.00 0.00 0.00
0.00 0.00 0.00 0.00 0.00 0.00 0.00 17.86 167.08 311.58 536.80 711.68 851.69 775.00 784.34 738.59 617.59 484.52 339.79 144.02 56.42 0.00 0.00 0.00
0.00 0.00 0.00 0.00 0.00 0.00 0.00 0.86 2.47 3.97 5.79 7.33 8.51 9.08 9.35 8.83 7.70 6.01 3.96 1.79 0.47 0.00 0.00 0.00
0.00 0.00 0.00 0.00 0.00 0.00 0.00 0.31 1.13 1.89 2.86 3.78 4.45 5.04 5.07 4.85 4.24 3.34 2.22 0.93 0.18 0.00 0.00 0.00
0.00 0.00 0.00 0.00 0.00 0.00 0.00 0.49 1.80 3.03 4.58 6.04 7.13 8.07 8.11 7.76 6.78 5.35 3.56 1.49 0.29 0.00 0.00 0.00
0.00 0.00 0.00 0.00 0.00 0.00 0.00 0.49 1.80 3.03 4.58 6.04 7.13 8.07 8.11 7.76 6.78 5.35 3.56 1.49 0.29 0.00 0.00 0.00
0.00 0.00 0.00 0.00 0.00 0.00 0.00 0.98 3.84 6.54 10.02 13.59 16.54 18.48 19.28 18.47 16.48 13.01 8.68 4.00 1.00 0.00 0.00 0.00
0.00 0.00 0.00 0.00 0.00 0.00 0.00 0.47 1.83 3.11 4.73 6.42 7.76 8.92 9.25 8.81 7.82 6.16 4.08 1.86 0.46 0.00 0.00 0.00
0.00 0.00 0.00 0.00 0.00 0.00 0.00 0.60 2.36 4.00 6.08 8.25 9.98 11.47 11.89 11.33 10.05 7.91 5.24 2.39 0.59 0.00 0.00 0.00
0.00 0.00 0.00 0.00 0.00 0.00 0.00 0.40 1.57 2.67 4.05 5.50 6.65 7.65 7.93 7.55 6.70 5.28 3.49 1.59 0.39 0.00 0.00 0.00
0.00 0.00 0.00 0.00 0.00 0.00 0.00 0.40 1.57 2.67 4.05 5.50 6.65 7.65 7.93 7.55 6.70 5.28 3.49 1.59 0.39 0.00 0.00 0.00
0.00 0.00 0.00 0.00 0.00 0.00 0.00 3.41 22.44 40.45 62.05 80.88 94.88 104.28 106.46 102.76 90.11 70.13 45.46 19.17 4.25 0.00 0.00 0.00
0.00 0.00 0.00 0.00 0.00 0.00 0.00 3.32 12.24 20.63 31.31 41.46 50.30 53.90 55.17 53.67 49.25 38.80 25.99 11.95 2.93 0.00 0.00 0.00
0.00 0.00 0.00 0.00 0.00 0.00 0.00 3.03 11.18 18.87 27.58 36.08 43.63 46.13 47.44 45.85 39.57 31.35 20.90 10.05 2.70 0.00 0.00 0.00
0.00 0.00 0.00 0.00 0.00 0.00 0.00 5.27 49.28 91.91 158.34 209.92 251.22 228.60 231.35 217.86 182.17 142.91 100.23 42.48 16.64 0.00 0.00 0.00
0.00 0.00 0.00 0.00 0.00 0.00 0.00 5.01 46.88 87.42 150.61 199.68 238.96 217.45 220.07 207.23 173.28 135.94 95.34 40.41 15.83 0.00 0.00 0.00
0.00 0.00 0.00 0.00 0.00 0.00 0.00 9.64 90.15 168.12 289.64 384.00 459.54 418.17 423.21 398.52 333.23 261.43 183.34 77.71 30.44 0.00 0.00 0.00
0.00 0.00 0.00 0.00 0.00 0.00 0.00 9.48 88.65 165.32 284.81 377.60 451.89 411.20 416.15 391.88 327.68 257.07 180.28 76.41 29.93 0.00 0.00 0.00
0.00 0.00 0.00 0.00 0.00 0.00 0.00 21.22 116.63 208.69 317.27 420.00 500.45 530.90 542.60 514.78 427.29 343.07 236.31 131.92 52.70 0.00 0.00 0.00
0.00 0.00 0.00 0.00 0.00 0.00 0.00 0.31 1.13 1.89 2.86 3.78 4.45 5.04 5.07 4.85 4.24 3.34 2.22 0.93 0.18 0.00 0.00 0.00
0.00 0.00 0.00 0.00 0.00 0.00 0.00 1.55 5.71 9.59 14.50 19.14 22.57 25.54 25.69 24.57 21.47 16.93 11.27 4.73 0.91 0.00 0.00 0.00
0.00 0.00 0.00 0.00 0.00 0.00 0.00 7.92 29.13 48.97 74.01 97.69 115.23 130.41 131.15 125.43 109.62 86.45 57.51 24.16 4.63 0.00 0.00 0.00
0.00 0.00 0.00 0.00 0.00 0.00 0.00 0.36 3.37 6.28 10.81 14.34 17.16 15.61 15.80 14.88 12.44 9.76 6.84 2.90 1.14 0.00 0.00 0.00
0.00 0.00 0.00 0.00 0.00 0.00 0.00 11.83 68.45 123.20 217.33 286.75 343.38 397.16 405.41 383.85 339.53 272.97 187.00 69.16 26.41 0.00 0.00 0.00
0.00 0.00 0.00 0.00 0.00 0.00 0.00 0.82 4.71 8.42 13.57 19.50 24.76 28.44 30.07 28.94 25.28 20.20 13.98 6.42 1.99 0.00 0.00 0.00
0.00 0.00 0.00 0.00 0.00 0.00 0.00 12.99 49.16 83.64 122.90 158.80 185.05 197.90 200.86 191.04 133.26 107.68 74.89 29.56 10.72 0.00 0.00 0.00
0.00 0.00 0.00 0.00 0.00 0.00 0.00 0.20 1.14 2.05 3.62 4.78 5.72 6.62 6.76 6.40 5.66 4.55 3.12 1.15 0.44 0.00 0.00 0.00
0.00 0.00 0.00 0.00 0.00 0.00 0.00 8.87 51.34 92.40 162.99 215.06 257.53 297.87 304.06 287.88 254.65 204.73 140.25 51.87 19.81 0.00 0.00 0.00
0.00 0.00 0.00 0.00 0.00 0.00 0.00 11.39 65.88 118.58 209.18 275.99 330.50 382.26 390.21 369.45 326.80 262.74 179.99 66.57 25.42 0.00 0.00 0.00
0.00 0.00 0.00 0.00 0.00 0.00 0.00 27.98 153.81 275.21 418.40 553.87 659.97 700.13 715.55 678.87 563.48 452.42 311.63 173.97 69.50 0.00 0.00 0.00
0.00 0.00 0.00 0.00 0.00 0.00 0.00 0.66 2.82 4.85 7.39 10.13 12.42 13.77 14.01 13.54 12.23 9.64 6.54 2.98 0.75 0.00 0.00 0.00
0.00 0.00 0.00 0.00 0.00 0.00 0.00 0.84 3.53 6.06 9.14 12.45 15.49 17.23 17.73 17.06 15.67 12.23 8.20 3.68 0.92 0.00 0.00 0.00
0.00 0.00 0.00 0.00 0.00 0.00 0.00 3.39 19.43 34.73 55.98 80.43 102.15 117.29 124.03 119.40 104.29 83.32 57.68 26.49 8.22 0.00 0.00 0.00
0.00 0.00 0.00 0.00 0.00 0.00 0.00 24.11 127.10 227.05 337.32 445.29 528.10 583.81 595.92 576.03 513.15 413.68 298.15 192.62 87.92 0.00 0.00 0.00
0.00 0.00 0.00 0.00 0.00 0.00 0.00 0.28 0.99 1.66 2.45 3.33 4.01 4.29 4.41 4.20 3.88 3.05 2.05 0.92 0.22 0.00 0.00 0.00
0.00 0.00 0.00 0.00 0.00 0.00 0.00 4.71 22.24 39.06 57.38 75.39 89.34 101.40 102.95 97.10 80.70 65.20 46.21 22.48 8.42 0.00 0.00 0.00
0.00 0.00 0.00 0.00 0.00 0.00 0.00 0.13 6.17 12.02 20.43 27.56 32.67 35.99 35.92 33.12 26.49 21.12 15.10 7.71 3.15 0.00 0.00 0.00
0.00 0.00 0.00 0.00 0.00 0.00 0.00 1.00 2.77 4.44 6.52 8.46 9.75 10.33 10.49 10.04 8.83 6.90 4.60 2.06 0.52 0.00 0.00 0.00
0.00 0.00 0.00 0.00 0.00 0.00 0.00 0.50 1.38 2.22 3.26 4.23 4.87 5.17 5.25 5.02 4.41 3.45 2.30 1.03 0.26 0.00 0.00 0.00
0.00 0.00 0.00 0.00 0.00 0.00 0.00 1.10 3.03 4.86 7.14 9.25 10.66 11.30 11.48 10.98 9.66 7.55 5.03 2.25 0.57 0.00 0.00 0.00
0.00 0.00 0.00 0.00 0.00 0.00 0.00 1.29 3.63 5.82 8.48 11.01 12.68 13.45 13.75 13.34 11.56 8.94 6.05 2.71 0.67 0.00 0.00 0.00
0.00 0.00 0.00 0.00 0.00 0.00 0.00 1.96 5.53 8.87 12.92 16.78 19.32 20.50 20.95 20.33 17.61 13.62 9.21 4.13 1.02 0.00 0.00 0.00
0.00 0.00 0.00 0.00 0.00 0.00 0.00 1.71 4.97 8.02 11.79 14.92 17.32 18.56 18.83 17.89 15.32 12.00 8.07 3.73 0.98 0.00 0.00 0.00
0.00 0.00 0.00 0.00 0.00 0.00 0.00 1.28 4.20 6.97 10.15 13.03 15.13 15.98 15.92 14.94 11.55 9.16 6.36 2.09 0.72 0.00 0.00 0.00
0.00 0.00 0.00 0.00 0.00 0.00 0.00 3.31 10.85 18.01 26.22 33.66 39.10 41.27 41.12 38.59 29.85 23.67 16.44 5.40 1.86 0.00 0.00 0.00
0.00 0.00 0.00 0.00 0.00 0.00 0.00 0.76 2.72 4.57 6.67 8.64 10.04 10.72 10.88 10.19 8.68 6.89 4.78 2.11 0.72 0.00 0.00 0.00
0.00 0.00 0.00 0.00 0.00 0.00 0.00 1.45 4.69 7.72 11.43 15.01 17.75 19.51 20.12 19.11 16.91 13.15 8.83 3.87 0.84 0.00 0.00 0.00
0.00 0.00 0.00 0.00 0.00 0.00 0.00 2.70 8.32 13.58 19.44 25.66 31.10 34.14 34.53 32.93 29.86 23.18 15.27 6.68 1.61 0.00 0.00 0.00
0.00 0.00 0.00 0.00 0.00 0.00 0.00 0.45 1.25 2.00 2.86 3.63 4.12 4.48 4.47 4.23 3.70 2.83 1.86 0.73 0.09 0.00 0.00 0.00
0.00 0.00 0.00 0.00 0.00 0.00 0.00 2.19 6.78 11.03 16.12 20.79 23.98 26.06 26.12 24.76 21.24 16.49 10.88 4.38 0.66 0.00 0.00 0.00
0.00 0.00 0.00 0.00 0.00 0.00 0.00 1.57 4.62 7.49 10.97 14.09 16.07 17.53 17.55 16.48 13.95 10.83 7.07 2.81 0.37 0.00 0.00 0.00
0.00 0.00 0.00 0.00 0.00 0.00 0.00 2.17 6.38 10.33 15.13 19.44 22.18 24.20 24.22 22.74 19.24 14.95 9.76 3.88 0.52 0.00 0.00 0.00
0.00 0.00 0.00 0.00 0.00 0.00 0.00 1.48 4.34 7.04 10.31 13.24 15.11 16.48 16.50 15.49 13.11 10.18 6.65 2.64 0.35 0.00 0.00 0.00
0.00 0.00 0.00 0.00 0.00 0.00 0.00 1.17 3.61 5.88 8.60 11.09 12.79 13.90 13.93 13.21 11.33 8.80 5.80 2.33 0.35 0.00 0.00 0.00
0.00 0.00 0.00 0.00 0.00 0.00 0.00 1.24 3.53 5.74 8.40 10.65 12.23 13.37 13.35 12.27 10.38 7.86 5.02 1.91 0.21 0.00 0.00 0.00
0.00 0.00 0.00 0.00 0.00 0.00 0.00 0.88 3.23 5.43 8.20 10.83 12.77 14.45 14.53 13.90 12.15 9.58 6.37 2.68 0.51 0.00 0.00 0.00
0.00 0.00 0.00 0.00 0.00 0.00 0.00 4.43 29.21 52.65 80.76 105.27 123.50 135.73 138.56 133.75 117.29 91.28 59.18 24.95 5.53 0.00 0.00 0.00
0.00 0.00 0.00 0.00 0.00 0.00 0.00 1.11 4.35 7.41 11.36 15.41 18.75 20.94 21.85 20.93 18.67 14.74 9.83 4.53 1.14 0.00 0.00 0.00
0.00 0.00 0.00 0.00 0.00 0.00 0.00 1.85 6.56 10.95 17.03 23.30 27.68 31.38 31.57 30.10 27.38 21.36 14.24 6.12 1.38 0.00 0.00 0.00
0.00 0.00 0.00 0.00 0.00 0.00 0.00 0.85 3.01 5.02 7.80 10.68 12.68 14.38 14.47 13.80 12.55 9.79 6.53 2.81 0.63 0.00 0.00 0.00
0.00 0.00 0.00 0.00 0.00 0.00 0.00 1.40 5.43 9.24 14.12 19.06 23.26 25.56 26.65 25.58 22.97 18.14 12.15 5.60 1.41 0.00 0.00 0.00
0.00 0.00 0.00 0.00 0.00 0.00 0.00 0.69 2.41 4.04 5.94 8.09 9.73 10.41 10.70 10.21 9.43 7.42 4.98 2.23 0.53 0.00 0.00 0.00
0.00 0.00 0.00 0.00 0.00 0.00 0.00 3.51 20.12 35.95 57.96 83.27 105.76 121.44 128.42 123.62 107.97 86.26 59.72 27.43 8.51 0.00 0.00 0.00
0.00 0.00 0.00 0.00 0.00 0.00 0.00 3.11 11.76 20.00 29.39 37.97 44.25 47.32 48.03 45.68 31.87 25.75 17.91 7.07 2.56 0.00 0.00 0.00
0.00 0.00 0.00 0.00 0.00 0.00 0.00 0.66 2.59 4.43 6.57 8.52 9.94 10.66 10.91 10.26 8.63 6.90 4.79 2.21 0.79 0.00 0.00 0.00
0.00 0.00 0.00 0.00 0.00 0.00 0.00 0.76 3.12 5.37 7.86 10.34 12.35 13.36 13.41 12.61 11.10 8.77 6.07 2.90 1.00 0.00 0.00 0.00
0.00 0.00 0.00 0.00 0.00 0.00 0.00 1.22 4.99 8.59 12.58 16.54 19.75 21.37 21.45 20.17 17.76 14.03 9.72 4.64 1.60 0.00 0.00 0.00
0.00 0.00 0.00 0.00 0.00 0.00 0.00 9.80 91.65 170.92 294.47 390.40 467.20 425.14 430.26 405.16 338.79 265.79 186.39 79.00 30.95 0.00 0.00 0.00
