0.00 0.00 0.00 0.00 0.00 0.00 0.00 0.00 0.00 0.81 1.71 2.70 3.54 3.31 3.45 3.30 3.98 3.04 1.83 0.49 0.00 0.00 0.00 0.00
0.00 0.00 0.00 0.00 0.00 0.00 0.00 0.00 0.95 10.38 17.17 25.45 32.11 28.82 29.51 28.57 24.84 18.22 10.86 2.61 0.00 0.00 0.00 0.00
0.00 0.00 0.00 0.00 0.00 0.00 0.00 0.00 0.00 18.45 39.00 61.78 81.05 75.79 78.86 75.52 91.01 69.42 41.83 11.17 0.00 0.00 0.00 0.00
0.00 0.00 0.00 0.00 0.00 0.00 0.00 0.00 0.00 65.58 138.61 219.56 288.03 269.37 280.28 268.40 323.44 246.73 148.65 39.70 0.00 0.00 0.00 0.00
0.00 0.00 0.00 0.00 0.00 0.00 0.00 0.00 0.65 3.28 6.12 9.29 11.48 12.51 12.55 11.47 7.05 5.03 2.98 0.37 0.00 0.00 0.00 0.00
0.00 0.00 0.00 0.00 0.00 0.00 0.00 0.00 0.00 137.50 304.93 490.99 639.21 781.97 833.63 805.79 758.28 583.63 365.80 109.08 0.00 0.00 0.00 0.00
0.00 0.00 0.00 0.00 0.00 0.00 0.00 0.00 0.15 2.01 3.96 5.96 7.36 7.99 7.98 7.51 6.36 4.71 2.82 0.43 0.00 0.00 0.00 0.00
0.00 0.00 0.00 0.00 0.00 0.00 0.00 0.00 0.07 0.79 1.31 1.96 2.56 2.20 2.24 2.21 1.74 1.28 0.76 0.19 0.00 0.00 0.00 0.00
0.00 0.00 0.00 0.00 0.00 0.00 0.00 0.00 0.11 1.26 2.10 3.14 4.09 3.52 3.59 3.53 2.78 2.04 1.22 0.31 0.00 0.00 0.00 0.00
0.00 0.00 0.00 0.00 0.00 0.00 0.00 0.00 0.11 1.26 2.10 3.14 4.09 3.52 3.59 3.53 2.78 2.04 1.22 0.31 0.00 0.00 0.00 0.00
0.00 0.00 0.00 0.00 0.00 0.00 0.00 0.00 0.08 3.63 7.32 11.22 14.82 14.05 14.62 14.11 10.08 7.63 4.63 1.20 0.00 0.00 0.00 0.00
0.00 0.00 0.00 0.00 0.00 0.00 0.00 0.00 0.05 1.74 3.50 5.38 7.12 6.36 6.45 6.26 4.59 3.47 2.05 0.54 0.00 0.00 0.00 0.00
0.00 0.00 0.00 0.00 0.00 0.00 0.00 0.00 0.06 2.24 4.50 6.92 9.15 8.18 8.30 8.05 5.90 4.46 2.63 0.69 0.00 0.00 0.00 0.00
0.00 0.00 0.00 0.00 0.00 0.00 0.00 0.00 0.04 1.49 3.00 4.61 6.10 5.45 5.53 5.36 3.93 2.97 1.75 0.46 0.00 0.00 0.00 0.00
0.00 0.00 0.00 0.00 0.00 0.00 0.00 0.00 0.04 1.49 3.00 4.61 6.10 5.45 5.53 5.36 3.93 2.97 1.75 0.46 0.00 0.00 0.00 0.00
0.00 0.00 0.00 0.00 0.00 0.00 0.00 0.00 0.00 11.29 19.74 31.85 43.06 49.37 51.31 49.45 44.90 33.59 19.34 6.83 0.00 0.00 0.00 0.00
0.00 0.00 0.00 0.00 0.00 0.00 0.00 0.00 0.43 11.19 22.40 34.16 44.67 46.43 47.66 44.97 30.74 23.40 13.79 3.32 0.00 0.00 0.00 0.00
0.00 0.00 0.00 0.00 0.00 0.00 0.00 0.00 0.11 9.74 19.80 29.78 38.48 41.98 42.69 40.95 29.91 22.58 13.77 2.91 0.00 0.00 0.00 0.00
0.00 0.00 0.00 0.00 0.00 0.00 0.00 0.00 0.00 40.56 89.94 144.82 188.55 230.65 245.89 237.68 223.66 172.15 107.90 32.17 0.00 0.00 0.00 0.00
0.00 0.00 0.00 0.00 0.00 0.00 0.00 0.00 0.00 38.58 85.56 137.76 179.35 219.40 233.90 226.08 212.75 163.75 102.63 30.60 0.00 0.00 0.00 0.00
0.00 0.00 0.00 0.00 0.00 0.00 0.00 0.00 0.00 74.19 164.53 264.92 344.90 421.93 449.80 434.78 409.14 314.91 197.37 58.85 0.00 0.00 0.00 0.00
0.00 0.00 0.00 0.00 0.00 0.00 0.00 0.00 0.00 72.95 161.79 260.51 339.15 414.89 442.30 427.53 402.32 309.66 194.08 57.87 0.00 0.00 0.00 0.00
0.00 0.00 0.00 0.00 0.00 0.00 0.00 0.00 0.00 82.99 177.02 284.52 376.52 415.17 422.81 399.51 410.76 309.44 190.20 51.37 0.00 0.00 0.00 0.00
0.00 0.00 0.00 0.00 0.00 0.00 0.00 0.00 0.07 0.79 1.31 1.96 2.56 2.20 2.24 2.21 1.74 1.28 0.76 0.19 0.00 0.00 0.00 0.00
0.00 0.00 0.00 0.00 0.00 0.00 0.00 0.00 0.35 4.00 6.66 9.93 12.96 11.14 11.36 11.17 8.81 6.47 3.86 0.99 0.00 0.00 0.00 0.00
0.00 0.00 0.00 0.00 0.00 0.00 0.00 0.00 1.81 20.42 34.00 50.69 66.18 56.87 57.99 57.04 44.99 33.01 19.70 5.03 0.00 0.00 0.00 0.00
0.00 0.00 0.00 0.00 0.00 0.00 0.00 0.00 0.00 2.77 6.14 9.89 12.88 15.75 16.79 16.23 15.27 11.76 7.37 2.20 0.00 0.00 0.00 0.00
0.00 0.00 0.00 0.00 0.00 0.00 0.00 0.00 0.00 64.55 136.45 216.14 283.54 265.17 275.91 264.22 318.39 242.88 146.33 39.08 0.00 0.00 0.00 0.00
0.00 0.00 0.00 0.00 0.00 0.00 0.00 0.00 0.00 4.71 9.95 15.57 21.42 21.80 22.87 22.37 19.68 15.25 9.76 2.99 0.00 0.00 0.00 0.00
0.00 0.00 0.00 0.00 0.00 0.00 0.00 0.00 0.00 35.45 74.04 115.66 150.77 144.81 151.45 145.28 139.79 104.41 62.68 15.60 0.00 0.00 0.00 0.00
0.00 0.00 0.00 0.00 0.00 0.00 0.00 0.00 0.00 1.08 2.27 3.60 4.73 4.42 4.60 4.40 5.31 4.05 2.44 0.65 0.00 0.00 0.00 0.00
0.00 0.00 0.00 0.00 0.00 0.00 0.00 0.00 0.00 48.41 102.34 162.10 212.66 198.88 206.93 198.16 238.80 182.16 109.75 29.31 0.00 0.00 0.00 0.00
0.00 0.00 0.00 0.00 0.00 0.00 0.00 0.00 0.00 62.13 131.33 208.03 272.91 255.23 265.56 254.31 306.45 233.77 140.84 37.61 0.00 0.00 0.00 0.00
0.00 0.00 0.00 0.00 0.00 0.00 0.00 0.00 0.00 109.44 233.44 375.21 496.53 547.51 557.58 526.86 541.69 408.07 250.82 67.74 0.00 0.00 0.00 0.00
0.00 0.00 0.00 0.00 0.00 0.00 0.00 0.00 0.02 2.64 5.10 7.89 10.41 8.54 8.82 8.58 7.08 5.31 3.18 0.89 0.00 0.00 0.00 0.00
0.00 0.00 0.00 0.00 0.00 0.00 0.00 0.00 0.04 3.38 6.71 10.13 13.45 11.00 11.29 10.95 8.83 6.63 3.97 1.07 0.00 0.00 0.00 0.00
0.00 0.00 0.00 0.00 0.00 0.00 0.00 0.00 0.00 19.44 41.05 64.23 88.34 89.94 94.34 92.26 81.19 62.91 40.25 12.35 0.00 0.00 0.00 0.00
0.00 0.00 0.00 0.00 0.00 0.00 0.00 0.00 0.00 70.04 182.04 295.97 397.46 471.30 484.54 461.80 398.71 314.82 196.19 59.10 0.00 0.00 0.00 0.00
0.00 0.00 0.00 0.00 0.00 0.00 0.00 0.00 0.05 0.90 1.79 2.76 3.58 3.79 3.93 3.74 2.41 1.81 1.09 0.24 0.00 0.00 0.00 0.00
0.00 0.00 0.00 0.00 0.00 0.00 0.00 0.00 0.00 16.67 34.56 55.08 71.95 67.45 69.52 66.44 76.05 57.03 34.76 9.03 0.00 0.00 0.00 0.00
0.00 0.00 0.00 0.00 0.00 0.00 0.00 0.00 0.00 4.58 11.05 17.53 23.43 28.42 28.86 28.09 26.87 20.64 13.26 4.29 0.00 0.00 0.00 0.00
0.00 0.00 0.00 0.00 0.00 0.00 0.00 0.00 0.22 2.34 4.55 6.87 8.65 9.48 9.40 8.65 7.01 5.25 3.17 0.48 0.00 0.00 0.00 0.00
0.00 0.00 0.00 0.00 0.00 0.00 0.00 0.00 0.11 1.17 2.27 3.44 4.32 4.74 4.70 4.33 3.51 2.62 1.58 0.24 0.00 0.00 0.00 0.00
0.00 0.00 0.00 0.00 0.00 0.00 0.00 0.00 0.24 2.55 4.97 7.51 9.46 10.37 10.28 9.46 7.67 5.74 3.47 0.53 0.00 0.00 0.00 0.00
0.00 0.00 0.00 0.00 0.00 0.00 0.00 0.00 0.29 3.11 6.04 9.24 11.40 12.46 12.40 11.61 9.44 7.09 4.24 0.61 0.00 0.00 0.00 0.00
0.00 0.00 0.00 0.00 0.00 0.00 0.00 0.00 0.44 4.75 9.21 14.08 17.38 18.98 18.90 17.69 14.38 10.81 6.47 0.93 0.00 0.00 0.00 0.00
0.00 0.00 0.00 0.00 0.00 0.00 0.00 0.00 0.29 4.08 8.06 12.16 14.94 16.26 16.39 15.52 12.94 9.78 5.87 0.92 0.00 0.00 0.00 0.00
0.00 0.00 0.00 0.00 0.00 0.00 0.00 0.00 0.00 2.46 5.31 8.08 10.22 12.49 13.07 12.57 11.89 8.91 5.24 1.01 0.00 0.00 0.00 0.00
0.00 0.00 0.00 0.00 0.00 0.00 0.00 0.00 0.00 6.37 13.71 20.87 26.40 32.26 33.78 32.48 30.71 23.02 13.54 2.61 0.00 0.00 0.00 0.00
0.00 0.00 0.00 0.00 0.00 0.00 0.00 0.00 0.00 1.89 3.99 6.19 8.16 8.35 8.64 8.18 6.77 5.06 3.04 0.78 0.00 0.00 0.00 0.00
0.00 0.00 0.00 0.00 0.00 0.00 0.00 0.00 0.37 4.13 8.04 12.19 15.45 16.79 17.33 16.61 10.54 7.93 4.82 0.85 0.00 0.00 0.00 0.00
0.00 0.00 0.00 0.00 0.00 0.00 0.00 0.00 0.58 7.42 14.58 21.59 27.00 30.49 31.02 29.47 24.43 18.26 10.81 1.74 0.00 0.00 0.00 0.00
0.00 0.00 0.00 0.00 0.00 0.00 0.00 0.00 0.19 1.02 1.91 2.82 3.52 3.77 3.76 3.56 2.77 2.02 1.20 0.14 0.00 0.00 0.00 0.00
0.00 0.00 0.00 0.00 0.00 0.00 0.00 0.00 0.79 5.33 9.84 14.79 19.18 16.53 16.75 15.88 8.64 6.39 3.84 0.74 0.00 0.00 0.00 0.00
0.00 0.00 0.00 0.00 0.00 0.00 0.00 0.00 0.64 3.73 7.03 10.38 13.14 13.45 13.31 12.54 6.42 4.70 2.78 0.45 0.00 0.00 0.00 0.00
0.00 0.00 0.00 0.00 0.00 0.00 0.00 0.00 0.88 5.15 9.70 14.32 18.13 18.57 18.37 17.30 8.86 6.48 3.84 0.62 0.00 0.00 0.00 0.00
0.00 0.00 0.00 0.00 0.00 0.00 0.00 0.00 0.60 3.51 6.61 9.76 12.35 12.65 12.51 11.79 6.03 4.42 2.62 0.42 0.00 0.00 0.00 0.00
0.00 0.00 0.00 0.00 0.00 0.00 0.00 0.00 0.42 2.84 5.25 7.89 10.23 8.81 8.94 8.47 4.61 3.41 2.05 0.40 0.00 0.00 0.00 0.00
0.00 0.00 0.00 0.00 0.00 0.00 0.00 0.00 0.56 2.93 5.44 8.07 10.07 10.00 10.14 9.35 5.10 3.70 2.19 0.30 0.00 0.00 0.00 0.00
0.00 0.00 0.00 0.00 0.00 0.00 0.00 0.00 0.20 2.26 3.77 5.62 7.33 6.30 6.43 6.32 4.99 3.66 2.18 0.56 0.00 0.00 0.00 0.00
0.00 0.00 0.00 0.00 0.00 0.00 0.00 0.00 0.00 14.69 25.69 41.46 56.05 64.26 66.78 64.36 58.43 43.71 25.17 8.90 0.00 0.00 0.00 0.00
0.00 0.00 0.00 0.00 0.00 0.00 0.00 0.00 0.09 4.12 8.30 12.72 16.79 15.93 16.57 15.99 11.42 8.64 5.24 1.36 0.00 0.00 0.00 0.00
0.00 0.00 0.00 0.00 0.00 0.00 0.00 0.00 0.40 6.23 12.16 18.73 24.97 22.98 23.09 22.19 14.24 10.70 6.56 1.47 0.00 0.00 0.00 0.00
0.00 0.00 0.00 0.00 0.00 0.00 0.00 0.00 0.18 2.85 5.57 8.58 11.44 10.53 10.59 10.17 6.53 4.91 3.01 0.67 0.00 0.00 0.00 0.00
0.00 0.00 0.00 0.00 0.00 0.00 0.00 0.00 0.12 5.08 10.23 15.64 20.46 20.24 21.14 20.28 14.23 10.81 6.65 1.66 0.00 0.00 0.00 0.00
0.00 0.00 0.00 0.00 0.00 0.00 0.00 0.00 0.12 2.19 4.34 6.70 8.70 9.21 9.54 9.09 5.86 4.40 2.64 0.57 0.00 0.00 0.00 0.00
0.00 0.00 0.00 0.00 0.00 0.00 0.00 0.00 0.00 20.13 42.51 66.50 91.47 93.12 97.67 95.52 84.07 65.13 41.67 12.79 0.00 0.00 0.00 0.00
0.00 0.00 0.00 0.00 0.00 0.00 0.00 0.00 0.00 8.48 17.70 27.66 36.05 34.63 36.22 34.74 33.43 24.97 14.99 3.73 0.00 0.00 0.00 0.00
0.00 0.00 0.00 0.00 0.00 0.00 0.00 0.00 0.00 1.87 3.84 6.08 7.95 7.63 7.90 7.67 7.10 5.23 3.15 0.83 0.00 0.00 0.00 0.00
0.00 0.00 0.00 0.00 0.00 0.00 0.00 0.00 0.00 2.38 4.75 7.42 9.64 9.70 10.04 9.67 7.50 5.61 3.40 1.01 0.00 0.00 0.00 0.00
0.00 0.00 0.00 0.00 0.00 0.00 0.00 0.00 0.00 3.80 7.60 11.87 15.42 15.53 16.06 15.47 12.00 8.98 5.45 1.61 0.00 0.00 0.00 0.00
0.00 0.00 0.00 0.00 0.00 0.00 0.00 0.00 0.00 75.43 167.27 269.34 350.65 428.96 457.30 442.02 415.96 320.15 200.66 59.83 0.00 0.00 0.00 0.00
