0.00 0.00 0.00 0.00 0.00 0.00 0.00 0.00 0.00 0.26 0.81 1.31 1.83 2.04 2.15 2.08 2.18 1.60 0.98 0.25 0.00 0.00 0.00 0.00
0.00 0.00 0.00 0.00 0.00 0.00 0.00 0.00 0.00 2.95 7.09 11.20 14.42 14.52 15.08 14.48 14.17 10.40 5.98 0.62 0.00 0.00 0.00 0.00
0.00 0.00 0.00 0.00 0.00 0.00 0.00 0.00 0.00 5.83 18.64 30.06 41.76 46.57 49.18 47.50 49.96 36.49 22.42 5.62 0.00 0.00 0.00 0.00
0.00 0.00 0.00 0.00 0.00 0.00 0.00 0.00 0.00 20.73 66.23 106.84 148.40 165.49 174.79 168.83 177.56 129.68 79.69 19.97 0.00 0.00 0.00 0.00
0.00 0.00 0.00 0.00 0.00 0.00 0.00 0.00 0.00 0.58 1.21 1.85 2.36 2.21 2.20 2.09 1.57 1.10 0.58 0.00 0.00 0.00 0.00 0.00
0.00 0.00 0.00 0.00 0.00 0.00 0.00 0.00 0.00 42.55 157.47 257.14 357.62 408.78 441.04 426.69 510.96 371.08 230.69 53.40 0.00 0.00 0.00 0.00
0.00 0.00 0.00 0.00 0.00 0.00 0.00 0.00 0.00 0.42 1.00 1.61 2.15 1.73 1.75 1.69 1.29 0.88 0.47 0.01 0.00 0.00 0.00 0.00
0.00 0.00 0.00 0.00 0.00 0.00 0.00 0.00 0.00 0.18 0.38 0.61 0.83 0.82 0.84 0.82 0.81 0.59 0.34 0.04 0.00 0.00 0.00 0.00
0.00 0.00 0.00 0.00 0.00 0.00 0.00 0.00 0.00 0.28 0.61 0.97 1.32 1.31 1.35 1.32 1.30 0.94 0.54 0.06 0.00 0.00 0.00 0.00
0.00 0.00 0.00 0.00 0.00 0.00 0.00 0.00 0.00 0.28 0.61 0.97 1.32 1.31 1.35 1.32 1.30 0.94 0.54 0.06 0.00 0.00 0.00 0.00
0.00 0.00 0.00 0.00 0.00 0.00 0.00 0.00 0.00 0.66 1.64 2.61 3.64 4.26 4.40 4.31 4.36 3.11 1.80 0.23 0.00 0.00 0.00 0.00
0.00 0.00 0.00 0.00 0.00 0.00 0.00 0.00 0.00 0.30 0.75 1.21 1.67 1.95 2.01 1.96 1.98 1.42 0.82 0.10 0.00 0.00 0.00 0.00
0.00 0.00 0.00 0.00 0.00 0.00 0.00 0.00 0.00 0.38 0.96 1.56 2.15 2.51 2.59 2.52 2.54 1.83 1.06 0.13 0.00 0.00 0.00 0.00
0.00 0.00 0.00 0.00 0.00 0.00 0.00 0.00 0.00 0.26 0.64 1.04 1.43 1.67 1.72 1.68 1.70 1.22 0.71 0.09 0.00 0.00 0.00 0.00
0.00 0.00 0.00 0.00 0.00 0.00 0.00 0.00 0.00 0.26 0.64 1.04 1.43 1.67 1.72 1.68 1.70 1.22 0.71 0.09 0.00 0.00 0.00 0.00
0.00 0.00 0.00 0.00 0.00 0.00 0.00 0.00 0.00 5.27 13.96 22.43 29.65 34.57 36.60 35.43 33.13 24.07 14.59 3.26 0.00 0.00 0.00 0.00
0.00 0.00 0.00 0.00 0.00 0.00 0.00 0.00 0.00 1.80 4.54 7.32 10.29 11.80 12.00 11.74 12.15 8.69 4.98 0.64 0.00 0.00 0.00 0.00
0.00 0.00 0.00 0.00 0.00 0.00 0.00 0.00 0.00 2.02 3.97 6.41 8.70 8.96 9.23 8.94 9.68 6.93 3.99 0.48 0.00 0.00 0.00 0.00
0.00 0.00 0.00 0.00 0.00 0.00 0.00 0.00 0.00 12.55 46.45 75.85 105.49 120.58 130.09 125.86 150.71 109.46 68.05 15.75 0.00 0.00 0.00 0.00
0.00 0.00 0.00 0.00 0.00 0.00 0.00 0.00 0.00 11.94 44.18 72.15 100.34 114.69 123.75 119.72 143.36 104.12 64.73 14.98 0.00 0.00 0.00 0.00
0.00 0.00 0.00 0.00 0.00 0.00 0.00 0.00 0.00 22.96 84.96 138.74 192.96 220.56 237.97 230.23 275.70 200.22 124.48 28.81 0.00 0.00 0.00 0.00
0.00 0.00 0.00 0.00 0.00 0.00 0.00 0.00 0.00 22.58 83.55 136.43 189.74 216.89 234.01 226.39 271.10 196.89 122.40 28.33 0.00 0.00 0.00 0.00
0.00 0.00 0.00 0.00 0.00 0.00 0.00 0.00 0.00 28.17 97.08 158.23 219.86 233.48 244.09 237.02 217.83 158.43 97.39 23.96 0.00 0.00 0.00 0.00
0.00 0.00 0.00 0.00 0.00 0.00 0.00 0.00 0.00 0.18 0.38 0.61 0.83 0.82 0.84 0.82 0.81 0.59 0.34 0.04 0.00 0.00 0.00 0.00
0.00 0.00 0.00 0.00 0.00 0.00 0.00 0.00 0.00 0.90 1.92 3.08 4.19 4.16 4.26 4.17 4.13 2.98 1.70 0.20 0.00 0.00 0.00 0.00
0.00 0.00 0.00 0.00 0.00 0.00 0.00 0.00 0.00 4.60 9.81 15.74 21.41 21.23 21.77 21.29 21.06 15.24 8.68 1.02 0.00 0.00 0.00 0.00
0.00 0.00 0.00 0.00 0.00 0.00 0.00 0.00 0.00 0.86 3.17 5.18 7.20 8.23 8.88 8.60 10.29 7.48 4.65 1.08 0.00 0.00 0.00 0.00
0.00 0.00 0.00 0.00 0.00 0.00 0.00 0.00 0.00 20.41 65.20 105.17 146.09 162.91 172.06 166.19 174.80 127.66 78.45 19.66 0.00 0.00 0.00 0.00
0.00 0.00 0.00 0.00 0.00 0.00 0.00 0.00 0.00 1.08 2.79 4.41 6.13 8.26 8.86 8.53 12.82 9.68 5.87 0.76 0.00 0.00 0.00 0.00
0.00 0.00 0.00 0.00 0.00 0.00 0.00 0.00 0.00 10.71 29.91 47.31 63.29 64.08 65.69 63.26 55.96 40.46 23.72 3.17 0.00 0.00 0.00 0.00
0.00 0.00 0.00 0.00 0.00 0.00 0.00 0.00 0.00 0.34 1.09 1.75 2.43 2.72 2.87 2.77 2.91 2.13 1.31 0.33 0.00 0.00 0.00 0.00
0.00 0.00 0.00 0.00 0.00 0.00 0.00 0.00 0.00 15.30 48.90 78.88 109.56 122.18 129.05 124.65 131.10 95.74 58.84 14.75 0.00 0.00 0.00 0.00
0.00 0.00 0.00 0.00 0.00 0.00 0.00 0.00 0.00 19.64 62.75 101.23 140.61 156.80 165.61 159.96 168.24 122.87 75.51 18.93 0.00 0.00 0.00 0.00
0.00 0.00 0.00 0.00 0.00 0.00 0.00 0.00 0.00 37.15 128.02 208.67 289.94 307.90 321.89 312.56 287.26 208.93 128.43 31.60 0.00 0.00 0.00 0.00
0.00 0.00 0.00 0.00 0.00 0.00 0.00 0.00 0.00 0.46 1.17 1.93 2.69 2.94 3.10 3.00 3.14 2.28 1.34 0.20 0.00 0.00 0.00 0.00
0.00 0.00 0.00 0.00 0.00 0.00 0.00 0.00 0.00 0.54 1.42 2.35 3.27 3.64 3.85 3.73 3.85 2.78 1.62 0.23 0.00 0.00 0.00 0.00
0.00 0.00 0.00 0.00 0.00 0.00 0.00 0.00 0.00 4.47 11.51 18.20 25.28 34.06 36.55 35.20 52.87 39.91 24.21 3.15 0.00 0.00 0.00 0.00
0.00 0.00 0.00 0.00 0.00 0.00 0.00 0.00 0.00 18.53 130.86 223.39 317.49 386.57 413.89 397.23 316.25 235.29 146.00 26.33 0.00 0.00 0.00 0.00
0.00 0.00 0.00 0.00 0.00 0.00 0.00 0.00 0.00 0.12 0.29 0.47 0.66 0.81 0.83 0.79 0.80 0.57 0.33 0.04 0.00 0.00 0.00 0.00
0.00 0.00 0.00 0.00 0.00 0.00 0.00 0.00 0.00 5.53 16.08 25.69 35.73 38.50 40.23 38.69 36.60 26.33 15.90 3.41 0.00 0.00 0.00 0.00
0.00 0.00 0.00 0.00 0.00 0.00 0.00 0.00 0.00 2.08 9.90 16.43 23.39 28.64 30.74 29.03 25.10 18.44 11.36 2.54 0.00 0.00 0.00 0.00
0.00 0.00 0.00 0.00 0.00 0.00 0.00 0.00 0.00 0.51 1.20 1.88 2.48 2.16 2.22 2.11 1.45 0.99 0.53 0.00 0.00 0.00 0.00 0.00
0.00 0.00 0.00 0.00 0.00 0.00 0.00 0.00 0.00 0.25 0.60 0.94 1.24 1.08 1.11 1.06 0.72 0.50 0.26 0.00 0.00 0.00 0.00 0.00
0.00 0.00 0.00 0.00 0.00 0.00 0.00 0.00 0.00 0.56 1.32 2.06 2.71 2.36 2.43 2.31 1.58 1.08 0.58 0.00 0.00 0.00 0.00 0.00
0.00 0.00 0.00 0.00 0.00 0.00 0.00 0.00 0.00 0.64 1.33 2.09 2.78 2.45 2.52 2.42 1.88 1.29 0.69 0.02 0.00 0.00 0.00 0.00
0.00 0.00 0.00 0.00 0.00 0.00 0.00 0.00 0.00 0.98 2.03 3.19 4.24 3.74 3.83 3.68 2.87 1.97 1.06 0.03 0.00 0.00 0.00 0.00
0.00 0.00 0.00 0.00 0.00 0.00 0.00 0.00 0.00 0.82 1.91 3.04 4.06 3.38 3.42 3.32 2.63 1.77 0.96 0.04 0.00 0.00 0.00 0.00
0.00 0.00 0.00 0.00 0.00 0.00 0.00 0.00 0.00 0.75 2.24 3.52 4.73 5.09 5.16 4.87 4.44 3.13 1.78 0.15 0.00 0.00 0.00 0.00
0.00 0.00 0.00 0.00 0.00 0.00 0.00 0.00 0.00 1.94 5.79 9.11 12.23 13.15 13.33 12.58 11.46 8.08 4.60 0.39 0.00 0.00 0.00 0.00
0.00 0.00 0.00 0.00 0.00 0.00 0.00 0.00 0.00 0.54 1.44 2.28 3.08 2.90 2.95 2.82 2.65 1.92 1.11 0.14 0.00 0.00 0.00 0.00
0.00 0.00 0.00 0.00 0.00 0.00 0.00 0.00 0.00 0.53 1.01 1.65 2.20 2.92 3.03 2.93 2.73 1.93 1.08 0.09 0.00 0.00 0.00 0.00
0.00 0.00 0.00 0.00 0.00 0.00 0.00 0.00 0.00 1.09 2.57 4.13 5.52 5.37 5.49 5.32 4.99 3.50 1.93 0.11 0.00 0.00 0.00 0.00
0.00 0.00 0.00 0.00 0.00 0.00 0.00 0.00 0.00 0.17 0.33 0.50 0.63 0.63 0.63 0.60 0.49 0.35 0.18 0.00 0.00 0.00 0.00 0.00
0.00 0.00 0.00 0.00 0.00 0.00 0.00 0.00 0.00 0.99 2.11 3.34 4.30 4.01 4.03 3.94 3.29 2.31 1.26 0.06 0.00 0.00 0.00 0.00
0.00 0.00 0.00 0.00 0.00 0.00 0.00 0.00 0.00 0.69 1.42 2.23 2.81 2.57 2.62 2.52 1.95 1.36 0.73 0.03 0.00 0.00 0.00 0.00
0.00 0.00 0.00 0.00 0.00 0.00 0.00 0.00 0.00 0.95 1.96 3.08 3.88 3.55 3.61 3.48 2.70 1.87 1.01 0.04 0.00 0.00 0.00 0.00
0.00 0.00 0.00 0.00 0.00 0.00 0.00 0.00 0.00 0.65 1.34 2.10 2.64 2.42 2.46 2.37 1.84 1.28 0.68 0.03 0.00 0.00 0.00 0.00
0.00 0.00 0.00 0.00 0.00 0.00 0.00 0.00 0.00 0.53 1.12 1.78 2.29 2.14 2.15 2.10 1.76 1.23 0.67 0.03 0.00 0.00 0.00 0.00
0.00 0.00 0.00 0.00 0.00 0.00 0.00 0.00 0.00 0.52 1.04 1.61 1.99 1.98 2.00 1.87 1.44 1.02 0.54 0.00 0.00 0.00 0.00 0.00
0.00 0.00 0.00 0.00 0.00 0.00 0.00 0.00 0.00 0.51 1.09 1.74 2.37 2.35 2.41 2.36 2.33 1.69 0.96 0.11 0.00 0.00 0.00 0.00
0.00 0.00 0.00 0.00 0.00 0.00 0.00 0.00 0.00 6.86 18.17 29.20 38.60 44.99 47.64 46.11 43.12 31.33 18.99 4.24 0.00 0.00 0.00 0.00
0.00 0.00 0.00 0.00 0.00 0.00 0.00 0.00 0.00 0.75 1.86 2.96 4.12 4.83 4.99 4.88 4.94 3.53 2.04 0.26 0.00 0.00 0.00 0.00
0.00 0.00 0.00 0.00 0.00 0.00 0.00 0.00 0.00 0.77 2.15 3.56 4.87 5.38 5.47 5.43 5.19 3.68 2.09 0.26 0.00 0.00 0.00 0.00
0.00 0.00 0.00 0.00 0.00 0.00 0.00 0.00 0.00 0.35 0.98 1.63 2.23 2.47 2.51 2.49 2.38 1.69 0.96 0.12 0.00 0.00 0.00 0.00
0.00 0.00 0.00 0.00 0.00 0.00 0.00 0.00 0.00 0.91 2.29 3.62 5.08 5.87 6.05 5.88 6.04 4.32 2.50 0.31 0.00 0.00 0.00 0.00
0.00 0.00 0.00 0.00 0.00 0.00 0.00 0.00 0.00 0.30 0.71 1.14 1.59 1.98 2.01 1.92 1.93 1.39 0.79 0.10 0.00 0.00 0.00 0.00
0.00 0.00 0.00 0.00 0.00 0.00 0.00 0.00 0.00 4.63 11.91 18.84 26.17 35.26 37.84 36.45 54.74 41.32 25.07 3.26 0.00 0.00 0.00 0.00
0.00 0.00 0.00 0.00 0.00 0.00 0.00 0.00 0.00 2.56 7.15 11.31 15.13 15.32 15.71 15.13 13.38 9.67 5.67 0.76 0.00 0.00 0.00 0.00
0.00 0.00 0.00 0.00 0.00 0.00 0.00 0.00 0.00 0.57 1.52 2.41 3.27 3.20 3.31 3.21 2.99 2.14 1.26 0.19 0.00 0.00 0.00 0.00
0.00 0.00 0.00 0.00 0.00 0.00 0.00 0.00 0.00 0.64 1.72 2.74 3.65 3.69 3.82 3.65 3.66 2.68 1.58 0.27 0.00 0.00 0.00 0.00
0.00 0.00 0.00 0.00 0.00 0.00 0.00 0.00 0.00 1.02 2.75 4.39 5.84 5.90 6.10 5.85 5.86 4.28 2.53 0.44 0.00 0.00 0.00 0.00
0.00 0.00 0.00 0.00 0.00 0.00 0.00 0.00 0.00 23.34 86.38 141.05 196.18 224.24 241.94 234.06 280.29 203.56 126.55 29.29 0.00 0.00 0.00 0.00
