0.00 0.00 0.00 0.00 0.00 0.00 0.00 0.00 0.00 0.38 1.13 1.77 2.33 2.61 2.73 2.64 2.81 2.16 1.32 0.55 0.00 0.00 0.00 0.00
0.00 0.00 0.00 0.00 0.00 0.00 0.00 0.00 2.39 16.05 31.16 45.53 56.95 60.39 61.89 60.05 53.64 39.84 24.19 4.83 0.00 0.00 0.00 0.00
0.00 0.00 0.00 0.00 0.00 0.00 0.00 0.00 0.00 8.67 25.76 40.50 53.18 59.69 62.51 60.31 64.17 49.31 30.09 12.61 0.00 0.00 0.00 0.00
0.00 0.00 0.00 0.00 0.00 0.00 0.00 0.00 0.00 30.82 91.56 143.95 189.01 212.15 222.15 214.35 228.06 175.24 106.93 44.83 0.00 0.00 0.00 0.00
0.00 0.00 0.00 0.00 0.00 0.00 0.00 0.00 0.73 2.95 5.37 8.07 9.92 10.86 10.91 9.99 7.86 5.66 3.41 0.54 0.00 0.00 0.00 0.00
0.00 0.00 0.00 0.00 0.00 0.00 0.00 0.00 0.00 74.88 204.13 324.00 419.29 682.29 727.84 704.84 606.22 470.01 298.30 127.05 0.00 0.00 0.00 0.00
0.00 0.00 0.00 0.00 0.00 0.00 0.00 0.00 0.28 1.93 2.34 3.49 4.30 5.03 5.02 4.72 5.23 3.90 2.37 0.42 0.00 0.00 0.00 0.00
0.00 0.00 0.00 0.00 0.00 0.00 0.00 0.00 0.13 0.89 1.68 2.47 3.20 3.64 3.71 3.64 3.16 2.34 1.42 0.31 0.00 0.00 0.00 0.00
0.00 0.00 0.00 0.00 0.00 0.00 0.00 0.00 0.21 1.43 2.68 3.94 5.11 5.83 5.93 5.82 5.05 3.74 2.27 0.50 0.00 0.00 0.00 0.00
0.00 0.00 0.00 0.00 0.00 0.00 0.00 0.00 0.21 1.43 2.68 3.94 5.11 5.83 5.93 5.82 5.05 3.74 2.27 0.50 0.00 0.00 0.00 0.00
0.00 0.00 0.00 0.00 0.00 0.00 0.00 0.00 0.31 3.41 6.13 9.28 12.17 13.80 14.30 13.77 12.55 9.54 5.85 1.25 0.00 0.00 0.00 0.00
0.00 0.00 0.00 0.00 0.00 0.00 0.00 0.00 0.16 1.64 2.96 4.49 5.90 6.72 6.79 6.56 5.97 4.54 2.71 0.58 0.00 0.00 0.00 0.00
0.00 0.00 0.00 0.00 0.00 0.00 0.00 0.00 0.20 2.10 3.80 5.77 7.59 8.64 8.73 8.44 7.68 5.84 3.49 0.74 0.00 0.00 0.00 0.00
0.00 0.00 0.00 0.00 0.00 0.00 0.00 0.00 0.13 1.40 2.53 3.85 5.06 5.76 5.82 5.63 5.12 3.89 2.32 0.50 0.00 0.00 0.00 0.00
0.00 0.00 0.00 0.00 0.00 0.00 0.00 0.00 0.13 1.40 2.53 3.85 5.06 5.76 5.82 5.63 5.12 3.89 2.32 0.50 0.00 0.00 0.00 0.00
0.00 0.00 0.00 0.00 0.00 0.00 0.00 0.00 1.08 18.01 35.31 55.76 74.15 85.03 88.00 84.56 75.04 56.47 32.87 7.93 0.00 0.00 0.00 0.00
0.00 0.00 0.00 0.00 0.00 0.00 0.00 0.00 1.11 10.40 18.45 27.78 36.07 42.82 43.85 41.34 37.16 28.42 16.94 3.35 0.00 0.00 0.00 0.00
0.00 0.00 0.00 0.00 0.00 0.00 0.00 0.00 0.76 8.99 17.03 25.25 32.37 36.70 37.30 35.82 30.40 23.06 14.23 2.42 0.00 0.00 0.00 0.00
0.00 0.00 0.00 0.00 0.00 0.00 0.00 0.00 0.00 22.09 60.21 95.57 123.67 201.25 214.69 207.90 178.81 138.64 87.99 37.48 0.00 0.00 0.00 0.00
0.00 0.00 0.00 0.00 0.00 0.00 0.00 0.00 0.00 21.01 57.27 90.91 117.64 191.43 204.21 197.76 170.09 131.87 83.70 35.65 0.00 0.00 0.00 0.00
0.00 0.00 0.00 0.00 0.00 0.00 0.00 0.00 0.00 40.40 110.14 174.82 226.23 368.14 392.72 380.31 327.10 253.60 160.95 68.55 0.00 0.00 0.00 0.00
0.00 0.00 0.00 0.00 0.00 0.00 0.00 0.00 0.00 39.73 108.31 171.90 222.46 362.01 386.17 373.97 321.64 249.37 158.27 67.41 0.00 0.00 0.00 0.00
0.00 0.00 0.00 0.00 0.00 0.00 0.00 0.00 0.00 48.43 97.08 155.35 206.50 356.90 365.12 347.09 274.87 208.68 130.04 40.14 0.00 0.00 0.00 0.00
0.00 0.00 0.00 0.00 0.00 0.00 0.00 0.00 0.13 0.89 1.68 2.47 3.20 3.64 3.71 3.64 3.16 2.34 1.42 0.31 0.00 0.00 0.00 0.00
0.00 0.00 0.00 0.00 0.00 0.00 0.00 0.00 0.67 4.53 8.49 12.49 16.19 18.46 18.77 18.44 15.99 11.85 7.19 1.58 0.00 0.00 0.00 0.00
0.00 0.00 0.00 0.00 0.00 0.00 0.00 0.00 3.42 23.11 43.35 63.77 82.65 94.23 95.84 94.15 81.65 60.51 36.71 8.05 0.00 0.00 0.00 0.00
0.00 0.00 0.00 0.00 0.00 0.00 0.00 0.00 0.00 1.51 4.11 6.53 8.45 13.74 14.66 14.20 12.21 9.47 6.01 2.56 0.00 0.00 0.00 0.00
0.00 0.00 0.00 0.00 0.00 0.00 0.00 0.00 0.00 30.34 90.13 141.70 186.07 208.84 218.69 211.01 224.51 172.51 105.27 44.13 0.00 0.00 0.00 0.00
0.00 0.00 0.00 0.00 0.00 0.00 0.00 0.00 0.00 4.54 9.05 13.96 19.05 22.50 23.53 22.96 20.73 16.13 10.43 2.77 0.00 0.00 0.00 0.00
0.00 0.00 0.00 0.00 0.00 0.00 0.00 0.00 0.00 22.41 33.55 52.23 68.38 55.15 58.12 56.27 52.49 39.33 23.86 10.50 0.00 0.00 0.00 0.00
0.00 0.00 0.00 0.00 0.00 0.00 0.00 0.00 0.00 0.51 1.50 2.36 3.10 3.48 3.64 3.52 3.74 2.88 1.75 0.74 0.00 0.00 0.00 0.00
0.00 0.00 0.00 0.00 0.00 0.00 0.00 0.00 0.00 22.76 67.60 106.28 139.55 156.63 164.01 158.26 168.38 129.38 78.95 33.10 0.00 0.00 0.00 0.00
0.00 0.00 0.00 0.00 0.00 0.00 0.00 0.00 0.00 29.20 86.75 136.39 179.09 201.01 210.48 203.10 216.09 166.04 101.32 42.48 0.00 0.00 0.00 0.00
0.00 0.00 0.00 0.00 0.00 0.00 0.00 0.00 0.00 63.86 128.03 204.87 272.32 470.66 481.51 457.72 362.48 275.20 171.50 52.94 0.00 0.00 0.00 0.00
0.00 0.00 0.00 0.00 0.00 0.00 0.00 0.00 0.19 2.40 4.60 7.02 9.20 10.35 10.63 10.30 9.35 7.05 4.28 0.99 0.00 0.00 0.00 0.00
0.00 0.00 0.00 0.00 0.00 0.00 0.00 0.00 0.26 3.13 5.82 8.68 11.45 13.01 13.29 12.83 11.70 8.84 5.35 1.22 0.00 0.00 0.00 0.00
0.00 0.00 0.00 0.00 0.00 0.00 0.00 0.00 0.00 18.74 37.35 57.58 78.60 92.83 97.05 94.71 85.51 66.55 43.01 11.41 0.00 0.00 0.00 0.00
0.00 0.00 0.00 0.00 0.00 0.00 0.00 0.00 0.00 57.87 159.22 255.84 343.23 445.47 460.60 442.24 396.87 315.29 198.95 67.53 0.00 0.00 0.00 0.00
0.00 0.00 0.00 0.00 0.00 0.00 0.00 0.00 0.10 0.84 1.47 2.24 2.89 3.40 3.52 3.35 2.83 2.14 1.30 0.24 0.00 0.00 0.00 0.00
0.00 0.00 0.00 0.00 0.00 0.00 0.00 0.00 0.00 8.29 16.64 26.41 34.64 63.25 65.47 62.93 51.17 38.68 23.92 9.03 0.00 0.00 0.00 0.00
0.00 0.00 0.00 0.00 0.00 0.00 0.00 0.00 0.00 3.95 9.60 15.09 20.16 27.74 28.25 27.61 23.69 18.26 11.83 4.92 0.00 0.00 0.00 0.00
0.00 0.00 0.00 0.00 0.00 0.00 0.00 0.00 0.36 2.21 2.87 4.30 5.39 5.55 5.50 5.06 5.38 4.06 2.49 0.47 0.00 0.00 0.00 0.00
0.00 0.00 0.00 0.00 0.00 0.00 0.00 0.00 0.18 1.11 1.44 2.15 2.70 2.78 2.75 2.53 2.69 2.03 1.24 0.23 0.00 0.00 0.00 0.00
0.00 0.00 0.00 0.00 0.00 0.00 0.00 0.00 0.39 2.42 3.14 4.70 5.90 6.07 6.01 5.53 5.89 4.44 2.72 0.51 0.00 0.00 0.00 0.00
0.00 0.00 0.00 0.00 0.00 0.00 0.00 0.00 0.47 2.95 4.26 6.45 7.93 8.61 8.55 8.00 8.45 6.40 3.89 0.56 0.00 0.00 0.00 0.00
0.00 0.00 0.00 0.00 0.00 0.00 0.00 0.00 0.72 4.50 6.49 9.83 12.09 13.12 13.03 12.19 12.88 9.75 5.93 0.85 0.00 0.00 0.00 0.00
0.00 0.00 0.00 0.00 0.00 0.00 0.00 0.00 0.55 3.92 4.77 7.14 8.75 10.67 10.73 10.16 11.14 8.47 5.16 0.88 0.00 0.00 0.00 0.00
0.00 0.00 0.00 0.00 0.00 0.00 0.00 0.00 0.05 2.53 3.28 4.98 6.32 5.14 5.42 5.25 3.68 2.76 1.64 0.48 0.00 0.00 0.00 0.00
0.00 0.00 0.00 0.00 0.00 0.00 0.00 0.00 0.14 6.54 8.48 12.86 16.32 13.27 13.99 13.57 9.52 7.14 4.24 1.24 0.00 0.00 0.00 0.00
0.00 0.00 0.00 0.00 0.00 0.00 0.00 0.00 0.01 1.24 1.56 2.42 3.21 3.31 3.43 3.25 3.51 2.64 1.60 0.87 0.00 0.00 0.00 0.00
0.00 0.00 0.00 0.00 0.00 0.00 0.00 0.00 0.59 3.87 6.83 10.20 12.82 14.84 15.28 14.62 11.47 8.67 5.33 0.85 0.00 0.00 0.00 0.00
0.00 0.00 0.00 0.00 0.00 0.00 0.00 0.00 1.03 7.13 13.05 19.07 23.67 26.87 27.30 25.93 22.00 16.57 9.95 1.58 0.00 0.00 0.00 0.00
0.00 0.00 0.00 0.00 0.00 0.00 0.00 0.00 0.22 0.92 1.67 2.45 3.03 3.28 3.27 3.10 2.57 1.89 1.14 0.18 0.00 0.00 0.00 0.00
0.00 0.00 0.00 0.00 0.00 0.00 0.00 0.00 0.98 4.86 9.05 13.46 17.35 18.84 19.06 18.05 15.11 11.29 6.89 1.28 0.00 0.00 0.00 0.00
0.00 0.00 0.00 0.00 0.00 0.00 0.00 0.00 0.75 3.40 6.27 9.16 11.53 12.67 12.52 11.80 9.91 7.31 4.41 0.83 0.00 0.00 0.00 0.00
0.00 0.00 0.00 0.00 0.00 0.00 0.00 0.00 1.04 4.69 8.66 12.64 15.91 17.48 17.28 16.29 13.68 10.09 6.08 1.14 0.00 0.00 0.00 0.00
0.00 0.00 0.00 0.00 0.00 0.00 0.00 0.00 0.71 3.19 5.90 8.61 10.84 11.91 11.77 11.09 9.32 6.87 4.14 0.78 0.00 0.00 0.00 0.00
0.00 0.00 0.00 0.00 0.00 0.00 0.00 0.00 0.52 2.59 4.83 7.18 9.25 10.05 10.17 9.63 8.06 6.02 3.67 0.68 0.00 0.00 0.00 0.00
0.00 0.00 0.00 0.00 0.00 0.00 0.00 0.00 0.64 2.66 4.82 7.07 8.79 9.64 9.78 9.04 7.24 5.30 3.20 0.55 0.00 0.00 0.00 0.00
0.00 0.00 0.00 0.00 0.00 0.00 0.00 0.00 0.38 2.56 4.80 7.07 9.16 10.44 10.62 10.43 9.05 6.71 4.07 0.89 0.00 0.00 0.00 0.00
0.00 0.00 0.00 0.00 0.00 0.00 0.00 0.00 1.41 23.45 45.96 72.58 96.52 110.68 114.54 110.06 97.68 73.50 42.78 10.32 0.00 0.00 0.00 0.00
0.00 0.00 0.00 0.00 0.00 0.00 0.00 0.00 0.36 3.86 6.95 10.52 13.79 15.64 16.20 15.61 14.22 10.81 6.64 1.41 0.00 0.00 0.00 0.00
0.00 0.00 0.00 0.00 0.00 0.00 0.00 0.00 0.75 5.78 10.87 16.52 21.87 24.76 24.77 23.72 19.90 15.05 9.35 1.85 0.00 0.00 0.00 0.00
0.00 0.00 0.00 0.00 0.00 0.00 0.00 0.00 0.34 2.65 4.98 7.57 10.02 11.35 11.35 10.87 9.12 6.90 4.29 0.85 0.00 0.00 0.00 0.00
0.00 0.00 0.00 0.00 0.00 0.00 0.00 0.00 0.44 4.76 8.56 12.93 16.80 19.10 19.89 19.06 17.33 13.23 8.23 1.73 0.00 0.00 0.00 0.00
0.00 0.00 0.00 0.00 0.00 0.00 0.00 0.00 0.25 2.04 3.58 5.44 7.02 8.27 8.54 8.14 6.88 5.20 3.15 0.58 0.00 0.00 0.00 0.00
0.00 0.00 0.00 0.00 0.00 0.00 0.00 0.00 0.00 19.40 38.67 59.62 81.38 96.11 100.48 98.06 88.54 68.90 44.53 11.81 0.00 0.00 0.00 0.00
0.00 0.00 0.00 0.00 0.00 0.00 0.00 0.00 0.00 5.36 8.02 12.49 16.35 13.19 13.90 13.46 12.55 9.41 5.71 2.51 0.00 0.00 0.00 0.00
0.00 0.00 0.00 0.00 0.00 0.00 0.00 0.00 0.00 0.99 1.55 2.44 3.21 4.34 4.50 4.38 5.09 3.78 2.31 0.92 0.00 0.00 0.00 0.00
0.00 0.00 0.00 0.00 0.00 0.00 0.00 0.00 0.00 0.98 1.69 2.64 3.44 7.83 8.08 7.78 9.40 7.08 4.35 1.20 0.00 0.00 0.00 0.00
0.00 0.00 0.00 0.00 0.00 0.00 0.00 0.00 0.00 1.57 2.71 4.22 5.51 12.52 12.93 12.45 15.04 11.32 6.96 1.91 0.00 0.00 0.00 0.00
0.00 0.00 0.00 0.00 0.00 0.00 0.00 0.00 0.00 41.07 111.98 177.73 230.00 374.28 399.26 386.65 332.55 257.83 163.64 69.70 0.00 0.00 0.00 0.00
