0.00 0.00 0.00 0.00 0.00 0.00 0.00 0.00 0.00 0.16 1.24 2.10 2.99 3.61 3.79 3.60 3.04 2.13 1.19 0.04 0.00 0.00 0.00 0.00
0.00 0.00 0.00 0.00 0.00 0.00 0.00 0.00 0.00 2.51 10.24 15.60 20.55 40.38 40.86 39.18 50.65 35.54 18.50 0.00 0.00 0.00 0.00 0.00
0.00 0.00 0.00 0.00 0.00 0.00 0.00 0.00 0.00 3.75 28.43 48.04 68.33 82.60 86.63 82.24 69.61 48.75 27.26 0.98 0.00 0.00 0.00 0.00
0.00 0.00 0.00 0.00 0.00 0.00 0.00 0.00 0.00 13.32 101.06 170.72 242.85 293.57 307.87 292.27 247.40 173.25 96.89 3.47 0.00 0.00 0.00 0.00
0.00 0.00 0.00 0.00 0.00 0.00 0.00 0.00 0.00 0.55 1.11 1.66 2.16 4.56 4.65 4.24 8.02 5.53 2.49 0.00 0.00 0.00 0.00 0.00
0.00 0.00 0.00 0.00 0.00 0.00 0.00 0.00 0.00 26.49 232.64 398.11 573.50 709.41 746.10 703.43 595.67 422.13 244.71 18.07 0.00 0.00 0.00 0.00
0.00 0.00 0.00 0.00 0.00 0.00 0.00 0.00 0.00 0.68 2.52 3.90 5.25 6.15 6.30 5.78 4.70 3.29 1.52 0.00 0.00 0.00 0.00 0.00
0.00 0.00 0.00 0.00 0.00 0.00 0.00 0.00 0.00 0.11 0.47 0.71 0.94 2.91 3.05 2.86 2.95 2.07 1.06 0.00 0.00 0.00 0.00 0.00
0.00 0.00 0.00 0.00 0.00 0.00 0.00 0.00 0.00 0.18 0.75 1.14 1.50 4.66 4.87 4.58 4.71 3.31 1.69 0.00 0.00 0.00 0.00 0.00
0.00 0.00 0.00 0.00 0.00 0.00 0.00 0.00 0.00 0.18 0.75 1.14 1.50 4.66 4.87 4.58 4.71 3.31 1.69 0.00 0.00 0.00 0.00 0.00
0.00 0.00 0.00 0.00 0.00 0.00 0.00 0.00 0.00 0.71 4.72 7.29 9.97 13.63 14.27 13.61 11.49 8.25 4.30 0.00 0.00 0.00 0.00 0.00
0.00 0.00 0.00 0.00 0.00 0.00 0.00 0.00 0.00 0.29 2.05 3.16 4.40 6.51 6.75 6.42 5.47 3.87 2.01 0.00 0.00 0.00 0.00 0.00
0.00 0.00 0.00 0.00 0.00 0.00 0.00 0.00 0.00 0.38 2.64 4.07 5.65 8.37 8.68 8.25 7.03 4.97 2.59 0.00 0.00 0.00 0.00 0.00
0.00 0.00 0.00 0.00 0.00 0.00 0.00 0.00 0.00 0.25 1.76 2.71 3.77 5.58 5.78 5.50 4.69 3.32 1.73 0.00 0.00 0.00 0.00 0.00
0.00 0.00 0.00 0.00 0.00 0.00 0.00 0.00 0.00 0.25 1.76 2.71 3.77 5.58 5.78 5.50 4.69 3.32 1.73 0.00 0.00 0.00 0.00 0.00
0.00 0.00 0.00 0.00 0.00 0.00 0.00 0.00 0.00 4.38 19.55 30.23 42.75 73.34 77.05 74.18 70.79 49.94 28.03 1.16 0.00 0.00 0.00 0.00
0.00 0.00 0.00 0.00 0.00 0.00 0.00 0.00 0.00 2.14 14.51 22.35 30.07 41.14 43.15 40.80 34.85 24.44 12.52 0.00 0.00 0.00 0.00 0.00
0.00 0.00 0.00 0.00 0.00 0.00 0.00 0.00 0.00 3.53 14.55 22.65 30.42 36.40 37.52 35.38 29.20 20.94 10.75 0.00 0.00 0.00 0.00 0.00
0.00 0.00 0.00 0.00 0.00 0.00 0.00 0.00 0.00 7.81 68.62 117.43 169.16 209.25 220.07 207.49 175.70 124.51 72.18 5.33 0.00 0.00 0.00 0.00
0.00 0.00 0.00 0.00 0.00 0.00 0.00 0.00 0.00 7.43 65.27 111.70 160.91 199.04 209.34 197.36 167.13 118.44 68.66 5.07 0.00 0.00 0.00 0.00
0.00 0.00 0.00 0.00 0.00 0.00 0.00 0.00 0.00 14.29 125.52 214.81 309.44 382.77 402.57 379.55 321.40 227.77 132.04 9.75 0.00 0.00 0.00 0.00
0.00 0.00 0.00 0.00 0.00 0.00 0.00 0.00 0.00 14.06 123.43 211.23 304.29 376.40 395.86 373.22 316.05 223.97 129.84 9.59 0.00 0.00 0.00 0.00
0.00 0.00 0.00 0.00 0.00 0.00 0.00 0.00 0.00 13.07 126.67 217.63 307.90 377.72 393.89 372.09 315.28 222.00 123.73 4.29 0.00 0.00 0.00 0.00
0.00 0.00 0.00 0.00 0.00 0.00 0.00 0.00 0.00 0.11 0.47 0.71 0.94 2.91 3.05 2.86 2.95 2.07 1.06 0.00 0.00 0.00 0.00 0.00
0.00 0.00 0.00 0.00 0.00 0.00 0.00 0.00 0.00 0.57 2.37 3.59 4.75 14.75 15.43 14.51 14.93 10.48 5.36 0.00 0.00 0.00 0.00 0.00
0.00 0.00 0.00 0.00 0.00 0.00 0.00 0.00 0.00 2.89 12.09 18.35 24.24 75.29 78.79 74.06 76.22 53.52 27.35 0.00 0.00 0.00 0.00 0.00
0.00 0.00 0.00 0.00 0.00 0.00 0.00 0.00 0.00 0.53 4.69 8.02 11.55 14.29 15.03 14.17 12.00 8.50 4.93 0.36 0.00 0.00 0.00 0.00
0.00 0.00 0.00 0.00 0.00 0.00 0.00 0.00 0.00 13.11 99.48 168.06 239.06 289.00 303.07 287.72 243.54 170.55 95.38 3.41 0.00 0.00 0.00 0.00
0.00 0.00 0.00 0.00 0.00 0.00 0.00 0.00 0.00 1.73 8.31 13.29 18.12 22.13 23.94 23.14 19.65 14.91 8.29 0.31 0.00 0.00 0.00 0.00
0.00 0.00 0.00 0.00 0.00 0.00 0.00 0.00 0.00 8.56 51.54 84.99 118.10 137.69 141.08 132.04 109.80 79.04 41.03 0.00 0.00 0.00 0.00 0.00
0.00 0.00 0.00 0.00 0.00 0.00 0.00 0.00 0.00 0.22 1.66 2.80 3.98 4.82 5.05 4.80 4.06 2.84 1.59 0.06 0.00 0.00 0.00 0.00
0.00 0.00 0.00 0.00 0.00 0.00 0.00 0.00 0.00 9.84 74.61 126.05 179.30 216.75 227.30 215.79 182.66 127.91 71.53 2.56 0.00 0.00 0.00 0.00
0.00 0.00 0.00 0.00 0.00 0.00 0.00 0.00 0.00 12.62 95.75 161.76 230.10 278.16 291.71 276.93 234.41 164.16 91.80 3.28 0.00 0.00 0.00 0.00
0.00 0.00 0.00 0.00 0.00 0.00 0.00 0.00 0.00 17.23 167.05 286.99 406.05 498.11 519.44 490.69 415.78 292.77 163.17 5.66 0.00 0.00 0.00 0.00
0.00 0.00 0.00 0.00 0.00 0.00 0.00 0.00 0.00 0.39 3.07 4.75 6.68 10.20 10.96 10.31 8.74 6.18 3.28 0.00 0.00 0.00 0.00 0.00
0.00 0.00 0.00 0.00 0.00 0.00 0.00 0.00 0.00 0.50 3.89 6.01 8.46 12.76 13.57 12.84 10.85 7.65 4.05 0.00 0.00 0.00 0.00 0.00
0.00 0.00 0.00 0.00 0.00 0.00 0.00 0.00 0.00 7.15 34.28 54.82 74.75 91.27 98.75 95.46 81.07 61.52 34.21 1.27 0.00 0.00 0.00 0.00
0.00 0.00 0.00 0.00 0.00 0.00 0.00 0.00 0.00 0.00 107.78 200.10 282.32 350.66 376.54 358.69 297.69 212.36 118.44 4.50 0.00 0.00 0.00 0.00
0.00 0.00 0.00 0.00 0.00 0.00 0.00 0.00 0.00 0.17 1.04 1.59 2.16 3.21 3.34 3.16 2.68 1.90 0.96 0.00 0.00 0.00 0.00 0.00
0.00 0.00 0.00 0.00 0.00 0.00 0.00 0.00 0.00 3.63 25.45 42.63 60.02 72.44 74.50 69.59 59.14 42.11 22.92 0.41 0.00 0.00 0.00 0.00
0.00 0.00 0.00 0.00 0.00 0.00 0.00 0.00 0.00 0.73 8.60 15.05 21.67 26.63 28.77 27.13 22.75 16.53 9.96 1.08 0.00 0.00 0.00 0.00
0.00 0.00 0.00 0.00 0.00 0.00 0.00 0.00 0.00 0.83 2.96 4.55 6.09 7.08 7.09 6.52 5.26 3.66 1.65 0.00 0.00 0.00 0.00 0.00
0.00 0.00 0.00 0.00 0.00 0.00 0.00 0.00 0.00 0.41 1.48 2.27 3.04 3.54 3.55 3.26 2.63 1.83 0.83 0.00 0.00 0.00 0.00 0.00
0.00 0.00 0.00 0.00 0.00 0.00 0.00 0.00 0.00 0.90 3.24 4.98 6.66 7.74 7.76 7.13 5.75 4.01 1.81 0.00 0.00 0.00 0.00 0.00
0.00 0.00 0.00 0.00 0.00 0.00 0.00 0.00 0.00 1.07 3.87 5.93 7.86 9.33 9.48 8.85 7.24 5.06 2.31 0.00 0.00 0.00 0.00 0.00
0.00 0.00 0.00 0.00 0.00 0.00 0.00 0.00 0.00 1.64 5.90 9.04 11.98 14.22 14.45 13.49 11.03 7.70 3.53 0.00 0.00 0.00 0.00 0.00
0.00 0.00 0.00 0.00 0.00 0.00 0.00 0.00 0.00 1.38 5.15 7.94 10.86 12.73 12.80 11.71 9.60 6.73 3.13 0.00 0.00 0.00 0.00 0.00
0.00 0.00 0.00 0.00 0.00 0.00 0.00 0.00 0.00 0.78 4.12 6.70 9.22 10.70 10.87 10.33 8.64 6.14 3.04 0.00 0.00 0.00 0.00 0.00
0.00 0.00 0.00 0.00 0.00 0.00 0.00 0.00 0.00 2.02 10.65 17.31 23.83 27.64 28.09 26.70 22.32 15.86 7.85 0.00 0.00 0.00 0.00 0.00
0.00 0.00 0.00 0.00 0.00 0.00 0.00 0.00 0.00 0.55 2.91 4.72 6.45 7.36 7.48 7.09 5.78 4.14 2.11 0.00 0.00 0.00 0.00 0.00
0.00 0.00 0.00 0.00 0.00 0.00 0.00 0.00 0.00 0.76 3.78 5.75 7.63 14.19 14.61 13.80 11.54 8.15 3.99 0.00 0.00 0.00 0.00 0.00
0.00 0.00 0.00 0.00 0.00 0.00 0.00 0.00 0.00 2.28 9.52 14.58 19.84 23.98 24.62 22.68 18.95 13.39 6.43 0.00 0.00 0.00 0.00 0.00
0.00 0.00 0.00 0.00 0.00 0.00 0.00 0.00 0.00 0.18 0.37 0.55 0.71 1.91 1.93 1.79 2.46 1.70 0.77 0.00 0.00 0.00 0.00 0.00
0.00 0.00 0.00 0.00 0.00 0.00 0.00 0.00 0.00 1.11 2.14 3.21 4.27 12.03 12.12 11.15 14.16 9.91 4.75 0.00 0.00 0.00 0.00 0.00
0.00 0.00 0.00 0.00 0.00 0.00 0.00 0.00 0.00 0.75 1.61 2.41 3.16 7.23 7.31 6.72 9.48 6.54 3.05 0.00 0.00 0.00 0.00 0.00
0.00 0.00 0.00 0.00 0.00 0.00 0.00 0.00 0.00 1.04 2.22 3.33 4.37 9.97 10.08 9.27 13.08 9.03 4.20 0.00 0.00 0.00 0.00 0.00
0.00 0.00 0.00 0.00 0.00 0.00 0.00 0.00 0.00 0.71 1.51 2.27 2.97 6.79 6.87 6.32 8.91 6.15 2.86 0.00 0.00 0.00 0.00 0.00
0.00 0.00 0.00 0.00 0.00 0.00 0.00 0.00 0.00 0.59 1.14 1.71 2.28 6.41 6.46 5.94 7.55 5.29 2.53 0.00 0.00 0.00 0.00 0.00
0.00 0.00 0.00 0.00 0.00 0.00 0.00 0.00 0.00 0.51 1.04 1.56 1.99 3.90 4.00 3.66 7.30 5.04 2.30 0.00 0.00 0.00 0.00 0.00
0.00 0.00 0.00 0.00 0.00 0.00 0.00 0.00 0.00 0.32 1.34 2.03 2.69 8.34 8.73 8.21 8.45 5.93 3.03 0.00 0.00 0.00 0.00 0.00
0.00 0.00 0.00 0.00 0.00 0.00 0.00 0.00 0.00 5.70 25.45 39.35 55.65 95.45 100.29 96.55 92.14 65.00 36.49 1.51 0.00 0.00 0.00 0.00
0.00 0.00 0.00 0.00 0.00 0.00 0.00 0.00 0.00 0.81 5.35 8.26 11.30 15.44 16.17 15.43 13.02 9.35 4.87 0.00 0.00 0.00 0.00 0.00
0.00 0.00 0.00 0.00 0.00 0.00 0.00 0.00 0.00 0.92 5.54 8.46 11.64 23.15 23.75 22.56 18.89 13.40 6.79 0.00 0.00 0.00 0.00 0.00
0.00 0.00 0.00 0.00 0.00 0.00 0.00 0.00 0.00 0.42 2.54 3.88 5.34 10.61 10.89 10.34 8.66 6.14 3.11 0.00 0.00 0.00 0.00 0.00
0.00 0.00 0.00 0.00 0.00 0.00 0.00 0.00 0.00 1.04 6.81 10.53 14.31 19.01 19.85 18.93 15.96 11.54 6.00 0.00 0.00 0.00 0.00 0.00
0.00 0.00 0.00 0.00 0.00 0.00 0.00 0.00 0.00 0.42 2.52 3.87 5.24 7.80 8.10 7.69 6.52 4.61 2.33 0.00 0.00 0.00 0.00 0.00
0.00 0.00 0.00 0.00 0.00 0.00 0.00 0.00 0.00 7.41 35.50 56.76 77.39 94.49 102.24 98.84 83.93 63.69 35.42 1.32 0.00 0.00 0.00 0.00
0.00 0.00 0.00 0.00 0.00 0.00 0.00 0.00 0.00 2.05 12.32 20.32 28.24 32.93 33.74 31.57 26.26 18.90 9.81 0.00 0.00 0.00 0.00 0.00
0.00 0.00 0.00 0.00 0.00 0.00 0.00 0.00 0.00 0.49 2.82 4.64 6.43 7.64 7.79 7.28 6.04 4.33 2.27 0.00 0.00 0.00 0.00 0.00
0.00 0.00 0.00 0.00 0.00 0.00 0.00 0.00 0.00 0.67 3.52 5.74 7.93 9.55 9.93 9.33 7.74 5.50 2.91 0.00 0.00 0.00 0.00 0.00
0.00 0.00 0.00 0.00 0.00 0.00 0.00 0.00 0.00 1.06 5.63 9.18 12.69 15.29 15.89 14.93 12.38 8.80 4.65 0.00 0.00 0.00 0.00 0.00
0.00 0.00 0.00 0.00 0.00 0.00 0.00 0.00 0.00 14.53 127.62 218.39 314.60 389.15 409.28 385.87 326.76 231.57 134.24 9.91 0.00 0.00 0.00 0.00
