0.00 0.00 0.00 0.00 0.00 0.00 0.00 0.21 1.08 1.92 2.85 3.78 4.59 5.14 5.30 5.00 4.46 3.63 2.64 1.61 0.74 0.00 0.00 0.00
0.00 0.00 0.00 0.00 0.00 0.00 0.00 5.41 21.18 36.15 55.68 72.21 84.41 90.13 90.18 84.06 68.73 54.64 36.75 17.89 5.27 0.00 0.00 0.00
0.00 0.00 0.00 0.00 0.00 0.00 0.00 4.86 24.71 43.84 65.28 86.45 104.95 117.44 121.19 114.44 101.90 83.10 60.34 36.75 17.01 0.00 0.00 0.00
0.00 0.00 0.00 0.00 0.00 0.00 0.00 17.26 87.80 155.79 232.00 307.25 372.99 417.37 430.71 406.73 362.16 295.33 214.45 130.61 60.44 0.00 0.00 0.00
0.00 0.00 0.00 0.00 0.00 0.00 0.00 1.04 2.86 4.81 7.58 9.59 10.91 14.35 14.29 12.91 10.54 8.30 5.59 2.04 0.51 0.00 0.00 0.00
0.00 0.00 0.00 0.00 0.00 0.00 0.00 24.55 188.04 345.91 523.57 698.10 845.42 922.48 947.37 902.40 831.52 678.91 484.06 282.72 132.59 0.00 0.00 0.00
0.00 0.00 0.00 0.00 0.00 0.00 0.00 0.91 2.48 4.14 6.00 7.72 8.90 9.49 9.58 8.96 8.15 6.53 4.52 2.28 0.85 0.00 0.00 0.00
0.00 0.00 0.00 0.00 0.00 0.00 0.00 0.35 1.26 2.12 3.19 4.07 4.67 3.67 3.78 3.58 2.95 2.31 1.57 1.15 0.36 0.00 0.00 0.00
0.00 0.00 0.00 0.00 0.00 0.00 0.00 0.56 2.02 3.39 5.10 6.51 7.47 5.87 6.04 5.72 4.72 3.69 2.51 1.84 0.58 0.00 0.00 0.00
0.00 0.00 0.00 0.00 0.00 0.00 0.00 0.56 2.02 3.39 5.10 6.51 7.47 5.87 6.04 5.72 4.72 3.69 2.51 1.84 0.58 0.00 0.00 0.00
0.00 0.00 0.00 0.00 0.00 0.00 0.00 1.15 4.31 7.32 11.34 15.34 18.29 15.31 15.38 14.65 12.16 9.87 6.90 3.69 1.31 0.00 0.00 0.00
0.00 0.00 0.00 0.00 0.00 0.00 0.00 0.56 2.09 3.55 5.32 7.19 8.56 6.58 6.69 6.33 5.74 4.62 3.21 1.66 0.59 0.00 0.00 0.00
0.00 0.00 0.00 0.00 0.00 0.00 0.00 0.72 2.69 4.56 6.84 9.24 11.01 8.46 8.60 8.14 7.38 5.94 4.13 2.14 0.75 0.00 0.00 0.00
0.00 0.00 0.00 0.00 0.00 0.00 0.00 0.48 1.79 3.04 4.56 6.16 7.34 5.64 5.73 5.43 4.92 3.96 2.75 1.43 0.50 0.00 0.00 0.00
0.00 0.00 0.00 0.00 0.00 0.00 0.00 0.48 1.79 3.04 4.56 6.16 7.34 5.64 5.73 5.43 4.92 3.96 2.75 1.43 0.50 0.00 0.00 0.00
0.00 0.00 0.00 0.00 0.00 0.00 0.00 3.68 23.59 42.64 66.57 87.38 100.00 111.14 113.47 108.51 96.56 76.44 52.31 25.67 8.42 0.00 0.00 0.00
0.00 0.00 0.00 0.00 0.00 0.00 0.00 3.95 13.95 23.43 35.11 46.71 55.93 50.27 50.99 48.05 31.94 25.82 18.35 10.92 3.84 0.00 0.00 0.00
0.00 0.00 0.00 0.00 0.00 0.00 0.00 3.56 12.52 21.00 30.67 39.37 46.55 45.06 45.75 43.82 36.59 29.21 20.34 10.33 3.83 0.00 0.00 0.00
0.00 0.00 0.00 0.00 0.00 0.00 0.00 7.24 55.46 102.03 154.43 205.91 249.37 272.10 279.44 266.18 245.27 200.25 142.78 83.39 39.11 0.00 0.00 0.00
0.00 0.00 0.00 0.00 0.00 0.00 0.00 6.89 52.76 97.05 146.90 195.87 237.20 258.82 265.81 253.19 233.30 190.49 135.82 79.32 37.20 0.00 0.00 0.00
0.00 0.00 0.00 0.00 0.00 0.00 0.00 13.24 101.46 186.64 282.50 376.67 456.16 497.74 511.17 486.91 448.66 366.32 261.18 152.55 71.54 0.00 0.00 0.00
0.00 0.00 0.00 0.00 0.00 0.00 0.00 13.02 99.77 183.53 277.79 370.40 448.56 489.44 502.65 478.79 441.18 360.21 256.83 150.00 70.35 0.00 0.00 0.00
0.00 0.00 0.00 0.00 0.00 0.00 0.00 24.54 118.08 208.33 303.34 402.61 488.68 529.79 542.37 533.63 486.32 394.30 287.68 176.16 84.15 0.00 0.00 0.00
0.00 0.00 0.00 0.00 0.00 0.00 0.00 0.35 1.26 2.12 3.19 4.07 4.67 3.67 3.78 3.58 2.95 2.31 1.57 1.15 0.36 0.00 0.00 0.00
0.00 0.00 0.00 0.00 0.00 0.00 0.00 1.79 6.39 10.74 16.15 20.62 23.66 18.59 19.13 18.11 14.96 11.68 7.96 5.84 1.82 0.00 0.00 0.00
0.00 0.00 0.00 0.00 0.00 0.00 0.00 9.13 32.62 54.84 82.47 105.27 120.77 94.91 97.66 92.48 76.37 59.63 40.65 29.79 9.30 0.00 0.00 0.00
0.00 0.00 0.00 0.00 0.00 0.00 0.00 0.49 3.79 6.97 10.55 14.06 17.03 18.58 19.08 18.18 16.75 13.68 9.75 5.70 2.67 0.00 0.00 0.00
0.00 0.00 0.00 0.00 0.00 0.00 0.00 16.99 86.43 153.36 228.38 302.46 367.17 410.86 424.00 400.39 356.51 290.73 211.10 128.57 59.49 0.00 0.00 0.00
0.00 0.00 0.00 0.00 0.00 0.00 0.00 0.45 2.42 4.33 12.20 17.01 21.62 30.64 31.52 30.54 26.69 21.60 15.18 8.31 3.32 0.00 0.00 0.00
0.00 0.00 0.00 0.00 0.00 0.00 0.00 13.59 47.45 79.75 118.35 151.84 177.70 197.97 207.38 197.70 173.51 142.23 102.62 61.08 27.34 0.00 0.00 0.00
0.00 0.00 0.00 0.00 0.00 0.00 0.00 0.28 1.44 2.56 3.81 5.04 6.12 6.85 7.07 6.67 5.94 4.85 3.52 2.14 0.99 0.00 0.00 0.00
0.00 0.00 0.00 0.00 0.00 0.00 0.00 12.75 64.82 115.02 171.29 226.84 275.38 308.15 318.00 300.29 267.38 218.05 158.33 96.43 44.62 0.00 0.00 0.00
0.00 0.00 0.00 0.00 0.00 0.00 0.00 16.36 83.19 147.61 219.82 291.11 353.40 395.46 408.10 385.38 343.14 279.83 203.19 123.75 57.26 0.00 0.00 0.00
0.00 0.00 0.00 0.00 0.00 0.00 0.00 32.36 155.72 274.73 400.03 530.94 644.45 698.66 715.25 703.72 641.34 519.98 379.38 232.31 110.97 0.00 0.00 0.00
0.00 0.00 0.00 0.00 0.00 0.00 0.00 0.62 2.56 4.41 7.79 10.32 12.29 9.47 9.58 9.14 6.75 5.32 3.73 3.33 1.18 0.00 0.00 0.00
0.00 0.00 0.00 0.00 0.00 0.00 0.00 0.91 3.66 6.27 9.96 13.10 15.72 11.86 12.06 11.56 9.24 7.25 5.15 4.22 1.49 0.00 0.00 0.00
0.00 0.00 0.00 0.00 0.00 0.00 0.00 1.87 9.97 17.88 50.31 70.16 89.19 126.38 130.03 125.99 110.09 89.09 62.60 34.28 13.70 0.00 0.00 0.00
0.00 0.00 0.00 0.00 0.00 0.00 0.00 26.70 119.29 209.07 316.04 410.16 488.10 533.56 545.37 512.14 450.53 367.43 271.95 137.67 72.38 5.74 0.00 0.00
0.00 0.00 0.00 0.00 0.00 0.00 0.00 0.34 1.15 1.92 2.84 3.74 4.40 4.05 4.08 3.87 2.56 2.07 1.46 0.75 0.26 0.00 0.00 0.00
0.00 0.00 0.00 0.00 0.00 0.00 0.00 5.45 23.24 40.33 59.42 76.93 91.87 101.23 102.57 97.00 86.68 70.79 52.39 32.83 15.03 0.00 0.00 0.00
0.00 0.00 0.00 0.00 0.00 0.00 0.00 0.30 6.68 12.87 19.27 25.86 31.23 33.83 34.36 31.62 28.67 23.04 16.63 9.94 4.79 0.00 0.00 0.00
0.00 0.00 0.00 0.00 0.00 0.00 0.00 1.12 2.97 4.93 6.98 8.90 10.25 11.07 11.07 10.42 9.60 7.60 5.22 2.57 0.94 0.00 0.00 0.00
0.00 0.00 0.00 0.00 0.00 0.00 0.00 0.56 1.48 2.46 3.49 4.45 5.12 5.53 5.53 5.21 4.80 3.80 2.61 1.29 0.47 0.00 0.00 0.00
0.00 0.00 0.00 0.00 0.00 0.00 0.00 1.22 3.25 5.39 7.63 9.74 11.21 12.10 12.10 11.39 10.50 8.31 5.71 2.81 1.02 0.00 0.00 0.00
0.00 0.00 0.00 0.00 0.00 0.00 0.00 1.44 3.91 6.49 9.28 11.68 13.50 14.65 14.70 13.81 12.38 9.73 6.78 3.28 1.18 0.00 0.00 0.00
0.00 0.00 0.00 0.00 0.00 0.00 0.00 2.20 5.95 9.89 14.14 17.80 20.57 22.32 22.41 21.05 18.86 14.83 10.33 5.00 1.80 0.00 0.00 0.00
0.00 0.00 0.00 0.00 0.00 0.00 0.00 1.82 5.04 8.34 12.10 15.71 17.92 19.22 19.30 18.15 16.57 13.34 9.16 4.62 1.72 0.00 0.00 0.00
0.00 0.00 0.00 0.00 0.00 0.00 0.00 1.33 4.06 6.67 9.76 12.30 14.26 15.11 15.77 15.44 13.95 11.15 7.94 4.78 2.08 0.00 0.00 0.00
0.00 0.00 0.00 0.00 0.00 0.00 0.00 3.42 10.50 17.22 25.22 31.78 36.85 39.03 40.75 39.88 36.03 28.82 20.51 12.35 5.37 0.00 0.00 0.00
0.00 0.00 0.00 0.00 0.00 0.00 0.00 0.80 2.65 4.40 6.45 8.27 9.69 10.66 10.91 10.53 9.55 7.73 5.45 3.24 1.40 0.00 0.00 0.00
0.00 0.00 0.00 0.00 0.00 0.00 0.00 1.69 5.28 8.73 12.71 16.96 19.81 19.12 19.46 18.11 15.08 12.04 8.45 4.18 1.39 0.00 0.00 0.00
0.00 0.00 0.00 0.00 0.00 0.00 0.00 3.20 9.46 15.54 21.98 28.40 33.89 36.07 36.85 34.67 27.37 21.73 14.90 7.15 2.52 0.00 0.00 0.00
0.00 0.00 0.00 0.00 0.00 0.00 0.00 0.40 1.08 1.75 2.47 3.13 3.51 2.61 2.56 2.39 3.42 2.69 1.79 0.77 0.20 0.00 0.00 0.00
0.00 0.00 0.00 0.00 0.00 0.00 0.00 2.21 6.68 11.08 16.23 20.19 22.73 21.54 21.78 20.23 17.69 13.68 9.08 4.53 1.29 0.00 0.00 0.00
0.00 0.00 0.00 0.00 0.00 0.00 0.00 1.52 4.36 7.22 10.43 13.10 14.38 14.77 14.46 13.62 8.65 6.73 4.54 2.86 0.78 0.00 0.00 0.00
0.00 0.00 0.00 0.00 0.00 0.00 0.00 2.09 6.02 9.96 14.39 18.07 19.85 20.38 19.95 18.80 11.94 9.28 6.26 3.95 1.07 0.00 0.00 0.00
0.00 0.00 0.00 0.00 0.00 0.00 0.00 1.43 4.10 6.79 9.80 12.31 13.52 13.88 13.59 12.81 8.13 6.32 4.27 2.69 0.73 0.00 0.00 0.00
0.00 0.00 0.00 0.00 0.00 0.00 0.00 1.18 3.56 5.91 8.66 10.77 12.12 11.49 11.62 10.79 9.44 7.30 4.85 2.41 0.69 0.00 0.00 0.00
0.00 0.00 0.00 0.00 0.00 0.00 0.00 1.00 2.79 4.63 7.07 8.86 9.95 12.85 12.87 11.89 8.65 6.83 4.73 1.97 0.50 0.00 0.00 0.00
0.00 0.00 0.00 0.00 0.00 0.00 0.00 1.01 3.62 6.08 9.14 11.67 13.38 10.52 10.82 10.25 8.46 6.61 4.51 3.30 1.03 0.00 0.00 0.00
0.00 0.00 0.00 0.00 0.00 0.00 0.00 4.78 30.70 55.50 86.65 113.73 130.16 144.65 147.69 141.23 125.68 99.49 68.09 33.42 10.96 0.00 0.00 0.00
0.00 0.00 0.00 0.00 0.00 0.00 0.00 1.30 4.89 8.29 12.85 17.38 20.73 17.35 17.43 16.60 13.78 11.18 7.82 4.18 1.49 0.00 0.00 0.00
0.00 0.00 0.00 0.00 0.00 0.00 0.00 2.29 7.82 13.03 18.39 24.31 29.13 26.26 26.85 25.16 18.64 14.99 10.53 5.35 1.80 0.00 0.00 0.00
0.00 0.00 0.00 0.00 0.00 0.00 0.00 1.05 3.59 5.97 8.43 11.14 13.35 12.04 12.31 11.53 8.54 6.87 4.83 2.45 0.82 0.00 0.00 0.00
0.00 0.00 0.00 0.00 0.00 0.00 0.00 1.64 6.09 10.32 16.00 21.55 25.77 22.33 22.28 21.21 16.52 13.35 9.45 5.45 1.94 0.00 0.00 0.00
0.00 0.00 0.00 0.00 0.00 0.00 0.00 0.83 2.80 4.65 6.90 9.07 10.68 9.84 9.90 9.40 6.23 5.02 3.56 1.83 0.63 0.00 0.00 0.00
0.00 0.00 0.00 0.00 0.00 0.00 0.00 1.93 10.32 18.51 52.09 72.64 92.34 130.84 134.63 130.44 113.98 92.24 64.82 35.49 14.19 0.00 0.00 0.00
0.00 0.00 0.00 0.00 0.00 0.00 0.00 3.25 11.35 19.07 28.30 36.31 42.49 47.34 49.59 47.28 41.49 34.01 24.54 14.61 6.54 0.00 0.00 0.00
0.00 0.00 0.00 0.00 0.00 0.00 0.00 0.70 2.53 4.29 6.44 8.26 9.77 10.62 10.83 10.35 9.36 7.62 5.44 3.37 1.49 0.00 0.00 0.00
0.00 0.00 0.00 0.00 0.00 0.00 0.00 0.81 3.09 5.26 7.75 9.99 11.78 13.14 13.58 13.24 12.17 9.66 6.91 4.24 1.83 0.00 0.00 0.00
0.00 0.00 0.00 0.00 0.00 0.00 0.00 1.30 4.94 8.42 12.40 15.98 18.84 21.02 21.72 21.18 19.47 15.46 11.06 6.79 2.93 0.00 0.00 0.00
0.00 0.00 0.00 0.00 0.00 0.00 0.00 13.47 103.15 189.75 287.21 382.95 463.76 506.04 519.69 495.02 456.14 372.42 265.54 155.09 72.73 0.00 0.00 0.00
