0.00 0.00 0.00 0.00 0.00 0.00 0.00 0.00 0.00 0.79 1.83 2.64 3.37 3.79 3.86 3.52 2.82 1.96 0.96 0.00 0.00 0.00 0.00 0.00
0.00 0.00 0.00 0.00 0.00 0.00 0.00 0.00 3.99 18.70 34.65 48.41 58.42 57.95 56.23 50.59 38.23 25.88 11.17 0.00 0.00 0.00 0.00 0.00
0.00 0.00 0.00 0.00 0.00 0.00 0.00 0.00 0.00 18.13 41.84 60.32 77.12 86.66 88.35 80.45 64.43 44.76 22.05 0.00 0.00 0.00 0.00 0.00
0.00 0.00 0.00 0.00 0.00 0.00 0.00 0.00 0.00 64.44 148.70 214.39 274.09 307.99 313.97 285.90 229.00 159.08 78.38 0.00 0.00 0.00 0.00 0.00
0.00 0.00 0.00 0.00 0.00 0.00 0.00 0.00 1.06 3.72 6.68 9.17 10.56 10.41 10.09 9.00 6.96 4.51 1.58 0.00 0.00 0.00 0.00 0.00
0.00 0.00 0.00 0.00 0.00 0.00 0.00 0.00 0.00 144.70 339.59 492.59 643.70 730.20 748.73 690.17 545.79 366.65 189.31 0.00 0.00 0.00 0.00 0.00
0.00 0.00 0.00 0.00 0.00 0.00 0.00 0.00 0.26 1.77 3.48 5.12 6.13 6.51 6.45 5.72 4.41 2.90 1.09 0.00 0.00 0.00 0.00 0.00
0.00 0.00 0.00 0.00 0.00 0.00 0.00 0.00 0.22 1.12 2.06 2.92 3.47 3.58 3.56 3.17 2.49 1.69 0.71 0.00 0.00 0.00 0.00 0.00
0.00 0.00 0.00 0.00 0.00 0.00 0.00 0.00 0.36 1.78 3.30 4.67 5.56 5.73 5.69 5.07 3.99 2.70 1.14 0.00 0.00 0.00 0.00 0.00
0.00 0.00 0.00 0.00 0.00 0.00 0.00 0.00 0.36 1.78 3.30 4.67 5.56 5.73 5.69 5.07 3.99 2.70 1.14 0.00 0.00 0.00 0.00 0.00
0.00 0.00 0.00 0.00 0.00 0.00 0.00 0.00 0.50 3.58 7.06 10.14 12.73 14.32 14.47 13.22 10.91 7.45 3.27 0.00 0.00 0.00 0.00 0.00
0.00 0.00 0.00 0.00 0.00 0.00 0.00 0.00 0.24 1.68 3.32 4.81 6.09 6.72 6.76 6.18 5.06 3.45 1.51 0.00 0.00 0.00 0.00 0.00
0.00 0.00 0.00 0.00 0.00 0.00 0.00 0.00 0.31 2.16 4.27 6.19 7.84 8.64 8.69 7.94 6.51 4.44 1.95 0.00 0.00 0.00 0.00 0.00
0.00 0.00 0.00 0.00 0.00 0.00 0.00 0.00 0.21 1.44 2.85 4.12 5.22 5.76 5.79 5.29 4.34 2.96 1.30 0.00 0.00 0.00 0.00 0.00
0.00 0.00 0.00 0.00 0.00 0.00 0.00 0.00 0.21 1.44 2.85 4.12 5.22 5.76 5.79 5.29 4.34 2.96 1.30 0.00 0.00 0.00 0.00 0.00
0.00 0.00 0.00 0.00 0.00 0.00 0.00 0.00 2.49 16.59 30.30 45.36 57.20 62.62 64.86 59.20 50.04 32.76 15.74 0.00 0.00 0.00 0.00 0.00
0.00 0.00 0.00 0.00 0.00 0.00 0.00 0.00 1.68 11.36 22.18 31.20 39.62 44.27 45.36 41.18 32.51 22.11 9.48 0.00 0.00 0.00 0.00 0.00
0.00 0.00 0.00 0.00 0.00 0.00 0.00 0.00 1.15 9.60 19.06 26.82 34.17 37.19 36.63 33.21 26.70 18.24 7.88 0.00 0.00 0.00 0.00 0.00
0.00 0.00 0.00 0.00 0.00 0.00 0.00 0.00 0.00 42.68 100.17 145.30 189.87 215.38 220.85 203.58 160.99 108.15 55.84 0.00 0.00 0.00 0.00 0.00
0.00 0.00 0.00 0.00 0.00 0.00 0.00 0.00 0.00 40.60 95.28 138.21 180.61 204.88 210.07 193.65 153.14 102.87 53.12 0.00 0.00 0.00 0.00 0.00
0.00 0.00 0.00 0.00 0.00 0.00 0.00 0.00 0.00 78.07 183.23 265.78 347.32 393.99 403.99 372.40 294.49 197.83 102.15 0.00 0.00 0.00 0.00 0.00
0.00 0.00 0.00 0.00 0.00 0.00 0.00 0.00 0.00 76.77 180.18 261.35 341.53 387.43 397.26 366.19 289.58 194.54 100.44 0.00 0.00 0.00 0.00 0.00
0.00 0.00 0.00 0.00 0.00 0.00 0.00 0.00 0.00 82.38 192.89 274.73 356.63 406.19 412.47 375.78 302.59 210.25 103.39 0.00 0.00 0.00 0.00 0.00
0.00 0.00 0.00 0.00 0.00 0.00 0.00 0.00 0.22 1.12 2.06 2.92 3.47 3.58 3.56 3.17 2.49 1.69 0.71 0.00 0.00 0.00 0.00 0.00
0.00 0.00 0.00 0.00 0.00 0.00 0.00 0.00 1.14 5.65 10.45 14.80 17.60 18.14 18.03 16.07 12.63 8.54 3.61 0.00 0.00 0.00 0.00 0.00
0.00 0.00 0.00 0.00 0.00 0.00 0.00 0.00 5.82 28.85 53.34 75.57 89.83 92.60 92.03 82.04 64.48 43.59 18.43 0.00 0.00 0.00 0.00 0.00
0.00 0.00 0.00 0.00 0.00 0.00 0.00 0.00 0.00 2.91 6.84 9.92 12.97 14.71 15.08 13.90 10.99 7.39 3.81 0.00 0.00 0.00 0.00 0.00
0.00 0.00 0.00 0.00 0.00 0.00 0.00 0.00 0.00 63.44 146.38 211.05 269.82 303.19 309.08 281.45 225.43 156.60 77.16 0.00 0.00 0.00 0.00 0.00
0.00 0.00 0.00 0.00 0.00 0.00 0.00 0.00 0.17 4.66 10.09 14.50 18.59 22.50 22.79 21.30 17.68 12.52 6.05 0.00 0.00 0.00 0.00 0.00
0.00 0.00 0.00 0.00 0.00 0.00 0.00 0.00 0.00 33.42 73.65 104.53 130.74 146.57 145.26 129.31 101.52 70.18 31.44 0.00 0.00 0.00 0.00 0.00
0.00 0.00 0.00 0.00 0.00 0.00 0.00 0.00 0.00 1.06 2.44 3.52 4.50 5.05 5.15 4.69 3.76 2.61 1.29 0.00 0.00 0.00 0.00 0.00
0.00 0.00 0.00 0.00 0.00 0.00 0.00 0.00 0.00 47.58 109.78 158.28 202.37 227.39 231.81 211.08 169.07 117.45 57.87 0.00 0.00 0.00 0.00 0.00
0.00 0.00 0.00 0.00 0.00 0.00 0.00 0.00 0.00 61.06 140.89 203.13 259.70 291.82 297.49 270.89 216.97 150.73 74.26 0.00 0.00 0.00 0.00 0.00
0.00 0.00 0.00 0.00 0.00 0.00 0.00 0.00 0.00 108.64 254.37 362.30 470.30 535.67 543.94 495.56 399.05 277.26 136.34 0.00 0.00 0.00 0.00 0.00
0.00 0.00 0.00 0.00 0.00 0.00 0.00 0.00 0.35 2.62 5.24 7.71 9.72 10.47 10.62 9.65 7.67 5.23 2.36 0.00 0.00 0.00 0.00 0.00
0.00 0.00 0.00 0.00 0.00 0.00 0.00 0.00 0.44 3.21 6.46 9.53 12.11 13.12 13.26 12.10 9.72 6.63 2.97 0.00 0.00 0.00 0.00 0.00
0.00 0.00 0.00 0.00 0.00 0.00 0.00 0.00 0.69 19.22 41.64 59.82 76.69 92.82 94.00 87.84 72.93 51.63 24.94 0.00 0.00 0.00 0.00 0.00
0.00 0.00 0.00 0.00 0.00 0.00 0.00 0.00 0.00 69.08 184.65 266.99 351.59 399.42 412.96 375.88 297.09 211.03 105.15 0.00 0.00 0.00 0.00 0.00
0.00 0.00 0.00 0.00 0.00 0.00 0.00 0.00 0.15 0.92 1.79 2.52 3.11 3.42 3.49 3.16 2.52 1.71 0.72 0.00 0.00 0.00 0.00 0.00
0.00 0.00 0.00 0.00 0.00 0.00 0.00 0.00 0.00 15.71 35.73 51.23 65.53 74.49 75.84 68.07 54.42 37.76 17.96 0.00 0.00 0.00 0.00 0.00
0.00 0.00 0.00 0.00 0.00 0.00 0.00 0.00 0.00 5.24 12.99 18.89 24.15 26.59 27.53 25.13 20.24 13.65 7.39 0.00 0.00 0.00 0.00 0.00
0.00 0.00 0.00 0.00 0.00 0.00 0.00 0.00 0.35 2.15 4.18 5.87 7.08 7.59 7.45 6.71 5.14 3.36 1.21 0.00 0.00 0.00 0.00 0.00
0.00 0.00 0.00 0.00 0.00 0.00 0.00 0.00 0.18 1.07 2.09 2.94 3.54 3.79 3.73 3.36 2.57 1.68 0.61 0.00 0.00 0.00 0.00 0.00
0.00 0.00 0.00 0.00 0.00 0.00 0.00 0.00 0.39 2.35 4.58 6.42 7.74 8.30 8.15 7.34 5.63 3.68 1.33 0.00 0.00 0.00 0.00 0.00
0.00 0.00 0.00 0.00 0.00 0.00 0.00 0.00 0.47 2.80 5.42 7.59 9.21 9.74 9.71 8.75 6.71 4.40 1.62 0.00 0.00 0.00 0.00 0.00
0.00 0.00 0.00 0.00 0.00 0.00 0.00 0.00 0.71 4.27 8.25 11.56 14.03 14.84 14.80 13.33 10.22 6.70 2.47 0.00 0.00 0.00 0.00 0.00
0.00 0.00 0.00 0.00 0.00 0.00 0.00 0.00 0.53 3.59 7.09 10.24 12.45 13.25 13.14 11.53 8.87 5.85 2.21 0.00 0.00 0.00 0.00 0.00
0.00 0.00 0.00 0.00 0.00 0.00 0.00 0.00 0.02 2.82 6.04 8.51 10.55 11.53 11.46 10.13 7.81 5.30 2.23 0.00 0.00 0.00 0.00 0.00
0.00 0.00 0.00 0.00 0.00 0.00 0.00 0.00 0.05 7.27 15.61 21.98 27.25 29.78 29.62 26.16 20.17 13.70 5.76 0.00 0.00 0.00 0.00 0.00
0.00 0.00 0.00 0.00 0.00 0.00 0.00 0.00 0.01 1.85 4.01 5.65 7.04 7.77 7.75 6.86 5.40 3.71 1.61 0.00 0.00 0.00 0.00 0.00
0.00 0.00 0.00 0.00 0.00 0.00 0.00 0.00 0.77 4.16 7.92 11.21 14.01 14.88 14.93 13.44 10.72 7.18 2.88 0.00 0.00 0.00 0.00 0.00
0.00 0.00 0.00 0.00 0.00 0.00 0.00 0.00 1.13 6.81 13.12 18.49 22.34 23.93 24.46 22.57 17.50 11.65 4.57 0.00 0.00 0.00 0.00 0.00
0.00 0.00 0.00 0.00 0.00 0.00 0.00 0.00 0.29 1.07 1.95 2.63 3.10 3.24 3.21 2.83 2.25 1.46 0.51 0.00 0.00 0.00 0.00 0.00
0.00 0.00 0.00 0.00 0.00 0.00 0.00 0.00 1.50 6.15 11.22 15.56 18.08 18.13 17.78 15.68 12.34 8.16 3.13 0.00 0.00 0.00 0.00 0.00
0.00 0.00 0.00 0.00 0.00 0.00 0.00 0.00 1.09 4.16 7.45 10.42 11.99 12.52 12.06 10.63 8.26 5.41 1.99 0.00 0.00 0.00 0.00 0.00
0.00 0.00 0.00 0.00 0.00 0.00 0.00 0.00 1.50 5.74 10.27 14.38 16.55 17.28 16.64 14.67 11.40 7.47 2.75 0.00 0.00 0.00 0.00 0.00
0.00 0.00 0.00 0.00 0.00 0.00 0.00 0.00 1.02 3.91 7.00 9.80 11.27 11.77 11.34 9.99 7.77 5.09 1.87 0.00 0.00 0.00 0.00 0.00
0.00 0.00 0.00 0.00 0.00 0.00 0.00 0.00 0.80 3.28 5.98 8.30 9.64 9.67 9.48 8.36 6.58 4.35 1.67 0.00 0.00 0.00 0.00 0.00
0.00 0.00 0.00 0.00 0.00 0.00 0.00 0.00 0.92 3.30 5.89 7.97 9.30 9.27 9.11 8.15 6.24 4.05 1.45 0.00 0.00 0.00 0.00 0.00
0.00 0.00 0.00 0.00 0.00 0.00 0.00 0.00 0.64 3.20 5.91 8.37 9.96 10.26 10.20 9.09 7.15 4.83 2.04 0.00 0.00 0.00 0.00 0.00
0.00 0.00 0.00 0.00 0.00 0.00 0.00 0.00 3.24 21.59 39.44 59.05 74.45 81.50 84.42 77.05 65.13 42.64 20.49 0.00 0.00 0.00 0.00 0.00
0.00 0.00 0.00 0.00 0.00 0.00 0.00 0.00 0.56 4.06 8.00 11.49 14.43 16.23 16.39 14.98 12.36 8.45 3.71 0.00 0.00 0.00 0.00 0.00
0.00 0.00 0.00 0.00 0.00 0.00 0.00 0.00 1.15 6.66 12.83 18.11 22.26 23.56 23.52 21.77 17.40 11.80 4.97 0.00 0.00 0.00 0.00 0.00
0.00 0.00 0.00 0.00 0.00 0.00 0.00 0.00 0.53 3.05 5.88 8.30 10.20 10.80 10.78 9.98 7.98 5.41 2.28 0.00 0.00 0.00 0.00 0.00
0.00 0.00 0.00 0.00 0.00 0.00 0.00 0.00 0.71 5.11 10.01 14.25 17.84 20.23 20.53 18.68 15.29 10.45 4.58 0.00 0.00 0.00 0.00 0.00
0.00 0.00 0.00 0.00 0.00 0.00 0.00 0.00 0.36 2.23 4.34 6.12 7.55 8.31 8.46 7.68 6.13 4.15 1.74 0.00 0.00 0.00 0.00 0.00
0.00 0.00 0.00 0.00 0.00 0.00 0.00 0.00 0.72 19.90 43.11 61.93 79.40 96.10 97.32 90.95 75.51 53.46 25.83 0.00 0.00 0.00 0.00 0.00
0.00 0.00 0.00 0.00 0.00 0.00 0.00 0.00 0.00 7.99 17.61 25.00 31.26 35.05 34.74 30.92 24.28 16.78 7.52 0.00 0.00 0.00 0.00 0.00
0.00 0.00 0.00 0.00 0.00 0.00 0.00 0.00 0.00 1.79 3.93 5.55 7.03 7.82 7.89 7.01 5.49 3.80 1.72 0.00 0.00 0.00 0.00 0.00
0.00 0.00 0.00 0.00 0.00 0.00 0.00 0.00 0.00 2.23 4.82 6.92 8.67 9.68 9.71 8.80 7.03 4.88 2.22 0.00 0.00 0.00 0.00 0.00
0.00 0.00 0.00 0.00 0.00 0.00 0.00 0.00 0.00 3.57 7.70 11.07 13.87 15.49 15.53 14.07 11.25 7.80 3.56 0.00 0.00 0.00 0.00 0.00
0.00 0.00 0.00 0.00 0.00 0.00 0.00 0.00 0.00 79.38 186.29 270.21 353.11 400.56 410.72 378.60 299.40 201.13 103.85 0.00 0.00 0.00 0.00 0.00
