0.00 0.00 0.00 0.00 0.00 0.00 0.00 0.00 0.00 0.69 1.91 2.81 3.74 4.36 4.52 4.32 3.64 2.73 1.80 0.38 0.00 0.00 0.00 0.00
0.00 0.00 0.00 0.00 0.00 0.00 0.00 0.00 0.01 10.98 16.95 25.54 32.21 43.14 44.68 43.02 39.02 29.56 18.40 2.55 0.00 0.00 0.00 0.00
0.00 0.00 0.00 0.00 0.00 0.00 0.00 0.00 0.00 15.80 43.63 64.26 85.41 99.59 103.35 98.77 83.19 62.38 41.14 8.77 0.00 0.00 0.00 0.00
0.00 0.00 0.00 0.00 0.00 0.00 0.00 0.00 0.00 56.17 155.04 228.36 303.55 353.92 367.29 351.03 295.66 221.71 146.19 31.18 0.00 0.00 0.00 0.00
0.00 0.00 0.00 0.00 0.00 0.00 0.00 0.00 0.24 2.06 3.55 5.19 6.48 6.74 6.69 6.38 2.94 2.15 1.25 0.19 0.00 0.00 0.00 0.00
0.00 0.00 0.00 0.00 0.00 0.00 0.00 0.00 0.00 114.85 332.57 495.79 660.38 779.14 832.45 802.98 701.14 522.44 346.25 86.05 0.00 0.00 0.00 0.00
0.00 0.00 0.00 0.00 0.00 0.00 0.00 0.00 0.00 1.17 2.60 3.92 5.08 5.60 5.61 5.42 5.84 4.11 2.47 0.31 0.00 0.00 0.00 0.00
0.00 0.00 0.00 0.00 0.00 0.00 0.00 0.00 0.00 0.54 1.09 1.65 2.19 2.35 2.42 2.38 2.07 1.55 0.96 0.17 0.00 0.00 0.00 0.00
0.00 0.00 0.00 0.00 0.00 0.00 0.00 0.00 0.00 0.86 1.74 2.64 3.50 3.77 3.86 3.80 3.31 2.48 1.53 0.27 0.00 0.00 0.00 0.00
0.00 0.00 0.00 0.00 0.00 0.00 0.00 0.00 0.00 0.86 1.74 2.64 3.50 3.77 3.86 3.80 3.31 2.48 1.53 0.27 0.00 0.00 0.00 0.00
0.00 0.00 0.00 0.00 0.00 0.00 0.00 0.00 0.00 2.51 3.90 5.86 7.96 9.68 9.99 9.81 9.88 7.28 4.58 0.91 0.00 0.00 0.00 0.00
0.00 0.00 0.00 0.00 0.00 0.00 0.00 0.00 0.00 1.21 1.86 2.84 3.84 5.02 5.17 5.06 4.57 3.40 2.13 0.42 0.00 0.00 0.00 0.00
0.00 0.00 0.00 0.00 0.00 0.00 0.00 0.00 0.00 1.56 2.39 3.66 4.93 6.46 6.65 6.51 5.87 4.37 2.74 0.54 0.00 0.00 0.00 0.00
0.00 0.00 0.00 0.00 0.00 0.00 0.00 0.00 0.00 1.04 1.59 2.44 3.29 4.30 4.43 4.34 3.91 2.91 1.83 0.36 0.00 0.00 0.00 0.00
0.00 0.00 0.00 0.00 0.00 0.00 0.00 0.00 0.00 1.04 1.59 2.44 3.29 4.30 4.43 4.34 3.91 2.91 1.83 0.36 0.00 0.00 0.00 0.00
0.00 0.00 0.00 0.00 0.00 0.00 0.00 0.00 0.00 13.83 20.59 31.38 40.45 46.34 48.94 47.53 48.34 35.96 23.14 6.44 0.00 0.00 0.00 0.00
0.00 0.00 0.00 0.00 0.00 0.00 0.00 0.00 0.00 7.46 12.30 18.78 25.79 27.05 27.46 27.02 32.85 24.29 15.17 2.56 0.00 0.00 0.00 0.00
0.00 0.00 0.00 0.00 0.00 0.00 0.00 0.00 0.00 5.77 9.83 14.96 19.77 27.80 28.52 27.68 33.62 24.87 15.60 2.33 0.00 0.00 0.00 0.00
0.00 0.00 0.00 0.00 0.00 0.00 0.00 0.00 0.00 33.88 98.10 146.24 194.79 229.82 245.54 236.85 206.81 154.10 102.13 25.38 0.00 0.00 0.00 0.00
0.00 0.00 0.00 0.00 0.00 0.00 0.00 0.00 0.00 32.23 93.31 139.11 185.29 218.61 233.56 225.30 196.72 146.58 97.15 24.14 0.00 0.00 0.00 0.00
0.00 0.00 0.00 0.00 0.00 0.00 0.00 0.00 0.00 61.97 179.45 267.51 356.32 420.40 449.16 433.26 378.31 281.89 186.83 46.43 0.00 0.00 0.00 0.00
0.00 0.00 0.00 0.00 0.00 0.00 0.00 0.00 0.00 60.94 176.46 263.05 350.38 413.39 441.68 426.04 372.01 277.19 183.71 45.66 0.00 0.00 0.00 0.00
0.00 0.00 0.00 0.00 0.00 0.00 0.00 0.00 0.00 69.81 198.52 294.21 391.06 462.42 474.36 455.25 386.76 289.01 191.05 40.62 0.00 0.00 0.00 0.00
0.00 0.00 0.00 0.00 0.00 0.00 0.00 0.00 0.00 0.54 1.09 1.65 2.19 2.35 2.42 2.38 2.07 1.55 0.96 0.17 0.00 0.00 0.00 0.00
0.00 0.00 0.00 0.00 0.00 0.00 0.00 0.00 0.00 2.73 5.51 8.37 11.07 11.93 12.24 12.05 10.49 7.84 4.86 0.86 0.00 0.00 0.00 0.00
0.00 0.00 0.00 0.00 0.00 0.00 0.00 0.00 0.00 13.96 28.15 42.72 56.53 60.89 62.48 61.51 53.54 40.02 24.80 4.37 0.00 0.00 0.00 0.00
0.00 0.00 0.00 0.00 0.00 0.00 0.00 0.00 0.00 2.31 6.70 9.99 13.30 15.69 16.77 16.18 14.12 10.52 6.97 1.73 0.00 0.00 0.00 0.00
0.00 0.00 0.00 0.00 0.00 0.00 0.00 0.00 0.00 55.29 152.63 224.80 298.82 348.40 361.57 345.56 291.05 218.25 143.92 30.70 0.00 0.00 0.00 0.00
0.00 0.00 0.00 0.00 0.00 0.00 0.00 0.00 0.00 2.43 5.40 8.00 10.80 15.51 16.57 15.99 18.97 14.74 9.60 2.18 0.00 0.00 0.00 0.00
0.00 0.00 0.00 0.00 0.00 0.00 0.00 0.00 0.00 32.22 82.03 119.61 154.36 176.08 178.33 170.95 144.63 107.98 69.12 12.06 0.00 0.00 0.00 0.00
0.00 0.00 0.00 0.00 0.00 0.00 0.00 0.00 0.00 0.92 2.54 3.75 4.98 5.81 6.03 5.76 4.85 3.64 2.40 0.51 0.00 0.00 0.00 0.00
0.00 0.00 0.00 0.00 0.00 0.00 0.00 0.00 0.00 41.47 114.47 168.60 224.12 261.30 271.18 259.17 218.29 163.69 107.94 23.02 0.00 0.00 0.00 0.00
0.00 0.00 0.00 0.00 0.00 0.00 0.00 0.00 0.00 53.22 146.90 216.37 287.62 335.34 348.01 332.60 280.14 210.07 138.52 29.55 0.00 0.00 0.00 0.00
0.00 0.00 0.00 0.00 0.00 0.00 0.00 0.00 0.00 92.07 261.80 387.99 515.71 609.82 625.56 600.36 510.04 381.13 251.95 53.56 0.00 0.00 0.00 0.00
0.00 0.00 0.00 0.00 0.00 0.00 0.00 0.00 0.00 1.67 2.96 4.59 6.24 9.16 9.64 9.36 7.23 5.40 3.43 0.74 0.00 0.00 0.00 0.00
0.00 0.00 0.00 0.00 0.00 0.00 0.00 0.00 0.00 2.19 3.75 5.87 7.96 10.84 11.44 11.14 8.92 6.64 4.20 0.87 0.00 0.00 0.00 0.00
0.00 0.00 0.00 0.00 0.00 0.00 0.00 0.00 0.00 10.04 22.28 33.01 44.54 63.96 68.35 65.97 78.24 60.80 39.58 9.00 0.00 0.00 0.00 0.00
0.00 0.00 0.00 0.00 0.00 0.00 0.00 0.00 0.00 55.12 177.59 270.39 366.32 442.85 467.72 446.52 389.43 298.42 200.18 47.26 0.00 0.00 0.00 0.00
0.00 0.00 0.00 0.00 0.00 0.00 0.00 0.00 0.00 0.57 1.07 1.64 2.23 2.35 2.38 2.29 2.80 2.09 1.30 0.19 0.00 0.00 0.00 0.00
0.00 0.00 0.00 0.00 0.00 0.00 0.00 0.00 0.00 14.73 39.23 57.47 76.76 89.32 91.81 87.45 74.09 54.93 35.88 7.04 0.00 0.00 0.00 0.00
0.00 0.00 0.00 0.00 0.00 0.00 0.00 0.00 0.00 4.00 12.24 18.69 25.78 30.80 32.93 31.20 26.86 20.19 13.16 3.76 0.00 0.00 0.00 0.00
0.00 0.00 0.00 0.00 0.00 0.00 0.00 0.00 0.00 1.32 2.68 3.94 5.04 5.81 5.93 5.62 6.29 4.48 2.67 0.31 0.00 0.00 0.00 0.00
0.00 0.00 0.00 0.00 0.00 0.00 0.00 0.00 0.00 0.66 1.34 1.97 2.52 2.90 2.96 2.81 3.15 2.24 1.33 0.16 0.00 0.00 0.00 0.00
0.00 0.00 0.00 0.00 0.00 0.00 0.00 0.00 0.00 1.45 2.93 4.31 5.52 6.35 6.49 6.15 6.88 4.90 2.92 0.34 0.00 0.00 0.00 0.00
0.00 0.00 0.00 0.00 0.00 0.00 0.00 0.00 0.00 1.40 3.56 5.27 6.81 7.95 8.09 7.76 8.12 5.78 3.46 0.41 0.00 0.00 0.00 0.00
0.00 0.00 0.00 0.00 0.00 0.00 0.00 0.00 0.00 2.13 5.43 8.03 10.38 12.12 12.32 11.82 12.37 8.81 5.27 0.63 0.00 0.00 0.00 0.00
0.00 0.00 0.00 0.00 0.00 0.00 0.00 0.00 0.00 2.31 5.43 8.11 10.51 11.71 11.74 11.38 11.74 8.20 4.95 0.71 0.00 0.00 0.00 0.00
0.00 0.00 0.00 0.00 0.00 0.00 0.00 0.00 0.00 2.49 6.49 9.44 12.24 14.10 14.17 13.37 11.58 8.44 5.29 0.81 0.00 0.00 0.00 0.00
0.00 0.00 0.00 0.00 0.00 0.00 0.00 0.00 0.00 6.43 16.76 24.38 31.62 36.43 36.61 34.53 29.91 21.80 13.66 2.09 0.00 0.00 0.00 0.00
0.00 0.00 0.00 0.00 0.00 0.00 0.00 0.00 0.00 1.79 4.32 6.34 8.28 9.17 9.24 8.78 7.80 5.82 3.69 0.62 0.00 0.00 0.00 0.00
0.00 0.00 0.00 0.00 0.00 0.00 0.00 0.00 0.00 2.52 4.91 7.59 9.90 11.45 11.90 11.57 12.18 8.93 5.46 0.78 0.00 0.00 0.00 0.00
0.00 0.00 0.00 0.00 0.00 0.00 0.00 0.00 0.00 3.19 6.90 10.47 13.63 19.45 19.76 19.14 18.35 13.36 8.12 1.36 0.00 0.00 0.00 0.00
0.00 0.00 0.00 0.00 0.00 0.00 0.00 0.00 0.07 0.62 1.07 1.54 1.90 2.14 2.14 2.06 1.40 1.03 0.60 0.13 0.00 0.00 0.00 0.00
0.00 0.00 0.00 0.00 0.00 0.00 0.00 0.00 0.20 3.52 7.01 10.56 13.27 10.49 10.57 10.41 9.65 6.99 4.19 1.01 0.00 0.00 0.00 0.00
0.00 0.00 0.00 0.00 0.00 0.00 0.00 0.00 0.20 2.42 4.34 6.48 7.98 8.25 8.41 8.16 4.19 3.02 1.79 0.62 0.00 0.00 0.00 0.00
0.00 0.00 0.00 0.00 0.00 0.00 0.00 0.00 0.28 3.34 5.98 8.94 11.01 11.38 11.60 11.26 5.79 4.16 2.47 0.85 0.00 0.00 0.00 0.00
0.00 0.00 0.00 0.00 0.00 0.00 0.00 0.00 0.19 2.27 4.08 6.09 7.50 7.75 7.90 7.67 3.94 2.83 1.68 0.58 0.00 0.00 0.00 0.00
0.00 0.00 0.00 0.00 0.00 0.00 0.00 0.00 0.11 1.88 3.74 5.63 7.08 5.60 5.64 5.55 5.14 3.73 2.24 0.54 0.00 0.00 0.00 0.00
0.00 0.00 0.00 0.00 0.00 0.00 0.00 0.00 0.20 1.79 3.19 4.72 5.71 5.72 5.77 5.45 2.67 1.96 1.15 0.21 0.00 0.00 0.00 0.00
0.00 0.00 0.00 0.00 0.00 0.00 0.00 0.00 0.00 1.55 3.12 4.73 6.26 6.75 6.92 6.82 5.93 4.43 2.75 0.48 0.00 0.00 0.00 0.00
0.00 0.00 0.00 0.00 0.00 0.00 0.00 0.00 0.00 18.00 26.81 40.84 52.64 60.31 63.71 61.87 62.92 46.80 30.12 8.39 0.00 0.00 0.00 0.00
0.00 0.00 0.00 0.00 0.00 0.00 0.00 0.00 0.00 2.84 4.41 6.64 9.03 10.97 11.32 11.11 11.19 8.25 5.19 1.04 0.00 0.00 0.00 0.00
0.00 0.00 0.00 0.00 0.00 0.00 0.00 0.00 0.00 3.93 7.54 11.84 15.77 19.83 20.11 20.07 16.17 11.84 7.35 1.27 0.00 0.00 0.00 0.00
0.00 0.00 0.00 0.00 0.00 0.00 0.00 0.00 0.00 1.80 3.46 5.43 7.23 9.09 9.21 9.20 7.41 5.43 3.37 0.58 0.00 0.00 0.00 0.00
0.00 0.00 0.00 0.00 0.00 0.00 0.00 0.00 0.00 3.49 5.55 8.31 11.36 13.27 13.65 13.32 14.15 10.48 6.59 1.25 0.00 0.00 0.00 0.00
0.00 0.00 0.00 0.00 0.00 0.00 0.00 0.00 0.00 1.38 2.59 3.98 5.42 5.70 5.79 5.57 6.81 5.08 3.15 0.47 0.00 0.00 0.00 0.00
0.00 0.00 0.00 0.00 0.00 0.00 0.00 0.00 0.00 10.40 23.07 34.18 46.12 66.22 70.77 68.30 81.01 62.95 40.98 9.32 0.00 0.00 0.00 0.00
0.00 0.00 0.00 0.00 0.00 0.00 0.00 0.00 0.00 7.70 19.62 28.60 36.91 42.11 42.64 40.88 34.58 25.82 16.53 2.88 0.00 0.00 0.00 0.00
0.00 0.00 0.00 0.00 0.00 0.00 0.00 0.00 0.00 1.75 4.36 6.38 8.33 9.25 9.45 9.10 7.89 5.84 3.75 0.65 0.00 0.00 0.00 0.00
0.00 0.00 0.00 0.00 0.00 0.00 0.00 0.00 0.00 2.20 4.90 7.23 9.27 11.14 11.36 10.81 9.61 7.25 4.66 0.81 0.00 0.00 0.00 0.00
0.00 0.00 0.00 0.00 0.00 0.00 0.00 0.00 0.00 3.51 7.85 11.57 14.83 17.83 18.18 17.29 15.38 11.61 7.46 1.29 0.00 0.00 0.00 0.00
0.00 0.00 0.00 0.00 0.00 0.00 0.00 0.00 0.00 63.00 182.44 271.97 362.26 427.41 456.65 440.48 384.62 286.59 189.94 47.20 0.00 0.00 0.00 0.00
