0.00 0.00 0.00 0.00 0.00 0.00 0.00 0.00 0.42 1.31 2.32 3.22 3.99 4.49 4.61 4.39 3.80 2.87 1.77 0.47 0.00 0.00 0.00 0.00
0.00 0.00 0.00 0.00 0.00 0.00 0.00 0.00 11.29 26.65 42.22 54.34 65.71 62.71 60.90 56.32 41.59 30.24 18.48 4.39 0.00 0.00 0.00 0.00
0.00 0.00 0.00 0.00 0.00 0.00 0.00 0.00 9.59 30.03 53.06 73.70 91.35 102.75 105.48 100.30 87.00 65.56 40.39 10.85 0.00 0.00 0.00 0.00
0.00 0.00 0.00 0.00 0.00 0.00 0.00 0.00 34.07 106.74 188.57 261.94 324.66 365.15 374.88 356.44 309.18 233.00 143.55 38.55 0.00 0.00 0.00 0.00
0.00 0.00 0.00 0.00 0.00 0.00 0.00 0.00 2.00 4.17 4.85 6.20 7.16 8.29 8.04 7.33 6.85 4.90 2.94 0.48 0.00 0.00 0.00 0.00
0.00 0.00 0.00 0.00 0.00 0.00 0.00 0.00 66.00 230.20 421.78 590.02 730.55 815.44 836.46 814.42 715.82 541.08 336.35 95.28 0.00 0.00 0.00 0.00
0.00 0.00 0.00 0.00 0.00 0.00 0.00 0.00 1.33 2.99 4.83 6.37 7.62 7.99 8.07 7.48 6.30 4.60 2.80 0.47 0.00 0.00 0.00 0.00
0.00 0.00 0.00 0.00 0.00 0.00 0.00 0.00 0.59 1.38 2.05 2.72 3.18 3.20 3.15 2.94 2.33 1.71 1.02 0.25 0.00 0.00 0.00 0.00
0.00 0.00 0.00 0.00 0.00 0.00 0.00 0.00 0.94 2.21 3.28 4.34 5.09 5.12 5.05 4.71 3.72 2.74 1.63 0.39 0.00 0.00 0.00 0.00
0.00 0.00 0.00 0.00 0.00 0.00 0.00 0.00 0.94 2.21 3.28 4.34 5.09 5.12 5.05 4.71 3.72 2.74 1.63 0.39 0.00 0.00 0.00 0.00
0.00 0.00 0.00 0.00 0.00 0.00 0.00 0.00 2.64 6.50 10.67 14.37 17.43 16.19 16.37 15.28 11.21 8.11 4.80 0.98 0.00 0.00 0.00 0.00
0.00 0.00 0.00 0.00 0.00 0.00 0.00 0.00 1.24 3.04 4.88 6.64 8.06 7.24 7.22 6.72 5.36 3.88 2.28 0.47 0.00 0.00 0.00 0.00
0.00 0.00 0.00 0.00 0.00 0.00 0.00 0.00 1.59 3.91 6.28 8.53 10.36 9.31 9.28 8.64 6.90 4.99 2.93 0.60 0.00 0.00 0.00 0.00
0.00 0.00 0.00 0.00 0.00 0.00 0.00 0.00 1.06 2.60 4.19 5.69 6.91 6.20 6.19 5.76 4.60 3.33 1.95 0.40 0.00 0.00 0.00 0.00
0.00 0.00 0.00 0.00 0.00 0.00 0.00 0.00 1.06 2.60 4.19 5.69 6.91 6.20 6.19 5.76 4.60 3.33 1.95 0.40 0.00 0.00 0.00 0.00
0.00 0.00 0.00 0.00 0.00 0.00 0.00 0.00 13.27 35.28 57.49 77.28 92.43 81.55 81.81 76.65 61.02 45.01 26.19 6.98 0.00 0.00 0.00 0.00
0.00 0.00 0.00 0.00 0.00 0.00 0.00 0.00 8.08 19.50 31.80 42.52 51.36 47.33 47.74 44.34 34.65 25.08 14.94 3.02 0.00 0.00 0.00 0.00
0.00 0.00 0.00 0.00 0.00 0.00 0.00 0.00 6.51 16.02 26.69 35.63 42.71 42.39 42.01 39.55 28.71 21.25 12.89 3.10 0.00 0.00 0.00 0.00
0.00 0.00 0.00 0.00 0.00 0.00 0.00 0.00 19.47 67.90 124.41 174.03 215.49 240.53 246.72 240.23 211.14 159.60 99.21 28.10 0.00 0.00 0.00 0.00
0.00 0.00 0.00 0.00 0.00 0.00 0.00 0.00 18.52 64.59 118.34 165.55 204.97 228.79 234.69 228.51 200.84 151.82 94.37 26.73 0.00 0.00 0.00 0.00
0.00 0.00 0.00 0.00 0.00 0.00 0.00 0.00 35.61 124.21 227.58 318.36 394.18 439.99 451.32 439.44 386.23 291.95 181.49 51.41 0.00 0.00 0.00 0.00
0.00 0.00 0.00 0.00 0.00 0.00 0.00 0.00 35.02 122.14 223.79 313.05 387.61 432.65 443.80 432.11 379.79 287.09 178.46 50.55 0.00 0.00 0.00 0.00
0.00 0.00 0.00 0.00 0.00 0.00 0.00 0.00 42.82 136.83 243.97 338.05 422.55 470.67 483.93 458.59 401.15 304.86 189.09 52.27 0.00 0.00 0.00 0.00
0.00 0.00 0.00 0.00 0.00 0.00 0.00 0.00 0.59 1.38 2.05 2.72 3.18 3.20 3.15 2.94 2.33 1.71 1.02 0.25 0.00 0.00 0.00 0.00
0.00 0.00 0.00 0.00 0.00 0.00 0.00 0.00 2.99 6.98 10.38 13.76 16.11 16.22 15.98 14.91 11.78 8.66 5.15 1.25 0.00 0.00 0.00 0.00
0.00 0.00 0.00 0.00 0.00 0.00 0.00 0.00 15.26 35.66 53.01 70.23 82.23 82.80 81.60 76.11 60.16 44.23 26.28 6.36 0.00 0.00 0.00 0.00
0.00 0.00 0.00 0.00 0.00 0.00 0.00 0.00 1.33 4.64 8.50 11.89 14.72 16.43 16.85 16.41 14.42 10.90 6.78 1.92 0.00 0.00 0.00 0.00
0.00 0.00 0.00 0.00 0.00 0.00 0.00 0.00 33.54 105.08 185.63 257.86 319.60 359.46 369.04 350.89 304.36 229.37 141.31 37.95 0.00 0.00 0.00 0.00
0.00 0.00 0.00 0.00 0.00 0.00 0.00 0.00 3.19 9.03 16.26 22.43 27.68 30.90 30.89 28.74 21.20 15.60 9.89 2.56 0.00 0.00 0.00 0.00
0.00 0.00 0.00 0.00 0.00 0.00 0.00 0.00 20.47 55.46 94.53 129.39 157.26 169.56 174.16 162.77 123.32 93.56 56.64 13.98 0.00 0.00 0.00 0.00
0.00 0.00 0.00 0.00 0.00 0.00 0.00 0.00 0.56 1.75 3.09 4.30 5.33 5.99 6.15 5.85 5.07 3.82 2.36 0.63 0.00 0.00 0.00 0.00
0.00 0.00 0.00 0.00 0.00 0.00 0.00 0.00 25.16 78.81 139.23 193.39 239.70 269.59 276.78 263.17 228.27 172.03 105.98 28.46 0.00 0.00 0.00 0.00
0.00 0.00 0.00 0.00 0.00 0.00 0.00 0.00 32.28 101.14 178.67 248.19 307.61 345.98 355.20 337.73 292.94 220.77 136.01 36.53 0.00 0.00 0.00 0.00
0.00 0.00 0.00 0.00 0.00 0.00 0.00 0.00 56.47 180.45 321.74 445.80 557.24 620.70 638.18 604.76 529.02 402.03 249.36 68.93 0.00 0.00 0.00 0.00
0.00 0.00 0.00 0.00 0.00 0.00 0.00 0.00 1.82 4.57 7.92 10.76 13.12 11.96 11.98 11.13 7.62 5.57 3.30 0.74 0.00 0.00 0.00 0.00
0.00 0.00 0.00 0.00 0.00 0.00 0.00 0.00 2.32 5.81 9.83 13.36 16.28 14.39 14.39 13.32 9.85 7.21 4.24 0.88 0.00 0.00 0.00 0.00
0.00 0.00 0.00 0.00 0.00 0.00 0.00 0.00 13.17 37.25 67.08 92.51 114.17 127.47 127.43 118.54 87.43 64.34 40.79 10.54 0.00 0.00 0.00 0.00
0.00 0.00 0.00 0.00 0.00 0.00 0.00 0.00 33.39 120.47 217.68 300.24 374.88 437.24 452.45 428.69 372.40 287.00 182.84 69.01 0.00 0.00 0.00 0.00
0.00 0.00 0.00 0.00 0.00 0.00 0.00 0.00 0.63 1.50 2.35 3.19 3.85 3.79 3.80 3.49 2.71 1.98 1.18 0.24 0.00 0.00 0.00 0.00
0.00 0.00 0.00 0.00 0.00 0.00 0.00 0.00 9.09 26.80 46.35 63.81 78.27 87.86 89.24 84.70 72.69 54.37 32.83 8.62 0.00 0.00 0.00 0.00
0.00 0.00 0.00 0.00 0.00 0.00 0.00 0.00 1.96 8.06 15.03 21.35 26.59 29.56 30.08 28.26 24.69 18.81 12.17 3.89 0.00 0.00 0.00 0.00
0.00 0.00 0.00 0.00 0.00 0.00 0.00 0.00 1.60 3.53 5.55 7.21 8.58 9.24 9.37 8.74 7.28 5.25 3.20 0.48 0.00 0.00 0.00 0.00
0.00 0.00 0.00 0.00 0.00 0.00 0.00 0.00 0.80 1.76 2.78 3.61 4.29 4.62 4.69 4.37 3.64 2.63 1.60 0.24 0.00 0.00 0.00 0.00
0.00 0.00 0.00 0.00 0.00 0.00 0.00 0.00 1.75 3.86 6.08 7.89 9.39 10.11 10.25 9.56 7.96 5.74 3.50 0.52 0.00 0.00 0.00 0.00
0.00 0.00 0.00 0.00 0.00 0.00 0.00 0.00 2.08 4.61 7.42 9.67 11.42 12.13 12.11 11.45 9.45 6.88 4.19 0.63 0.00 0.00 0.00 0.00
0.00 0.00 0.00 0.00 0.00 0.00 0.00 0.00 3.17 7.02 11.30 14.73 17.40 18.48 18.45 17.44 14.41 10.48 6.38 0.96 0.00 0.00 0.00 0.00
0.00 0.00 0.00 0.00 0.00 0.00 0.00 0.00 2.67 6.03 9.74 12.89 15.30 15.94 16.02 14.97 12.67 9.26 5.64 1.02 0.00 0.00 0.00 0.00
0.00 0.00 0.00 0.00 0.00 0.00 0.00 0.00 1.84 4.65 7.80 10.50 12.80 13.66 13.91 13.24 9.59 7.02 4.20 1.00 0.00 0.00 0.00 0.00
0.00 0.00 0.00 0.00 0.00 0.00 0.00 0.00 4.75 12.01 20.15 27.13 33.06 35.28 35.93 34.21 24.77 18.13 10.85 2.58 0.00 0.00 0.00 0.00
0.00 0.00 0.00 0.00 0.00 0.00 0.00 0.00 1.21 3.13 5.19 7.12 8.68 8.94 8.98 8.37 5.93 4.41 2.65 0.69 0.00 0.00 0.00 0.00
0.00 0.00 0.00 0.00 0.00 0.00 0.00 0.00 2.86 6.54 10.26 13.81 16.39 16.42 16.50 14.96 11.18 8.05 4.80 1.05 0.00 0.00 0.00 0.00
0.00 0.00 0.00 0.00 0.00 0.00 0.00 0.00 4.90 11.16 18.15 24.11 29.09 22.26 22.25 20.63 20.69 15.09 8.99 1.80 0.00 0.00 0.00 0.00
0.00 0.00 0.00 0.00 0.00 0.00 0.00 0.00 0.73 1.52 1.94 2.46 2.84 2.29 2.26 2.08 2.10 1.49 0.89 0.18 0.00 0.00 0.00 0.00
0.00 0.00 0.00 0.00 0.00 0.00 0.00 0.00 3.88 8.51 11.97 15.51 18.41 14.71 14.44 13.31 10.51 7.44 4.46 1.16 0.00 0.00 0.00 0.00
0.00 0.00 0.00 0.00 0.00 0.00 0.00 0.00 2.67 5.71 7.68 9.84 11.37 9.31 9.15 8.54 7.49 5.40 3.24 0.62 0.00 0.00 0.00 0.00
0.00 0.00 0.00 0.00 0.00 0.00 0.00 0.00 3.68 7.88 10.60 13.58 15.69 12.85 12.62 11.78 10.34 7.45 4.46 0.86 0.00 0.00 0.00 0.00
0.00 0.00 0.00 0.00 0.00 0.00 0.00 0.00 2.51 5.37 7.22 9.25 10.69 8.75 8.60 8.03 7.04 5.07 3.04 0.58 0.00 0.00 0.00 0.00
0.00 0.00 0.00 0.00 0.00 0.00 0.00 0.00 2.07 4.54 6.38 8.27 9.82 7.84 7.70 7.10 5.60 3.97 2.38 0.62 0.00 0.00 0.00 0.00
0.00 0.00 0.00 0.00 0.00 0.00 0.00 0.00 1.86 3.92 5.05 6.57 7.62 7.87 7.69 7.05 6.55 4.70 2.81 0.53 0.00 0.00 0.00 0.00
0.00 0.00 0.00 0.00 0.00 0.00 0.00 0.00 1.69 3.95 5.88 7.78 9.11 9.18 9.04 8.43 6.67 4.90 2.91 0.70 0.00 0.00 0.00 0.00
0.00 0.00 0.00 0.00 0.00 0.00 0.00 0.00 17.27 45.92 74.83 100.59 120.30 106.14 106.48 99.77 79.42 58.59 34.09 9.08 0.00 0.00 0.00 0.00
0.00 0.00 0.00 0.00 0.00 0.00 0.00 0.00 2.99 7.37 12.09 16.28 19.75 18.35 18.55 17.31 12.70 9.19 5.44 1.11 0.00 0.00 0.00 0.00
0.00 0.00 0.00 0.00 0.00 0.00 0.00 0.00 3.94 9.30 12.86 17.37 20.71 22.89 22.68 21.00 17.84 12.76 7.67 1.53 0.00 0.00 0.00 0.00
0.00 0.00 0.00 0.00 0.00 0.00 0.00 0.00 1.80 4.26 5.90 7.96 9.49 10.49 10.40 9.63 8.18 5.85 3.52 0.70 0.00 0.00 0.00 0.00
0.00 0.00 0.00 0.00 0.00 0.00 0.00 0.00 3.69 9.08 14.99 20.10 24.36 22.76 23.09 21.52 15.49 11.25 6.70 1.34 0.00 0.00 0.00 0.00
0.00 0.00 0.00 0.00 0.00 0.00 0.00 0.00 1.53 3.63 5.70 7.74 9.35 9.20 9.22 8.46 6.58 4.80 2.87 0.59 0.00 0.00 0.00 0.00
0.00 0.00 0.00 0.00 0.00 0.00 0.00 0.00 13.64 38.56 69.46 95.78 118.20 131.98 131.94 122.73 90.52 66.62 42.23 10.92 0.00 0.00 0.00 0.00
0.00 0.00 0.00 0.00 0.00 0.00 0.00 0.00 4.90 13.26 22.60 30.94 37.61 40.55 41.65 38.92 29.49 22.37 13.54 3.34 0.00 0.00 0.00 0.00
0.00 0.00 0.00 0.00 0.00 0.00 0.00 0.00 1.10 3.00 5.09 6.91 8.42 9.17 9.41 8.92 6.46 4.80 2.95 0.73 0.00 0.00 0.00 0.00
0.00 0.00 0.00 0.00 0.00 0.00 0.00 0.00 1.38 3.76 6.39 8.83 10.90 11.89 11.81 10.98 7.25 5.32 3.25 0.84 0.00 0.00 0.00 0.00
0.00 0.00 0.00 0.00 0.00 0.00 0.00 0.00 2.22 6.02 10.23 14.13 17.44 19.02 18.90 17.57 11.59 8.51 5.20 1.34 0.00 0.00 0.00 0.00
0.00 0.00 0.00 0.00 0.00 0.00 0.00 0.00 36.21 126.28 231.37 323.66 400.75 447.32 458.85 446.76 392.67 296.82 184.51 52.27 0.00 0.00 0.00 0.00
