0.00 0.00 0.00 0.00 0.00 0.00 0.00 0.00 0.00 0.42 1.27 1.98 2.62 3.04 3.13 2.85 2.27 1.51 0.63 0.00 0.00 0.00 0.00 0.00
0.00 0.00 0.00 0.00 0.00 0.00 0.00 0.00 0.00 12.65 27.67 40.32 49.51 53.65 52.15 46.68 36.64 24.02 8.67 0.00 0.00 0.00 0.00 0.00
0.00 0.00 0.00 0.00 0.00 0.00 0.00 0.00 0.00 9.51 29.09 45.28 59.84 69.48 71.53 65.23 51.94 34.56 14.30 0.00 0.00 0.00 0.00 0.00
0.00 0.00 0.00 0.00 0.00 0.00 0.00 0.00 0.00 33.82 103.39 160.93 212.66 246.92 254.21 231.82 184.59 122.81 50.81 0.00 0.00 0.00 0.00 0.00
0.00 0.00 0.00 0.00 0.00 0.00 0.00 0.00 0.07 2.00 4.63 6.66 7.84 8.38 8.16 7.27 5.59 3.42 0.83 0.00 0.00 0.00 0.00 0.00
0.00 0.00 0.00 0.00 0.00 0.00 0.00 0.00 0.00 71.87 230.16 360.57 487.12 585.88 606.95 560.82 443.27 287.20 128.93 0.00 0.00 0.00 0.00 0.00
0.00 0.00 0.00 0.00 0.00 0.00 0.00 0.00 0.00 0.49 1.21 1.88 2.32 3.33 3.30 2.89 3.07 1.90 0.48 0.00 0.00 0.00 0.00 0.00
0.00 0.00 0.00 0.00 0.00 0.00 0.00 0.00 0.00 0.68 1.53 2.26 2.73 3.05 3.04 2.70 2.08 1.35 0.46 0.00 0.00 0.00 0.00 0.00
0.00 0.00 0.00 0.00 0.00 0.00 0.00 0.00 0.00 1.09 2.44 3.61 4.37 4.89 4.87 4.32 3.32 2.16 0.74 0.00 0.00 0.00 0.00 0.00
0.00 0.00 0.00 0.00 0.00 0.00 0.00 0.00 0.00 1.09 2.44 3.61 4.37 4.89 4.87 4.32 3.32 2.16 0.74 0.00 0.00 0.00 0.00 0.00
0.00 0.00 0.00 0.00 0.00 0.00 0.00 0.00 0.00 1.39 3.26 4.93 6.34 9.02 9.11 8.26 6.50 4.26 1.52 0.00 0.00 0.00 0.00 0.00
0.00 0.00 0.00 0.00 0.00 0.00 0.00 0.00 0.00 0.68 1.64 2.51 3.25 4.72 4.74 4.29 3.35 2.19 0.78 0.00 0.00 0.00 0.00 0.00
0.00 0.00 0.00 0.00 0.00 0.00 0.00 0.00 0.00 0.88 2.11 3.22 4.17 6.07 6.09 5.52 4.31 2.82 1.01 0.00 0.00 0.00 0.00 0.00
0.00 0.00 0.00 0.00 0.00 0.00 0.00 0.00 0.00 0.58 1.41 2.15 2.78 4.05 4.06 3.68 2.87 1.88 0.67 0.00 0.00 0.00 0.00 0.00
0.00 0.00 0.00 0.00 0.00 0.00 0.00 0.00 0.00 0.58 1.41 2.15 2.78 4.05 4.06 3.68 2.87 1.88 0.67 0.00 0.00 0.00 0.00 0.00
0.00 0.00 0.00 0.00 0.00 0.00 0.00 0.00 0.00 12.96 28.41 44.20 56.44 65.01 67.24 60.91 50.39 32.07 13.62 0.00 0.00 0.00 0.00 0.00
0.00 0.00 0.00 0.00 0.00 0.00 0.00 0.00 0.00 4.27 9.14 13.57 17.66 24.37 24.96 22.47 18.44 11.98 4.09 0.00 0.00 0.00 0.00 0.00
0.00 0.00 0.00 0.00 0.00 0.00 0.00 0.00 0.00 4.84 8.81 13.11 17.11 16.49 16.31 14.73 17.03 11.10 3.80 0.00 0.00 0.00 0.00 0.00
0.00 0.00 0.00 0.00 0.00 0.00 0.00 0.00 0.00 21.20 67.89 106.36 143.68 172.81 179.03 165.42 130.75 84.71 38.03 0.00 0.00 0.00 0.00 0.00
0.00 0.00 0.00 0.00 0.00 0.00 0.00 0.00 0.00 20.16 64.58 101.17 136.67 164.38 170.30 157.35 124.37 80.58 36.18 0.00 0.00 0.00 0.00 0.00
0.00 0.00 0.00 0.00 0.00 0.00 0.00 0.00 0.00 38.78 124.19 194.55 262.83 316.12 327.49 302.60 239.17 154.97 69.57 0.00 0.00 0.00 0.00 0.00
0.00 0.00 0.00 0.00 0.00 0.00 0.00 0.00 0.00 38.13 122.12 191.31 258.45 310.85 322.04 297.55 235.19 152.38 68.41 0.00 0.00 0.00 0.00 0.00
0.00 0.00 0.00 0.00 0.00 0.00 0.00 0.00 0.00 41.84 137.59 213.01 286.75 335.27 344.01 313.94 248.04 164.80 67.35 0.00 0.00 0.00 0.00 0.00
0.00 0.00 0.00 0.00 0.00 0.00 0.00 0.00 0.00 0.68 1.53 2.26 2.73 3.05 3.04 2.70 2.08 1.35 0.46 0.00 0.00 0.00 0.00 0.00
0.00 0.00 0.00 0.00 0.00 0.00 0.00 0.00 0.00 3.44 7.73 11.44 13.85 15.48 15.41 13.68 10.52 6.84 2.35 0.00 0.00 0.00 0.00 0.00
0.00 0.00 0.00 0.00 0.00 0.00 0.00 0.00 0.00 17.57 39.47 58.42 70.68 79.01 78.70 69.83 53.69 34.94 11.98 0.00 0.00 0.00 0.00 0.00
0.00 0.00 0.00 0.00 0.00 0.00 0.00 0.00 0.00 1.45 4.64 7.26 9.81 11.80 12.23 11.30 8.93 5.79 2.60 0.00 0.00 0.00 0.00 0.00
0.00 0.00 0.00 0.00 0.00 0.00 0.00 0.00 0.00 33.29 101.78 158.42 209.34 243.07 250.25 228.20 181.71 120.90 50.02 0.00 0.00 0.00 0.00 0.00
0.00 0.00 0.00 0.00 0.00 0.00 0.00 0.00 0.00 1.80 4.78 7.31 9.65 12.46 12.70 11.86 12.52 8.54 3.53 0.00 0.00 0.00 0.00 0.00
0.00 0.00 0.00 0.00 0.00 0.00 0.00 0.00 0.00 17.82 51.89 79.18 102.05 118.23 118.11 105.02 80.09 52.48 18.23 0.00 0.00 0.00 0.00 0.00
0.00 0.00 0.00 0.00 0.00 0.00 0.00 0.00 0.00 0.55 1.70 2.64 3.49 4.05 4.17 3.80 3.03 2.01 0.83 0.00 0.00 0.00 0.00 0.00
0.00 0.00 0.00 0.00 0.00 0.00 0.00 0.00 0.00 24.97 76.33 118.81 157.01 182.30 187.68 171.15 136.28 90.67 37.51 0.00 0.00 0.00 0.00 0.00
0.00 0.00 0.00 0.00 0.00 0.00 0.00 0.00 0.00 32.04 97.96 152.48 201.49 233.95 240.86 219.65 174.90 116.36 48.14 0.00 0.00 0.00 0.00 0.00
0.00 0.00 0.00 0.00 0.00 0.00 0.00 0.00 0.00 55.18 181.45 280.91 378.15 442.14 453.66 414.00 327.10 217.33 88.81 0.00 0.00 0.00 0.00 0.00
0.00 0.00 0.00 0.00 0.00 0.00 0.00 0.00 0.00 1.10 3.31 5.12 6.57 8.33 8.44 7.61 5.86 3.85 1.44 0.00 0.00 0.00 0.00 0.00
0.00 0.00 0.00 0.00 0.00 0.00 0.00 0.00 0.00 1.34 3.84 5.95 7.70 10.23 10.33 9.34 7.16 4.70 1.74 0.00 0.00 0.00 0.00 0.00
0.00 0.00 0.00 0.00 0.00 0.00 0.00 0.00 0.00 7.44 19.72 30.16 39.82 51.39 52.38 48.91 51.67 35.23 14.56 0.00 0.00 0.00 0.00 0.00
0.00 0.00 0.00 0.00 0.00 0.00 0.00 0.00 0.00 25.52 130.63 210.84 291.20 342.67 359.21 328.17 252.46 170.30 68.78 0.00 0.00 0.00 0.00 0.00
0.00 0.00 0.00 0.00 0.00 0.00 0.00 0.00 0.00 0.36 0.67 0.99 1.26 1.69 1.72 1.55 1.47 0.95 0.31 0.00 0.00 0.00 0.00 0.00
0.00 0.00 0.00 0.00 0.00 0.00 0.00 0.00 0.00 8.40 25.15 38.92 51.45 60.27 61.95 55.66 43.78 28.97 11.26 0.00 0.00 0.00 0.00 0.00
0.00 0.00 0.00 0.00 0.00 0.00 0.00 0.00 0.00 2.59 8.85 13.95 18.47 22.52 23.56 21.58 17.09 11.17 5.39 0.00 0.00 0.00 0.00 0.00
0.00 0.00 0.00 0.00 0.00 0.00 0.00 0.00 0.00 0.55 1.31 1.96 2.44 3.33 3.26 2.91 3.42 2.09 0.48 0.00 0.00 0.00 0.00 0.00
0.00 0.00 0.00 0.00 0.00 0.00 0.00 0.00 0.00 0.28 0.66 0.98 1.22 1.66 1.63 1.45 1.71 1.04 0.24 0.00 0.00 0.00 0.00 0.00
0.00 0.00 0.00 0.00 0.00 0.00 0.00 0.00 0.00 0.60 1.44 2.15 2.66 3.64 3.57 3.18 3.74 2.28 0.53 0.00 0.00 0.00 0.00 0.00
0.00 0.00 0.00 0.00 0.00 0.00 0.00 0.00 0.00 0.80 1.68 2.50 3.13 4.40 4.38 3.91 4.13 2.54 0.62 0.00 0.00 0.00 0.00 0.00
0.00 0.00 0.00 0.00 0.00 0.00 0.00 0.00 0.00 1.21 2.56 3.81 4.76 6.70 6.68 5.95 6.30 3.87 0.94 0.00 0.00 0.00 0.00 0.00
0.00 0.00 0.00 0.00 0.00 0.00 0.00 0.00 0.00 1.01 2.84 4.35 5.43 7.13 7.07 6.14 6.24 3.87 0.99 0.00 0.00 0.00 0.00 0.00
0.00 0.00 0.00 0.00 0.00 0.00 0.00 0.00 0.00 1.51 4.23 6.38 8.15 9.19 9.19 8.08 6.04 3.87 1.18 0.00 0.00 0.00 0.00 0.00
0.00 0.00 0.00 0.00 0.00 0.00 0.00 0.00 0.00 3.91 10.92 16.49 21.04 23.73 23.73 20.87 15.61 9.99 3.06 0.00 0.00 0.00 0.00 0.00
0.00 0.00 0.00 0.00 0.00 0.00 0.00 0.00 0.00 1.01 2.72 4.12 5.28 6.11 6.14 5.42 4.20 2.73 0.91 0.00 0.00 0.00 0.00 0.00
0.00 0.00 0.00 0.00 0.00 0.00 0.00 0.00 0.00 1.72 2.75 4.12 5.29 7.12 7.14 6.36 6.80 4.33 1.31 0.00 0.00 0.00 0.00 0.00
0.00 0.00 0.00 0.00 0.00 0.00 0.00 0.00 0.00 2.18 4.39 6.57 8.17 9.67 9.89 9.05 9.21 5.79 1.64 0.00 0.00 0.00 0.00 0.00
0.00 0.00 0.00 0.00 0.00 0.00 0.00 0.00 0.01 0.51 0.90 1.28 1.54 2.12 2.11 1.85 1.72 1.05 0.25 0.00 0.00 0.00 0.00 0.00
0.00 0.00 0.00 0.00 0.00 0.00 0.00 0.00 0.00 3.69 7.04 10.22 12.12 14.87 14.63 12.87 9.80 6.19 1.79 0.00 0.00 0.00 0.00 0.00
0.00 0.00 0.00 0.00 0.00 0.00 0.00 0.00 0.00 2.35 4.56 6.68 7.86 10.10 9.77 8.57 6.52 4.06 1.08 0.00 0.00 0.00 0.00 0.00
0.00 0.00 0.00 0.00 0.00 0.00 0.00 0.00 0.00 3.24 6.29 9.22 10.84 13.93 13.48 11.83 8.99 5.60 1.49 0.00 0.00 0.00 0.00 0.00
0.00 0.00 0.00 0.00 0.00 0.00 0.00 0.00 0.00 2.21 4.28 6.28 7.39 9.49 9.18 8.06 6.13 3.82 1.02 0.00 0.00 0.00 0.00 0.00
0.00 0.00 0.00 0.00 0.00 0.00 0.00 0.00 0.00 1.97 3.75 5.45 6.47 7.93 7.81 6.86 5.23 3.30 0.95 0.00 0.00 0.00 0.00 0.00
0.00 0.00 0.00 0.00 0.00 0.00 0.00 0.00 0.05 1.88 4.25 6.02 7.17 7.58 7.49 6.69 5.03 3.10 0.78 0.00 0.00 0.00 0.00 0.00
0.00 0.00 0.00 0.00 0.00 0.00 0.00 0.00 0.00 1.95 4.37 6.47 7.83 8.76 8.72 7.74 5.95 3.87 1.33 0.00 0.00 0.00 0.00 0.00
0.00 0.00 0.00 0.00 0.00 0.00 0.00 0.00 0.00 16.87 36.98 57.53 73.46 84.61 87.52 79.28 65.58 41.74 17.73 0.00 0.00 0.00 0.00 0.00
0.00 0.00 0.00 0.00 0.00 0.00 0.00 0.00 0.00 1.57 3.69 5.59 7.19 10.22 10.32 9.36 7.37 4.82 1.72 0.00 0.00 0.00 0.00 0.00
0.00 0.00 0.00 0.00 0.00 0.00 0.00 0.00 0.00 2.95 6.09 9.03 11.34 17.82 17.77 16.29 13.25 8.59 2.86 0.00 0.00 0.00 0.00 0.00
0.00 0.00 0.00 0.00 0.00 0.00 0.00 0.00 0.00 1.35 2.79 4.14 5.20 8.17 8.14 7.47 6.07 3.94 1.31 0.00 0.00 0.00 0.00 0.00
0.00 0.00 0.00 0.00 0.00 0.00 0.00 0.00 0.00 1.94 4.49 6.75 8.67 11.89 12.08 10.92 8.81 5.76 2.04 0.00 0.00 0.00 0.00 0.00
0.00 0.00 0.00 0.00 0.00 0.00 0.00 0.00 0.00 0.88 1.62 2.41 3.05 4.11 4.18 3.76 3.57 2.30 0.76 0.00 0.00 0.00 0.00 0.00
0.00 0.00 0.00 0.00 0.00 0.00 0.00 0.00 0.00 7.71 20.42 31.23 41.23 53.21 54.24 50.64 53.49 36.47 15.07 0.00 0.00 0.00 0.00 0.00
0.00 0.00 0.00 0.00 0.00 0.00 0.00 0.00 0.00 4.26 12.41 18.93 24.40 28.27 28.24 25.11 19.15 12.55 4.36 0.00 0.00 0.00 0.00 0.00
0.00 0.00 0.00 0.00 0.00 0.00 0.00 0.00 0.00 0.96 2.69 4.08 5.33 6.21 6.32 5.61 4.32 2.85 1.02 0.00 0.00 0.00 0.00 0.00
0.00 0.00 0.00 0.00 0.00 0.00 0.00 0.00 0.00 1.20 3.04 4.70 6.07 7.32 7.40 6.70 5.49 3.63 1.32 0.00 0.00 0.00 0.00 0.00
0.00 0.00 0.00 0.00 0.00 0.00 0.00 0.00 0.00 1.92 4.87 7.51 9.72 11.71 11.84 10.72 8.79 5.80 2.12 0.00 0.00 0.00 0.00 0.00
0.00 0.00 0.00 0.00 0.00 0.00 0.00 0.00 0.00 39.42 126.26 197.79 267.21 321.39 332.95 307.64 243.16 157.55 70.73 0.00 0.00 0.00 0.00 0.00
