0.00 0.00 0.00 0.00 0.00 0.00 0.00 0.00 0.00 0.23 1.27 2.05 2.71 2.93 3.03 2.73 2.27 1.56 0.65 0.00 0.00 0.00 0.00 0.00
0.00 0.00 0.00 0.00 0.00 0.00 0.00 0.00 0.00 10.08 27.14 40.10 49.79 54.97 56.63 50.24 37.78 25.14 9.39 0.00 0.00 0.00 0.00 0.00
0.00 0.00 0.00 0.00 0.00 0.00 0.00 0.00 0.00 5.33 29.15 46.88 61.86 67.10 69.29 62.40 51.81 35.61 14.90 0.00 0.00 0.00 0.00 0.00
0.00 0.00 0.00 0.00 0.00 0.00 0.00 0.00 0.00 18.94 103.60 166.60 219.84 238.48 246.25 221.77 184.12 126.56 52.94 0.00 0.00 0.00 0.00 0.00
0.00 0.00 0.00 0.00 0.00 0.00 0.00 0.00 0.00 1.84 4.64 6.74 8.18 8.89 8.80 7.59 5.71 3.55 0.89 0.00 0.00 0.00 0.00 0.00
0.00 0.00 0.00 0.00 0.00 0.00 0.00 0.00 0.00 39.47 231.28 375.91 497.71 553.67 579.36 532.67 432.78 298.23 135.60 0.00 0.00 0.00 0.00 0.00
0.00 0.00 0.00 0.00 0.00 0.00 0.00 0.00 0.00 0.80 2.51 3.71 4.66 5.36 5.32 4.69 3.55 2.22 0.56 0.00 0.00 0.00 0.00 0.00
0.00 0.00 0.00 0.00 0.00 0.00 0.00 0.00 0.00 0.57 1.58 2.33 2.89 3.15 3.20 2.83 2.16 1.42 0.50 0.00 0.00 0.00 0.00 0.00
0.00 0.00 0.00 0.00 0.00 0.00 0.00 0.00 0.00 0.92 2.53 3.73 4.62 5.04 5.11 4.53 3.45 2.28 0.81 0.00 0.00 0.00 0.00 0.00
0.00 0.00 0.00 0.00 0.00 0.00 0.00 0.00 0.00 0.92 2.53 3.73 4.62 5.04 5.11 4.53 3.45 2.28 0.81 0.00 0.00 0.00 0.00 0.00
0.00 0.00 0.00 0.00 0.00 0.00 0.00 0.00 0.00 1.87 5.76 8.49 10.85 11.94 11.98 10.64 8.49 5.64 2.06 0.00 0.00 0.00 0.00 0.00
0.00 0.00 0.00 0.00 0.00 0.00 0.00 0.00 0.00 0.90 2.74 4.03 5.14 5.67 5.70 5.06 3.94 2.62 0.96 0.00 0.00 0.00 0.00 0.00
0.00 0.00 0.00 0.00 0.00 0.00 0.00 0.00 0.00 1.16 3.53 5.18 6.60 7.29 7.33 6.50 5.06 3.36 1.23 0.00 0.00 0.00 0.00 0.00
0.00 0.00 0.00 0.00 0.00 0.00 0.00 0.00 0.00 0.77 2.35 3.45 4.40 4.86 4.89 4.34 3.37 2.24 0.82 0.00 0.00 0.00 0.00 0.00
0.00 0.00 0.00 0.00 0.00 0.00 0.00 0.00 0.00 0.77 2.35 3.45 4.40 4.86 4.89 4.34 3.37 2.24 0.82 0.00 0.00 0.00 0.00 0.00
0.00 0.00 0.00 0.00 0.00 0.00 0.00 0.00 0.00 11.32 32.45 49.05 62.68 71.06 74.49 66.60 51.18 33.84 14.86 0.00 0.00 0.00 0.00 0.00
0.00 0.00 0.00 0.00 0.00 0.00 0.00 0.00 0.00 5.63 17.21 25.29 32.72 36.78 36.56 31.93 25.03 16.47 5.77 0.00 0.00 0.00 0.00 0.00
0.00 0.00 0.00 0.00 0.00 0.00 0.00 0.00 0.00 4.41 14.21 21.06 26.32 29.25 29.65 25.73 20.98 13.83 4.84 0.00 0.00 0.00 0.00 0.00
0.00 0.00 0.00 0.00 0.00 0.00 0.00 0.00 0.00 11.64 68.22 110.88 146.81 163.31 170.89 157.12 127.65 87.97 40.00 0.00 0.00 0.00 0.00 0.00
0.00 0.00 0.00 0.00 0.00 0.00 0.00 0.00 0.00 11.07 64.89 105.47 139.64 155.35 162.55 149.46 121.43 83.67 38.04 0.00 0.00 0.00 0.00 0.00
0.00 0.00 0.00 0.00 0.00 0.00 0.00 0.00 0.00 21.30 124.79 202.83 268.55 298.75 312.60 287.41 233.51 160.91 73.16 0.00 0.00 0.00 0.00 0.00
0.00 0.00 0.00 0.00 0.00 0.00 0.00 0.00 0.00 20.94 122.71 199.45 264.07 293.77 307.39 282.62 229.62 158.23 71.94 0.00 0.00 0.00 0.00 0.00
0.00 0.00 0.00 0.00 0.00 0.00 0.00 0.00 0.00 19.81 129.40 211.96 282.51 306.28 319.16 285.66 235.89 161.50 66.39 0.00 0.00 0.00 0.00 0.00
0.00 0.00 0.00 0.00 0.00 0.00 0.00 0.00 0.00 0.57 1.58 2.33 2.89 3.15 3.20 2.83 2.16 1.42 0.50 0.00 0.00 0.00 0.00 0.00
0.00 0.00 0.00 0.00 0.00 0.00 0.00 0.00 0.00 2.91 8.02 11.82 14.63 15.97 16.20 14.34 10.92 7.21 2.55 0.00 0.00 0.00 0.00 0.00
0.00 0.00 0.00 0.00 0.00 0.00 0.00 0.00 0.00 14.85 40.92 60.35 74.69 81.53 82.69 73.22 55.77 36.81 13.03 0.00 0.00 0.00 0.00 0.00
0.00 0.00 0.00 0.00 0.00 0.00 0.00 0.00 0.00 0.80 4.66 7.57 10.03 11.15 11.67 10.73 8.72 6.01 2.73 0.00 0.00 0.00 0.00 0.00
0.00 0.00 0.00 0.00 0.00 0.00 0.00 0.00 0.00 18.65 101.98 164.00 216.41 234.77 242.41 218.32 181.25 124.59 52.12 0.00 0.00 0.00 0.00 0.00
0.00 0.00 0.00 0.00 0.00 0.00 0.00 0.00 0.00 2.38 8.63 13.15 16.74 18.61 19.41 17.44 14.32 9.86 4.17 0.00 0.00 0.00 0.00 0.00
0.00 0.00 0.00 0.00 0.00 0.00 0.00 0.00 0.00 11.04 53.29 84.34 110.22 119.20 120.46 108.00 85.22 56.21 19.55 0.00 0.00 0.00 0.00 0.00
0.00 0.00 0.00 0.00 0.00 0.00 0.00 0.00 0.00 0.31 1.70 2.73 3.61 3.91 4.04 3.64 3.02 2.08 0.87 0.00 0.00 0.00 0.00 0.00
0.00 0.00 0.00 0.00 0.00 0.00 0.00 0.00 0.00 13.98 76.49 123.00 162.31 176.07 181.81 163.74 135.94 93.44 39.09 0.00 0.00 0.00 0.00 0.00
0.00 0.00 0.00 0.00 0.00 0.00 0.00 0.00 0.00 17.95 98.16 157.85 208.29 225.96 233.32 210.13 174.45 119.92 50.16 0.00 0.00 0.00 0.00 0.00
0.00 0.00 0.00 0.00 0.00 0.00 0.00 0.00 0.00 26.13 170.65 279.53 372.56 403.90 420.89 376.71 311.08 212.98 87.55 0.00 0.00 0.00 0.00 0.00
0.00 0.00 0.00 0.00 0.00 0.00 0.00 0.00 0.00 1.41 4.32 6.35 8.08 8.99 9.20 8.27 6.34 4.26 1.63 0.00 0.00 0.00 0.00 0.00
0.00 0.00 0.00 0.00 0.00 0.00 0.00 0.00 0.00 1.74 5.33 7.85 9.98 11.12 11.44 10.23 7.89 5.29 2.01 0.00 0.00 0.00 0.00 0.00
0.00 0.00 0.00 0.00 0.00 0.00 0.00 0.00 0.00 9.82 35.61 54.23 69.05 76.75 80.06 71.96 59.06 40.69 17.22 0.00 0.00 0.00 0.00 0.00
0.00 0.00 0.00 0.00 0.00 0.00 0.00 0.00 0.00 3.56 104.08 185.27 254.51 302.25 311.79 279.69 222.73 152.22 61.11 0.00 0.00 0.00 0.00 0.00
0.00 0.00 0.00 0.00 0.00 0.00 0.00 0.00 0.00 0.45 1.35 1.97 2.51 2.79 2.81 2.46 1.90 1.24 0.42 0.00 0.00 0.00 0.00 0.00
0.00 0.00 0.00 0.00 0.00 0.00 0.00 0.00 0.00 4.74 25.04 40.01 53.03 58.01 59.31 52.91 42.67 28.90 11.33 0.00 0.00 0.00 0.00 0.00
0.00 0.00 0.00 0.00 0.00 0.00 0.00 0.00 0.00 1.25 8.30 13.81 18.70 21.82 23.02 21.47 17.31 11.83 5.80 0.00 0.00 0.00 0.00 0.00
0.00 0.00 0.00 0.00 0.00 0.00 0.00 0.00 0.00 0.97 2.99 4.41 5.47 6.21 6.21 5.32 4.15 2.55 0.59 0.00 0.00 0.00 0.00 0.00
0.00 0.00 0.00 0.00 0.00 0.00 0.00 0.00 0.00 0.48 1.50 2.20 2.73 3.10 3.10 2.66 2.07 1.28 0.30 0.00 0.00 0.00 0.00 0.00
0.00 0.00 0.00 0.00 0.00 0.00 0.00 0.00 0.00 1.06 3.28 4.82 5.98 6.79 6.79 5.82 4.53 2.79 0.65 0.00 0.00 0.00 0.00 0.00
0.00 0.00 0.00 0.00 0.00 0.00 0.00 0.00 0.00 1.28 4.00 5.87 7.31 8.09 8.11 7.04 5.39 3.34 0.82 0.00 0.00 0.00 0.00 0.00
0.00 0.00 0.00 0.00 0.00 0.00 0.00 0.00 0.00 1.96 6.10 8.95 11.13 12.33 12.36 10.72 8.21 5.09 1.25 0.00 0.00 0.00 0.00 0.00
0.00 0.00 0.00 0.00 0.00 0.00 0.00 0.00 0.00 1.62 5.19 7.66 9.64 11.04 10.92 9.70 7.33 4.59 1.18 0.00 0.00 0.00 0.00 0.00
0.00 0.00 0.00 0.00 0.00 0.00 0.00 0.00 0.00 0.97 4.26 6.67 8.64 9.60 9.58 8.47 6.67 4.28 1.30 0.00 0.00 0.00 0.00 0.00
0.00 0.00 0.00 0.00 0.00 0.00 0.00 0.00 0.00 2.50 11.01 17.24 22.33 24.79 24.74 21.89 17.22 11.06 3.36 0.00 0.00 0.00 0.00 0.00
0.00 0.00 0.00 0.00 0.00 0.00 0.00 0.00 0.00 0.66 2.83 4.41 5.85 6.44 6.53 5.68 4.60 3.00 1.00 0.00 0.00 0.00 0.00 0.00
0.00 0.00 0.00 0.00 0.00 0.00 0.00 0.00 0.00 1.99 6.08 8.80 10.94 11.96 12.23 10.50 8.17 5.26 1.64 0.00 0.00 0.00 0.00 0.00
0.00 0.00 0.00 0.00 0.00 0.00 0.00 0.00 0.00 3.02 9.83 14.38 17.97 19.38 19.38 17.10 13.53 8.59 2.48 0.00 0.00 0.00 0.00 0.00
0.00 0.00 0.00 0.00 0.00 0.00 0.00 0.00 0.00 0.57 1.45 2.08 2.48 2.63 2.67 2.32 1.75 1.08 0.27 0.00 0.00 0.00 0.00 0.00
0.00 0.00 0.00 0.00 0.00 0.00 0.00 0.00 0.00 2.81 8.15 11.92 14.38 15.44 15.73 13.91 10.29 6.57 1.97 0.00 0.00 0.00 0.00 0.00
0.00 0.00 0.00 0.00 0.00 0.00 0.00 0.00 0.00 2.03 5.31 7.82 9.53 10.32 10.40 9.15 6.70 4.22 1.17 0.00 0.00 0.00 0.00 0.00
0.00 0.00 0.00 0.00 0.00 0.00 0.00 0.00 0.00 2.81 7.33 10.79 13.15 14.24 14.35 12.63 9.25 5.83 1.61 0.00 0.00 0.00 0.00 0.00
0.00 0.00 0.00 0.00 0.00 0.00 0.00 0.00 0.00 1.91 4.99 7.35 8.96 9.70 9.78 8.60 6.30 3.97 1.10 0.00 0.00 0.00 0.00 0.00
0.00 0.00 0.00 0.00 0.00 0.00 0.00 0.00 0.00 1.50 4.35 6.36 7.67 8.24 8.39 7.42 5.49 3.50 1.05 0.00 0.00 0.00 0.00 0.00
0.00 0.00 0.00 0.00 0.00 0.00 0.00 0.00 0.00 1.57 4.07 5.88 7.26 8.02 7.96 6.89 5.14 3.20 0.84 0.00 0.00 0.00 0.00 0.00
0.00 0.00 0.00 0.00 0.00 0.00 0.00 0.00 0.00 1.65 4.53 6.69 8.28 9.04 9.16 8.12 6.18 4.08 1.44 0.00 0.00 0.00 0.00 0.00
0.00 0.00 0.00 0.00 0.00 0.00 0.00 0.00 0.00 14.73 42.23 63.84 81.59 92.50 96.96 86.69 66.62 44.04 19.35 0.00 0.00 0.00 0.00 0.00
0.00 0.00 0.00 0.00 0.00 0.00 0.00 0.00 0.00 2.12 6.53 9.63 12.30 13.53 13.58 12.05 9.62 6.39 2.33 0.00 0.00 0.00 0.00 0.00
0.00 0.00 0.00 0.00 0.00 0.00 0.00 0.00 0.00 3.39 9.87 14.33 18.34 20.10 19.91 17.46 13.54 8.88 3.04 0.00 0.00 0.00 0.00 0.00
0.00 0.00 0.00 0.00 0.00 0.00 0.00 0.00 0.00 1.56 4.52 6.57 8.40 9.21 9.12 8.00 6.20 4.07 1.39 0.00 0.00 0.00 0.00 0.00
0.00 0.00 0.00 0.00 0.00 0.00 0.00 0.00 0.00 2.61 8.06 11.89 15.15 16.71 16.81 14.79 11.91 7.90 2.87 0.00 0.00 0.00 0.00 0.00
0.00 0.00 0.00 0.00 0.00 0.00 0.00 0.00 0.00 1.09 3.28 4.79 6.10 6.78 6.83 5.97 4.61 3.01 1.01 0.00 0.00 0.00 0.00 0.00
0.00 0.00 0.00 0.00 0.00 0.00 0.00 0.00 0.00 10.16 36.87 56.15 71.49 79.46 82.89 74.50 61.15 42.13 17.83 0.00 0.00 0.00 0.00 0.00
0.00 0.00 0.00 0.00 0.00 0.00 0.00 0.00 0.00 2.64 12.74 20.17 26.36 28.50 28.80 25.83 20.38 13.44 4.67 0.00 0.00 0.00 0.00 0.00
0.00 0.00 0.00 0.00 0.00 0.00 0.00 0.00 0.00 0.61 2.84 4.47 5.90 6.40 6.34 5.72 4.57 3.04 1.09 0.00 0.00 0.00 0.00 0.00
0.00 0.00 0.00 0.00 0.00 0.00 0.00 0.00 0.00 0.79 3.40 5.29 6.80 7.54 7.62 6.85 5.59 3.73 1.38 0.00 0.00 0.00 0.00 0.00
0.00 0.00 0.00 0.00 0.00 0.00 0.00 0.00 0.00 1.27 5.43 8.46 10.89 12.06 12.20 10.96 8.94 5.97 2.20 0.00 0.00 0.00 0.00 0.00
0.00 0.00 0.00 0.00 0.00 0.00 0.00 0.00 0.00 21.65 126.87 206.21 273.02 303.72 317.81 292.20 237.41 163.59 74.38 0.00 0.00 0.00 0.00 0.00
