0.00 0.00 0.00 0.00 0.00 0.00 0.00 0.00 0.00 0.36 1.28 2.03 2.70 3.14 3.23 2.95 2.32 1.54 0.63 0.00 0.00 0.00 0.00 0.00
0.00 0.00 0.00 0.00 0.00 0.00 0.00 0.00 0.00 11.47 27.09 39.91 49.34 53.75 52.35 46.92 36.43 23.84 8.53 0.00 0.00 0.00 0.00 0.00
0.00 0.00 0.00 0.00 0.00 0.00 0.00 0.00 0.00 8.13 29.28 46.38 61.81 71.70 73.97 67.53 53.06 35.22 14.39 0.00 0.00 0.00 0.00 0.00
0.00 0.00 0.00 0.00 0.00 0.00 0.00 0.00 0.00 28.90 104.06 164.82 219.67 254.82 262.88 239.99 188.58 125.17 51.13 0.00 0.00 0.00 0.00 0.00
0.00 0.00 0.00 0.00 0.00 0.00 0.00 0.00 0.00 2.13 4.10 5.95 7.05 8.16 7.96 7.09 5.46 3.34 0.79 0.00 0.00 0.00 0.00 0.00
0.00 0.00 0.00 0.00 0.00 0.00 0.00 0.00 0.00 63.46 239.01 380.70 518.27 609.14 632.33 584.90 450.84 291.38 129.50 0.00 0.00 0.00 0.00 0.00
0.00 0.00 0.00 0.00 0.00 0.00 0.00 0.00 0.00 0.70 2.03 3.22 4.00 5.00 5.00 4.43 3.41 2.10 0.51 0.00 0.00 0.00 0.00 0.00
0.00 0.00 0.00 0.00 0.00 0.00 0.00 0.00 0.00 0.65 1.52 2.28 2.78 3.06 3.05 2.71 2.06 1.34 0.45 0.00 0.00 0.00 0.00 0.00
0.00 0.00 0.00 0.00 0.00 0.00 0.00 0.00 0.00 1.03 2.44 3.65 4.45 4.89 4.88 4.34 3.30 2.14 0.72 0.00 0.00 0.00 0.00 0.00
0.00 0.00 0.00 0.00 0.00 0.00 0.00 0.00 0.00 1.03 2.44 3.65 4.45 4.89 4.88 4.34 3.30 2.14 0.72 0.00 0.00 0.00 0.00 0.00
0.00 0.00 0.00 0.00 0.00 0.00 0.00 0.00 0.00 2.02 5.04 7.72 9.98 11.34 11.52 10.50 8.43 5.52 1.95 0.00 0.00 0.00 0.00 0.00
0.00 0.00 0.00 0.00 0.00 0.00 0.00 0.00 0.00 0.97 2.40 3.71 4.83 5.40 5.45 4.97 3.93 2.57 0.91 0.00 0.00 0.00 0.00 0.00
0.00 0.00 0.00 0.00 0.00 0.00 0.00 0.00 0.00 1.25 3.09 4.77 6.21 6.94 7.01 6.39 5.05 3.30 1.17 0.00 0.00 0.00 0.00 0.00
0.00 0.00 0.00 0.00 0.00 0.00 0.00 0.00 0.00 0.83 2.06 3.18 4.14 4.63 4.67 4.26 3.37 2.20 0.78 0.00 0.00 0.00 0.00 0.00
0.00 0.00 0.00 0.00 0.00 0.00 0.00 0.00 0.00 0.83 2.06 3.18 4.14 4.63 4.67 4.26 3.37 2.20 0.78 0.00 0.00 0.00 0.00 0.00
0.00 0.00 0.00 0.00 0.00 0.00 0.00 0.00 0.00 11.76 29.16 45.95 59.13 67.63 70.27 63.90 49.80 31.63 13.36 0.00 0.00 0.00 0.00 0.00
0.00 0.00 0.00 0.00 0.00 0.00 0.00 0.00 0.00 6.31 15.33 23.02 30.13 35.03 36.11 32.70 24.96 16.25 5.49 0.00 0.00 0.00 0.00 0.00
0.00 0.00 0.00 0.00 0.00 0.00 0.00 0.00 0.00 5.12 12.87 19.42 25.54 29.50 29.31 26.56 20.77 13.56 4.58 0.00 0.00 0.00 0.00 0.00
0.00 0.00 0.00 0.00 0.00 0.00 0.00 0.00 0.00 18.72 70.50 112.29 152.87 179.68 186.51 172.53 132.98 85.95 38.20 0.00 0.00 0.00 0.00 0.00
0.00 0.00 0.00 0.00 0.00 0.00 0.00 0.00 0.00 17.80 67.06 106.82 145.41 170.91 177.42 164.11 126.49 81.75 36.33 0.00 0.00 0.00 0.00 0.00
0.00 0.00 0.00 0.00 0.00 0.00 0.00 0.00 0.00 34.24 128.96 205.42 279.64 328.67 341.18 315.60 243.26 157.22 69.87 0.00 0.00 0.00 0.00 0.00
0.00 0.00 0.00 0.00 0.00 0.00 0.00 0.00 0.00 33.67 126.81 201.99 274.98 323.20 335.50 310.34 239.20 154.60 68.71 0.00 0.00 0.00 0.00 0.00
0.00 0.00 0.00 0.00 0.00 0.00 0.00 0.00 0.00 34.26 133.96 211.31 287.04 337.30 346.79 316.77 250.11 165.81 66.83 0.00 0.00 0.00 0.00 0.00
0.00 0.00 0.00 0.00 0.00 0.00 0.00 0.00 0.00 0.65 1.52 2.28 2.78 3.06 3.05 2.71 2.06 1.34 0.45 0.00 0.00 0.00 0.00 0.00
0.00 0.00 0.00 0.00 0.00 0.00 0.00 0.00 0.00 3.27 7.72 11.56 14.09 15.48 15.46 13.75 10.45 6.78 2.29 0.00 0.00 0.00 0.00 0.00
0.00 0.00 0.00 0.00 0.00 0.00 0.00 0.00 0.00 16.71 39.39 59.02 71.93 79.05 78.95 70.17 53.37 34.62 11.70 0.00 0.00 0.00 0.00 0.00
0.00 0.00 0.00 0.00 0.00 0.00 0.00 0.00 0.00 1.28 4.81 7.67 10.44 12.27 12.74 11.78 9.08 5.87 2.61 0.00 0.00 0.00 0.00 0.00
0.00 0.00 0.00 0.00 0.00 0.00 0.00 0.00 0.00 28.45 102.44 162.25 216.25 250.85 258.78 236.25 185.64 123.22 50.33 0.00 0.00 0.00 0.00 0.00
0.00 0.00 0.00 0.00 0.00 0.00 0.00 0.00 0.00 2.88 7.80 12.04 15.94 18.94 19.35 18.11 14.29 9.76 4.01 0.00 0.00 0.00 0.00 0.00
0.00 0.00 0.00 0.00 0.00 0.00 0.00 0.00 0.00 15.13 50.67 79.19 103.66 119.99 120.38 107.38 82.70 54.11 18.42 0.00 0.00 0.00 0.00 0.00
0.00 0.00 0.00 0.00 0.00 0.00 0.00 0.00 0.00 0.47 1.71 2.70 3.60 4.18 4.31 3.94 3.09 2.05 0.84 0.00 0.00 0.00 0.00 0.00
0.00 0.00 0.00 0.00 0.00 0.00 0.00 0.00 0.00 21.33 76.83 121.69 162.19 188.14 194.08 177.18 139.23 92.41 37.75 0.00 0.00 0.00 0.00 0.00
0.00 0.00 0.00 0.00 0.00 0.00 0.00 0.00 0.00 27.38 98.60 156.16 208.14 241.44 249.07 227.39 178.68 118.60 48.45 0.00 0.00 0.00 0.00 0.00
0.00 0.00 0.00 0.00 0.00 0.00 0.00 0.00 0.00 45.18 176.66 278.66 378.54 444.81 457.33 417.74 329.83 218.67 88.13 0.00 0.00 0.00 0.00 0.00
0.00 0.00 0.00 0.00 0.00 0.00 0.00 0.00 0.00 1.53 3.84 6.01 7.79 8.79 8.96 8.11 6.31 4.14 1.54 0.00 0.00 0.00 0.00 0.00
0.00 0.00 0.00 0.00 0.00 0.00 0.00 0.00 0.00 1.89 4.73 7.43 9.70 10.88 11.05 10.03 7.85 5.15 1.89 0.00 0.00 0.00 0.00 0.00
0.00 0.00 0.00 0.00 0.00 0.00 0.00 0.00 0.00 11.90 32.16 49.66 65.76 78.11 79.83 74.69 58.94 40.25 16.52 0.00 0.00 0.00 0.00 0.00
0.00 0.00 0.00 0.00 0.00 0.00 0.00 0.00 0.00 20.78 127.64 209.77 291.12 340.83 357.52 326.42 249.57 167.95 66.64 0.00 0.00 0.00 0.00 0.00
0.00 0.00 0.00 0.00 0.00 0.00 0.00 0.00 0.00 0.51 1.21 1.82 2.32 2.69 2.76 2.50 1.92 1.24 0.40 0.00 0.00 0.00 0.00 0.00
0.00 0.00 0.00 0.00 0.00 0.00 0.00 0.00 0.00 7.07 24.99 39.36 52.50 61.53 63.43 57.09 45.00 29.70 11.37 0.00 0.00 0.00 0.00 0.00
0.00 0.00 0.00 0.00 0.00 0.00 0.00 0.00 0.00 2.35 9.43 15.08 20.09 23.28 24.41 22.39 17.36 11.34 5.44 0.00 0.00 0.00 0.00 0.00
0.00 0.00 0.00 0.00 0.00 0.00 0.00 0.00 0.00 0.68 2.36 3.57 4.46 5.64 5.59 5.03 3.94 2.41 0.53 0.00 0.00 0.00 0.00 0.00
0.00 0.00 0.00 0.00 0.00 0.00 0.00 0.00 0.00 0.34 1.18 1.78 2.23 2.82 2.79 2.51 1.97 1.20 0.27 0.00 0.00 0.00 0.00 0.00
0.00 0.00 0.00 0.00 0.00 0.00 0.00 0.00 0.00 0.74 2.58 3.90 4.88 6.17 6.11 5.50 4.31 2.63 0.58 0.00 0.00 0.00 0.00 0.00
0.00 0.00 0.00 0.00 0.00 0.00 0.00 0.00 0.00 1.13 3.07 4.63 5.83 7.33 7.37 6.63 5.13 3.16 0.74 0.00 0.00 0.00 0.00 0.00
0.00 0.00 0.00 0.00 0.00 0.00 0.00 0.00 0.00 1.73 4.67 7.05 8.88 11.16 11.23 10.10 7.81 4.81 1.13 0.00 0.00 0.00 0.00 0.00
0.00 0.00 0.00 0.00 0.00 0.00 0.00 0.00 0.00 1.48 4.26 6.64 8.38 10.39 10.40 9.12 6.88 4.26 1.06 0.00 0.00 0.00 0.00 0.00
0.00 0.00 0.00 0.00 0.00 0.00 0.00 0.00 0.00 1.32 4.11 6.37 8.26 9.42 9.48 8.38 6.28 4.01 1.20 0.00 0.00 0.00 0.00 0.00
0.00 0.00 0.00 0.00 0.00 0.00 0.00 0.00 0.00 3.42 10.63 16.46 21.35 24.35 24.49 21.65 16.24 10.37 3.09 0.00 0.00 0.00 0.00 0.00
0.00 0.00 0.00 0.00 0.00 0.00 0.00 0.00 0.00 0.89 2.76 4.27 5.55 6.32 6.38 5.66 4.42 2.86 0.93 0.00 0.00 0.00 0.00 0.00
0.00 0.00 0.00 0.00 0.00 0.00 0.00 0.00 0.00 2.30 5.27 7.96 10.25 11.52 11.63 10.43 7.99 5.09 1.52 0.00 0.00 0.00 0.00 0.00
0.00 0.00 0.00 0.00 0.00 0.00 0.00 0.00 0.00 3.50 8.39 12.68 15.84 16.76 17.27 15.91 13.34 8.42 2.34 0.00 0.00 0.00 0.00 0.00
0.00 0.00 0.00 0.00 0.00 0.00 0.00 0.00 0.00 0.62 1.28 1.83 2.22 2.22 2.22 1.95 1.39 0.85 0.20 0.00 0.00 0.00 0.00 0.00
0.00 0.00 0.00 0.00 0.00 0.00 0.00 0.00 0.00 3.45 7.81 11.46 13.67 14.80 14.60 12.86 9.52 5.99 1.70 0.00 0.00 0.00 0.00 0.00
0.00 0.00 0.00 0.00 0.00 0.00 0.00 0.00 0.00 2.41 5.19 7.68 9.07 10.03 9.73 8.57 6.37 3.96 1.03 0.00 0.00 0.00 0.00 0.00
0.00 0.00 0.00 0.00 0.00 0.00 0.00 0.00 0.00 3.33 7.16 10.59 12.52 13.85 13.43 11.82 8.79 5.46 1.42 0.00 0.00 0.00 0.00 0.00
0.00 0.00 0.00 0.00 0.00 0.00 0.00 0.00 0.00 2.27 4.87 7.22 8.53 9.43 9.15 8.05 5.99 3.72 0.97 0.00 0.00 0.00 0.00 0.00
0.00 0.00 0.00 0.00 0.00 0.00 0.00 0.00 0.00 1.84 4.17 6.11 7.29 7.89 7.79 6.86 5.08 3.19 0.90 0.00 0.00 0.00 0.00 0.00
0.00 0.00 0.00 0.00 0.00 0.00 0.00 0.00 0.00 1.91 3.89 5.57 6.68 7.32 7.24 6.48 4.88 3.00 0.74 0.00 0.00 0.00 0.00 0.00
0.00 0.00 0.00 0.00 0.00 0.00 0.00 0.00 0.00 1.85 4.37 6.54 7.97 8.76 8.75 7.78 5.91 3.84 1.30 0.00 0.00 0.00 0.00 0.00
0.00 0.00 0.00 0.00 0.00 0.00 0.00 0.00 0.00 15.30 37.96 59.81 76.96 88.02 91.46 83.17 64.82 41.17 17.39 0.00 0.00 0.00 0.00 0.00
0.00 0.00 0.00 0.00 0.00 0.00 0.00 0.00 0.00 2.29 5.71 8.75 11.32 12.85 13.05 11.89 9.55 6.26 2.21 0.00 0.00 0.00 0.00 0.00
0.00 0.00 0.00 0.00 0.00 0.00 0.00 0.00 0.00 3.81 9.03 13.56 17.14 18.97 19.03 17.54 13.64 8.83 2.90 0.00 0.00 0.00 0.00 0.00
0.00 0.00 0.00 0.00 0.00 0.00 0.00 0.00 0.00 1.75 4.14 6.22 7.85 8.70 8.72 8.04 6.25 4.05 1.33 0.00 0.00 0.00 0.00 0.00
0.00 0.00 0.00 0.00 0.00 0.00 0.00 0.00 0.00 2.84 7.05 10.72 13.84 15.88 16.22 14.72 11.81 7.74 2.72 0.00 0.00 0.00 0.00 0.00
0.00 0.00 0.00 0.00 0.00 0.00 0.00 0.00 0.00 1.24 2.94 4.43 5.62 6.54 6.70 6.06 4.65 3.01 0.97 0.00 0.00 0.00 0.00 0.00
0.00 0.00 0.00 0.00 0.00 0.00 0.00 0.00 0.00 12.32 33.30 51.42 68.08 80.87 82.66 77.33 61.02 41.67 17.11 0.00 0.00 0.00 0.00 0.00
0.00 0.00 0.00 0.00 0.00 0.00 0.00 0.00 0.00 3.62 12.12 18.94 24.79 28.69 28.79 25.68 19.78 12.94 4.41 0.00 0.00 0.00 0.00 0.00
0.00 0.00 0.00 0.00 0.00 0.00 0.00 0.00 0.00 0.84 2.71 4.20 5.56 6.38 6.52 5.80 4.55 2.99 1.05 0.00 0.00 0.00 0.00 0.00
0.00 0.00 0.00 0.00 0.00 0.00 0.00 0.00 0.00 1.10 3.34 5.25 6.86 7.90 8.02 7.29 5.77 3.81 1.37 0.00 0.00 0.00 0.00 0.00
0.00 0.00 0.00 0.00 0.00 0.00 0.00 0.00 0.00 1.77 5.35 8.40 10.97 12.65 12.84 11.66 9.23 6.09 2.19 0.00 0.00 0.00 0.00 0.00
0.00 0.00 0.00 0.00 0.00 0.00 0.00 0.00 0.00 34.81 131.11 208.84 284.30 334.15 346.87 320.86 247.31 159.84 71.04 0.00 0.00 0.00 0.00 0.00
