0.00 0.00 0.00 0.00 0.00 0.00 0.00 0.00 0.00 0.13 1.16 1.99 2.84 3.46 3.63 3.44 2.87 1.99 1.08 0.01 0.00 0.00 0.00 0.00
0.00 0.00 0.00 0.00 0.00 0.00 0.00 0.00 0.00 8.06 23.58 36.20 47.99 57.06 57.80 55.41 47.26 32.90 16.64 0.00 0.00 0.00 0.00 0.00
0.00 0.00 0.00 0.00 0.00 0.00 0.00 0.00 0.00 3.07 26.63 45.47 65.02 79.14 83.00 78.70 65.69 45.55 24.75 0.24 0.00 0.00 0.00 0.00
0.00 0.00 0.00 0.00 0.00 0.00 0.00 0.00 0.00 10.92 94.63 161.61 231.08 281.26 294.99 279.71 233.46 161.89 87.97 0.85 0.00 0.00 0.00 0.00
0.00 0.00 0.00 0.00 0.00 0.00 0.00 0.00 0.00 1.34 2.91 4.37 5.74 5.69 5.81 5.32 4.91 3.34 1.44 0.00 0.00 0.00 0.00 0.00
0.00 0.00 0.00 0.00 0.00 0.00 0.00 0.00 0.00 21.57 218.30 376.90 544.81 676.94 713.03 672.48 565.45 397.66 225.17 9.50 0.00 0.00 0.00 0.00
0.00 0.00 0.00 0.00 0.00 0.00 0.00 0.00 0.00 0.17 0.94 1.47 2.00 4.20 4.32 3.96 2.84 1.95 0.86 0.00 0.00 0.00 0.00 0.00
0.00 0.00 0.00 0.00 0.00 0.00 0.00 0.00 0.00 0.39 1.01 1.54 2.05 3.02 3.16 2.97 2.76 1.92 0.95 0.00 0.00 0.00 0.00 0.00
0.00 0.00 0.00 0.00 0.00 0.00 0.00 0.00 0.00 0.63 1.62 2.47 3.28 4.83 5.06 4.76 4.42 3.07 1.52 0.00 0.00 0.00 0.00 0.00
0.00 0.00 0.00 0.00 0.00 0.00 0.00 0.00 0.00 0.63 1.62 2.47 3.28 4.83 5.06 4.76 4.42 3.07 1.52 0.00 0.00 0.00 0.00 0.00
0.00 0.00 0.00 0.00 0.00 0.00 0.00 0.00 0.00 1.04 4.45 6.92 9.51 12.93 13.55 12.92 10.91 7.75 3.90 0.00 0.00 0.00 0.00 0.00
0.00 0.00 0.00 0.00 0.00 0.00 0.00 0.00 0.00 0.50 1.97 3.06 4.28 6.12 6.35 6.03 5.19 3.63 1.83 0.00 0.00 0.00 0.00 0.00
0.00 0.00 0.00 0.00 0.00 0.00 0.00 0.00 0.00 0.64 2.54 3.94 5.50 7.87 8.17 7.76 6.67 4.66 2.35 0.00 0.00 0.00 0.00 0.00
0.00 0.00 0.00 0.00 0.00 0.00 0.00 0.00 0.00 0.43 1.69 2.63 3.67 5.25 5.44 5.17 4.44 3.11 1.57 0.00 0.00 0.00 0.00 0.00
0.00 0.00 0.00 0.00 0.00 0.00 0.00 0.00 0.00 0.43 1.69 2.63 3.67 5.25 5.44 5.17 4.44 3.11 1.57 0.00 0.00 0.00 0.00 0.00
0.00 0.00 0.00 0.00 0.00 0.00 0.00 0.00 0.00 8.31 29.23 45.40 64.37 77.68 81.71 78.69 67.62 47.31 25.93 0.62 0.00 0.00 0.00 0.00
0.00 0.00 0.00 0.00 0.00 0.00 0.00 0.00 0.00 3.00 12.72 19.74 26.68 37.39 39.24 37.09 33.20 23.01 11.38 0.00 0.00 0.00 0.00 0.00
0.00 0.00 0.00 0.00 0.00 0.00 0.00 0.00 0.00 2.46 12.39 19.46 26.27 33.70 34.78 32.80 27.99 19.84 9.82 0.00 0.00 0.00 0.00 0.00
0.00 0.00 0.00 0.00 0.00 0.00 0.00 0.00 0.00 6.36 64.39 111.17 160.70 199.67 210.32 198.36 166.79 117.30 66.42 2.80 0.00 0.00 0.00 0.00
0.00 0.00 0.00 0.00 0.00 0.00 0.00 0.00 0.00 6.05 61.25 105.75 152.86 189.93 200.06 188.68 158.65 111.57 63.18 2.67 0.00 0.00 0.00 0.00
0.00 0.00 0.00 0.00 0.00 0.00 0.00 0.00 0.00 11.64 117.79 203.36 293.96 365.25 384.73 362.85 305.10 214.57 121.49 5.13 0.00 0.00 0.00 0.00
0.00 0.00 0.00 0.00 0.00 0.00 0.00 0.00 0.00 11.45 115.83 199.97 289.06 359.17 378.32 356.80 300.02 210.99 119.47 5.04 0.00 0.00 0.00 0.00
0.00 0.00 0.00 0.00 0.00 0.00 0.00 0.00 0.00 10.22 118.99 206.61 293.52 361.22 376.51 355.00 295.55 205.96 111.36 0.30 0.00 0.00 0.00 0.00
0.00 0.00 0.00 0.00 0.00 0.00 0.00 0.00 0.00 0.39 1.01 1.54 2.05 3.02 3.16 2.97 2.76 1.92 0.95 0.00 0.00 0.00 0.00 0.00
0.00 0.00 0.00 0.00 0.00 0.00 0.00 0.00 0.00 2.00 5.12 7.83 10.38 15.28 16.02 15.07 13.99 9.73 4.81 0.00 0.00 0.00 0.00 0.00
0.00 0.00 0.00 0.00 0.00 0.00 0.00 0.00 0.00 10.22 26.13 39.95 52.98 78.01 81.77 76.93 71.44 49.66 24.53 0.00 0.00 0.00 0.00 0.00
0.00 0.00 0.00 0.00 0.00 0.00 0.00 0.00 0.00 0.43 4.40 7.59 10.97 13.64 14.36 13.55 11.39 8.01 4.54 0.19 0.00 0.00 0.00 0.00
0.00 0.00 0.00 0.00 0.00 0.00 0.00 0.00 0.00 10.75 93.15 159.09 227.48 276.87 290.39 275.35 229.82 159.37 86.59 0.84 0.00 0.00 0.00 0.00
0.00 0.00 0.00 0.00 0.00 0.00 0.00 0.00 0.00 1.64 7.80 12.56 17.20 21.20 22.94 22.15 18.74 14.09 7.62 0.10 0.00 0.00 0.00 0.00
0.00 0.00 0.00 0.00 0.00 0.00 0.00 0.00 0.00 6.84 44.36 74.27 104.16 133.89 137.25 128.33 106.12 75.55 37.79 0.00 0.00 0.00 0.00 0.00
0.00 0.00 0.00 0.00 0.00 0.00 0.00 0.00 0.00 0.18 1.55 2.65 3.79 4.61 4.84 4.59 3.83 2.66 1.44 0.01 0.00 0.00 0.00 0.00
0.00 0.00 0.00 0.00 0.00 0.00 0.00 0.00 0.00 8.06 69.86 119.32 170.61 207.66 217.79 206.51 172.37 119.53 64.95 0.63 0.00 0.00 0.00 0.00
0.00 0.00 0.00 0.00 0.00 0.00 0.00 0.00 0.00 10.35 89.66 153.13 218.95 266.49 279.50 265.02 221.20 153.39 83.35 0.81 0.00 0.00 0.00 0.00
0.00 0.00 0.00 0.00 0.00 0.00 0.00 0.00 0.00 13.48 156.92 272.47 387.08 476.36 496.53 468.16 389.76 271.61 146.86 0.39 0.00 0.00 0.00 0.00
0.00 0.00 0.00 0.00 0.00 0.00 0.00 0.00 0.00 0.86 3.35 5.22 7.36 9.70 10.42 9.79 8.30 5.81 2.99 0.00 0.00 0.00 0.00 0.00
0.00 0.00 0.00 0.00 0.00 0.00 0.00 0.00 0.00 1.03 4.06 6.31 8.91 12.08 12.85 12.15 10.29 7.19 3.69 0.00 0.00 0.00 0.00 0.00
0.00 0.00 0.00 0.00 0.00 0.00 0.00 0.00 0.00 6.76 32.17 51.83 70.95 87.44 94.61 91.37 77.32 58.12 31.45 0.42 0.00 0.00 0.00 0.00
0.00 0.00 0.00 0.00 0.00 0.00 0.00 0.00 0.00 0.00 99.81 188.02 266.42 332.36 356.56 338.79 279.69 197.01 106.17 0.00 0.00 0.00 0.00 0.00
0.00 0.00 0.00 0.00 0.00 0.00 0.00 0.00 0.00 0.24 0.96 1.48 2.02 2.69 2.80 2.65 2.53 1.77 0.86 0.00 0.00 0.00 0.00 0.00
0.00 0.00 0.00 0.00 0.00 0.00 0.00 0.00 0.00 3.00 23.89 40.49 57.35 69.79 71.79 66.98 56.20 39.57 20.85 0.00 0.00 0.00 0.00 0.00
0.00 0.00 0.00 0.00 0.00 0.00 0.00 0.00 0.00 0.58 8.20 14.50 20.99 25.88 27.95 26.33 21.92 15.80 9.32 0.74 0.00 0.00 0.00 0.00
0.00 0.00 0.00 0.00 0.00 0.00 0.00 0.00 0.00 0.19 0.81 1.26 1.70 4.54 4.55 4.19 2.88 1.97 0.84 0.00 0.00 0.00 0.00 0.00
0.00 0.00 0.00 0.00 0.00 0.00 0.00 0.00 0.00 0.09 0.40 0.63 0.85 2.27 2.28 2.09 1.44 0.99 0.42 0.00 0.00 0.00 0.00 0.00
0.00 0.00 0.00 0.00 0.00 0.00 0.00 0.00 0.00 0.21 0.88 1.38 1.86 4.96 4.98 4.58 3.15 2.16 0.92 0.00 0.00 0.00 0.00 0.00
0.00 0.00 0.00 0.00 0.00 0.00 0.00 0.00 0.00 0.28 1.46 2.27 3.03 6.02 6.13 5.73 4.02 2.76 1.20 0.00 0.00 0.00 0.00 0.00
0.00 0.00 0.00 0.00 0.00 0.00 0.00 0.00 0.00 0.43 2.23 3.46 4.62 9.17 9.34 8.72 6.12 4.21 1.82 0.00 0.00 0.00 0.00 0.00
0.00 0.00 0.00 0.00 0.00 0.00 0.00 0.00 0.00 0.37 2.18 3.40 4.69 8.88 8.95 8.19 6.00 4.14 1.82 0.00 0.00 0.00 0.00 0.00
0.00 0.00 0.00 0.00 0.00 0.00 0.00 0.00 0.00 0.50 2.64 4.36 6.06 8.77 8.92 8.46 7.84 5.50 2.60 0.00 0.00 0.00 0.00 0.00
0.00 0.00 0.00 0.00 0.00 0.00 0.00 0.00 0.00 1.29 6.82 11.26 15.66 22.66 23.04 21.87 20.26 14.21 6.73 0.00 0.00 0.00 0.00 0.00
0.00 0.00 0.00 0.00 0.00 0.00 0.00 0.00 0.00 0.40 2.06 3.39 4.69 7.11 7.22 6.82 5.32 3.77 1.85 0.00 0.00 0.00 0.00 0.00
0.00 0.00 0.00 0.00 0.00 0.00 0.00 0.00 0.00 1.04 3.50 5.37 7.16 9.58 9.89 9.34 8.79 6.13 2.88 0.00 0.00 0.00 0.00 0.00
0.00 0.00 0.00 0.00 0.00 0.00 0.00 0.00 0.00 1.02 5.18 8.02 10.98 17.17 17.66 16.28 12.15 8.45 3.87 0.00 0.00 0.00 0.00 0.00
0.00 0.00 0.00 0.00 0.00 0.00 0.00 0.00 0.00 0.38 0.78 1.18 1.53 1.67 1.69 1.57 1.54 1.05 0.45 0.00 0.00 0.00 0.00 0.00
0.00 0.00 0.00 0.00 0.00 0.00 0.00 0.00 0.00 2.04 5.48 8.26 11.04 12.38 12.53 11.56 10.59 7.32 3.37 0.00 0.00 0.00 0.00 0.00
0.00 0.00 0.00 0.00 0.00 0.00 0.00 0.00 0.00 1.60 3.61 5.47 7.20 7.75 7.87 7.26 6.95 4.74 2.11 0.00 0.00 0.00 0.00 0.00
0.00 0.00 0.00 0.00 0.00 0.00 0.00 0.00 0.00 2.20 4.99 7.55 9.93 10.69 10.86 10.02 9.59 6.54 2.92 0.00 0.00 0.00 0.00 0.00
0.00 0.00 0.00 0.00 0.00 0.00 0.00 0.00 0.00 1.50 3.40 5.14 6.76 7.28 7.40 6.82 6.53 4.46 1.99 0.00 0.00 0.00 0.00 0.00
0.00 0.00 0.00 0.00 0.00 0.00 0.00 0.00 0.00 1.09 2.92 4.41 5.89 6.60 6.68 6.16 5.65 3.91 1.79 0.00 0.00 0.00 0.00 0.00
0.00 0.00 0.00 0.00 0.00 0.00 0.00 0.00 0.00 1.27 2.86 4.32 5.56 5.62 5.80 5.31 5.01 3.43 1.50 0.00 0.00 0.00 0.00 0.00
0.00 0.00 0.00 0.00 0.00 0.00 0.00 0.00 0.00 1.13 2.90 4.43 5.87 8.65 9.06 8.53 7.92 5.50 2.72 0.00 0.00 0.00 0.00 0.00
0.00 0.00 0.00 0.00 0.00 0.00 0.00 0.00 0.00 10.82 38.04 59.10 83.78 101.11 106.35 102.42 88.01 61.57 33.75 0.81 0.00 0.00 0.00 0.00
0.00 0.00 0.00 0.00 0.00 0.00 0.00 0.00 0.00 1.18 5.04 7.84 10.78 14.66 15.36 14.64 12.37 8.79 4.43 0.00 0.00 0.00 0.00 0.00
0.00 0.00 0.00 0.00 0.00 0.00 0.00 0.00 0.00 1.76 5.58 8.58 11.86 18.47 18.96 17.99 17.89 12.54 6.13 0.00 0.00 0.00 0.00 0.00
0.00 0.00 0.00 0.00 0.00 0.00 0.00 0.00 0.00 0.81 2.56 3.93 5.44 8.46 8.69 8.25 8.20 5.75 2.81 0.00 0.00 0.00 0.00 0.00
0.00 0.00 0.00 0.00 0.00 0.00 0.00 0.00 0.00 1.43 6.33 9.86 13.46 18.06 18.87 17.98 15.18 10.85 5.45 0.00 0.00 0.00 0.00 0.00
0.00 0.00 0.00 0.00 0.00 0.00 0.00 0.00 0.00 0.58 2.33 3.60 4.90 6.53 6.80 6.45 6.14 4.30 2.09 0.00 0.00 0.00 0.00 0.00
0.00 0.00 0.00 0.00 0.00 0.00 0.00 0.00 0.00 7.00 33.31 53.66 73.45 90.53 97.96 94.60 80.05 60.17 32.56 0.44 0.00 0.00 0.00 0.00
0.00 0.00 0.00 0.00 0.00 0.00 0.00 0.00 0.00 1.63 10.61 17.76 24.91 32.02 32.82 30.69 25.38 18.07 9.04 0.00 0.00 0.00 0.00 0.00
0.00 0.00 0.00 0.00 0.00 0.00 0.00 0.00 0.00 0.39 2.44 4.07 5.68 7.38 7.53 7.03 5.81 4.12 2.09 0.00 0.00 0.00 0.00 0.00
0.00 0.00 0.00 0.00 0.00 0.00 0.00 0.00 0.00 0.56 3.30 5.45 7.59 9.30 9.66 9.06 7.44 5.23 2.67 0.00 0.00 0.00 0.00 0.00
0.00 0.00 0.00 0.00 0.00 0.00 0.00 0.00 0.00 0.90 5.28 8.72 12.14 14.87 15.46 14.50 11.90 8.37 4.27 0.00 0.00 0.00 0.00 0.00
0.00 0.00 0.00 0.00 0.00 0.00 0.00 0.00 0.00 11.83 119.75 206.75 298.86 371.34 391.14 368.90 310.19 218.14 123.52 5.21 0.00 0.00 0.00 0.00
