0.00 0.00 0.00 0.00 0.00 0.00 0.00 0.00 0.36 1.22 1.94 2.71 3.36 4.09 4.18 3.96 3.03 2.26 1.36 0.32 0.00 0.00 0.00 0.00
0.00 0.00 0.00 0.00 0.00 0.00 0.00 0.00 7.20 17.57 31.24 40.44 49.09 65.46 63.53 58.59 52.55 37.83 22.53 3.55 0.00 0.00 0.00 0.00
0.00 0.00 0.00 0.00 0.00 0.00 0.00 0.00 8.15 27.80 44.44 61.98 76.90 93.51 95.68 90.53 69.21 51.60 31.05 7.41 0.00 0.00 0.00 0.00
0.00 0.00 0.00 0.00 0.00 0.00 0.00 0.00 28.95 98.79 157.95 220.28 273.30 332.32 340.03 321.75 245.96 183.37 110.35 26.35 0.00 0.00 0.00 0.00
0.00 0.00 0.00 0.00 0.00 0.00 0.00 0.00 1.44 3.10 4.41 5.66 6.55 9.46 9.16 8.31 8.64 6.11 3.55 0.25 0.00 0.00 0.00 0.00
0.00 0.00 0.00 0.00 0.00 0.00 0.00 0.00 47.60 183.40 352.12 494.78 613.59 793.54 811.11 785.77 656.26 491.22 298.91 66.31 0.00 0.00 0.00 0.00
0.00 0.00 0.00 0.00 0.00 0.00 0.00 0.00 1.24 2.91 4.64 6.14 7.35 7.17 7.23 6.68 4.68 3.37 1.99 0.37 0.00 0.00 0.00 0.00
0.00 0.00 0.00 0.00 0.00 0.00 0.00 0.00 0.53 1.29 1.95 2.60 3.05 3.68 3.62 3.37 3.22 2.34 1.35 0.23 0.00 0.00 0.00 0.00
0.00 0.00 0.00 0.00 0.00 0.00 0.00 0.00 0.85 2.06 3.12 4.16 4.88 5.88 5.79 5.39 5.15 3.75 2.17 0.37 0.00 0.00 0.00 0.00
0.00 0.00 0.00 0.00 0.00 0.00 0.00 0.00 0.85 2.06 3.12 4.16 4.88 5.88 5.79 5.39 5.15 3.75 2.17 0.37 0.00 0.00 0.00 0.00
0.00 0.00 0.00 0.00 0.00 0.00 0.00 0.00 2.01 5.17 6.26 8.47 10.31 13.41 13.49 12.53 10.07 7.20 4.16 1.11 0.00 0.00 0.00 0.00
0.00 0.00 0.00 0.00 0.00 0.00 0.00 0.00 0.89 2.28 2.79 3.81 4.64 6.13 6.09 5.64 4.64 3.32 1.90 0.51 0.00 0.00 0.00 0.00
0.00 0.00 0.00 0.00 0.00 0.00 0.00 0.00 1.15 2.93 3.58 4.90 5.96 7.88 7.83 7.26 5.96 4.26 2.44 0.65 0.00 0.00 0.00 0.00
0.00 0.00 0.00 0.00 0.00 0.00 0.00 0.00 0.76 1.96 2.39 3.26 3.97 5.26 5.22 4.84 3.97 2.84 1.63 0.44 0.00 0.00 0.00 0.00
0.00 0.00 0.00 0.00 0.00 0.00 0.00 0.00 0.76 1.96 2.39 3.26 3.97 5.26 5.22 4.84 3.97 2.84 1.63 0.44 0.00 0.00 0.00 0.00
0.00 0.00 0.00 0.00 0.00 0.00 0.00 0.00 13.01 35.82 59.33 79.82 95.36 90.77 90.93 84.98 66.30 48.57 27.69 5.61 0.00 0.00 0.00 0.00
0.00 0.00 0.00 0.00 0.00 0.00 0.00 0.00 5.48 13.80 18.12 24.36 29.51 38.14 38.30 35.36 31.58 22.61 13.10 3.08 0.00 0.00 0.00 0.00
0.00 0.00 0.00 0.00 0.00 0.00 0.00 0.00 5.36 13.76 22.58 30.25 36.31 37.33 36.88 34.54 28.91 21.17 12.50 2.35 0.00 0.00 0.00 0.00
0.00 0.00 0.00 0.00 0.00 0.00 0.00 0.00 14.04 54.10 103.86 145.94 180.99 234.07 239.25 231.77 193.57 144.89 88.17 19.56 0.00 0.00 0.00 0.00
0.00 0.00 0.00 0.00 0.00 0.00 0.00 0.00 13.35 51.46 98.80 138.82 172.16 222.65 227.58 220.47 184.13 137.82 83.87 18.60 0.00 0.00 0.00 0.00
0.00 0.00 0.00 0.00 0.00 0.00 0.00 0.00 25.68 98.96 189.99 266.97 331.07 428.17 437.65 423.98 354.10 265.04 161.28 35.78 0.00 0.00 0.00 0.00
0.00 0.00 0.00 0.00 0.00 0.00 0.00 0.00 25.25 97.31 186.83 262.52 325.55 421.03 430.35 416.91 348.20 260.63 158.59 35.18 0.00 0.00 0.00 0.00
0.00 0.00 0.00 0.00 0.00 0.00 0.00 0.00 36.75 129.11 151.73 211.89 266.14 275.31 282.27 266.33 297.85 223.23 134.83 31.51 0.00 0.00 0.00 0.00
0.00 0.00 0.00 0.00 0.00 0.00 0.00 0.00 0.53 1.29 1.95 2.60 3.05 3.68 3.62 3.37 3.22 2.34 1.35 0.23 0.00 0.00 0.00 0.00
0.00 0.00 0.00 0.00 0.00 0.00 0.00 0.00 2.70 6.52 9.89 13.17 15.46 18.64 18.35 17.07 16.30 11.86 6.86 1.18 0.00 0.00 0.00 0.00
0.00 0.00 0.00 0.00 0.00 0.00 0.00 0.00 13.77 33.31 50.50 67.23 78.94 95.14 93.67 87.13 83.21 60.55 35.03 6.01 0.00 0.00 0.00 0.00
0.00 0.00 0.00 0.00 0.00 0.00 0.00 0.00 0.96 3.69 7.09 9.97 12.36 15.99 16.34 15.83 13.22 9.89 6.02 1.34 0.00 0.00 0.00 0.00
0.00 0.00 0.00 0.00 0.00 0.00 0.00 0.00 28.50 97.25 155.49 216.85 269.04 327.14 334.73 316.73 242.12 180.51 108.63 25.94 0.00 0.00 0.00 0.00
0.00 0.00 0.00 0.00 0.00 0.00 0.00 0.00 3.11 9.29 15.92 22.00 27.14 26.43 26.41 24.53 17.40 12.70 7.88 2.17 0.00 0.00 0.00 0.00
0.00 0.00 0.00 0.00 0.00 0.00 0.00 0.00 18.55 53.95 92.86 127.48 154.94 162.46 166.33 154.69 120.77 90.53 53.36 8.65 0.00 0.00 0.00 0.00
0.00 0.00 0.00 0.00 0.00 0.00 0.00 0.00 0.47 1.62 2.59 3.61 4.48 5.45 5.58 5.28 4.04 3.01 1.81 0.43 0.00 0.00 0.00 0.00
0.00 0.00 0.00 0.00 0.00 0.00 0.00 0.00 21.37 72.94 116.62 162.64 201.78 245.36 251.05 237.55 181.59 135.38 81.48 19.45 0.00 0.00 0.00 0.00
0.00 0.00 0.00 0.00 0.00 0.00 0.00 0.00 27.43 93.60 149.66 208.72 258.96 314.88 322.18 304.86 233.04 173.74 104.56 24.96 0.00 0.00 0.00 0.00
0.00 0.00 0.00 0.00 0.00 0.00 0.00 0.00 48.46 170.26 200.09 279.43 350.98 363.07 372.25 351.22 392.79 294.38 177.81 41.55 0.00 0.00 0.00 0.00
0.00 0.00 0.00 0.00 0.00 0.00 0.00 0.00 1.55 4.07 4.29 5.87 7.18 9.18 9.16 8.47 7.20 5.21 3.00 0.86 0.00 0.00 0.00 0.00
0.00 0.00 0.00 0.00 0.00 0.00 0.00 0.00 1.78 4.65 5.35 7.31 8.94 11.66 11.62 10.71 9.31 6.74 3.86 1.06 0.00 0.00 0.00 0.00
0.00 0.00 0.00 0.00 0.00 0.00 0.00 0.00 12.83 38.30 65.68 90.76 111.95 109.01 108.95 101.17 71.76 52.38 32.51 8.96 0.00 0.00 0.00 0.00
0.00 0.00 0.00 0.00 0.00 0.00 0.00 0.00 28.45 117.38 223.06 309.17 386.46 437.13 451.77 426.81 309.15 236.30 147.47 44.99 0.00 0.00 0.00 0.00
0.00 0.00 0.00 0.00 0.00 0.00 0.00 0.00 0.46 1.15 1.52 2.07 2.51 3.29 3.28 3.00 2.52 1.82 1.06 0.20 0.00 0.00 0.00 0.00
0.00 0.00 0.00 0.00 0.00 0.00 0.00 0.00 8.06 25.71 38.70 53.44 65.56 74.59 75.55 71.37 59.09 43.68 25.72 6.24 0.00 0.00 0.00 0.00
0.00 0.00 0.00 0.00 0.00 0.00 0.00 0.00 1.10 5.15 13.19 18.80 23.41 28.75 29.17 27.27 20.80 15.71 9.97 2.04 0.00 0.00 0.00 0.00
0.00 0.00 0.00 0.00 0.00 0.00 0.00 0.00 1.43 3.30 5.21 6.79 8.09 7.94 8.04 7.47 5.27 3.75 2.21 0.39 0.00 0.00 0.00 0.00
0.00 0.00 0.00 0.00 0.00 0.00 0.00 0.00 0.72 1.65 2.61 3.40 4.05 3.97 4.02 3.73 2.63 1.87 1.10 0.19 0.00 0.00 0.00 0.00
0.00 0.00 0.00 0.00 0.00 0.00 0.00 0.00 1.57 3.61 5.70 7.43 8.85 8.68 8.79 8.17 5.76 4.10 2.42 0.42 0.00 0.00 0.00 0.00
0.00 0.00 0.00 0.00 0.00 0.00 0.00 0.00 1.76 4.06 6.54 8.57 10.13 9.99 9.96 9.39 6.96 5.00 2.94 0.47 0.00 0.00 0.00 0.00
0.00 0.00 0.00 0.00 0.00 0.00 0.00 0.00 2.68 6.19 9.97 13.05 15.44 15.23 15.18 14.30 10.61 7.61 4.48 0.71 0.00 0.00 0.00 0.00
0.00 0.00 0.00 0.00 0.00 0.00 0.00 0.00 2.49 5.87 9.32 12.37 14.70 14.32 14.37 13.38 9.35 6.74 3.98 0.79 0.00 0.00 0.00 0.00
0.00 0.00 0.00 0.00 0.00 0.00 0.00 0.00 1.52 4.11 7.22 9.76 11.90 13.33 13.53 12.82 8.73 6.31 3.67 0.71 0.00 0.00 0.00 0.00
0.00 0.00 0.00 0.00 0.00 0.00 0.00 0.00 3.94 10.62 18.65 25.20 30.75 34.44 34.96 33.11 22.56 16.31 9.49 1.83 0.00 0.00 0.00 0.00
0.00 0.00 0.00 0.00 0.00 0.00 0.00 0.00 1.13 3.12 5.10 7.00 8.54 8.95 8.97 8.32 6.17 4.54 2.66 0.51 0.00 0.00 0.00 0.00
0.00 0.00 0.00 0.00 0.00 0.00 0.00 0.00 2.30 5.45 7.46 10.10 12.02 16.10 16.14 14.58 11.76 8.37 4.85 0.73 0.00 0.00 0.00 0.00
0.00 0.00 0.00 0.00 0.00 0.00 0.00 0.00 3.82 9.07 14.13 18.86 22.81 25.26 25.12 23.13 17.53 12.65 7.33 1.16 0.00 0.00 0.00 0.00
0.00 0.00 0.00 0.00 0.00 0.00 0.00 0.00 0.48 1.04 1.61 2.04 2.36 2.57 2.53 2.32 2.92 2.04 1.19 0.11 0.00 0.00 0.00 0.00
0.00 0.00 0.00 0.00 0.00 0.00 0.00 0.00 3.71 8.39 12.29 16.03 19.10 21.94 21.47 19.68 16.10 11.28 6.56 0.69 0.00 0.00 0.00 0.00
0.00 0.00 0.00 0.00 0.00 0.00 0.00 0.00 2.32 5.12 7.00 9.02 10.46 13.26 12.98 12.05 11.09 7.89 4.58 0.54 0.00 0.00 0.00 0.00
0.00 0.00 0.00 0.00 0.00 0.00 0.00 0.00 3.20 7.07 9.66 12.45 14.43 18.30 17.91 16.63 15.30 10.89 6.32 0.74 0.00 0.00 0.00 0.00
0.00 0.00 0.00 0.00 0.00 0.00 0.00 0.00 2.18 4.82 6.58 8.48 9.83 12.47 12.20 11.33 10.42 7.42 4.31 0.50 0.00 0.00 0.00 0.00
0.00 0.00 0.00 0.00 0.00 0.00 0.00 0.00 1.98 4.47 6.55 8.55 10.19 11.70 11.45 10.49 8.59 6.02 3.50 0.37 0.00 0.00 0.00 0.00
0.00 0.00 0.00 0.00 0.00 0.00 0.00 0.00 1.45 3.14 4.50 5.87 6.83 9.54 9.30 8.48 8.70 6.16 3.57 0.27 0.00 0.00 0.00 0.00
0.00 0.00 0.00 0.00 0.00 0.00 0.00 0.00 1.53 3.69 5.60 7.45 8.75 10.54 10.38 9.66 9.22 6.71 3.88 0.67 0.00 0.00 0.00 0.00
0.00 0.00 0.00 0.00 0.00 0.00 0.00 0.00 16.94 46.63 77.23 103.89 124.11 118.14 118.36 110.60 86.29 63.22 36.05 7.31 0.00 0.00 0.00 0.00
0.00 0.00 0.00 0.00 0.00 0.00 0.00 0.00 2.28 5.85 7.09 9.60 11.69 15.19 15.29 14.20 11.41 8.16 4.71 1.26 0.00 0.00 0.00 0.00
0.00 0.00 0.00 0.00 0.00 0.00 0.00 0.00 2.96 7.28 11.90 16.12 19.24 22.80 22.60 20.90 18.31 12.95 7.57 1.29 0.00 0.00 0.00 0.00
0.00 0.00 0.00 0.00 0.00 0.00 0.00 0.00 1.36 3.34 5.45 7.39 8.82 10.45 10.36 9.58 8.39 5.94 3.47 0.59 0.00 0.00 0.00 0.00
0.00 0.00 0.00 0.00 0.00 0.00 0.00 0.00 2.79 7.16 8.83 11.91 14.47 19.11 19.30 17.88 14.48 10.40 6.03 1.57 0.00 0.00 0.00 0.00
0.00 0.00 0.00 0.00 0.00 0.00 0.00 0.00 1.13 2.78 3.69 5.03 6.10 7.98 7.98 7.28 6.11 4.41 2.57 0.48 0.00 0.00 0.00 0.00
0.00 0.00 0.00 0.00 0.00 0.00 0.00 0.00 13.29 39.66 68.00 93.96 115.91 112.86 112.80 104.75 74.29 54.23 33.66 9.28 0.00 0.00 0.00 0.00
0.00 0.00 0.00 0.00 0.00 0.00 0.00 0.00 4.44 12.90 22.21 30.49 37.05 38.85 39.77 36.99 28.88 21.65 12.76 2.07 0.00 0.00 0.00 0.00
0.00 0.00 0.00 0.00 0.00 0.00 0.00 0.00 1.01 2.94 5.01 6.81 8.28 8.78 8.98 8.48 6.65 4.88 2.92 0.57 0.00 0.00 0.00 0.00
0.00 0.00 0.00 0.00 0.00 0.00 0.00 0.00 1.28 3.70 6.31 8.72 10.73 11.66 11.56 10.70 8.12 5.90 3.52 0.73 0.00 0.00 0.00 0.00
0.00 0.00 0.00 0.00 0.00 0.00 0.00 0.00 2.04 5.92 10.10 13.95 17.16 18.66 18.49 17.11 12.99 9.44 5.63 1.17 0.00 0.00 0.00 0.00
0.00 0.00 0.00 0.00 0.00 0.00 0.00 0.00 26.11 100.61 193.16 271.42 336.59 435.31 444.94 431.04 360.00 269.46 163.97 36.37 0.00 0.00 0.00 0.00
