0.00 0.00 0.00 0.00 0.00 0.00 0.00 0.00 0.00 0.24 1.40 2.28 3.04 3.45 3.57 3.23 2.56 1.77 0.75 0.00 0.00 0.00 0.00 0.00
0.00 0.00 0.00 0.00 0.00 0.00 0.00 0.00 0.00 11.36 30.77 45.82 57.13 63.13 65.16 57.92 44.49 29.62 11.25 0.00 0.00 0.00 0.00 0.00
0.00 0.00 0.00 0.00 0.00 0.00 0.00 0.00 0.00 5.40 31.94 52.14 69.40 78.90 81.69 73.77 58.62 40.46 17.18 0.00 0.00 0.00 0.00 0.00
0.00 0.00 0.00 0.00 0.00 0.00 0.00 0.00 0.00 19.19 113.52 185.29 246.64 280.40 290.33 262.18 208.32 143.78 61.07 0.00 0.00 0.00 0.00 0.00
0.00 0.00 0.00 0.00 0.00 0.00 0.00 0.00 0.00 2.13 5.33 7.79 9.48 10.29 10.18 8.77 6.75 4.21 1.10 0.00 0.00 0.00 0.00 0.00
0.00 0.00 0.00 0.00 0.00 0.00 0.00 0.00 0.00 39.75 253.44 418.65 559.78 648.88 681.75 629.28 504.05 348.07 160.05 0.00 0.00 0.00 0.00 0.00
0.00 0.00 0.00 0.00 0.00 0.00 0.00 0.00 0.00 0.84 2.83 4.25 5.38 6.00 5.97 5.29 3.98 2.48 0.65 0.00 0.00 0.00 0.00 0.00
0.00 0.00 0.00 0.00 0.00 0.00 0.00 0.00 0.00 0.65 1.80 2.67 3.32 3.64 3.70 3.29 2.56 1.69 0.61 0.00 0.00 0.00 0.00 0.00
0.00 0.00 0.00 0.00 0.00 0.00 0.00 0.00 0.00 1.03 2.87 4.27 5.32 5.82 5.93 5.27 4.10 2.70 0.97 0.00 0.00 0.00 0.00 0.00
0.00 0.00 0.00 0.00 0.00 0.00 0.00 0.00 0.00 1.03 2.87 4.27 5.32 5.82 5.93 5.27 4.10 2.70 0.97 0.00 0.00 0.00 0.00 0.00
0.00 0.00 0.00 0.00 0.00 0.00 0.00 0.00 0.00 2.03 6.38 9.49 12.18 13.55 13.68 12.22 9.86 6.55 2.43 0.00 0.00 0.00 0.00 0.00
0.00 0.00 0.00 0.00 0.00 0.00 0.00 0.00 0.00 0.98 3.03 4.49 5.76 6.42 6.51 5.81 4.59 3.05 1.13 0.00 0.00 0.00 0.00 0.00
0.00 0.00 0.00 0.00 0.00 0.00 0.00 0.00 0.00 1.26 3.90 5.78 7.40 8.26 8.37 7.47 5.90 3.92 1.46 0.00 0.00 0.00 0.00 0.00
0.00 0.00 0.00 0.00 0.00 0.00 0.00 0.00 0.00 0.84 2.60 3.85 4.93 5.51 5.58 4.98 3.93 2.61 0.97 0.00 0.00 0.00 0.00 0.00
0.00 0.00 0.00 0.00 0.00 0.00 0.00 0.00 0.00 0.84 2.60 3.85 4.93 5.51 5.58 4.98 3.93 2.61 0.97 0.00 0.00 0.00 0.00 0.00
0.00 0.00 0.00 0.00 0.00 0.00 0.00 0.00 0.00 12.14 35.41 54.25 70.03 80.01 84.55 76.22 59.66 39.40 17.47 0.00 0.00 0.00 0.00 0.00
0.00 0.00 0.00 0.00 0.00 0.00 0.00 0.00 0.00 6.09 19.03 28.23 36.71 41.79 41.76 36.67 28.96 19.09 6.81 0.00 0.00 0.00 0.00 0.00
0.00 0.00 0.00 0.00 0.00 0.00 0.00 0.00 0.00 4.72 15.62 23.41 29.47 33.45 34.10 29.77 23.86 15.74 5.60 0.00 0.00 0.00 0.00 0.00
0.00 0.00 0.00 0.00 0.00 0.00 0.00 0.00 0.00 11.73 74.76 123.49 165.11 191.40 201.09 185.61 148.68 102.67 47.21 0.00 0.00 0.00 0.00 0.00
0.00 0.00 0.00 0.00 0.00 0.00 0.00 0.00 0.00 11.15 71.11 117.46 157.06 182.06 191.28 176.56 141.42 97.66 44.91 0.00 0.00 0.00 0.00 0.00
0.00 0.00 0.00 0.00 0.00 0.00 0.00 0.00 0.00 21.45 136.75 225.89 302.04 350.11 367.85 339.54 271.97 187.81 86.36 0.00 0.00 0.00 0.00 0.00
0.00 0.00 0.00 0.00 0.00 0.00 0.00 0.00 0.00 21.09 134.47 222.12 297.00 344.28 361.72 333.88 267.44 184.68 84.92 0.00 0.00 0.00 0.00 0.00
0.00 0.00 0.00 0.00 0.00 0.00 0.00 0.00 0.00 19.49 140.54 233.97 314.82 357.21 373.64 335.66 265.80 182.87 76.42 0.00 0.00 0.00 0.00 0.00
0.00 0.00 0.00 0.00 0.00 0.00 0.00 0.00 0.00 0.65 1.80 2.67 3.32 3.64 3.70 3.29 2.56 1.69 0.61 0.00 0.00 0.00 0.00 0.00
0.00 0.00 0.00 0.00 0.00 0.00 0.00 0.00 0.00 3.28 9.10 13.53 16.84 18.44 18.77 16.68 12.99 8.56 3.08 0.00 0.00 0.00 0.00 0.00
0.00 0.00 0.00 0.00 0.00 0.00 0.00 0.00 0.00 16.72 46.43 69.09 85.95 94.15 95.80 85.13 66.31 43.71 15.73 0.00 0.00 0.00 0.00 0.00
0.00 0.00 0.00 0.00 0.00 0.00 0.00 0.00 0.00 0.80 5.11 8.43 11.28 13.07 13.73 12.68 10.15 7.01 3.22 0.00 0.00 0.00 0.00 0.00
0.00 0.00 0.00 0.00 0.00 0.00 0.00 0.00 0.00 18.89 111.75 182.40 242.80 276.03 285.81 258.09 205.08 141.54 60.12 0.00 0.00 0.00 0.00 0.00
0.00 0.00 0.00 0.00 0.00 0.00 0.00 0.00 0.00 2.57 9.61 14.80 18.98 21.62 22.65 20.46 16.91 11.63 4.97 0.00 0.00 0.00 0.00 0.00
0.00 0.00 0.00 0.00 0.00 0.00 0.00 0.00 0.00 10.93 56.04 89.68 117.80 131.43 133.32 119.98 91.25 60.54 21.55 0.00 0.00 0.00 0.00 0.00
0.00 0.00 0.00 0.00 0.00 0.00 0.00 0.00 0.00 0.31 1.86 3.04 4.05 4.60 4.76 4.30 3.42 2.36 1.00 0.00 0.00 0.00 0.00 0.00
0.00 0.00 0.00 0.00 0.00 0.00 0.00 0.00 0.00 14.17 83.81 136.80 182.10 207.02 214.36 193.57 153.81 106.16 45.09 0.00 0.00 0.00 0.00 0.00
0.00 0.00 0.00 0.00 0.00 0.00 0.00 0.00 0.00 18.18 107.56 175.56 233.70 265.68 275.09 248.41 197.39 136.23 57.86 0.00 0.00 0.00 0.00 0.00
0.00 0.00 0.00 0.00 0.00 0.00 0.00 0.00 0.00 25.71 185.34 308.55 415.17 471.07 492.73 442.65 350.53 241.15 100.77 0.00 0.00 0.00 0.00 0.00
0.00 0.00 0.00 0.00 0.00 0.00 0.00 0.00 0.00 1.52 4.75 7.06 9.03 10.14 10.45 9.47 7.43 4.99 1.95 0.00 0.00 0.00 0.00 0.00
0.00 0.00 0.00 0.00 0.00 0.00 0.00 0.00 0.00 1.89 5.88 8.73 11.17 12.56 13.02 11.73 9.23 6.19 2.39 0.00 0.00 0.00 0.00 0.00
0.00 0.00 0.00 0.00 0.00 0.00 0.00 0.00 0.00 10.60 39.63 61.06 78.31 89.17 93.45 84.39 69.74 47.96 20.49 0.00 0.00 0.00 0.00 0.00
0.00 0.00 0.00 0.00 0.00 0.00 0.00 0.00 0.00 1.43 111.31 200.58 276.26 327.08 336.52 301.02 240.52 165.28 67.51 0.00 0.00 0.00 0.00 0.00
0.00 0.00 0.00 0.00 0.00 0.00 0.00 0.00 0.00 0.49 1.49 2.20 2.82 3.18 3.21 2.82 2.19 1.43 0.49 0.00 0.00 0.00 0.00 0.00
0.00 0.00 0.00 0.00 0.00 0.00 0.00 0.00 0.00 4.79 27.16 44.04 58.90 67.31 69.15 61.99 48.13 32.73 13.06 0.00 0.00 0.00 0.00 0.00
0.00 0.00 0.00 0.00 0.00 0.00 0.00 0.00 0.00 1.26 9.19 15.50 21.14 24.87 26.28 24.55 19.80 13.58 6.73 0.00 0.00 0.00 0.00 0.00
0.00 0.00 0.00 0.00 0.00 0.00 0.00 0.00 0.00 1.02 3.35 5.00 6.25 6.93 6.96 6.00 4.65 2.87 0.69 0.00 0.00 0.00 0.00 0.00
0.00 0.00 0.00 0.00 0.00 0.00 0.00 0.00 0.00 0.51 1.68 2.50 3.12 3.46 3.48 3.00 2.32 1.44 0.35 0.00 0.00 0.00 0.00 0.00
0.00 0.00 0.00 0.00 0.00 0.00 0.00 0.00 0.00 1.12 3.67 5.47 6.83 7.58 7.61 6.56 5.09 3.14 0.76 0.00 0.00 0.00 0.00 0.00
0.00 0.00 0.00 0.00 0.00 0.00 0.00 0.00 0.00 1.36 4.36 6.48 8.13 9.08 9.16 8.00 6.14 3.82 0.97 0.00 0.00 0.00 0.00 0.00
0.00 0.00 0.00 0.00 0.00 0.00 0.00 0.00 0.00 2.07 6.64 9.87 12.39 13.84 13.96 12.19 9.36 5.82 1.48 0.00 0.00 0.00 0.00 0.00
0.00 0.00 0.00 0.00 0.00 0.00 0.00 0.00 0.00 1.70 5.73 8.59 10.92 12.35 12.28 10.95 8.21 5.14 1.37 0.00 0.00 0.00 0.00 0.00
0.00 0.00 0.00 0.00 0.00 0.00 0.00 0.00 0.00 0.96 4.49 7.08 9.19 10.50 10.50 9.30 6.97 4.51 1.41 0.00 0.00 0.00 0.00 0.00
0.00 0.00 0.00 0.00 0.00 0.00 0.00 0.00 0.00 2.49 11.59 18.29 23.75 27.13 27.11 24.04 18.01 11.66 3.65 0.00 0.00 0.00 0.00 0.00
0.00 0.00 0.00 0.00 0.00 0.00 0.00 0.00 0.00 0.66 3.00 4.72 6.29 7.14 7.26 6.34 4.95 3.25 1.11 0.00 0.00 0.00 0.00 0.00
0.00 0.00 0.00 0.00 0.00 0.00 0.00 0.00 0.00 2.28 6.73 9.86 12.35 13.67 14.04 12.10 9.49 6.11 1.95 0.00 0.00 0.00 0.00 0.00
0.00 0.00 0.00 0.00 0.00 0.00 0.00 0.00 0.00 3.45 10.77 15.96 20.11 22.45 22.56 20.01 15.44 9.84 2.92 0.00 0.00 0.00 0.00 0.00
0.00 0.00 0.00 0.00 0.00 0.00 0.00 0.00 0.00 0.65 1.66 2.40 2.88 3.05 3.10 2.70 2.08 1.29 0.33 0.00 0.00 0.00 0.00 0.00
0.00 0.00 0.00 0.00 0.00 0.00 0.00 0.00 0.00 3.52 9.31 13.74 16.67 17.95 18.31 16.20 12.24 7.81 2.40 0.00 0.00 0.00 0.00 0.00
0.00 0.00 0.00 0.00 0.00 0.00 0.00 0.00 0.00 2.35 6.09 9.05 11.08 12.00 12.11 10.65 7.98 5.03 1.43 0.00 0.00 0.00 0.00 0.00
0.00 0.00 0.00 0.00 0.00 0.00 0.00 0.00 0.00 3.24 8.41 12.48 15.29 16.56 16.71 14.70 11.02 6.94 1.98 0.00 0.00 0.00 0.00 0.00
0.00 0.00 0.00 0.00 0.00 0.00 0.00 0.00 0.00 2.21 5.73 8.50 10.42 11.28 11.38 10.02 7.50 4.73 1.35 0.00 0.00 0.00 0.00 0.00
0.00 0.00 0.00 0.00 0.00 0.00 0.00 0.00 0.00 1.88 4.97 7.33 8.89 9.57 9.76 8.64 6.53 4.17 1.28 0.00 0.00 0.00 0.00 0.00
0.00 0.00 0.00 0.00 0.00 0.00 0.00 0.00 0.00 1.86 4.68 6.81 8.43 9.29 9.22 7.97 6.08 3.81 1.03 0.00 0.00 0.00 0.00 0.00
0.00 0.00 0.00 0.00 0.00 0.00 0.00 0.00 0.00 1.85 5.15 7.66 9.53 10.43 10.62 9.43 7.35 4.84 1.74 0.00 0.00 0.00 0.00 0.00
0.00 0.00 0.00 0.00 0.00 0.00 0.00 0.00 0.00 15.80 46.09 70.62 91.15 104.14 110.05 99.20 77.65 51.28 22.74 0.00 0.00 0.00 0.00 0.00
0.00 0.00 0.00 0.00 0.00 0.00 0.00 0.00 0.00 2.30 7.23 10.75 13.80 15.36 15.51 13.84 11.17 7.43 2.76 0.00 0.00 0.00 0.00 0.00
0.00 0.00 0.00 0.00 0.00 0.00 0.00 0.00 0.00 3.69 10.93 16.05 20.70 22.90 22.81 20.13 15.94 10.45 3.64 0.00 0.00 0.00 0.00 0.00
0.00 0.00 0.00 0.00 0.00 0.00 0.00 0.00 0.00 1.69 5.01 7.36 9.49 10.49 10.45 9.23 7.31 4.79 1.67 0.00 0.00 0.00 0.00 0.00
0.00 0.00 0.00 0.00 0.00 0.00 0.00 0.00 0.00 2.83 8.94 13.30 17.01 18.99 19.21 17.00 13.81 9.17 3.39 0.00 0.00 0.00 0.00 0.00
0.00 0.00 0.00 0.00 0.00 0.00 0.00 0.00 0.00 1.18 3.62 5.35 6.85 7.71 7.81 6.86 5.33 3.48 1.19 0.00 0.00 0.00 0.00 0.00
0.00 0.00 0.00 0.00 0.00 0.00 0.00 0.00 0.00 10.97 41.03 63.22 81.08 92.32 96.75 87.37 72.21 49.66 21.22 0.00 0.00 0.00 0.00 0.00
0.00 0.00 0.00 0.00 0.00 0.00 0.00 0.00 0.00 2.61 13.40 21.45 28.17 31.43 31.88 28.69 21.82 14.48 5.15 0.00 0.00 0.00 0.00 0.00
0.00 0.00 0.00 0.00 0.00 0.00 0.00 0.00 0.00 0.61 3.00 4.78 6.35 7.15 7.12 6.47 4.98 3.32 1.21 0.00 0.00 0.00 0.00 0.00
0.00 0.00 0.00 0.00 0.00 0.00 0.00 0.00 0.00 0.81 3.67 5.80 7.53 8.72 8.87 8.01 6.26 4.19 1.57 0.00 0.00 0.00 0.00 0.00
0.00 0.00 0.00 0.00 0.00 0.00 0.00 0.00 0.00 1.30 5.87 9.28 12.06 13.95 14.19 12.82 10.01 6.70 2.51 0.00 0.00 0.00 0.00 0.00
0.00 0.00 0.00 0.00 0.00 0.00 0.00 0.00 0.00 21.81 139.03 229.65 307.07 355.95 373.98 345.20 276.50 190.94 87.80 0.00 0.00 0.00 0.00 0.00
