0.00 0.00 0.00 0.00 0.00 0.00 0.00 0.00 0.41 1.43 2.52 3.58 4.37 4.93 4.98 4.77 4.12 3.22 2.11 0.76 0.03 0.00 0.00 0.00
0.00 0.00 0.00 0.00 0.00 0.00 0.00 0.00 5.44 13.82 22.70 31.54 38.79 53.33 53.61 50.28 56.31 42.96 26.32 6.69 0.00 0.00 0.00 0.00
0.00 0.00 0.00 0.00 0.00 0.00 0.00 0.00 9.37 32.67 57.51 81.85 99.87 112.84 113.91 108.99 94.14 73.61 48.32 17.38 0.70 0.00 0.00 0.00
0.00 0.00 0.00 0.00 0.00 0.00 0.00 0.00 33.31 116.10 204.39 290.90 354.94 401.03 404.82 387.33 334.57 261.62 171.74 61.76 2.50 0.00 0.00 0.00
0.00 0.00 0.00 0.00 0.00 0.00 0.00 0.00 1.68 3.67 4.99 6.76 7.85 6.56 6.51 6.13 6.85 5.09 2.98 0.47 0.00 0.00 0.00 0.00
0.00 0.00 0.00 0.00 0.00 0.00 0.00 0.00 63.56 253.32 478.64 682.98 831.55 909.44 929.61 880.75 759.45 598.61 406.73 155.67 13.32 0.00 0.00 0.00
0.00 0.00 0.00 0.00 0.00 0.00 0.00 0.00 1.37 3.26 3.40 4.72 5.54 5.44 5.41 5.10 4.11 3.02 1.84 0.71 0.00 0.00 0.00 0.00
0.00 0.00 0.00 0.00 0.00 0.00 0.00 0.00 0.40 1.00 1.22 1.72 2.06 2.75 2.83 2.67 2.86 2.22 1.36 0.41 0.00 0.00 0.00 0.00
0.00 0.00 0.00 0.00 0.00 0.00 0.00 0.00 0.64 1.60 1.95 2.74 3.30 4.40 4.53 4.27 4.58 3.54 2.18 0.66 0.00 0.00 0.00 0.00
0.00 0.00 0.00 0.00 0.00 0.00 0.00 0.00 0.64 1.60 1.95 2.74 3.30 4.40 4.53 4.27 4.58 3.54 2.18 0.66 0.00 0.00 0.00 0.00
0.00 0.00 0.00 0.00 0.00 0.00 0.00 0.00 1.83 4.85 7.68 10.87 13.36 15.10 15.21 14.61 13.83 10.55 6.70 2.08 0.00 0.00 0.00 0.00
0.00 0.00 0.00 0.00 0.00 0.00 0.00 0.00 0.85 2.26 3.51 4.89 5.96 5.89 5.94 5.75 6.09 4.66 2.88 0.95 0.00 0.00 0.00 0.00
0.00 0.00 0.00 0.00 0.00 0.00 0.00 0.00 1.10 2.90 4.52 6.28 7.66 7.57 7.64 7.39 7.83 5.99 3.70 1.22 0.00 0.00 0.00 0.00
0.00 0.00 0.00 0.00 0.00 0.00 0.00 0.00 0.73 1.93 3.01 4.19 5.11 5.04 5.09 4.92 5.22 4.00 2.47 0.82 0.00 0.00 0.00 0.00
0.00 0.00 0.00 0.00 0.00 0.00 0.00 0.00 0.73 1.93 3.01 4.19 5.11 5.04 5.09 4.92 5.22 4.00 2.47 0.82 0.00 0.00 0.00 0.00
0.00 0.00 0.00 0.00 0.00 0.00 0.00 0.00 7.47 21.90 42.76 61.08 76.18 88.81 92.50 88.88 67.41 51.92 32.15 12.26 0.00 0.00 0.00 0.00
0.00 0.00 0.00 0.00 0.00 0.00 0.00 0.00 5.43 14.06 24.22 34.70 42.59 44.17 43.55 41.33 38.78 29.52 18.75 6.27 0.00 0.00 0.00 0.00
0.00 0.00 0.00 0.00 0.00 0.00 0.00 0.00 5.01 13.17 21.49 29.48 36.00 45.99 46.17 44.13 38.18 29.19 18.47 5.03 0.00 0.00 0.00 0.00
0.00 0.00 0.00 0.00 0.00 0.00 0.00 0.00 18.75 74.72 141.18 201.45 245.28 268.25 274.20 259.79 224.01 176.57 119.97 45.92 3.93 0.00 0.00 0.00
0.00 0.00 0.00 0.00 0.00 0.00 0.00 0.00 17.83 71.07 134.30 191.63 233.31 255.17 260.83 247.12 213.08 167.95 114.12 43.68 3.74 0.00 0.00 0.00
0.00 0.00 0.00 0.00 0.00 0.00 0.00 0.00 34.30 136.68 258.26 368.51 448.68 490.71 501.59 475.22 409.77 322.99 219.46 83.99 7.19 0.00 0.00 0.00
0.00 0.00 0.00 0.00 0.00 0.00 0.00 0.00 33.72 134.40 253.96 362.37 441.20 482.53 493.23 467.30 402.95 317.61 215.80 82.59 7.07 0.00 0.00 0.00
0.00 0.00 0.00 0.00 0.00 0.00 0.00 0.00 44.43 157.57 275.74 385.43 462.00 522.22 525.37 497.30 434.67 339.02 225.39 83.81 5.24 0.00 0.00 0.00
0.00 0.00 0.00 0.00 0.00 0.00 0.00 0.00 0.40 1.00 1.22 1.72 2.06 2.75 2.83 2.67 2.86 2.22 1.36 0.41 0.00 0.00 0.00 0.00
0.00 0.00 0.00 0.00 0.00 0.00 0.00 0.00 2.02 5.05 6.18 8.69 10.45 13.94 14.34 13.52 14.50 11.22 6.89 2.08 0.00 0.00 0.00 0.00
0.00 0.00 0.00 0.00 0.00 0.00 0.00 0.00 10.31 25.79 31.57 44.37 53.37 71.16 73.20 69.00 74.01 57.30 35.20 10.62 0.00 0.00 0.00 0.00
0.00 0.00 0.00 0.00 0.00 0.00 0.00 0.00 1.28 5.10 9.64 13.76 16.75 18.32 18.73 17.74 15.30 12.06 8.19 3.14 0.27 0.00 0.00 0.00
0.00 0.00 0.00 0.00 0.00 0.00 0.00 0.00 32.79 114.29 201.20 286.37 349.40 394.78 398.51 381.29 329.35 257.54 169.06 60.80 2.46 0.00 0.00 0.00
0.00 0.00 0.00 0.00 0.00 0.00 0.00 0.00 2.04 6.36 13.03 18.87 24.17 30.19 31.06 29.62 24.69 19.24 12.86 4.17 0.00 0.00 0.00 0.00
0.00 0.00 0.00 0.00 0.00 0.00 0.00 0.00 15.04 43.84 48.78 69.31 82.09 151.49 150.79 141.64 155.04 118.74 76.18 25.78 0.00 0.00 0.00 0.00
0.00 0.00 0.00 0.00 0.00 0.00 0.00 0.00 0.55 1.90 3.35 4.77 5.82 6.58 6.64 6.35 5.49 4.29 2.82 1.01 0.04 0.00 0.00 0.00
0.00 0.00 0.00 0.00 0.00 0.00 0.00 0.00 24.59 85.72 150.90 214.78 262.05 296.09 298.88 285.97 247.02 193.16 126.79 45.60 1.84 0.00 0.00 0.00
0.00 0.00 0.00 0.00 0.00 0.00 0.00 0.00 31.56 110.00 193.66 275.63 336.30 379.98 383.56 366.99 317.00 247.89 162.72 58.52 2.36 0.00 0.00 0.00
0.00 0.00 0.00 0.00 0.00 0.00 0.00 0.00 58.59 207.80 363.64 508.29 609.26 688.68 692.84 655.81 573.22 447.09 297.24 110.52 6.91 0.00 0.00 0.00
0.00 0.00 0.00 0.00 0.00 0.00 0.00 0.00 1.30 3.55 4.79 6.78 8.25 9.51 9.77 9.30 10.06 7.70 4.86 1.48 0.00 0.00 0.00 0.00
0.00 0.00 0.00 0.00 0.00 0.00 0.00 0.00 1.64 4.45 6.28 8.89 10.82 11.55 11.75 11.28 12.59 9.58 6.07 1.81 0.00 0.00 0.00 0.00
0.00 0.00 0.00 0.00 0.00 0.00 0.00 0.00 8.42 26.23 53.73 77.83 99.70 124.53 128.12 122.20 101.84 79.36 53.05 17.19 0.00 0.00 0.00 0.00
0.00 0.00 0.00 0.00 0.00 0.00 0.00 0.00 36.84 148.04 252.87 348.98 433.00 421.08 427.56 407.41 313.33 251.99 173.11 101.19 14.66 0.00 0.00 0.00
0.00 0.00 0.00 0.00 0.00 0.00 0.00 0.00 0.40 1.01 1.94 2.76 3.36 2.97 2.94 2.73 2.53 1.95 1.22 0.43 0.00 0.00 0.00 0.00
0.00 0.00 0.00 0.00 0.00 0.00 0.00 0.00 8.18 26.42 47.04 65.65 80.05 97.93 99.03 92.57 80.41 63.14 40.87 14.40 0.00 0.00 0.00 0.00
0.00 0.00 0.00 0.00 0.00 0.00 0.00 0.00 1.85 9.18 17.36 25.21 31.10 34.03 33.72 32.00 28.46 22.89 15.62 6.38 0.88 0.00 0.00 0.00
0.00 0.00 0.00 0.00 0.00 0.00 0.00 0.00 1.66 3.84 4.07 5.65 6.70 5.80 5.78 5.37 4.33 3.17 1.91 0.78 0.00 0.00 0.00 0.00
0.00 0.00 0.00 0.00 0.00 0.00 0.00 0.00 0.83 1.92 2.04 2.83 3.35 2.90 2.89 2.69 2.17 1.59 0.96 0.39 0.00 0.00 0.00 0.00
0.00 0.00 0.00 0.00 0.00 0.00 0.00 0.00 1.81 4.20 4.45 6.18 7.33 6.34 6.32 5.88 4.74 3.47 2.09 0.85 0.00 0.00 0.00 0.00
0.00 0.00 0.00 0.00 0.00 0.00 0.00 0.00 2.11 4.91 4.80 6.73 8.05 7.89 7.82 7.29 6.79 4.92 2.99 0.96 0.00 0.00 0.00 0.00
0.00 0.00 0.00 0.00 0.00 0.00 0.00 0.00 3.21 7.48 7.31 10.25 12.26 12.03 11.91 11.11 10.35 7.49 4.55 1.46 0.00 0.00 0.00 0.00
0.00 0.00 0.00 0.00 0.00 0.00 0.00 0.00 2.78 6.62 6.73 9.34 11.09 11.38 11.37 10.57 9.86 7.31 4.47 1.49 0.00 0.00 0.00 0.00
0.00 0.00 0.00 0.00 0.00 0.00 0.00 0.00 1.58 4.26 3.90 5.42 6.62 7.33 7.20 6.75 10.65 8.15 5.09 1.93 0.00 0.00 0.00 0.00
0.00 0.00 0.00 0.00 0.00 0.00 0.00 0.00 4.08 11.00 10.09 14.00 17.10 18.94 18.60 17.43 27.52 21.05 13.16 5.00 0.00 0.00 0.00 0.00
0.00 0.00 0.00 0.00 0.00 0.00 0.00 0.00 0.93 2.59 2.62 3.72 4.52 8.22 8.08 7.58 8.29 6.24 3.93 1.28 0.00 0.00 0.00 0.00
0.00 0.00 0.00 0.00 0.00 0.00 0.00 0.00 1.62 3.93 7.41 10.24 12.41 9.72 9.62 8.95 8.65 6.65 4.12 1.63 0.00 0.00 0.00 0.00
0.00 0.00 0.00 0.00 0.00 0.00 0.00 0.00 3.61 8.70 12.68 17.45 20.87 20.40 20.34 19.16 18.33 13.80 8.27 2.55 0.00 0.00 0.00 0.00
0.00 0.00 0.00 0.00 0.00 0.00 0.00 0.00 0.47 1.03 1.30 1.76 2.06 1.89 1.87 1.79 1.82 1.34 0.80 0.18 0.00 0.00 0.00 0.00
0.00 0.00 0.00 0.00 0.00 0.00 0.00 0.00 2.38 5.51 6.15 8.34 10.00 11.87 11.86 11.20 9.79 7.34 4.48 1.20 0.00 0.00 0.00 0.00
0.00 0.00 0.00 0.00 0.00 0.00 0.00 0.00 1.74 3.92 4.81 6.52 7.63 7.34 7.44 7.10 6.52 4.86 2.91 0.73 0.00 0.00 0.00 0.00
0.00 0.00 0.00 0.00 0.00 0.00 0.00 0.00 2.40 5.41 6.64 9.00 10.52 10.12 10.26 9.80 8.99 6.71 4.01 1.01 0.00 0.00 0.00 0.00
0.00 0.00 0.00 0.00 0.00 0.00 0.00 0.00 1.63 3.68 4.52 6.13 7.17 6.90 6.99 6.67 6.13 4.57 2.73 0.69 0.00 0.00 0.00 0.00
0.00 0.00 0.00 0.00 0.00 0.00 0.00 0.00 1.27 2.94 3.28 4.45 5.33 6.33 6.33 5.97 5.22 3.92 2.39 0.64 0.00 0.00 0.00 0.00
0.00 0.00 0.00 0.00 0.00 0.00 0.00 0.00 1.46 3.23 4.16 5.64 6.51 6.04 5.94 5.58 5.48 4.09 2.42 0.46 0.00 0.00 0.00 0.00
0.00 0.00 0.00 0.00 0.00 0.00 0.00 0.00 1.14 2.86 3.50 4.92 5.91 7.89 8.11 7.65 8.20 6.35 3.90 1.18 0.00 0.00 0.00 0.00
0.00 0.00 0.00 0.00 0.00 0.00 0.00 0.00 9.72 28.51 55.65 79.50 99.15 115.59 120.40 115.68 87.74 67.58 41.85 15.96 0.00 0.00 0.00 0.00
0.00 0.00 0.00 0.00 0.00 0.00 0.00 0.00 2.07 5.49 8.71 12.32 15.15 17.11 17.24 16.56 15.67 11.95 7.60 2.36 0.00 0.00 0.00 0.00
0.00 0.00 0.00 0.00 0.00 0.00 0.00 0.00 2.83 7.15 10.42 14.47 17.70 14.13 14.02 13.27 17.50 13.51 8.53 2.79 0.00 0.00 0.00 0.00
0.00 0.00 0.00 0.00 0.00 0.00 0.00 0.00 1.30 3.27 4.77 6.63 8.11 6.47 6.43 6.08 8.02 6.19 3.91 1.28 0.00 0.00 0.00 0.00
0.00 0.00 0.00 0.00 0.00 0.00 0.00 0.00 2.60 6.87 11.00 15.71 19.34 22.90 22.97 21.98 20.13 15.35 9.86 2.92 0.00 0.00 0.00 0.00
0.00 0.00 0.00 0.00 0.00 0.00 0.00 0.00 0.97 2.46 4.72 6.70 8.16 7.22 7.14 6.62 6.14 4.73 2.97 1.04 0.00 0.00 0.00 0.00
0.00 0.00 0.00 0.00 0.00 0.00 0.00 0.00 8.72 27.15 55.63 80.58 103.22 128.93 132.65 126.52 105.44 82.16 54.93 17.80 0.00 0.00 0.00 0.00
0.00 0.00 0.00 0.00 0.00 0.00 0.00 0.00 3.60 10.48 11.66 16.57 19.63 36.23 36.06 33.87 37.08 28.40 18.22 6.17 0.00 0.00 0.00 0.00
0.00 0.00 0.00 0.00 0.00 0.00 0.00 0.00 0.78 2.31 2.95 4.21 5.04 9.82 9.98 9.32 8.35 6.46 4.17 1.37 0.00 0.00 0.00 0.00
0.00 0.00 0.00 0.00 0.00 0.00 0.00 0.00 1.02 3.02 4.92 6.93 8.46 12.92 12.98 12.19 10.63 8.13 5.23 1.69 0.00 0.00 0.00 0.00
0.00 0.00 0.00 0.00 0.00 0.00 0.00 0.00 1.64 4.82 7.87 11.09 13.53 20.67 20.76 19.50 17.01 13.02 8.37 2.71 0.00 0.00 0.00 0.00
0.00 0.00 0.00 0.00 0.00 0.00 0.00 0.00 34.87 138.96 262.56 374.66 456.16 498.88 509.95 483.15 416.60 328.37 223.11 85.39 7.31 0.00 0.00 0.00
