0.00 0.00 0.00 0.00 0.00 0.00 0.00 0.02 1.02 2.00 3.17 4.19 4.91 5.44 5.61 5.40 4.92 4.04 2.89 1.67 0.72 0.00 0.00 0.00
0.00 0.00 0.00 0.00 0.00 0.00 0.00 1.72 14.11 26.06 50.00 64.79 74.95 76.25 77.36 73.40 65.15 51.25 34.48 17.42 4.38 0.00 0.00 0.00
0.00 0.00 0.00 0.00 0.00 0.00 0.00 0.36 23.39 45.77 72.54 95.78 112.27 124.28 128.18 123.54 112.41 92.48 66.03 38.26 16.41 0.00 0.00 0.00
0.00 0.00 0.00 0.00 0.00 0.00 0.00 1.29 83.11 162.65 257.80 340.39 398.99 441.69 455.53 439.04 399.51 328.67 234.67 135.99 58.32 0.00 0.00 0.00
0.00 0.00 0.00 0.00 0.00 0.00 0.00 0.96 3.65 6.19 9.84 12.34 13.98 16.67 16.65 15.63 13.40 10.43 6.82 2.81 0.54 0.00 0.00 0.00
0.00 0.00 0.00 0.00 0.00 0.00 0.00 0.00 168.10 344.87 547.08 727.39 856.90 956.47 988.56 975.76 913.91 753.15 548.06 322.13 140.87 0.00 0.00 0.00
0.00 0.00 0.00 0.00 0.00 0.00 0.00 0.68 2.67 4.56 6.09 7.70 8.85 10.12 10.10 9.65 8.89 7.13 4.90 2.40 0.78 0.00 0.00 0.00
0.00 0.00 0.00 0.00 0.00 0.00 0.00 0.17 1.15 2.08 3.08 4.03 4.67 5.86 5.89 5.55 4.89 3.92 2.63 1.21 0.32 0.00 0.00 0.00
0.00 0.00 0.00 0.00 0.00 0.00 0.00 0.28 1.83 3.32 4.93 6.45 7.48 9.38 9.42 8.88 7.83 6.27 4.21 1.93 0.52 0.00 0.00 0.00
0.00 0.00 0.00 0.00 0.00 0.00 0.00 0.28 1.83 3.32 4.93 6.45 7.48 9.38 9.42 8.88 7.83 6.27 4.21 1.93 0.52 0.00 0.00 0.00
0.00 0.00 0.00 0.00 0.00 0.00 0.00 0.49 3.77 6.92 10.42 13.93 16.25 21.63 21.78 20.60 19.56 15.44 10.50 5.40 1.71 0.00 0.00 0.00
0.00 0.00 0.00 0.00 0.00 0.00 0.00 0.21 1.63 3.00 4.62 6.13 7.16 10.23 10.37 9.80 9.30 7.35 4.96 2.51 0.79 0.00 0.00 0.00
0.00 0.00 0.00 0.00 0.00 0.00 0.00 0.27 2.10 3.86 5.94 7.88 9.20 13.15 13.33 12.60 11.95 9.45 6.38 3.23 1.01 0.00 0.00 0.00
0.00 0.00 0.00 0.00 0.00 0.00 0.00 0.18 1.40 2.57 3.96 5.25 6.13 8.77 8.89 8.40 7.97 6.30 4.25 2.15 0.67 0.00 0.00 0.00
0.00 0.00 0.00 0.00 0.00 0.00 0.00 0.18 1.40 2.57 3.96 5.25 6.13 8.77 8.89 8.40 7.97 6.30 4.25 2.15 0.67 0.00 0.00 0.00
0.00 0.00 0.00 0.00 0.00 0.00 0.00 0.00 14.89 29.54 49.65 64.92 75.93 89.67 91.05 86.76 85.38 66.27 45.58 24.18 7.10 0.00 0.00 0.00
0.00 0.00 0.00 0.00 0.00 0.00 0.00 1.71 11.38 20.63 31.19 41.32 48.70 66.35 65.59 61.12 58.04 45.92 31.32 15.87 4.96 0.00 0.00 0.00
0.00 0.00 0.00 0.00 0.00 0.00 0.00 1.85 12.32 22.31 31.51 41.27 48.61 57.31 56.79 52.67 48.84 38.91 26.47 13.90 4.62 0.00 0.00 0.00
0.00 0.00 0.00 0.00 0.00 0.00 0.00 0.00 49.58 101.72 161.37 214.55 252.76 282.12 291.59 287.81 269.57 222.15 161.66 95.02 41.55 0.00 0.00 0.00
0.00 0.00 0.00 0.00 0.00 0.00 0.00 0.00 47.17 96.76 153.50 204.09 240.43 268.36 277.37 273.77 256.42 211.32 153.77 90.38 39.52 0.00 0.00 0.00
0.00 0.00 0.00 0.00 0.00 0.00 0.00 0.00 90.70 186.08 295.19 392.48 462.36 516.08 533.40 526.49 493.12 406.38 295.71 173.81 76.01 0.00 0.00 0.00
0.00 0.00 0.00 0.00 0.00 0.00 0.00 0.00 89.19 182.98 290.27 385.94 454.65 507.48 524.51 517.72 484.90 399.60 290.79 170.92 74.74 0.00 0.00 0.00
0.00 0.00 0.00 0.00 0.00 0.00 0.00 2.92 107.59 209.52 329.74 439.06 520.12 564.51 581.63 564.06 516.27 423.97 306.46 177.73 78.95 0.00 0.00 0.00
0.00 0.00 0.00 0.00 0.00 0.00 0.00 0.17 1.15 2.08 3.08 4.03 4.67 5.86 5.89 5.55 4.89 3.92 2.63 1.21 0.32 0.00 0.00 0.00
0.00 0.00 0.00 0.00 0.00 0.00 0.00 0.88 5.81 10.52 15.62 20.43 23.67 29.70 29.82 28.11 24.78 19.85 13.33 6.12 1.64 0.00 0.00 0.00
0.00 0.00 0.00 0.00 0.00 0.00 0.00 4.48 29.66 53.69 79.76 104.28 120.85 151.65 152.24 143.51 126.51 101.35 68.06 31.23 8.39 0.00 0.00 0.00
0.00 0.00 0.00 0.00 0.00 0.00 0.00 0.00 3.39 6.95 11.02 14.65 17.26 19.27 19.91 19.66 18.41 15.17 11.04 6.49 2.84 0.00 0.00 0.00
0.00 0.00 0.00 0.00 0.00 0.00 0.00 1.27 81.82 160.12 253.78 335.08 392.77 434.80 448.43 432.19 393.28 323.55 231.01 133.87 57.41 0.00 0.00 0.00
0.00 0.00 0.00 0.00 0.00 0.00 0.00 0.12 6.10 11.87 18.90 26.00 31.40 34.57 34.66 33.02 30.50 24.62 17.00 10.06 3.70 0.00 0.00 0.00
0.00 0.00 0.00 0.00 0.00 0.00 0.00 6.63 47.43 86.68 134.61 176.01 205.69 217.77 220.98 208.36 191.07 156.68 111.82 61.84 25.34 0.00 0.00 0.00
0.00 0.00 0.00 0.00 0.00 0.00 0.00 0.02 1.36 2.67 4.23 5.58 6.55 7.25 7.47 7.20 6.55 5.39 3.85 2.23 0.96 0.00 0.00 0.00
0.00 0.00 0.00 0.00 0.00 0.00 0.00 0.95 61.36 120.09 190.33 251.31 294.58 326.10 336.32 324.15 294.96 242.66 173.26 100.40 43.06 0.00 0.00 0.00
0.00 0.00 0.00 0.00 0.00 0.00 0.00 1.22 78.75 154.11 244.26 322.52 378.05 418.50 431.61 415.99 378.53 311.41 222.35 128.85 55.26 0.00 0.00 0.00
0.00 0.00 0.00 0.00 0.00 0.00 0.00 3.85 141.88 276.31 434.84 579.01 685.91 744.44 767.02 743.85 680.83 559.11 404.14 234.39 104.12 0.00 0.00 0.00
0.00 0.00 0.00 0.00 0.00 0.00 0.00 0.27 2.73 5.10 7.18 9.49 11.26 15.97 16.04 14.91 14.51 11.55 7.86 4.02 1.28 0.00 0.00 0.00
0.00 0.00 0.00 0.00 0.00 0.00 0.00 0.34 3.20 5.95 8.92 11.80 13.85 19.75 19.83 18.56 18.14 14.41 9.85 5.03 1.59 0.00 0.00 0.00
0.00 0.00 0.00 0.00 0.00 0.00 0.00 0.47 25.14 48.97 77.95 107.26 129.53 142.62 142.98 136.20 125.80 101.56 70.14 41.50 15.26 0.00 0.00 0.00
0.00 0.00 0.00 0.00 0.00 0.00 0.00 3.74 103.46 200.88 309.11 419.18 506.33 557.90 570.92 546.15 497.22 411.09 296.66 179.11 88.06 0.00 0.00 0.00
0.00 0.00 0.00 0.00 0.00 0.00 0.00 0.16 0.93 1.68 2.53 3.34 3.92 5.39 5.35 4.94 4.55 3.60 2.46 1.22 0.37 0.00 0.00 0.00
0.00 0.00 0.00 0.00 0.00 0.00 0.00 1.51 22.00 41.88 65.17 86.48 100.80 108.81 110.83 105.78 97.59 80.35 56.97 32.44 13.70 0.00 0.00 0.00
0.00 0.00 0.00 0.00 0.00 0.00 0.00 0.00 5.42 11.84 19.05 25.95 30.89 33.62 34.41 33.26 30.40 25.11 18.29 11.40 5.17 0.00 0.00 0.00
0.00 0.00 0.00 0.00 0.00 0.00 0.00 0.83 3.09 5.22 7.07 9.01 10.24 11.57 11.41 10.85 10.04 7.92 5.49 2.64 0.83 0.00 0.00 0.00
0.00 0.00 0.00 0.00 0.00 0.00 0.00 0.42 1.55 2.61 3.54 4.50 5.12 5.78 5.70 5.43 5.02 3.96 2.74 1.32 0.42 0.00 0.00 0.00
0.00 0.00 0.00 0.00 0.00 0.00 0.00 0.91 3.38 5.71 7.74 9.85 11.20 12.65 12.48 11.87 10.98 8.66 6.00 2.89 0.91 0.00 0.00 0.00
0.00 0.00 0.00 0.00 0.00 0.00 0.00 1.07 4.12 6.99 9.29 11.84 13.55 15.37 15.09 14.35 13.22 10.58 7.25 3.45 1.08 0.00 0.00 0.00
0.00 0.00 0.00 0.00 0.00 0.00 0.00 1.63 6.28 10.66 14.15 18.05 20.65 23.42 22.99 21.87 20.14 16.12 11.05 5.26 1.64 0.00 0.00 0.00
0.00 0.00 0.00 0.00 0.00 0.00 0.00 1.36 5.48 9.37 12.37 15.52 17.89 20.28 20.30 19.24 18.03 14.25 9.92 4.94 1.61 0.00 0.00 0.00
0.00 0.00 0.00 0.00 0.00 0.00 0.00 0.79 4.05 7.16 10.82 14.29 16.69 17.65 17.64 16.84 15.28 12.28 8.65 4.82 1.90 0.00 0.00 0.00
0.00 0.00 0.00 0.00 0.00 0.00 0.00 2.03 10.46 18.49 27.95 36.91 43.10 45.61 45.57 43.50 39.47 31.73 22.34 12.44 4.92 0.00 0.00 0.00
0.00 0.00 0.00 0.00 0.00 0.00 0.00 0.44 2.70 4.86 7.48 9.78 11.42 12.07 11.97 11.29 10.37 8.33 5.89 3.31 1.30 0.00 0.00 0.00
0.00 0.00 0.00 0.00 0.00 0.00 0.00 0.84 4.18 7.34 11.27 14.68 16.94 23.70 23.51 21.92 20.18 16.20 11.08 5.22 1.51 0.00 0.00 0.00
0.00 0.00 0.00 0.00 0.00 0.00 0.00 2.03 9.16 15.89 21.31 27.45 31.65 38.78 39.11 36.53 33.73 26.53 18.00 8.69 2.68 0.00 0.00 0.00
0.00 0.00 0.00 0.00 0.00 0.00 0.00 0.35 1.31 2.22 3.29 4.10 4.57 5.25 5.19 4.80 4.37 3.44 2.32 0.99 0.21 0.00 0.00 0.00
0.00 0.00 0.00 0.00 0.00 0.00 0.00 1.21 5.58 9.72 14.82 18.88 21.34 29.89 29.38 27.55 24.43 19.58 13.31 5.87 1.38 0.00 0.00 0.00
0.00 0.00 0.00 0.00 0.00 0.00 0.00 0.95 3.94 6.77 11.45 14.41 16.14 19.97 19.48 18.65 16.37 13.02 8.80 3.82 0.84 0.00 0.00 0.00
0.00 0.00 0.00 0.00 0.00 0.00 0.00 1.30 5.43 9.34 15.81 19.89 22.28 27.56 26.88 25.74 22.59 17.97 12.15 5.28 1.16 0.00 0.00 0.00
0.00 0.00 0.00 0.00 0.00 0.00 0.00 0.89 3.70 6.36 10.77 13.55 15.18 18.77 18.31 17.53 15.39 12.24 8.27 3.59 0.79 0.00 0.00 0.00
0.00 0.00 0.00 0.00 0.00 0.00 0.00 0.65 2.97 5.19 7.90 10.07 11.38 15.94 15.67 14.69 13.03 10.45 7.10 3.13 0.73 0.00 0.00 0.00
0.00 0.00 0.00 0.00 0.00 0.00 0.00 0.79 3.13 5.34 8.88 11.13 12.56 14.97 15.02 14.23 12.27 9.62 6.31 2.63 0.52 0.00 0.00 0.00
0.00 0.00 0.00 0.00 0.00 0.00 0.00 0.50 3.29 5.95 8.84 11.56 13.39 16.81 16.87 15.90 14.02 11.23 7.54 3.46 0.93 0.00 0.00 0.00
0.00 0.00 0.00 0.00 0.00 0.00 0.00 0.00 19.38 38.44 64.62 84.51 98.83 116.71 118.51 112.92 111.13 86.26 59.33 31.47 9.25 0.00 0.00 0.00
0.00 0.00 0.00 0.00 0.00 0.00 0.00 0.55 4.27 7.84 11.81 15.79 18.42 24.52 24.69 23.35 22.17 17.50 11.90 6.12 1.94 0.00 0.00 0.00
0.00 0.00 0.00 0.00 0.00 0.00 0.00 1.02 6.22 11.18 15.55 20.41 23.97 35.97 35.57 33.19 32.39 25.27 17.13 8.24 2.44 0.00 0.00 0.00
0.00 0.00 0.00 0.00 0.00 0.00 0.00 0.47 2.85 5.12 7.13 9.36 10.99 16.49 16.30 15.21 14.84 11.58 7.85 3.78 1.12 0.00 0.00 0.00
0.00 0.00 0.00 0.00 0.00 0.00 0.00 0.73 5.56 10.19 15.09 20.14 23.54 29.87 30.03 28.32 27.23 21.53 14.62 7.54 2.40 0.00 0.00 0.00
0.00 0.00 0.00 0.00 0.00 0.00 0.00 0.38 2.27 4.07 6.14 8.12 9.52 13.10 12.99 11.99 11.06 8.75 5.97 2.96 0.90 0.00 0.00 0.00
0.00 0.00 0.00 0.00 0.00 0.00 0.00 0.49 26.03 50.70 80.71 111.05 134.11 147.66 148.04 141.01 130.25 105.15 72.62 42.96 15.80 0.00 0.00 0.00
0.00 0.00 0.00 0.00 0.00 0.00 0.00 1.59 11.34 20.73 32.19 42.09 49.19 52.07 52.84 49.83 45.69 37.47 26.74 14.79 6.06 0.00 0.00 0.00
0.00 0.00 0.00 0.00 0.00 0.00 0.00 0.32 2.56 4.71 7.28 9.51 11.13 11.84 11.94 11.24 10.12 8.18 5.83 3.41 1.39 0.00 0.00 0.00
0.00 0.00 0.00 0.00 0.00 0.00 0.00 0.37 3.30 6.11 9.16 11.97 13.89 14.75 14.75 14.06 12.88 10.57 7.57 4.48 1.78 0.00 0.00 0.00
0.00 0.00 0.00 0.00 0.00 0.00 0.00 0.60 5.29 9.78 14.65 19.15 22.23 23.60 23.60 22.49 20.62 16.92 12.12 7.17 2.84 0.00 0.00 0.00
0.00 0.00 0.00 0.00 0.00 0.00 0.00 0.00 92.21 189.18 300.11 399.02 470.06 524.68 542.29 535.27 501.33 413.15 300.64 176.71 77.27 0.00 0.00 0.00
