0.00 0.00 0.00 0.00 0.00 0.00 0.00 0.00 0.85 1.75 2.76 3.66 4.29 4.72 4.76 4.61 4.10 3.39 2.41 1.26 0.49 0.00 0.00 0.00
0.00 0.00 0.00 0.00 0.00 0.00 0.00 0.84 18.08 34.46 51.80 65.49 76.09 77.65 77.27 72.43 64.40 50.28 34.41 15.06 2.87 0.00 0.00 0.00
0.00 0.00 0.00 0.00 0.00 0.00 0.00 0.00 19.39 40.01 63.16 83.69 98.16 107.87 108.74 105.49 93.79 77.57 55.09 28.80 11.22 0.00 0.00 0.00
0.00 0.00 0.00 0.00 0.00 0.00 0.00 0.00 68.91 142.20 224.45 297.44 348.85 383.35 386.47 374.91 333.33 275.69 195.79 102.37 39.89 0.00 0.00 0.00
0.00 0.00 0.00 0.00 0.00 0.00 0.00 0.75 3.66 6.38 9.01 11.29 12.72 11.81 11.53 10.64 8.65 6.75 4.40 1.95 0.23 0.00 0.00 0.00
0.00 0.00 0.00 0.00 0.00 0.00 0.00 0.00 136.51 297.22 475.54 635.74 763.52 843.11 876.56 876.45 819.53 674.99 473.23 255.50 102.87 0.00 0.00 0.00
0.00 0.00 0.00 0.00 0.00 0.00 0.00 0.26 1.40 2.49 3.23 4.17 4.84 6.50 6.42 6.04 6.07 4.70 3.13 1.79 0.47 0.00 0.00 0.00
0.00 0.00 0.00 0.00 0.00 0.00 0.00 0.08 1.00 1.88 3.02 3.90 4.51 4.68 4.57 4.36 3.26 2.56 1.74 0.76 0.16 0.00 0.00 0.00
0.00 0.00 0.00 0.00 0.00 0.00 0.00 0.12 1.61 3.01 4.83 6.23 7.21 7.49 7.31 6.98 5.21 4.10 2.78 1.21 0.25 0.00 0.00 0.00
0.00 0.00 0.00 0.00 0.00 0.00 0.00 0.12 1.61 3.01 4.83 6.23 7.21 7.49 7.31 6.98 5.21 4.10 2.78 1.21 0.25 0.00 0.00 0.00
0.00 0.00 0.00 0.00 0.00 0.00 0.00 0.12 2.52 4.81 8.05 10.67 12.37 14.52 14.51 13.73 14.32 11.31 7.38 4.23 1.10 0.00 0.00 0.00
0.00 0.00 0.00 0.00 0.00 0.00 0.00 0.06 1.22 2.33 3.88 5.15 5.95 6.76 6.75 6.34 6.59 5.23 3.41 1.98 0.51 0.00 0.00 0.00
0.00 0.00 0.00 0.00 0.00 0.00 0.00 0.07 1.57 3.00 4.99 6.62 7.65 8.70 8.68 8.15 8.48 6.73 4.38 2.54 0.65 0.00 0.00 0.00
0.00 0.00 0.00 0.00 0.00 0.00 0.00 0.05 1.04 2.00 3.33 4.41 5.10 5.80 5.79 5.44 5.65 4.48 2.92 1.69 0.44 0.00 0.00 0.00
0.00 0.00 0.00 0.00 0.00 0.00 0.00 0.05 1.04 2.00 3.33 4.41 5.10 5.80 5.79 5.44 5.65 4.48 2.92 1.69 0.44 0.00 0.00 0.00
0.00 0.00 0.00 0.00 0.00 0.00 0.00 0.00 20.00 41.27 65.66 86.45 100.54 110.87 110.55 104.36 77.72 60.79 41.02 18.99 4.62 0.00 0.00 0.00
0.00 0.00 0.00 0.00 0.00 0.00 0.00 0.50 7.00 13.22 22.46 29.82 34.66 41.80 41.77 38.90 42.31 33.37 22.09 12.67 3.23 0.00 0.00 0.00
0.00 0.00 0.00 0.00 0.00 0.00 0.00 0.36 5.25 9.97 21.28 28.22 32.37 38.47 38.31 36.06 41.13 32.61 21.60 10.85 3.00 0.00 0.00 0.00
0.00 0.00 0.00 0.00 0.00 0.00 0.00 0.00 40.26 87.67 140.27 187.52 225.21 248.69 258.55 258.52 241.73 199.10 139.59 75.36 30.34 0.00 0.00 0.00
0.00 0.00 0.00 0.00 0.00 0.00 0.00 0.00 38.30 83.39 133.42 178.37 214.23 236.56 245.94 245.91 229.94 189.39 132.78 71.69 28.86 0.00 0.00 0.00
0.00 0.00 0.00 0.00 0.00 0.00 0.00 0.00 73.65 160.37 256.58 343.02 411.97 454.92 472.96 472.90 442.19 364.21 255.34 137.86 55.51 0.00 0.00 0.00
0.00 0.00 0.00 0.00 0.00 0.00 0.00 0.00 72.43 157.70 252.31 337.31 405.11 447.34 465.08 465.02 434.82 358.14 251.08 135.56 54.58 0.00 0.00 0.00
0.00 0.00 0.00 0.00 0.00 0.00 0.00 0.00 87.52 179.78 284.56 382.57 459.46 509.09 525.12 506.29 405.45 325.22 229.63 99.03 40.27 0.00 0.00 0.00
0.00 0.00 0.00 0.00 0.00 0.00 0.00 0.08 1.00 1.88 3.02 3.90 4.51 4.68 4.57 4.36 3.26 2.56 1.74 0.76 0.16 0.00 0.00 0.00
0.00 0.00 0.00 0.00 0.00 0.00 0.00 0.39 5.09 9.53 15.30 19.74 22.83 23.73 23.14 22.10 16.51 12.98 8.80 3.83 0.79 0.00 0.00 0.00
0.00 0.00 0.00 0.00 0.00 0.00 0.00 2.00 25.98 48.64 78.09 100.78 116.53 121.13 118.11 112.81 84.30 66.24 44.95 19.56 4.05 0.00 0.00 0.00
0.00 0.00 0.00 0.00 0.00 0.00 0.00 0.00 2.75 5.99 9.58 12.81 15.38 16.98 17.66 17.66 16.51 13.60 9.53 5.15 2.07 0.00 0.00 0.00
0.00 0.00 0.00 0.00 0.00 0.00 0.00 0.00 67.83 139.98 220.95 292.81 343.42 377.37 380.45 369.07 328.13 271.40 192.73 100.77 39.27 0.00 0.00 0.00
0.00 0.00 0.00 0.00 0.00 0.00 0.00 0.00 5.43 11.13 17.91 24.28 28.84 31.19 30.96 29.24 26.58 21.29 14.52 7.32 2.35 0.00 0.00 0.00
0.00 0.00 0.00 0.00 0.00 0.00 0.00 1.67 36.58 69.98 112.23 150.30 176.92 192.22 194.07 184.64 164.65 133.54 93.93 47.76 17.38 0.00 0.00 0.00
0.00 0.00 0.00 0.00 0.00 0.00 0.00 0.00 1.13 2.33 3.68 4.88 5.72 6.29 6.34 6.15 5.47 4.52 3.21 1.68 0.65 0.00 0.00 0.00
0.00 0.00 0.00 0.00 0.00 0.00 0.00 0.00 50.88 104.99 165.72 219.61 257.56 283.03 285.34 276.80 246.10 203.55 144.55 75.58 29.45 0.00 0.00 0.00
0.00 0.00 0.00 0.00 0.00 0.00 0.00 0.00 65.29 134.73 212.67 281.83 330.54 363.22 366.18 355.23 315.83 261.22 185.51 96.99 37.80 0.00 0.00 0.00
0.00 0.00 0.00 0.00 0.00 0.00 0.00 0.00 115.42 237.09 375.26 504.51 605.91 671.36 692.50 667.67 534.68 428.89 302.83 130.59 53.11 0.00 0.00 0.00
0.00 0.00 0.00 0.00 0.00 0.00 0.00 0.03 2.34 4.54 6.78 9.03 10.46 12.65 12.62 11.79 10.62 8.13 5.56 3.07 0.80 0.00 0.00 0.00
0.00 0.00 0.00 0.00 0.00 0.00 0.00 0.05 2.67 5.18 8.26 10.98 12.73 14.58 14.57 13.62 13.09 10.06 6.78 3.85 1.01 0.00 0.00 0.00
0.00 0.00 0.00 0.00 0.00 0.00 0.00 0.00 22.42 45.92 73.87 100.14 118.96 128.65 127.69 120.61 109.65 87.81 59.90 30.20 9.67 0.00 0.00 0.00
0.00 0.00 0.00 0.00 0.00 0.00 0.00 0.00 85.46 176.99 282.06 384.42 465.94 515.82 524.35 494.33 468.75 382.24 272.74 157.14 72.01 0.00 0.00 0.00
0.00 0.00 0.00 0.00 0.00 0.00 0.00 0.05 0.51 0.96 1.84 2.42 2.78 3.20 3.21 3.02 3.38 2.59 1.76 0.98 0.24 0.00 0.00 0.00
0.00 0.00 0.00 0.00 0.00 0.00 0.00 0.00 17.45 34.92 54.95 73.43 87.84 95.70 97.12 93.38 83.24 66.69 47.40 21.61 8.19 0.00 0.00 0.00
0.00 0.00 0.00 0.00 0.00 0.00 0.00 0.00 4.32 10.11 16.87 23.21 27.78 31.17 31.90 31.10 29.56 23.45 17.03 9.66 4.08 0.00 0.00 0.00
0.00 0.00 0.00 0.00 0.00 0.00 0.00 0.33 1.66 2.92 2.88 3.74 4.32 6.92 6.88 6.47 6.41 5.02 3.30 1.94 0.49 0.00 0.00 0.00
0.00 0.00 0.00 0.00 0.00 0.00 0.00 0.17 0.83 1.46 1.44 1.87 2.16 3.46 3.44 3.24 3.20 2.51 1.65 0.97 0.24 0.00 0.00 0.00
0.00 0.00 0.00 0.00 0.00 0.00 0.00 0.37 1.81 3.19 3.15 4.09 4.72 7.57 7.52 7.08 7.01 5.49 3.61 2.12 0.53 0.00 0.00 0.00
0.00 0.00 0.00 0.00 0.00 0.00 0.00 0.40 2.11 3.73 4.95 6.38 7.45 10.25 10.04 9.46 9.03 6.99 4.60 2.48 0.62 0.00 0.00 0.00
0.00 0.00 0.00 0.00 0.00 0.00 0.00 0.61 3.21 5.69 7.54 9.72 11.35 15.62 15.29 14.42 13.77 10.66 7.01 3.79 0.94 0.00 0.00 0.00
0.00 0.00 0.00 0.00 0.00 0.00 0.00 0.51 2.87 5.12 7.94 10.14 11.79 13.16 12.93 12.24 12.06 9.42 6.33 3.74 0.99 0.00 0.00 0.00
0.00 0.00 0.00 0.00 0.00 0.00 0.00 0.35 3.17 5.86 8.57 11.50 13.50 14.84 15.03 14.42 13.23 10.53 7.22 3.56 1.23 0.00 0.00 0.00
0.00 0.00 0.00 0.00 0.00 0.00 0.00 0.90 8.19 15.13 22.13 29.70 34.86 38.33 38.83 37.25 34.17 27.19 18.66 9.19 3.17 0.00 0.00 0.00
0.00 0.00 0.00 0.00 0.00 0.00 0.00 0.15 2.09 3.94 6.04 8.10 9.57 10.24 10.19 9.59 8.53 6.77 4.76 2.44 0.84 0.00 0.00 0.00
0.00 0.00 0.00 0.00 0.00 0.00 0.00 0.30 2.36 4.32 9.17 11.93 13.66 13.15 13.14 12.12 13.82 10.66 7.00 4.11 0.93 0.00 0.00 0.00
0.00 0.00 0.00 0.00 0.00 0.00 0.00 0.73 4.85 8.78 14.51 19.04 22.00 22.03 22.26 20.92 28.13 21.80 14.34 7.27 1.78 0.00 0.00 0.00
0.00 0.00 0.00 0.00 0.00 0.00 0.00 0.23 1.12 1.95 2.92 3.66 4.11 4.17 4.02 3.75 2.98 2.32 1.52 0.69 0.09 0.00 0.00 0.00
0.00 0.00 0.00 0.00 0.00 0.00 0.00 0.95 6.20 11.11 16.70 20.94 23.35 24.39 23.54 22.11 16.25 12.65 8.41 3.59 0.59 0.00 0.00 0.00
0.00 0.00 0.00 0.00 0.00 0.00 0.00 0.75 4.17 7.36 11.09 13.85 15.39 16.19 15.42 14.69 11.47 8.89 5.94 2.56 0.38 0.00 0.00 0.00
0.00 0.00 0.00 0.00 0.00 0.00 0.00 1.03 5.75 10.16 15.30 19.11 21.23 22.35 21.28 20.27 15.82 12.27 8.19 3.53 0.52 0.00 0.00 0.00
0.00 0.00 0.00 0.00 0.00 0.00 0.00 0.70 3.92 6.92 10.42 13.02 14.46 15.22 14.50 13.81 10.78 8.36 5.58 2.41 0.35 0.00 0.00 0.00
0.00 0.00 0.00 0.00 0.00 0.00 0.00 0.51 3.31 5.92 8.91 11.17 12.45 13.01 12.55 11.79 8.67 6.75 4.48 1.92 0.32 0.00 0.00 0.00
0.00 0.00 0.00 0.00 0.00 0.00 0.00 0.63 3.23 5.67 8.11 10.12 11.40 10.97 10.82 10.12 8.62 6.74 4.39 2.00 0.25 0.00 0.00 0.00
0.00 0.00 0.00 0.00 0.00 0.00 0.00 0.22 2.88 5.39 8.65 11.17 12.91 13.42 13.09 12.50 9.34 7.34 4.98 2.17 0.45 0.00 0.00 0.00
0.00 0.00 0.00 0.00 0.00 0.00 0.00 0.00 26.04 53.71 85.47 112.52 130.86 144.31 143.89 135.84 101.16 79.12 53.39 24.72 6.01 0.00 0.00 0.00
0.00 0.00 0.00 0.00 0.00 0.00 0.00 0.13 2.85 5.45 9.13 12.09 14.02 16.46 16.45 15.56 16.23 12.82 8.36 4.79 1.25 0.00 0.00 0.00
0.00 0.00 0.00 0.00 0.00 0.00 0.00 0.34 3.86 7.22 12.56 16.59 19.38 20.99 20.95 19.46 20.06 15.45 10.28 5.50 1.30 0.00 0.00 0.00
0.00 0.00 0.00 0.00 0.00 0.00 0.00 0.15 1.77 3.31 5.76 7.60 8.88 9.62 9.60 8.92 9.20 7.08 4.71 2.52 0.59 0.00 0.00 0.00
0.00 0.00 0.00 0.00 0.00 0.00 0.00 0.17 3.40 6.50 10.93 14.44 16.78 20.34 20.30 19.20 19.99 15.76 10.32 5.94 1.55 0.00 0.00 0.00
0.00 0.00 0.00 0.00 0.00 0.00 0.00 0.12 1.25 2.33 4.46 5.88 6.75 7.77 7.80 7.32 8.22 6.29 4.27 2.38 0.58 0.00 0.00 0.00
0.00 0.00 0.00 0.00 0.00 0.00 0.00 0.00 23.21 47.54 76.48 103.69 123.16 133.19 132.20 124.87 113.52 90.92 62.01 31.27 10.02 0.00 0.00 0.00
0.00 0.00 0.00 0.00 0.00 0.00 0.00 0.40 8.75 16.73 26.84 35.94 42.31 45.97 46.41 44.15 39.37 31.93 22.46 11.42 4.16 0.00 0.00 0.00
0.00 0.00 0.00 0.00 0.00 0.00 0.00 0.06 1.99 3.84 5.99 7.97 9.59 10.39 10.29 9.75 8.76 7.07 4.98 2.60 0.94 0.00 0.00 0.00
0.00 0.00 0.00 0.00 0.00 0.00 0.00 0.04 2.46 4.79 7.72 10.15 11.74 12.48 12.63 12.16 10.82 8.75 6.12 3.27 1.14 0.00 0.00 0.00
0.00 0.00 0.00 0.00 0.00 0.00 0.00 0.07 3.94 7.67 12.36 16.25 18.78 19.97 20.21 19.46 17.31 14.00 9.79 5.23 1.82 0.00 0.00 0.00
0.00 0.00 0.00 0.00 0.00 0.00 0.00 0.00 74.88 163.04 260.86 348.74 418.84 462.50 480.84 480.78 449.56 370.28 259.60 140.15 56.43 0.00 0.00 0.00
