0.00 0.00 0.00 0.00 0.00 0.00 0.00 0.00 0.26 0.68 1.01 1.43 1.75 2.09 2.12 2.04 1.82 1.43 0.95 0.61 0.08 0.00 0.00 0.00
0.00 0.00 0.00 0.00 0.00 0.00 0.00 0.00 12.11 26.35 43.11 58.29 70.31 75.54 75.76 71.02 59.41 45.65 28.43 8.14 0.00 0.00 0.00 0.00
0.00 0.00 0.00 0.00 0.00 0.00 0.00 0.00 5.87 15.48 23.08 32.60 39.93 47.86 48.42 46.55 41.69 32.68 21.70 14.00 1.85 0.00 0.00 0.00
0.00 0.00 0.00 0.00 0.00 0.00 0.00 0.00 20.88 55.01 82.02 115.86 141.89 170.10 172.08 165.42 148.18 116.15 77.11 49.75 6.57 0.00 0.00 0.00
0.00 0.00 0.00 0.00 0.00 0.00 0.00 0.00 2.56 4.98 7.40 9.83 11.30 10.72 10.60 9.97 6.94 5.20 3.12 1.10 0.00 0.00 0.00 0.00
0.00 0.00 0.00 0.00 0.00 0.00 0.00 0.00 71.57 205.03 190.61 270.80 331.90 569.41 580.24 549.37 730.07 576.58 395.67 172.69 28.58 0.00 0.00 0.00
0.00 0.00 0.00 0.00 0.00 0.00 0.00 0.00 0.88 1.81 2.12 2.91 3.40 3.14 3.12 2.94 3.57 2.64 1.64 0.72 0.00 0.00 0.00 0.00
0.00 0.00 0.00 0.00 0.00 0.00 0.00 0.00 0.71 1.52 2.39 3.29 3.90 4.04 4.15 3.92 3.61 2.82 1.76 0.54 0.00 0.00 0.00 0.00
0.00 0.00 0.00 0.00 0.00 0.00 0.00 0.00 1.13 2.43 3.83 5.26 6.24 6.46 6.64 6.27 5.77 4.51 2.82 0.86 0.00 0.00 0.00 0.00
0.00 0.00 0.00 0.00 0.00 0.00 0.00 0.00 1.13 2.43 3.83 5.26 6.24 6.46 6.64 6.27 5.77 4.51 2.82 0.86 0.00 0.00 0.00 0.00
0.00 0.00 0.00 0.00 0.00 0.00 0.00 0.00 1.89 4.23 4.69 6.55 8.01 16.98 17.09 16.45 15.69 12.07 7.81 2.65 0.00 0.00 0.00 0.00
0.00 0.00 0.00 0.00 0.00 0.00 0.00 0.00 0.94 2.10 2.31 3.17 3.84 7.93 7.99 7.73 7.19 5.55 3.49 1.20 0.00 0.00 0.00 0.00
0.00 0.00 0.00 0.00 0.00 0.00 0.00 0.00 1.21 2.70 2.97 4.08 4.94 10.19 10.27 9.94 9.24 7.14 4.49 1.54 0.00 0.00 0.00 0.00
0.00 0.00 0.00 0.00 0.00 0.00 0.00 0.00 0.81 1.80 1.98 2.72 3.29 6.79 6.85 6.63 6.16 4.76 2.99 1.03 0.00 0.00 0.00 0.00
0.00 0.00 0.00 0.00 0.00 0.00 0.00 0.00 0.81 1.80 1.98 2.72 3.29 6.79 6.85 6.63 6.16 4.76 2.99 1.03 0.00 0.00 0.00 0.00
0.00 0.00 0.00 0.00 0.00 0.00 0.00 0.00 12.82 30.80 54.72 76.64 94.49 106.81 111.19 106.98 91.33 70.75 44.41 14.88 0.00 0.00 0.00 0.00
0.00 0.00 0.00 0.00 0.00 0.00 0.00 0.00 5.17 11.37 14.08 19.92 24.35 51.00 50.20 47.68 48.10 36.94 23.92 8.02 0.00 0.00 0.00 0.00
0.00 0.00 0.00 0.00 0.00 0.00 0.00 0.00 6.46 14.34 13.43 18.28 22.36 43.91 44.14 42.35 37.40 28.83 18.59 6.89 0.00 0.00 0.00 0.00
0.00 0.00 0.00 0.00 0.00 0.00 0.00 0.00 21.11 60.48 56.22 79.88 97.90 167.96 171.15 162.05 215.35 170.07 116.71 50.94 8.43 0.00 0.00 0.00
0.00 0.00 0.00 0.00 0.00 0.00 0.00 0.00 20.08 57.53 53.48 75.98 93.12 159.76 162.80 154.14 204.84 161.78 111.02 48.45 8.02 0.00 0.00 0.00
0.00 0.00 0.00 0.00 0.00 0.00 0.00 0.00 38.62 110.63 102.84 146.12 179.08 307.24 313.08 296.42 393.93 311.11 213.49 93.18 15.42 0.00 0.00 0.00
0.00 0.00 0.00 0.00 0.00 0.00 0.00 0.00 37.97 108.79 101.13 143.68 176.10 302.12 307.86 291.48 387.36 305.92 209.93 91.62 15.16 0.00 0.00 0.00
0.00 0.00 0.00 0.00 0.00 0.00 0.00 0.00 25.96 68.70 117.92 163.29 196.15 232.36 234.48 223.21 193.19 151.02 101.52 75.59 11.62 0.00 0.00 0.00
0.00 0.00 0.00 0.00 0.00 0.00 0.00 0.00 0.71 1.52 2.39 3.29 3.90 4.04 4.15 3.92 3.61 2.82 1.76 0.54 0.00 0.00 0.00 0.00
0.00 0.00 0.00 0.00 0.00 0.00 0.00 0.00 3.58 7.68 12.12 16.65 19.75 20.47 21.04 19.86 18.27 14.27 8.92 2.72 0.00 0.00 0.00 0.00
0.00 0.00 0.00 0.00 0.00 0.00 0.00 0.00 18.29 39.22 61.87 85.00 100.80 104.50 107.42 101.41 93.30 72.83 45.56 13.91 0.00 0.00 0.00 0.00
0.00 0.00 0.00 0.00 0.00 0.00 0.00 0.00 1.44 4.13 3.84 5.45 6.69 11.47 11.69 11.07 14.71 11.61 7.97 3.48 0.58 0.00 0.00 0.00
0.00 0.00 0.00 0.00 0.00 0.00 0.00 0.00 20.55 54.16 80.74 114.06 139.68 167.45 169.40 162.84 145.87 114.34 75.90 48.97 6.47 0.00 0.00 0.00
0.00 0.00 0.00 0.00 0.00 0.00 0.00 0.00 2.03 5.05 12.22 17.43 22.19 30.78 31.79 30.51 26.76 21.07 14.35 5.31 0.16 0.00 0.00 0.00
0.00 0.00 0.00 0.00 0.00 0.00 0.00 0.00 9.76 22.93 34.00 47.55 56.01 67.37 67.53 64.05 57.41 44.32 28.96 16.15 1.07 0.00 0.00 0.00
0.00 0.00 0.00 0.00 0.00 0.00 0.00 0.00 0.34 0.90 1.35 1.90 2.33 2.79 2.82 2.71 2.43 1.91 1.27 0.82 0.11 0.00 0.00 0.00
0.00 0.00 0.00 0.00 0.00 0.00 0.00 0.00 15.41 40.62 60.56 85.54 104.76 125.59 127.05 122.13 109.40 85.76 56.93 36.73 4.85 0.00 0.00 0.00
0.00 0.00 0.00 0.00 0.00 0.00 0.00 0.00 19.78 52.13 77.72 109.78 134.44 161.17 163.05 156.73 140.40 110.05 73.06 47.13 6.23 0.00 0.00 0.00
0.00 0.00 0.00 0.00 0.00 0.00 0.00 0.00 34.24 90.60 155.51 215.34 258.67 306.42 309.22 294.35 254.77 199.16 133.88 99.69 15.33 0.00 0.00 0.00
0.00 0.00 0.00 0.00 0.00 0.00 0.00 0.00 1.60 3.63 4.32 6.01 7.25 12.38 12.72 12.14 11.69 9.02 5.79 1.93 0.00 0.00 0.00 0.00
0.00 0.00 0.00 0.00 0.00 0.00 0.00 0.00 1.91 4.32 5.29 7.36 8.89 15.48 15.74 15.12 14.48 11.11 7.16 2.41 0.00 0.00 0.00 0.00
0.00 0.00 0.00 0.00 0.00 0.00 0.00 0.00 8.38 20.85 50.40 71.88 91.54 126.95 131.12 125.84 110.40 86.90 59.17 21.91 0.65 0.00 0.00 0.00
0.00 0.00 0.00 0.00 0.00 0.00 0.00 0.00 54.21 150.01 189.29 257.78 319.66 196.90 199.58 190.39 160.51 129.58 90.17 105.73 24.44 0.00 0.00 0.00
0.00 0.00 0.00 0.00 0.00 0.00 0.00 0.00 0.38 0.83 1.24 1.74 2.11 3.71 3.66 3.39 3.67 2.85 1.83 0.60 0.00 0.00 0.00 0.00
0.00 0.00 0.00 0.00 0.00 0.00 0.00 0.00 4.93 12.37 19.99 27.62 33.71 39.03 39.69 37.40 36.17 28.55 18.75 8.70 0.94 0.00 0.00 0.00
0.00 0.00 0.00 0.00 0.00 0.00 0.00 0.00 3.02 9.70 12.64 17.99 22.02 30.90 30.43 28.76 29.18 23.56 16.25 6.54 1.36 0.00 0.00 0.00
0.00 0.00 0.00 0.00 0.00 0.00 0.00 0.00 0.96 1.96 2.43 3.33 3.94 3.69 3.68 3.42 4.58 3.38 2.08 0.63 0.00 0.00 0.00 0.00
0.00 0.00 0.00 0.00 0.00 0.00 0.00 0.00 0.48 0.98 1.22 1.67 1.97 1.85 1.84 1.71 2.29 1.69 1.04 0.31 0.00 0.00 0.00 0.00
0.00 0.00 0.00 0.00 0.00 0.00 0.00 0.00 1.06 2.14 2.66 3.65 4.31 4.04 4.02 3.74 5.01 3.70 2.27 0.69 0.00 0.00 0.00 0.00
0.00 0.00 0.00 0.00 0.00 0.00 0.00 0.00 1.30 2.66 3.76 5.20 6.20 5.52 5.46 5.10 7.31 5.33 3.30 1.14 0.00 0.00 0.00 0.00
0.00 0.00 0.00 0.00 0.00 0.00 0.00 0.00 1.98 4.05 5.73 7.93 9.44 8.40 8.32 7.77 11.14 8.12 5.03 1.73 0.00 0.00 0.00 0.00
0.00 0.00 0.00 0.00 0.00 0.00 0.00 0.00 1.86 3.85 4.27 5.86 6.95 6.53 6.52 6.07 7.26 5.42 3.38 1.25 0.00 0.00 0.00 0.00
0.00 0.00 0.00 0.00 0.00 0.00 0.00 0.00 0.77 1.72 2.69 3.68 4.47 5.13 5.04 4.73 4.28 3.31 2.11 1.09 0.02 0.00 0.00 0.00
0.00 0.00 0.00 0.00 0.00 0.00 0.00 0.00 1.99 4.45 6.95 9.50 11.54 13.24 13.01 12.22 11.06 8.54 5.45 2.82 0.05 0.00 0.00 0.00
0.00 0.00 0.00 0.00 0.00 0.00 0.00 0.00 0.77 1.76 2.25 3.14 3.81 3.59 3.55 3.36 2.88 2.19 1.40 0.76 0.02 0.00 0.00 0.00
0.00 0.00 0.00 0.00 0.00 0.00 0.00 0.00 1.90 4.01 5.46 7.44 8.98 12.12 11.99 11.18 15.42 11.95 7.54 2.33 0.00 0.00 0.00 0.00
0.00 0.00 0.00 0.00 0.00 0.00 0.00 0.00 3.37 7.09 8.13 11.01 13.08 21.84 21.78 20.57 26.00 19.71 12.03 3.70 0.00 0.00 0.00 0.00
0.00 0.00 0.00 0.00 0.00 0.00 0.00 0.00 0.74 1.44 1.85 2.47 2.86 2.83 2.80 2.69 2.33 1.74 1.06 0.37 0.00 0.00 0.00 0.00
0.00 0.00 0.00 0.00 0.00 0.00 0.00 0.00 4.10 8.32 13.03 17.30 20.46 17.88 17.90 16.98 15.86 11.99 7.45 2.31 0.00 0.00 0.00 0.00
0.00 0.00 0.00 0.00 0.00 0.00 0.00 0.00 2.87 5.71 8.80 11.69 13.48 10.51 10.67 10.23 9.31 7.00 4.27 1.45 0.00 0.00 0.00 0.00
0.00 0.00 0.00 0.00 0.00 0.00 0.00 0.00 3.96 7.88 12.15 16.14 18.61 14.50 14.73 14.12 12.85 9.67 5.90 2.00 0.00 0.00 0.00 0.00
0.00 0.00 0.00 0.00 0.00 0.00 0.00 0.00 2.70 5.36 8.27 10.99 12.68 9.88 10.03 9.62 8.75 6.58 4.02 1.36 0.00 0.00 0.00 0.00
0.00 0.00 0.00 0.00 0.00 0.00 0.00 0.00 2.19 4.44 6.95 9.23 10.91 9.53 9.55 9.06 8.46 6.40 3.97 1.23 0.00 0.00 0.00 0.00
0.00 0.00 0.00 0.00 0.00 0.00 0.00 0.00 2.24 4.39 6.76 8.98 10.24 9.49 9.31 8.74 6.34 4.77 2.88 0.99 0.00 0.00 0.00 0.00
0.00 0.00 0.00 0.00 0.00 0.00 0.00 0.00 2.03 4.35 6.86 9.42 11.17 11.58 11.91 11.24 10.34 8.07 5.05 1.54 0.00 0.00 0.00 0.00
0.00 0.00 0.00 0.00 0.00 0.00 0.00 0.00 16.68 40.09 71.22 99.75 122.99 139.02 144.72 139.24 118.88 92.09 57.80 19.37 0.00 0.00 0.00 0.00
0.00 0.00 0.00 0.00 0.00 0.00 0.00 0.00 2.14 4.79 5.32 7.42 9.07 19.24 19.37 18.64 17.78 13.68 8.85 3.00 0.00 0.00 0.00 0.00
0.00 0.00 0.00 0.00 0.00 0.00 0.00 0.00 3.61 7.80 8.81 12.05 14.65 24.00 23.75 22.46 24.65 19.20 12.36 3.86 0.00 0.00 0.00 0.00
0.00 0.00 0.00 0.00 0.00 0.00 0.00 0.00 1.66 3.57 4.04 5.52 6.71 11.00 10.89 10.29 11.30 8.80 5.66 1.77 0.00 0.00 0.00 0.00
0.00 0.00 0.00 0.00 0.00 0.00 0.00 0.00 2.60 5.80 6.61 9.31 11.41 23.94 24.00 23.00 22.30 17.16 11.23 3.74 0.00 0.00 0.00 0.00
0.00 0.00 0.00 0.00 0.00 0.00 0.00 0.00 0.93 2.02 3.01 4.22 5.12 9.00 8.88 8.23 8.91 6.92 4.44 1.45 0.00 0.00 0.00 0.00
0.00 0.00 0.00 0.00 0.00 0.00 0.00 0.00 8.68 21.59 52.18 74.42 94.78 131.44 135.75 130.29 114.30 89.97 61.27 22.69 0.67 0.00 0.00 0.00
0.00 0.00 0.00 0.00 0.00 0.00 0.00 0.00 2.33 5.48 8.13 11.37 13.39 16.11 16.15 15.32 13.73 10.60 6.92 3.86 0.26 0.00 0.00 0.00
0.00 0.00 0.00 0.00 0.00 0.00 0.00 0.00 0.67 1.58 2.00 2.81 3.35 3.49 3.58 3.38 3.22 2.50 1.64 0.83 0.05 0.00 0.00 0.00
0.00 0.00 0.00 0.00 0.00 0.00 0.00 0.00 1.01 2.41 3.23 4.50 5.49 4.58 4.65 4.42 3.37 2.58 1.68 1.05 0.05 0.00 0.00 0.00
0.00 0.00 0.00 0.00 0.00 0.00 0.00 0.00 1.62 3.85 5.18 7.21 8.78 7.33 7.44 7.07 5.38 4.13 2.69 1.68 0.08 0.00 0.00 0.00
0.00 0.00 0.00 0.00 0.00 0.00 0.00 0.00 39.26 112.47 104.56 148.55 182.07 312.36 318.30 301.36 400.49 316.29 217.05 94.73 15.68 0.00 0.00 0.00
