0.00 0.00 0.00 0.00 0.00 0.00 0.00 0.00 0.00 0.48 1.61 2.50 3.42 4.15 4.37 4.22 3.59 2.66 1.69 0.33 0.00 0.00 0.00 0.00
0.00 0.00 0.00 0.00 0.00 0.00 0.00 0.00 0.00 10.19 26.30 40.33 50.97 58.90 61.29 59.10 48.95 36.76 22.14 2.19 0.00 0.00 0.00 0.00
0.00 0.00 0.00 0.00 0.00 0.00 0.00 0.00 0.00 10.98 36.79 57.24 78.23 94.88 99.91 96.51 82.05 60.79 38.71 7.65 0.00 0.00 0.00 0.00
0.00 0.00 0.00 0.00 0.00 0.00 0.00 0.00 0.00 39.03 130.76 203.41 278.03 337.19 355.07 343.00 291.61 216.04 137.58 27.19 0.00 0.00 0.00 0.00
0.00 0.00 0.00 0.00 0.00 0.00 0.00 0.00 0.00 1.37 2.33 3.50 4.42 3.87 3.87 3.70 6.18 4.43 2.45 0.08 0.00 0.00 0.00 0.00
0.00 0.00 0.00 0.00 0.00 0.00 0.00 0.00 0.00 81.17 286.61 450.21 614.80 746.25 802.36 775.89 679.28 498.83 319.42 82.08 0.00 0.00 0.00 0.00
0.00 0.00 0.00 0.00 0.00 0.00 0.00 0.00 0.00 1.19 2.81 4.39 5.78 6.86 6.91 6.68 5.83 4.04 2.31 0.26 0.00 0.00 0.00 0.00
0.00 0.00 0.00 0.00 0.00 0.00 0.00 0.00 0.00 0.47 1.40 2.18 2.91 3.46 3.58 3.53 3.18 2.35 1.40 0.15 0.00 0.00 0.00 0.00
0.00 0.00 0.00 0.00 0.00 0.00 0.00 0.00 0.00 0.75 2.24 3.49 4.65 5.54 5.72 5.65 5.08 3.76 2.25 0.24 0.00 0.00 0.00 0.00
0.00 0.00 0.00 0.00 0.00 0.00 0.00 0.00 0.00 0.75 2.24 3.49 4.65 5.54 5.72 5.65 5.08 3.76 2.25 0.24 0.00 0.00 0.00 0.00
0.00 0.00 0.00 0.00 0.00 0.00 0.00 0.00 0.00 2.11 5.50 8.56 11.82 14.11 14.65 14.42 13.04 9.50 5.75 1.10 0.00 0.00 0.00 0.00
0.00 0.00 0.00 0.00 0.00 0.00 0.00 0.00 0.00 1.00 2.59 4.09 5.60 6.69 6.95 6.83 6.20 4.56 2.76 0.53 0.00 0.00 0.00 0.00
0.00 0.00 0.00 0.00 0.00 0.00 0.00 0.00 0.00 1.28 3.32 5.26 7.21 8.61 8.93 8.78 7.97 5.86 3.55 0.68 0.00 0.00 0.00 0.00
0.00 0.00 0.00 0.00 0.00 0.00 0.00 0.00 0.00 0.86 2.22 3.51 4.80 5.74 5.95 5.85 5.31 3.91 2.37 0.45 0.00 0.00 0.00 0.00
0.00 0.00 0.00 0.00 0.00 0.00 0.00 0.00 0.00 0.86 2.22 3.51 4.80 5.74 5.95 5.85 5.31 3.91 2.37 0.45 0.00 0.00 0.00 0.00
0.00 0.00 0.00 0.00 0.00 0.00 0.00 0.00 0.00 13.30 35.32 55.09 71.50 82.34 87.09 84.43 73.54 54.22 33.95 5.17 0.00 0.00 0.00 0.00
0.00 0.00 0.00 0.00 0.00 0.00 0.00 0.00 0.00 6.62 16.94 26.74 37.27 42.43 43.30 42.67 38.80 28.31 16.98 3.11 0.00 0.00 0.00 0.00
0.00 0.00 0.00 0.00 0.00 0.00 0.00 0.00 0.00 5.93 15.28 24.05 32.22 35.84 37.03 36.06 32.44 23.68 14.25 2.59 0.00 0.00 0.00 0.00
0.00 0.00 0.00 0.00 0.00 0.00 0.00 0.00 0.00 23.94 84.54 132.80 181.34 220.12 236.67 228.86 200.36 147.14 94.22 24.21 0.00 0.00 0.00 0.00
0.00 0.00 0.00 0.00 0.00 0.00 0.00 0.00 0.00 22.77 80.41 126.32 172.50 209.38 225.12 217.69 190.59 139.96 89.62 23.03 0.00 0.00 0.00 0.00
0.00 0.00 0.00 0.00 0.00 0.00 0.00 0.00 0.00 43.79 154.64 242.92 331.73 402.65 432.93 418.64 366.52 269.15 172.35 44.29 0.00 0.00 0.00 0.00
0.00 0.00 0.00 0.00 0.00 0.00 0.00 0.00 0.00 43.07 152.07 238.87 326.20 395.94 425.71 411.67 360.41 264.67 169.48 43.55 0.00 0.00 0.00 0.00
0.00 0.00 0.00 0.00 0.00 0.00 0.00 0.00 0.00 48.13 173.58 272.35 372.44 444.11 462.82 449.41 381.36 281.20 179.17 33.62 0.00 0.00 0.00 0.00
0.00 0.00 0.00 0.00 0.00 0.00 0.00 0.00 0.00 0.47 1.40 2.18 2.91 3.46 3.58 3.53 3.18 2.35 1.40 0.15 0.00 0.00 0.00 0.00
0.00 0.00 0.00 0.00 0.00 0.00 0.00 0.00 0.00 2.36 7.09 11.04 14.73 17.54 18.12 17.91 16.10 11.91 7.11 0.77 0.00 0.00 0.00 0.00
0.00 0.00 0.00 0.00 0.00 0.00 0.00 0.00 0.00 12.05 36.21 56.37 75.22 89.55 92.50 91.42 82.20 60.79 36.30 3.93 0.00 0.00 0.00 0.00
0.00 0.00 0.00 0.00 0.00 0.00 0.00 0.00 0.00 1.64 5.77 9.07 12.38 15.03 16.16 15.63 13.68 10.05 6.43 1.65 0.00 0.00 0.00 0.00
0.00 0.00 0.00 0.00 0.00 0.00 0.00 0.00 0.00 38.42 128.73 200.24 273.70 331.94 349.54 337.65 287.06 212.67 135.44 26.77 0.00 0.00 0.00 0.00
0.00 0.00 0.00 0.00 0.00 0.00 0.00 0.00 0.00 3.38 9.87 15.16 20.76 23.77 25.55 24.71 21.34 16.40 10.33 2.01 0.00 0.00 0.00 0.00
0.00 0.00 0.00 0.00 0.00 0.00 0.00 0.00 0.00 22.20 69.25 105.50 138.64 162.72 166.19 159.96 134.91 99.21 60.80 8.41 0.00 0.00 0.00 0.00
0.00 0.00 0.00 0.00 0.00 0.00 0.00 0.00 0.00 0.64 2.15 3.34 4.56 5.53 5.83 5.63 4.78 3.54 2.26 0.45 0.00 0.00 0.00 0.00
0.00 0.00 0.00 0.00 0.00 0.00 0.00 0.00 0.00 28.82 96.54 150.18 205.27 248.95 262.15 253.24 215.30 159.50 101.58 20.08 0.00 0.00 0.00 0.00
0.00 0.00 0.00 0.00 0.00 0.00 0.00 0.00 0.00 36.98 123.90 192.73 263.44 319.49 336.43 324.99 276.30 204.70 130.36 25.76 0.00 0.00 0.00 0.00
0.00 0.00 0.00 0.00 0.00 0.00 0.00 0.00 0.00 63.47 228.90 359.17 491.15 585.67 610.34 592.66 502.92 370.83 236.28 44.34 0.00 0.00 0.00 0.00
0.00 0.00 0.00 0.00 0.00 0.00 0.00 0.00 0.00 1.48 4.01 6.43 8.87 10.46 11.10 10.82 9.73 7.19 4.41 0.80 0.00 0.00 0.00 0.00
0.00 0.00 0.00 0.00 0.00 0.00 0.00 0.00 0.00 1.88 4.99 8.07 11.10 13.04 13.89 13.58 12.09 8.91 5.45 1.02 0.00 0.00 0.00 0.00
0.00 0.00 0.00 0.00 0.00 0.00 0.00 0.00 0.00 13.93 40.73 62.55 85.65 98.05 105.38 101.92 88.05 67.64 42.60 8.30 0.00 0.00 0.00 0.00
0.00 0.00 0.00 0.00 0.00 0.00 0.00 0.00 0.00 31.57 152.96 249.52 349.08 433.69 464.47 447.53 385.65 290.33 186.63 23.95 0.00 0.00 0.00 0.00
0.00 0.00 0.00 0.00 0.00 0.00 0.00 0.00 0.00 0.53 1.33 2.11 2.91 3.36 3.43 3.30 3.01 2.22 1.32 0.22 0.00 0.00 0.00 0.00
0.00 0.00 0.00 0.00 0.00 0.00 0.00 0.00 0.00 10.27 33.23 51.27 70.25 83.86 87.41 84.10 71.42 52.20 32.79 5.35 0.00 0.00 0.00 0.00
0.00 0.00 0.00 0.00 0.00 0.00 0.00 0.00 0.00 2.79 10.86 17.43 24.55 29.04 31.11 29.41 26.03 19.30 12.19 3.73 0.00 0.00 0.00 0.00
0.00 0.00 0.00 0.00 0.00 0.00 0.00 0.00 0.00 1.49 3.21 4.89 6.35 7.55 7.75 7.36 6.71 4.70 2.65 0.25 0.00 0.00 0.00 0.00
0.00 0.00 0.00 0.00 0.00 0.00 0.00 0.00 0.00 0.74 1.61 2.44 3.18 3.77 3.87 3.68 3.35 2.35 1.33 0.13 0.00 0.00 0.00 0.00
0.00 0.00 0.00 0.00 0.00 0.00 0.00 0.00 0.00 1.63 3.52 5.34 6.95 8.26 8.48 8.05 7.33 5.14 2.90 0.28 0.00 0.00 0.00 0.00
0.00 0.00 0.00 0.00 0.00 0.00 0.00 0.00 0.00 1.94 4.18 6.39 8.39 10.26 10.49 10.08 8.72 6.12 3.47 0.35 0.00 0.00 0.00 0.00
0.00 0.00 0.00 0.00 0.00 0.00 0.00 0.00 0.00 2.96 6.37 9.74 12.78 15.64 15.99 15.36 13.29 9.32 5.29 0.54 0.00 0.00 0.00 0.00
0.00 0.00 0.00 0.00 0.00 0.00 0.00 0.00 0.00 2.51 5.75 8.89 11.70 13.99 14.10 13.70 11.77 8.10 4.64 0.55 0.00 0.00 0.00 0.00
0.00 0.00 0.00 0.00 0.00 0.00 0.00 0.00 0.00 1.99 5.61 8.50 11.20 13.45 13.59 12.84 10.74 7.71 4.61 0.50 0.00 0.00 0.00 0.00
0.00 0.00 0.00 0.00 0.00 0.00 0.00 0.00 0.00 5.13 14.48 21.95 28.94 34.74 35.11 33.17 27.75 19.93 11.92 1.28 0.00 0.00 0.00 0.00
0.00 0.00 0.00 0.00 0.00 0.00 0.00 0.00 0.00 1.21 3.54 5.42 7.20 8.67 8.80 8.39 7.30 5.37 3.25 0.43 0.00 0.00 0.00 0.00
0.00 0.00 0.00 0.00 0.00 0.00 0.00 0.00 0.00 2.39 5.84 9.28 12.25 14.40 15.02 14.60 12.90 9.33 5.45 0.74 0.00 0.00 0.00 0.00
0.00 0.00 0.00 0.00 0.00 0.00 0.00 0.00 0.00 4.61 11.14 17.42 22.90 25.58 26.16 25.40 21.90 15.72 9.12 1.12 0.00 0.00 0.00 0.00
0.00 0.00 0.00 0.00 0.00 0.00 0.00 0.00 0.00 0.40 0.75 1.11 1.39 1.85 1.85 1.79 2.54 1.83 1.02 0.05 0.00 0.00 0.00 0.00
0.00 0.00 0.00 0.00 0.00 0.00 0.00 0.00 0.00 2.19 6.81 10.54 13.40 17.07 17.23 16.94 15.20 10.89 6.26 0.48 0.00 0.00 0.00 0.00
0.00 0.00 0.00 0.00 0.00 0.00 0.00 0.00 0.00 1.51 4.25 6.53 8.14 10.10 10.32 10.01 9.80 6.95 3.93 0.25 0.00 0.00 0.00 0.00
0.00 0.00 0.00 0.00 0.00 0.00 0.00 0.00 0.00 2.09 5.86 9.01 11.23 13.93 14.25 13.81 13.52 9.59 5.43 0.34 0.00 0.00 0.00 0.00
0.00 0.00 0.00 0.00 0.00 0.00 0.00 0.00 0.00 1.42 3.99 6.14 7.65 9.49 9.70 9.41 9.21 6.53 3.70 0.23 0.00 0.00 0.00 0.00
0.00 0.00 0.00 0.00 0.00 0.00 0.00 0.00 0.00 1.17 3.63 5.62 7.14 9.10 9.19 9.03 8.10 5.81 3.34 0.26 0.00 0.00 0.00 0.00
0.00 0.00 0.00 0.00 0.00 0.00 0.00 0.00 0.00 1.22 2.40 3.65 4.46 4.47 4.55 4.30 5.97 4.31 2.41 0.09 0.00 0.00 0.00 0.00
0.00 0.00 0.00 0.00 0.00 0.00 0.00 0.00 0.00 1.34 4.01 6.25 8.34 9.92 10.25 10.13 9.11 6.74 4.02 0.44 0.00 0.00 0.00 0.00
0.00 0.00 0.00 0.00 0.00 0.00 0.00 0.00 0.00 17.31 45.97 71.71 93.06 107.17 113.35 109.90 95.72 70.58 44.18 6.73 0.00 0.00 0.00 0.00
0.00 0.00 0.00 0.00 0.00 0.00 0.00 0.00 0.00 2.39 6.23 9.70 13.39 15.99 16.60 16.35 14.78 10.77 6.52 1.25 0.00 0.00 0.00 0.00
0.00 0.00 0.00 0.00 0.00 0.00 0.00 0.00 0.00 3.54 8.91 14.41 19.45 22.94 23.42 23.46 21.18 15.29 9.11 1.52 0.00 0.00 0.00 0.00
0.00 0.00 0.00 0.00 0.00 0.00 0.00 0.00 0.00 1.62 4.08 6.60 8.91 10.51 10.73 10.75 9.71 7.01 4.18 0.69 0.00 0.00 0.00 0.00
0.00 0.00 0.00 0.00 0.00 0.00 0.00 0.00 0.00 2.98 7.73 11.98 16.64 19.79 20.48 20.03 18.12 13.25 8.02 1.51 0.00 0.00 0.00 0.00
0.00 0.00 0.00 0.00 0.00 0.00 0.00 0.00 0.00 1.29 3.23 5.11 7.06 8.16 8.32 8.00 7.32 5.38 3.20 0.54 0.00 0.00 0.00 0.00
0.00 0.00 0.00 0.00 0.00 0.00 0.00 0.00 0.00 14.42 42.17 64.76 88.68 101.51 109.11 105.52 91.16 70.03 44.10 8.59 0.00 0.00 0.00 0.00
0.00 0.00 0.00 0.00 0.00 0.00 0.00 0.00 0.00 5.31 16.56 25.23 33.15 38.91 39.74 38.25 32.26 23.72 14.54 2.01 0.00 0.00 0.00 0.00
0.00 0.00 0.00 0.00 0.00 0.00 0.00 0.00 0.00 1.21 3.60 5.51 7.33 8.58 8.85 8.57 7.42 5.41 3.33 0.49 0.00 0.00 0.00 0.00
0.00 0.00 0.00 0.00 0.00 0.00 0.00 0.00 0.00 1.52 4.29 6.62 8.68 10.47 10.80 10.35 9.16 6.81 4.20 0.66 0.00 0.00 0.00 0.00
0.00 0.00 0.00 0.00 0.00 0.00 0.00 0.00 0.00 2.43 6.87 10.60 13.89 16.75 17.29 16.57 14.65 10.89 6.71 1.06 0.00 0.00 0.00 0.00
0.00 0.00 0.00 0.00 0.00 0.00 0.00 0.00 0.00 44.52 157.22 246.97 337.25 409.36 440.14 425.62 372.62 273.64 175.22 45.03 0.00 0.00 0.00 0.00
