0.00 0.00 0.00 0.00 0.00 0.00 0.00 0.00 0.00 0.26 1.32 2.11 2.79 3.15 3.24 2.91 2.32 1.59 0.66 0.00 0.00 0.00 0.00 0.00
0.00 0.00 0.00 0.00 0.00 0.00 0.00 0.00 0.00 10.59 28.09 41.49 51.60 57.16 58.65 51.81 39.17 25.90 9.53 0.00 0.00 0.00 0.00 0.00
0.00 0.00 0.00 0.00 0.00 0.00 0.00 0.00 0.00 5.94 30.23 48.33 63.69 72.04 74.12 66.51 53.07 36.40 15.10 0.00 0.00 0.00 0.00 0.00
0.00 0.00 0.00 0.00 0.00 0.00 0.00 0.00 0.00 21.10 107.43 171.77 226.36 256.01 263.40 236.39 188.60 129.36 53.67 0.00 0.00 0.00 0.00 0.00
0.00 0.00 0.00 0.00 0.00 0.00 0.00 0.00 0.00 1.16 3.31 4.80 5.84 8.57 8.46 7.27 5.90 3.63 0.89 0.00 0.00 0.00 0.00 0.00
0.00 0.00 0.00 0.00 0.00 0.00 0.00 0.00 0.00 44.17 241.53 389.90 514.98 589.08 614.40 563.10 448.40 308.14 139.03 0.00 0.00 0.00 0.00 0.00
0.00 0.00 0.00 0.00 0.00 0.00 0.00 0.00 0.00 0.86 2.74 4.04 5.08 5.64 5.60 4.94 3.64 2.25 0.55 0.00 0.00 0.00 0.00 0.00
0.00 0.00 0.00 0.00 0.00 0.00 0.00 0.00 0.00 0.60 1.63 2.42 3.00 3.31 3.34 2.95 2.28 1.50 0.52 0.00 0.00 0.00 0.00 0.00
0.00 0.00 0.00 0.00 0.00 0.00 0.00 0.00 0.00 0.97 2.61 3.86 4.81 5.29 5.35 4.72 3.65 2.40 0.83 0.00 0.00 0.00 0.00 0.00
0.00 0.00 0.00 0.00 0.00 0.00 0.00 0.00 0.00 0.97 2.61 3.86 4.81 5.29 5.35 4.72 3.65 2.40 0.83 0.00 0.00 0.00 0.00 0.00
0.00 0.00 0.00 0.00 0.00 0.00 0.00 0.00 0.00 1.99 6.02 8.83 11.26 12.45 12.46 11.03 8.90 5.89 2.12 0.00 0.00 0.00 0.00 0.00
0.00 0.00 0.00 0.00 0.00 0.00 0.00 0.00 0.00 0.95 2.85 4.17 5.32 5.90 5.93 5.25 4.14 2.74 0.99 0.00 0.00 0.00 0.00 0.00
0.00 0.00 0.00 0.00 0.00 0.00 0.00 0.00 0.00 1.23 3.66 5.37 6.84 7.59 7.62 6.75 5.32 3.52 1.27 0.00 0.00 0.00 0.00 0.00
0.00 0.00 0.00 0.00 0.00 0.00 0.00 0.00 0.00 0.82 2.44 3.58 4.56 5.06 5.08 4.50 3.55 2.35 0.85 0.00 0.00 0.00 0.00 0.00
0.00 0.00 0.00 0.00 0.00 0.00 0.00 0.00 0.00 0.82 2.44 3.58 4.56 5.06 5.08 4.50 3.55 2.35 0.85 0.00 0.00 0.00 0.00 0.00
0.00 0.00 0.00 0.00 0.00 0.00 0.00 0.00 0.00 11.75 33.01 49.93 64.02 72.99 76.56 68.49 52.88 34.71 15.05 0.00 0.00 0.00 0.00 0.00
0.00 0.00 0.00 0.00 0.00 0.00 0.00 0.00 0.00 5.98 17.96 26.30 33.98 38.47 38.17 33.27 26.22 17.20 5.94 0.00 0.00 0.00 0.00 0.00
0.00 0.00 0.00 0.00 0.00 0.00 0.00 0.00 0.00 4.71 14.83 21.91 27.37 30.87 31.29 27.16 21.67 14.23 4.91 0.00 0.00 0.00 0.00 0.00
0.00 0.00 0.00 0.00 0.00 0.00 0.00 0.00 0.00 13.03 71.24 115.01 151.90 173.76 181.23 166.09 132.26 90.89 41.01 0.00 0.00 0.00 0.00 0.00
0.00 0.00 0.00 0.00 0.00 0.00 0.00 0.00 0.00 12.39 67.77 109.40 144.49 165.28 172.39 157.99 125.81 86.46 39.01 0.00 0.00 0.00 0.00 0.00
0.00 0.00 0.00 0.00 0.00 0.00 0.00 0.00 0.00 23.83 130.32 210.38 277.87 317.85 331.51 303.83 241.94 166.26 75.02 0.00 0.00 0.00 0.00 0.00
0.00 0.00 0.00 0.00 0.00 0.00 0.00 0.00 0.00 23.43 128.15 206.87 273.24 312.55 325.99 298.77 237.91 163.49 73.77 0.00 0.00 0.00 0.00 0.00
0.00 0.00 0.00 0.00 0.00 0.00 0.00 0.00 0.00 22.51 134.11 218.40 290.78 327.26 340.31 303.99 237.45 162.45 66.30 0.00 0.00 0.00 0.00 0.00
0.00 0.00 0.00 0.00 0.00 0.00 0.00 0.00 0.00 0.60 1.63 2.42 3.00 3.31 3.34 2.95 2.28 1.50 0.52 0.00 0.00 0.00 0.00 0.00
0.00 0.00 0.00 0.00 0.00 0.00 0.00 0.00 0.00 3.06 8.27 12.24 15.22 16.75 16.94 14.95 11.57 7.58 2.64 0.00 0.00 0.00 0.00 0.00
0.00 0.00 0.00 0.00 0.00 0.00 0.00 0.00 0.00 15.62 42.24 62.47 77.72 85.51 86.46 76.34 59.05 38.72 13.48 0.00 0.00 0.00 0.00 0.00
0.00 0.00 0.00 0.00 0.00 0.00 0.00 0.00 0.00 0.89 4.87 7.85 10.37 11.87 12.38 11.34 9.03 6.21 2.80 0.00 0.00 0.00 0.00 0.00
0.00 0.00 0.00 0.00 0.00 0.00 0.00 0.00 0.00 20.77 105.75 169.09 222.83 252.02 259.30 232.70 185.66 127.34 52.83 0.00 0.00 0.00 0.00 0.00
0.00 0.00 0.00 0.00 0.00 0.00 0.00 0.00 0.00 2.60 9.11 13.76 17.43 19.69 20.47 18.33 15.12 10.36 4.33 0.00 0.00 0.00 0.00 0.00
0.00 0.00 0.00 0.00 0.00 0.00 0.00 0.00 0.00 11.78 53.92 84.78 110.53 123.02 123.96 110.84 82.66 54.21 18.58 0.00 0.00 0.00 0.00 0.00
0.00 0.00 0.00 0.00 0.00 0.00 0.00 0.00 0.00 0.35 1.76 2.82 3.71 4.20 4.32 3.88 3.09 2.12 0.88 0.00 0.00 0.00 0.00 0.00
0.00 0.00 0.00 0.00 0.00 0.00 0.00 0.00 0.00 15.58 79.31 126.82 167.12 189.02 194.47 174.53 139.24 95.51 39.62 0.00 0.00 0.00 0.00 0.00
0.00 0.00 0.00 0.00 0.00 0.00 0.00 0.00 0.00 19.99 101.79 162.75 214.48 242.57 249.57 223.98 178.69 122.57 50.85 0.00 0.00 0.00 0.00 0.00
0.00 0.00 0.00 0.00 0.00 0.00 0.00 0.00 0.00 29.69 176.86 288.02 383.47 431.58 448.78 400.89 313.14 214.23 87.44 0.00 0.00 0.00 0.00 0.00
0.00 0.00 0.00 0.00 0.00 0.00 0.00 0.00 0.00 1.48 4.46 6.55 8.33 9.28 9.47 8.50 6.67 4.46 1.69 0.00 0.00 0.00 0.00 0.00
0.00 0.00 0.00 0.00 0.00 0.00 0.00 0.00 0.00 1.84 5.52 8.10 10.31 11.48 11.79 10.52 8.29 5.53 2.08 0.00 0.00 0.00 0.00 0.00
0.00 0.00 0.00 0.00 0.00 0.00 0.00 0.00 0.00 10.71 37.57 56.75 71.90 81.24 84.42 75.60 62.37 42.74 17.88 0.00 0.00 0.00 0.00 0.00
0.00 0.00 0.00 0.00 0.00 0.00 0.00 0.00 0.00 5.41 109.99 193.17 263.59 307.76 314.73 279.94 216.84 147.87 58.88 0.00 0.00 0.00 0.00 0.00
0.00 0.00 0.00 0.00 0.00 0.00 0.00 0.00 0.00 0.47 1.40 2.05 2.61 2.93 2.95 2.57 1.99 1.29 0.43 0.00 0.00 0.00 0.00 0.00
0.00 0.00 0.00 0.00 0.00 0.00 0.00 0.00 0.00 5.24 26.00 41.34 54.77 62.10 63.40 56.48 43.29 29.24 11.36 0.00 0.00 0.00 0.00 0.00
0.00 0.00 0.00 0.00 0.00 0.00 0.00 0.00 0.00 1.41 8.63 14.23 19.20 22.34 23.50 21.86 17.41 11.88 5.80 0.00 0.00 0.00 0.00 0.00
0.00 0.00 0.00 0.00 0.00 0.00 0.00 0.00 0.00 1.04 3.24 4.76 5.91 6.53 6.54 5.61 4.27 2.61 0.59 0.00 0.00 0.00 0.00 0.00
0.00 0.00 0.00 0.00 0.00 0.00 0.00 0.00 0.00 0.52 1.62 2.38 2.95 3.26 3.27 2.81 2.13 1.30 0.29 0.00 0.00 0.00 0.00 0.00
0.00 0.00 0.00 0.00 0.00 0.00 0.00 0.00 0.00 1.14 3.55 5.21 6.46 7.14 7.15 6.14 4.67 2.85 0.64 0.00 0.00 0.00 0.00 0.00
0.00 0.00 0.00 0.00 0.00 0.00 0.00 0.00 0.00 1.37 4.19 6.14 7.65 8.51 8.56 7.45 5.61 3.45 0.82 0.00 0.00 0.00 0.00 0.00
0.00 0.00 0.00 0.00 0.00 0.00 0.00 0.00 0.00 2.09 6.39 9.36 11.65 12.96 13.04 11.35 8.55 5.26 1.25 0.00 0.00 0.00 0.00 0.00
0.00 0.00 0.00 0.00 0.00 0.00 0.00 0.00 0.00 1.73 5.54 8.17 10.30 11.60 11.49 10.23 7.51 4.66 1.17 0.00 0.00 0.00 0.00 0.00
0.00 0.00 0.00 0.00 0.00 0.00 0.00 0.00 0.00 1.03 4.34 6.74 8.69 9.90 9.85 8.69 6.38 4.08 1.22 0.00 0.00 0.00 0.00 0.00
0.00 0.00 0.00 0.00 0.00 0.00 0.00 0.00 0.00 2.67 11.22 17.41 22.45 25.58 25.44 22.44 16.48 10.53 3.15 0.00 0.00 0.00 0.00 0.00
0.00 0.00 0.00 0.00 0.00 0.00 0.00 0.00 0.00 0.69 2.88 4.46 5.90 6.69 6.76 5.88 4.49 2.92 0.96 0.00 0.00 0.00 0.00 0.00
0.00 0.00 0.00 0.00 0.00 0.00 0.00 0.00 0.00 2.21 6.29 9.12 11.37 12.60 12.89 11.06 8.58 5.49 1.68 0.00 0.00 0.00 0.00 0.00
0.00 0.00 0.00 0.00 0.00 0.00 0.00 0.00 0.00 3.42 10.22 14.95 18.72 20.87 20.91 18.48 14.00 8.86 2.51 0.00 0.00 0.00 0.00 0.00
0.00 0.00 0.00 0.00 0.00 0.00 0.00 0.00 0.00 0.43 1.21 1.74 2.09 2.65 2.69 2.34 1.82 1.12 0.27 0.00 0.00 0.00 0.00 0.00
0.00 0.00 0.00 0.00 0.00 0.00 0.00 0.00 0.00 2.87 8.26 12.11 14.69 16.17 16.45 14.52 10.96 6.95 2.03 0.00 0.00 0.00 0.00 0.00
0.00 0.00 0.00 0.00 0.00 0.00 0.00 0.00 0.00 1.79 5.13 7.56 9.25 10.78 10.85 9.53 7.09 4.44 1.20 0.00 0.00 0.00 0.00 0.00
0.00 0.00 0.00 0.00 0.00 0.00 0.00 0.00 0.00 2.46 7.08 10.44 12.77 14.87 14.97 13.15 9.79 6.12 1.66 0.00 0.00 0.00 0.00 0.00
0.00 0.00 0.00 0.00 0.00 0.00 0.00 0.00 0.00 1.68 4.82 7.11 8.70 10.13 10.20 8.96 6.67 4.17 1.13 0.00 0.00 0.00 0.00 0.00
0.00 0.00 0.00 0.00 0.00 0.00 0.00 0.00 0.00 1.53 4.41 6.46 7.84 8.62 8.77 7.74 5.84 3.70 1.09 0.00 0.00 0.00 0.00 0.00
0.00 0.00 0.00 0.00 0.00 0.00 0.00 0.00 0.00 1.15 3.27 4.72 5.84 8.08 7.99 6.90 5.34 3.31 0.85 0.00 0.00 0.00 0.00 0.00
0.00 0.00 0.00 0.00 0.00 0.00 0.00 0.00 0.00 1.73 4.68 6.92 8.61 9.48 9.58 8.46 6.54 4.29 1.49 0.00 0.00 0.00 0.00 0.00
0.00 0.00 0.00 0.00 0.00 0.00 0.00 0.00 0.00 15.29 42.96 64.99 83.33 95.01 99.64 89.14 68.83 45.18 19.58 0.00 0.00 0.00 0.00 0.00
0.00 0.00 0.00 0.00 0.00 0.00 0.00 0.00 0.00 2.25 6.82 10.01 12.77 14.11 14.12 12.50 10.09 6.68 2.41 0.00 0.00 0.00 0.00 0.00
0.00 0.00 0.00 0.00 0.00 0.00 0.00 0.00 0.00 3.55 10.12 14.75 18.98 21.03 20.81 18.24 14.42 9.39 3.16 0.00 0.00 0.00 0.00 0.00
0.00 0.00 0.00 0.00 0.00 0.00 0.00 0.00 0.00 1.63 4.64 6.76 8.70 9.64 9.54 8.36 6.61 4.30 1.45 0.00 0.00 0.00 0.00 0.00
0.00 0.00 0.00 0.00 0.00 0.00 0.00 0.00 0.00 2.79 8.44 12.38 15.74 17.44 17.51 15.36 12.48 8.25 2.96 0.00 0.00 0.00 0.00 0.00
0.00 0.00 0.00 0.00 0.00 0.00 0.00 0.00 0.00 1.15 3.41 4.98 6.33 7.11 7.16 6.25 4.82 3.13 1.04 0.00 0.00 0.00 0.00 0.00
0.00 0.00 0.00 0.00 0.00 0.00 0.00 0.00 0.00 11.08 38.90 58.76 74.44 84.11 87.41 78.27 64.57 44.25 18.51 0.00 0.00 0.00 0.00 0.00
0.00 0.00 0.00 0.00 0.00 0.00 0.00 0.00 0.00 2.82 12.89 20.27 26.43 29.42 29.64 26.51 19.77 12.96 4.44 0.00 0.00 0.00 0.00 0.00
0.00 0.00 0.00 0.00 0.00 0.00 0.00 0.00 0.00 0.65 2.88 4.52 5.96 6.68 6.61 5.97 4.52 2.98 1.05 0.00 0.00 0.00 0.00 0.00
0.00 0.00 0.00 0.00 0.00 0.00 0.00 0.00 0.00 0.86 3.53 5.48 7.06 8.10 8.19 7.36 5.69 3.79 1.38 0.00 0.00 0.00 0.00 0.00
0.00 0.00 0.00 0.00 0.00 0.00 0.00 0.00 0.00 1.37 5.65 8.77 11.30 12.95 13.11 11.78 9.11 6.06 2.21 0.00 0.00 0.00 0.00 0.00
0.00 0.00 0.00 0.00 0.00 0.00 0.00 0.00 0.00 24.23 132.50 213.88 282.50 323.15 337.04 308.89 245.97 169.03 76.27 0.00 0.00 0.00 0.00 0.00
