0.00 0.00 0.00 0.00 0.00 0.00 0.00 0.00 0.00 0.54 0.81 1.22 1.60 1.88 1.95 1.80 1.46 0.99 0.45 0.00 0.00 0.00 0.00 0.00
0.00 0.00 0.00 0.00 0.00 0.00 0.00 0.00 1.82 13.93 29.72 42.19 51.32 54.83 53.19 47.70 34.09 22.62 8.95 0.00 0.00 0.00 0.00 0.00
0.00 0.00 0.00 0.00 0.00 0.00 0.00 0.00 0.00 12.38 18.50 27.84 36.63 43.01 44.59 41.15 33.33 22.63 10.29 0.00 0.00 0.00 0.00 0.00
0.00 0.00 0.00 0.00 0.00 0.00 0.00 0.00 0.00 43.99 65.75 98.95 130.20 152.85 158.48 146.24 118.44 80.41 36.58 0.00 0.00 0.00 0.00 0.00
0.00 0.00 0.00 0.00 0.00 0.00 0.00 0.00 0.35 1.71 2.92 4.08 4.75 5.61 5.43 4.84 4.73 2.97 0.88 0.00 0.00 0.00 0.00 0.00
0.00 0.00 0.00 0.00 0.00 0.00 0.00 0.00 0.00 79.28 110.85 167.09 223.74 195.85 204.34 191.03 156.68 103.51 50.19 0.00 0.00 0.00 0.00 0.00
0.00 0.00 0.00 0.00 0.00 0.00 0.00 0.00 0.03 1.27 1.58 2.41 2.96 1.99 2.01 1.81 1.79 1.14 0.36 0.00 0.00 0.00 0.00 0.00
0.00 0.00 0.00 0.00 0.00 0.00 0.00 0.00 0.09 0.81 1.69 2.43 2.91 3.11 3.09 2.75 1.75 1.16 0.44 0.00 0.00 0.00 0.00 0.00
0.00 0.00 0.00 0.00 0.00 0.00 0.00 0.00 0.14 1.30 2.70 3.89 4.66 4.98 4.95 4.40 2.80 1.85 0.71 0.00 0.00 0.00 0.00 0.00
0.00 0.00 0.00 0.00 0.00 0.00 0.00 0.00 0.14 1.30 2.70 3.89 4.66 4.98 4.95 4.40 2.80 1.85 0.71 0.00 0.00 0.00 0.00 0.00
0.00 0.00 0.00 0.00 0.00 0.00 0.00 0.00 0.08 2.70 5.17 7.55 9.55 10.50 10.62 9.69 7.11 4.83 1.96 0.00 0.00 0.00 0.00 0.00
0.00 0.00 0.00 0.00 0.00 0.00 0.00 0.00 0.05 1.29 2.49 3.67 4.69 5.13 5.15 4.69 3.36 2.27 0.92 0.00 0.00 0.00 0.00 0.00
0.00 0.00 0.00 0.00 0.00 0.00 0.00 0.00 0.06 1.66 3.21 4.72 6.03 6.59 6.62 6.03 4.32 2.92 1.18 0.00 0.00 0.00 0.00 0.00
0.00 0.00 0.00 0.00 0.00 0.00 0.00 0.00 0.04 1.11 2.14 3.15 4.02 4.39 4.41 4.02 2.88 1.95 0.79 0.00 0.00 0.00 0.00 0.00
0.00 0.00 0.00 0.00 0.00 0.00 0.00 0.00 0.04 1.11 2.14 3.15 4.02 4.39 4.41 4.02 2.88 1.95 0.79 0.00 0.00 0.00 0.00 0.00
0.00 0.00 0.00 0.00 0.00 0.00 0.00 0.00 0.95 16.39 32.90 49.83 63.03 69.93 72.26 65.62 49.16 31.63 14.29 0.00 0.00 0.00 0.00 0.00
0.00 0.00 0.00 0.00 0.00 0.00 0.00 0.00 0.33 8.27 15.73 22.52 28.84 31.46 32.33 29.34 21.42 14.49 5.71 0.00 0.00 0.00 0.00 0.00
0.00 0.00 0.00 0.00 0.00 0.00 0.00 0.00 0.01 6.86 13.31 19.10 24.56 21.89 21.88 20.05 6.63 4.48 1.77 0.00 0.00 0.00 0.00 0.00
0.00 0.00 0.00 0.00 0.00 0.00 0.00 0.00 0.00 23.39 32.70 49.29 66.00 57.77 60.27 56.35 46.22 30.53 14.81 0.00 0.00 0.00 0.00 0.00
0.00 0.00 0.00 0.00 0.00 0.00 0.00 0.00 0.00 22.25 31.10 46.88 62.78 54.95 57.33 53.60 43.96 29.04 14.08 0.00 0.00 0.00 0.00 0.00
0.00 0.00 0.00 0.00 0.00 0.00 0.00 0.00 0.00 42.78 59.81 90.16 120.72 105.68 110.25 103.08 84.54 55.85 27.08 0.00 0.00 0.00 0.00 0.00
0.00 0.00 0.00 0.00 0.00 0.00 0.00 0.00 0.00 42.07 58.81 88.66 118.71 103.92 108.42 101.36 83.13 54.92 26.63 0.00 0.00 0.00 0.00 0.00
0.00 0.00 0.00 0.00 0.00 0.00 0.00 0.00 0.00 58.68 127.98 190.36 254.21 229.35 236.15 217.38 185.89 125.91 56.88 0.00 0.00 0.00 0.00 0.00
0.00 0.00 0.00 0.00 0.00 0.00 0.00 0.00 0.09 0.81 1.69 2.43 2.91 3.11 3.09 2.75 1.75 1.16 0.44 0.00 0.00 0.00 0.00 0.00
0.00 0.00 0.00 0.00 0.00 0.00 0.00 0.00 0.46 4.11 8.56 12.32 14.75 15.77 15.67 13.92 8.88 5.87 2.25 0.00 0.00 0.00 0.00 0.00
0.00 0.00 0.00 0.00 0.00 0.00 0.00 0.00 2.33 20.96 43.68 62.88 75.30 80.54 80.00 71.08 45.32 29.96 11.47 0.00 0.00 0.00 0.00 0.00
0.00 0.00 0.00 0.00 0.00 0.00 0.00 0.00 0.00 1.60 2.23 3.37 4.51 3.95 4.12 3.85 3.16 2.09 1.01 0.00 0.00 0.00 0.00 0.00
0.00 0.00 0.00 0.00 0.00 0.00 0.00 0.00 0.00 43.31 64.72 97.40 128.17 150.47 156.01 143.96 116.59 79.16 36.01 0.00 0.00 0.00 0.00 0.00
0.00 0.00 0.00 0.00 0.00 0.00 0.00 0.00 0.00 3.84 7.68 11.27 14.60 16.37 16.62 15.51 11.23 7.92 3.62 0.00 0.00 0.00 0.00 0.00
0.00 0.00 0.00 0.00 0.00 0.00 0.00 0.00 0.00 19.57 30.99 46.17 59.79 62.62 62.65 56.09 54.65 36.59 14.62 0.00 0.00 0.00 0.00 0.00
0.00 0.00 0.00 0.00 0.00 0.00 0.00 0.00 0.00 0.72 1.08 1.62 2.14 2.51 2.60 2.40 1.94 1.32 0.60 0.00 0.00 0.00 0.00 0.00
0.00 0.00 0.00 0.00 0.00 0.00 0.00 0.00 0.00 32.48 48.54 73.05 96.13 112.85 117.01 107.97 87.44 59.37 27.01 0.00 0.00 0.00 0.00 0.00
0.00 0.00 0.00 0.00 0.00 0.00 0.00 0.00 0.00 41.68 62.30 93.75 123.36 144.83 150.16 138.56 112.22 76.19 34.66 0.00 0.00 0.00 0.00 0.00
0.00 0.00 0.00 0.00 0.00 0.00 0.00 0.00 0.00 77.39 168.77 251.04 335.23 302.46 311.43 286.67 245.14 166.04 75.01 0.00 0.00 0.00 0.00 0.00
0.00 0.00 0.00 0.00 0.00 0.00 0.00 0.00 0.06 2.10 4.18 6.26 7.94 8.64 8.76 7.92 6.02 4.04 1.68 0.00 0.00 0.00 0.00 0.00
0.00 0.00 0.00 0.00 0.00 0.00 0.00 0.00 0.07 2.56 5.08 7.62 9.74 10.67 10.78 9.79 7.23 4.88 2.02 0.00 0.00 0.00 0.00 0.00
0.00 0.00 0.00 0.00 0.00 0.00 0.00 0.00 0.00 15.82 31.68 46.49 60.23 67.54 68.54 63.99 46.32 32.68 14.91 0.00 0.00 0.00 0.00 0.00
0.00 0.00 0.00 0.00 0.00 0.00 0.00 0.00 0.00 48.88 135.36 204.41 275.65 296.73 308.72 281.60 281.05 194.28 88.32 0.00 0.00 0.00 0.00 0.00
0.00 0.00 0.00 0.00 0.00 0.00 0.00 0.00 0.04 0.66 1.24 1.79 2.22 2.31 2.36 2.14 1.39 0.94 0.36 0.00 0.00 0.00 0.00 0.00
0.00 0.00 0.00 0.00 0.00 0.00 0.00 0.00 0.00 11.32 20.53 30.72 40.44 41.96 43.37 39.37 33.72 22.78 9.89 0.00 0.00 0.00 0.00 0.00
0.00 0.00 0.00 0.00 0.00 0.00 0.00 0.00 0.00 3.53 4.92 7.41 9.66 11.84 12.43 11.47 11.84 7.91 4.09 0.00 0.00 0.00 0.00 0.00
0.00 0.00 0.00 0.00 0.00 0.00 0.00 0.00 0.07 1.47 1.75 2.54 3.14 2.58 2.59 2.37 2.38 1.51 0.46 0.00 0.00 0.00 0.00 0.00
0.00 0.00 0.00 0.00 0.00 0.00 0.00 0.00 0.03 0.73 0.88 1.27 1.57 1.29 1.29 1.18 1.19 0.75 0.23 0.00 0.00 0.00 0.00 0.00
0.00 0.00 0.00 0.00 0.00 0.00 0.00 0.00 0.07 1.60 1.92 2.78 3.43 2.82 2.83 2.59 2.61 1.65 0.50 0.00 0.00 0.00 0.00 0.00
0.00 0.00 0.00 0.00 0.00 0.00 0.00 0.00 0.09 1.74 2.69 3.89 4.81 2.69 2.74 2.52 2.63 1.68 0.52 0.00 0.00 0.00 0.00 0.00
0.00 0.00 0.00 0.00 0.00 0.00 0.00 0.00 0.14 2.65 4.11 5.92 7.32 4.10 4.18 3.84 4.01 2.55 0.79 0.00 0.00 0.00 0.00 0.00
0.00 0.00 0.00 0.00 0.00 0.00 0.00 0.00 0.06 2.52 3.44 5.13 6.39 3.94 3.99 3.56 3.19 2.04 0.66 0.00 0.00 0.00 0.00 0.00
0.00 0.00 0.00 0.00 0.00 0.00 0.00 0.00 0.00 1.49 2.49 3.67 4.72 4.66 4.68 4.15 4.00 2.63 0.96 0.00 0.00 0.00 0.00 0.00
0.00 0.00 0.00 0.00 0.00 0.00 0.00 0.00 0.00 3.86 6.43 9.49 12.18 12.05 12.08 10.72 10.34 6.78 2.49 0.00 0.00 0.00 0.00 0.00
0.00 0.00 0.00 0.00 0.00 0.00 0.00 0.00 0.00 1.10 1.98 2.93 3.78 3.65 3.68 3.28 2.81 1.87 0.72 0.00 0.00 0.00 0.00 0.00
0.00 0.00 0.00 0.00 0.00 0.00 0.00 0.00 0.23 2.68 5.30 7.67 9.68 9.06 9.12 8.21 6.62 4.40 1.59 0.00 0.00 0.00 0.00 0.00
0.00 0.00 0.00 0.00 0.00 0.00 0.00 0.00 0.24 4.35 7.98 11.50 14.06 12.16 12.67 11.86 6.54 4.28 1.48 0.00 0.00 0.00 0.00 0.00
0.00 0.00 0.00 0.00 0.00 0.00 0.00 0.00 0.10 0.51 0.86 1.19 1.42 1.80 1.78 1.56 1.35 0.85 0.25 0.00 0.00 0.00 0.00 0.00
0.00 0.00 0.00 0.00 0.00 0.00 0.00 0.00 0.51 3.20 5.94 8.39 9.84 12.00 11.77 10.35 7.88 5.07 1.71 0.00 0.00 0.00 0.00 0.00
0.00 0.00 0.00 0.00 0.00 0.00 0.00 0.00 0.37 2.06 3.59 5.12 5.95 7.75 7.46 6.56 5.38 3.42 1.09 0.00 0.00 0.00 0.00 0.00
0.00 0.00 0.00 0.00 0.00 0.00 0.00 0.00 0.51 2.84 4.95 7.06 8.21 10.70 10.30 9.05 7.42 4.72 1.50 0.00 0.00 0.00 0.00 0.00
0.00 0.00 0.00 0.00 0.00 0.00 0.00 0.00 0.35 1.93 3.37 4.81 5.59 7.29 7.02 6.16 5.05 3.22 1.03 0.00 0.00 0.00 0.00 0.00
0.00 0.00 0.00 0.00 0.00 0.00 0.00 0.00 0.27 1.70 3.17 4.47 5.25 6.40 6.28 5.52 4.20 2.70 0.91 0.00 0.00 0.00 0.00 0.00
0.00 0.00 0.00 0.00 0.00 0.00 0.00 0.00 0.32 1.60 2.73 3.77 4.45 5.23 5.14 4.58 4.22 2.66 0.81 0.00 0.00 0.00 0.00 0.00
0.00 0.00 0.00 0.00 0.00 0.00 0.00 0.00 0.26 2.32 4.84 6.97 8.35 8.93 8.87 7.88 5.02 3.32 1.27 0.00 0.00 0.00 0.00 0.00
0.00 0.00 0.00 0.00 0.00 0.00 0.00 0.00 1.23 21.34 42.83 64.86 82.04 91.02 94.05 85.41 63.98 41.17 18.59 0.00 0.00 0.00 0.00 0.00
0.00 0.00 0.00 0.00 0.00 0.00 0.00 0.00 0.09 3.06 5.86 8.56 10.83 11.90 12.04 10.98 8.06 5.47 2.22 0.00 0.00 0.00 0.00 0.00
0.00 0.00 0.00 0.00 0.00 0.00 0.00 0.00 0.33 4.68 9.27 13.31 16.50 16.68 16.66 15.36 10.26 6.87 2.63 0.00 0.00 0.00 0.00 0.00
0.00 0.00 0.00 0.00 0.00 0.00 0.00 0.00 0.15 2.14 4.25 6.10 7.56 7.65 7.63 7.04 4.70 3.15 1.21 0.00 0.00 0.00 0.00 0.00
0.00 0.00 0.00 0.00 0.00 0.00 0.00 0.00 0.11 3.76 7.21 10.44 13.19 14.49 14.74 13.40 9.95 6.76 2.74 0.00 0.00 0.00 0.00 0.00
0.00 0.00 0.00 0.00 0.00 0.00 0.00 0.00 0.09 1.61 3.02 4.34 5.40 5.60 5.73 5.20 3.38 2.28 0.87 0.00 0.00 0.00 0.00 0.00
0.00 0.00 0.00 0.00 0.00 0.00 0.00 0.00 0.00 16.38 32.80 48.13 62.36 69.93 70.97 66.25 47.96 33.84 15.44 0.00 0.00 0.00 0.00 0.00
0.00 0.00 0.00 0.00 0.00 0.00 0.00 0.00 0.00 4.68 7.41 11.04 14.30 14.97 14.98 13.41 13.07 8.75 3.50 0.00 0.00 0.00 0.00 0.00
0.00 0.00 0.00 0.00 0.00 0.00 0.00 0.00 0.00 1.22 2.02 3.00 3.93 3.54 3.61 3.24 2.80 1.88 0.77 0.00 0.00 0.00 0.00 0.00
0.00 0.00 0.00 0.00 0.00 0.00 0.00 0.00 0.00 1.43 2.89 4.33 5.58 4.51 4.60 4.23 3.85 2.60 1.07 0.00 0.00 0.00 0.00 0.00
0.00 0.00 0.00 0.00 0.00 0.00 0.00 0.00 0.00 2.29 4.62 6.92 8.93 7.22 7.36 6.77 6.16 4.16 1.72 0.00 0.00 0.00 0.00 0.00
0.00 0.00 0.00 0.00 0.00 0.00 0.00 0.00 0.00 43.49 60.81 91.66 122.74 107.44 112.09 104.79 85.95 56.78 27.53 0.00 0.00 0.00 0.00 0.00
