0.00 0.00 0.00 0.00 0.00 0.00 0.00 0.00 0.00 0.15 1.16 1.97 2.79 3.36 3.51 3.32 2.84 1.97 1.08 0.02 0.00 0.00 0.00 0.00
0.00 0.00 0.00 0.00 0.00 0.00 0.00 0.00 0.00 9.14 27.96 42.47 55.73 61.54 62.12 59.35 48.87 34.02 17.30 0.00 0.00 0.00 0.00 0.00
0.00 0.00 0.00 0.00 0.00 0.00 0.00 0.00 0.00 3.37 26.59 45.02 63.89 76.84 80.33 75.94 64.85 45.14 24.74 0.50 0.00 0.00 0.00 0.00
0.00 0.00 0.00 0.00 0.00 0.00 0.00 0.00 0.00 11.99 94.48 159.99 227.07 273.07 285.47 269.90 230.46 160.41 87.92 1.77 0.00 0.00 0.00 0.00
0.00 0.00 0.00 0.00 0.00 0.00 0.00 0.00 0.00 1.68 4.65 6.88 8.90 10.21 10.36 9.39 7.75 5.30 2.32 0.00 0.00 0.00 0.00 0.00
0.00 0.00 0.00 0.00 0.00 0.00 0.00 0.00 0.00 23.51 220.77 378.31 543.32 664.03 696.65 654.59 556.46 392.84 224.19 10.69 0.00 0.00 0.00 0.00
0.00 0.00 0.00 0.00 0.00 0.00 0.00 0.00 0.00 0.66 2.45 3.80 5.13 5.96 6.10 5.58 4.50 3.12 1.39 0.00 0.00 0.00 0.00 0.00
0.00 0.00 0.00 0.00 0.00 0.00 0.00 0.00 0.00 0.48 1.50 2.27 2.98 3.49 3.65 3.42 2.84 1.98 0.99 0.00 0.00 0.00 0.00 0.00
0.00 0.00 0.00 0.00 0.00 0.00 0.00 0.00 0.00 0.76 2.40 3.63 4.77 5.58 5.83 5.47 4.54 3.17 1.58 0.00 0.00 0.00 0.00 0.00
0.00 0.00 0.00 0.00 0.00 0.00 0.00 0.00 0.00 0.76 2.40 3.63 4.77 5.58 5.83 5.47 4.54 3.17 1.58 0.00 0.00 0.00 0.00 0.00
0.00 0.00 0.00 0.00 0.00 0.00 0.00 0.00 0.00 1.45 5.26 8.12 11.07 13.13 13.72 13.06 10.90 7.78 3.96 0.00 0.00 0.00 0.00 0.00
0.00 0.00 0.00 0.00 0.00 0.00 0.00 0.00 0.00 0.69 2.45 3.77 5.22 6.29 6.50 6.16 5.12 3.60 1.83 0.00 0.00 0.00 0.00 0.00
0.00 0.00 0.00 0.00 0.00 0.00 0.00 0.00 0.00 0.89 3.15 4.85 6.71 8.08 8.36 7.93 6.58 4.62 2.35 0.00 0.00 0.00 0.00 0.00
0.00 0.00 0.00 0.00 0.00 0.00 0.00 0.00 0.00 0.59 2.10 3.23 4.47 5.39 5.57 5.28 4.39 3.08 1.57 0.00 0.00 0.00 0.00 0.00
0.00 0.00 0.00 0.00 0.00 0.00 0.00 0.00 0.00 0.59 2.10 3.23 4.47 5.39 5.57 5.28 4.39 3.08 1.57 0.00 0.00 0.00 0.00 0.00
0.00 0.00 0.00 0.00 0.00 0.00 0.00 0.00 0.00 9.23 31.51 48.51 68.18 80.65 84.49 81.05 69.05 48.41 26.69 0.81 0.00 0.00 0.00 0.00
0.00 0.00 0.00 0.00 0.00 0.00 0.00 0.00 0.00 4.62 16.43 25.30 33.94 39.62 41.49 39.13 33.37 23.21 11.59 0.00 0.00 0.00 0.00 0.00
0.00 0.00 0.00 0.00 0.00 0.00 0.00 0.00 0.00 3.76 14.26 22.21 29.76 34.95 36.01 33.92 28.09 19.99 10.01 0.00 0.00 0.00 0.00 0.00
0.00 0.00 0.00 0.00 0.00 0.00 0.00 0.00 0.00 6.93 65.12 111.59 160.26 195.86 205.49 193.08 164.14 115.87 66.13 3.15 0.00 0.00 0.00 0.00
0.00 0.00 0.00 0.00 0.00 0.00 0.00 0.00 0.00 6.60 61.94 106.14 152.44 186.31 195.46 183.66 156.13 110.22 62.90 3.00 0.00 0.00 0.00 0.00
0.00 0.00 0.00 0.00 0.00 0.00 0.00 0.00 0.00 12.69 119.12 204.12 293.16 358.29 375.89 353.20 300.25 211.96 120.96 5.77 0.00 0.00 0.00 0.00
0.00 0.00 0.00 0.00 0.00 0.00 0.00 0.00 0.00 12.47 117.13 200.72 288.27 352.32 369.63 347.31 295.24 208.43 118.95 5.67 0.00 0.00 0.00 0.00
0.00 0.00 0.00 0.00 0.00 0.00 0.00 0.00 0.00 11.84 117.38 202.57 286.43 353.12 366.66 344.50 294.70 206.05 112.36 1.51 0.00 0.00 0.00 0.00
0.00 0.00 0.00 0.00 0.00 0.00 0.00 0.00 0.00 0.48 1.50 2.27 2.98 3.49 3.65 3.42 2.84 1.98 0.99 0.00 0.00 0.00 0.00 0.00
0.00 0.00 0.00 0.00 0.00 0.00 0.00 0.00 0.00 2.42 7.60 11.49 15.09 17.68 18.47 17.32 14.38 10.02 4.99 0.00 0.00 0.00 0.00 0.00
0.00 0.00 0.00 0.00 0.00 0.00 0.00 0.00 0.00 12.35 38.79 58.68 77.04 90.27 94.29 88.42 73.42 51.17 25.50 0.00 0.00 0.00 0.00 0.00
0.00 0.00 0.00 0.00 0.00 0.00 0.00 0.00 0.00 0.47 4.45 7.62 10.94 13.38 14.03 13.19 11.21 7.91 4.52 0.22 0.00 0.00 0.00 0.00
0.00 0.00 0.00 0.00 0.00 0.00 0.00 0.00 0.00 11.80 93.01 157.50 223.53 268.81 281.02 265.69 226.87 157.91 86.55 1.75 0.00 0.00 0.00 0.00
0.00 0.00 0.00 0.00 0.00 0.00 0.00 0.00 0.00 1.71 7.94 12.74 17.37 21.15 22.86 22.06 18.77 14.18 7.75 0.18 0.00 0.00 0.00 0.00
0.00 0.00 0.00 0.00 0.00 0.00 0.00 0.00 0.00 7.94 48.63 80.62 112.11 131.73 134.56 125.42 103.80 74.31 37.63 0.00 0.00 0.00 0.00 0.00
0.00 0.00 0.00 0.00 0.00 0.00 0.00 0.00 0.00 0.20 1.55 2.62 3.73 4.48 4.68 4.43 3.78 2.63 1.44 0.03 0.00 0.00 0.00 0.00
0.00 0.00 0.00 0.00 0.00 0.00 0.00 0.00 0.00 8.85 69.76 118.12 167.65 201.61 210.77 199.27 170.15 118.43 64.91 1.31 0.00 0.00 0.00 0.00
0.00 0.00 0.00 0.00 0.00 0.00 0.00 0.00 0.00 11.36 89.52 151.59 215.15 258.73 270.49 255.73 218.36 151.99 83.30 1.68 0.00 0.00 0.00 0.00
0.00 0.00 0.00 0.00 0.00 0.00 0.00 0.00 0.00 15.61 154.79 267.14 377.72 465.68 483.53 454.31 388.64 271.73 148.17 1.99 0.00 0.00 0.00 0.00
0.00 0.00 0.00 0.00 0.00 0.00 0.00 0.00 0.00 1.02 3.68 5.68 7.95 9.92 10.62 9.95 8.37 5.88 3.06 0.00 0.00 0.00 0.00 0.00
0.00 0.00 0.00 0.00 0.00 0.00 0.00 0.00 0.00 1.30 4.59 7.08 9.93 12.34 13.08 12.33 10.24 7.18 3.72 0.00 0.00 0.00 0.00 0.00
0.00 0.00 0.00 0.00 0.00 0.00 0.00 0.00 0.00 7.07 32.77 52.55 71.67 87.26 94.31 90.99 77.42 58.50 31.96 0.75 0.00 0.00 0.00 0.00
0.00 0.00 0.00 0.00 0.00 0.00 0.00 0.00 0.00 0.00 98.85 185.29 261.89 324.67 347.40 329.38 281.95 199.45 108.55 1.17 0.00 0.00 0.00 0.00
0.00 0.00 0.00 0.00 0.00 0.00 0.00 0.00 0.00 0.37 1.30 2.00 2.70 3.12 3.24 3.06 2.59 1.82 0.89 0.00 0.00 0.00 0.00 0.00
0.00 0.00 0.00 0.00 0.00 0.00 0.00 0.00 0.00 3.35 23.73 39.89 56.12 67.99 69.69 64.81 55.38 39.16 20.83 0.00 0.00 0.00 0.00 0.00
0.00 0.00 0.00 0.00 0.00 0.00 0.00 0.00 0.00 0.63 8.15 14.33 20.63 25.21 27.18 25.57 21.44 15.54 9.24 0.83 0.00 0.00 0.00 0.00
0.00 0.00 0.00 0.00 0.00 0.00 0.00 0.00 0.00 0.80 2.89 4.45 5.96 6.86 6.86 6.29 5.01 3.45 1.50 0.00 0.00 0.00 0.00 0.00
0.00 0.00 0.00 0.00 0.00 0.00 0.00 0.00 0.00 0.40 1.44 2.23 2.98 3.43 3.43 3.15 2.51 1.73 0.75 0.00 0.00 0.00 0.00 0.00
0.00 0.00 0.00 0.00 0.00 0.00 0.00 0.00 0.00 0.87 3.16 4.87 6.52 7.50 7.51 6.88 5.48 3.78 1.64 0.00 0.00 0.00 0.00 0.00
0.00 0.00 0.00 0.00 0.00 0.00 0.00 0.00 0.00 1.06 3.78 5.82 7.72 9.09 9.22 8.58 6.94 4.80 2.11 0.00 0.00 0.00 0.00 0.00
0.00 0.00 0.00 0.00 0.00 0.00 0.00 0.00 0.00 1.62 5.77 8.87 11.77 13.85 14.05 13.08 10.58 7.31 3.22 0.00 0.00 0.00 0.00 0.00
0.00 0.00 0.00 0.00 0.00 0.00 0.00 0.00 0.00 1.33 5.00 7.75 10.60 12.34 12.39 11.31 9.25 6.42 2.88 0.00 0.00 0.00 0.00 0.00
0.00 0.00 0.00 0.00 0.00 0.00 0.00 0.00 0.00 0.73 3.89 6.36 8.78 10.27 10.41 9.86 8.17 5.77 2.78 0.00 0.00 0.00 0.00 0.00
0.00 0.00 0.00 0.00 0.00 0.00 0.00 0.00 0.00 1.88 10.05 16.43 22.67 26.52 26.90 25.48 21.11 14.91 7.17 0.00 0.00 0.00 0.00 0.00
0.00 0.00 0.00 0.00 0.00 0.00 0.00 0.00 0.00 0.52 2.75 4.48 6.14 7.06 7.15 6.75 5.49 3.91 1.94 0.00 0.00 0.00 0.00 0.00
0.00 0.00 0.00 0.00 0.00 0.00 0.00 0.00 0.00 1.79 5.91 8.98 11.88 13.84 14.23 13.41 11.15 7.79 3.70 0.00 0.00 0.00 0.00 0.00
0.00 0.00 0.00 0.00 0.00 0.00 0.00 0.00 0.00 2.69 9.41 14.44 19.64 23.29 23.88 21.95 18.36 12.85 5.97 0.00 0.00 0.00 0.00 0.00
0.00 0.00 0.00 0.00 0.00 0.00 0.00 0.00 0.00 0.48 1.35 1.99 2.56 3.03 3.05 2.82 2.39 1.64 0.71 0.00 0.00 0.00 0.00 0.00
0.00 0.00 0.00 0.00 0.00 0.00 0.00 0.00 0.00 2.64 7.80 11.65 15.42 18.18 18.28 16.76 13.72 9.53 4.43 0.00 0.00 0.00 0.00 0.00
0.00 0.00 0.00 0.00 0.00 0.00 0.00 0.00 0.00 1.88 5.42 8.11 10.56 12.20 12.31 11.27 9.21 6.32 2.85 0.00 0.00 0.00 0.00 0.00
0.00 0.00 0.00 0.00 0.00 0.00 0.00 0.00 0.00 2.60 7.48 11.19 14.57 16.84 16.98 15.55 12.71 8.71 3.94 0.00 0.00 0.00 0.00 0.00
0.00 0.00 0.00 0.00 0.00 0.00 0.00 0.00 0.00 1.77 5.09 7.62 9.93 11.47 11.57 10.60 8.66 5.94 2.68 0.00 0.00 0.00 0.00 0.00
0.00 0.00 0.00 0.00 0.00 0.00 0.00 0.00 0.00 1.41 4.16 6.21 8.23 9.70 9.75 8.94 7.32 5.08 2.36 0.00 0.00 0.00 0.00 0.00
0.00 0.00 0.00 0.00 0.00 0.00 0.00 0.00 0.00 1.53 4.27 6.35 8.07 9.24 9.46 8.60 7.06 4.85 2.15 0.00 0.00 0.00 0.00 0.00
0.00 0.00 0.00 0.00 0.00 0.00 0.00 0.00 0.00 1.37 4.30 6.50 8.54 10.00 10.45 9.80 8.14 5.67 2.83 0.00 0.00 0.00 0.00 0.00
0.00 0.00 0.00 0.00 0.00 0.00 0.00 0.00 0.00 12.01 41.02 63.14 88.74 104.98 109.97 105.49 89.87 63.01 34.75 1.05 0.00 0.00 0.00 0.00
0.00 0.00 0.00 0.00 0.00 0.00 0.00 0.00 0.00 1.65 5.97 9.20 12.55 14.88 15.55 14.80 12.35 8.81 4.48 0.00 0.00 0.00 0.00 0.00
0.00 0.00 0.00 0.00 0.00 0.00 0.00 0.00 0.00 2.72 9.10 13.88 19.02 22.51 23.04 21.80 18.14 12.75 6.29 0.00 0.00 0.00 0.00 0.00
0.00 0.00 0.00 0.00 0.00 0.00 0.00 0.00 0.00 1.25 4.17 6.36 8.72 10.32 10.56 9.99 8.31 5.85 2.88 0.00 0.00 0.00 0.00 0.00
0.00 0.00 0.00 0.00 0.00 0.00 0.00 0.00 0.00 2.05 7.44 11.48 15.55 18.32 19.09 18.17 15.23 10.93 5.55 0.00 0.00 0.00 0.00 0.00
0.00 0.00 0.00 0.00 0.00 0.00 0.00 0.00 0.00 0.91 3.16 4.85 6.55 7.57 7.86 7.43 6.30 4.42 2.17 0.00 0.00 0.00 0.00 0.00
0.00 0.00 0.00 0.00 0.00 0.00 0.00 0.00 0.00 7.32 33.93 54.41 74.20 90.35 97.64 94.20 80.16 60.56 33.09 0.77 0.00 0.00 0.00 0.00
0.00 0.00 0.00 0.00 0.00 0.00 0.00 0.00 0.00 1.90 11.63 19.28 26.81 31.50 32.18 29.99 24.82 17.77 9.00 0.00 0.00 0.00 0.00 0.00
0.00 0.00 0.00 0.00 0.00 0.00 0.00 0.00 0.00 0.45 2.66 4.40 6.09 7.29 7.41 6.90 5.70 4.07 2.08 0.00 0.00 0.00 0.00 0.00
0.00 0.00 0.00 0.00 0.00 0.00 0.00 0.00 0.00 0.62 3.32 5.44 7.51 9.06 9.40 8.79 7.29 5.16 2.67 0.00 0.00 0.00 0.00 0.00
0.00 0.00 0.00 0.00 0.00 0.00 0.00 0.00 0.00 0.99 5.32 8.70 12.01 14.50 15.04 14.07 11.67 8.26 4.27 0.00 0.00 0.00 0.00 0.00
0.00 0.00 0.00 0.00 0.00 0.00 0.00 0.00 0.00 12.90 121.11 207.52 298.04 364.26 382.16 359.08 305.25 215.49 122.98 5.87 0.00 0.00 0.00 0.00
