0.00 0.00 0.00 0.00 0.00 0.00 0.00 0.18 0.98 1.74 2.60 3.44 4.18 5.02 5.19 4.91 4.11 3.36 2.44 1.58 0.73 0.00 0.00 0.00
0.00 0.00 0.00 0.00 0.00 0.00 0.00 4.43 17.99 30.90 51.64 66.87 78.02 78.89 79.00 73.70 67.14 53.49 36.07 17.81 5.27 0.00 0.00 0.00
0.00 0.00 0.00 0.00 0.00 0.00 0.00 4.16 22.38 39.86 59.39 78.72 95.60 114.88 118.72 112.28 93.97 76.72 55.78 36.23 16.80 0.00 0.00 0.00
0.00 0.00 0.00 0.00 0.00 0.00 0.00 14.78 79.54 141.66 211.05 279.76 339.75 408.27 421.94 399.03 333.98 272.67 198.23 128.77 59.69 0.00 0.00 0.00
0.00 0.00 0.00 0.00 0.00 0.00 0.00 1.06 2.99 5.05 7.76 9.83 11.20 12.33 12.27 11.08 9.76 7.69 5.18 2.91 0.73 0.00 0.00 0.00
0.00 0.00 0.00 0.00 0.00 0.00 0.00 21.80 185.08 341.96 517.75 691.23 837.73 916.72 942.74 899.12 636.77 521.28 372.69 206.35 96.78 0.00 0.00 0.00
0.00 0.00 0.00 0.00 0.00 0.00 0.00 0.81 2.28 3.83 5.24 6.76 7.82 6.31 6.39 5.99 5.07 4.06 2.82 1.69 0.63 0.00 0.00 0.00
0.00 0.00 0.00 0.00 0.00 0.00 0.00 0.21 0.79 1.34 3.20 4.08 4.68 5.71 5.83 5.48 3.19 2.51 1.72 0.90 0.28 0.00 0.00 0.00
0.00 0.00 0.00 0.00 0.00 0.00 0.00 0.34 1.26 2.15 5.12 6.54 7.49 9.13 9.33 8.77 5.11 4.01 2.75 1.44 0.45 0.00 0.00 0.00
0.00 0.00 0.00 0.00 0.00 0.00 0.00 0.34 1.26 2.15 5.12 6.54 7.49 9.13 9.33 8.77 5.11 4.01 2.75 1.44 0.45 0.00 0.00 0.00
0.00 0.00 0.00 0.00 0.00 0.00 0.00 0.68 2.65 4.54 7.28 9.87 11.79 17.30 17.32 16.44 15.35 12.45 8.70 4.64 1.67 0.00 0.00 0.00
0.00 0.00 0.00 0.00 0.00 0.00 0.00 0.36 1.41 2.42 3.94 5.32 6.35 8.72 8.82 8.32 6.79 5.46 3.80 2.09 0.74 0.00 0.00 0.00
0.00 0.00 0.00 0.00 0.00 0.00 0.00 0.46 1.81 3.11 5.06 6.85 8.17 11.22 11.34 10.69 8.73 7.03 4.89 2.68 0.95 0.00 0.00 0.00
0.00 0.00 0.00 0.00 0.00 0.00 0.00 0.31 1.21 2.07 3.37 4.56 5.45 7.48 7.56 7.13 5.82 4.68 3.26 1.79 0.64 0.00 0.00 0.00
0.00 0.00 0.00 0.00 0.00 0.00 0.00 0.31 1.21 2.07 3.37 4.56 5.45 7.48 7.56 7.13 5.82 4.68 3.26 1.79 0.64 0.00 0.00 0.00
0.00 0.00 0.00 0.00 0.00 0.00 0.00 3.45 23.82 43.18 65.44 85.86 98.19 108.28 110.62 105.84 93.37 74.00 50.72 24.72 8.20 0.00 0.00 0.00
0.00 0.00 0.00 0.00 0.00 0.00 0.00 2.09 7.67 13.03 23.30 31.04 37.20 46.36 46.92 44.12 47.83 38.56 27.34 12.65 4.50 0.00 0.00 0.00
0.00 0.00 0.00 0.00 0.00 0.00 0.00 1.79 6.53 11.09 20.37 26.17 30.95 32.19 32.68 31.28 29.98 23.89 16.60 9.93 3.72 0.00 0.00 0.00
0.00 0.00 0.00 0.00 0.00 0.00 0.00 6.43 54.59 100.86 152.72 203.89 247.10 270.40 278.07 265.21 187.82 153.76 109.93 60.87 28.55 0.00 0.00 0.00
0.00 0.00 0.00 0.00 0.00 0.00 0.00 6.12 51.93 95.94 145.27 193.94 235.05 257.21 264.51 252.27 178.66 146.26 104.57 57.90 27.16 0.00 0.00 0.00
0.00 0.00 0.00 0.00 0.00 0.00 0.00 11.76 99.86 184.51 279.36 372.96 452.01 494.64 508.67 485.14 343.58 281.27 201.09 111.34 52.22 0.00 0.00 0.00
0.00 0.00 0.00 0.00 0.00 0.00 0.00 11.57 98.20 181.43 274.70 366.75 444.48 486.39 500.19 477.05 337.85 276.58 197.74 109.48 51.35 0.00 0.00 0.00
0.00 0.00 0.00 0.00 0.00 0.00 0.00 22.77 115.44 204.37 298.60 397.08 482.68 524.95 538.87 531.58 484.85 393.65 287.64 176.79 84.58 0.00 0.00 0.00
0.00 0.00 0.00 0.00 0.00 0.00 0.00 0.21 0.79 1.34 3.20 4.08 4.68 5.71 5.83 5.48 3.19 2.51 1.72 0.90 0.28 0.00 0.00 0.00
0.00 0.00 0.00 0.00 0.00 0.00 0.00 1.08 4.00 6.80 16.23 20.69 23.71 28.91 29.54 27.77 16.18 12.69 8.70 4.56 1.43 0.00 0.00 0.00
0.00 0.00 0.00 0.00 0.00 0.00 0.00 5.51 20.43 34.71 82.84 105.65 121.04 147.61 150.80 141.79 82.59 64.80 44.40 23.28 7.30 0.00 0.00 0.00
0.00 0.00 0.00 0.00 0.00 0.00 0.00 0.44 3.73 6.89 10.43 13.92 16.88 18.47 18.99 18.11 12.83 10.50 7.51 4.16 1.95 0.00 0.00 0.00
0.00 0.00 0.00 0.00 0.00 0.00 0.00 14.55 78.30 139.45 207.76 275.40 334.45 401.91 415.36 392.81 328.77 268.42 195.14 126.76 58.76 0.00 0.00 0.00
0.00 0.00 0.00 0.00 0.00 0.00 0.00 0.72 4.04 7.25 10.19 14.24 18.14 27.72 28.54 27.67 27.16 21.99 15.47 10.06 4.07 0.00 0.00 0.00
0.00 0.00 0.00 0.00 0.00 0.00 0.00 12.83 46.25 78.16 116.87 149.92 175.34 196.82 206.68 197.50 173.59 142.71 103.27 61.34 27.55 0.00 0.00 0.00
0.00 0.00 0.00 0.00 0.00 0.00 0.00 0.24 1.31 2.32 3.46 4.59 5.57 6.70 6.92 6.55 5.48 4.47 3.25 2.11 0.98 0.00 0.00 0.00
0.00 0.00 0.00 0.00 0.00 0.00 0.00 10.91 58.73 104.59 155.82 206.55 250.84 301.43 311.52 294.61 246.58 201.31 146.35 95.07 44.07 0.00 0.00 0.00
0.00 0.00 0.00 0.00 0.00 0.00 0.00 14.00 75.37 134.22 199.97 265.07 321.91 386.83 399.78 378.08 316.44 258.35 187.82 122.01 56.56 0.00 0.00 0.00
0.00 0.00 0.00 0.00 0.00 0.00 0.00 30.03 152.24 269.51 393.78 523.65 636.54 692.27 710.64 701.02 639.40 519.12 379.32 233.15 111.54 0.00 0.00 0.00
0.00 0.00 0.00 0.00 0.00 0.00 0.00 0.60 2.56 4.45 7.71 10.24 12.21 14.80 14.93 14.19 13.11 10.33 7.23 3.65 1.31 0.00 0.00 0.00
0.00 0.00 0.00 0.00 0.00 0.00 0.00 0.75 3.15 5.46 8.74 11.53 13.86 16.93 17.15 16.37 15.11 11.86 8.42 4.28 1.53 0.00 0.00 0.00
0.00 0.00 0.00 0.00 0.00 0.00 0.00 2.96 16.67 29.89 42.02 58.75 74.81 114.33 117.71 114.13 112.04 90.72 63.80 41.49 16.80 0.00 0.00 0.00
0.00 0.00 0.00 0.00 0.00 0.00 0.00 25.91 121.67 214.40 323.96 421.36 502.27 537.11 550.79 518.89 469.18 382.92 283.64 189.87 99.82 8.02 0.00 0.00
0.00 0.00 0.00 0.00 0.00 0.00 0.00 0.19 0.66 1.10 2.16 2.84 3.35 3.46 3.48 3.30 3.29 2.64 1.87 0.87 0.30 0.00 0.00 0.00
0.00 0.00 0.00 0.00 0.00 0.00 0.00 5.09 22.62 39.40 58.63 75.96 90.73 100.12 101.70 96.41 85.90 70.29 52.12 31.83 14.60 0.00 0.00 0.00
0.00 0.00 0.00 0.00 0.00 0.00 0.00 0.20 6.56 12.74 19.17 25.78 31.18 33.82 34.39 31.69 26.72 21.49 15.53 9.29 4.48 0.00 0.00 0.00
0.00 0.00 0.00 0.00 0.00 0.00 0.00 1.01 2.73 4.57 6.13 7.84 9.05 7.19 7.22 6.82 6.58 5.21 3.58 2.08 0.76 0.00 0.00 0.00
0.00 0.00 0.00 0.00 0.00 0.00 0.00 0.50 1.37 2.28 3.06 3.92 4.53 3.60 3.61 3.41 3.29 2.60 1.79 1.04 0.38 0.00 0.00 0.00
0.00 0.00 0.00 0.00 0.00 0.00 0.00 1.10 2.99 4.99 6.70 8.58 9.90 7.86 7.89 7.45 7.19 5.70 3.92 2.27 0.83 0.00 0.00 0.00
0.00 0.00 0.00 0.00 0.00 0.00 0.00 1.28 3.55 5.94 7.91 9.99 11.58 9.53 9.60 9.04 7.71 6.07 4.23 2.66 0.96 0.00 0.00 0.00
0.00 0.00 0.00 0.00 0.00 0.00 0.00 1.95 5.40 9.05 12.05 15.22 17.65 14.53 14.62 13.77 11.76 9.24 6.44 4.05 1.46 0.00 0.00 0.00
0.00 0.00 0.00 0.00 0.00 0.00 0.00 1.67 4.73 7.90 11.14 14.50 16.58 13.80 13.90 13.11 9.64 7.77 5.35 3.38 1.26 0.00 0.00 0.00
0.00 0.00 0.00 0.00 0.00 0.00 0.00 1.25 3.95 6.53 9.71 12.25 14.21 15.14 15.84 15.53 13.89 11.14 7.95 4.29 1.87 0.00 0.00 0.00
0.00 0.00 0.00 0.00 0.00 0.00 0.00 3.24 10.21 16.86 25.08 31.64 36.71 39.12 40.92 40.12 35.88 28.78 20.55 11.07 4.84 0.00 0.00 0.00
0.00 0.00 0.00 0.00 0.00 0.00 0.00 0.68 2.32 3.89 6.01 7.70 9.00 10.61 10.88 10.52 9.53 7.74 5.47 3.24 1.41 0.00 0.00 0.00
0.00 0.00 0.00 0.00 0.00 0.00 0.00 1.25 4.04 6.75 11.52 15.41 18.03 17.83 18.15 16.88 12.97 10.34 7.25 2.91 0.98 0.00 0.00 0.00
0.00 0.00 0.00 0.00 0.00 0.00 0.00 2.34 7.10 11.79 14.93 19.37 23.19 24.42 24.97 23.51 16.24 12.88 8.82 5.30 1.88 0.00 0.00 0.00
0.00 0.00 0.00 0.00 0.00 0.00 0.00 0.42 1.16 1.89 2.53 3.20 3.60 3.62 3.56 3.30 2.48 1.95 1.30 0.69 0.18 0.00 0.00 0.00
0.00 0.00 0.00 0.00 0.00 0.00 0.00 1.64 5.09 8.53 11.58 14.44 16.29 23.83 23.99 22.18 13.72 10.63 7.08 3.92 1.12 0.00 0.00 0.00
0.00 0.00 0.00 0.00 0.00 0.00 0.00 1.26 3.70 6.18 9.01 11.35 12.48 16.62 16.22 15.24 9.76 7.60 5.13 2.82 0.77 0.00 0.00 0.00
0.00 0.00 0.00 0.00 0.00 0.00 0.00 1.73 5.11 8.52 12.43 15.66 17.23 22.93 22.39 21.03 13.47 10.49 7.09 3.90 1.06 0.00 0.00 0.00
0.00 0.00 0.00 0.00 0.00 0.00 0.00 1.18 3.48 5.81 8.47 10.67 11.74 15.62 15.25 14.33 9.18 7.14 4.83 2.65 0.72 0.00 0.00 0.00
0.00 0.00 0.00 0.00 0.00 0.00 0.00 0.87 2.72 4.55 6.18 7.70 8.69 12.71 12.79 11.83 7.32 5.67 3.77 2.09 0.60 0.00 0.00 0.00
0.00 0.00 0.00 0.00 0.00 0.00 0.00 1.02 2.93 4.89 6.91 8.67 9.75 11.52 11.53 10.65 8.83 6.98 4.83 2.72 0.69 0.00 0.00 0.00
0.00 0.00 0.00 0.00 0.00 0.00 0.00 0.61 2.26 3.85 9.18 11.71 13.41 16.36 16.71 15.71 9.15 7.18 4.92 2.58 0.81 0.00 0.00 0.00
0.00 0.00 0.00 0.00 0.00 0.00 0.00 4.49 31.00 56.20 85.17 111.76 127.80 140.94 143.98 137.76 121.52 96.32 66.02 32.17 10.68 0.00 0.00 0.00
0.00 0.00 0.00 0.00 0.00 0.00 0.00 0.77 3.00 5.14 8.26 11.19 13.36 19.61 19.63 18.63 17.39 14.11 9.86 5.26 1.89 0.00 0.00 0.00
0.00 0.00 0.00 0.00 0.00 0.00 0.00 1.75 6.21 10.47 17.70 23.46 28.17 29.77 30.37 28.40 16.32 13.09 9.17 4.92 1.67 0.00 0.00 0.00
0.00 0.00 0.00 0.00 0.00 0.00 0.00 0.80 2.84 4.80 8.11 10.75 12.91 13.65 13.92 13.02 7.48 6.00 4.20 2.26 0.77 0.00 0.00 0.00
0.00 0.00 0.00 0.00 0.00 0.00 0.00 0.91 3.53 6.04 9.47 12.78 15.31 23.21 23.10 21.91 21.38 17.26 12.21 6.37 2.29 0.00 0.00 0.00
0.00 0.00 0.00 0.00 0.00 0.00 0.00 0.46 1.59 2.68 5.25 6.91 8.14 8.41 8.46 8.02 7.99 6.42 4.54 2.12 0.74 0.00 0.00 0.00
0.00 0.00 0.00 0.00 0.00 0.00 0.00 3.06 17.26 30.94 43.51 60.83 77.45 118.38 121.87 118.16 116.00 93.93 66.06 42.96 17.39 0.00 0.00 0.00
0.00 0.00 0.00 0.00 0.00 0.00 0.00 3.07 11.06 18.69 27.95 35.85 41.93 47.07 49.42 47.23 41.51 34.13 24.69 14.67 6.59 0.00 0.00 0.00
0.00 0.00 0.00 0.00 0.00 0.00 0.00 0.64 2.40 4.08 5.82 7.46 8.82 10.53 10.76 10.30 9.33 7.61 5.45 3.38 1.51 0.00 0.00 0.00
0.00 0.00 0.00 0.00 0.00 0.00 0.00 0.65 2.56 4.38 4.53 5.84 6.89 12.56 12.97 12.64 12.05 9.59 6.87 4.43 1.93 0.00 0.00 0.00
0.00 0.00 0.00 0.00 0.00 0.00 0.00 1.04 4.09 7.00 7.26 9.35 11.03 20.09 20.75 20.22 19.28 15.34 10.99 7.08 3.09 0.00 0.00 0.00
0.00 0.00 0.00 0.00 0.00 0.00 0.00 11.96 101.53 187.58 284.02 379.18 459.55 502.88 517.15 493.22 349.31 285.95 204.44 113.20 53.09 0.00 0.00 0.00
