0.00 0.00 0.00 0.00 0.00 0.00 0.00 0.00 0.00 0.82 1.94 3.06 4.01 4.57 4.76 4.57 3.99 3.06 1.86 0.66 0.00 0.00 0.00 0.00
0.00 0.00 0.00 0.00 0.00 0.00 0.00 0.00 2.17 16.01 30.92 45.29 56.70 63.22 64.62 62.52 51.33 38.08 23.06 4.74 0.00 0.00 0.00 0.00
0.00 0.00 0.00 0.00 0.00 0.00 0.00 0.00 0.00 18.73 44.39 69.87 91.66 104.54 108.86 104.44 91.22 69.89 42.48 15.04 0.00 0.00 0.00 0.00
0.00 0.00 0.00 0.00 0.00 0.00 0.00 0.00 0.00 66.57 157.74 248.30 325.77 371.53 386.89 371.19 324.19 248.38 150.96 53.47 0.00 0.00 0.00 0.00
0.00 0.00 0.00 0.00 0.00 0.00 0.00 0.00 0.48 2.07 3.13 4.73 5.85 9.79 9.83 9.00 6.39 4.60 2.76 0.51 0.00 0.00 0.00 0.00
0.00 0.00 0.00 0.00 0.00 0.00 0.00 0.00 0.00 143.61 355.70 569.85 743.06 846.66 905.08 878.14 737.55 568.65 358.44 143.94 0.00 0.00 0.00 0.00
0.00 0.00 0.00 0.00 0.00 0.00 0.00 0.00 0.10 0.80 3.43 5.13 6.33 7.86 7.86 7.41 6.42 4.80 2.91 0.50 0.00 0.00 0.00 0.00
0.00 0.00 0.00 0.00 0.00 0.00 0.00 0.00 0.11 0.79 1.59 2.35 3.05 3.39 3.45 3.39 2.91 2.15 1.30 0.33 0.00 0.00 0.00 0.00
0.00 0.00 0.00 0.00 0.00 0.00 0.00 0.00 0.17 1.27 2.55 3.76 4.89 5.42 5.51 5.42 4.65 3.44 2.07 0.52 0.00 0.00 0.00 0.00
0.00 0.00 0.00 0.00 0.00 0.00 0.00 0.00 0.17 1.27 2.55 3.76 4.89 5.42 5.51 5.42 4.65 3.44 2.07 0.52 0.00 0.00 0.00 0.00
0.00 0.00 0.00 0.00 0.00 0.00 0.00 0.00 0.25 3.34 6.35 9.63 12.64 14.07 14.63 14.14 13.07 9.95 6.11 1.82 0.00 0.00 0.00 0.00
0.00 0.00 0.00 0.00 0.00 0.00 0.00 0.00 0.13 1.58 2.99 4.55 5.98 6.58 6.67 6.47 6.17 4.69 2.80 0.84 0.00 0.00 0.00 0.00
0.00 0.00 0.00 0.00 0.00 0.00 0.00 0.00 0.16 2.04 3.84 5.84 7.68 8.46 8.58 8.32 7.94 6.04 3.60 1.08 0.00 0.00 0.00 0.00
0.00 0.00 0.00 0.00 0.00 0.00 0.00 0.00 0.11 1.36 2.56 3.90 5.12 5.64 5.72 5.55 5.29 4.02 2.40 0.72 0.00 0.00 0.00 0.00
0.00 0.00 0.00 0.00 0.00 0.00 0.00 0.00 0.11 1.36 2.56 3.90 5.12 5.64 5.72 5.55 5.29 4.02 2.40 0.72 0.00 0.00 0.00 0.00
0.00 0.00 0.00 0.00 0.00 0.00 0.00 0.00 0.78 17.70 37.31 59.02 78.51 87.00 90.04 86.51 75.17 56.56 32.87 8.44 0.00 0.00 0.00 0.00
0.00 0.00 0.00 0.00 0.00 0.00 0.00 0.00 0.92 10.21 18.91 28.58 37.21 43.75 44.95 42.49 39.78 30.48 18.18 4.90 0.00 0.00 0.00 0.00
0.00 0.00 0.00 0.00 0.00 0.00 0.00 0.00 0.60 9.04 17.09 25.48 32.81 39.85 40.60 39.05 34.77 26.42 16.31 3.88 0.00 0.00 0.00 0.00
0.00 0.00 0.00 0.00 0.00 0.00 0.00 0.00 0.00 42.36 104.92 168.09 219.18 249.73 266.97 259.02 217.55 167.73 105.73 42.46 0.00 0.00 0.00 0.00
0.00 0.00 0.00 0.00 0.00 0.00 0.00 0.00 0.00 40.29 99.80 159.89 208.49 237.55 253.94 246.38 206.94 159.55 100.57 40.39 0.00 0.00 0.00 0.00
0.00 0.00 0.00 0.00 0.00 0.00 0.00 0.00 0.00 77.49 191.92 307.48 400.93 456.83 488.35 473.81 397.96 306.82 193.40 77.66 0.00 0.00 0.00 0.00
0.00 0.00 0.00 0.00 0.00 0.00 0.00 0.00 0.00 76.20 188.73 302.35 394.25 449.22 480.21 465.92 391.33 301.71 190.18 76.37 0.00 0.00 0.00 0.00
0.00 0.00 0.00 0.00 0.00 0.00 0.00 0.00 0.00 84.03 202.81 323.88 428.74 488.58 498.41 472.28 409.31 309.67 192.05 64.03 0.00 0.00 0.00 0.00
0.00 0.00 0.00 0.00 0.00 0.00 0.00 0.00 0.11 0.79 1.59 2.35 3.05 3.39 3.45 3.39 2.91 2.15 1.30 0.33 0.00 0.00 0.00 0.00
0.00 0.00 0.00 0.00 0.00 0.00 0.00 0.00 0.54 4.02 8.07 11.91 15.47 17.16 17.46 17.15 14.73 10.88 6.57 1.65 0.00 0.00 0.00 0.00
0.00 0.00 0.00 0.00 0.00 0.00 0.00 0.00 2.74 20.53 41.20 60.81 78.98 87.62 89.14 87.57 75.20 55.53 33.52 8.41 0.00 0.00 0.00 0.00
0.00 0.00 0.00 0.00 0.00 0.00 0.00 0.00 0.00 2.89 7.17 11.48 14.97 17.05 18.23 17.69 14.86 11.45 7.22 2.90 0.00 0.00 0.00 0.00
0.00 0.00 0.00 0.00 0.00 0.00 0.00 0.00 0.00 65.53 155.28 244.43 320.69 365.74 380.86 365.40 319.14 244.51 148.61 52.63 0.00 0.00 0.00 0.00
0.00 0.00 0.00 0.00 0.00 0.00 0.00 0.00 0.00 4.58 9.50 14.69 20.09 23.71 24.87 24.35 21.70 16.87 10.88 3.28 0.00 0.00 0.00 0.00
0.00 0.00 0.00 0.00 0.00 0.00 0.00 0.00 0.00 34.26 76.99 119.46 155.59 178.08 185.96 178.30 152.85 114.98 69.89 16.96 0.00 0.00 0.00 0.00
0.00 0.00 0.00 0.00 0.00 0.00 0.00 0.00 0.00 1.09 2.59 4.07 5.34 6.10 6.35 6.09 5.32 4.08 2.48 0.88 0.00 0.00 0.00 0.00
0.00 0.00 0.00 0.00 0.00 0.00 0.00 0.00 0.00 49.15 116.46 183.33 240.52 274.31 285.65 274.05 239.36 183.38 111.46 39.47 0.00 0.00 0.00 0.00
0.00 0.00 0.00 0.00 0.00 0.00 0.00 0.00 0.00 63.08 149.46 235.27 308.67 352.03 366.58 351.70 307.17 235.34 143.04 50.66 0.00 0.00 0.00 0.00
0.00 0.00 0.00 0.00 0.00 0.00 0.00 0.00 0.00 110.82 267.46 427.11 565.41 644.31 657.28 622.82 539.77 408.37 253.26 84.44 0.00 0.00 0.00 0.00
0.00 0.00 0.00 0.00 0.00 0.00 0.00 0.00 0.15 2.43 4.63 7.09 9.29 10.43 10.75 10.45 9.49 7.16 4.34 1.37 0.00 0.00 0.00 0.00
0.00 0.00 0.00 0.00 0.00 0.00 0.00 0.00 0.20 3.11 5.90 8.81 11.62 12.97 13.30 12.89 11.90 9.00 5.44 1.67 0.00 0.00 0.00 0.00
0.00 0.00 0.00 0.00 0.00 0.00 0.00 0.00 0.00 18.90 39.17 60.61 82.88 97.79 102.59 100.44 89.51 69.59 44.87 13.52 0.00 0.00 0.00 0.00
0.00 0.00 0.00 0.00 0.00 0.00 0.00 0.00 0.00 73.76 192.11 309.18 414.35 483.29 500.11 480.39 414.00 329.09 207.45 63.79 0.00 0.00 0.00 0.00
0.00 0.00 0.00 0.00 0.00 0.00 0.00 0.00 0.08 0.71 1.48 2.26 2.92 3.49 3.62 3.46 3.10 2.35 1.43 0.36 0.00 0.00 0.00 0.00
0.00 0.00 0.00 0.00 0.00 0.00 0.00 0.00 0.00 16.50 38.55 61.04 79.72 90.84 93.62 89.58 76.16 57.42 35.36 10.67 0.00 0.00 0.00 0.00
0.00 0.00 0.00 0.00 0.00 0.00 0.00 0.00 0.00 5.19 13.16 20.80 27.89 30.32 30.85 30.11 26.43 20.32 13.11 5.62 0.00 0.00 0.00 0.00
0.00 0.00 0.00 0.00 0.00 0.00 0.00 0.00 0.14 0.94 3.95 5.93 7.46 9.26 9.19 8.47 7.09 5.35 3.28 0.51 0.00 0.00 0.00 0.00
0.00 0.00 0.00 0.00 0.00 0.00 0.00 0.00 0.07 0.47 1.97 2.97 3.73 4.63 4.60 4.24 3.55 2.68 1.64 0.26 0.00 0.00 0.00 0.00
0.00 0.00 0.00 0.00 0.00 0.00 0.00 0.00 0.15 1.03 4.32 6.49 8.15 10.13 10.05 9.27 7.76 5.85 3.59 0.56 0.00 0.00 0.00 0.00
0.00 0.00 0.00 0.00 0.00 0.00 0.00 0.00 0.21 1.47 4.61 7.00 8.63 11.98 11.94 11.20 9.42 7.13 4.33 0.72 0.00 0.00 0.00 0.00
0.00 0.00 0.00 0.00 0.00 0.00 0.00 0.00 0.32 2.23 7.03 10.67 13.15 18.25 18.19 17.07 14.35 10.87 6.60 1.10 0.00 0.00 0.00 0.00
0.00 0.00 0.00 0.00 0.00 0.00 0.00 0.00 0.21 1.69 6.86 10.29 12.63 15.90 16.04 15.21 13.00 9.90 6.02 1.11 0.00 0.00 0.00 0.00
0.00 0.00 0.00 0.00 0.00 0.00 0.00 0.00 0.00 2.89 6.31 9.56 12.11 13.98 14.63 14.08 11.86 8.94 5.32 1.15 0.00 0.00 0.00 0.00
0.00 0.00 0.00 0.00 0.00 0.00 0.00 0.00 0.01 7.46 16.30 24.70 31.28 36.12 37.80 36.38 30.65 23.10 13.75 2.96 0.00 0.00 0.00 0.00
0.00 0.00 0.00 0.00 0.00 0.00 0.00 0.00 0.00 1.87 4.14 6.39 8.42 9.71 10.04 9.50 8.01 6.03 3.67 0.87 0.00 0.00 0.00 0.00
0.00 0.00 0.00 0.00 0.00 0.00 0.00 0.00 0.39 2.83 5.97 8.98 11.35 14.42 14.89 14.29 13.19 9.99 6.14 1.59 0.00 0.00 0.00 0.00
0.00 0.00 0.00 0.00 0.00 0.00 0.00 0.00 0.81 6.31 8.29 12.21 15.23 27.41 27.90 26.55 24.31 18.33 11.00 2.42 0.00 0.00 0.00 0.00
0.00 0.00 0.00 0.00 0.00 0.00 0.00 0.00 0.12 0.52 1.22 1.80 2.24 2.83 2.82 2.68 2.34 1.72 1.03 0.15 0.00 0.00 0.00 0.00
0.00 0.00 0.00 0.00 0.00 0.00 0.00 0.00 0.55 2.92 7.94 11.85 15.32 15.62 15.83 15.01 14.85 11.06 6.71 1.29 0.00 0.00 0.00 0.00
0.00 0.00 0.00 0.00 0.00 0.00 0.00 0.00 0.45 2.17 4.95 7.26 9.17 10.72 10.62 10.02 9.51 6.99 4.19 0.83 0.00 0.00 0.00 0.00
0.00 0.00 0.00 0.00 0.00 0.00 0.00 0.00 0.62 2.99 6.83 10.02 12.66 14.79 14.65 13.83 13.12 9.65 5.79 1.14 0.00 0.00 0.00 0.00
0.00 0.00 0.00 0.00 0.00 0.00 0.00 0.00 0.43 2.04 4.65 6.83 8.62 10.08 9.98 9.42 8.94 6.57 3.94 0.78 0.00 0.00 0.00 0.00
0.00 0.00 0.00 0.00 0.00 0.00 0.00 0.00 0.29 1.56 4.23 6.32 8.17 8.33 8.44 8.01 7.92 5.90 3.58 0.69 0.00 0.00 0.00 0.00
0.00 0.00 0.00 0.00 0.00 0.00 0.00 0.00 0.44 1.95 3.12 4.61 5.76 8.52 8.65 7.99 6.11 4.47 2.69 0.58 0.00 0.00 0.00 0.00
0.00 0.00 0.00 0.00 0.00 0.00 0.00 0.00 0.30 2.28 4.57 6.74 8.75 9.71 9.88 9.71 8.33 6.15 3.72 0.93 0.00 0.00 0.00 0.00
0.00 0.00 0.00 0.00 0.00 0.00 0.00 0.00 1.02 23.03 48.56 76.82 102.18 113.23 117.19 112.60 97.84 73.61 42.78 10.99 0.00 0.00 0.00 0.00
0.00 0.00 0.00 0.00 0.00 0.00 0.00 0.00 0.28 3.78 7.20 10.91 14.32 15.95 16.59 16.02 14.82 11.28 6.92 2.06 0.00 0.00 0.00 0.00
0.00 0.00 0.00 0.00 0.00 0.00 0.00 0.00 0.48 4.29 9.97 15.21 20.18 24.47 24.55 23.58 20.95 15.84 9.82 2.34 0.00 0.00 0.00 0.00
0.00 0.00 0.00 0.00 0.00 0.00 0.00 0.00 0.22 1.96 4.57 6.97 9.25 11.21 11.25 10.81 9.60 7.26 4.50 1.07 0.00 0.00 0.00 0.00
0.00 0.00 0.00 0.00 0.00 0.00 0.00 0.00 0.35 4.67 8.90 13.48 17.53 19.90 20.80 19.98 18.17 13.90 8.65 2.51 0.00 0.00 0.00 0.00
0.00 0.00 0.00 0.00 0.00 0.00 0.00 0.00 0.18 1.73 3.59 5.49 7.10 8.48 8.79 8.40 7.54 5.71 3.46 0.88 0.00 0.00 0.00 0.00
0.00 0.00 0.00 0.00 0.00 0.00 0.00 0.00 0.00 19.57 40.56 62.75 85.81 101.24 106.22 104.00 92.67 72.05 46.46 13.99 0.00 0.00 0.00 0.00
0.00 0.00 0.00 0.00 0.00 0.00 0.00 0.00 0.00 8.19 18.41 28.57 37.21 42.59 44.47 42.64 36.55 27.50 16.71 4.06 0.00 0.00 0.00 0.00
0.00 0.00 0.00 0.00 0.00 0.00 0.00 0.00 0.00 1.81 4.06 6.39 8.35 9.63 9.96 9.66 8.23 6.11 3.72 0.96 0.00 0.00 0.00 0.00
0.00 0.00 0.00 0.00 0.00 0.00 0.00 0.00 0.00 2.28 5.11 7.94 10.31 12.00 12.40 11.95 10.19 7.67 4.71 1.26 0.00 0.00 0.00 0.00
0.00 0.00 0.00 0.00 0.00 0.00 0.00 0.00 0.00 3.64 8.18 12.70 16.50 19.20 19.85 19.11 16.31 12.27 7.53 2.01 0.00 0.00 0.00 0.00
0.00 0.00 0.00 0.00 0.00 0.00 0.00 0.00 0.00 78.78 195.12 312.60 407.61 464.44 496.49 481.71 404.59 311.94 196.63 78.96 0.00 0.00 0.00 0.00
