0.00 0.00 0.00 0.00 0.00 0.00 0.00 0.00 0.00 0.12 1.12 1.91 2.73 3.33 3.47 3.25 2.66 1.77 0.85 0.00 0.00 0.00 0.00 0.00
0.00 0.00 0.00 0.00 0.00 0.00 0.00 0.00 0.00 2.35 18.45 27.86 36.32 53.20 53.24 50.22 42.22 28.19 12.35 0.00 0.00 0.00 0.00 0.00
0.00 0.00 0.00 0.00 0.00 0.00 0.00 0.00 0.00 2.64 25.52 43.69 62.33 76.25 79.34 74.32 60.83 40.52 19.35 0.00 0.00 0.00 0.00 0.00
0.00 0.00 0.00 0.00 0.00 0.00 0.00 0.00 0.00 9.37 90.68 155.28 221.52 271.00 281.97 264.15 216.17 144.02 68.76 0.00 0.00 0.00 0.00 0.00
0.00 0.00 0.00 0.00 0.00 0.00 0.00 0.00 0.00 0.37 1.28 1.90 2.47 4.85 4.90 4.40 6.26 4.05 1.38 0.00 0.00 0.00 0.00 0.00
0.00 0.00 0.00 0.00 0.00 0.00 0.00 0.00 0.00 18.93 211.12 364.85 525.90 653.73 682.92 636.43 519.32 351.93 178.43 0.00 0.00 0.00 0.00 0.00
0.00 0.00 0.00 0.00 0.00 0.00 0.00 0.00 0.00 0.13 0.46 0.72 0.98 1.26 1.28 1.16 1.27 0.83 0.28 0.00 0.00 0.00 0.00 0.00
0.00 0.00 0.00 0.00 0.00 0.00 0.00 0.00 0.00 0.19 1.05 1.58 2.06 3.19 3.30 3.05 2.47 1.64 0.69 0.00 0.00 0.00 0.00 0.00
0.00 0.00 0.00 0.00 0.00 0.00 0.00 0.00 0.00 0.31 1.67 2.52 3.29 5.10 5.28 4.89 3.95 2.63 1.11 0.00 0.00 0.00 0.00 0.00
0.00 0.00 0.00 0.00 0.00 0.00 0.00 0.00 0.00 0.31 1.67 2.52 3.29 5.10 5.28 4.89 3.95 2.63 1.11 0.00 0.00 0.00 0.00 0.00
0.00 0.00 0.00 0.00 0.00 0.00 0.00 0.00 0.00 1.05 4.55 7.01 9.52 12.22 12.67 11.91 9.65 6.58 2.84 0.00 0.00 0.00 0.00 0.00
0.00 0.00 0.00 0.00 0.00 0.00 0.00 0.00 0.00 0.52 2.07 3.18 4.38 5.85 6.00 5.62 4.59 3.08 1.33 0.00 0.00 0.00 0.00 0.00
0.00 0.00 0.00 0.00 0.00 0.00 0.00 0.00 0.00 0.66 2.66 4.09 5.64 7.52 7.71 7.22 5.91 3.96 1.71 0.00 0.00 0.00 0.00 0.00
0.00 0.00 0.00 0.00 0.00 0.00 0.00 0.00 0.00 0.44 1.77 2.73 3.76 5.01 5.14 4.82 3.94 2.64 1.14 0.00 0.00 0.00 0.00 0.00
0.00 0.00 0.00 0.00 0.00 0.00 0.00 0.00 0.00 0.44 1.77 2.73 3.76 5.01 5.14 4.82 3.94 2.64 1.14 0.00 0.00 0.00 0.00 0.00
0.00 0.00 0.00 0.00 0.00 0.00 0.00 0.00 0.00 7.59 25.64 39.33 55.10 67.30 69.91 66.27 61.03 41.19 20.26 0.00 0.00 0.00 0.00 0.00
0.00 0.00 0.00 0.00 0.00 0.00 0.00 0.00 0.00 2.48 13.27 20.38 27.20 36.95 38.35 35.68 29.24 19.38 8.13 0.00 0.00 0.00 0.00 0.00
0.00 0.00 0.00 0.00 0.00 0.00 0.00 0.00 0.00 1.96 10.30 16.07 21.49 32.64 33.32 30.93 24.49 16.59 6.95 0.00 0.00 0.00 0.00 0.00
0.00 0.00 0.00 0.00 0.00 0.00 0.00 0.00 0.00 5.58 62.27 107.62 155.12 192.83 201.44 187.72 153.18 103.81 52.63 0.00 0.00 0.00 0.00 0.00
0.00 0.00 0.00 0.00 0.00 0.00 0.00 0.00 0.00 5.31 59.24 102.37 147.56 183.42 191.61 178.57 145.71 98.74 50.06 0.00 0.00 0.00 0.00 0.00
0.00 0.00 0.00 0.00 0.00 0.00 0.00 0.00 0.00 10.21 113.92 196.86 283.76 352.73 368.48 343.40 280.21 189.89 96.28 0.00 0.00 0.00 0.00 0.00
0.00 0.00 0.00 0.00 0.00 0.00 0.00 0.00 0.00 10.04 112.02 193.58 279.03 346.85 362.34 337.67 275.54 186.73 94.67 0.00 0.00 0.00 0.00 0.00
0.00 0.00 0.00 0.00 0.00 0.00 0.00 0.00 0.00 7.38 109.44 191.35 272.02 341.80 353.39 329.12 274.91 183.72 86.73 0.00 0.00 0.00 0.00 0.00
0.00 0.00 0.00 0.00 0.00 0.00 0.00 0.00 0.00 0.19 1.05 1.58 2.06 3.19 3.30 3.05 2.47 1.64 0.69 0.00 0.00 0.00 0.00 0.00
0.00 0.00 0.00 0.00 0.00 0.00 0.00 0.00 0.00 0.98 5.30 7.99 10.42 16.14 16.72 15.47 12.51 8.33 3.51 0.00 0.00 0.00 0.00 0.00
0.00 0.00 0.00 0.00 0.00 0.00 0.00 0.00 0.00 5.01 27.07 40.77 53.21 82.41 85.34 79.00 63.88 42.51 17.92 0.00 0.00 0.00 0.00 0.00
0.00 0.00 0.00 0.00 0.00 0.00 0.00 0.00 0.00 0.38 4.25 7.35 10.59 13.17 13.76 12.82 10.46 7.09 3.59 0.00 0.00 0.00 0.00 0.00
0.00 0.00 0.00 0.00 0.00 0.00 0.00 0.00 0.00 9.23 89.27 152.86 218.06 266.78 277.57 260.03 212.80 141.78 67.68 0.00 0.00 0.00 0.00 0.00
0.00 0.00 0.00 0.00 0.00 0.00 0.00 0.00 0.00 1.58 7.59 12.16 16.52 20.18 21.64 20.64 16.95 12.28 5.89 0.00 0.00 0.00 0.00 0.00
0.00 0.00 0.00 0.00 0.00 0.00 0.00 0.00 0.00 1.54 9.04 15.23 21.36 22.72 23.12 21.37 18.93 12.79 5.34 0.00 0.00 0.00 0.00 0.00
0.00 0.00 0.00 0.00 0.00 0.00 0.00 0.00 0.00 0.15 1.49 2.55 3.63 4.45 4.63 4.33 3.55 2.36 1.13 0.00 0.00 0.00 0.00 0.00
0.00 0.00 0.00 0.00 0.00 0.00 0.00 0.00 0.00 6.92 66.95 114.64 163.55 200.08 208.18 195.02 159.60 106.33 50.76 0.00 0.00 0.00 0.00 0.00
0.00 0.00 0.00 0.00 0.00 0.00 0.00 0.00 0.00 8.88 85.92 147.13 209.89 256.77 267.16 250.28 204.82 136.46 65.15 0.00 0.00 0.00 0.00 0.00
0.00 0.00 0.00 0.00 0.00 0.00 0.00 0.00 0.00 9.73 144.32 252.34 358.73 450.75 466.03 434.02 362.54 242.28 114.37 0.00 0.00 0.00 0.00 0.00
0.00 0.00 0.00 0.00 0.00 0.00 0.00 0.00 0.00 0.85 3.41 5.25 7.31 9.19 9.77 9.06 7.40 4.98 2.23 0.00 0.00 0.00 0.00 0.00
0.00 0.00 0.00 0.00 0.00 0.00 0.00 0.00 0.00 1.05 4.19 6.45 9.00 11.49 12.10 11.28 9.17 6.15 2.73 0.00 0.00 0.00 0.00 0.00
0.00 0.00 0.00 0.00 0.00 0.00 0.00 0.00 0.00 6.51 31.32 50.16 68.15 83.23 89.28 85.15 69.93 50.67 24.31 0.00 0.00 0.00 0.00 0.00
0.00 0.00 0.00 0.00 0.00 0.00 0.00 0.00 0.00 0.00 97.28 185.84 263.56 327.52 348.44 326.75 260.63 176.28 82.28 0.00 0.00 0.00 0.00 0.00
0.00 0.00 0.00 0.00 0.00 0.00 0.00 0.00 0.00 0.18 0.83 1.28 1.71 2.90 2.97 2.77 2.25 1.50 0.61 0.00 0.00 0.00 0.00 0.00
0.00 0.00 0.00 0.00 0.00 0.00 0.00 0.00 0.00 2.07 14.93 25.42 35.99 58.22 59.32 54.58 51.02 34.39 15.66 0.00 0.00 0.00 0.00 0.00
0.00 0.00 0.00 0.00 0.00 0.00 0.00 0.00 0.00 0.51 7.89 13.93 20.05 24.63 26.37 24.54 19.75 13.79 7.42 0.00 0.00 0.00 0.00 0.00
0.00 0.00 0.00 0.00 0.00 0.00 0.00 0.00 0.00 0.15 0.56 0.87 1.17 1.42 1.42 1.28 1.40 0.91 0.29 0.00 0.00 0.00 0.00 0.00
0.00 0.00 0.00 0.00 0.00 0.00 0.00 0.00 0.00 0.07 0.28 0.44 0.59 0.71 0.71 0.64 0.70 0.45 0.15 0.00 0.00 0.00 0.00 0.00
0.00 0.00 0.00 0.00 0.00 0.00 0.00 0.00 0.00 0.16 0.61 0.95 1.28 1.56 1.55 1.40 1.54 0.99 0.32 0.00 0.00 0.00 0.00 0.00
0.00 0.00 0.00 0.00 0.00 0.00 0.00 0.00 0.00 0.33 0.95 1.48 1.97 2.11 2.13 1.96 2.42 1.57 0.53 0.00 0.00 0.00 0.00 0.00
0.00 0.00 0.00 0.00 0.00 0.00 0.00 0.00 0.00 0.51 1.45 2.25 3.01 3.22 3.24 2.98 3.69 2.39 0.80 0.00 0.00 0.00 0.00 0.00
0.00 0.00 0.00 0.00 0.00 0.00 0.00 0.00 0.00 0.26 0.93 1.45 1.99 2.63 2.62 2.37 2.67 1.74 0.60 0.00 0.00 0.00 0.00 0.00
0.00 0.00 0.00 0.00 0.00 0.00 0.00 0.00 0.00 0.15 0.67 1.10 1.53 1.84 1.86 1.74 1.49 0.99 0.38 0.00 0.00 0.00 0.00 0.00
0.00 0.00 0.00 0.00 0.00 0.00 0.00 0.00 0.00 0.38 1.72 2.85 3.96 4.76 4.80 4.50 3.84 2.55 0.98 0.00 0.00 0.00 0.00 0.00
0.00 0.00 0.00 0.00 0.00 0.00 0.00 0.00 0.00 0.11 0.53 0.87 1.20 1.25 1.26 1.18 1.02 0.68 0.28 0.00 0.00 0.00 0.00 0.00
0.00 0.00 0.00 0.00 0.00 0.00 0.00 0.00 0.00 0.66 2.39 3.64 4.81 10.72 10.91 10.13 9.67 6.42 2.49 0.00 0.00 0.00 0.00 0.00
0.00 0.00 0.00 0.00 0.00 0.00 0.00 0.00 0.00 0.59 3.06 4.71 6.40 10.55 10.73 9.73 12.94 8.54 3.16 0.00 0.00 0.00 0.00 0.00
0.00 0.00 0.00 0.00 0.00 0.00 0.00 0.00 0.00 0.11 0.38 0.56 0.73 1.56 1.56 1.42 1.86 1.21 0.41 0.00 0.00 0.00 0.00 0.00
0.00 0.00 0.00 0.00 0.00 0.00 0.00 0.00 0.00 0.61 2.86 4.28 5.67 13.31 13.27 12.01 11.76 7.75 2.93 0.00 0.00 0.00 0.00 0.00
0.00 0.00 0.00 0.00 0.00 0.00 0.00 0.00 0.00 0.69 1.83 2.76 3.60 8.33 8.34 7.55 7.80 5.07 1.82 0.00 0.00 0.00 0.00 0.00
0.00 0.00 0.00 0.00 0.00 0.00 0.00 0.00 0.00 0.95 2.53 3.80 4.97 11.50 11.51 10.41 10.77 6.99 2.51 0.00 0.00 0.00 0.00 0.00
0.00 0.00 0.00 0.00 0.00 0.00 0.00 0.00 0.00 0.64 1.72 2.59 3.38 7.83 7.84 7.09 7.34 4.76 1.71 0.00 0.00 0.00 0.00 0.00
0.00 0.00 0.00 0.00 0.00 0.00 0.00 0.00 0.00 0.33 1.53 2.28 3.02 7.10 7.08 6.40 6.27 4.14 1.56 0.00 0.00 0.00 0.00 0.00
0.00 0.00 0.00 0.00 0.00 0.00 0.00 0.00 0.00 0.50 1.29 1.93 2.46 5.15 5.24 4.71 5.82 3.78 1.32 0.00 0.00 0.00 0.00 0.00
0.00 0.00 0.00 0.00 0.00 0.00 0.00 0.00 0.00 0.56 3.00 4.52 5.90 9.13 9.46 8.75 7.08 4.71 1.99 0.00 0.00 0.00 0.00 0.00
0.00 0.00 0.00 0.00 0.00 0.00 0.00 0.00 0.00 9.88 33.37 51.19 71.72 87.59 90.99 86.26 79.44 53.62 26.37 0.00 0.00 0.00 0.00 0.00
0.00 0.00 0.00 0.00 0.00 0.00 0.00 0.00 0.00 1.19 5.15 7.94 10.79 13.85 14.36 13.50 10.94 7.45 3.22 0.00 0.00 0.00 0.00 0.00
0.00 0.00 0.00 0.00 0.00 0.00 0.00 0.00 0.00 1.57 5.44 8.27 11.29 20.91 21.19 19.77 15.75 10.55 4.35 0.00 0.00 0.00 0.00 0.00
0.00 0.00 0.00 0.00 0.00 0.00 0.00 0.00 0.00 0.72 2.49 3.79 5.18 9.58 9.71 9.06 7.22 4.83 1.99 0.00 0.00 0.00 0.00 0.00
0.00 0.00 0.00 0.00 0.00 0.00 0.00 0.00 0.00 1.43 6.42 9.90 13.35 17.04 17.62 16.55 13.41 9.18 3.95 0.00 0.00 0.00 0.00 0.00
0.00 0.00 0.00 0.00 0.00 0.00 0.00 0.00 0.00 0.43 2.02 3.10 4.16 7.03 7.22 6.73 5.46 3.65 1.49 0.00 0.00 0.00 0.00 0.00
0.00 0.00 0.00 0.00 0.00 0.00 0.00 0.00 0.00 6.74 32.42 51.93 70.56 86.17 92.43 88.16 72.40 52.46 25.17 0.00 0.00 0.00 0.00 0.00
0.00 0.00 0.00 0.00 0.00 0.00 0.00 0.00 0.00 0.37 2.16 3.64 5.11 5.43 5.53 5.11 4.53 3.06 1.28 0.00 0.00 0.00 0.00 0.00
0.00 0.00 0.00 0.00 0.00 0.00 0.00 0.00 0.00 0.10 0.62 1.03 1.44 1.60 1.62 1.49 2.80 1.89 0.80 0.00 0.00 0.00 0.00 0.00
0.00 0.00 0.00 0.00 0.00 0.00 0.00 0.00 0.00 0.23 1.54 2.54 3.53 4.90 5.05 4.67 6.57 4.41 1.92 0.00 0.00 0.00 0.00 0.00
0.00 0.00 0.00 0.00 0.00 0.00 0.00 0.00 0.00 0.36 2.46 4.07 5.65 7.84 8.08 7.48 10.50 7.06 3.07 0.00 0.00 0.00 0.00 0.00
0.00 0.00 0.00 0.00 0.00 0.00 0.00 0.00 0.00 10.38 115.81 200.14 288.49 358.61 374.62 349.12 284.88 193.05 97.88 0.00 0.00 0.00 0.00 0.00
