0.00 0.00 0.00 0.00 0.00 0.00 0.00 0.11 1.07 1.98 3.08 4.11 4.94 5.43 5.54 5.23 4.60 3.67 2.48 1.29 0.44 0.00 0.00 0.00
0.00 0.00 0.00 0.00 0.00 0.00 0.00 3.74 18.67 32.69 45.83 60.73 72.20 76.20 76.57 71.69 63.58 49.15 32.04 11.27 1.13 0.00 0.00 0.00
0.00 0.00 0.00 0.00 0.00 0.00 0.00 2.46 24.36 45.31 70.53 93.88 113.06 124.22 126.67 119.64 105.17 83.97 56.81 29.52 9.95 0.00 0.00 0.00
0.00 0.00 0.00 0.00 0.00 0.00 0.00 8.73 86.57 161.04 250.66 333.64 401.80 441.46 450.17 425.21 373.76 298.43 201.91 104.93 35.36 0.00 0.00 0.00
0.00 0.00 0.00 0.00 0.00 0.00 0.00 1.22 3.83 6.34 9.37 11.96 13.61 13.74 13.69 12.44 10.38 7.82 4.91 1.72 0.01 0.00 0.00 0.00
0.00 0.00 0.00 0.00 0.00 0.00 0.00 4.73 189.00 366.53 584.80 781.08 938.70 1032.49 1042.41 978.35 825.24 643.50 446.11 241.88 84.63 0.00 0.00 0.00
0.00 0.00 0.00 0.00 0.00 0.00 0.00 0.74 2.44 4.04 5.63 7.15 8.32 9.18 9.43 8.86 7.96 6.17 4.00 1.68 0.33 0.00 0.00 0.00
0.00 0.00 0.00 0.00 0.00 0.00 0.00 0.23 1.02 1.76 2.66 3.52 4.15 3.54 3.55 3.39 2.16 1.69 1.11 0.50 0.06 0.00 0.00 0.00
0.00 0.00 0.00 0.00 0.00 0.00 0.00 0.36 1.63 2.82 4.25 5.63 6.64 5.66 5.69 5.42 3.45 2.70 1.77 0.80 0.10 0.00 0.00 0.00
0.00 0.00 0.00 0.00 0.00 0.00 0.00 0.36 1.63 2.82 4.25 5.63 6.64 5.66 5.69 5.42 3.45 2.70 1.77 0.80 0.10 0.00 0.00 0.00
0.00 0.00 0.00 0.00 0.00 0.00 0.00 0.68 3.39 5.94 9.10 12.43 15.21 13.76 14.36 13.74 10.21 7.99 5.26 2.54 0.47 0.00 0.00 0.00
0.00 0.00 0.00 0.00 0.00 0.00 0.00 0.31 1.53 2.69 4.11 5.62 6.83 5.67 5.88 5.60 3.98 3.11 2.03 1.24 0.23 0.00 0.00 0.00
0.00 0.00 0.00 0.00 0.00 0.00 0.00 0.40 1.97 3.46 5.28 7.23 8.78 7.29 7.56 7.20 5.12 4.00 2.61 1.60 0.29 0.00 0.00 0.00
0.00 0.00 0.00 0.00 0.00 0.00 0.00 0.27 1.32 2.31 3.52 4.82 5.86 4.86 5.04 4.80 3.41 2.67 1.74 1.07 0.19 0.00 0.00 0.00
0.00 0.00 0.00 0.00 0.00 0.00 0.00 0.27 1.32 2.31 3.52 4.82 5.86 4.86 5.04 4.80 3.41 2.67 1.74 1.07 0.19 0.00 0.00 0.00
0.00 0.00 0.00 0.00 0.00 0.00 0.00 1.45 15.75 29.42 28.03 37.04 43.95 61.12 62.35 60.08 71.98 55.41 35.32 19.14 3.10 0.00 0.00 0.00
0.00 0.00 0.00 0.00 0.00 0.00 0.00 2.55 11.60 20.13 30.66 40.90 49.85 50.02 51.18 49.72 35.25 27.53 18.16 7.28 1.31 0.00 0.00 0.00
0.00 0.00 0.00 0.00 0.00 0.00 0.00 1.66 7.67 13.38 17.86 23.51 28.53 38.03 39.03 37.59 38.26 30.03 19.70 8.39 1.74 0.00 0.00 0.00
0.00 0.00 0.00 0.00 0.00 0.00 0.00 1.39 55.75 108.11 172.49 230.39 276.88 304.55 307.47 288.58 243.42 189.81 131.59 71.34 24.96 0.00 0.00 0.00
0.00 0.00 0.00 0.00 0.00 0.00 0.00 1.33 53.03 102.84 164.08 219.15 263.38 289.69 292.48 274.50 231.54 180.55 125.17 67.86 23.75 0.00 0.00 0.00
0.00 0.00 0.00 0.00 0.00 0.00 0.00 2.55 101.98 197.77 315.54 421.45 506.49 557.10 562.45 527.89 445.27 347.21 240.71 130.51 45.66 0.00 0.00 0.00
0.00 0.00 0.00 0.00 0.00 0.00 0.00 2.51 100.28 194.47 310.28 414.42 498.05 547.82 553.08 519.09 437.85 341.42 236.69 128.33 44.90 0.00 0.00 0.00
0.00 0.00 0.00 0.00 0.00 0.00 0.00 12.79 117.81 218.28 332.58 443.51 530.66 578.80 590.74 559.02 492.24 392.66 267.24 144.62 51.41 0.00 0.00 0.00
0.00 0.00 0.00 0.00 0.00 0.00 0.00 0.23 1.02 1.76 2.66 3.52 4.15 3.54 3.55 3.39 2.16 1.69 1.11 0.50 0.06 0.00 0.00 0.00
0.00 0.00 0.00 0.00 0.00 0.00 0.00 1.15 5.17 8.93 13.46 17.83 21.04 17.94 18.01 17.18 10.92 8.55 5.61 2.53 0.31 0.00 0.00 0.00
0.00 0.00 0.00 0.00 0.00 0.00 0.00 5.89 26.40 45.58 68.74 91.02 107.40 91.58 91.95 87.69 55.76 43.65 28.63 12.93 1.57 0.00 0.00 0.00
0.00 0.00 0.00 0.00 0.00 0.00 0.00 0.10 3.81 7.38 11.78 15.73 18.91 20.80 21.00 19.71 16.62 12.96 8.99 4.87 1.70 0.00 0.00 0.00
0.00 0.00 0.00 0.00 0.00 0.00 0.00 8.59 85.22 158.53 246.75 328.44 395.54 434.58 443.16 418.58 367.93 293.78 198.76 103.29 34.81 0.00 0.00 0.00
0.00 0.00 0.00 0.00 0.00 0.00 0.00 0.44 4.01 7.41 10.68 15.50 19.81 23.71 25.08 24.12 17.00 13.49 9.22 4.39 1.13 0.00 0.00 0.00
0.00 0.00 0.00 0.00 0.00 0.00 0.00 10.10 49.46 86.67 128.14 166.61 194.82 209.01 211.82 200.92 175.95 141.04 96.71 46.06 14.37 0.00 0.00 0.00
0.00 0.00 0.00 0.00 0.00 0.00 0.00 0.14 1.42 2.64 4.11 5.47 6.59 7.24 7.39 6.98 6.13 4.90 3.31 1.72 0.58 0.00 0.00 0.00
0.00 0.00 0.00 0.00 0.00 0.00 0.00 6.44 63.91 118.90 185.06 246.33 296.65 325.93 332.37 313.93 275.95 220.34 149.07 77.47 26.10 0.00 0.00 0.00
0.00 0.00 0.00 0.00 0.00 0.00 0.00 8.27 82.02 152.59 237.50 316.13 380.71 418.28 426.54 402.88 354.13 282.77 191.31 99.42 33.50 0.00 0.00 0.00
0.00 0.00 0.00 0.00 0.00 0.00 0.00 16.86 155.36 287.86 438.60 584.89 699.81 763.30 779.04 737.20 649.15 517.82 352.43 190.71 67.80 0.00 0.00 0.00
0.00 0.00 0.00 0.00 0.00 0.00 0.00 0.43 2.41 4.29 6.58 9.09 11.21 7.43 7.56 7.31 4.66 3.65 2.44 1.79 0.34 0.00 0.00 0.00
0.00 0.00 0.00 0.00 0.00 0.00 0.00 0.56 3.07 5.44 8.45 11.60 14.51 10.05 10.35 9.96 6.34 4.90 3.24 2.53 0.47 0.00 0.00 0.00
0.00 0.00 0.00 0.00 0.00 0.00 0.00 1.81 16.54 30.57 44.07 63.92 81.72 97.81 103.45 99.51 70.13 55.63 38.01 18.13 4.67 0.00 0.00 0.00
0.00 0.00 0.00 0.00 0.00 0.00 0.00 12.80 116.69 216.46 329.30 437.46 520.28 571.98 583.17 562.26 498.89 400.49 285.93 167.60 69.85 0.00 0.00 0.00
0.00 0.00 0.00 0.00 0.00 0.00 0.00 0.22 0.94 1.61 2.31 3.16 3.82 4.28 4.40 4.18 3.21 2.50 1.65 0.75 0.13 0.00 0.00 0.00
0.00 0.00 0.00 0.00 0.00 0.00 0.00 3.30 22.79 41.33 62.20 82.35 98.04 107.10 108.64 102.24 89.64 71.92 50.33 25.49 8.34 0.00 0.00 0.00
0.00 0.00 0.00 0.00 0.00 0.00 0.00 0.00 6.47 13.17 21.22 28.84 34.34 37.80 37.74 34.76 29.36 23.28 16.48 9.48 3.51 0.00 0.00 0.00
0.00 0.00 0.00 0.00 0.00 0.00 0.00 0.88 2.76 4.54 6.68 8.69 10.03 10.57 10.72 10.22 9.12 7.07 4.63 1.93 0.35 0.00 0.00 0.00
0.00 0.00 0.00 0.00 0.00 0.00 0.00 0.44 1.38 2.27 3.34 4.35 5.01 5.29 5.36 5.11 4.56 3.54 2.32 0.96 0.18 0.00 0.00 0.00
0.00 0.00 0.00 0.00 0.00 0.00 0.00 0.96 3.02 4.97 7.31 9.51 10.97 11.57 11.72 11.18 9.98 7.73 5.07 2.11 0.38 0.00 0.00 0.00
0.00 0.00 0.00 0.00 0.00 0.00 0.00 1.12 3.62 5.95 8.35 10.88 12.55 13.54 13.80 13.34 12.01 9.21 6.13 2.51 0.44 0.00 0.00 0.00
0.00 0.00 0.00 0.00 0.00 0.00 0.00 1.70 5.51 9.07 12.72 16.59 19.12 20.63 21.03 20.32 18.30 14.03 9.34 3.83 0.68 0.00 0.00 0.00
0.00 0.00 0.00 0.00 0.00 0.00 0.00 1.44 4.82 7.98 10.75 13.67 15.90 18.60 18.82 17.80 15.99 12.42 8.22 3.49 0.68 0.00 0.00 0.00
0.00 0.00 0.00 0.00 0.00 0.00 0.00 1.07 4.25 7.26 10.60 13.67 15.91 16.81 16.72 15.64 13.70 10.78 7.37 3.40 0.99 0.00 0.00 0.00
0.00 0.00 0.00 0.00 0.00 0.00 0.00 2.75 10.99 18.75 27.38 35.31 41.09 43.42 43.19 40.39 35.39 27.84 19.04 8.79 2.56 0.00 0.00 0.00
0.00 0.00 0.00 0.00 0.00 0.00 0.00 0.61 2.72 4.71 6.92 9.02 10.51 11.24 11.39 10.63 9.19 7.24 4.95 2.33 0.67 0.00 0.00 0.00
0.00 0.00 0.00 0.00 0.00 0.00 0.00 1.19 4.54 7.68 10.92 14.43 17.12 17.48 17.99 17.02 15.66 12.06 7.96 3.00 0.44 0.00 0.00 0.00
0.00 0.00 0.00 0.00 0.00 0.00 0.00 2.16 7.78 13.04 17.16 22.79 27.74 29.16 29.42 27.94 29.85 22.93 14.85 6.12 1.05 0.00 0.00 0.00
0.00 0.00 0.00 0.00 0.00 0.00 0.00 0.39 1.22 1.99 2.88 3.66 4.16 4.16 4.15 3.91 3.00 2.28 1.47 0.59 0.02 0.00 0.00 0.00
0.00 0.00 0.00 0.00 0.00 0.00 0.00 1.83 6.57 10.95 16.13 20.85 24.07 15.39 15.41 14.58 10.58 8.15 5.29 2.66 0.19 0.00 0.00 0.00
0.00 0.00 0.00 0.00 0.00 0.00 0.00 1.34 4.49 7.45 10.75 13.85 15.81 11.44 11.43 10.70 7.99 6.15 3.95 1.84 0.09 0.00 0.00 0.00
0.00 0.00 0.00 0.00 0.00 0.00 0.00 1.85 6.20 10.27 14.83 19.12 21.82 15.79 15.78 14.77 11.03 8.49 5.45 2.54 0.12 0.00 0.00 0.00
0.00 0.00 0.00 0.00 0.00 0.00 0.00 1.26 4.22 7.00 10.10 13.02 14.86 10.76 10.75 10.06 7.51 5.78 3.71 1.73 0.08 0.00 0.00 0.00
0.00 0.00 0.00 0.00 0.00 0.00 0.00 0.98 3.50 5.84 8.60 11.12 12.83 8.21 8.22 7.78 5.64 4.34 2.82 1.42 0.10 0.00 0.00 0.00
0.00 0.00 0.00 0.00 0.00 0.00 0.00 1.06 3.42 5.68 8.31 10.56 12.13 12.55 12.50 11.45 8.97 6.74 4.23 1.56 0.03 0.00 0.00 0.00
0.00 0.00 0.00 0.00 0.00 0.00 0.00 0.65 2.93 5.05 7.62 10.09 11.90 10.15 10.19 9.72 6.18 4.84 3.17 1.43 0.17 0.00 0.00 0.00
0.00 0.00 0.00 0.00 0.00 0.00 0.00 1.88 20.51 38.29 36.48 48.22 57.20 79.55 81.16 78.19 93.69 72.13 45.98 24.91 4.04 0.00 0.00 0.00
0.00 0.00 0.00 0.00 0.00 0.00 0.00 0.77 3.84 6.74 10.31 14.09 17.24 15.59 16.27 15.58 11.57 9.06 5.96 2.87 0.54 0.00 0.00 0.00
0.00 0.00 0.00 0.00 0.00 0.00 0.00 1.16 5.04 8.69 12.62 17.37 20.69 26.63 26.71 25.36 17.79 13.75 9.02 3.41 0.54 0.00 0.00 0.00
0.00 0.00 0.00 0.00 0.00 0.00 0.00 0.53 2.31 3.98 5.78 7.96 9.48 12.20 12.24 11.62 8.15 6.30 4.14 1.56 0.25 0.00 0.00 0.00
0.00 0.00 0.00 0.00 0.00 0.00 0.00 1.02 5.00 8.76 13.45 18.29 22.44 21.33 22.24 21.32 16.02 12.55 8.28 3.24 0.61 0.00 0.00 0.00
0.00 0.00 0.00 0.00 0.00 0.00 0.00 0.53 2.28 3.91 5.60 7.68 9.28 10.40 10.68 10.15 7.80 6.08 4.02 1.82 0.31 0.00 0.00 0.00
0.00 0.00 0.00 0.00 0.00 0.00 0.00 1.88 17.12 31.65 45.63 66.18 84.61 101.27 107.11 103.03 72.61 57.60 39.36 18.77 4.84 0.00 0.00 0.00
0.00 0.00 0.00 0.00 0.00 0.00 0.00 2.41 11.83 20.73 30.64 39.84 46.59 49.98 50.65 48.04 42.08 33.73 23.13 11.01 3.44 0.00 0.00 0.00
0.00 0.00 0.00 0.00 0.00 0.00 0.00 0.50 2.58 4.56 6.84 8.91 10.43 11.24 11.49 10.78 9.47 7.51 5.15 2.44 0.75 0.00 0.00 0.00
0.00 0.00 0.00 0.00 0.00 0.00 0.00 0.52 2.83 5.02 8.04 10.64 12.75 14.11 14.14 13.26 11.31 8.88 6.06 2.89 0.85 0.00 0.00 0.00
0.00 0.00 0.00 0.00 0.00 0.00 0.00 0.83 4.52 8.03 12.86 17.03 20.40 22.58 22.63 21.21 18.10 14.20 9.70 4.63 1.36 0.00 0.00 0.00
0.00 0.00 0.00 0.00 0.00 0.00 0.00 2.59 103.68 201.06 320.80 428.47 514.93 566.39 571.83 536.69 452.69 353.00 244.72 132.68 46.43 0.00 0.00 0.00
