0.00 0.00 0.00 0.00 0.00 0.00 0.00 0.00 0.00 0.24 1.30 2.09 2.77 3.13 3.22 2.89 2.24 1.54 0.64 0.00 0.00 0.00 0.00 0.00
0.00 0.00 0.00 0.00 0.00 0.00 0.00 0.00 0.00 10.66 28.34 41.68 51.56 56.62 58.20 51.51 38.82 25.80 9.58 0.00 0.00 0.00 0.00 0.00
0.00 0.00 0.00 0.00 0.00 0.00 0.00 0.00 0.00 5.59 29.69 47.79 63.26 71.65 73.70 66.12 51.26 35.14 14.61 0.00 0.00 0.00 0.00 0.00
0.00 0.00 0.00 0.00 0.00 0.00 0.00 0.00 0.00 19.85 105.51 169.84 224.84 254.65 261.92 234.97 182.17 124.88 51.93 0.00 0.00 0.00 0.00 0.00
0.00 0.00 0.00 0.00 0.00 0.00 0.00 0.00 0.00 2.00 4.95 7.17 8.68 9.37 9.25 7.94 5.96 3.69 0.92 0.00 0.00 0.00 0.00 0.00
0.00 0.00 0.00 0.00 0.00 0.00 0.00 0.00 0.00 41.66 236.36 383.21 507.25 583.27 608.45 557.69 436.18 300.10 135.88 0.00 0.00 0.00 0.00 0.00
0.00 0.00 0.00 0.00 0.00 0.00 0.00 0.00 0.00 0.78 2.59 3.84 4.84 5.58 5.54 4.90 3.60 2.23 0.55 0.00 0.00 0.00 0.00 0.00
0.00 0.00 0.00 0.00 0.00 0.00 0.00 0.00 0.00 0.61 1.65 2.43 3.00 3.26 3.30 2.92 2.22 1.47 0.52 0.00 0.00 0.00 0.00 0.00
0.00 0.00 0.00 0.00 0.00 0.00 0.00 0.00 0.00 0.97 2.64 3.89 4.80 5.22 5.28 4.67 3.55 2.35 0.83 0.00 0.00 0.00 0.00 0.00
0.00 0.00 0.00 0.00 0.00 0.00 0.00 0.00 0.00 0.97 2.64 3.89 4.80 5.22 5.28 4.67 3.55 2.35 0.83 0.00 0.00 0.00 0.00 0.00
0.00 0.00 0.00 0.00 0.00 0.00 0.00 0.00 0.00 1.93 5.88 8.66 11.08 12.29 12.34 10.95 8.66 5.74 2.08 0.00 0.00 0.00 0.00 0.00
0.00 0.00 0.00 0.00 0.00 0.00 0.00 0.00 0.00 0.93 2.80 4.11 5.25 5.83 5.87 5.20 4.02 2.67 0.97 0.00 0.00 0.00 0.00 0.00
0.00 0.00 0.00 0.00 0.00 0.00 0.00 0.00 0.00 1.20 3.60 5.29 6.74 7.50 7.54 6.69 5.17 3.43 1.25 0.00 0.00 0.00 0.00 0.00
0.00 0.00 0.00 0.00 0.00 0.00 0.00 0.00 0.00 0.80 2.40 3.52 4.50 5.00 5.03 4.46 3.45 2.29 0.83 0.00 0.00 0.00 0.00 0.00
0.00 0.00 0.00 0.00 0.00 0.00 0.00 0.00 0.00 0.80 2.40 3.52 4.50 5.00 5.03 4.46 3.45 2.29 0.83 0.00 0.00 0.00 0.00 0.00
0.00 0.00 0.00 0.00 0.00 0.00 0.00 0.00 0.00 11.49 32.70 49.34 63.01 71.65 75.14 67.21 51.97 34.30 14.99 0.00 0.00 0.00 0.00 0.00
0.00 0.00 0.00 0.00 0.00 0.00 0.00 0.00 0.00 5.83 17.63 25.91 33.55 38.03 37.79 32.98 25.53 16.78 5.83 0.00 0.00 0.00 0.00 0.00
0.00 0.00 0.00 0.00 0.00 0.00 0.00 0.00 0.00 4.55 14.49 21.51 26.97 30.49 30.92 26.85 21.06 13.85 4.80 0.00 0.00 0.00 0.00 0.00
0.00 0.00 0.00 0.00 0.00 0.00 0.00 0.00 0.00 12.29 69.72 113.03 149.62 172.04 179.47 164.50 128.66 88.52 40.08 0.00 0.00 0.00 0.00 0.00
0.00 0.00 0.00 0.00 0.00 0.00 0.00 0.00 0.00 11.69 66.32 107.52 142.32 163.65 170.72 156.47 122.38 84.20 38.12 0.00 0.00 0.00 0.00 0.00
0.00 0.00 0.00 0.00 0.00 0.00 0.00 0.00 0.00 22.48 127.53 206.77 273.70 314.72 328.30 300.91 235.35 161.92 73.32 0.00 0.00 0.00 0.00 0.00
0.00 0.00 0.00 0.00 0.00 0.00 0.00 0.00 0.00 22.11 125.41 203.32 269.14 309.47 322.83 295.90 231.43 159.23 72.09 0.00 0.00 0.00 0.00 0.00
0.00 0.00 0.00 0.00 0.00 0.00 0.00 0.00 0.00 20.90 131.27 215.37 288.24 325.45 338.82 303.01 236.07 161.08 65.78 0.00 0.00 0.00 0.00 0.00
0.00 0.00 0.00 0.00 0.00 0.00 0.00 0.00 0.00 0.61 1.65 2.43 3.00 3.26 3.30 2.92 2.22 1.47 0.52 0.00 0.00 0.00 0.00 0.00
0.00 0.00 0.00 0.00 0.00 0.00 0.00 0.00 0.00 3.07 8.36 12.31 15.21 16.54 16.73 14.78 11.25 7.43 2.62 0.00 0.00 0.00 0.00 0.00
0.00 0.00 0.00 0.00 0.00 0.00 0.00 0.00 0.00 15.67 42.70 62.83 77.66 84.44 85.43 75.47 57.46 37.92 13.35 0.00 0.00 0.00 0.00 0.00
0.00 0.00 0.00 0.00 0.00 0.00 0.00 0.00 0.00 0.84 4.76 7.72 10.22 11.75 12.26 11.23 8.79 6.05 2.74 0.00 0.00 0.00 0.00 0.00
0.00 0.00 0.00 0.00 0.00 0.00 0.00 0.00 0.00 19.54 103.87 167.19 221.33 250.68 257.84 231.31 179.33 122.93 51.12 0.00 0.00 0.00 0.00 0.00
0.00 0.00 0.00 0.00 0.00 0.00 0.00 0.00 0.00 2.44 8.74 13.29 16.93 19.24 20.06 18.02 14.62 10.05 4.23 0.00 0.00 0.00 0.00 0.00
0.00 0.00 0.00 0.00 0.00 0.00 0.00 0.00 0.00 11.14 52.67 83.35 109.17 121.57 123.13 110.67 82.55 54.32 18.76 0.00 0.00 0.00 0.00 0.00
0.00 0.00 0.00 0.00 0.00 0.00 0.00 0.00 0.00 0.33 1.73 2.79 3.69 4.18 4.30 3.86 2.99 2.05 0.85 0.00 0.00 0.00 0.00 0.00
0.00 0.00 0.00 0.00 0.00 0.00 0.00 0.00 0.00 14.66 77.90 125.40 166.00 188.01 193.38 173.48 134.50 92.20 38.34 0.00 0.00 0.00 0.00 0.00
0.00 0.00 0.00 0.00 0.00 0.00 0.00 0.00 0.00 18.81 99.97 160.92 213.03 241.28 248.17 222.63 172.60 118.32 49.20 0.00 0.00 0.00 0.00 0.00
0.00 0.00 0.00 0.00 0.00 0.00 0.00 0.00 0.00 27.56 173.12 284.02 380.11 429.18 446.82 399.59 311.31 212.42 86.74 0.00 0.00 0.00 0.00 0.00
0.00 0.00 0.00 0.00 0.00 0.00 0.00 0.00 0.00 1.45 4.39 6.45 8.20 9.18 9.39 8.45 6.48 4.35 1.66 0.00 0.00 0.00 0.00 0.00
0.00 0.00 0.00 0.00 0.00 0.00 0.00 0.00 0.00 1.80 5.43 7.98 10.16 11.38 11.71 10.47 8.06 5.39 2.04 0.00 0.00 0.00 0.00 0.00
0.00 0.00 0.00 0.00 0.00 0.00 0.00 0.00 0.00 10.07 36.05 54.83 69.83 79.35 82.73 74.33 60.30 41.46 17.45 0.00 0.00 0.00 0.00 0.00
0.00 0.00 0.00 0.00 0.00 0.00 0.00 0.00 0.00 4.41 108.29 191.93 263.40 305.33 312.81 278.70 219.98 149.65 59.61 0.00 0.00 0.00 0.00 0.00
0.00 0.00 0.00 0.00 0.00 0.00 0.00 0.00 0.00 0.47 1.39 2.03 2.59 2.90 2.92 2.55 1.94 1.26 0.42 0.00 0.00 0.00 0.00 0.00
0.00 0.00 0.00 0.00 0.00 0.00 0.00 0.00 0.00 4.92 25.29 40.55 54.06 61.62 63.02 56.24 42.92 28.89 11.22 0.00 0.00 0.00 0.00 0.00
0.00 0.00 0.00 0.00 0.00 0.00 0.00 0.00 0.00 1.33 8.49 14.07 19.02 22.31 23.49 21.86 17.31 11.83 5.79 0.00 0.00 0.00 0.00 0.00
0.00 0.00 0.00 0.00 0.00 0.00 0.00 0.00 0.00 0.86 2.79 4.12 5.12 6.48 6.49 5.57 4.22 2.59 0.59 0.00 0.00 0.00 0.00 0.00
0.00 0.00 0.00 0.00 0.00 0.00 0.00 0.00 0.00 0.43 1.39 2.06 2.56 3.24 3.24 2.79 2.11 1.29 0.29 0.00 0.00 0.00 0.00 0.00
0.00 0.00 0.00 0.00 0.00 0.00 0.00 0.00 0.00 0.94 3.05 4.50 5.60 7.08 7.10 6.09 4.61 2.83 0.65 0.00 0.00 0.00 0.00 0.00
0.00 0.00 0.00 0.00 0.00 0.00 0.00 0.00 0.00 1.32 4.07 5.98 7.47 8.45 8.50 7.39 5.55 3.42 0.83 0.00 0.00 0.00 0.00 0.00
0.00 0.00 0.00 0.00 0.00 0.00 0.00 0.00 0.00 2.02 6.20 9.12 11.39 12.88 12.95 11.27 8.45 5.22 1.26 0.00 0.00 0.00 0.00 0.00
0.00 0.00 0.00 0.00 0.00 0.00 0.00 0.00 0.00 1.64 5.37 7.96 10.07 11.48 11.38 10.13 7.42 4.62 1.17 0.00 0.00 0.00 0.00 0.00
0.00 0.00 0.00 0.00 0.00 0.00 0.00 0.00 0.00 0.92 4.22 6.60 8.56 9.79 9.77 8.66 6.36 4.08 1.23 0.00 0.00 0.00 0.00 0.00
0.00 0.00 0.00 0.00 0.00 0.00 0.00 0.00 0.00 2.37 10.91 17.06 22.12 25.29 25.25 22.36 16.42 10.54 3.18 0.00 0.00 0.00 0.00 0.00
0.00 0.00 0.00 0.00 0.00 0.00 0.00 0.00 0.00 0.66 2.81 4.38 5.82 6.60 6.70 5.84 4.46 2.91 0.96 0.00 0.00 0.00 0.00 0.00
0.00 0.00 0.00 0.00 0.00 0.00 0.00 0.00 0.00 2.21 6.33 9.17 11.41 12.53 12.80 10.97 8.39 5.39 1.66 0.00 0.00 0.00 0.00 0.00
0.00 0.00 0.00 0.00 0.00 0.00 0.00 0.00 0.00 3.38 10.18 14.93 18.70 20.75 20.77 18.34 13.82 8.75 2.50 0.00 0.00 0.00 0.00 0.00
0.00 0.00 0.00 0.00 0.00 0.00 0.00 0.00 0.00 0.61 1.54 2.21 2.64 2.79 2.82 2.45 1.83 1.13 0.28 0.00 0.00 0.00 0.00 0.00
0.00 0.00 0.00 0.00 0.00 0.00 0.00 0.00 0.00 3.34 8.65 12.63 15.22 16.26 16.51 14.54 10.71 6.82 2.02 0.00 0.00 0.00 0.00 0.00
0.00 0.00 0.00 0.00 0.00 0.00 0.00 0.00 0.00 2.23 5.66 8.31 10.12 10.88 10.94 9.59 6.99 4.40 1.20 0.00 0.00 0.00 0.00 0.00
0.00 0.00 0.00 0.00 0.00 0.00 0.00 0.00 0.00 3.08 7.81 11.47 13.97 15.02 15.09 13.23 9.65 6.07 1.66 0.00 0.00 0.00 0.00 0.00
0.00 0.00 0.00 0.00 0.00 0.00 0.00 0.00 0.00 2.10 5.32 7.82 9.51 10.23 10.28 9.01 6.57 4.13 1.13 0.00 0.00 0.00 0.00 0.00
0.00 0.00 0.00 0.00 0.00 0.00 0.00 0.00 0.00 1.78 4.61 6.74 8.12 8.67 8.80 7.76 5.71 3.64 1.08 0.00 0.00 0.00 0.00 0.00
0.00 0.00 0.00 0.00 0.00 0.00 0.00 0.00 0.00 1.75 4.35 6.25 7.70 8.44 8.34 7.20 5.35 3.33 0.86 0.00 0.00 0.00 0.00 0.00
0.00 0.00 0.00 0.00 0.00 0.00 0.00 0.00 0.00 1.74 4.73 6.96 8.61 9.36 9.47 8.36 6.37 4.20 1.48 0.00 0.00 0.00 0.00 0.00
0.00 0.00 0.00 0.00 0.00 0.00 0.00 0.00 0.00 14.95 42.57 64.22 82.01 93.26 97.80 87.48 67.64 44.64 19.51 0.00 0.00 0.00 0.00 0.00
0.00 0.00 0.00 0.00 0.00 0.00 0.00 0.00 0.00 2.19 6.66 9.82 12.55 13.93 13.98 12.41 9.81 6.51 2.36 0.00 0.00 0.00 0.00 0.00
0.00 0.00 0.00 0.00 0.00 0.00 0.00 0.00 0.00 3.55 10.20 14.81 18.98 20.84 20.61 18.07 13.95 9.13 3.10 0.00 0.00 0.00 0.00 0.00
0.00 0.00 0.00 0.00 0.00 0.00 0.00 0.00 0.00 1.63 4.67 6.79 8.70 9.55 9.45 8.28 6.40 4.19 1.42 0.00 0.00 0.00 0.00 0.00
0.00 0.00 0.00 0.00 0.00 0.00 0.00 0.00 0.00 2.70 8.24 12.14 15.48 17.23 17.33 15.24 12.14 8.04 2.90 0.00 0.00 0.00 0.00 0.00
0.00 0.00 0.00 0.00 0.00 0.00 0.00 0.00 0.00 1.14 3.38 4.94 6.29 7.04 7.09 6.19 4.70 3.06 1.02 0.00 0.00 0.00 0.00 0.00
0.00 0.00 0.00 0.00 0.00 0.00 0.00 0.00 0.00 10.43 37.33 56.77 72.30 82.15 85.66 76.96 62.43 42.93 18.07 0.00 0.00 0.00 0.00 0.00
0.00 0.00 0.00 0.00 0.00 0.00 0.00 0.00 0.00 2.66 12.59 19.93 26.11 29.07 29.44 26.46 19.74 12.99 4.49 0.00 0.00 0.00 0.00 0.00
0.00 0.00 0.00 0.00 0.00 0.00 0.00 0.00 0.00 0.62 2.81 4.43 5.86 6.58 6.54 5.93 4.50 2.97 1.06 0.00 0.00 0.00 0.00 0.00
0.00 0.00 0.00 0.00 0.00 0.00 0.00 0.00 0.00 0.81 3.42 5.34 6.91 7.97 8.07 7.27 5.57 3.69 1.35 0.00 0.00 0.00 0.00 0.00
0.00 0.00 0.00 0.00 0.00 0.00 0.00 0.00 0.00 1.30 5.47 8.55 11.06 12.75 12.92 11.63 8.91 5.91 2.16 0.00 0.00 0.00 0.00 0.00
0.00 0.00 0.00 0.00 0.00 0.00 0.00 0.00 0.00 22.85 129.66 210.22 278.26 319.96 333.77 305.93 239.27 164.62 74.54 0.00 0.00 0.00 0.00 0.00
