0.00 0.00 0.00 0.00 0.00 0.00 0.00 0.00 0.00 0.41 1.62 2.57 3.52 4.17 4.39 4.22 3.54 2.61 1.63 0.25 0.00 0.00 0.00 0.00
0.00 0.00 0.00 0.00 0.00 0.00 0.00 0.00 0.00 4.09 21.06 33.00 42.31 61.19 63.40 60.78 53.30 39.56 23.23 1.88 0.00 0.00 0.00 0.00
0.00 0.00 0.00 0.00 0.00 0.00 0.00 0.00 0.00 9.43 37.08 58.67 80.53 95.46 100.30 96.49 81.03 59.58 37.18 5.70 0.00 0.00 0.00 0.00
0.00 0.00 0.00 0.00 0.00 0.00 0.00 0.00 0.00 33.51 131.78 208.50 286.20 339.27 356.47 342.91 287.98 211.75 132.14 20.24 0.00 0.00 0.00 0.00
0.00 0.00 0.00 0.00 0.00 0.00 0.00 0.00 0.00 1.97 4.51 6.87 8.76 10.49 10.41 9.86 8.31 5.92 3.20 0.03 0.00 0.00 0.00 0.00
0.00 0.00 0.00 0.00 0.00 0.00 0.00 0.00 0.00 69.59 295.00 471.78 647.41 775.92 833.27 803.28 695.92 508.24 320.07 62.89 0.00 0.00 0.00 0.00
0.00 0.00 0.00 0.00 0.00 0.00 0.00 0.00 0.00 1.14 3.14 4.98 6.60 7.51 7.55 7.26 5.92 4.06 2.25 0.07 0.00 0.00 0.00 0.00
0.00 0.00 0.00 0.00 0.00 0.00 0.00 0.00 0.00 0.49 1.49 2.36 3.19 3.83 3.92 3.83 3.30 2.41 1.41 0.10 0.00 0.00 0.00 0.00
0.00 0.00 0.00 0.00 0.00 0.00 0.00 0.00 0.00 0.78 2.39 3.78 5.11 6.12 6.27 6.13 5.27 3.86 2.25 0.17 0.00 0.00 0.00 0.00
0.00 0.00 0.00 0.00 0.00 0.00 0.00 0.00 0.00 0.78 2.39 3.78 5.11 6.12 6.27 6.13 5.27 3.86 2.25 0.17 0.00 0.00 0.00 0.00
0.00 0.00 0.00 0.00 0.00 0.00 0.00 0.00 0.00 2.22 5.86 9.20 12.72 15.29 15.77 15.40 13.23 9.56 5.66 0.55 0.00 0.00 0.00 0.00
0.00 0.00 0.00 0.00 0.00 0.00 0.00 0.00 0.00 1.06 2.77 4.43 6.09 7.31 7.53 7.33 6.30 4.59 2.72 0.26 0.00 0.00 0.00 0.00
0.00 0.00 0.00 0.00 0.00 0.00 0.00 0.00 0.00 1.37 3.56 5.70 7.83 9.40 9.68 9.43 8.10 5.91 3.50 0.33 0.00 0.00 0.00 0.00
0.00 0.00 0.00 0.00 0.00 0.00 0.00 0.00 0.00 0.91 2.37 3.80 5.22 6.26 6.45 6.29 5.40 3.94 2.33 0.22 0.00 0.00 0.00 0.00
0.00 0.00 0.00 0.00 0.00 0.00 0.00 0.00 0.00 0.91 2.37 3.80 5.22 6.26 6.45 6.29 5.40 3.94 2.33 0.22 0.00 0.00 0.00 0.00
0.00 0.00 0.00 0.00 0.00 0.00 0.00 0.00 0.00 7.30 23.16 36.97 48.74 55.62 58.95 57.20 54.43 39.75 24.39 4.85 0.00 0.00 0.00 0.00
0.00 0.00 0.00 0.00 0.00 0.00 0.00 0.00 0.00 6.87 17.96 28.60 39.90 45.73 46.38 45.34 39.21 28.39 16.64 1.42 0.00 0.00 0.00 0.00
0.00 0.00 0.00 0.00 0.00 0.00 0.00 0.00 0.00 5.64 15.76 25.07 33.63 38.40 39.47 38.16 32.90 23.83 14.02 1.18 0.00 0.00 0.00 0.00
0.00 0.00 0.00 0.00 0.00 0.00 0.00 0.00 0.00 20.53 87.01 139.16 190.96 228.87 245.78 236.94 205.27 149.91 94.41 18.55 0.00 0.00 0.00 0.00
0.00 0.00 0.00 0.00 0.00 0.00 0.00 0.00 0.00 19.52 82.77 132.37 181.65 217.70 233.79 225.38 195.26 142.60 89.80 17.65 0.00 0.00 0.00 0.00
0.00 0.00 0.00 0.00 0.00 0.00 0.00 0.00 0.00 37.55 159.17 254.56 349.32 418.66 449.60 433.42 375.50 274.23 172.70 33.94 0.00 0.00 0.00 0.00
0.00 0.00 0.00 0.00 0.00 0.00 0.00 0.00 0.00 36.92 156.52 250.32 343.50 411.68 442.11 426.20 369.24 269.66 169.82 33.37 0.00 0.00 0.00 0.00
0.00 0.00 0.00 0.00 0.00 0.00 0.00 0.00 0.00 39.90 168.83 269.83 370.64 444.08 461.66 446.31 376.22 275.18 171.65 26.54 0.00 0.00 0.00 0.00
0.00 0.00 0.00 0.00 0.00 0.00 0.00 0.00 0.00 0.49 1.49 2.36 3.19 3.83 3.92 3.83 3.30 2.41 1.41 0.10 0.00 0.00 0.00 0.00
0.00 0.00 0.00 0.00 0.00 0.00 0.00 0.00 0.00 2.48 7.55 11.98 16.18 19.38 19.85 19.42 16.70 12.23 7.12 0.53 0.00 0.00 0.00 0.00
0.00 0.00 0.00 0.00 0.00 0.00 0.00 0.00 0.00 12.67 38.56 61.17 82.60 98.95 101.34 99.14 85.27 62.43 36.36 2.71 0.00 0.00 0.00 0.00
0.00 0.00 0.00 0.00 0.00 0.00 0.00 0.00 0.00 1.40 5.94 9.50 13.04 15.63 16.79 16.18 14.02 10.24 6.45 1.27 0.00 0.00 0.00 0.00
0.00 0.00 0.00 0.00 0.00 0.00 0.00 0.00 0.00 32.98 129.72 205.25 281.74 333.98 350.91 337.56 283.50 208.45 130.08 19.93 0.00 0.00 0.00 0.00
0.00 0.00 0.00 0.00 0.00 0.00 0.00 0.00 0.00 3.21 10.05 15.63 21.47 25.24 27.06 26.06 22.21 16.94 10.47 1.61 0.00 0.00 0.00 0.00
0.00 0.00 0.00 0.00 0.00 0.00 0.00 0.00 0.00 19.40 67.65 104.99 138.85 160.13 163.34 156.69 130.75 95.31 56.97 5.90 0.00 0.00 0.00 0.00
0.00 0.00 0.00 0.00 0.00 0.00 0.00 0.00 0.00 0.55 2.16 3.42 4.70 5.57 5.85 5.63 4.72 3.47 2.17 0.33 0.00 0.00 0.00 0.00
0.00 0.00 0.00 0.00 0.00 0.00 0.00 0.00 0.00 24.74 97.29 153.94 211.31 250.49 263.18 253.17 212.62 156.34 97.56 14.95 0.00 0.00 0.00 0.00
0.00 0.00 0.00 0.00 0.00 0.00 0.00 0.00 0.00 31.75 124.86 197.56 271.18 321.46 337.75 324.91 272.86 200.63 125.20 19.18 0.00 0.00 0.00 0.00
0.00 0.00 0.00 0.00 0.00 0.00 0.00 0.00 0.00 52.62 222.64 355.84 488.79 585.63 608.82 588.57 496.14 362.90 226.36 35.00 0.00 0.00 0.00 0.00
0.00 0.00 0.00 0.00 0.00 0.00 0.00 0.00 0.00 1.61 4.24 6.88 9.54 11.38 12.00 11.61 9.97 7.31 4.38 0.47 0.00 0.00 0.00 0.00
0.00 0.00 0.00 0.00 0.00 0.00 0.00 0.00 0.00 2.02 5.31 8.70 12.01 14.19 15.01 14.55 12.36 9.03 5.39 0.55 0.00 0.00 0.00 0.00
0.00 0.00 0.00 0.00 0.00 0.00 0.00 0.00 0.00 13.26 41.45 64.47 88.55 104.12 111.61 107.48 91.60 69.89 43.19 6.64 0.00 0.00 0.00 0.00
0.00 0.00 0.00 0.00 0.00 0.00 0.00 0.00 0.00 22.64 142.54 238.80 336.84 420.32 448.95 430.43 373.26 279.03 175.63 30.90 0.00 0.00 0.00 0.00
0.00 0.00 0.00 0.00 0.00 0.00 0.00 0.00 0.00 0.55 1.41 2.25 3.12 3.62 3.67 3.50 3.04 2.22 1.29 0.09 0.00 0.00 0.00 0.00
0.00 0.00 0.00 0.00 0.00 0.00 0.00 0.00 0.00 8.78 33.14 52.04 71.65 83.78 87.10 83.40 70.11 50.75 31.13 4.40 0.00 0.00 0.00 0.00
0.00 0.00 0.00 0.00 0.00 0.00 0.00 0.00 0.00 2.35 11.09 18.17 25.77 31.09 33.34 31.51 26.77 19.77 12.32 2.82 0.00 0.00 0.00 0.00
0.00 0.00 0.00 0.00 0.00 0.00 0.00 0.00 0.00 1.33 3.60 5.56 7.27 8.35 8.55 8.08 6.83 4.73 2.59 0.07 0.00 0.00 0.00 0.00
0.00 0.00 0.00 0.00 0.00 0.00 0.00 0.00 0.00 0.67 1.80 2.78 3.64 4.18 4.28 4.04 3.41 2.37 1.29 0.03 0.00 0.00 0.00 0.00
0.00 0.00 0.00 0.00 0.00 0.00 0.00 0.00 0.00 1.46 3.94 6.08 7.95 9.14 9.36 8.84 7.47 5.18 2.83 0.08 0.00 0.00 0.00 0.00
0.00 0.00 0.00 0.00 0.00 0.00 0.00 0.00 0.00 1.76 4.73 7.35 9.71 11.12 11.34 10.84 8.86 6.16 3.39 0.10 0.00 0.00 0.00 0.00
0.00 0.00 0.00 0.00 0.00 0.00 0.00 0.00 0.00 2.69 7.21 11.20 14.79 16.95 17.28 16.52 13.51 9.39 5.17 0.15 0.00 0.00 0.00 0.00
0.00 0.00 0.00 0.00 0.00 0.00 0.00 0.00 0.00 2.31 6.40 10.06 13.33 15.20 15.28 14.77 11.94 8.14 4.53 0.16 0.00 0.00 0.00 0.00
0.00 0.00 0.00 0.00 0.00 0.00 0.00 0.00 0.00 1.71 5.57 8.62 11.45 13.16 13.29 12.52 10.37 7.37 4.28 0.29 0.00 0.00 0.00 0.00
0.00 0.00 0.00 0.00 0.00 0.00 0.00 0.00 0.00 4.41 14.40 22.26 29.59 33.99 34.34 32.35 26.80 19.05 11.07 0.76 0.00 0.00 0.00 0.00
0.00 0.00 0.00 0.00 0.00 0.00 0.00 0.00 0.00 1.09 3.60 5.61 7.51 8.58 8.69 8.26 7.08 5.16 3.04 0.29 0.00 0.00 0.00 0.00
0.00 0.00 0.00 0.00 0.00 0.00 0.00 0.00 0.00 2.47 6.16 9.91 13.13 15.39 15.98 15.43 12.91 9.26 5.28 0.30 0.00 0.00 0.00 0.00
0.00 0.00 0.00 0.00 0.00 0.00 0.00 0.00 0.00 4.27 11.38 18.07 23.93 27.32 27.82 26.85 22.06 15.71 8.87 0.36 0.00 0.00 0.00 0.00
0.00 0.00 0.00 0.00 0.00 0.00 0.00 0.00 0.00 0.64 1.45 2.18 2.73 3.22 3.21 3.08 2.66 1.90 1.03 0.01 0.00 0.00 0.00 0.00
0.00 0.00 0.00 0.00 0.00 0.00 0.00 0.00 0.00 3.48 8.01 12.59 16.17 19.70 19.75 19.25 15.62 11.09 6.20 0.23 0.00 0.00 0.00 0.00
0.00 0.00 0.00 0.00 0.00 0.00 0.00 0.00 0.00 2.39 5.43 8.47 10.65 12.62 12.82 12.33 10.23 7.20 3.96 0.13 0.00 0.00 0.00 0.00
0.00 0.00 0.00 0.00 0.00 0.00 0.00 0.00 0.00 3.29 7.49 11.69 14.70 17.42 17.69 17.01 14.12 9.93 5.47 0.18 0.00 0.00 0.00 0.00
0.00 0.00 0.00 0.00 0.00 0.00 0.00 0.00 0.00 2.24 5.10 7.96 10.01 11.86 12.05 11.59 9.62 6.77 3.72 0.12 0.00 0.00 0.00 0.00
0.00 0.00 0.00 0.00 0.00 0.00 0.00 0.00 0.00 1.86 4.27 6.72 8.62 10.50 10.53 10.26 8.33 5.91 3.31 0.12 0.00 0.00 0.00 0.00
0.00 0.00 0.00 0.00 0.00 0.00 0.00 0.00 0.00 1.72 4.10 6.34 7.83 9.40 9.47 8.88 7.49 5.38 2.92 0.05 0.00 0.00 0.00 0.00
0.00 0.00 0.00 0.00 0.00 0.00 0.00 0.00 0.00 1.40 4.27 6.78 9.15 10.97 11.23 10.99 9.45 6.92 4.03 0.30 0.00 0.00 0.00 0.00
0.00 0.00 0.00 0.00 0.00 0.00 0.00 0.00 0.00 9.50 30.15 48.12 63.44 72.39 76.73 74.45 70.85 51.74 31.74 6.32 0.00 0.00 0.00 0.00
0.00 0.00 0.00 0.00 0.00 0.00 0.00 0.00 0.00 2.52 6.64 10.43 14.42 17.32 17.88 17.45 14.99 10.84 6.42 0.62 0.00 0.00 0.00 0.00
0.00 0.00 0.00 0.00 0.00 0.00 0.00 0.00 0.00 3.78 9.52 15.61 21.17 24.96 25.30 25.11 21.35 15.29 8.89 0.61 0.00 0.00 0.00 0.00
0.00 0.00 0.00 0.00 0.00 0.00 0.00 0.00 0.00 1.73 4.36 7.15 9.70 11.44 11.60 11.51 9.78 7.01 4.08 0.28 0.00 0.00 0.00 0.00
0.00 0.00 0.00 0.00 0.00 0.00 0.00 0.00 0.00 3.11 8.21 12.83 17.83 21.34 21.94 21.29 18.36 13.32 7.88 0.74 0.00 0.00 0.00 0.00
0.00 0.00 0.00 0.00 0.00 0.00 0.00 0.00 0.00 1.33 3.42 5.47 7.57 8.78 8.90 8.50 7.38 5.39 3.13 0.22 0.00 0.00 0.00 0.00
0.00 0.00 0.00 0.00 0.00 0.00 0.00 0.00 0.00 13.72 42.92 66.75 91.68 107.80 115.56 111.28 94.84 72.36 44.72 6.88 0.00 0.00 0.00 0.00
0.00 0.00 0.00 0.00 0.00 0.00 0.00 0.00 0.00 4.64 16.18 25.11 33.20 38.29 39.06 37.47 31.27 22.79 13.62 1.41 0.00 0.00 0.00 0.00
0.00 0.00 0.00 0.00 0.00 0.00 0.00 0.00 0.00 1.05 3.62 5.65 7.57 8.52 8.77 8.46 7.22 5.22 3.13 0.33 0.00 0.00 0.00 0.00
0.00 0.00 0.00 0.00 0.00 0.00 0.00 0.00 0.00 1.35 4.51 7.06 9.28 10.74 11.06 10.55 9.02 6.64 4.00 0.43 0.00 0.00 0.00 0.00
0.00 0.00 0.00 0.00 0.00 0.00 0.00 0.00 0.00 2.16 7.21 11.29 14.86 17.19 17.70 16.89 14.43 10.63 6.40 0.68 0.00 0.00 0.00 0.00
0.00 0.00 0.00 0.00 0.00 0.00 0.00 0.00 0.00 38.17 161.82 258.80 355.14 425.64 457.10 440.65 381.75 278.80 175.58 34.50 0.00 0.00 0.00 0.00
