0.00 0.00 0.00 0.00 0.00 0.00 0.00 0.00 0.00 0.61 1.43 2.08 2.66 2.67 2.73 2.48 2.22 1.53 0.73 0.00 0.00 0.00 0.00 0.00
0.00 0.00 0.00 0.00 0.00 0.00 0.00 0.00 2.36 13.14 24.10 33.95 41.16 44.11 42.85 38.54 33.92 22.74 9.43 0.00 0.00 0.00 0.00 0.00
0.00 0.00 0.00 0.00 0.00 0.00 0.00 0.00 0.00 14.01 32.69 47.52 60.87 61.05 62.33 56.74 50.84 34.97 16.63 0.00 0.00 0.00 0.00 0.00
0.00 0.00 0.00 0.00 0.00 0.00 0.00 0.00 0.00 49.80 116.20 168.87 216.31 216.98 221.50 201.66 180.69 124.27 59.11 0.00 0.00 0.00 0.00 0.00
0.00 0.00 0.00 0.00 0.00 0.00 0.00 0.00 0.81 3.21 5.89 8.14 9.39 9.77 9.48 8.46 6.35 4.07 1.33 0.00 0.00 0.00 0.00 0.00
0.00 0.00 0.00 0.00 0.00 0.00 0.00 0.00 0.00 112.85 278.17 406.77 532.65 595.11 611.44 563.92 433.91 289.22 145.13 0.00 0.00 0.00 0.00 0.00
0.00 0.00 0.00 0.00 0.00 0.00 0.00 0.00 0.14 1.41 2.67 3.96 4.76 5.34 5.28 4.67 3.54 2.30 0.80 0.00 0.00 0.00 0.00 0.00
0.00 0.00 0.00 0.00 0.00 0.00 0.00 0.00 0.12 0.73 1.39 1.99 2.37 2.46 2.44 2.17 2.10 1.40 0.57 0.00 0.00 0.00 0.00 0.00
0.00 0.00 0.00 0.00 0.00 0.00 0.00 0.00 0.19 1.17 2.23 3.18 3.80 3.93 3.91 3.48 3.36 2.24 0.91 0.00 0.00 0.00 0.00 0.00
0.00 0.00 0.00 0.00 0.00 0.00 0.00 0.00 0.19 1.17 2.23 3.18 3.80 3.93 3.91 3.48 3.36 2.24 0.91 0.00 0.00 0.00 0.00 0.00
0.00 0.00 0.00 0.00 0.00 0.00 0.00 0.00 0.19 2.06 4.97 7.20 9.08 11.45 11.57 10.55 8.57 5.78 2.42 0.00 0.00 0.00 0.00 0.00
0.00 0.00 0.00 0.00 0.00 0.00 0.00 0.00 0.10 1.05 2.35 3.44 4.37 5.00 5.03 4.59 3.73 2.51 1.05 0.00 0.00 0.00 0.00 0.00
0.00 0.00 0.00 0.00 0.00 0.00 0.00 0.00 0.13 1.35 3.02 4.42 5.61 6.43 6.46 5.90 4.80 3.23 1.35 0.00 0.00 0.00 0.00 0.00
0.00 0.00 0.00 0.00 0.00 0.00 0.00 0.00 0.09 0.90 2.02 2.94 3.74 4.29 4.31 3.93 3.20 2.15 0.90 0.00 0.00 0.00 0.00 0.00
0.00 0.00 0.00 0.00 0.00 0.00 0.00 0.00 0.09 0.90 2.02 2.94 3.74 4.29 4.31 3.93 3.20 2.15 0.90 0.00 0.00 0.00 0.00 0.00
0.00 0.00 0.00 0.00 0.00 0.00 0.00 0.00 1.54 13.76 23.43 35.33 44.73 55.52 57.45 52.31 39.75 25.79 12.04 0.00 0.00 0.00 0.00 0.00
0.00 0.00 0.00 0.00 0.00 0.00 0.00 0.00 0.76 7.30 14.32 20.33 25.95 36.26 37.14 33.66 26.36 17.69 7.23 0.00 0.00 0.00 0.00 0.00
0.00 0.00 0.00 0.00 0.00 0.00 0.00 0.00 0.53 7.49 14.83 21.07 26.98 30.48 30.02 27.18 22.38 15.10 6.22 0.00 0.00 0.00 0.00 0.00
0.00 0.00 0.00 0.00 0.00 0.00 0.00 0.00 0.00 33.29 82.05 119.98 157.11 175.54 180.35 166.34 127.99 85.31 42.81 0.00 0.00 0.00 0.00 0.00
0.00 0.00 0.00 0.00 0.00 0.00 0.00 0.00 0.00 31.66 78.05 114.13 149.45 166.97 171.55 158.22 121.74 81.15 40.72 0.00 0.00 0.00 0.00 0.00
0.00 0.00 0.00 0.00 0.00 0.00 0.00 0.00 0.00 60.89 150.09 219.48 287.40 321.11 329.91 304.27 234.12 156.05 78.30 0.00 0.00 0.00 0.00 0.00
0.00 0.00 0.00 0.00 0.00 0.00 0.00 0.00 0.00 59.87 147.59 215.82 282.61 315.75 324.41 299.20 230.22 153.45 77.00 0.00 0.00 0.00 0.00 0.00
0.00 0.00 0.00 0.00 0.00 0.00 0.00 0.00 0.00 58.22 142.62 204.45 265.41 172.07 175.76 160.80 140.01 95.88 45.26 0.00 0.00 0.00 0.00 0.00
0.00 0.00 0.00 0.00 0.00 0.00 0.00 0.00 0.12 0.73 1.39 1.99 2.37 2.46 2.44 2.17 2.10 1.40 0.57 0.00 0.00 0.00 0.00 0.00
0.00 0.00 0.00 0.00 0.00 0.00 0.00 0.00 0.61 3.70 7.05 10.07 12.02 12.44 12.37 11.01 10.63 7.11 2.87 0.00 0.00 0.00 0.00 0.00
0.00 0.00 0.00 0.00 0.00 0.00 0.00 0.00 3.10 18.89 36.00 51.42 61.36 63.52 63.14 56.22 54.26 36.28 14.65 0.00 0.00 0.00 0.00 0.00
0.00 0.00 0.00 0.00 0.00 0.00 0.00 0.00 0.00 2.27 5.60 8.19 10.73 11.99 12.32 11.36 8.74 5.83 2.92 0.00 0.00 0.00 0.00 0.00
0.00 0.00 0.00 0.00 0.00 0.00 0.00 0.00 0.00 49.02 114.38 166.24 212.94 213.60 218.05 198.52 177.87 122.34 58.18 0.00 0.00 0.00 0.00 0.00
0.00 0.00 0.00 0.00 0.00 0.00 0.00 0.00 0.00 4.22 9.39 13.62 17.55 20.03 20.31 18.98 15.12 10.57 4.92 0.00 0.00 0.00 0.00 0.00
0.00 0.00 0.00 0.00 0.00 0.00 0.00 0.00 0.00 26.36 49.27 70.66 88.78 107.09 106.01 94.10 56.39 38.35 16.30 0.00 0.00 0.00 0.00 0.00
0.00 0.00 0.00 0.00 0.00 0.00 0.00 0.00 0.00 0.82 1.91 2.77 3.55 3.56 3.63 3.31 2.96 2.04 0.97 0.00 0.00 0.00 0.00 0.00
0.00 0.00 0.00 0.00 0.00 0.00 0.00 0.00 0.00 36.77 85.79 124.68 159.70 160.20 163.54 148.89 133.40 91.75 43.64 0.00 0.00 0.00 0.00 0.00
0.00 0.00 0.00 0.00 0.00 0.00 0.00 0.00 0.00 47.18 110.09 160.01 204.95 205.59 209.87 191.07 171.20 117.75 56.00 0.00 0.00 0.00 0.00 0.00
0.00 0.00 0.00 0.00 0.00 0.00 0.00 0.00 0.00 76.78 188.07 269.62 350.01 226.92 231.78 212.06 184.64 126.44 59.68 0.00 0.00 0.00 0.00 0.00
0.00 0.00 0.00 0.00 0.00 0.00 0.00 0.00 0.14 1.61 3.77 5.60 7.08 7.93 8.04 7.29 6.30 4.24 1.83 0.00 0.00 0.00 0.00 0.00
0.00 0.00 0.00 0.00 0.00 0.00 0.00 0.00 0.19 2.05 4.66 6.93 8.83 9.78 9.88 8.99 7.92 5.33 2.28 0.00 0.00 0.00 0.00 0.00
0.00 0.00 0.00 0.00 0.00 0.00 0.00 0.00 0.00 17.42 38.75 56.19 72.40 82.64 83.79 78.29 62.35 43.60 20.31 0.00 0.00 0.00 0.00 0.00
0.00 0.00 0.00 0.00 0.00 0.00 0.00 0.00 0.00 56.95 156.44 228.67 301.84 310.10 320.15 290.44 211.40 148.26 70.90 0.00 0.00 0.00 0.00 0.00
0.00 0.00 0.00 0.00 0.00 0.00 0.00 0.00 0.09 0.73 1.21 1.73 2.14 2.74 2.79 2.52 1.97 1.31 0.52 0.00 0.00 0.00 0.00 0.00
0.00 0.00 0.00 0.00 0.00 0.00 0.00 0.00 0.00 11.32 28.75 41.37 52.78 40.34 41.30 37.23 31.06 21.21 9.65 0.00 0.00 0.00 0.00 0.00
0.00 0.00 0.00 0.00 0.00 0.00 0.00 0.00 0.00 4.31 11.03 16.23 20.86 22.44 23.31 21.32 16.25 10.87 5.74 0.00 0.00 0.00 0.00 0.00
0.00 0.00 0.00 0.00 0.00 0.00 0.00 0.00 0.19 1.68 3.28 4.65 5.63 6.24 6.11 5.49 4.25 2.74 0.91 0.00 0.00 0.00 0.00 0.00
0.00 0.00 0.00 0.00 0.00 0.00 0.00 0.00 0.10 0.84 1.64 2.33 2.82 3.12 3.06 2.74 2.12 1.37 0.46 0.00 0.00 0.00 0.00 0.00
0.00 0.00 0.00 0.00 0.00 0.00 0.00 0.00 0.21 1.84 3.59 5.09 6.16 6.82 6.69 6.00 4.65 2.99 1.00 0.00 0.00 0.00 0.00 0.00
0.00 0.00 0.00 0.00 0.00 0.00 0.00 0.00 0.27 2.25 4.37 6.18 7.53 8.17 8.14 7.31 5.49 3.55 1.21 0.00 0.00 0.00 0.00 0.00
0.00 0.00 0.00 0.00 0.00 0.00 0.00 0.00 0.41 3.43 6.66 9.41 11.48 12.45 12.40 11.14 8.37 5.41 1.85 0.00 0.00 0.00 0.00 0.00
0.00 0.00 0.00 0.00 0.00 0.00 0.00 0.00 0.26 2.73 5.56 8.09 9.88 10.92 10.81 9.47 6.85 4.46 1.57 0.00 0.00 0.00 0.00 0.00
0.00 0.00 0.00 0.00 0.00 0.00 0.00 0.00 0.00 2.01 4.72 6.70 8.33 8.96 8.89 7.82 3.24 2.17 0.86 0.00 0.00 0.00 0.00 0.00
0.00 0.00 0.00 0.00 0.00 0.00 0.00 0.00 0.00 5.19 12.19 17.31 21.53 23.15 22.97 20.21 8.37 5.61 2.22 0.00 0.00 0.00 0.00 0.00
0.00 0.00 0.00 0.00 0.00 0.00 0.00 0.00 0.00 1.48 2.85 4.05 5.05 6.08 6.05 5.33 3.80 2.57 1.06 0.00 0.00 0.00 0.00 0.00
0.00 0.00 0.00 0.00 0.00 0.00 0.00 0.00 0.49 3.42 6.18 8.83 11.09 10.58 10.62 9.55 7.52 4.97 1.88 0.00 0.00 0.00 0.00 0.00
0.00 0.00 0.00 0.00 0.00 0.00 0.00 0.00 0.67 5.53 11.09 15.75 19.09 19.93 20.38 18.76 14.14 9.29 3.42 0.00 0.00 0.00 0.00 0.00
0.00 0.00 0.00 0.00 0.00 0.00 0.00 0.00 0.22 0.91 1.70 2.31 2.73 2.82 2.80 2.46 1.82 1.16 0.38 0.00 0.00 0.00 0.00 0.00
0.00 0.00 0.00 0.00 0.00 0.00 0.00 0.00 1.11 5.32 9.99 13.93 16.21 16.42 16.12 14.22 11.20 7.34 2.67 0.00 0.00 0.00 0.00 0.00
0.00 0.00 0.00 0.00 0.00 0.00 0.00 0.00 0.81 3.58 6.66 9.37 10.80 11.36 10.96 9.66 7.45 4.83 1.67 0.00 0.00 0.00 0.00 0.00
0.00 0.00 0.00 0.00 0.00 0.00 0.00 0.00 1.12 4.94 9.19 12.93 14.91 15.68 15.13 13.34 10.28 6.66 2.31 0.00 0.00 0.00 0.00 0.00
0.00 0.00 0.00 0.00 0.00 0.00 0.00 0.00 0.77 3.37 6.26 8.81 10.15 10.68 10.31 9.08 7.01 4.54 1.57 0.00 0.00 0.00 0.00 0.00
0.00 0.00 0.00 0.00 0.00 0.00 0.00 0.00 0.59 2.84 5.33 7.43 8.65 8.76 8.60 7.58 5.98 3.91 1.42 0.00 0.00 0.00 0.00 0.00
0.00 0.00 0.00 0.00 0.00 0.00 0.00 0.00 0.70 2.85 5.25 7.15 8.35 8.70 8.56 7.67 5.70 3.67 1.22 0.00 0.00 0.00 0.00 0.00
0.00 0.00 0.00 0.00 0.00 0.00 0.00 0.00 0.34 2.09 3.99 5.70 6.80 7.04 7.00 6.23 6.01 4.02 1.62 0.00 0.00 0.00 0.00 0.00
0.00 0.00 0.00 0.00 0.00 0.00 0.00 0.00 2.01 17.91 30.49 45.99 58.22 72.27 74.77 68.09 51.74 33.57 15.67 0.00 0.00 0.00 0.00 0.00
0.00 0.00 0.00 0.00 0.00 0.00 0.00 0.00 0.22 2.33 5.64 8.16 10.30 12.97 13.11 11.95 9.72 6.55 2.74 0.00 0.00 0.00 0.00 0.00
0.00 0.00 0.00 0.00 0.00 0.00 0.00 0.00 0.73 5.63 9.25 13.17 16.25 17.00 16.99 15.72 12.29 8.20 3.28 0.00 0.00 0.00 0.00 0.00
0.00 0.00 0.00 0.00 0.00 0.00 0.00 0.00 0.34 2.58 4.24 6.04 7.45 7.79 7.79 7.20 5.63 3.76 1.50 0.00 0.00 0.00 0.00 0.00
0.00 0.00 0.00 0.00 0.00 0.00 0.00 0.00 0.27 2.86 6.88 9.88 12.44 16.78 17.04 15.47 12.50 8.43 3.52 0.00 0.00 0.00 0.00 0.00
0.00 0.00 0.00 0.00 0.00 0.00 0.00 0.00 0.21 1.76 2.95 4.20 5.20 6.65 6.77 6.13 4.77 3.19 1.27 0.00 0.00 0.00 0.00 0.00
0.00 0.00 0.00 0.00 0.00 0.00 0.00 0.00 0.00 18.04 40.12 58.18 74.96 85.56 86.75 81.06 64.55 45.14 21.03 0.00 0.00 0.00 0.00 0.00
0.00 0.00 0.00 0.00 0.00 0.00 0.00 0.00 0.00 6.30 11.78 16.90 21.23 25.61 25.35 22.50 13.48 9.17 3.90 0.00 0.00 0.00 0.00 0.00
0.00 0.00 0.00 0.00 0.00 0.00 0.00 0.00 0.00 1.41 2.77 3.95 5.02 5.76 5.81 5.15 3.28 2.24 0.97 0.00 0.00 0.00 0.00 0.00
0.00 0.00 0.00 0.00 0.00 0.00 0.00 0.00 0.00 1.64 3.59 5.20 6.52 7.48 7.50 6.78 5.38 3.69 1.61 0.00 0.00 0.00 0.00 0.00
0.00 0.00 0.00 0.00 0.00 0.00 0.00 0.00 0.00 2.63 5.75 8.32 10.43 11.97 12.00 10.85 8.60 5.90 2.57 0.00 0.00 0.00 0.00 0.00
0.00 0.00 0.00 0.00 0.00 0.00 0.00 0.00 0.00 61.90 152.59 223.14 292.19 326.46 335.41 309.34 238.02 158.66 79.61 0.00 0.00 0.00 0.00 0.00
