0.00 0.00 0.00 0.00 0.00 0.00 0.00 0.00 0.00 0.15 1.27 2.15 2.91 3.35 3.50 3.20 2.59 1.83 0.84 0.00 0.00 0.00 0.00 0.00
0.00 0.00 0.00 0.00 0.00 0.00 0.00 0.00 0.00 9.22 27.81 42.43 53.64 59.86 62.38 56.04 43.63 29.81 12.58 0.00 0.00 0.00 0.00 0.00
0.00 0.00 0.00 0.00 0.00 0.00 0.00 0.00 0.00 3.49 29.02 49.17 66.65 76.63 80.12 73.11 59.31 41.76 19.27 0.00 0.00 0.00 0.00 0.00
0.00 0.00 0.00 0.00 0.00 0.00 0.00 0.00 0.00 12.39 103.15 174.75 236.86 272.36 284.75 259.82 210.78 148.42 68.48 0.00 0.00 0.00 0.00 0.00
0.00 0.00 0.00 0.00 0.00 0.00 0.00 0.00 0.00 1.77 4.87 7.27 8.98 9.92 9.91 8.63 6.80 4.38 1.40 0.00 0.00 0.00 0.00 0.00
0.00 0.00 0.00 0.00 0.00 0.00 0.00 0.00 0.00 24.17 228.99 392.00 532.46 622.67 660.28 615.57 503.94 354.92 175.01 0.00 0.00 0.00 0.00 0.00
0.00 0.00 0.00 0.00 0.00 0.00 0.00 0.00 0.00 0.68 2.64 4.07 5.22 5.89 5.93 5.32 4.13 2.67 0.85 0.00 0.00 0.00 0.00 0.00
0.00 0.00 0.00 0.00 0.00 0.00 0.00 0.00 0.00 0.52 1.63 2.49 3.14 3.49 3.59 3.22 2.55 1.73 0.70 0.00 0.00 0.00 0.00 0.00
0.00 0.00 0.00 0.00 0.00 0.00 0.00 0.00 0.00 0.83 2.61 3.99 5.03 5.59 5.74 5.16 4.08 2.77 1.12 0.00 0.00 0.00 0.00 0.00
0.00 0.00 0.00 0.00 0.00 0.00 0.00 0.00 0.00 0.83 2.61 3.99 5.03 5.59 5.74 5.16 4.08 2.77 1.12 0.00 0.00 0.00 0.00 0.00
0.00 0.00 0.00 0.00 0.00 0.00 0.00 0.00 0.00 1.60 5.82 8.90 11.60 13.06 13.32 12.03 10.03 6.87 2.86 0.00 0.00 0.00 0.00 0.00
0.00 0.00 0.00 0.00 0.00 0.00 0.00 0.00 0.00 0.77 2.75 4.20 5.47 6.19 6.33 5.72 4.65 3.18 1.32 0.00 0.00 0.00 0.00 0.00
0.00 0.00 0.00 0.00 0.00 0.00 0.00 0.00 0.00 0.99 3.54 5.40 7.03 7.95 8.14 7.35 5.97 4.09 1.70 0.00 0.00 0.00 0.00 0.00
0.00 0.00 0.00 0.00 0.00 0.00 0.00 0.00 0.00 0.66 2.36 3.60 4.69 5.30 5.43 4.90 3.98 2.73 1.14 0.00 0.00 0.00 0.00 0.00
0.00 0.00 0.00 0.00 0.00 0.00 0.00 0.00 0.00 0.66 2.36 3.60 4.69 5.30 5.43 4.90 3.98 2.73 1.14 0.00 0.00 0.00 0.00 0.00
0.00 0.00 0.00 0.00 0.00 0.00 0.00 0.00 0.00 9.52 31.44 49.36 64.54 74.50 79.42 72.28 57.43 38.85 18.61 0.00 0.00 0.00 0.00 0.00
0.00 0.00 0.00 0.00 0.00 0.00 0.00 0.00 0.00 4.84 17.41 26.54 35.04 40.32 40.71 36.16 29.65 20.12 8.10 0.00 0.00 0.00 0.00 0.00
0.00 0.00 0.00 0.00 0.00 0.00 0.00 0.00 0.00 3.69 14.25 21.99 28.13 32.31 33.31 29.45 24.51 16.64 6.69 0.00 0.00 0.00 0.00 0.00
0.00 0.00 0.00 0.00 0.00 0.00 0.00 0.00 0.00 7.13 67.54 115.63 157.06 183.66 194.76 181.57 148.65 104.69 51.62 0.00 0.00 0.00 0.00 0.00
0.00 0.00 0.00 0.00 0.00 0.00 0.00 0.00 0.00 6.78 64.25 109.99 149.39 174.71 185.26 172.71 141.39 99.58 49.10 0.00 0.00 0.00 0.00 0.00
0.00 0.00 0.00 0.00 0.00 0.00 0.00 0.00 0.00 13.04 123.56 211.51 287.30 335.97 356.26 332.14 271.91 191.50 94.43 0.00 0.00 0.00 0.00 0.00
0.00 0.00 0.00 0.00 0.00 0.00 0.00 0.00 0.00 12.83 121.50 207.99 282.51 330.37 350.33 326.61 267.38 188.31 92.86 0.00 0.00 0.00 0.00 0.00
0.00 0.00 0.00 0.00 0.00 0.00 0.00 0.00 0.00 10.95 127.40 220.53 302.18 347.71 367.69 334.22 270.17 189.72 86.41 0.00 0.00 0.00 0.00 0.00
0.00 0.00 0.00 0.00 0.00 0.00 0.00 0.00 0.00 0.52 1.63 2.49 3.14 3.49 3.59 3.22 2.55 1.73 0.70 0.00 0.00 0.00 0.00 0.00
0.00 0.00 0.00 0.00 0.00 0.00 0.00 0.00 0.00 2.64 8.27 12.62 15.93 17.69 18.18 16.33 12.91 8.77 3.56 0.00 0.00 0.00 0.00 0.00
0.00 0.00 0.00 0.00 0.00 0.00 0.00 0.00 0.00 13.49 42.22 64.43 81.34 90.32 92.80 83.36 65.91 44.78 18.17 0.00 0.00 0.00 0.00 0.00
0.00 0.00 0.00 0.00 0.00 0.00 0.00 0.00 0.00 0.49 4.61 7.90 10.73 12.54 13.30 12.40 10.15 7.15 3.53 0.00 0.00 0.00 0.00 0.00
0.00 0.00 0.00 0.00 0.00 0.00 0.00 0.00 0.00 12.19 101.54 172.03 233.17 268.11 280.31 255.77 207.49 146.11 67.41 0.00 0.00 0.00 0.00 0.00
0.00 0.00 0.00 0.00 0.00 0.00 0.00 0.00 0.00 1.91 8.67 13.74 17.88 20.45 21.63 19.72 16.75 11.81 5.49 0.00 0.00 0.00 0.00 0.00
0.00 0.00 0.00 0.00 0.00 0.00 0.00 0.00 0.00 7.51 51.26 84.89 113.39 128.78 132.19 120.54 93.89 63.87 25.63 0.00 0.00 0.00 0.00 0.00
0.00 0.00 0.00 0.00 0.00 0.00 0.00 0.00 0.00 0.20 1.69 2.87 3.89 4.47 4.67 4.26 3.46 2.44 1.12 0.00 0.00 0.00 0.00 0.00
0.00 0.00 0.00 0.00 0.00 0.00 0.00 0.00 0.00 9.14 76.16 129.02 174.88 201.08 210.23 191.83 155.62 109.58 50.56 0.00 0.00 0.00 0.00 0.00
0.00 0.00 0.00 0.00 0.00 0.00 0.00 0.00 0.00 11.74 97.73 165.58 224.42 258.06 269.80 246.18 199.71 140.63 64.89 0.00 0.00 0.00 0.00 0.00
0.00 0.00 0.00 0.00 0.00 0.00 0.00 0.00 0.00 14.43 168.01 290.82 398.50 458.55 484.90 440.75 356.29 250.20 113.96 0.00 0.00 0.00 0.00 0.00
0.00 0.00 0.00 0.00 0.00 0.00 0.00 0.00 0.00 1.19 4.30 6.57 8.54 9.73 10.13 9.28 7.41 5.12 2.21 0.00 0.00 0.00 0.00 0.00
0.00 0.00 0.00 0.00 0.00 0.00 0.00 0.00 0.00 1.48 5.32 8.12 10.56 12.05 12.62 11.49 9.24 6.37 2.73 0.00 0.00 0.00 0.00 0.00
0.00 0.00 0.00 0.00 0.00 0.00 0.00 0.00 0.00 7.89 35.75 56.70 73.74 84.38 89.21 81.35 69.10 48.70 22.66 0.00 0.00 0.00 0.00 0.00
0.00 0.00 0.00 0.00 0.00 0.00 0.00 0.00 0.00 0.00 101.90 192.97 271.44 326.74 340.65 309.03 247.17 173.63 77.83 0.00 0.00 0.00 0.00 0.00
0.00 0.00 0.00 0.00 0.00 0.00 0.00 0.00 0.00 0.39 1.37 2.07 2.69 3.07 3.14 2.79 2.26 1.52 0.59 0.00 0.00 0.00 0.00 0.00
0.00 0.00 0.00 0.00 0.00 0.00 0.00 0.00 0.00 3.17 24.69 41.55 56.60 65.68 68.21 61.87 48.96 33.99 14.90 0.00 0.00 0.00 0.00 0.00
0.00 0.00 0.00 0.00 0.00 0.00 0.00 0.00 0.00 0.65 8.12 14.23 19.72 23.47 25.02 23.59 19.46 13.60 7.16 0.00 0.00 0.00 0.00 0.00
0.00 0.00 0.00 0.00 0.00 0.00 0.00 0.00 0.00 0.83 3.13 4.79 6.07 6.82 6.93 6.05 4.84 3.10 0.94 0.00 0.00 0.00 0.00 0.00
0.00 0.00 0.00 0.00 0.00 0.00 0.00 0.00 0.00 0.41 1.57 2.39 3.03 3.41 3.46 3.02 2.42 1.55 0.47 0.00 0.00 0.00 0.00 0.00
0.00 0.00 0.00 0.00 0.00 0.00 0.00 0.00 0.00 0.90 3.42 5.24 6.63 7.46 7.58 6.61 5.29 3.39 1.02 0.00 0.00 0.00 0.00 0.00
0.00 0.00 0.00 0.00 0.00 0.00 0.00 0.00 0.00 1.10 4.07 6.20 7.88 8.92 9.10 8.04 6.41 4.13 1.29 0.00 0.00 0.00 0.00 0.00
0.00 0.00 0.00 0.00 0.00 0.00 0.00 0.00 0.00 1.68 6.20 9.44 12.01 13.59 13.86 12.26 9.76 6.29 1.97 0.00 0.00 0.00 0.00 0.00
0.00 0.00 0.00 0.00 0.00 0.00 0.00 0.00 0.00 1.36 5.34 8.22 10.58 12.11 12.18 11.02 8.54 5.54 1.79 0.00 0.00 0.00 0.00 0.00
0.00 0.00 0.00 0.00 0.00 0.00 0.00 0.00 0.00 0.69 4.14 6.74 8.88 10.31 10.43 9.37 7.21 4.81 1.76 0.00 0.00 0.00 0.00 0.00
0.00 0.00 0.00 0.00 0.00 0.00 0.00 0.00 0.00 1.77 10.69 17.41 22.95 26.62 26.93 24.20 18.64 12.43 4.54 0.00 0.00 0.00 0.00 0.00
0.00 0.00 0.00 0.00 0.00 0.00 0.00 0.00 0.00 0.47 2.75 4.47 6.05 6.99 7.19 6.37 5.09 3.43 1.33 0.00 0.00 0.00 0.00 0.00
0.00 0.00 0.00 0.00 0.00 0.00 0.00 0.00 0.00 1.84 6.18 9.29 11.80 13.23 13.74 11.99 9.79 6.51 2.41 0.00 0.00 0.00 0.00 0.00
0.00 0.00 0.00 0.00 0.00 0.00 0.00 0.00 0.00 2.80 10.00 15.19 19.38 21.83 22.20 19.94 16.00 10.53 3.69 0.00 0.00 0.00 0.00 0.00
0.00 0.00 0.00 0.00 0.00 0.00 0.00 0.00 0.00 0.54 1.52 2.24 2.74 2.95 3.03 2.67 2.10 1.35 0.43 0.00 0.00 0.00 0.00 0.00
0.00 0.00 0.00 0.00 0.00 0.00 0.00 0.00 0.00 2.88 8.46 12.78 15.71 17.28 17.80 15.93 12.30 8.11 2.91 0.00 0.00 0.00 0.00 0.00
0.00 0.00 0.00 0.00 0.00 0.00 0.00 0.00 0.00 1.93 5.56 8.44 10.48 11.56 11.77 10.48 8.03 5.24 1.78 0.00 0.00 0.00 0.00 0.00
0.00 0.00 0.00 0.00 0.00 0.00 0.00 0.00 0.00 2.67 7.67 11.65 14.46 15.95 16.24 14.46 11.09 7.23 2.45 0.00 0.00 0.00 0.00 0.00
0.00 0.00 0.00 0.00 0.00 0.00 0.00 0.00 0.00 1.82 5.22 7.94 9.85 10.86 11.06 9.85 7.55 4.92 1.67 0.00 0.00 0.00 0.00 0.00
0.00 0.00 0.00 0.00 0.00 0.00 0.00 0.00 0.00 1.54 4.51 6.82 8.38 9.22 9.49 8.50 6.56 4.33 1.55 0.00 0.00 0.00 0.00 0.00
0.00 0.00 0.00 0.00 0.00 0.00 0.00 0.00 0.00 1.54 4.27 6.35 7.97 8.95 8.96 7.84 6.11 3.96 1.30 0.00 0.00 0.00 0.00 0.00
0.00 0.00 0.00 0.00 0.00 0.00 0.00 0.00 0.00 1.50 4.68 7.14 9.01 10.01 10.28 9.24 7.30 4.96 2.01 0.00 0.00 0.00 0.00 0.00
0.00 0.00 0.00 0.00 0.00 0.00 0.00 0.00 0.00 12.40 40.92 64.24 84.01 96.97 103.37 94.08 74.75 50.56 24.23 0.00 0.00 0.00 0.00 0.00
0.00 0.00 0.00 0.00 0.00 0.00 0.00 0.00 0.00 1.81 6.60 10.08 13.15 14.81 15.10 13.63 11.37 7.78 3.24 0.00 0.00 0.00 0.00 0.00
0.00 0.00 0.00 0.00 0.00 0.00 0.00 0.00 0.00 2.95 9.94 15.01 19.67 22.13 22.29 19.91 16.11 10.89 4.32 0.00 0.00 0.00 0.00 0.00
0.00 0.00 0.00 0.00 0.00 0.00 0.00 0.00 0.00 1.35 4.56 6.88 9.02 10.15 10.21 9.12 7.38 4.99 1.98 0.00 0.00 0.00 0.00 0.00
0.00 0.00 0.00 0.00 0.00 0.00 0.00 0.00 0.00 2.24 8.17 12.50 16.24 18.32 18.72 16.74 14.10 9.64 3.99 0.00 0.00 0.00 0.00 0.00
0.00 0.00 0.00 0.00 0.00 0.00 0.00 0.00 0.00 0.94 3.32 5.03 6.54 7.45 7.62 6.78 5.48 3.69 1.44 0.00 0.00 0.00 0.00 0.00
0.00 0.00 0.00 0.00 0.00 0.00 0.00 0.00 0.00 8.17 37.02 58.70 76.35 87.36 92.37 84.23 71.54 50.43 23.46 0.00 0.00 0.00 0.00 0.00
0.00 0.00 0.00 0.00 0.00 0.00 0.00 0.00 0.00 1.80 12.26 20.30 27.11 30.79 31.61 28.82 22.45 15.27 6.13 0.00 0.00 0.00 0.00 0.00
0.00 0.00 0.00 0.00 0.00 0.00 0.00 0.00 0.00 0.42 2.74 4.52 6.10 6.99 7.05 6.49 5.12 3.49 1.43 0.00 0.00 0.00 0.00 0.00
0.00 0.00 0.00 0.00 0.00 0.00 0.00 0.00 0.00 0.59 3.36 5.49 7.25 8.52 8.77 8.03 6.40 4.38 1.83 0.00 0.00 0.00 0.00 0.00
0.00 0.00 0.00 0.00 0.00 0.00 0.00 0.00 0.00 0.94 5.38 8.78 11.60 13.63 14.03 12.84 10.24 7.01 2.93 0.00 0.00 0.00 0.00 0.00
0.00 0.00 0.00 0.00 0.00 0.00 0.00 0.00 0.00 13.26 125.62 215.04 292.09 341.57 362.20 337.68 276.44 194.69 96.01 0.00 0.00 0.00 0.00 0.00
