0.00 0.00 0.00 0.00 0.00 0.00 0.00 0.25 1.15 2.01 2.96 3.91 4.73 5.28 5.43 5.10 4.52 3.66 2.63 1.56 0.67 0.00 0.00 0.00
0.00 0.00 0.00 0.00 0.00 0.00 0.00 6.21 22.33 37.50 56.82 72.98 84.56 90.81 90.33 83.65 68.78 54.42 36.23 15.63 3.82 0.00 0.00 0.00
0.00 0.00 0.00 0.00 0.00 0.00 0.00 5.77 26.36 46.03 67.73 89.38 108.20 120.65 124.08 116.72 103.45 83.77 60.16 35.77 15.43 0.00 0.00 0.00
0.00 0.00 0.00 0.00 0.00 0.00 0.00 20.52 93.67 163.58 240.72 317.66 384.54 428.78 440.98 414.81 367.64 297.71 213.80 127.12 54.83 0.00 0.00 0.00
0.00 0.00 0.00 0.00 0.00 0.00 0.00 1.35 3.55 5.92 10.05 12.66 14.35 16.70 16.54 14.85 11.67 9.11 6.04 2.27 0.43 0.00 0.00 0.00
0.00 0.00 0.00 0.00 0.00 0.00 0.00 31.35 199.31 360.35 540.68 716.36 862.78 936.47 957.95 908.46 833.20 674.94 475.55 271.58 119.12 0.00 0.00 0.00
0.00 0.00 0.00 0.00 0.00 0.00 0.00 0.94 2.50 4.14 6.11 7.84 9.03 9.07 9.13 8.51 6.36 5.05 3.46 1.91 0.63 0.00 0.00 0.00
0.00 0.00 0.00 0.00 0.00 0.00 0.00 0.43 1.41 2.34 3.48 4.42 5.05 5.77 5.87 5.50 4.61 3.58 2.41 1.09 0.29 0.00 0.00 0.00
0.00 0.00 0.00 0.00 0.00 0.00 0.00 0.68 2.26 3.74 5.58 7.07 8.08 9.22 9.39 8.80 7.37 5.72 3.86 1.75 0.46 0.00 0.00 0.00
0.00 0.00 0.00 0.00 0.00 0.00 0.00 0.68 2.26 3.74 5.58 7.07 8.08 9.22 9.39 8.80 7.37 5.72 3.86 1.75 0.46 0.00 0.00 0.00
0.00 0.00 0.00 0.00 0.00 0.00 0.00 1.36 4.73 7.90 12.07 16.23 19.27 21.64 21.62 20.46 19.14 15.43 10.66 5.27 1.65 0.00 0.00 0.00
0.00 0.00 0.00 0.00 0.00 0.00 0.00 0.65 2.26 3.78 5.72 7.69 9.11 10.33 10.42 9.79 9.15 7.31 5.03 2.46 0.76 0.00 0.00 0.00
0.00 0.00 0.00 0.00 0.00 0.00 0.00 0.83 2.91 4.85 7.36 9.88 11.72 13.28 13.40 12.59 11.76 9.40 6.46 3.16 0.98 0.00 0.00 0.00
0.00 0.00 0.00 0.00 0.00 0.00 0.00 0.56 1.94 3.24 4.90 6.59 7.81 8.85 8.93 8.39 7.84 6.27 4.31 2.11 0.65 0.00 0.00 0.00
0.00 0.00 0.00 0.00 0.00 0.00 0.00 0.56 1.94 3.24 4.90 6.59 7.81 8.85 8.93 8.39 7.84 6.27 4.31 2.11 0.65 0.00 0.00 0.00
0.00 0.00 0.00 0.00 0.00 0.00 0.00 4.61 24.80 43.80 67.47 87.92 99.99 111.70 113.54 108.04 98.86 77.58 52.36 24.82 7.03 0.00 0.00 0.00
0.00 0.00 0.00 0.00 0.00 0.00 0.00 4.58 15.10 25.00 37.36 49.43 58.89 64.96 65.55 61.42 57.29 45.91 32.19 15.74 4.88 0.00 0.00 0.00
0.00 0.00 0.00 0.00 0.00 0.00 0.00 4.11 13.53 22.39 32.11 40.99 48.24 53.18 53.77 51.25 47.33 37.50 25.78 13.22 4.37 0.00 0.00 0.00
0.00 0.00 0.00 0.00 0.00 0.00 0.00 9.25 58.79 106.29 159.48 211.30 254.49 276.23 282.56 267.96 245.76 199.08 140.27 80.11 35.14 0.00 0.00 0.00
0.00 0.00 0.00 0.00 0.00 0.00 0.00 8.80 55.92 101.11 151.70 200.99 242.07 262.75 268.78 254.89 233.78 189.37 133.43 76.20 33.42 0.00 0.00 0.00
0.00 0.00 0.00 0.00 0.00 0.00 0.00 16.91 107.54 194.44 291.74 386.53 465.53 505.29 516.88 490.18 449.57 364.18 256.59 146.53 64.28 0.00 0.00 0.00
0.00 0.00 0.00 0.00 0.00 0.00 0.00 16.63 105.75 191.19 286.87 380.09 457.77 496.87 508.27 482.01 442.08 358.11 252.31 144.09 63.20 0.00 0.00 0.00
0.00 0.00 0.00 0.00 0.00 0.00 0.00 28.63 125.21 217.82 313.84 415.68 503.89 545.41 556.61 545.64 494.57 398.20 287.36 171.39 76.64 0.00 0.00 0.00
0.00 0.00 0.00 0.00 0.00 0.00 0.00 0.43 1.41 2.34 3.48 4.42 5.05 5.77 5.87 5.50 4.61 3.58 2.41 1.09 0.29 0.00 0.00 0.00
0.00 0.00 0.00 0.00 0.00 0.00 0.00 2.15 7.16 11.85 17.66 22.40 25.57 29.21 29.74 27.85 23.35 18.12 12.21 5.53 1.46 0.00 0.00 0.00
0.00 0.00 0.00 0.00 0.00 0.00 0.00 10.99 36.55 60.50 90.13 114.38 130.55 149.13 151.83 142.19 119.18 92.50 62.32 28.26 7.47 0.00 0.00 0.00
0.00 0.00 0.00 0.00 0.00 0.00 0.00 0.63 4.01 7.26 10.89 14.43 17.38 18.86 19.30 18.30 16.78 13.60 9.58 5.47 2.40 0.00 0.00 0.00
0.00 0.00 0.00 0.00 0.00 0.00 0.00 20.20 92.21 161.03 236.96 312.71 378.54 422.10 434.11 408.34 361.91 293.07 210.47 125.14 53.98 0.00 0.00 0.00
0.00 0.00 0.00 0.00 0.00 0.00 0.00 1.27 5.94 10.37 15.59 21.66 27.44 29.49 30.27 29.24 28.41 22.83 15.86 9.06 3.30 0.00 0.00 0.00
0.00 0.00 0.00 0.00 0.00 0.00 0.00 15.39 50.80 84.52 124.26 159.08 185.88 206.53 215.59 204.72 178.52 145.28 103.61 59.86 24.74 0.00 0.00 0.00
0.00 0.00 0.00 0.00 0.00 0.00 0.00 0.34 1.54 2.68 3.95 5.21 6.31 7.03 7.24 6.81 6.03 4.88 3.51 2.09 0.90 0.00 0.00 0.00
0.00 0.00 0.00 0.00 0.00 0.00 0.00 15.15 69.16 120.77 177.72 234.53 283.91 316.57 325.58 306.26 271.44 219.80 157.85 93.86 40.48 0.00 0.00 0.00
0.00 0.00 0.00 0.00 0.00 0.00 0.00 19.44 88.75 154.99 228.08 300.98 364.35 406.27 417.83 393.03 348.34 282.08 202.58 120.45 51.95 0.00 0.00 0.00
0.00 0.00 0.00 0.00 0.00 0.00 0.00 37.76 165.12 287.25 413.87 548.18 664.50 719.26 734.03 719.57 652.21 525.12 378.96 226.02 101.07 0.00 0.00 0.00
0.00 0.00 0.00 0.00 0.00 0.00 0.00 0.91 3.43 5.81 8.88 11.70 13.88 16.14 16.23 15.36 14.42 11.29 7.81 3.90 1.22 0.00 0.00 0.00
0.00 0.00 0.00 0.00 0.00 0.00 0.00 1.18 4.38 7.39 11.09 14.52 17.34 19.88 20.08 19.09 17.98 14.02 9.83 4.87 1.52 0.00 0.00 0.00
0.00 0.00 0.00 0.00 0.00 0.00 0.00 5.24 24.49 42.76 64.32 89.34 113.17 121.63 124.86 120.63 117.20 94.19 65.43 37.39 13.62 0.00 0.00 0.00
0.00 0.00 0.00 0.00 0.00 0.00 0.00 31.15 129.26 224.41 336.21 436.10 519.04 554.77 565.30 528.95 475.40 384.37 281.03 171.92 85.77 0.00 0.00 0.00
0.00 0.00 0.00 0.00 0.00 0.00 0.00 0.39 1.24 2.03 3.06 4.00 4.69 5.17 5.18 4.89 4.49 3.58 2.50 1.19 0.36 0.00 0.00 0.00
0.00 0.00 0.00 0.00 0.00 0.00 0.00 6.33 24.89 42.63 62.00 80.08 95.47 104.86 105.87 99.72 88.63 71.87 52.59 32.11 13.65 0.00 0.00 0.00
0.00 0.00 0.00 0.00 0.00 0.00 0.00 0.55 7.02 13.27 19.69 26.24 31.50 33.98 34.41 31.57 28.57 22.81 16.29 9.54 4.32 0.00 0.00 0.00
0.00 0.00 0.00 0.00 0.00 0.00 0.00 1.10 2.83 4.69 6.82 8.68 9.98 10.42 10.39 9.75 7.64 5.99 4.07 2.24 0.72 0.00 0.00 0.00
0.00 0.00 0.00 0.00 0.00 0.00 0.00 0.55 1.42 2.34 3.41 4.34 4.99 5.21 5.20 4.87 3.82 3.00 2.03 1.12 0.36 0.00 0.00 0.00
0.00 0.00 0.00 0.00 0.00 0.00 0.00 1.20 3.10 5.13 7.46 9.49 10.91 11.40 11.37 10.66 8.35 6.56 4.45 2.45 0.78 0.00 0.00 0.00
0.00 0.00 0.00 0.00 0.00 0.00 0.00 1.49 3.91 6.47 9.57 12.03 13.89 13.73 13.73 12.85 9.61 7.50 5.16 2.97 0.93 0.00 0.00 0.00
0.00 0.00 0.00 0.00 0.00 0.00 0.00 2.27 5.96 9.85 14.58 18.33 21.17 20.92 20.92 19.58 14.65 11.43 7.86 4.52 1.42 0.00 0.00 0.00
0.00 0.00 0.00 0.00 0.00 0.00 0.00 1.93 5.17 8.52 12.51 16.20 18.44 18.61 18.63 17.44 12.72 10.16 6.89 3.67 1.20 0.00 0.00 0.00
0.00 0.00 0.00 0.00 0.00 0.00 0.00 1.47 4.31 7.01 9.68 12.18 14.11 15.64 16.28 15.87 14.16 11.24 7.91 4.38 1.75 0.00 0.00 0.00
0.00 0.00 0.00 0.00 0.00 0.00 0.00 3.79 11.13 18.10 25.01 31.47 36.44 40.40 42.05 40.99 36.57 29.04 20.43 11.32 4.52 0.00 0.00 0.00
0.00 0.00 0.00 0.00 0.00 0.00 0.00 0.90 2.83 4.66 6.77 8.66 10.12 11.10 11.32 10.88 9.80 7.88 5.49 3.15 1.25 0.00 0.00 0.00
0.00 0.00 0.00 0.00 0.00 0.00 0.00 1.89 5.61 9.18 13.34 17.74 20.66 22.94 23.24 21.51 19.91 15.76 10.90 4.97 1.43 0.00 0.00 0.00
0.00 0.00 0.00 0.00 0.00 0.00 0.00 3.55 10.02 16.31 22.86 29.45 35.07 38.23 38.91 36.44 32.45 25.53 17.27 6.78 2.09 0.00 0.00 0.00
0.00 0.00 0.00 0.00 0.00 0.00 0.00 0.52 1.37 2.20 3.18 4.00 4.48 5.23 5.11 4.73 4.06 3.18 2.09 0.87 0.18 0.00 0.00 0.00
0.00 0.00 0.00 0.00 0.00 0.00 0.00 2.57 7.41 12.19 18.45 22.86 25.64 30.05 30.18 27.83 23.14 17.76 11.64 5.06 1.17 0.00 0.00 0.00
0.00 0.00 0.00 0.00 0.00 0.00 0.00 1.81 4.97 8.16 12.49 15.62 17.10 19.64 19.10 17.88 14.88 11.47 7.63 3.30 0.71 0.00 0.00 0.00
0.00 0.00 0.00 0.00 0.00 0.00 0.00 2.49 6.86 11.25 17.24 21.56 23.59 27.10 26.36 24.67 20.53 15.82 10.52 4.56 0.98 0.00 0.00 0.00
0.00 0.00 0.00 0.00 0.00 0.00 0.00 1.70 4.68 7.67 11.74 14.69 16.07 18.46 17.96 16.80 13.99 10.78 7.17 3.10 0.67 0.00 0.00 0.00
0.00 0.00 0.00 0.00 0.00 0.00 0.00 1.37 3.95 6.50 9.84 12.19 13.67 16.02 16.10 14.84 12.34 9.47 6.21 2.70 0.62 0.00 0.00 0.00
0.00 0.00 0.00 0.00 0.00 0.00 0.00 1.20 3.21 5.29 9.00 11.22 12.54 14.50 14.44 13.26 10.51 8.23 5.61 2.21 0.43 0.00 0.00 0.00
0.00 0.00 0.00 0.00 0.00 0.00 0.00 1.22 4.05 6.70 9.99 12.68 14.47 16.53 16.83 15.76 13.21 10.25 6.91 3.13 0.83 0.00 0.00 0.00
0.00 0.00 0.00 0.00 0.00 0.00 0.00 6.01 32.28 57.01 87.82 114.44 130.15 145.39 147.78 140.62 128.67 100.98 68.16 32.30 9.16 0.00 0.00 0.00
0.00 0.00 0.00 0.00 0.00 0.00 0.00 1.54 5.36 8.95 13.68 18.40 21.84 24.53 24.50 23.19 21.69 17.48 12.08 5.97 1.88 0.00 0.00 0.00
0.00 0.00 0.00 0.00 0.00 0.00 0.00 2.59 8.34 13.73 20.97 27.60 32.95 35.79 36.39 33.89 31.91 25.40 17.57 8.09 2.37 0.00 0.00 0.00
0.00 0.00 0.00 0.00 0.00 0.00 0.00 1.19 3.82 6.29 9.61 12.65 15.10 16.41 16.68 15.53 14.63 11.64 8.05 3.71 1.09 0.00 0.00 0.00
0.00 0.00 0.00 0.00 0.00 0.00 0.00 1.94 6.68 11.14 16.94 22.69 26.99 30.01 29.79 28.19 26.42 21.20 14.83 7.34 2.31 0.00 0.00 0.00
0.00 0.00 0.00 0.00 0.00 0.00 0.00 0.95 3.00 4.94 7.43 9.72 11.40 12.55 12.58 11.88 10.90 8.70 6.07 2.89 0.87 0.00 0.00 0.00
0.00 0.00 0.00 0.00 0.00 0.00 0.00 5.43 25.35 44.27 66.60 92.50 117.17 125.93 129.27 124.89 121.34 97.52 67.75 38.71 14.10 0.00 0.00 0.00
0.00 0.00 0.00 0.00 0.00 0.00 0.00 3.68 12.15 20.21 29.72 38.04 44.45 49.39 51.56 48.96 42.69 34.74 24.78 14.31 5.92 0.00 0.00 0.00
0.00 0.00 0.00 0.00 0.00 0.00 0.00 0.80 2.72 4.55 6.77 8.66 10.22 11.06 11.23 10.69 9.61 7.76 5.48 3.30 1.35 0.00 0.00 0.00
0.00 0.00 0.00 0.00 0.00 0.00 0.00 0.94 3.33 5.60 8.14 10.45 12.29 13.62 14.02 13.61 12.44 9.81 6.93 4.14 1.64 0.00 0.00 0.00
0.00 0.00 0.00 0.00 0.00 0.00 0.00 1.50 5.32 8.95 13.02 16.72 19.66 21.79 22.44 21.78 19.91 15.69 11.09 6.62 2.63 0.00 0.00 0.00
0.00 0.00 0.00 0.00 0.00 0.00 0.00 17.20 109.34 197.68 296.60 392.97 473.29 513.71 525.49 498.35 457.06 370.25 260.87 148.98 65.35 0.00 0.00 0.00
