0.00 0.00 0.00 0.00 0.00 0.00 0.00 0.22 1.04 1.83 2.57 3.39 4.10 4.98 5.12 4.81 4.42 3.58 2.56 1.50 0.63 0.00 0.00 0.00
0.00 0.00 0.00 0.00 0.00 0.00 0.00 5.51 20.13 33.88 56.01 72.26 84.08 77.93 77.94 72.55 65.67 51.66 34.14 16.02 3.61 0.00 0.00 0.00
0.00 0.00 0.00 0.00 0.00 0.00 0.00 4.99 23.70 41.83 58.67 77.48 93.84 113.97 117.04 109.90 101.17 81.76 58.52 34.38 14.43 0.00 0.00 0.00
0.00 0.00 0.00 0.00 0.00 0.00 0.00 17.72 84.22 148.66 208.49 275.36 333.49 405.03 415.94 390.57 359.54 290.59 207.97 122.19 51.29 0.00 0.00 0.00
0.00 0.00 0.00 0.00 0.00 0.00 0.00 1.59 4.20 6.96 10.23 12.87 14.56 14.87 14.76 13.27 11.97 9.34 6.17 2.46 0.42 0.00 0.00 0.00
0.00 0.00 0.00 0.00 0.00 0.00 0.00 27.69 186.62 341.23 491.88 653.73 789.54 925.51 946.71 897.50 819.55 663.54 466.61 263.74 112.73 0.00 0.00 0.00
0.00 0.00 0.00 0.00 0.00 0.00 0.00 0.85 2.27 3.77 5.80 7.45 8.57 8.43 8.49 7.90 6.53 5.17 3.52 1.53 0.48 0.00 0.00 0.00
0.00 0.00 0.00 0.00 0.00 0.00 0.00 0.32 1.08 1.79 3.36 4.26 4.85 5.20 5.31 4.99 4.38 3.40 2.29 1.10 0.27 0.00 0.00 0.00
0.00 0.00 0.00 0.00 0.00 0.00 0.00 0.51 1.73 2.87 5.38 6.82 7.76 8.33 8.50 7.98 7.00 5.44 3.66 1.77 0.44 0.00 0.00 0.00
0.00 0.00 0.00 0.00 0.00 0.00 0.00 0.51 1.73 2.87 5.38 6.82 7.76 8.33 8.50 7.98 7.00 5.44 3.66 1.77 0.44 0.00 0.00 0.00
0.00 0.00 0.00 0.00 0.00 0.00 0.00 1.24 4.40 7.37 10.86 14.61 17.35 19.05 19.00 17.94 17.31 13.93 9.59 4.55 1.35 0.00 0.00 0.00
0.00 0.00 0.00 0.00 0.00 0.00 0.00 0.60 2.12 3.55 5.14 6.90 8.19 9.08 9.14 8.57 8.37 6.68 4.58 2.16 0.64 0.00 0.00 0.00
0.00 0.00 0.00 0.00 0.00 0.00 0.00 0.77 2.72 4.56 6.61 8.88 10.53 11.68 11.75 11.02 10.76 8.59 5.88 2.78 0.82 0.00 0.00 0.00
0.00 0.00 0.00 0.00 0.00 0.00 0.00 0.51 1.82 3.04 4.40 5.92 7.02 7.78 7.84 7.35 7.17 5.73 3.92 1.85 0.54 0.00 0.00 0.00
0.00 0.00 0.00 0.00 0.00 0.00 0.00 0.51 1.82 3.04 4.40 5.92 7.02 7.78 7.84 7.35 7.17 5.73 3.92 1.85 0.54 0.00 0.00 0.00
0.00 0.00 0.00 0.00 0.00 0.00 0.00 4.55 25.19 44.77 67.34 87.92 100.16 108.59 110.39 105.04 84.11 66.06 44.55 22.18 5.93 0.00 0.00 0.00
0.00 0.00 0.00 0.00 0.00 0.00 0.00 4.21 14.14 23.51 34.56 45.76 54.53 58.00 58.45 54.68 51.50 41.19 28.76 13.63 4.00 0.00 0.00 0.00
0.00 0.00 0.00 0.00 0.00 0.00 0.00 3.60 12.08 20.09 29.61 37.82 44.51 49.55 50.04 47.63 43.79 34.61 23.68 12.40 3.91 0.00 0.00 0.00
0.00 0.00 0.00 0.00 0.00 0.00 0.00 8.17 55.05 100.65 145.09 192.83 232.89 272.99 279.24 264.73 241.74 195.72 137.63 77.79 33.25 0.00 0.00 0.00
0.00 0.00 0.00 0.00 0.00 0.00 0.00 7.77 52.36 95.74 138.01 183.42 221.53 259.67 265.62 251.82 229.95 186.17 130.92 74.00 31.63 0.00 0.00 0.00
0.00 0.00 0.00 0.00 0.00 0.00 0.00 14.94 100.69 184.12 265.40 352.73 426.01 499.37 510.81 484.26 442.20 358.02 251.77 142.31 60.83 0.00 0.00 0.00
0.00 0.00 0.00 0.00 0.00 0.00 0.00 14.69 99.01 181.05 260.98 346.85 418.91 491.05 502.30 476.19 434.83 352.06 247.57 139.94 59.81 0.00 0.00 0.00
0.00 0.00 0.00 0.00 0.00 0.00 0.00 25.06 113.79 199.60 277.62 367.89 445.99 524.46 534.53 523.17 484.34 389.33 280.12 166.35 72.55 0.00 0.00 0.00
0.00 0.00 0.00 0.00 0.00 0.00 0.00 0.32 1.08 1.79 3.36 4.26 4.85 5.20 5.31 4.99 4.38 3.40 2.29 1.10 0.27 0.00 0.00 0.00
0.00 0.00 0.00 0.00 0.00 0.00 0.00 1.62 5.47 9.08 17.04 21.59 24.59 26.37 26.92 25.27 22.18 17.23 11.60 5.60 1.38 0.00 0.00 0.00
0.00 0.00 0.00 0.00 0.00 0.00 0.00 8.28 27.92 46.34 87.01 110.21 125.53 134.63 137.42 128.98 113.24 87.97 59.20 28.57 7.04 0.00 0.00 0.00
0.00 0.00 0.00 0.00 0.00 0.00 0.00 0.56 3.76 6.87 9.91 13.17 15.90 18.64 19.07 18.08 16.51 13.37 9.40 5.31 2.27 0.00 0.00 0.00
0.00 0.00 0.00 0.00 0.00 0.00 0.00 17.44 82.91 146.35 205.24 271.07 328.30 398.71 409.45 384.48 353.94 286.06 204.73 120.29 50.49 0.00 0.00 0.00
0.00 0.00 0.00 0.00 0.00 0.00 0.00 1.00 4.85 8.55 15.09 20.94 26.49 23.82 24.47 23.64 19.52 15.67 10.85 6.76 2.36 0.00 0.00 0.00
0.00 0.00 0.00 0.00 0.00 0.00 0.00 13.56 45.88 76.85 110.92 142.09 166.09 182.21 190.24 180.62 171.83 139.47 99.05 57.71 23.16 0.00 0.00 0.00
0.00 0.00 0.00 0.00 0.00 0.00 0.00 0.29 1.38 2.44 3.42 4.52 5.47 6.65 6.82 6.41 5.90 4.77 3.41 2.00 0.84 0.00 0.00 0.00
0.00 0.00 0.00 0.00 0.00 0.00 0.00 13.08 62.18 109.76 153.93 203.30 246.22 299.04 307.09 288.36 265.46 214.54 153.55 90.22 37.87 0.00 0.00 0.00
0.00 0.00 0.00 0.00 0.00 0.00 0.00 16.79 79.80 140.86 197.55 260.90 315.99 383.76 394.10 370.06 340.67 275.33 197.05 115.78 48.60 0.00 0.00 0.00
0.00 0.00 0.00 0.00 0.00 0.00 0.00 33.05 150.06 263.23 366.11 485.15 588.15 691.64 704.91 689.92 638.72 513.43 369.41 219.38 95.68 0.00 0.00 0.00
0.00 0.00 0.00 0.00 0.00 0.00 0.00 0.87 3.33 5.64 8.38 11.05 13.10 14.97 15.01 14.18 12.87 10.08 6.96 3.23 0.96 0.00 0.00 0.00
0.00 0.00 0.00 0.00 0.00 0.00 0.00 1.11 4.17 7.05 10.37 13.57 16.21 18.36 18.50 17.55 16.00 12.47 8.73 4.11 1.22 0.00 0.00 0.00
0.00 0.00 0.00 0.00 0.00 0.00 0.00 4.14 20.01 35.26 62.27 86.38 109.28 98.27 100.92 97.53 80.54 64.64 44.77 27.90 9.74 0.00 0.00 0.00
0.00 0.00 0.00 0.00 0.00 0.00 0.00 23.54 101.69 178.08 326.51 422.30 500.93 507.58 516.57 482.64 443.10 358.15 261.40 126.59 61.85 0.00 0.00 0.00
0.00 0.00 0.00 0.00 0.00 0.00 0.00 0.37 1.18 1.94 2.85 3.73 4.37 4.70 4.71 4.44 3.99 3.18 2.21 1.02 0.29 0.00 0.00 0.00
0.00 0.00 0.00 0.00 0.00 0.00 0.00 5.27 21.39 36.96 53.41 68.99 82.22 95.13 95.94 90.26 86.24 69.79 50.88 30.87 12.76 0.00 0.00 0.00
0.00 0.00 0.00 0.00 0.00 0.00 0.00 0.47 6.76 12.90 19.35 25.86 31.13 33.80 34.21 31.35 27.06 21.57 15.37 9.32 4.12 0.00 0.00 0.00
0.00 0.00 0.00 0.00 0.00 0.00 0.00 0.93 2.42 4.00 6.64 8.45 9.71 9.73 9.70 9.09 7.40 5.79 3.91 1.70 0.52 0.00 0.00 0.00
0.00 0.00 0.00 0.00 0.00 0.00 0.00 0.47 1.21 2.00 3.32 4.23 4.85 4.86 4.85 4.54 3.70 2.90 1.95 0.85 0.26 0.00 0.00 0.00
0.00 0.00 0.00 0.00 0.00 0.00 0.00 1.02 2.65 4.38 7.27 9.25 10.62 10.64 10.61 9.94 8.09 6.33 4.27 1.86 0.56 0.00 0.00 0.00
0.00 0.00 0.00 0.00 0.00 0.00 0.00 1.43 3.79 6.27 8.95 11.25 12.98 12.51 12.51 11.70 10.99 8.54 5.84 2.57 0.77 0.00 0.00 0.00
0.00 0.00 0.00 0.00 0.00 0.00 0.00 2.18 5.77 9.55 13.64 17.14 19.77 19.06 19.06 17.83 16.75 13.02 8.90 3.92 1.17 0.00 0.00 0.00
0.00 0.00 0.00 0.00 0.00 0.00 0.00 1.78 4.82 7.96 11.69 15.14 17.23 17.08 17.09 15.99 13.44 10.70 7.22 3.47 1.09 0.00 0.00 0.00
0.00 0.00 0.00 0.00 0.00 0.00 0.00 1.06 3.16 5.18 8.81 11.07 12.79 14.43 15.01 14.62 13.65 10.81 7.57 4.45 1.72 0.00 0.00 0.00
0.00 0.00 0.00 0.00 0.00 0.00 0.00 2.73 8.17 13.37 22.76 28.59 33.04 37.27 38.77 37.77 35.26 27.92 19.56 11.49 4.44 0.00 0.00 0.00
0.00 0.00 0.00 0.00 0.00 0.00 0.00 0.75 2.43 4.02 6.11 7.82 9.14 9.92 10.11 9.72 9.35 7.49 5.20 3.02 1.16 0.00 0.00 0.00
0.00 0.00 0.00 0.00 0.00 0.00 0.00 1.81 5.42 8.89 12.83 17.05 19.83 21.30 21.57 19.95 16.27 12.85 8.86 4.17 1.13 0.00 0.00 0.00
0.00 0.00 0.00 0.00 0.00 0.00 0.00 3.25 9.32 15.22 21.17 27.28 32.47 34.30 34.91 32.69 31.04 24.34 16.37 7.77 2.27 0.00 0.00 0.00
0.00 0.00 0.00 0.00 0.00 0.00 0.00 0.53 1.39 2.23 3.08 3.87 4.32 4.11 4.02 3.72 3.23 2.52 1.65 0.83 0.16 0.00 0.00 0.00
0.00 0.00 0.00 0.00 0.00 0.00 0.00 2.69 7.80 12.78 18.35 22.68 25.39 23.62 23.80 22.01 21.72 16.62 10.84 4.87 1.04 0.00 0.00 0.00
0.00 0.00 0.00 0.00 0.00 0.00 0.00 1.95 5.38 8.79 12.31 15.38 16.79 16.82 16.39 15.36 13.48 10.37 6.87 3.24 0.64 0.00 0.00 0.00
0.00 0.00 0.00 0.00 0.00 0.00 0.00 2.69 7.43 12.13 16.99 21.22 23.17 23.21 22.62 21.20 18.60 14.31 9.48 4.48 0.88 0.00 0.00 0.00
0.00 0.00 0.00 0.00 0.00 0.00 0.00 1.83 5.06 8.26 11.57 14.45 15.78 15.81 15.41 14.44 12.67 9.75 6.46 3.05 0.60 0.00 0.00 0.00
0.00 0.00 0.00 0.00 0.00 0.00 0.00 1.44 4.16 6.82 9.79 12.10 13.54 12.60 12.70 11.74 11.58 8.87 5.78 2.60 0.55 0.00 0.00 0.00
0.00 0.00 0.00 0.00 0.00 0.00 0.00 1.43 3.85 6.31 9.17 11.42 12.75 13.18 13.15 12.10 10.70 8.37 5.69 2.33 0.41 0.00 0.00 0.00
0.00 0.00 0.00 0.00 0.00 0.00 0.00 0.92 3.09 5.14 9.64 12.21 13.91 14.92 15.23 14.29 12.55 9.75 6.56 3.17 0.78 0.00 0.00 0.00
0.00 0.00 0.00 0.00 0.00 0.00 0.00 5.93 32.79 58.28 87.65 114.43 130.36 141.34 143.69 136.71 109.47 85.99 57.99 28.87 7.72 0.00 0.00 0.00
0.00 0.00 0.00 0.00 0.00 0.00 0.00 1.41 4.98 8.36 12.31 16.56 19.67 21.59 21.53 20.34 19.62 15.78 10.87 5.15 1.54 0.00 0.00 0.00
0.00 0.00 0.00 0.00 0.00 0.00 0.00 2.54 8.27 13.62 20.06 26.41 31.52 33.16 33.67 31.31 26.99 21.46 14.80 7.37 2.04 0.00 0.00 0.00
0.00 0.00 0.00 0.00 0.00 0.00 0.00 1.16 3.79 6.24 9.20 12.10 14.45 15.20 15.43 14.35 12.37 9.84 6.78 3.38 0.93 0.00 0.00 0.00
0.00 0.00 0.00 0.00 0.00 0.00 0.00 1.77 6.23 10.44 15.48 20.75 24.69 26.86 26.62 25.14 23.95 19.18 13.36 6.29 1.88 0.00 0.00 0.00
0.00 0.00 0.00 0.00 0.00 0.00 0.00 0.89 2.86 4.71 6.92 9.05 10.62 11.42 11.43 10.79 9.69 7.72 5.37 2.49 0.71 0.00 0.00 0.00
0.00 0.00 0.00 0.00 0.00 0.00 0.00 4.29 20.72 36.51 64.47 89.44 113.14 101.74 104.49 100.98 83.39 66.93 46.35 28.89 10.09 0.00 0.00 0.00
0.00 0.00 0.00 0.00 0.00 0.00 0.00 3.24 10.97 18.38 26.52 33.98 39.72 43.57 45.49 43.19 41.09 33.35 23.69 13.80 5.54 0.00 0.00 0.00
0.00 0.00 0.00 0.00 0.00 0.00 0.00 0.70 2.45 4.13 5.97 7.64 9.02 9.66 9.81 9.33 9.25 7.45 5.24 3.16 1.26 0.00 0.00 0.00
0.00 0.00 0.00 0.00 0.00 0.00 0.00 0.63 2.29 3.89 7.17 9.20 10.82 12.30 12.66 12.27 11.91 9.36 6.58 3.93 1.51 0.00 0.00 0.00
0.00 0.00 0.00 0.00 0.00 0.00 0.00 1.01 3.66 6.23 11.47 14.73 17.31 19.68 20.25 19.64 19.05 14.97 10.53 6.28 2.41 0.00 0.00 0.00
0.00 0.00 0.00 0.00 0.00 0.00 0.00 15.19 102.37 187.18 269.83 358.61 433.11 507.70 519.33 492.33 449.57 363.99 255.97 144.68 61.84 0.00 0.00 0.00
