0.00 0.00 0.00 0.00 0.00 0.00 0.00 0.00 0.84 1.76 2.81 3.73 4.38 4.81 4.85 4.70 4.26 3.52 2.49 1.29 0.49 0.00 0.00 0.00
0.00 0.00 0.00 0.00 0.00 0.00 0.00 0.50 17.01 32.71 50.79 64.33 74.82 64.41 64.16 60.19 58.48 45.54 31.04 12.62 2.20 0.00 0.00 0.00
0.00 0.00 0.00 0.00 0.00 0.00 0.00 0.00 19.19 40.18 64.15 85.27 100.23 109.99 110.84 107.44 97.32 80.39 56.95 29.55 11.22 0.00 0.00 0.00
0.00 0.00 0.00 0.00 0.00 0.00 0.00 0.00 68.19 142.79 227.99 303.03 356.20 390.91 393.92 381.84 345.86 285.71 202.39 105.00 39.86 0.00 0.00 0.00
0.00 0.00 0.00 0.00 0.00 0.00 0.00 0.69 3.59 6.31 8.03 10.08 11.39 9.69 9.47 8.75 7.87 6.13 3.98 1.39 0.13 0.00 0.00 0.00
0.00 0.00 0.00 0.00 0.00 0.00 0.00 0.00 132.37 292.64 480.05 643.71 774.79 859.04 891.94 890.35 827.75 680.99 476.32 256.34 100.55 0.00 0.00 0.00
0.00 0.00 0.00 0.00 0.00 0.00 0.00 0.35 2.11 3.76 5.81 7.50 8.70 7.87 7.79 7.34 5.96 4.62 3.08 1.53 0.38 0.00 0.00 0.00
0.00 0.00 0.00 0.00 0.00 0.00 0.00 0.06 1.01 1.92 2.84 3.67 4.26 3.73 3.65 3.49 3.11 2.44 1.65 0.91 0.17 0.00 0.00 0.00
0.00 0.00 0.00 0.00 0.00 0.00 0.00 0.10 1.62 3.07 4.54 5.88 6.81 5.97 5.84 5.59 4.98 3.90 2.64 1.46 0.28 0.00 0.00 0.00
0.00 0.00 0.00 0.00 0.00 0.00 0.00 0.10 1.62 3.07 4.54 5.88 6.81 5.97 5.84 5.59 4.98 3.90 2.64 1.46 0.28 0.00 0.00 0.00
0.00 0.00 0.00 0.00 0.00 0.00 0.00 0.11 3.93 7.58 12.17 16.12 18.68 18.75 18.77 17.77 14.00 11.06 7.21 3.84 0.94 0.00 0.00 0.00
0.00 0.00 0.00 0.00 0.00 0.00 0.00 0.05 1.83 3.53 5.69 7.56 8.73 8.68 8.68 8.17 6.52 5.18 3.37 1.78 0.43 0.00 0.00 0.00
0.00 0.00 0.00 0.00 0.00 0.00 0.00 0.07 2.35 4.54 7.32 9.71 11.22 11.16 11.16 10.50 8.38 6.66 4.33 2.29 0.55 0.00 0.00 0.00
0.00 0.00 0.00 0.00 0.00 0.00 0.00 0.04 1.57 3.02 4.88 6.48 7.48 7.44 7.44 7.00 5.59 4.44 2.89 1.53 0.37 0.00 0.00 0.00
0.00 0.00 0.00 0.00 0.00 0.00 0.00 0.04 1.57 3.02 4.88 6.48 7.48 7.44 7.44 7.00 5.59 4.44 2.89 1.53 0.37 0.00 0.00 0.00
0.00 0.00 0.00 0.00 0.00 0.00 0.00 0.00 19.42 40.52 62.84 82.91 96.55 94.98 94.77 89.49 62.53 48.87 32.90 17.55 4.03 0.00 0.00 0.00
0.00 0.00 0.00 0.00 0.00 0.00 0.00 0.64 12.02 22.90 36.28 48.17 55.92 58.04 58.04 54.09 45.18 35.69 23.63 11.18 2.68 0.00 0.00 0.00
0.00 0.00 0.00 0.00 0.00 0.00 0.00 0.51 10.37 19.80 31.26 41.54 47.73 49.43 49.29 46.44 38.08 30.22 20.00 9.72 2.54 0.00 0.00 0.00
0.00 0.00 0.00 0.00 0.00 0.00 0.00 0.00 39.04 86.32 141.60 189.87 228.54 253.39 263.09 262.62 244.16 200.87 140.50 75.61 29.66 0.00 0.00 0.00
0.00 0.00 0.00 0.00 0.00 0.00 0.00 0.00 37.14 82.11 134.69 180.61 217.39 241.03 250.26 249.81 232.25 191.07 133.64 71.92 28.21 0.00 0.00 0.00
0.00 0.00 0.00 0.00 0.00 0.00 0.00 0.00 71.42 157.90 259.02 347.33 418.05 463.51 481.26 480.41 446.63 367.44 257.01 138.32 54.25 0.00 0.00 0.00
0.00 0.00 0.00 0.00 0.00 0.00 0.00 0.00 70.23 155.27 254.70 341.54 411.09 455.78 473.24 472.40 439.18 361.32 252.72 136.01 53.35 0.00 0.00 0.00
0.00 0.00 0.00 0.00 0.00 0.00 0.00 0.00 87.78 183.03 290.58 391.68 471.25 518.70 534.28 514.23 474.22 379.53 267.04 139.78 55.36 0.00 0.00 0.00
0.00 0.00 0.00 0.00 0.00 0.00 0.00 0.06 1.01 1.92 2.84 3.67 4.26 3.73 3.65 3.49 3.11 2.44 1.65 0.91 0.17 0.00 0.00 0.00
0.00 0.00 0.00 0.00 0.00 0.00 0.00 0.31 5.13 9.72 14.38 18.62 21.57 18.90 18.49 17.71 15.77 12.36 8.35 4.63 0.88 0.00 0.00 0.00
0.00 0.00 0.00 0.00 0.00 0.00 0.00 1.57 26.20 49.63 73.43 95.04 110.13 96.50 94.38 90.39 80.50 63.08 42.63 23.65 4.51 0.00 0.00 0.00
0.00 0.00 0.00 0.00 0.00 0.00 0.00 0.00 2.67 5.89 9.67 12.97 15.61 17.30 17.97 17.94 16.67 13.72 9.59 5.16 2.03 0.00 0.00 0.00
0.00 0.00 0.00 0.00 0.00 0.00 0.00 0.00 67.12 140.56 224.43 298.31 350.65 384.82 387.78 375.89 340.47 281.26 199.23 103.37 39.24 0.00 0.00 0.00
0.00 0.00 0.00 0.00 0.00 0.00 0.00 0.00 5.29 10.97 17.96 24.37 28.95 31.95 31.70 29.92 24.47 19.62 13.38 5.94 1.83 0.00 0.00 0.00
0.00 0.00 0.00 0.00 0.00 0.00 0.00 0.87 36.44 70.57 113.90 153.05 180.65 194.93 196.71 186.99 168.28 136.21 95.48 46.33 16.23 0.00 0.00 0.00
0.00 0.00 0.00 0.00 0.00 0.00 0.00 0.00 1.12 2.34 3.74 4.97 5.84 6.41 6.46 6.26 5.67 4.69 3.32 1.72 0.65 0.00 0.00 0.00
0.00 0.00 0.00 0.00 0.00 0.00 0.00 0.00 50.34 105.42 168.32 223.73 262.99 288.61 290.84 281.92 255.35 210.95 149.42 77.53 29.43 0.00 0.00 0.00
0.00 0.00 0.00 0.00 0.00 0.00 0.00 0.00 64.61 135.29 216.02 287.12 337.50 370.39 373.24 361.79 327.70 270.71 191.76 99.49 37.77 0.00 0.00 0.00
0.00 0.00 0.00 0.00 0.00 0.00 0.00 0.00 115.76 241.37 383.20 516.53 621.46 684.04 704.59 678.15 625.38 500.51 352.16 184.34 73.01 0.00 0.00 0.00
0.00 0.00 0.00 0.00 0.00 0.00 0.00 0.00 2.73 5.35 8.85 11.80 13.66 14.21 14.19 13.27 11.07 8.47 5.79 2.77 0.69 0.00 0.00 0.00
0.00 0.00 0.00 0.00 0.00 0.00 0.00 0.01 3.47 6.79 11.17 14.86 17.22 17.64 17.65 16.52 13.37 10.28 6.92 3.42 0.85 0.00 0.00 0.00
0.00 0.00 0.00 0.00 0.00 0.00 0.00 0.00 21.82 45.24 74.09 100.52 119.40 131.79 130.77 123.44 100.95 80.93 55.18 24.48 7.53 0.00 0.00 0.00
0.00 0.00 0.00 0.00 0.00 0.00 0.00 0.00 84.96 178.43 283.70 386.73 468.39 515.92 523.95 493.33 464.06 377.85 268.88 152.64 68.34 0.00 0.00 0.00
0.00 0.00 0.00 0.00 0.00 0.00 0.00 0.06 0.85 1.61 2.85 3.76 4.32 4.44 4.46 4.19 3.38 2.59 1.76 0.79 0.18 0.00 0.00 0.00
0.00 0.00 0.00 0.00 0.00 0.00 0.00 0.00 17.44 35.36 55.91 74.94 89.83 97.80 99.19 95.29 85.18 68.15 48.32 24.38 8.96 0.00 0.00 0.00
0.00 0.00 0.00 0.00 0.00 0.00 0.00 0.00 4.18 9.96 16.89 23.33 28.01 31.57 32.28 31.44 29.77 23.58 17.08 9.84 4.06 0.00 0.00 0.00
0.00 0.00 0.00 0.00 0.00 0.00 0.00 0.47 2.52 4.45 6.58 8.52 9.81 9.05 9.03 8.52 7.36 5.77 3.79 1.88 0.44 0.00 0.00 0.00
0.00 0.00 0.00 0.00 0.00 0.00 0.00 0.24 1.26 2.22 3.29 4.26 4.90 4.53 4.52 4.26 3.68 2.89 1.90 0.94 0.22 0.00 0.00 0.00
0.00 0.00 0.00 0.00 0.00 0.00 0.00 0.52 2.75 4.86 7.19 9.32 10.73 9.90 9.88 9.32 8.05 6.31 4.15 2.05 0.48 0.00 0.00 0.00
0.00 0.00 0.00 0.00 0.00 0.00 0.00 0.57 3.23 5.72 8.23 10.60 12.35 11.66 11.47 10.86 9.04 7.00 4.60 2.26 0.52 0.00 0.00 0.00
0.00 0.00 0.00 0.00 0.00 0.00 0.00 0.87 4.92 8.72 12.54 16.15 18.82 17.77 17.48 16.56 13.78 10.67 7.01 3.45 0.80 0.00 0.00 0.00
0.00 0.00 0.00 0.00 0.00 0.00 0.00 0.70 4.31 7.71 11.79 15.08 17.54 15.54 15.29 14.48 11.36 8.89 5.98 3.00 0.74 0.00 0.00 0.00
0.00 0.00 0.00 0.00 0.00 0.00 0.00 0.29 3.21 6.00 9.24 12.43 14.63 15.46 15.65 14.99 13.32 10.57 7.23 3.43 1.13 0.00 0.00 0.00
0.00 0.00 0.00 0.00 0.00 0.00 0.00 0.76 8.30 15.49 23.87 32.12 37.80 39.94 40.42 38.72 34.40 27.32 18.68 8.85 2.92 0.00 0.00 0.00
0.00 0.00 0.00 0.00 0.00 0.00 0.00 0.11 2.09 3.98 6.14 8.27 9.79 10.46 10.41 9.78 8.65 6.86 4.80 2.30 0.76 0.00 0.00 0.00
0.00 0.00 0.00 0.00 0.00 0.00 0.00 0.34 3.06 5.64 10.67 13.92 15.94 19.42 19.38 17.85 13.09 10.13 6.65 2.97 0.62 0.00 0.00 0.00
0.00 0.00 0.00 0.00 0.00 0.00 0.00 1.00 7.44 13.52 20.47 26.84 30.99 28.02 28.35 26.65 21.45 16.66 10.96 4.69 1.07 0.00 0.00 0.00
0.00 0.00 0.00 0.00 0.00 0.00 0.00 0.22 1.12 1.96 2.70 3.39 3.81 3.21 3.09 2.89 2.24 1.74 1.13 0.58 0.07 0.00 0.00 0.00
0.00 0.00 0.00 0.00 0.00 0.00 0.00 0.79 5.72 10.37 13.16 16.55 18.50 15.97 15.44 14.53 11.77 9.15 6.07 3.34 0.49 0.00 0.00 0.00
0.00 0.00 0.00 0.00 0.00 0.00 0.00 0.59 3.58 6.40 7.96 9.96 11.09 10.01 9.56 9.13 9.38 7.26 4.82 2.24 0.29 0.00 0.00 0.00
0.00 0.00 0.00 0.00 0.00 0.00 0.00 0.82 4.94 8.83 10.98 13.75 15.30 13.81 13.20 12.60 12.95 10.02 6.65 3.09 0.39 0.00 0.00 0.00
0.00 0.00 0.00 0.00 0.00 0.00 0.00 0.56 3.37 6.01 7.48 9.36 10.42 9.41 8.99 8.58 8.82 6.82 4.53 2.11 0.27 0.00 0.00 0.00
0.00 0.00 0.00 0.00 0.00 0.00 0.00 0.42 3.05 5.53 7.02 8.83 9.87 8.52 8.24 7.75 6.28 4.88 3.24 1.78 0.26 0.00 0.00 0.00
0.00 0.00 0.00 0.00 0.00 0.00 0.00 0.58 3.16 5.58 7.26 9.08 10.25 8.60 8.50 7.97 8.01 6.24 4.04 1.65 0.17 0.00 0.00 0.00
0.00 0.00 0.00 0.00 0.00 0.00 0.00 0.17 2.90 5.50 8.14 10.53 12.21 10.69 10.46 10.02 8.92 6.99 4.72 2.62 0.50 0.00 0.00 0.00
0.00 0.00 0.00 0.00 0.00 0.00 0.00 0.00 25.28 52.74 81.79 107.91 125.67 123.63 123.35 116.48 81.38 63.61 42.83 22.85 5.25 0.00 0.00 0.00
0.00 0.00 0.00 0.00 0.00 0.00 0.00 0.13 4.45 8.59 13.79 18.27 21.17 21.25 21.27 20.14 15.86 12.54 8.17 4.36 1.07 0.00 0.00 0.00
0.00 0.00 0.00 0.00 0.00 0.00 0.00 0.35 4.97 9.39 18.60 24.55 28.67 30.35 30.31 28.18 20.45 15.77 10.50 4.89 1.07 0.00 0.00 0.00
0.00 0.00 0.00 0.00 0.00 0.00 0.00 0.16 2.28 4.30 8.52 11.25 13.14 13.91 13.89 12.92 9.37 7.23 4.81 2.24 0.49 0.00 0.00 0.00
0.00 0.00 0.00 0.00 0.00 0.00 0.00 0.17 5.55 10.70 17.06 22.54 26.16 26.58 26.57 25.16 19.89 15.69 10.27 5.40 1.33 0.00 0.00 0.00
0.00 0.00 0.00 0.00 0.00 0.00 0.00 0.16 2.07 3.90 6.92 9.13 10.49 10.79 10.84 10.18 8.20 6.29 4.28 1.93 0.44 0.00 0.00 0.00
0.00 0.00 0.00 0.00 0.00 0.00 0.00 0.00 22.59 46.83 76.71 104.07 123.62 136.45 135.39 127.80 104.52 83.79 57.13 25.35 7.80 0.00 0.00 0.00
0.00 0.00 0.00 0.00 0.00 0.00 0.00 0.21 8.71 16.88 27.24 36.60 43.20 46.61 47.04 44.72 40.24 32.57 22.83 11.08 3.88 0.00 0.00 0.00
0.00 0.00 0.00 0.00 0.00 0.00 0.00 0.02 1.98 3.87 6.08 8.11 9.78 10.59 10.49 9.94 8.97 7.23 5.08 2.46 0.85 0.00 0.00 0.00
0.00 0.00 0.00 0.00 0.00 0.00 0.00 0.00 2.52 4.94 7.81 10.30 11.93 12.85 13.01 12.52 11.09 8.96 6.25 2.98 1.00 0.00 0.00 0.00
0.00 0.00 0.00 0.00 0.00 0.00 0.00 0.00 4.03 7.90 12.50 16.48 19.09 20.56 20.81 20.03 17.74 14.34 10.01 4.77 1.60 0.00 0.00 0.00
0.00 0.00 0.00 0.00 0.00 0.00 0.00 0.00 72.61 160.53 263.34 353.12 425.02 471.24 489.28 488.41 454.07 373.57 261.29 140.62 55.16 0.00 0.00 0.00
