0.00 0.00 0.00 0.00 0.00 0.00 0.00 0.00 0.82 1.75 2.81 3.85 4.62 5.08 5.10 4.88 4.26 3.37 2.28 1.04 0.24 0.00 0.00 0.00
0.00 0.00 0.00 0.00 0.00 0.00 0.00 0.32 15.32 29.32 44.88 59.88 71.84 76.51 76.42 71.52 59.79 46.30 29.40 9.57 0.00 0.00 0.00 0.00
0.00 0.00 0.00 0.00 0.00 0.00 0.00 0.00 18.67 39.98 64.28 88.07 105.72 116.25 116.73 111.70 97.49 77.03 52.07 23.86 5.53 0.00 0.00 0.00
0.00 0.00 0.00 0.00 0.00 0.00 0.00 0.00 66.34 142.10 228.44 313.01 375.74 413.14 414.86 396.98 346.47 273.77 185.05 84.80 19.64 0.00 0.00 0.00
0.00 0.00 0.00 0.00 0.00 0.00 0.00 0.58 3.23 5.68 8.45 11.03 12.55 12.69 12.50 11.75 9.93 7.50 4.59 1.29 0.00 0.00 0.00 0.00
0.00 0.00 0.00 0.00 0.00 0.00 0.00 0.00 136.33 307.82 522.47 716.78 858.14 925.48 938.26 886.14 768.81 611.68 426.82 203.10 51.60 0.00 0.00 0.00
0.00 0.00 0.00 0.00 0.00 0.00 0.00 0.30 2.20 3.99 5.85 7.82 8.97 9.59 9.49 8.94 7.57 5.67 3.62 1.28 0.03 0.00 0.00 0.00
0.00 0.00 0.00 0.00 0.00 0.00 0.00 0.04 0.90 1.71 2.57 3.47 4.07 4.40 4.50 4.23 3.66 2.87 1.83 0.62 0.00 0.00 0.00 0.00
0.00 0.00 0.00 0.00 0.00 0.00 0.00 0.07 1.44 2.73 4.11 5.55 6.51 7.04 7.19 6.77 5.85 4.59 2.92 0.99 0.00 0.00 0.00 0.00
0.00 0.00 0.00 0.00 0.00 0.00 0.00 0.07 1.44 2.73 4.11 5.55 6.51 7.04 7.19 6.77 5.85 4.59 2.92 0.99 0.00 0.00 0.00 0.00
0.00 0.00 0.00 0.00 0.00 0.00 0.00 0.02 3.35 6.51 10.54 14.39 17.36 18.80 18.85 18.12 16.00 12.33 8.09 2.98 0.12 0.00 0.00 0.00
0.00 0.00 0.00 0.00 0.00 0.00 0.00 0.01 1.59 3.09 5.03 6.76 8.09 8.76 8.80 8.51 7.50 5.81 3.70 1.34 0.05 0.00 0.00 0.00
0.00 0.00 0.00 0.00 0.00 0.00 0.00 0.01 2.05 3.98 6.47 8.69 10.40 11.27 11.32 10.94 9.64 7.47 4.76 1.73 0.06 0.00 0.00 0.00
0.00 0.00 0.00 0.00 0.00 0.00 0.00 0.01 1.37 2.65 4.31 5.79 6.93 7.51 7.55 7.29 6.42 4.98 3.17 1.15 0.04 0.00 0.00 0.00
0.00 0.00 0.00 0.00 0.00 0.00 0.00 0.01 1.37 2.65 4.31 5.79 6.93 7.51 7.55 7.29 6.42 4.98 3.17 1.15 0.04 0.00 0.00 0.00
0.00 0.00 0.00 0.00 0.00 0.00 0.00 0.00 15.84 32.82 54.62 75.16 91.82 102.18 105.76 101.41 86.55 67.30 42.81 16.71 0.51 0.00 0.00 0.00
0.00 0.00 0.00 0.00 0.00 0.00 0.00 0.33 10.61 20.36 32.14 44.43 53.52 57.74 56.65 53.76 48.13 37.07 24.36 8.82 0.25 0.00 0.00 0.00
0.00 0.00 0.00 0.00 0.00 0.00 0.00 0.21 9.47 18.24 28.94 38.34 46.04 48.91 48.94 46.85 41.18 31.85 20.83 7.76 0.47 0.00 0.00 0.00
0.00 0.00 0.00 0.00 0.00 0.00 0.00 0.00 40.21 90.79 154.11 211.42 253.12 272.98 276.75 261.38 226.77 180.42 125.90 59.91 15.22 0.00 0.00 0.00
0.00 0.00 0.00 0.00 0.00 0.00 0.00 0.00 38.25 86.37 146.59 201.11 240.77 259.67 263.25 248.63 215.71 171.62 119.76 56.99 14.48 0.00 0.00 0.00
0.00 0.00 0.00 0.00 0.00 0.00 0.00 0.00 73.56 166.09 281.91 386.75 463.02 499.36 506.25 478.13 414.83 330.04 230.30 109.59 27.84 0.00 0.00 0.00
0.00 0.00 0.00 0.00 0.00 0.00 0.00 0.00 72.33 163.32 277.21 380.31 455.31 491.04 497.82 470.16 407.91 324.54 226.46 107.76 27.38 0.00 0.00 0.00
0.00 0.00 0.00 0.00 0.00 0.00 0.00 0.00 91.80 196.37 314.01 422.67 498.94 542.93 542.90 513.53 450.50 354.88 242.91 112.75 28.47 0.00 0.00 0.00
0.00 0.00 0.00 0.00 0.00 0.00 0.00 0.04 0.90 1.71 2.57 3.47 4.07 4.40 4.50 4.23 3.66 2.87 1.83 0.62 0.00 0.00 0.00 0.00
0.00 0.00 0.00 0.00 0.00 0.00 0.00 0.21 4.57 8.65 13.01 17.56 20.62 22.31 22.78 21.42 18.53 14.54 9.26 3.14 0.00 0.00 0.00 0.00
0.00 0.00 0.00 0.00 0.00 0.00 0.00 1.07 23.35 44.17 66.40 89.65 105.29 113.89 116.31 109.37 94.58 74.24 47.25 16.03 0.00 0.00 0.00 0.00
0.00 0.00 0.00 0.00 0.00 0.00 0.00 0.00 2.75 6.20 10.52 14.44 17.29 18.64 18.90 17.85 15.49 12.32 8.60 4.09 1.04 0.00 0.00 0.00
0.00 0.00 0.00 0.00 0.00 0.00 0.00 0.00 65.31 139.89 224.88 308.13 369.88 406.70 408.40 390.79 341.07 269.51 182.17 83.48 19.33 0.00 0.00 0.00
0.00 0.00 0.00 0.00 0.00 0.00 0.00 0.00 4.57 9.51 15.40 21.47 26.98 30.58 31.35 29.94 25.64 20.21 13.93 5.80 0.80 0.00 0.00 0.00
0.00 0.00 0.00 0.00 0.00 0.00 0.00 0.00 35.59 70.39 104.64 142.28 164.56 183.86 183.23 173.27 164.85 128.48 85.72 36.71 6.87 0.00 0.00 0.00
0.00 0.00 0.00 0.00 0.00 0.00 0.00 0.00 1.09 2.33 3.75 5.14 6.16 6.78 6.81 6.51 5.68 4.49 3.04 1.39 0.32 0.00 0.00 0.00
0.00 0.00 0.00 0.00 0.00 0.00 0.00 0.00 48.98 104.92 168.66 231.10 277.41 305.02 306.30 293.09 255.80 202.13 136.63 62.61 14.50 0.00 0.00 0.00
0.00 0.00 0.00 0.00 0.00 0.00 0.00 0.00 62.86 134.64 216.45 296.58 356.01 391.45 393.08 376.14 328.28 259.40 175.34 80.35 18.61 0.00 0.00 0.00
0.00 0.00 0.00 0.00 0.00 0.00 0.00 0.00 121.06 258.97 414.09 557.40 657.97 715.99 715.95 677.22 594.10 467.99 320.33 148.69 37.54 0.00 0.00 0.00
0.00 0.00 0.00 0.00 0.00 0.00 0.00 0.00 2.41 4.74 7.64 10.40 12.39 13.62 13.95 13.30 11.58 8.96 5.83 2.15 0.10 0.00 0.00 0.00
0.00 0.00 0.00 0.00 0.00 0.00 0.00 0.00 3.03 5.96 9.61 13.10 15.64 17.18 17.41 16.71 14.55 11.20 7.32 2.67 0.12 0.00 0.00 0.00
0.00 0.00 0.00 0.00 0.00 0.00 0.00 0.00 18.84 39.22 63.54 88.56 111.28 126.14 129.32 123.50 105.76 83.38 57.45 23.94 3.31 0.00 0.00 0.00
0.00 0.00 0.00 0.00 0.00 0.00 0.00 0.00 75.89 165.35 260.26 343.10 416.83 446.97 447.49 422.86 411.45 333.65 235.63 124.72 40.31 0.00 0.00 0.00
0.00 0.00 0.00 0.00 0.00 0.00 0.00 0.05 0.87 1.64 2.59 3.55 4.24 4.60 4.53 4.19 3.68 2.87 1.87 0.67 0.00 0.00 0.00 0.00
0.00 0.00 0.00 0.00 0.00 0.00 0.00 0.00 17.37 36.02 57.80 77.63 93.02 101.43 102.41 96.11 84.38 67.09 44.87 20.35 4.38 0.00 0.00 0.00
0.00 0.00 0.00 0.00 0.00 0.00 0.00 0.00 4.77 11.58 19.20 26.55 31.92 34.12 33.52 31.69 28.09 22.80 15.95 7.93 2.26 0.00 0.00 0.00
0.00 0.00 0.00 0.00 0.00 0.00 0.00 0.41 2.62 4.69 6.69 8.95 10.39 10.97 10.89 10.12 8.76 6.54 4.14 1.44 0.00 0.00 0.00 0.00
0.00 0.00 0.00 0.00 0.00 0.00 0.00 0.21 1.31 2.35 3.35 4.47 5.19 5.49 5.44 5.06 4.38 3.27 2.07 0.72 0.00 0.00 0.00 0.00
0.00 0.00 0.00 0.00 0.00 0.00 0.00 0.45 2.86 5.13 7.32 9.78 11.36 12.00 11.91 11.07 9.58 7.16 4.52 1.57 0.00 0.00 0.00 0.00
0.00 0.00 0.00 0.00 0.00 0.00 0.00 0.49 3.31 5.96 8.72 11.77 13.80 14.65 14.43 13.46 11.55 8.53 5.44 1.90 0.00 0.00 0.00 0.00
0.00 0.00 0.00 0.00 0.00 0.00 0.00 0.74 5.04 9.08 13.28 17.94 21.02 22.33 21.99 20.52 17.59 13.01 8.28 2.89 0.00 0.00 0.00 0.00
0.00 0.00 0.00 0.00 0.00 0.00 0.00 0.58 4.44 8.08 11.80 15.76 18.32 19.49 19.38 18.02 15.34 11.60 7.42 2.68 0.07 0.00 0.00 0.00
0.00 0.00 0.00 0.00 0.00 0.00 0.00 0.13 2.74 5.23 6.09 8.11 9.67 14.54 14.17 13.26 13.00 10.14 6.62 2.69 0.42 0.00 0.00 0.00
0.00 0.00 0.00 0.00 0.00 0.00 0.00 0.33 7.08 13.52 15.74 20.94 24.99 37.55 36.61 34.25 33.58 26.19 17.10 6.95 1.07 0.00 0.00 0.00
0.00 0.00 0.00 0.00 0.00 0.00 0.00 0.02 2.13 4.14 6.07 8.24 9.79 10.71 10.55 9.95 8.83 6.76 4.42 1.88 0.29 0.00 0.00 0.00
0.00 0.00 0.00 0.00 0.00 0.00 0.00 0.38 4.12 7.65 11.72 15.64 18.63 20.14 19.82 18.42 15.34 11.97 7.70 2.72 0.00 0.00 0.00 0.00
0.00 0.00 0.00 0.00 0.00 0.00 0.00 0.82 7.64 14.06 21.28 28.26 33.15 35.11 34.85 32.85 28.77 22.04 13.77 4.85 0.00 0.00 0.00 0.00
0.00 0.00 0.00 0.00 0.00 0.00 0.00 0.18 0.98 1.73 2.59 3.40 3.91 4.02 3.94 3.77 3.10 2.33 1.46 0.46 0.00 0.00 0.00 0.00
0.00 0.00 0.00 0.00 0.00 0.00 0.00 0.65 5.21 9.44 14.18 18.53 21.72 22.78 22.59 21.26 17.26 13.15 8.34 2.73 0.00 0.00 0.00 0.00
0.00 0.00 0.00 0.00 0.00 0.00 0.00 0.55 3.65 6.51 9.65 12.62 14.43 14.79 14.88 14.17 11.80 8.94 5.58 1.75 0.00 0.00 0.00 0.00
0.00 0.00 0.00 0.00 0.00 0.00 0.00 0.76 5.03 8.98 13.32 17.42 19.92 20.41 20.54 19.56 16.28 12.34 7.69 2.41 0.00 0.00 0.00 0.00
0.00 0.00 0.00 0.00 0.00 0.00 0.00 0.52 3.43 6.12 9.07 11.86 13.57 13.90 13.99 13.32 11.09 8.41 5.24 1.64 0.00 0.00 0.00 0.00
0.00 0.00 0.00 0.00 0.00 0.00 0.00 0.34 2.78 5.03 7.56 9.88 11.59 12.15 12.05 11.34 9.21 7.01 4.45 1.46 0.00 0.00 0.00 0.00
0.00 0.00 0.00 0.00 0.00 0.00 0.00 0.49 2.86 5.05 7.54 9.84 11.11 11.44 11.18 10.47 8.91 6.75 4.17 1.19 0.00 0.00 0.00 0.00
0.00 0.00 0.00 0.00 0.00 0.00 0.00 0.12 2.59 4.89 7.36 9.94 11.67 12.62 12.89 12.12 10.48 8.23 5.24 1.78 0.00 0.00 0.00 0.00
0.00 0.00 0.00 0.00 0.00 0.00 0.00 0.00 20.62 42.72 71.09 97.83 119.51 133.00 137.66 131.99 112.65 87.60 55.72 21.75 0.67 0.00 0.00 0.00
0.00 0.00 0.00 0.00 0.00 0.00 0.00 0.02 3.80 7.38 11.95 16.31 19.68 21.30 21.36 20.54 18.13 13.98 9.17 3.37 0.14 0.00 0.00 0.00
0.00 0.00 0.00 0.00 0.00 0.00 0.00 0.31 6.10 11.55 17.63 23.66 28.44 30.49 30.05 28.37 24.58 19.24 12.60 4.42 0.00 0.00 0.00 0.00
0.00 0.00 0.00 0.00 0.00 0.00 0.00 0.14 2.79 5.29 8.08 10.84 13.04 13.98 13.77 13.00 11.27 8.82 5.77 2.03 0.00 0.00 0.00 0.00
0.00 0.00 0.00 0.00 0.00 0.00 0.00 0.04 4.70 9.11 14.76 20.32 24.55 26.50 26.47 25.33 22.42 17.28 11.47 4.22 0.17 0.00 0.00 0.00
0.00 0.00 0.00 0.00 0.00 0.00 0.00 0.11 2.11 3.99 6.29 8.61 10.30 11.18 10.99 10.18 8.95 6.98 4.55 1.62 0.01 0.00 0.00 0.00
0.00 0.00 0.00 0.00 0.00 0.00 0.00 0.00 19.51 40.61 65.78 91.69 115.22 130.60 133.89 127.86 109.50 86.32 59.48 24.78 3.43 0.00 0.00 0.00
0.00 0.00 0.00 0.00 0.00 0.00 0.00 0.00 8.51 16.83 25.02 34.02 39.35 43.97 43.82 41.43 39.42 30.72 20.50 8.78 1.64 0.00 0.00 0.00
0.00 0.00 0.00 0.00 0.00 0.00 0.00 0.00 2.01 4.00 6.27 8.57 10.04 10.55 10.74 10.11 8.90 6.99 4.69 2.02 0.37 0.00 0.00 0.00
0.00 0.00 0.00 0.00 0.00 0.00 0.00 0.00 2.48 4.96 7.79 10.57 12.67 13.64 13.69 12.92 11.34 8.81 5.87 2.50 0.42 0.00 0.00 0.00
0.00 0.00 0.00 0.00 0.00 0.00 0.00 0.00 3.97 7.94 12.46 16.91 20.28 21.82 21.91 20.68 18.15 14.09 9.38 4.00 0.67 0.00 0.00 0.00
0.00 0.00 0.00 0.00 0.00 0.00 0.00 0.00 74.79 168.86 286.61 393.20 470.74 507.68 514.69 486.10 421.74 335.54 234.14 111.41 28.30 0.00 0.00 0.00
