0.00 0.00 0.00 0.00 0.00 0.00 0.00 0.00 0.00 0.15 1.19 2.01 2.85 3.41 3.56 3.37 2.80 1.96 1.08 0.02 0.00 0.00 0.00 0.00
0.00 0.00 0.00 0.00 0.00 0.00 0.00 0.00 0.00 8.64 26.45 40.01 52.29 57.64 58.45 56.12 46.23 32.31 16.58 0.00 0.00 0.00 0.00 0.00
0.00 0.00 0.00 0.00 0.00 0.00 0.00 0.00 0.00 3.38 27.20 45.93 65.11 77.90 81.44 77.03 64.07 44.72 24.69 0.57 0.00 0.00 0.00 0.00
0.00 0.00 0.00 0.00 0.00 0.00 0.00 0.00 0.00 12.02 96.67 163.25 231.38 276.85 289.45 273.76 227.71 158.93 87.76 2.02 0.00 0.00 0.00 0.00
0.00 0.00 0.00 0.00 0.00 0.00 0.00 0.00 0.00 1.59 4.37 6.42 8.26 8.71 8.88 8.09 6.54 4.49 1.99 0.00 0.00 0.00 0.00 0.00
0.00 0.00 0.00 0.00 0.00 0.00 0.00 0.00 0.00 23.90 223.69 381.77 546.76 667.69 699.83 657.13 548.13 388.27 223.21 12.73 0.00 0.00 0.00 0.00
0.00 0.00 0.00 0.00 0.00 0.00 0.00 0.00 0.00 0.65 2.41 3.72 5.00 5.82 5.95 5.45 4.36 3.03 1.36 0.00 0.00 0.00 0.00 0.00
0.00 0.00 0.00 0.00 0.00 0.00 0.00 0.00 0.00 0.46 1.45 2.17 2.83 3.30 3.46 3.26 2.62 1.83 0.92 0.00 0.00 0.00 0.00 0.00
0.00 0.00 0.00 0.00 0.00 0.00 0.00 0.00 0.00 0.74 2.32 3.48 4.52 5.28 5.54 5.22 4.19 2.93 1.47 0.00 0.00 0.00 0.00 0.00
0.00 0.00 0.00 0.00 0.00 0.00 0.00 0.00 0.00 0.74 2.32 3.48 4.52 5.28 5.54 5.22 4.19 2.93 1.47 0.00 0.00 0.00 0.00 0.00
0.00 0.00 0.00 0.00 0.00 0.00 0.00 0.00 0.00 1.46 5.19 7.98 10.85 12.79 13.38 12.73 10.57 7.55 3.86 0.00 0.00 0.00 0.00 0.00
0.00 0.00 0.00 0.00 0.00 0.00 0.00 0.00 0.00 0.69 2.43 3.73 5.14 6.10 6.32 5.99 4.98 3.50 1.80 0.00 0.00 0.00 0.00 0.00
0.00 0.00 0.00 0.00 0.00 0.00 0.00 0.00 0.00 0.89 3.13 4.79 6.60 7.85 8.12 7.70 6.41 4.51 2.31 0.00 0.00 0.00 0.00 0.00
0.00 0.00 0.00 0.00 0.00 0.00 0.00 0.00 0.00 0.60 2.09 3.19 4.40 5.23 5.41 5.14 4.27 3.00 1.54 0.00 0.00 0.00 0.00 0.00
0.00 0.00 0.00 0.00 0.00 0.00 0.00 0.00 0.00 0.60 2.09 3.19 4.40 5.23 5.41 5.14 4.27 3.00 1.54 0.00 0.00 0.00 0.00 0.00
0.00 0.00 0.00 0.00 0.00 0.00 0.00 0.00 0.00 9.07 30.88 47.24 65.99 77.56 81.23 77.91 65.94 46.30 25.67 0.78 0.00 0.00 0.00 0.00
0.00 0.00 0.00 0.00 0.00 0.00 0.00 0.00 0.00 4.63 16.20 24.82 33.15 38.59 40.42 38.14 32.11 22.36 11.25 0.00 0.00 0.00 0.00 0.00
0.00 0.00 0.00 0.00 0.00 0.00 0.00 0.00 0.00 3.77 14.09 21.83 29.12 34.22 35.25 33.19 27.04 19.27 9.71 0.00 0.00 0.00 0.00 0.00
0.00 0.00 0.00 0.00 0.00 0.00 0.00 0.00 0.00 7.05 65.98 112.61 161.28 196.94 206.42 193.83 161.68 114.53 65.84 3.75 0.00 0.00 0.00 0.00
0.00 0.00 0.00 0.00 0.00 0.00 0.00 0.00 0.00 6.70 62.76 107.12 153.41 187.34 196.35 184.37 153.79 108.94 62.63 3.57 0.00 0.00 0.00 0.00
0.00 0.00 0.00 0.00 0.00 0.00 0.00 0.00 0.00 12.89 120.70 205.99 295.02 360.26 377.60 354.57 295.75 209.50 120.44 6.87 0.00 0.00 0.00 0.00
0.00 0.00 0.00 0.00 0.00 0.00 0.00 0.00 0.00 12.68 118.69 202.56 290.10 354.26 371.31 348.66 290.82 206.01 118.43 6.75 0.00 0.00 0.00 0.00
0.00 0.00 0.00 0.00 0.00 0.00 0.00 0.00 0.00 11.55 121.68 208.80 294.00 356.53 369.73 347.05 287.45 201.61 110.84 2.64 0.00 0.00 0.00 0.00
0.00 0.00 0.00 0.00 0.00 0.00 0.00 0.00 0.00 0.46 1.45 2.17 2.83 3.30 3.46 3.26 2.62 1.83 0.92 0.00 0.00 0.00 0.00 0.00
0.00 0.00 0.00 0.00 0.00 0.00 0.00 0.00 0.00 2.34 7.35 11.01 14.32 16.73 17.54 16.52 13.26 9.27 4.66 0.00 0.00 0.00 0.00 0.00
0.00 0.00 0.00 0.00 0.00 0.00 0.00 0.00 0.00 11.96 37.51 56.21 73.12 85.43 89.57 84.33 67.68 47.31 23.79 0.00 0.00 0.00 0.00 0.00
0.00 0.00 0.00 0.00 0.00 0.00 0.00 0.00 0.00 0.48 4.51 7.69 11.01 13.45 14.10 13.24 11.04 7.82 4.50 0.26 0.00 0.00 0.00 0.00
0.00 0.00 0.00 0.00 0.00 0.00 0.00 0.00 0.00 11.83 95.16 160.70 227.78 272.53 284.94 269.50 224.16 156.45 86.39 1.99 0.00 0.00 0.00 0.00
0.00 0.00 0.00 0.00 0.00 0.00 0.00 0.00 0.00 1.79 7.99 12.77 17.37 21.12 22.82 22.01 18.49 13.96 7.65 0.18 0.00 0.00 0.00 0.00
0.00 0.00 0.00 0.00 0.00 0.00 0.00 0.00 0.00 7.66 49.14 81.00 112.14 130.12 132.83 123.76 101.15 72.53 37.03 0.00 0.00 0.00 0.00 0.00
0.00 0.00 0.00 0.00 0.00 0.00 0.00 0.00 0.00 0.20 1.59 2.68 3.80 4.54 4.75 4.49 3.74 2.61 1.44 0.03 0.00 0.00 0.00 0.00
0.00 0.00 0.00 0.00 0.00 0.00 0.00 0.00 0.00 8.87 71.37 120.53 170.83 204.40 213.70 202.12 168.12 117.34 64.79 1.49 0.00 0.00 0.00 0.00
0.00 0.00 0.00 0.00 0.00 0.00 0.00 0.00 0.00 11.39 91.59 154.68 219.23 262.31 274.25 259.39 215.75 150.59 83.15 1.91 0.00 0.00 0.00 0.00
0.00 0.00 0.00 0.00 0.00 0.00 0.00 0.00 0.00 15.24 160.46 275.35 387.72 470.18 487.58 457.67 379.07 265.87 146.17 3.48 0.00 0.00 0.00 0.00
0.00 0.00 0.00 0.00 0.00 0.00 0.00 0.00 0.00 1.03 3.67 5.64 7.85 9.61 10.29 9.65 8.06 5.68 2.97 0.00 0.00 0.00 0.00 0.00
0.00 0.00 0.00 0.00 0.00 0.00 0.00 0.00 0.00 1.31 4.63 7.10 9.90 11.99 12.72 12.01 10.00 7.02 3.66 0.00 0.00 0.00 0.00 0.00
0.00 0.00 0.00 0.00 0.00 0.00 0.00 0.00 0.00 7.38 32.96 52.67 71.64 87.12 94.12 90.81 76.29 57.58 31.58 0.75 0.00 0.00 0.00 0.00
0.00 0.00 0.00 0.00 0.00 0.00 0.00 0.00 0.00 0.00 99.17 184.70 260.00 326.30 348.89 330.66 276.64 196.36 107.83 2.33 0.00 0.00 0.00 0.00
0.00 0.00 0.00 0.00 0.00 0.00 0.00 0.00 0.00 0.37 1.28 1.94 2.61 3.00 3.12 2.95 2.47 1.74 0.86 0.00 0.00 0.00 0.00 0.00
0.00 0.00 0.00 0.00 0.00 0.00 0.00 0.00 0.00 3.28 24.34 40.77 57.22 68.46 70.15 65.24 54.35 38.52 20.66 0.00 0.00 0.00 0.00 0.00
0.00 0.00 0.00 0.00 0.00 0.00 0.00 0.00 0.00 0.63 8.01 14.01 20.11 24.46 26.42 24.92 20.70 15.03 8.99 0.93 0.00 0.00 0.00 0.00
0.00 0.00 0.00 0.00 0.00 0.00 0.00 0.00 0.00 0.79 2.84 4.35 5.80 6.70 6.70 6.15 4.89 3.38 1.48 0.00 0.00 0.00 0.00 0.00
0.00 0.00 0.00 0.00 0.00 0.00 0.00 0.00 0.00 0.39 1.42 2.18 2.90 3.35 3.35 3.08 2.45 1.69 0.74 0.00 0.00 0.00 0.00 0.00
0.00 0.00 0.00 0.00 0.00 0.00 0.00 0.00 0.00 0.86 3.11 4.76 6.35 7.33 7.33 6.73 5.35 3.69 1.62 0.00 0.00 0.00 0.00 0.00
0.00 0.00 0.00 0.00 0.00 0.00 0.00 0.00 0.00 1.05 3.72 5.68 7.49 8.81 8.94 8.33 6.72 4.65 2.07 0.00 0.00 0.00 0.00 0.00
0.00 0.00 0.00 0.00 0.00 0.00 0.00 0.00 0.00 1.60 5.67 8.65 11.42 13.42 13.62 12.69 10.24 7.09 3.16 0.00 0.00 0.00 0.00 0.00
0.00 0.00 0.00 0.00 0.00 0.00 0.00 0.00 0.00 1.31 4.93 7.59 10.33 12.03 12.08 11.03 8.91 6.20 2.81 0.00 0.00 0.00 0.00 0.00
0.00 0.00 0.00 0.00 0.00 0.00 0.00 0.00 0.00 0.72 3.91 6.36 8.72 10.08 10.21 9.67 7.95 5.62 2.73 0.00 0.00 0.00 0.00 0.00
0.00 0.00 0.00 0.00 0.00 0.00 0.00 0.00 0.00 1.86 10.10 16.42 22.53 26.04 26.38 24.97 20.55 14.52 7.04 0.00 0.00 0.00 0.00 0.00
0.00 0.00 0.00 0.00 0.00 0.00 0.00 0.00 0.00 0.50 2.77 4.49 6.12 6.95 7.04 6.64 5.33 3.81 1.91 0.00 0.00 0.00 0.00 0.00
0.00 0.00 0.00 0.00 0.00 0.00 0.00 0.00 0.00 1.78 5.80 8.73 11.45 13.25 13.64 12.87 10.49 7.36 3.53 0.00 0.00 0.00 0.00 0.00
0.00 0.00 0.00 0.00 0.00 0.00 0.00 0.00 0.00 2.67 9.27 14.13 19.08 22.56 23.14 21.28 17.53 12.29 5.76 0.00 0.00 0.00 0.00 0.00
0.00 0.00 0.00 0.00 0.00 0.00 0.00 0.00 0.00 0.46 1.30 1.90 2.43 2.71 2.74 2.54 2.04 1.41 0.62 0.00 0.00 0.00 0.00 0.00
0.00 0.00 0.00 0.00 0.00 0.00 0.00 0.00 0.00 2.57 7.50 11.07 14.50 16.63 16.78 15.44 11.75 8.19 3.85 0.00 0.00 0.00 0.00 0.00
0.00 0.00 0.00 0.00 0.00 0.00 0.00 0.00 0.00 1.82 5.19 7.69 9.92 10.96 11.09 10.20 8.00 5.50 2.51 0.00 0.00 0.00 0.00 0.00
0.00 0.00 0.00 0.00 0.00 0.00 0.00 0.00 0.00 2.51 7.16 10.61 13.68 15.12 15.31 14.08 11.03 7.59 3.46 0.00 0.00 0.00 0.00 0.00
0.00 0.00 0.00 0.00 0.00 0.00 0.00 0.00 0.00 1.71 4.88 7.23 9.32 10.30 10.43 9.59 7.52 5.17 2.36 0.00 0.00 0.00 0.00 0.00
0.00 0.00 0.00 0.00 0.00 0.00 0.00 0.00 0.00 1.37 4.00 5.91 7.73 8.87 8.95 8.23 6.27 4.37 2.05 0.00 0.00 0.00 0.00 0.00
0.00 0.00 0.00 0.00 0.00 0.00 0.00 0.00 0.00 1.46 4.04 5.97 7.54 8.01 8.24 7.53 6.22 4.28 1.92 0.00 0.00 0.00 0.00 0.00
0.00 0.00 0.00 0.00 0.00 0.00 0.00 0.00 0.00 1.33 4.16 6.23 8.10 9.47 9.93 9.35 7.50 5.24 2.64 0.00 0.00 0.00 0.00 0.00
0.00 0.00 0.00 0.00 0.00 0.00 0.00 0.00 0.00 11.81 40.20 61.49 85.89 100.94 105.72 101.41 85.83 60.26 33.42 1.01 0.00 0.00 0.00 0.00
0.00 0.00 0.00 0.00 0.00 0.00 0.00 0.00 0.00 1.65 5.88 9.04 12.30 14.50 15.16 14.43 11.98 8.55 4.38 0.00 0.00 0.00 0.00 0.00
0.00 0.00 0.00 0.00 0.00 0.00 0.00 0.00 0.00 2.71 8.96 13.53 18.36 21.55 22.08 20.92 15.88 11.18 5.56 0.00 0.00 0.00 0.00 0.00
0.00 0.00 0.00 0.00 0.00 0.00 0.00 0.00 0.00 1.24 4.11 6.20 8.41 9.88 10.12 9.59 7.28 5.13 2.55 0.00 0.00 0.00 0.00 0.00
0.00 0.00 0.00 0.00 0.00 0.00 0.00 0.00 0.00 2.05 7.32 11.26 15.21 17.84 18.60 17.71 14.71 10.57 5.40 0.00 0.00 0.00 0.00 0.00
0.00 0.00 0.00 0.00 0.00 0.00 0.00 0.00 0.00 0.91 3.10 4.72 6.33 7.30 7.57 7.17 6.00 4.23 2.09 0.00 0.00 0.00 0.00 0.00
0.00 0.00 0.00 0.00 0.00 0.00 0.00 0.00 0.00 7.64 34.13 54.53 74.17 90.20 97.45 94.02 78.99 59.62 32.69 0.77 0.00 0.00 0.00 0.00
0.00 0.00 0.00 0.00 0.00 0.00 0.00 0.00 0.00 1.83 11.75 19.37 26.82 31.12 31.76 29.59 24.19 17.35 8.86 0.00 0.00 0.00 0.00 0.00
0.00 0.00 0.00 0.00 0.00 0.00 0.00 0.00 0.00 0.44 2.69 4.43 6.10 7.21 7.33 6.83 5.57 3.98 2.05 0.00 0.00 0.00 0.00 0.00
0.00 0.00 0.00 0.00 0.00 0.00 0.00 0.00 0.00 0.60 3.35 5.46 7.52 9.01 9.34 8.75 7.15 5.06 2.63 0.00 0.00 0.00 0.00 0.00
0.00 0.00 0.00 0.00 0.00 0.00 0.00 0.00 0.00 0.97 5.35 8.73 12.03 14.42 14.95 13.99 11.44 8.10 4.21 0.00 0.00 0.00 0.00 0.00
0.00 0.00 0.00 0.00 0.00 0.00 0.00 0.00 0.00 13.11 122.71 209.43 299.93 366.27 383.90 360.48 300.68 212.99 122.45 6.98 0.00 0.00 0.00 0.00
