0.00 0.00 0.00 0.00 0.00 0.00 0.00 0.08 0.62 1.15 3.02 4.01 4.84 5.49 5.61 5.31 4.72 3.78 2.57 1.39 0.50 0.00 0.00 0.00
0.00 0.00 0.00 0.00 0.00 0.00 0.00 4.18 18.73 32.42 47.89 63.38 75.32 82.69 83.02 77.68 65.69 50.95 33.43 12.94 1.69 0.00 0.00 0.00
0.00 0.00 0.00 0.00 0.00 0.00 0.00 1.91 14.26 26.23 69.00 91.80 110.67 125.63 128.30 121.43 107.85 86.33 58.70 31.89 11.39 0.00 0.00 0.00
0.00 0.00 0.00 0.00 0.00 0.00 0.00 6.79 50.67 93.22 245.23 326.26 393.30 446.50 455.99 431.57 383.28 306.82 208.60 113.33 40.48 0.00 0.00 0.00
0.00 0.00 0.00 0.00 0.00 0.00 0.00 1.13 3.39 5.57 8.38 10.71 12.20 13.53 13.51 12.31 9.16 6.92 4.38 1.78 0.09 0.00 0.00 0.00
0.00 0.00 0.00 0.00 0.00 0.00 0.00 12.07 189.66 360.68 578.11 774.91 935.99 1043.67 1054.49 990.98 843.88 659.70 459.51 256.95 94.70 0.00 0.00 0.00
0.00 0.00 0.00 0.00 0.00 0.00 0.00 0.54 1.66 2.73 3.47 4.41 5.14 3.38 3.48 3.29 4.35 3.37 2.19 1.70 0.38 0.00 0.00 0.00
0.00 0.00 0.00 0.00 0.00 0.00 0.00 0.27 1.08 1.85 2.49 3.30 3.90 4.14 4.15 3.96 4.07 3.20 2.11 0.79 0.12 0.00 0.00 0.00
0.00 0.00 0.00 0.00 0.00 0.00 0.00 0.43 1.73 2.96 3.99 5.28 6.24 6.62 6.64 6.33 6.52 5.11 3.37 1.27 0.19 0.00 0.00 0.00
0.00 0.00 0.00 0.00 0.00 0.00 0.00 0.43 1.73 2.96 3.99 5.28 6.24 6.62 6.64 6.33 6.52 5.11 3.37 1.27 0.19 0.00 0.00 0.00
0.00 0.00 0.00 0.00 0.00 0.00 0.00 0.82 3.60 6.22 9.50 12.93 15.77 12.79 13.34 12.77 11.65 9.13 6.02 3.05 0.65 0.00 0.00 0.00
0.00 0.00 0.00 0.00 0.00 0.00 0.00 0.38 1.70 2.93 4.55 6.20 7.52 6.46 6.69 6.37 5.56 4.34 2.84 1.33 0.28 0.00 0.00 0.00
0.00 0.00 0.00 0.00 0.00 0.00 0.00 0.49 2.18 3.77 5.85 7.98 9.67 8.30 8.60 8.19 7.15 5.58 3.66 1.71 0.36 0.00 0.00 0.00
0.00 0.00 0.00 0.00 0.00 0.00 0.00 0.33 1.45 2.51 3.90 5.32 6.45 5.53 5.74 5.46 4.76 3.72 2.44 1.14 0.24 0.00 0.00 0.00
0.00 0.00 0.00 0.00 0.00 0.00 0.00 0.33 1.45 2.51 3.90 5.32 6.45 5.53 5.74 5.46 4.76 3.72 2.44 1.14 0.24 0.00 0.00 0.00
0.00 0.00 0.00 0.00 0.00 0.00 0.00 2.66 22.06 40.39 62.56 81.62 95.72 104.70 106.55 102.46 89.96 69.51 44.58 18.93 3.55 0.00 0.00 0.00
0.00 0.00 0.00 0.00 0.00 0.00 0.00 2.85 11.71 20.05 29.14 38.72 47.06 36.30 37.16 36.14 33.91 26.53 17.58 9.66 2.01 0.00 0.00 0.00
0.00 0.00 0.00 0.00 0.00 0.00 0.00 2.41 9.95 17.08 20.32 26.69 32.36 23.90 24.59 23.75 30.11 23.66 15.58 7.91 1.85 0.00 0.00 0.00
0.00 0.00 0.00 0.00 0.00 0.00 0.00 3.56 55.94 106.39 170.52 228.57 276.08 307.85 311.04 292.30 248.92 194.59 135.54 75.79 27.93 0.00 0.00 0.00
0.00 0.00 0.00 0.00 0.00 0.00 0.00 3.39 53.21 101.20 162.20 217.42 262.62 292.83 295.86 278.04 236.77 185.10 128.93 72.09 26.57 0.00 0.00 0.00
0.00 0.00 0.00 0.00 0.00 0.00 0.00 6.51 102.34 194.61 311.93 418.11 505.03 563.13 568.97 534.70 455.33 355.95 247.94 138.64 51.10 0.00 0.00 0.00
0.00 0.00 0.00 0.00 0.00 0.00 0.00 6.40 100.63 191.37 306.73 411.15 496.61 553.75 559.49 525.79 447.74 350.02 243.81 136.33 50.25 0.00 0.00 0.00
0.00 0.00 0.00 0.00 0.00 0.00 0.00 16.43 115.20 210.48 329.10 438.84 525.81 582.32 595.95 565.80 504.34 403.51 276.09 157.09 58.92 0.00 0.00 0.00
0.00 0.00 0.00 0.00 0.00 0.00 0.00 0.27 1.08 1.85 2.49 3.30 3.90 4.14 4.15 3.96 4.07 3.20 2.11 0.79 0.12 0.00 0.00 0.00
0.00 0.00 0.00 0.00 0.00 0.00 0.00 1.35 5.49 9.38 12.62 16.72 19.76 20.97 21.04 20.06 20.63 16.19 10.67 4.01 0.61 0.00 0.00 0.00
0.00 0.00 0.00 0.00 0.00 0.00 0.00 6.87 28.02 47.89 64.45 85.36 100.86 107.06 107.40 102.39 105.35 82.65 54.48 20.46 3.10 0.00 0.00 0.00
0.00 0.00 0.00 0.00 0.00 0.00 0.00 0.24 3.82 7.27 11.65 15.61 18.85 21.02 21.24 19.96 17.00 13.29 9.26 5.18 1.91 0.00 0.00 0.00
0.00 0.00 0.00 0.00 0.00 0.00 0.00 6.68 49.88 91.77 241.41 321.18 387.17 439.54 448.88 424.84 377.31 302.04 205.35 111.57 39.85 0.00 0.00 0.00
0.00 0.00 0.00 0.00 0.00 0.00 0.00 0.64 4.59 8.34 13.12 18.92 24.09 28.61 30.24 29.09 25.51 20.28 13.92 6.69 1.88 0.00 0.00 0.00
0.00 0.00 0.00 0.00 0.00 0.00 0.00 7.29 31.62 55.04 124.34 161.18 188.11 205.76 208.53 197.90 175.41 141.11 97.34 50.01 16.76 0.00 0.00 0.00
0.00 0.00 0.00 0.00 0.00 0.00 0.00 0.11 0.83 1.53 4.02 5.35 6.45 7.33 7.48 7.08 6.29 5.03 3.42 1.86 0.66 0.00 0.00 0.00
0.00 0.00 0.00 0.00 0.00 0.00 0.00 5.01 37.41 68.83 181.05 240.88 290.38 329.65 336.66 318.63 282.98 226.53 154.01 83.67 29.89 0.00 0.00 0.00
0.00 0.00 0.00 0.00 0.00 0.00 0.00 6.43 48.01 88.33 232.35 309.13 372.65 423.06 432.05 408.91 363.16 290.71 197.65 107.38 38.36 0.00 0.00 0.00
0.00 0.00 0.00 0.00 0.00 0.00 0.00 21.67 151.92 277.57 434.01 578.72 693.42 767.93 785.91 746.15 665.10 532.13 364.10 207.16 77.70 0.00 0.00 0.00
0.00 0.00 0.00 0.00 0.00 0.00 0.00 0.53 2.61 4.57 6.79 9.34 11.49 10.32 10.49 10.11 8.69 6.79 4.56 2.14 0.46 0.00 0.00 0.00
0.00 0.00 0.00 0.00 0.00 0.00 0.00 0.68 3.24 5.66 8.39 11.46 14.30 12.87 13.22 12.71 11.38 8.81 5.84 2.57 0.55 0.00 0.00 0.00
0.00 0.00 0.00 0.00 0.00 0.00 0.00 2.66 18.93 34.41 54.12 78.06 99.38 118.02 124.76 119.98 105.23 83.66 57.44 27.61 7.77 0.00 0.00 0.00
0.00 0.00 0.00 0.00 0.00 0.00 0.00 18.30 124.14 226.09 338.94 452.30 541.24 599.04 613.44 594.39 487.98 392.70 281.71 193.46 83.82 0.00 0.00 0.00
0.00 0.00 0.00 0.00 0.00 0.00 0.00 0.24 0.94 1.60 2.21 3.02 3.64 3.06 3.14 2.99 2.74 2.14 1.42 0.73 0.14 0.00 0.00 0.00
0.00 0.00 0.00 0.00 0.00 0.00 0.00 2.83 16.14 29.00 61.76 81.50 96.84 107.29 109.05 102.89 91.57 73.69 51.85 27.69 9.66 0.00 0.00 0.00
0.00 0.00 0.00 0.00 0.00 0.00 0.00 0.00 6.68 13.36 21.48 29.19 34.79 38.62 38.52 35.47 30.12 23.93 16.99 9.83 3.81 0.00 0.00 0.00
0.00 0.00 0.00 0.00 0.00 0.00 0.00 0.70 2.09 3.42 4.69 6.11 7.07 3.93 4.00 3.83 4.67 3.62 2.38 1.91 0.41 0.00 0.00 0.00
0.00 0.00 0.00 0.00 0.00 0.00 0.00 0.35 1.05 1.71 2.35 3.06 3.53 1.97 2.00 1.92 2.33 1.81 1.19 0.96 0.20 0.00 0.00 0.00
0.00 0.00 0.00 0.00 0.00 0.00 0.00 0.77 2.29 3.74 5.13 6.69 7.73 4.30 4.38 4.19 5.11 3.96 2.60 2.09 0.44 0.00 0.00 0.00
0.00 0.00 0.00 0.00 0.00 0.00 0.00 0.78 2.38 3.88 6.70 8.72 10.04 6.29 6.45 6.27 5.89 4.52 3.02 2.25 0.46 0.00 0.00 0.00
0.00 0.00 0.00 0.00 0.00 0.00 0.00 1.19 3.62 5.92 10.21 13.29 15.31 9.59 9.82 9.56 8.97 6.89 4.60 3.43 0.71 0.00 0.00 0.00
0.00 0.00 0.00 0.00 0.00 0.00 0.00 1.21 3.78 6.21 6.86 8.73 10.17 7.10 7.20 6.84 9.26 7.19 4.77 3.56 0.80 0.00 0.00 0.00
0.00 0.00 0.00 0.00 0.00 0.00 0.00 0.45 1.64 2.78 7.19 9.26 10.78 16.45 16.34 15.26 13.36 10.52 7.22 3.62 1.14 0.00 0.00 0.00
0.00 0.00 0.00 0.00 0.00 0.00 0.00 1.15 4.22 7.18 18.57 23.93 27.85 42.50 42.20 39.43 34.52 27.18 18.66 9.34 2.96 0.00 0.00 0.00
0.00 0.00 0.00 0.00 0.00 0.00 0.00 0.29 1.17 2.01 5.43 7.06 8.22 11.11 11.24 10.48 9.10 7.20 4.95 2.51 0.79 0.00 0.00 0.00
0.00 0.00 0.00 0.00 0.00 0.00 0.00 1.27 4.49 7.50 11.08 14.60 17.29 16.99 17.51 16.62 11.11 8.60 5.72 3.29 0.58 0.00 0.00 0.00
0.00 0.00 0.00 0.00 0.00 0.00 0.00 2.15 7.20 11.95 16.04 21.27 25.85 21.27 21.55 20.56 13.80 10.64 6.93 3.87 0.78 0.00 0.00 0.00
0.00 0.00 0.00 0.00 0.00 0.00 0.00 0.34 1.02 1.66 2.38 3.02 3.43 4.10 4.09 3.87 3.01 2.29 1.49 0.65 0.05 0.00 0.00 0.00
0.00 0.00 0.00 0.00 0.00 0.00 0.00 1.91 6.38 10.55 15.48 20.03 23.16 24.36 24.41 23.12 20.83 16.08 10.50 3.98 0.42 0.00 0.00 0.00
0.00 0.00 0.00 0.00 0.00 0.00 0.00 1.35 4.25 6.99 10.69 13.79 15.76 15.77 15.79 14.82 13.26 10.24 6.62 2.52 0.21 0.00 0.00 0.00
0.00 0.00 0.00 0.00 0.00 0.00 0.00 1.86 5.86 9.64 14.76 19.03 21.75 21.76 21.79 20.45 18.30 14.13 9.13 3.47 0.30 0.00 0.00 0.00
0.00 0.00 0.00 0.00 0.00 0.00 0.00 1.27 3.99 6.57 10.05 12.96 14.82 14.82 14.84 13.93 12.47 9.63 6.22 2.36 0.20 0.00 0.00 0.00
0.00 0.00 0.00 0.00 0.00 0.00 0.00 1.02 3.40 5.63 8.25 10.68 12.35 12.99 13.02 12.33 11.11 8.58 5.60 2.12 0.22 0.00 0.00 0.00
0.00 0.00 0.00 0.00 0.00 0.00 0.00 1.04 3.16 5.22 7.95 10.12 11.64 12.39 12.37 11.36 8.83 6.65 4.20 1.66 0.10 0.00 0.00 0.00
0.00 0.00 0.00 0.00 0.00 0.00 0.00 0.76 3.11 5.31 7.14 9.46 11.18 11.86 11.90 11.35 11.68 9.16 6.04 2.27 0.34 0.00 0.00 0.00
0.00 0.00 0.00 0.00 0.00 0.00 0.00 3.46 28.72 52.57 81.43 106.24 124.58 136.28 138.68 133.36 117.09 90.47 58.02 24.64 4.62 0.00 0.00 0.00
0.00 0.00 0.00 0.00 0.00 0.00 0.00 0.93 4.08 7.05 10.77 14.66 17.88 14.49 15.12 14.47 13.21 10.35 6.83 3.46 0.74 0.00 0.00 0.00
0.00 0.00 0.00 0.00 0.00 0.00 0.00 1.60 6.28 10.66 16.77 23.04 27.42 27.02 27.19 25.93 26.18 20.28 13.38 5.34 1.00 0.00 0.00 0.00
0.00 0.00 0.00 0.00 0.00 0.00 0.00 0.73 2.88 4.89 7.69 10.56 12.57 12.39 12.46 11.88 12.00 9.30 6.13 2.45 0.46 0.00 0.00 0.00
0.00 0.00 0.00 0.00 0.00 0.00 0.00 1.18 5.15 8.90 13.59 18.40 22.50 17.25 17.99 17.26 16.28 12.77 8.46 4.48 0.96 0.00 0.00 0.00
0.00 0.00 0.00 0.00 0.00 0.00 0.00 0.59 2.29 3.88 5.37 7.33 8.84 7.42 7.63 7.27 6.65 5.19 3.45 1.77 0.35 0.00 0.00 0.00
0.00 0.00 0.00 0.00 0.00 0.00 0.00 2.75 19.60 35.63 56.04 80.82 102.90 122.19 129.17 124.22 108.95 86.62 59.47 28.58 8.04 0.00 0.00 0.00
0.00 0.00 0.00 0.00 0.00 0.00 0.00 1.74 7.56 13.16 29.73 38.54 44.98 49.20 49.87 47.32 41.94 33.74 23.28 11.96 4.01 0.00 0.00 0.00
0.00 0.00 0.00 0.00 0.00 0.00 0.00 0.25 1.15 2.02 6.25 8.11 9.47 11.11 11.36 10.66 9.48 7.55 5.21 2.64 0.88 0.00 0.00 0.00
0.00 0.00 0.00 0.00 0.00 0.00 0.00 0.26 1.24 2.19 5.87 7.75 9.27 13.84 13.84 12.96 11.71 9.22 6.33 3.18 1.01 0.00 0.00 0.00
0.00 0.00 0.00 0.00 0.00 0.00 0.00 0.42 1.99 3.51 9.39 12.40 14.83 22.14 22.15 20.74 18.73 14.75 10.13 5.09 1.61 0.00 0.00 0.00
0.00 0.00 0.00 0.00 0.00 0.00 0.00 6.62 104.04 197.85 317.13 425.08 513.45 572.52 578.45 543.61 462.92 361.89 252.07 140.95 51.95 0.00 0.00 0.00
