0.00 0.00 0.00 0.00 0.00 0.00 0.00 0.00 0.73 1.64 2.69 3.61 4.26 4.72 4.75 4.59 4.14 3.39 2.36 1.12 0.35 0.00 0.00 0.00
0.00 0.00 0.00 0.00 0.00 0.00 0.00 0.00 16.10 32.33 51.11 64.91 75.47 87.76 86.86 80.82 65.34 50.47 33.80 12.28 0.85 0.00 0.00 0.00
0.00 0.00 0.00 0.00 0.00 0.00 0.00 0.00 16.66 37.46 61.49 82.51 97.47 108.00 108.64 104.94 94.64 77.50 53.99 25.60 7.91 0.00 0.00 0.00
0.00 0.00 0.00 0.00 0.00 0.00 0.00 0.00 59.22 133.13 218.53 293.22 346.40 383.83 386.10 372.93 336.35 275.41 191.86 90.98 28.13 0.00 0.00 0.00
0.00 0.00 0.00 0.00 0.00 0.00 0.00 0.19 1.58 2.90 5.59 7.05 7.96 11.05 10.73 9.83 6.69 5.15 3.27 1.57 0.00 0.00 0.00 0.00
0.00 0.00 0.00 0.00 0.00 0.00 0.00 0.00 113.83 272.65 459.67 621.90 751.85 834.85 866.63 863.42 800.44 652.89 449.41 223.44 72.93 0.00 0.00 0.00
0.00 0.00 0.00 0.00 0.00 0.00 0.00 0.16 1.94 3.61 5.71 7.42 8.62 9.17 9.04 8.47 6.84 5.25 3.43 1.44 0.20 0.00 0.00 0.00
0.00 0.00 0.00 0.00 0.00 0.00 0.00 0.00 0.56 1.11 2.36 3.07 3.56 5.34 5.17 4.89 4.20 3.26 2.16 0.84 0.07 0.00 0.00 0.00
0.00 0.00 0.00 0.00 0.00 0.00 0.00 0.00 0.89 1.77 3.78 4.91 5.69 8.54 8.26 7.82 6.72 5.22 3.46 1.34 0.11 0.00 0.00 0.00
0.00 0.00 0.00 0.00 0.00 0.00 0.00 0.00 0.89 1.77 3.78 4.91 5.69 8.54 8.26 7.82 6.72 5.22 3.46 1.34 0.11 0.00 0.00 0.00
0.00 0.00 0.00 0.00 0.00 0.00 0.00 0.00 3.00 6.08 9.51 12.70 14.77 18.51 18.45 17.37 15.08 11.81 7.55 3.03 0.46 0.00 0.00 0.00
0.00 0.00 0.00 0.00 0.00 0.00 0.00 0.00 1.27 2.58 4.14 5.53 6.42 8.64 8.59 8.03 7.00 5.51 3.52 1.42 0.21 0.00 0.00 0.00
0.00 0.00 0.00 0.00 0.00 0.00 0.00 0.00 1.64 3.32 5.32 7.11 8.25 11.10 11.05 10.32 9.00 7.08 4.52 1.83 0.27 0.00 0.00 0.00
0.00 0.00 0.00 0.00 0.00 0.00 0.00 0.00 1.09 2.21 3.55 4.74 5.50 7.40 7.36 6.88 6.00 4.72 3.02 1.22 0.18 0.00 0.00 0.00
0.00 0.00 0.00 0.00 0.00 0.00 0.00 0.00 1.09 2.21 3.55 4.74 5.50 7.40 7.36 6.88 6.00 4.72 3.02 1.22 0.18 0.00 0.00 0.00
0.00 0.00 0.00 0.00 0.00 0.00 0.00 0.00 18.42 40.40 64.40 85.33 99.48 112.41 111.86 105.19 95.65 73.96 48.86 20.24 2.88 0.00 0.00 0.00
0.00 0.00 0.00 0.00 0.00 0.00 0.00 0.00 8.82 17.62 26.80 35.86 41.80 54.21 53.99 50.01 49.88 38.96 25.27 9.81 1.39 0.00 0.00 0.00
0.00 0.00 0.00 0.00 0.00 0.00 0.00 0.00 9.14 18.31 27.43 36.72 42.35 45.61 45.35 42.53 39.74 31.20 20.24 8.02 1.34 0.00 0.00 0.00
0.00 0.00 0.00 0.00 0.00 0.00 0.00 0.00 33.58 80.42 135.59 183.44 221.77 246.25 255.62 254.68 236.10 192.58 132.56 65.91 21.51 0.00 0.00 0.00
0.00 0.00 0.00 0.00 0.00 0.00 0.00 0.00 31.94 76.50 128.97 174.49 210.95 234.24 243.16 242.25 224.58 183.19 126.09 62.69 20.46 0.00 0.00 0.00
0.00 0.00 0.00 0.00 0.00 0.00 0.00 0.00 61.42 147.11 248.02 335.56 405.68 450.46 467.61 465.87 431.89 352.28 242.49 120.56 39.35 0.00 0.00 0.00
0.00 0.00 0.00 0.00 0.00 0.00 0.00 0.00 60.39 144.66 243.89 329.96 398.91 442.95 459.81 458.11 424.69 346.41 238.45 118.55 38.70 0.00 0.00 0.00
0.00 0.00 0.00 0.00 0.00 0.00 0.00 0.00 76.07 170.47 277.73 378.08 457.29 509.66 524.07 502.64 458.60 363.90 251.87 122.75 40.12 0.00 0.00 0.00
0.00 0.00 0.00 0.00 0.00 0.00 0.00 0.00 0.56 1.11 2.36 3.07 3.56 5.34 5.17 4.89 4.20 3.26 2.16 0.84 0.07 0.00 0.00 0.00
0.00 0.00 0.00 0.00 0.00 0.00 0.00 0.00 2.83 5.62 11.98 15.55 18.02 27.04 26.17 24.76 21.30 16.52 10.94 4.25 0.36 0.00 0.00 0.00
0.00 0.00 0.00 0.00 0.00 0.00 0.00 0.00 14.46 28.67 61.15 79.41 92.02 138.06 133.61 126.39 108.72 84.35 55.88 21.72 1.85 0.00 0.00 0.00
0.00 0.00 0.00 0.00 0.00 0.00 0.00 0.00 2.29 5.49 9.26 12.53 15.15 16.82 17.46 17.39 16.12 13.15 9.05 4.50 1.47 0.00 0.00 0.00
0.00 0.00 0.00 0.00 0.00 0.00 0.00 0.00 58.29 131.06 215.12 288.65 341.01 377.84 380.08 367.12 331.11 271.12 188.87 89.56 27.69 0.00 0.00 0.00
0.00 0.00 0.00 0.00 0.00 0.00 0.00 0.00 4.80 10.56 17.45 23.90 28.54 25.80 25.62 24.17 23.00 18.21 12.17 5.44 1.25 0.00 0.00 0.00
0.00 0.00 0.00 0.00 0.00 0.00 0.00 0.00 32.72 67.17 110.29 149.53 177.33 193.71 194.90 184.36 163.62 131.20 90.32 40.57 10.99 0.00 0.00 0.00
0.00 0.00 0.00 0.00 0.00 0.00 0.00 0.00 0.97 2.18 3.59 4.81 5.68 6.30 6.33 6.12 5.52 4.52 3.15 1.49 0.46 0.00 0.00 0.00
0.00 0.00 0.00 0.00 0.00 0.00 0.00 0.00 43.72 98.29 161.34 216.49 255.75 283.38 285.06 275.34 248.33 203.34 141.66 67.17 20.77 0.00 0.00 0.00
0.00 0.00 0.00 0.00 0.00 0.00 0.00 0.00 56.11 126.14 207.06 277.83 328.22 363.67 365.83 353.35 318.69 260.95 181.79 86.20 26.65 0.00 0.00 0.00
0.00 0.00 0.00 0.00 0.00 0.00 0.00 0.00 100.32 224.81 366.25 498.59 603.05 672.11 691.12 662.85 604.78 479.89 332.15 161.87 52.91 0.00 0.00 0.00
0.00 0.00 0.00 0.00 0.00 0.00 0.00 0.00 1.92 3.97 6.84 9.17 10.66 13.50 13.46 12.54 10.77 8.15 5.46 2.16 0.34 0.00 0.00 0.00
0.00 0.00 0.00 0.00 0.00 0.00 0.00 0.00 2.34 4.82 8.39 11.24 13.08 17.05 17.00 15.83 12.85 9.79 6.46 2.62 0.40 0.00 0.00 0.00
0.00 0.00 0.00 0.00 0.00 0.00 0.00 0.00 19.82 43.58 72.00 98.59 117.73 106.41 105.69 99.71 94.85 75.12 50.19 22.44 5.14 0.00 0.00 0.00
0.00 0.00 0.00 0.00 0.00 0.00 0.00 0.00 73.75 168.33 276.07 379.96 462.23 512.72 519.45 486.91 455.84 367.76 257.36 139.47 53.93 0.00 0.00 0.00
0.00 0.00 0.00 0.00 0.00 0.00 0.00 0.00 0.65 1.29 2.01 2.68 3.09 4.12 4.12 3.84 3.97 3.01 2.00 0.76 0.10 0.00 0.00 0.00
0.00 0.00 0.00 0.00 0.00 0.00 0.00 0.00 15.35 33.24 53.78 72.77 87.68 96.53 97.67 93.44 82.78 65.63 45.74 21.34 6.28 0.00 0.00 0.00
0.00 0.00 0.00 0.00 0.00 0.00 0.00 0.00 3.58 9.36 16.23 22.62 27.31 30.84 31.52 30.63 28.74 22.59 16.13 8.45 2.97 0.00 0.00 0.00
0.00 0.00 0.00 0.00 0.00 0.00 0.00 0.24 2.32 4.27 6.53 8.51 9.82 10.42 10.36 9.72 8.03 6.23 4.01 1.62 0.20 0.00 0.00 0.00
0.00 0.00 0.00 0.00 0.00 0.00 0.00 0.12 1.16 2.14 3.26 4.25 4.91 5.21 5.18 4.86 4.01 3.11 2.00 0.81 0.10 0.00 0.00 0.00
0.00 0.00 0.00 0.00 0.00 0.00 0.00 0.26 2.54 4.67 7.14 9.30 10.74 11.40 11.33 10.63 8.78 6.81 4.38 1.78 0.22 0.00 0.00 0.00
0.00 0.00 0.00 0.00 0.00 0.00 0.00 0.28 3.01 5.58 8.62 11.16 13.03 13.36 13.11 12.35 9.77 7.49 4.82 2.08 0.25 0.00 0.00 0.00
0.00 0.00 0.00 0.00 0.00 0.00 0.00 0.43 4.59 8.50 13.13 17.01 19.86 20.36 19.98 18.82 14.89 11.42 7.34 3.16 0.38 0.00 0.00 0.00
0.00 0.00 0.00 0.00 0.00 0.00 0.00 0.29 3.95 7.39 11.61 14.95 17.44 18.34 17.98 16.93 13.45 10.42 6.87 2.98 0.42 0.00 0.00 0.00
0.00 0.00 0.00 0.00 0.00 0.00 0.00 0.00 2.91 5.73 9.00 12.21 14.42 15.40 15.54 14.82 13.23 10.40 6.98 3.03 0.74 0.00 0.00 0.00
0.00 0.00 0.00 0.00 0.00 0.00 0.00 0.00 7.51 14.81 23.26 31.55 37.26 39.79 40.15 38.28 34.18 26.88 18.03 7.82 1.91 0.00 0.00 0.00
0.00 0.00 0.00 0.00 0.00 0.00 0.00 0.00 1.89 3.80 5.98 8.11 9.64 10.40 10.32 9.65 8.52 6.69 4.60 2.04 0.50 0.00 0.00 0.00
0.00 0.00 0.00 0.00 0.00 0.00 0.00 0.07 2.70 5.19 8.54 11.21 12.90 17.36 17.25 15.81 17.00 12.97 8.32 3.07 0.31 0.00 0.00 0.00
0.00 0.00 0.00 0.00 0.00 0.00 0.00 0.31 6.80 12.93 18.70 24.70 28.61 27.53 27.76 25.97 22.89 17.58 11.32 5.06 0.62 0.00 0.00 0.00
0.00 0.00 0.00 0.00 0.00 0.00 0.00 0.07 0.56 1.03 1.70 2.15 2.42 3.48 3.34 3.09 2.57 1.97 1.25 0.47 0.00 0.00 0.00 0.00
0.00 0.00 0.00 0.00 0.00 0.00 0.00 0.16 2.74 5.20 10.63 13.42 15.03 23.64 22.68 21.13 18.94 14.52 9.39 3.64 0.09 0.00 0.00 0.00
0.00 0.00 0.00 0.00 0.00 0.00 0.00 0.18 1.98 3.69 6.89 8.67 9.68 14.83 14.06 13.30 9.74 7.44 4.83 2.22 0.00 0.00 0.00 0.00
0.00 0.00 0.00 0.00 0.00 0.00 0.00 0.25 2.73 5.09 9.50 11.96 13.35 20.47 19.40 18.35 13.45 10.27 6.67 3.06 0.00 0.00 0.00 0.00
0.00 0.00 0.00 0.00 0.00 0.00 0.00 0.17 1.86 3.47 6.47 8.15 9.09 13.94 13.22 12.50 9.16 6.99 4.54 2.09 0.00 0.00 0.00 0.00
0.00 0.00 0.00 0.00 0.00 0.00 0.00 0.09 1.46 2.77 5.67 7.16 8.01 12.61 12.09 11.27 10.10 7.74 5.01 1.94 0.05 0.00 0.00 0.00
0.00 0.00 0.00 0.00 0.00 0.00 0.00 0.16 1.46 2.69 5.33 6.70 7.56 10.55 10.36 9.62 6.88 5.31 3.36 1.56 0.00 0.00 0.00 0.00
0.00 0.00 0.00 0.00 0.00 0.00 0.00 0.00 1.60 3.18 6.78 8.80 10.20 15.30 14.81 14.01 12.05 9.35 6.19 2.41 0.20 0.00 0.00 0.00
0.00 0.00 0.00 0.00 0.00 0.00 0.00 0.00 23.98 52.59 83.82 111.07 129.48 146.32 145.59 136.91 124.49 96.27 63.59 26.35 3.75 0.00 0.00 0.00
0.00 0.00 0.00 0.00 0.00 0.00 0.00 0.00 3.40 6.89 10.78 14.39 16.74 20.98 20.91 19.69 17.09 13.38 8.56 3.43 0.52 0.00 0.00 0.00
0.00 0.00 0.00 0.00 0.00 0.00 0.00 0.00 3.15 6.25 12.46 16.59 19.46 32.22 31.99 29.52 28.86 21.97 14.29 5.28 0.62 0.00 0.00 0.00
0.00 0.00 0.00 0.00 0.00 0.00 0.00 0.00 1.44 2.86 5.71 7.60 8.92 14.77 14.66 13.53 13.23 10.07 6.55 2.42 0.29 0.00 0.00 0.00
0.00 0.00 0.00 0.00 0.00 0.00 0.00 0.00 4.31 8.71 13.64 18.15 21.16 26.21 26.10 24.57 22.09 17.25 11.08 4.36 0.66 0.00 0.00 0.00
0.00 0.00 0.00 0.00 0.00 0.00 0.00 0.00 1.59 3.13 4.89 6.50 7.50 10.00 10.00 9.33 9.64 7.31 4.86 1.86 0.24 0.00 0.00 0.00
0.00 0.00 0.00 0.00 0.00 0.00 0.00 0.00 20.52 45.12 74.54 102.07 121.90 110.17 109.43 103.23 98.21 77.78 51.96 23.23 5.33 0.00 0.00 0.00
0.00 0.00 0.00 0.00 0.00 0.00 0.00 0.00 7.82 16.06 26.37 35.76 42.40 46.32 46.61 44.09 39.13 31.37 21.60 9.70 2.63 0.00 0.00 0.00
0.00 0.00 0.00 0.00 0.00 0.00 0.00 0.00 1.78 3.69 5.89 7.93 9.61 10.51 10.38 9.78 8.74 6.98 4.82 2.15 0.58 0.00 0.00 0.00
0.00 0.00 0.00 0.00 0.00 0.00 0.00 0.00 2.25 4.69 7.57 10.06 11.70 12.67 12.78 12.25 10.83 8.68 5.95 2.63 0.67 0.00 0.00 0.00
0.00 0.00 0.00 0.00 0.00 0.00 0.00 0.00 3.60 7.50 12.10 16.09 18.72 20.27 20.45 19.60 17.34 13.89 9.51 4.20 1.07 0.00 0.00 0.00
0.00 0.00 0.00 0.00 0.00 0.00 0.00 0.00 62.44 149.57 252.16 341.15 412.44 457.96 475.40 473.64 439.09 358.15 246.53 122.57 40.01 0.00 0.00 0.00
