0.00 0.00 0.00 0.00 0.00 0.00 0.00 0.00 0.00 0.45 1.39 2.13 2.79 3.14 3.22 2.92 2.28 1.52 0.64 0.00 0.00 0.00 0.00 0.00
0.00 0.00 0.00 0.00 0.00 0.00 0.00 0.00 0.00 13.99 30.67 44.59 54.77 58.60 56.91 50.93 40.27 26.36 9.57 0.00 0.00 0.00 0.00 0.00
0.00 0.00 0.00 0.00 0.00 0.00 0.00 0.00 0.00 10.37 31.76 48.76 63.82 71.82 73.55 66.75 52.06 34.79 14.56 0.00 0.00 0.00 0.00 0.00
0.00 0.00 0.00 0.00 0.00 0.00 0.00 0.00 0.00 36.84 112.86 173.28 226.81 255.26 261.40 237.24 185.03 123.63 51.73 0.00 0.00 0.00 0.00 0.00
0.00 0.00 0.00 0.00 0.00 0.00 0.00 0.00 0.17 2.76 5.70 8.14 9.54 9.81 9.51 8.44 6.35 3.91 0.96 0.00 0.00 0.00 0.00 0.00
0.00 0.00 0.00 0.00 0.00 0.00 0.00 0.00 0.00 80.83 252.57 390.78 523.57 596.15 614.09 564.47 450.73 292.96 132.62 0.00 0.00 0.00 0.00 0.00
0.00 0.00 0.00 0.00 0.00 0.00 0.00 0.00 0.00 1.18 2.84 4.39 5.37 5.66 5.60 4.91 3.63 2.25 0.58 0.00 0.00 0.00 0.00 0.00
0.00 0.00 0.00 0.00 0.00 0.00 0.00 0.00 0.00 0.81 1.78 2.63 3.17 3.42 3.39 3.01 2.32 1.51 0.52 0.00 0.00 0.00 0.00 0.00
0.00 0.00 0.00 0.00 0.00 0.00 0.00 0.00 0.00 1.29 2.86 4.21 5.08 5.47 5.43 4.81 3.71 2.42 0.84 0.00 0.00 0.00 0.00 0.00
0.00 0.00 0.00 0.00 0.00 0.00 0.00 0.00 0.00 1.29 2.86 4.21 5.08 5.47 5.43 4.81 3.71 2.42 0.84 0.00 0.00 0.00 0.00 0.00
0.00 0.00 0.00 0.00 0.00 0.00 0.00 0.00 0.00 2.48 5.87 8.82 11.29 12.68 12.82 11.64 9.00 5.91 2.13 0.00 0.00 0.00 0.00 0.00
0.00 0.00 0.00 0.00 0.00 0.00 0.00 0.00 0.00 1.20 2.81 4.25 5.48 6.03 6.06 5.50 4.23 2.77 1.00 0.00 0.00 0.00 0.00 0.00
0.00 0.00 0.00 0.00 0.00 0.00 0.00 0.00 0.00 1.54 3.61 5.47 7.05 7.75 7.79 7.07 5.44 3.56 1.28 0.00 0.00 0.00 0.00 0.00
0.00 0.00 0.00 0.00 0.00 0.00 0.00 0.00 0.00 1.02 2.40 3.64 4.70 5.17 5.19 4.72 3.63 2.38 0.86 0.00 0.00 0.00 0.00 0.00
0.00 0.00 0.00 0.00 0.00 0.00 0.00 0.00 0.00 1.02 2.40 3.64 4.70 5.17 5.19 4.72 3.63 2.38 0.86 0.00 0.00 0.00 0.00 0.00
0.00 0.00 0.00 0.00 0.00 0.00 0.00 0.00 0.00 13.97 32.33 50.36 64.55 72.99 75.72 68.83 54.02 34.41 14.69 0.00 0.00 0.00 0.00 0.00
0.00 0.00 0.00 0.00 0.00 0.00 0.00 0.00 0.00 7.70 18.16 26.72 34.58 38.54 39.51 35.63 26.86 17.52 6.06 0.00 0.00 0.00 0.00 0.00
0.00 0.00 0.00 0.00 0.00 0.00 0.00 0.00 0.00 6.35 15.33 22.63 29.40 31.91 31.43 28.28 21.86 14.33 4.98 0.00 0.00 0.00 0.00 0.00
0.00 0.00 0.00 0.00 0.00 0.00 0.00 0.00 0.00 23.84 74.50 115.27 154.44 175.84 181.14 166.50 132.95 86.41 39.12 0.00 0.00 0.00 0.00 0.00
0.00 0.00 0.00 0.00 0.00 0.00 0.00 0.00 0.00 22.68 70.86 109.64 146.90 167.27 172.30 158.38 126.46 82.20 37.21 0.00 0.00 0.00 0.00 0.00
0.00 0.00 0.00 0.00 0.00 0.00 0.00 0.00 0.00 43.61 136.28 210.85 282.50 321.67 331.35 304.57 243.20 158.07 71.56 0.00 0.00 0.00 0.00 0.00
0.00 0.00 0.00 0.00 0.00 0.00 0.00 0.00 0.00 42.89 134.01 207.34 277.80 316.31 325.82 299.49 239.15 155.44 70.36 0.00 0.00 0.00 0.00 0.00
0.00 0.00 0.00 0.00 0.00 0.00 0.00 0.00 0.00 44.83 145.94 222.97 297.54 339.88 346.52 314.38 250.82 167.38 69.24 0.00 0.00 0.00 0.00 0.00
0.00 0.00 0.00 0.00 0.00 0.00 0.00 0.00 0.00 0.81 1.78 2.63 3.17 3.42 3.39 3.01 2.32 1.51 0.52 0.00 0.00 0.00 0.00 0.00
0.00 0.00 0.00 0.00 0.00 0.00 0.00 0.00 0.00 4.09 9.04 13.32 16.08 17.31 17.20 15.23 11.76 7.66 2.65 0.00 0.00 0.00 0.00 0.00
0.00 0.00 0.00 0.00 0.00 0.00 0.00 0.00 0.00 20.86 46.17 68.00 82.07 88.37 87.81 77.74 60.04 39.10 13.52 0.00 0.00 0.00 0.00 0.00
0.00 0.00 0.00 0.00 0.00 0.00 0.00 0.00 0.00 1.63 5.09 7.87 10.55 12.01 12.37 11.37 9.08 5.90 2.67 0.00 0.00 0.00 0.00 0.00
0.00 0.00 0.00 0.00 0.00 0.00 0.00 0.00 0.00 36.26 111.10 170.58 223.27 251.28 257.33 233.54 182.15 121.71 50.93 0.00 0.00 0.00 0.00 0.00
0.00 0.00 0.00 0.00 0.00 0.00 0.00 0.00 0.00 3.33 8.44 12.80 16.80 19.72 20.05 18.68 14.94 10.23 4.27 0.00 0.00 0.00 0.00 0.00
0.00 0.00 0.00 0.00 0.00 0.00 0.00 0.00 0.00 19.92 57.48 86.94 111.52 123.90 122.91 108.58 83.31 54.88 19.38 0.00 0.00 0.00 0.00 0.00
0.00 0.00 0.00 0.00 0.00 0.00 0.00 0.00 0.00 0.60 1.85 2.84 3.72 4.19 4.29 3.89 3.04 2.03 0.85 0.00 0.00 0.00 0.00 0.00
0.00 0.00 0.00 0.00 0.00 0.00 0.00 0.00 0.00 27.20 83.33 127.94 167.45 188.46 192.99 175.16 136.61 91.28 38.19 0.00 0.00 0.00 0.00 0.00
0.00 0.00 0.00 0.00 0.00 0.00 0.00 0.00 0.00 34.90 106.94 164.19 214.90 241.86 247.68 224.78 175.32 117.14 49.02 0.00 0.00 0.00 0.00 0.00
0.00 0.00 0.00 0.00 0.00 0.00 0.00 0.00 0.00 59.12 192.46 294.04 392.39 448.22 456.97 414.59 330.77 220.73 91.31 0.00 0.00 0.00 0.00 0.00
0.00 0.00 0.00 0.00 0.00 0.00 0.00 0.00 0.00 1.88 4.43 6.82 8.75 9.63 9.76 8.80 6.86 4.51 1.70 0.00 0.00 0.00 0.00 0.00
0.00 0.00 0.00 0.00 0.00 0.00 0.00 0.00 0.00 2.34 5.48 8.45 10.92 11.98 12.11 10.96 8.53 5.60 2.10 0.00 0.00 0.00 0.00 0.00
0.00 0.00 0.00 0.00 0.00 0.00 0.00 0.00 0.00 13.72 34.83 52.80 69.31 81.33 82.69 77.06 61.65 42.19 17.60 0.00 0.00 0.00 0.00 0.00
0.00 0.00 0.00 0.00 0.00 0.00 0.00 0.00 0.00 30.18 137.91 218.64 298.44 344.25 357.49 323.74 248.42 168.61 69.19 0.00 0.00 0.00 0.00 0.00
0.00 0.00 0.00 0.00 0.00 0.00 0.00 0.00 0.00 0.63 1.46 2.16 2.71 2.98 3.03 2.73 2.10 1.36 0.45 0.00 0.00 0.00 0.00 0.00
0.00 0.00 0.00 0.00 0.00 0.00 0.00 0.00 0.00 9.14 27.43 41.90 54.91 62.11 63.44 56.66 44.50 29.59 11.65 0.00 0.00 0.00 0.00 0.00
0.00 0.00 0.00 0.00 0.00 0.00 0.00 0.00 0.00 2.96 9.52 14.83 19.49 22.37 23.35 21.34 16.79 11.02 5.37 0.00 0.00 0.00 0.00 0.00
0.00 0.00 0.00 0.00 0.00 0.00 0.00 0.00 0.00 1.44 3.42 5.05 6.21 6.64 6.50 5.80 4.25 2.61 0.62 0.00 0.00 0.00 0.00 0.00
0.00 0.00 0.00 0.00 0.00 0.00 0.00 0.00 0.00 0.72 1.71 2.52 3.11 3.32 3.25 2.90 2.12 1.31 0.31 0.00 0.00 0.00 0.00 0.00
0.00 0.00 0.00 0.00 0.00 0.00 0.00 0.00 0.00 1.58 3.74 5.52 6.79 7.26 7.11 6.34 4.65 2.86 0.68 0.00 0.00 0.00 0.00 0.00
0.00 0.00 0.00 0.00 0.00 0.00 0.00 0.00 0.00 1.89 4.44 6.53 8.09 8.51 8.47 7.55 5.55 3.43 0.86 0.00 0.00 0.00 0.00 0.00
0.00 0.00 0.00 0.00 0.00 0.00 0.00 0.00 0.00 2.89 6.77 9.96 12.33 12.97 12.90 11.50 8.45 5.23 1.31 0.00 0.00 0.00 0.00 0.00
0.00 0.00 0.00 0.00 0.00 0.00 0.00 0.00 0.00 2.40 5.78 8.77 10.88 11.48 11.36 9.87 7.29 4.55 1.20 0.00 0.00 0.00 0.00 0.00
0.00 0.00 0.00 0.00 0.00 0.00 0.00 0.00 0.00 1.70 4.75 7.12 9.06 9.87 9.81 8.58 6.41 4.12 1.29 0.00 0.00 0.00 0.00 0.00
0.00 0.00 0.00 0.00 0.00 0.00 0.00 0.00 0.00 4.40 12.27 18.40 23.40 25.51 25.34 22.16 16.55 10.65 3.33 0.00 0.00 0.00 0.00 0.00
0.00 0.00 0.00 0.00 0.00 0.00 0.00 0.00 0.00 1.14 3.15 4.72 6.03 6.57 6.55 5.75 4.40 2.87 0.97 0.00 0.00 0.00 0.00 0.00
0.00 0.00 0.00 0.00 0.00 0.00 0.00 0.00 0.00 2.86 6.51 9.64 12.27 13.02 13.07 11.67 8.99 5.75 1.77 0.00 0.00 0.00 0.00 0.00
0.00 0.00 0.00 0.00 0.00 0.00 0.00 0.00 0.00 4.62 10.74 15.86 19.54 20.78 21.23 19.41 14.52 9.20 2.67 0.00 0.00 0.00 0.00 0.00
0.00 0.00 0.00 0.00 0.00 0.00 0.00 0.00 0.03 0.78 1.64 2.31 2.76 2.94 2.92 2.55 1.97 1.21 0.30 0.00 0.00 0.00 0.00 0.00
0.00 0.00 0.00 0.00 0.00 0.00 0.00 0.00 0.01 4.51 9.68 13.96 16.48 17.10 16.76 14.68 11.18 7.06 2.07 0.00 0.00 0.00 0.00 0.00
0.00 0.00 0.00 0.00 0.00 0.00 0.00 0.00 0.07 3.05 6.44 9.38 10.98 11.74 11.32 9.91 7.46 4.65 1.26 0.00 0.00 0.00 0.00 0.00
0.00 0.00 0.00 0.00 0.00 0.00 0.00 0.00 0.10 4.20 8.89 12.94 15.15 16.21 15.62 13.67 10.29 6.42 1.74 0.00 0.00 0.00 0.00 0.00
0.00 0.00 0.00 0.00 0.00 0.00 0.00 0.00 0.07 2.86 6.06 8.82 10.32 11.04 10.64 9.31 7.01 4.37 1.18 0.00 0.00 0.00 0.00 0.00
0.00 0.00 0.00 0.00 0.00 0.00 0.00 0.00 0.00 2.41 5.16 7.44 8.79 9.12 8.94 7.83 5.96 3.77 1.10 0.00 0.00 0.00 0.00 0.00
0.00 0.00 0.00 0.00 0.00 0.00 0.00 0.00 0.14 2.44 5.07 7.14 8.47 8.76 8.61 7.66 5.69 3.52 0.90 0.00 0.00 0.00 0.00 0.00
0.00 0.00 0.00 0.00 0.00 0.00 0.00 0.00 0.00 2.31 5.12 7.54 9.10 9.79 9.73 8.62 6.65 4.33 1.50 0.00 0.00 0.00 0.00 0.00
0.00 0.00 0.00 0.00 0.00 0.00 0.00 0.00 0.00 18.18 42.08 65.54 84.01 95.00 98.56 89.58 70.31 44.79 19.12 0.00 0.00 0.00 0.00 0.00
0.00 0.00 0.00 0.00 0.00 0.00 0.00 0.00 0.00 2.81 6.65 10.00 12.79 14.37 14.53 13.19 10.20 6.70 2.41 0.00 0.00 0.00 0.00 0.00
0.00 0.00 0.00 0.00 0.00 0.00 0.00 0.00 0.00 4.75 10.82 15.94 19.92 21.25 21.20 19.46 15.16 9.84 3.32 0.00 0.00 0.00 0.00 0.00
0.00 0.00 0.00 0.00 0.00 0.00 0.00 0.00 0.00 2.18 4.96 7.30 9.13 9.74 9.72 8.92 6.95 4.51 1.52 0.00 0.00 0.00 0.00 0.00
0.00 0.00 0.00 0.00 0.00 0.00 0.00 0.00 0.00 3.48 8.24 12.28 15.68 17.72 18.01 16.29 12.59 8.27 2.96 0.00 0.00 0.00 0.00 0.00
0.00 0.00 0.00 0.00 0.00 0.00 0.00 0.00 0.00 1.52 3.55 5.23 6.58 7.23 7.36 6.63 5.09 3.30 1.10 0.00 0.00 0.00 0.00 0.00
0.00 0.00 0.00 0.00 0.00 0.00 0.00 0.00 0.00 14.20 36.07 54.67 71.76 84.21 85.62 79.79 63.82 43.68 18.22 0.00 0.00 0.00 0.00 0.00
0.00 0.00 0.00 0.00 0.00 0.00 0.00 0.00 0.00 4.76 13.75 20.79 26.67 29.63 29.39 25.97 19.92 13.12 4.64 0.00 0.00 0.00 0.00 0.00
0.00 0.00 0.00 0.00 0.00 0.00 0.00 0.00 0.00 1.07 3.05 4.59 5.97 6.58 6.64 5.85 4.48 2.97 1.07 0.00 0.00 0.00 0.00 0.00
0.00 0.00 0.00 0.00 0.00 0.00 0.00 0.00 0.00 1.36 3.73 5.69 7.29 8.08 8.12 7.31 5.67 3.76 1.39 0.00 0.00 0.00 0.00 0.00
0.00 0.00 0.00 0.00 0.00 0.00 0.00 0.00 0.00 2.17 5.97 9.10 11.67 12.93 12.99 11.70 9.07 6.02 2.23 0.00 0.00 0.00 0.00 0.00
0.00 0.00 0.00 0.00 0.00 0.00 0.00 0.00 0.00 44.34 138.55 214.37 287.21 327.03 336.87 309.64 247.25 160.71 72.75 0.00 0.00 0.00 0.00 0.00
