0.00 0.00 0.00 0.00 0.00 0.00 0.00 0.00 0.00 0.10 0.88 1.51 2.17 3.02 3.16 2.98 2.69 1.84 0.96 0.00 0.00 0.00 0.00 0.00
0.00 0.00 0.00 0.00 0.00 0.00 0.00 0.00 0.00 3.13 9.80 14.98 19.74 23.28 23.53 22.48 18.65 12.76 6.16 0.00 0.00 0.00 0.00 0.00
0.00 0.00 0.00 0.00 0.00 0.00 0.00 0.00 0.00 2.29 20.15 34.63 49.58 69.03 72.22 68.20 61.43 42.00 21.93 0.00 0.00 0.00 0.00 0.00
0.00 0.00 0.00 0.00 0.00 0.00 0.00 0.00 0.00 8.15 71.62 123.06 176.20 245.34 256.67 242.39 218.30 149.28 77.94 0.00 0.00 0.00 0.00 0.00
0.00 0.00 0.00 0.00 0.00 0.00 0.00 0.00 0.00 0.87 2.37 3.52 4.56 5.53 5.61 5.07 4.88 3.26 1.31 0.00 0.00 0.00 0.00 0.00
0.00 0.00 0.00 0.00 0.00 0.00 0.00 0.00 0.00 19.03 175.88 306.11 444.09 617.33 648.50 609.14 522.39 362.71 198.44 4.01 0.00 0.00 0.00 0.00
0.00 0.00 0.00 0.00 0.00 0.00 0.00 0.00 0.00 0.56 2.30 3.59 4.85 5.67 5.79 5.27 4.16 2.82 1.15 0.00 0.00 0.00 0.00 0.00
0.00 0.00 0.00 0.00 0.00 0.00 0.00 0.00 0.00 0.20 0.58 0.89 1.17 1.43 1.50 1.40 1.29 0.88 0.41 0.00 0.00 0.00 0.00 0.00
0.00 0.00 0.00 0.00 0.00 0.00 0.00 0.00 0.00 0.32 0.93 1.42 1.87 2.29 2.40 2.25 2.06 1.41 0.66 0.00 0.00 0.00 0.00 0.00
0.00 0.00 0.00 0.00 0.00 0.00 0.00 0.00 0.00 0.32 0.93 1.42 1.87 2.29 2.40 2.25 2.06 1.41 0.66 0.00 0.00 0.00 0.00 0.00
0.00 0.00 0.00 0.00 0.00 0.00 0.00 0.00 0.00 0.88 3.18 4.96 6.80 8.32 8.69 8.25 6.93 4.84 2.32 0.00 0.00 0.00 0.00 0.00
0.00 0.00 0.00 0.00 0.00 0.00 0.00 0.00 0.00 0.39 1.37 2.12 2.96 3.70 3.83 3.62 3.05 2.10 1.01 0.00 0.00 0.00 0.00 0.00
0.00 0.00 0.00 0.00 0.00 0.00 0.00 0.00 0.00 0.51 1.76 2.73 3.80 4.76 4.92 4.66 3.92 2.70 1.29 0.00 0.00 0.00 0.00 0.00
0.00 0.00 0.00 0.00 0.00 0.00 0.00 0.00 0.00 0.34 1.17 1.82 2.54 3.17 3.28 3.10 2.61 1.80 0.86 0.00 0.00 0.00 0.00 0.00
0.00 0.00 0.00 0.00 0.00 0.00 0.00 0.00 0.00 0.34 1.17 1.82 2.54 3.17 3.28 3.10 2.61 1.80 0.86 0.00 0.00 0.00 0.00 0.00
0.00 0.00 0.00 0.00 0.00 0.00 0.00 0.00 0.00 4.04 12.83 19.93 28.21 23.24 24.42 23.46 36.07 24.87 13.16 0.00 0.00 0.00 0.00 0.00
0.00 0.00 0.00 0.00 0.00 0.00 0.00 0.00 0.00 2.90 10.65 16.52 22.26 26.86 28.10 26.43 23.26 15.85 7.45 0.00 0.00 0.00 0.00 0.00
0.00 0.00 0.00 0.00 0.00 0.00 0.00 0.00 0.00 2.55 9.94 15.62 21.03 25.81 26.54 24.89 21.38 14.90 7.01 0.00 0.00 0.00 0.00 0.00
0.00 0.00 0.00 0.00 0.00 0.00 0.00 0.00 0.00 5.61 51.88 90.29 130.99 182.09 191.29 179.68 154.09 106.99 58.53 1.18 0.00 0.00 0.00 0.00
0.00 0.00 0.00 0.00 0.00 0.00 0.00 0.00 0.00 5.34 49.35 85.89 124.60 173.21 181.95 170.91 146.57 101.77 55.68 1.13 0.00 0.00 0.00 0.00
0.00 0.00 0.00 0.00 0.00 0.00 0.00 0.00 0.00 10.27 94.90 165.17 239.62 333.09 349.91 328.67 281.86 195.71 107.07 2.17 0.00 0.00 0.00 0.00
0.00 0.00 0.00 0.00 0.00 0.00 0.00 0.00 0.00 10.10 93.32 162.42 235.62 327.54 344.08 323.20 277.17 192.44 105.29 2.13 0.00 0.00 0.00 0.00
0.00 0.00 0.00 0.00 0.00 0.00 0.00 0.00 0.00 7.79 104.22 182.33 259.55 340.39 353.74 332.04 278.71 191.39 99.25 0.00 0.00 0.00 0.00 0.00
0.00 0.00 0.00 0.00 0.00 0.00 0.00 0.00 0.00 0.20 0.58 0.89 1.17 1.43 1.50 1.40 1.29 0.88 0.41 0.00 0.00 0.00 0.00 0.00
0.00 0.00 0.00 0.00 0.00 0.00 0.00 0.00 0.00 1.01 2.94 4.49 5.92 7.26 7.59 7.12 6.52 4.45 2.09 0.00 0.00 0.00 0.00 0.00
0.00 0.00 0.00 0.00 0.00 0.00 0.00 0.00 0.00 5.17 15.02 22.90 30.22 37.07 38.77 36.33 33.28 22.72 10.67 0.00 0.00 0.00 0.00 0.00
0.00 0.00 0.00 0.00 0.00 0.00 0.00 0.00 0.00 0.38 3.54 6.17 8.95 12.44 13.06 12.27 10.52 7.31 4.00 0.08 0.00 0.00 0.00 0.00
0.00 0.00 0.00 0.00 0.00 0.00 0.00 0.00 0.00 8.02 70.50 121.14 173.46 241.52 252.67 238.62 214.90 146.95 76.72 0.00 0.00 0.00 0.00 0.00
0.00 0.00 0.00 0.00 0.00 0.00 0.00 0.00 0.00 1.15 4.94 7.98 10.94 13.24 14.30 13.76 12.46 9.23 4.81 0.00 0.00 0.00 0.00 0.00
0.00 0.00 0.00 0.00 0.00 0.00 0.00 0.00 0.00 6.18 45.99 77.14 107.86 126.85 129.37 120.13 97.57 68.44 32.53 0.00 0.00 0.00 0.00 0.00
0.00 0.00 0.00 0.00 0.00 0.00 0.00 0.00 0.00 0.13 1.18 2.02 2.89 4.03 4.21 3.98 3.58 2.45 1.28 0.00 0.00 0.00 0.00 0.00
0.00 0.00 0.00 0.00 0.00 0.00 0.00 0.00 0.00 6.02 52.88 90.86 130.09 181.14 189.50 178.96 161.18 110.21 57.54 0.00 0.00 0.00 0.00 0.00
0.00 0.00 0.00 0.00 0.00 0.00 0.00 0.00 0.00 7.72 67.86 116.60 166.95 232.46 243.20 229.67 206.84 141.44 73.85 0.00 0.00 0.00 0.00 0.00
0.00 0.00 0.00 0.00 0.00 0.00 0.00 0.00 0.00 10.27 137.44 240.45 342.29 448.88 466.49 437.88 367.54 252.40 130.88 0.00 0.00 0.00 0.00 0.00
0.00 0.00 0.00 0.00 0.00 0.00 0.00 0.00 0.00 0.56 1.85 2.89 4.07 4.98 5.33 5.00 4.52 3.11 1.53 0.00 0.00 0.00 0.00 0.00
0.00 0.00 0.00 0.00 0.00 0.00 0.00 0.00 0.00 0.71 2.43 3.78 5.33 6.43 6.82 6.43 5.53 3.80 1.86 0.00 0.00 0.00 0.00 0.00
0.00 0.00 0.00 0.00 0.00 0.00 0.00 0.00 0.00 4.73 20.37 32.93 45.11 54.60 58.98 56.78 51.41 38.09 19.83 0.00 0.00 0.00 0.00 0.00
0.00 0.00 0.00 0.00 0.00 0.00 0.00 0.00 0.00 0.00 93.32 177.73 252.26 299.08 319.69 302.16 244.18 169.43 87.32 0.00 0.00 0.00 0.00 0.00
0.00 0.00 0.00 0.00 0.00 0.00 0.00 0.00 0.00 0.24 0.84 1.30 1.76 2.21 2.29 2.16 1.87 1.28 0.59 0.00 0.00 0.00 0.00 0.00
0.00 0.00 0.00 0.00 0.00 0.00 0.00 0.00 0.00 2.31 19.05 32.44 45.94 62.10 63.64 59.05 52.44 36.40 18.36 0.00 0.00 0.00 0.00 0.00
0.00 0.00 0.00 0.00 0.00 0.00 0.00 0.00 0.00 0.48 7.42 13.14 18.97 22.22 23.88 22.37 18.34 13.12 7.54 0.52 0.00 0.00 0.00 0.00
0.00 0.00 0.00 0.00 0.00 0.00 0.00 0.00 0.00 0.68 2.70 4.18 5.60 6.52 6.51 5.94 4.65 3.13 1.24 0.00 0.00 0.00 0.00 0.00
0.00 0.00 0.00 0.00 0.00 0.00 0.00 0.00 0.00 0.34 1.35 2.09 2.80 3.26 3.26 2.97 2.33 1.57 0.62 0.00 0.00 0.00 0.00 0.00
0.00 0.00 0.00 0.00 0.00 0.00 0.00 0.00 0.00 0.74 2.95 4.57 6.13 7.13 7.12 6.50 5.09 3.43 1.36 0.00 0.00 0.00 0.00 0.00
0.00 0.00 0.00 0.00 0.00 0.00 0.00 0.00 0.00 0.93 3.56 5.49 7.29 8.62 8.72 8.09 6.42 4.34 1.75 0.00 0.00 0.00 0.00 0.00
0.00 0.00 0.00 0.00 0.00 0.00 0.00 0.00 0.00 1.42 5.42 8.37 11.11 13.13 13.29 12.32 9.78 6.62 2.67 0.00 0.00 0.00 0.00 0.00
0.00 0.00 0.00 0.00 0.00 0.00 0.00 0.00 0.00 1.15 4.70 7.33 10.04 11.74 11.76 10.69 8.52 5.79 2.39 0.00 0.00 0.00 0.00 0.00
0.00 0.00 0.00 0.00 0.00 0.00 0.00 0.00 0.00 0.54 3.59 5.93 8.21 9.77 9.88 9.32 7.60 5.25 2.35 0.00 0.00 0.00 0.00 0.00
0.00 0.00 0.00 0.00 0.00 0.00 0.00 0.00 0.00 1.39 9.26 15.31 21.22 25.23 25.53 24.07 19.64 13.56 6.06 0.00 0.00 0.00 0.00 0.00
0.00 0.00 0.00 0.00 0.00 0.00 0.00 0.00 0.00 0.42 2.60 4.29 5.89 6.79 6.87 6.45 5.15 3.59 1.67 0.00 0.00 0.00 0.00 0.00
0.00 0.00 0.00 0.00 0.00 0.00 0.00 0.00 0.00 1.14 3.80 5.81 7.71 9.93 10.20 9.58 8.46 5.80 2.57 0.00 0.00 0.00 0.00 0.00
0.00 0.00 0.00 0.00 0.00 0.00 0.00 0.00 0.00 2.17 8.44 13.02 17.73 22.13 22.65 20.74 16.89 11.58 5.00 0.00 0.00 0.00 0.00 0.00
0.00 0.00 0.00 0.00 0.00 0.00 0.00 0.00 0.00 0.27 0.78 1.16 1.49 1.96 1.98 1.82 1.70 1.14 0.46 0.00 0.00 0.00 0.00 0.00
0.00 0.00 0.00 0.00 0.00 0.00 0.00 0.00 0.00 1.21 3.57 5.36 7.12 9.28 9.33 8.54 7.90 5.37 2.33 0.00 0.00 0.00 0.00 0.00
0.00 0.00 0.00 0.00 0.00 0.00 0.00 0.00 0.00 0.91 2.70 4.06 5.29 6.75 6.80 6.21 5.81 3.89 1.63 0.00 0.00 0.00 0.00 0.00
0.00 0.00 0.00 0.00 0.00 0.00 0.00 0.00 0.00 1.26 3.72 5.60 7.31 9.31 9.38 8.58 8.02 5.37 2.25 0.00 0.00 0.00 0.00 0.00
0.00 0.00 0.00 0.00 0.00 0.00 0.00 0.00 0.00 0.86 2.54 3.81 4.98 6.34 6.39 5.84 5.46 3.66 1.53 0.00 0.00 0.00 0.00 0.00
0.00 0.00 0.00 0.00 0.00 0.00 0.00 0.00 0.00 0.65 1.91 2.86 3.80 4.95 4.98 4.55 4.21 2.86 1.24 0.00 0.00 0.00 0.00 0.00
0.00 0.00 0.00 0.00 0.00 0.00 0.00 0.00 0.00 0.75 2.06 3.08 3.92 4.79 4.90 4.45 4.20 2.82 1.15 0.00 0.00 0.00 0.00 0.00
0.00 0.00 0.00 0.00 0.00 0.00 0.00 0.00 0.00 0.57 1.66 2.54 3.35 4.11 4.30 4.03 3.69 2.52 1.18 0.00 0.00 0.00 0.00 0.00
0.00 0.00 0.00 0.00 0.00 0.00 0.00 0.00 0.00 5.25 16.70 25.94 36.72 30.25 31.78 30.54 46.95 32.38 17.13 0.00 0.00 0.00 0.00 0.00
0.00 0.00 0.00 0.00 0.00 0.00 0.00 0.00 0.00 0.99 3.61 5.62 7.70 9.43 9.85 9.35 7.85 5.49 2.63 0.00 0.00 0.00 0.00 0.00
0.00 0.00 0.00 0.00 0.00 0.00 0.00 0.00 0.00 1.59 4.75 7.31 10.06 13.12 13.43 12.69 10.83 7.46 3.46 0.00 0.00 0.00 0.00 0.00
0.00 0.00 0.00 0.00 0.00 0.00 0.00 0.00 0.00 0.73 2.18 3.35 4.61 6.01 6.16 5.81 4.97 3.42 1.59 0.00 0.00 0.00 0.00 0.00
0.00 0.00 0.00 0.00 0.00 0.00 0.00 0.00 0.00 1.26 4.71 7.34 9.99 12.07 12.56 11.92 10.12 7.11 3.40 0.00 0.00 0.00 0.00 0.00
0.00 0.00 0.00 0.00 0.00 0.00 0.00 0.00 0.00 0.58 2.04 3.15 4.26 5.36 5.56 5.24 4.53 3.12 1.44 0.00 0.00 0.00 0.00 0.00
0.00 0.00 0.00 0.00 0.00 0.00 0.00 0.00 0.00 4.90 21.09 34.09 46.70 56.53 61.06 58.79 53.22 39.43 20.53 0.00 0.00 0.00 0.00 0.00
0.00 0.00 0.00 0.00 0.00 0.00 0.00 0.00 0.00 1.48 11.00 18.45 25.79 30.33 30.94 28.73 23.33 16.37 7.78 0.00 0.00 0.00 0.00 0.00
0.00 0.00 0.00 0.00 0.00 0.00 0.00 0.00 0.00 0.35 2.44 4.08 5.67 6.78 6.88 6.39 5.36 3.74 1.80 0.00 0.00 0.00 0.00 0.00
0.00 0.00 0.00 0.00 0.00 0.00 0.00 0.00 0.00 0.45 2.55 4.21 5.86 7.82 8.09 7.54 6.75 4.68 2.28 0.00 0.00 0.00 0.00 0.00
0.00 0.00 0.00 0.00 0.00 0.00 0.00 0.00 0.00 0.72 4.08 6.74 9.37 12.52 12.95 12.07 10.80 7.49 3.65 0.00 0.00 0.00 0.00 0.00
0.00 0.00 0.00 0.00 0.00 0.00 0.00 0.00 0.00 10.44 96.48 167.92 243.61 338.64 355.74 334.15 286.56 198.97 108.86 2.20 0.00 0.00 0.00 0.00
