0.00 0.00 0.00 0.00 0.00 0.00 0.00 0.23 1.11 1.95 2.90 3.83 4.63 5.16 5.30 4.98 4.39 3.54 2.53 1.48 0.61 0.00 0.00 0.00
0.00 0.00 0.00 0.00 0.00 0.00 0.00 6.08 22.41 37.72 56.67 73.05 84.92 86.49 86.29 80.11 65.71 51.76 34.21 15.61 3.38 0.00 0.00 0.00
0.00 0.00 0.00 0.00 0.00 0.00 0.00 5.23 25.35 44.65 66.35 87.51 105.81 117.99 121.24 113.90 100.32 81.01 57.87 33.79 13.98 0.00 0.00 0.00
0.00 0.00 0.00 0.00 0.00 0.00 0.00 18.57 90.08 158.69 235.80 311.00 376.04 419.33 430.89 404.78 356.54 287.89 205.68 120.07 49.67 0.00 0.00 0.00
0.00 0.00 0.00 0.00 0.00 0.00 0.00 1.62 4.32 7.18 10.48 13.18 14.90 16.30 16.14 14.48 11.65 9.08 5.99 2.44 0.39 0.00 0.00 0.00
0.00 0.00 0.00 0.00 0.00 0.00 0.00 27.50 192.13 351.25 532.05 705.85 850.69 923.12 943.48 893.55 815.31 658.90 462.16 213.91 90.02 0.00 0.00 0.00
0.00 0.00 0.00 0.00 0.00 0.00 0.00 0.96 2.58 4.28 5.96 7.64 8.78 8.51 8.55 7.95 6.85 5.41 3.67 1.28 0.39 0.00 0.00 0.00
0.00 0.00 0.00 0.00 0.00 0.00 0.00 0.42 1.42 2.35 3.40 4.32 4.93 5.28 5.38 5.04 4.22 3.27 2.20 1.07 0.25 0.00 0.00 0.00
0.00 0.00 0.00 0.00 0.00 0.00 0.00 0.67 2.27 3.75 5.44 6.91 7.89 8.45 8.61 8.06 6.76 5.24 3.51 1.71 0.41 0.00 0.00 0.00
0.00 0.00 0.00 0.00 0.00 0.00 0.00 0.67 2.27 3.75 5.44 6.91 7.89 8.45 8.61 8.06 6.76 5.24 3.51 1.71 0.41 0.00 0.00 0.00
0.00 0.00 0.00 0.00 0.00 0.00 0.00 1.29 4.62 7.75 11.72 15.76 18.69 20.54 20.48 19.35 18.03 14.49 9.95 4.36 1.26 0.00 0.00 0.00
0.00 0.00 0.00 0.00 0.00 0.00 0.00 0.62 2.21 3.71 5.51 7.40 8.77 9.77 9.84 9.23 8.45 6.73 4.60 2.04 0.58 0.00 0.00 0.00
0.00 0.00 0.00 0.00 0.00 0.00 0.00 0.79 2.84 4.77 7.08 9.52 11.27 12.56 12.65 11.86 10.86 8.66 5.91 2.62 0.75 0.00 0.00 0.00
0.00 0.00 0.00 0.00 0.00 0.00 0.00 0.53 1.90 3.18 4.72 6.34 7.52 8.37 8.43 7.91 7.24 5.77 3.94 1.75 0.50 0.00 0.00 0.00
0.00 0.00 0.00 0.00 0.00 0.00 0.00 0.53 1.90 3.18 4.72 6.34 7.52 8.37 8.43 7.91 7.24 5.77 3.94 1.75 0.50 0.00 0.00 0.00
0.00 0.00 0.00 0.00 0.00 0.00 0.00 4.44 25.01 44.40 68.24 89.01 101.28 111.94 113.66 107.99 88.37 69.29 46.61 21.95 5.69 0.00 0.00 0.00
0.00 0.00 0.00 0.00 0.00 0.00 0.00 4.34 14.74 24.52 36.57 48.39 57.64 62.50 62.96 58.86 54.97 43.89 30.58 14.13 4.02 0.00 0.00 0.00
0.00 0.00 0.00 0.00 0.00 0.00 0.00 3.90 13.21 21.98 31.70 40.45 47.54 52.50 53.00 50.42 46.17 36.46 24.91 12.39 3.80 0.00 0.00 0.00
0.00 0.00 0.00 0.00 0.00 0.00 0.00 8.11 56.67 103.61 156.94 208.20 250.92 272.29 278.29 263.56 240.49 194.35 136.32 63.10 26.55 0.00 0.00 0.00
0.00 0.00 0.00 0.00 0.00 0.00 0.00 7.72 53.91 98.55 149.28 198.04 238.68 259.00 264.72 250.71 228.76 184.87 129.67 60.02 25.26 0.00 0.00 0.00
0.00 0.00 0.00 0.00 0.00 0.00 0.00 14.84 103.67 189.52 287.08 380.85 459.01 498.08 509.07 482.13 439.92 355.52 249.37 115.42 48.57 0.00 0.00 0.00
0.00 0.00 0.00 0.00 0.00 0.00 0.00 14.59 101.94 186.36 282.29 374.51 451.36 489.78 500.59 474.09 432.59 349.60 245.21 113.49 47.76 0.00 0.00 0.00
0.00 0.00 0.00 0.00 0.00 0.00 0.00 26.02 120.65 211.46 307.19 406.36 491.62 531.88 542.60 531.47 477.50 383.48 275.42 163.43 70.32 0.00 0.00 0.00
0.00 0.00 0.00 0.00 0.00 0.00 0.00 0.42 1.42 2.35 3.40 4.32 4.93 5.28 5.38 5.04 4.22 3.27 2.20 1.07 0.25 0.00 0.00 0.00
0.00 0.00 0.00 0.00 0.00 0.00 0.00 2.11 7.18 11.88 17.23 21.89 25.00 26.76 27.26 25.53 21.40 16.59 11.13 5.41 1.28 0.00 0.00 0.00
0.00 0.00 0.00 0.00 0.00 0.00 0.00 10.78 36.64 60.67 87.96 111.73 127.61 136.61 139.16 130.34 109.24 84.68 56.81 27.62 6.56 0.00 0.00 0.00
0.00 0.00 0.00 0.00 0.00 0.00 0.00 0.55 3.87 7.08 10.72 14.22 17.14 18.60 19.01 18.00 16.42 13.27 9.31 4.31 1.81 0.00 0.00 0.00
0.00 0.00 0.00 0.00 0.00 0.00 0.00 18.28 88.67 156.22 232.13 306.16 370.18 412.79 424.18 398.47 350.98 283.40 202.47 118.20 48.90 0.00 0.00 0.00
0.00 0.00 0.00 0.00 0.00 0.00 0.00 1.18 5.81 10.21 15.34 21.26 26.88 30.66 31.42 30.30 27.74 22.25 15.38 7.75 2.66 0.00 0.00 0.00
0.00 0.00 0.00 0.00 0.00 0.00 0.00 14.36 49.15 82.22 121.40 155.01 180.54 200.09 208.64 197.80 171.16 138.92 98.56 47.36 18.67 0.00 0.00 0.00
0.00 0.00 0.00 0.00 0.00 0.00 0.00 0.30 1.48 2.60 3.87 5.10 6.17 6.88 7.07 6.64 5.85 4.72 3.37 1.97 0.81 0.00 0.00 0.00
0.00 0.00 0.00 0.00 0.00 0.00 0.00 13.71 66.51 117.16 174.10 229.62 277.63 309.59 318.13 298.86 263.23 212.55 151.86 88.65 36.67 0.00 0.00 0.00
0.00 0.00 0.00 0.00 0.00 0.00 0.00 17.60 85.35 150.36 223.42 294.68 356.29 397.31 408.27 383.53 337.82 272.77 194.88 113.77 47.06 0.00 0.00 0.00
0.00 0.00 0.00 0.00 0.00 0.00 0.00 34.32 159.10 278.87 405.11 535.89 648.33 701.42 715.55 700.88 629.70 505.71 363.21 215.53 92.74 0.00 0.00 0.00
0.00 0.00 0.00 0.00 0.00 0.00 0.00 0.87 3.39 5.74 8.57 11.28 13.37 14.95 15.00 14.16 13.25 10.35 7.11 3.53 1.02 0.00 0.00 0.00
0.00 0.00 0.00 0.00 0.00 0.00 0.00 1.13 4.31 7.29 10.73 14.03 16.75 18.66 18.80 17.83 16.52 12.84 8.95 4.22 1.21 0.00 0.00 0.00
0.00 0.00 0.00 0.00 0.00 0.00 0.00 4.88 23.98 42.14 63.26 87.72 110.87 126.46 129.61 124.99 114.43 91.76 63.45 31.97 10.96 0.00 0.00 0.00
0.00 0.00 0.00 0.00 0.00 0.00 0.00 28.50 125.71 219.59 329.53 427.36 508.14 534.82 545.31 510.34 307.51 248.88 181.80 104.58 50.43 0.00 0.00 0.00
0.00 0.00 0.00 0.00 0.00 0.00 0.00 0.37 1.21 1.99 3.00 3.93 4.60 5.02 5.02 4.73 4.34 3.45 2.39 1.13 0.31 0.00 0.00 0.00
0.00 0.00 0.00 0.00 0.00 0.00 0.00 5.81 23.96 41.33 60.67 78.19 92.95 101.97 102.88 96.80 85.55 69.19 50.37 30.21 12.31 0.00 0.00 0.00
0.00 0.00 0.00 0.00 0.00 0.00 0.00 0.43 6.83 13.03 19.44 25.94 31.17 33.50 33.87 31.01 27.81 22.13 15.73 5.90 2.57 0.00 0.00 0.00
0.00 0.00 0.00 0.00 0.00 0.00 0.00 1.18 3.09 5.11 7.14 9.08 10.43 11.05 11.00 10.29 9.07 7.09 4.77 1.48 0.44 0.00 0.00 0.00
0.00 0.00 0.00 0.00 0.00 0.00 0.00 0.59 1.55 2.55 3.57 4.54 5.21 5.53 5.50 5.14 4.54 3.54 2.39 0.74 0.22 0.00 0.00 0.00
0.00 0.00 0.00 0.00 0.00 0.00 0.00 1.30 3.38 5.58 7.81 9.94 11.40 12.09 12.03 11.25 9.92 7.75 5.22 1.62 0.48 0.00 0.00 0.00
0.00 0.00 0.00 0.00 0.00 0.00 0.00 1.53 4.07 6.71 9.48 11.90 13.71 14.29 14.27 13.32 12.10 9.40 6.41 1.92 0.55 0.00 0.00 0.00
0.00 0.00 0.00 0.00 0.00 0.00 0.00 2.33 6.19 10.23 14.44 18.13 20.88 21.78 21.74 20.29 18.45 14.32 9.77 2.92 0.85 0.00 0.00 0.00
0.00 0.00 0.00 0.00 0.00 0.00 0.00 1.92 5.23 8.63 11.40 14.76 16.78 16.00 15.99 14.94 13.79 10.96 7.38 2.69 0.82 0.00 0.00 0.00
0.00 0.00 0.00 0.00 0.00 0.00 0.00 1.30 3.93 6.42 8.99 11.29 13.03 13.56 14.10 13.73 9.76 7.72 5.40 2.75 1.04 0.00 0.00 0.00
0.00 0.00 0.00 0.00 0.00 0.00 0.00 3.36 10.15 16.58 23.22 29.15 33.66 35.02 36.42 35.47 25.20 19.94 13.94 7.10 2.69 0.00 0.00 0.00
0.00 0.00 0.00 0.00 0.00 0.00 0.00 0.82 2.66 4.40 6.61 8.42 9.82 10.78 10.98 10.53 9.17 7.35 5.10 2.87 1.08 0.00 0.00 0.00
0.00 0.00 0.00 0.00 0.00 0.00 0.00 1.82 5.51 9.04 13.11 17.42 20.25 22.41 22.68 20.95 19.27 15.19 10.44 4.67 1.22 0.00 0.00 0.00
0.00 0.00 0.00 0.00 0.00 0.00 0.00 3.41 9.84 16.06 22.56 29.03 34.49 37.48 38.09 35.61 32.85 25.74 17.28 7.94 2.24 0.00 0.00 0.00
0.00 0.00 0.00 0.00 0.00 0.00 0.00 0.53 1.41 2.27 3.17 3.98 4.45 5.10 4.98 4.60 3.76 2.93 1.91 0.87 0.15 0.00 0.00 0.00
0.00 0.00 0.00 0.00 0.00 0.00 0.00 2.68 7.83 12.85 18.32 22.66 25.37 28.70 28.82 26.56 21.79 16.68 10.86 5.05 1.02 0.00 0.00 0.00
0.00 0.00 0.00 0.00 0.00 0.00 0.00 1.94 5.42 8.86 12.47 15.57 17.00 18.99 18.47 17.27 14.21 10.92 7.22 3.30 0.61 0.00 0.00 0.00
0.00 0.00 0.00 0.00 0.00 0.00 0.00 2.68 7.48 12.23 17.21 21.49 23.46 26.21 25.49 23.83 19.61 15.07 9.96 4.56 0.85 0.00 0.00 0.00
0.00 0.00 0.00 0.00 0.00 0.00 0.00 1.83 5.09 8.33 11.72 14.64 15.98 17.85 17.36 16.23 13.36 10.27 6.79 3.10 0.58 0.00 0.00 0.00
0.00 0.00 0.00 0.00 0.00 0.00 0.00 1.43 4.17 6.85 9.77 12.09 13.53 15.31 15.37 14.16 11.62 8.89 5.79 2.70 0.54 0.00 0.00 0.00
0.00 0.00 0.00 0.00 0.00 0.00 0.00 1.45 3.93 6.45 9.38 11.67 13.02 14.00 13.94 12.81 10.50 8.20 5.56 2.31 0.38 0.00 0.00 0.00
0.00 0.00 0.00 0.00 0.00 0.00 0.00 1.19 4.06 6.72 9.75 12.38 14.14 15.14 15.42 14.44 12.11 9.38 6.30 3.06 0.73 0.00 0.00 0.00
0.00 0.00 0.00 0.00 0.00 0.00 0.00 5.78 32.55 57.78 88.82 115.85 131.82 145.71 147.94 140.56 115.02 90.19 60.66 28.56 7.40 0.00 0.00 0.00
0.00 0.00 0.00 0.00 0.00 0.00 0.00 1.46 5.24 8.79 13.28 17.86 21.19 23.28 23.22 21.93 20.44 16.42 11.28 4.94 1.43 0.00 0.00 0.00
0.00 0.00 0.00 0.00 0.00 0.00 0.00 2.49 8.19 13.53 20.24 26.65 31.83 34.95 35.46 32.96 29.57 23.45 16.11 7.87 2.10 0.00 0.00 0.00
0.00 0.00 0.00 0.00 0.00 0.00 0.00 1.14 3.75 6.20 9.28 12.22 14.59 16.02 16.25 15.11 13.55 10.75 7.38 3.61 0.96 0.00 0.00 0.00
0.00 0.00 0.00 0.00 0.00 0.00 0.00 1.83 6.52 10.93 16.52 22.13 26.31 28.69 28.44 26.85 25.17 20.13 13.99 6.19 1.80 0.00 0.00 0.00
0.00 0.00 0.00 0.00 0.00 0.00 0.00 0.90 2.93 4.84 7.29 9.53 11.18 12.19 12.20 11.50 10.53 8.37 5.81 2.74 0.76 0.00 0.00 0.00
0.00 0.00 0.00 0.00 0.00 0.00 0.00 5.06 24.83 43.63 65.50 90.82 114.79 130.93 134.20 129.41 118.47 95.01 65.69 33.10 11.35 0.00 0.00 0.00
0.00 0.00 0.00 0.00 0.00 0.00 0.00 3.43 11.75 19.66 29.03 37.07 43.17 47.85 49.89 47.30 40.93 33.22 23.57 11.32 4.46 0.00 0.00 0.00
0.00 0.00 0.00 0.00 0.00 0.00 0.00 0.74 2.63 4.42 6.62 8.44 9.94 10.73 10.89 10.34 9.25 7.45 5.23 3.05 1.19 0.00 0.00 0.00
0.00 0.00 0.00 0.00 0.00 0.00 0.00 0.87 3.22 5.44 7.96 10.20 11.96 13.24 13.62 13.20 12.02 9.45 6.64 3.88 1.47 0.00 0.00 0.00
0.00 0.00 0.00 0.00 0.00 0.00 0.00 1.40 5.15 8.71 12.73 16.31 19.14 21.18 21.79 21.12 19.22 15.11 10.63 6.20 2.34 0.00 0.00 0.00
0.00 0.00 0.00 0.00 0.00 0.00 0.00 15.09 105.40 192.68 291.86 387.20 466.66 506.39 517.56 490.17 447.25 361.45 253.53 117.34 49.38 0.00 0.00 0.00
