0.00 0.00 0.00 0.00 0.00 0.00 0.00 0.00 0.91 1.86 2.95 3.97 4.81 5.26 5.38 5.08 4.44 3.52 2.34 1.12 0.30 0.00 0.00 0.00
0.00 0.00 0.00 0.00 0.00 0.00 0.00 1.45 16.78 31.20 47.08 63.00 75.28 82.45 82.95 77.60 65.25 50.12 32.14 10.80 0.00 0.00 0.00 0.00
0.00 0.00 0.00 0.00 0.00 0.00 0.00 0.00 20.92 42.43 67.42 90.77 109.88 120.37 123.03 116.21 101.44 80.39 53.52 25.65 6.75 0.00 0.00 0.00
0.00 0.00 0.00 0.00 0.00 0.00 0.00 0.00 74.33 150.78 239.61 322.59 390.49 427.80 437.23 413.02 360.53 285.69 190.19 91.15 24.00 0.00 0.00 0.00
0.00 0.00 0.00 0.00 0.00 0.00 0.00 0.77 3.37 5.88 9.03 11.65 13.33 14.43 14.41 13.10 10.84 8.10 4.99 1.50 0.00 0.00 0.00 0.00
0.00 0.00 0.00 0.00 0.00 0.00 0.00 0.00 158.54 338.78 555.29 751.29 908.77 1001.62 1013.62 951.58 800.71 620.13 423.63 216.59 61.07 0.00 0.00 0.00
0.00 0.00 0.00 0.00 0.00 0.00 0.00 0.41 2.08 3.65 5.51 7.06 8.26 8.57 8.83 8.30 5.64 4.34 2.76 0.81 0.06 0.00 0.00 0.00
0.00 0.00 0.00 0.00 0.00 0.00 0.00 0.11 0.99 1.81 2.78 3.72 4.42 4.99 5.02 4.78 4.13 3.21 2.07 0.71 0.00 0.00 0.00 0.00
0.00 0.00 0.00 0.00 0.00 0.00 0.00 0.17 1.58 2.89 4.45 5.95 7.07 7.98 8.03 7.65 6.61 5.14 3.31 1.14 0.00 0.00 0.00 0.00
0.00 0.00 0.00 0.00 0.00 0.00 0.00 0.17 1.58 2.89 4.45 5.95 7.07 7.98 8.03 7.65 6.61 5.14 3.31 1.14 0.00 0.00 0.00 0.00
0.00 0.00 0.00 0.00 0.00 0.00 0.00 0.25 3.26 6.10 9.07 12.50 15.34 17.31 18.07 17.26 13.56 10.55 6.82 2.85 0.24 0.00 0.00 0.00
0.00 0.00 0.00 0.00 0.00 0.00 0.00 0.12 1.55 2.89 4.55 6.27 7.65 8.53 8.85 8.41 6.93 5.37 3.45 1.41 0.11 0.00 0.00 0.00
0.00 0.00 0.00 0.00 0.00 0.00 0.00 0.16 1.99 3.72 5.85 8.06 9.83 10.97 11.38 10.81 8.91 6.91 4.44 1.81 0.14 0.00 0.00 0.00
0.00 0.00 0.00 0.00 0.00 0.00 0.00 0.10 1.33 2.48 3.90 5.38 6.55 7.31 7.59 7.21 5.94 4.61 2.96 1.21 0.10 0.00 0.00 0.00
0.00 0.00 0.00 0.00 0.00 0.00 0.00 0.10 1.33 2.48 3.90 5.38 6.55 7.31 7.59 7.21 5.94 4.61 2.96 1.21 0.10 0.00 0.00 0.00
0.00 0.00 0.00 0.00 0.00 0.00 0.00 0.00 19.30 38.36 60.89 80.42 94.88 104.41 106.44 102.30 89.13 68.41 43.10 16.12 1.14 0.00 0.00 0.00
0.00 0.00 0.00 0.00 0.00 0.00 0.00 1.04 10.36 19.14 26.69 35.92 43.94 47.05 48.14 46.66 42.13 32.72 21.24 7.85 0.59 0.00 0.00 0.00
0.00 0.00 0.00 0.00 0.00 0.00 0.00 0.89 9.42 17.48 23.34 31.02 37.81 33.26 34.22 32.97 33.88 26.43 17.06 5.76 0.61 0.00 0.00 0.00
0.00 0.00 0.00 0.00 0.00 0.00 0.00 0.00 46.76 99.93 163.79 221.60 268.05 295.44 298.98 280.68 236.18 182.92 124.96 63.89 18.01 0.00 0.00 0.00
0.00 0.00 0.00 0.00 0.00 0.00 0.00 0.00 44.48 95.05 155.80 210.79 254.98 281.03 284.40 266.99 224.66 173.99 118.86 60.77 17.13 0.00 0.00 0.00
0.00 0.00 0.00 0.00 0.00 0.00 0.00 0.00 85.54 182.79 299.61 405.37 490.34 540.44 546.92 513.44 432.04 334.60 228.58 116.86 32.95 0.00 0.00 0.00
0.00 0.00 0.00 0.00 0.00 0.00 0.00 0.00 84.12 179.75 294.62 398.62 482.17 531.43 537.80 504.88 424.84 329.03 224.77 114.92 32.40 0.00 0.00 0.00
0.00 0.00 0.00 0.00 0.00 0.00 0.00 0.00 100.84 204.58 319.13 430.47 517.69 562.98 576.10 545.37 478.28 378.54 253.44 129.42 36.74 0.00 0.00 0.00
0.00 0.00 0.00 0.00 0.00 0.00 0.00 0.11 0.99 1.81 2.78 3.72 4.42 4.99 5.02 4.78 4.13 3.21 2.07 0.71 0.00 0.00 0.00 0.00
0.00 0.00 0.00 0.00 0.00 0.00 0.00 0.55 5.00 9.15 14.08 18.85 22.37 25.28 25.42 24.24 20.92 16.26 10.48 3.61 0.00 0.00 0.00 0.00
0.00 0.00 0.00 0.00 0.00 0.00 0.00 2.82 25.50 46.70 71.88 96.22 114.23 129.05 129.79 123.74 106.79 83.02 53.51 18.43 0.00 0.00 0.00 0.00
0.00 0.00 0.00 0.00 0.00 0.00 0.00 0.00 3.19 6.82 11.19 15.13 18.31 20.18 20.42 19.17 16.13 12.49 8.53 4.36 1.23 0.00 0.00 0.00
0.00 0.00 0.00 0.00 0.00 0.00 0.00 0.00 73.17 148.43 235.88 317.56 384.41 421.13 430.41 406.58 354.91 281.23 187.23 89.73 23.62 0.00 0.00 0.00
0.00 0.00 0.00 0.00 0.00 0.00 0.00 0.00 3.95 7.88 11.76 17.22 22.11 22.94 24.27 23.30 22.24 17.49 11.75 5.62 0.98 0.00 0.00 0.00
0.00 0.00 0.00 0.00 0.00 0.00 0.00 2.31 38.15 72.38 122.71 161.45 189.89 172.52 175.36 166.44 144.39 114.92 77.48 29.09 6.57 0.00 0.00 0.00
0.00 0.00 0.00 0.00 0.00 0.00 0.00 0.00 1.22 2.47 3.93 5.29 6.41 7.02 7.17 6.78 5.92 4.69 3.12 1.50 0.39 0.00 0.00 0.00
0.00 0.00 0.00 0.00 0.00 0.00 0.00 0.00 54.88 111.32 176.91 238.17 288.30 315.85 322.81 304.94 266.18 210.92 140.42 67.30 17.72 0.00 0.00 0.00
0.00 0.00 0.00 0.00 0.00 0.00 0.00 0.00 70.43 142.86 227.03 305.65 369.99 405.34 414.27 391.33 341.60 270.69 180.21 86.37 22.74 0.00 0.00 0.00
0.00 0.00 0.00 0.00 0.00 0.00 0.00 0.00 132.98 269.79 420.85 567.69 682.71 742.43 759.73 719.21 630.73 499.20 334.22 170.68 48.45 0.00 0.00 0.00
0.00 0.00 0.00 0.00 0.00 0.00 0.00 0.12 2.38 4.51 7.19 10.00 12.36 13.66 13.91 13.40 11.11 8.63 5.67 2.34 0.21 0.00 0.00 0.00
0.00 0.00 0.00 0.00 0.00 0.00 0.00 0.17 2.99 5.64 8.90 12.32 15.44 17.06 17.56 16.86 13.98 10.76 6.99 2.88 0.25 0.00 0.00 0.00
0.00 0.00 0.00 0.00 0.00 0.00 0.00 0.00 16.29 32.49 48.49 71.02 91.19 94.62 100.11 96.12 91.72 72.14 48.45 23.19 4.06 0.00 0.00 0.00
0.00 0.00 0.00 0.00 0.00 0.00 0.00 0.00 100.45 206.12 325.96 439.73 527.42 577.17 590.52 570.03 505.24 402.23 282.45 167.51 58.85 0.00 0.00 0.00
0.00 0.00 0.00 0.00 0.00 0.00 0.00 0.10 0.85 1.55 2.17 3.00 3.64 3.20 3.29 3.12 3.41 2.64 1.72 0.61 0.04 0.00 0.00 0.00
0.00 0.00 0.00 0.00 0.00 0.00 0.00 0.00 19.75 38.91 59.76 79.98 95.67 102.19 103.91 97.81 84.16 66.99 46.09 20.61 5.15 0.00 0.00 0.00
0.00 0.00 0.00 0.00 0.00 0.00 0.00 0.00 5.38 12.26 20.37 28.11 33.74 37.37 37.37 34.42 28.96 22.82 15.92 8.72 2.70 0.00 0.00 0.00
0.00 0.00 0.00 0.00 0.00 0.00 0.00 0.50 2.33 4.08 6.12 8.04 9.34 8.87 9.00 8.58 6.26 4.81 3.09 1.01 0.06 0.00 0.00 0.00
0.00 0.00 0.00 0.00 0.00 0.00 0.00 0.25 1.17 2.04 3.06 4.02 4.67 4.43 4.50 4.29 3.13 2.41 1.55 0.51 0.03 0.00 0.00 0.00
0.00 0.00 0.00 0.00 0.00 0.00 0.00 0.55 2.55 4.46 6.69 8.80 10.21 9.70 9.85 9.38 6.85 5.26 3.38 1.10 0.07 0.00 0.00 0.00
0.00 0.00 0.00 0.00 0.00 0.00 0.00 0.63 3.06 5.35 8.14 10.73 12.43 12.75 13.03 12.59 9.73 7.39 4.82 1.54 0.09 0.00 0.00 0.00
0.00 0.00 0.00 0.00 0.00 0.00 0.00 0.96 4.66 8.15 12.40 16.34 18.94 19.43 19.85 19.19 14.83 11.27 7.35 2.35 0.13 0.00 0.00 0.00
0.00 0.00 0.00 0.00 0.00 0.00 0.00 0.80 4.19 7.38 10.79 13.87 16.21 18.08 18.32 17.32 12.42 9.58 6.22 1.71 0.14 0.00 0.00 0.00
0.00 0.00 0.00 0.00 0.00 0.00 0.00 0.43 3.57 6.56 9.10 11.90 13.96 13.08 13.07 12.25 8.28 6.48 4.36 2.01 0.40 0.00 0.00 0.00
0.00 0.00 0.00 0.00 0.00 0.00 0.00 1.12 9.23 16.94 23.52 30.75 36.06 33.79 33.75 31.64 21.39 16.73 11.26 5.19 1.02 0.00 0.00 0.00
0.00 0.00 0.00 0.00 0.00 0.00 0.00 0.20 2.27 4.22 6.59 8.69 10.18 7.53 7.67 7.18 5.47 4.28 2.88 1.07 0.21 0.00 0.00 0.00
0.00 0.00 0.00 0.00 0.00 0.00 0.00 0.61 4.01 7.19 11.05 14.72 17.52 13.96 14.42 13.67 15.31 11.70 7.58 2.82 0.09 0.00 0.00 0.00
0.00 0.00 0.00 0.00 0.00 0.00 0.00 1.19 7.04 12.55 18.76 25.12 30.65 27.87 28.24 26.88 27.08 20.63 13.10 3.80 0.22 0.00 0.00 0.00
0.00 0.00 0.00 0.00 0.00 0.00 0.00 0.25 1.08 1.86 2.76 3.54 4.04 4.38 4.38 4.13 3.23 2.44 1.54 0.52 0.00 0.00 0.00 0.00
0.00 0.00 0.00 0.00 0.00 0.00 0.00 1.07 5.91 10.40 15.56 20.34 23.60 25.39 25.45 24.05 20.11 15.38 9.80 3.23 0.00 0.00 0.00 0.00
0.00 0.00 0.00 0.00 0.00 0.00 0.00 0.82 4.02 7.03 10.58 13.77 15.81 17.19 17.20 16.10 12.61 9.64 6.08 2.03 0.00 0.00 0.00 0.00
0.00 0.00 0.00 0.00 0.00 0.00 0.00 1.13 5.55 9.70 14.60 19.01 21.82 23.72 23.74 22.21 17.40 13.31 8.39 2.80 0.00 0.00 0.00 0.00
0.00 0.00 0.00 0.00 0.00 0.00 0.00 0.77 3.78 6.61 9.94 12.95 14.86 16.15 16.17 15.13 11.85 9.06 5.71 1.91 0.00 0.00 0.00 0.00
0.00 0.00 0.00 0.00 0.00 0.00 0.00 0.57 3.15 5.55 8.30 10.85 12.59 13.54 13.57 12.83 10.73 8.20 5.23 1.72 0.00 0.00 0.00 0.00
0.00 0.00 0.00 0.00 0.00 0.00 0.00 0.67 3.04 5.32 8.09 10.39 12.00 13.09 13.07 11.98 9.94 7.41 4.56 1.39 0.00 0.00 0.00 0.00
0.00 0.00 0.00 0.00 0.00 0.00 0.00 0.31 2.83 5.18 7.97 10.66 12.66 14.30 14.38 13.71 11.83 9.20 5.93 2.04 0.00 0.00 0.00 0.00
0.00 0.00 0.00 0.00 0.00 0.00 0.00 0.00 25.12 49.93 79.25 104.68 123.49 135.90 138.54 133.16 116.01 89.05 56.10 20.99 1.48 0.00 0.00 0.00
0.00 0.00 0.00 0.00 0.00 0.00 0.00 0.29 3.70 6.91 10.28 14.17 17.38 19.62 20.47 19.56 15.37 11.96 7.73 3.23 0.28 0.00 0.00 0.00
0.00 0.00 0.00 0.00 0.00 0.00 0.00 0.66 5.63 10.27 16.50 22.92 27.40 27.75 27.95 26.58 26.58 20.41 13.17 4.61 0.22 0.00 0.00 0.00
0.00 0.00 0.00 0.00 0.00 0.00 0.00 0.30 2.58 4.71 7.56 10.50 12.56 12.72 12.81 12.18 12.18 9.36 6.04 2.11 0.10 0.00 0.00 0.00
0.00 0.00 0.00 0.00 0.00 0.00 0.00 0.37 4.60 8.60 12.20 16.74 20.61 23.70 24.72 23.65 18.10 14.09 9.15 3.78 0.33 0.00 0.00 0.00
0.00 0.00 0.00 0.00 0.00 0.00 0.00 0.25 2.05 3.75 5.27 7.29 8.84 7.76 7.98 7.59 8.29 6.42 4.17 1.48 0.09 0.00 0.00 0.00
0.00 0.00 0.00 0.00 0.00 0.00 0.00 0.00 16.86 33.64 50.20 73.53 94.42 97.96 103.65 99.52 94.96 74.69 50.17 24.01 4.20 0.00 0.00 0.00
0.00 0.00 0.00 0.00 0.00 0.00 0.00 0.55 9.12 17.31 29.34 38.61 45.41 41.25 41.93 39.80 34.53 27.48 18.53 6.96 1.57 0.00 0.00 0.00
0.00 0.00 0.00 0.00 0.00 0.00 0.00 0.10 2.17 4.15 6.53 8.61 10.14 10.01 10.25 9.62 8.08 6.36 4.29 1.28 0.28 0.00 0.00 0.00
0.00 0.00 0.00 0.00 0.00 0.00 0.00 0.10 2.64 5.06 7.71 10.31 12.41 13.58 13.63 12.77 10.79 8.40 5.65 1.63 0.34 0.00 0.00 0.00
0.00 0.00 0.00 0.00 0.00 0.00 0.00 0.16 4.23 8.10 12.33 16.50 19.86 21.73 21.81 20.44 17.26 13.45 9.04 2.60 0.54 0.00 0.00 0.00
0.00 0.00 0.00 0.00 0.00 0.00 0.00 0.00 86.97 185.84 304.61 412.13 498.51 549.45 556.03 522.00 439.24 340.18 232.39 118.81 33.50 0.00 0.00 0.00
