0.00 0.00 0.00 0.00 0.00 0.00 0.00 0.00 0.00 0.60 1.61 2.41 3.12 3.55 3.63 3.29 2.56 1.73 0.77 0.00 0.00 0.00 0.00 0.00
0.00 0.00 0.00 0.00 0.00 0.00 0.00 0.00 0.79 9.18 22.72 32.46 39.59 61.82 59.77 53.36 44.31 29.22 11.19 0.00 0.00 0.00 0.00 0.00
0.00 0.00 0.00 0.00 0.00 0.00 0.00 0.00 0.00 13.62 36.84 55.06 71.45 81.19 82.90 75.23 58.62 39.60 17.51 0.00 0.00 0.00 0.00 0.00
0.00 0.00 0.00 0.00 0.00 0.00 0.00 0.00 0.00 48.42 130.93 195.70 253.93 288.54 294.62 267.37 208.34 140.74 62.21 0.00 0.00 0.00 0.00 0.00
0.00 0.00 0.00 0.00 0.00 0.00 0.00 0.00 0.54 3.24 6.37 8.94 10.40 10.78 10.43 9.25 6.98 4.36 1.22 0.00 0.00 0.00 0.00 0.00
0.00 0.00 0.00 0.00 0.00 0.00 0.00 0.00 0.00 107.55 300.50 452.14 599.93 689.59 707.97 650.36 498.48 326.41 153.98 0.00 0.00 0.00 0.00 0.00
0.00 0.00 0.00 0.00 0.00 0.00 0.00 0.00 0.00 1.44 3.16 4.78 5.80 6.18 6.12 5.39 4.06 2.56 0.76 0.00 0.00 0.00 0.00 0.00
0.00 0.00 0.00 0.00 0.00 0.00 0.00 0.00 0.06 0.93 2.01 2.91 3.50 3.82 3.79 3.36 2.58 1.70 0.63 0.00 0.00 0.00 0.00 0.00
0.00 0.00 0.00 0.00 0.00 0.00 0.00 0.00 0.09 1.48 3.21 4.66 5.59 6.11 6.07 5.38 4.13 2.71 1.00 0.00 0.00 0.00 0.00 0.00
0.00 0.00 0.00 0.00 0.00 0.00 0.00 0.00 0.09 1.48 3.21 4.66 5.59 6.11 6.07 5.38 4.13 2.71 1.00 0.00 0.00 0.00 0.00 0.00
0.00 0.00 0.00 0.00 0.00 0.00 0.00 0.00 0.00 3.08 6.72 9.90 12.58 14.29 14.42 13.10 10.21 6.77 2.60 0.00 0.00 0.00 0.00 0.00
0.00 0.00 0.00 0.00 0.00 0.00 0.00 0.00 0.00 1.47 3.19 4.75 6.09 6.78 6.81 6.19 4.79 3.17 1.22 0.00 0.00 0.00 0.00 0.00
0.00 0.00 0.00 0.00 0.00 0.00 0.00 0.00 0.00 1.90 4.11 6.11 7.83 8.72 8.75 7.95 6.16 4.07 1.56 0.00 0.00 0.00 0.00 0.00
0.00 0.00 0.00 0.00 0.00 0.00 0.00 0.00 0.00 1.26 2.74 4.07 5.22 5.81 5.83 5.30 4.11 2.72 1.04 0.00 0.00 0.00 0.00 0.00
0.00 0.00 0.00 0.00 0.00 0.00 0.00 0.00 0.00 1.26 2.74 4.07 5.22 5.81 5.83 5.30 4.11 2.72 1.04 0.00 0.00 0.00 0.00 0.00
0.00 0.00 0.00 0.00 0.00 0.00 0.00 0.00 0.08 9.94 21.53 33.11 42.34 56.14 58.10 52.79 47.44 30.31 13.36 0.00 0.00 0.00 0.00 0.00
0.00 0.00 0.00 0.00 0.00 0.00 0.00 0.00 0.00 9.53 20.65 29.83 38.33 43.28 44.29 39.99 30.34 19.97 7.41 0.00 0.00 0.00 0.00 0.00
0.00 0.00 0.00 0.00 0.00 0.00 0.00 0.00 0.00 7.91 17.50 25.33 32.69 35.98 35.39 31.90 24.86 16.43 6.13 0.00 0.00 0.00 0.00 0.00
0.00 0.00 0.00 0.00 0.00 0.00 0.00 0.00 0.00 31.72 88.64 133.37 176.96 203.41 208.82 191.83 147.03 96.28 45.42 0.00 0.00 0.00 0.00 0.00
0.00 0.00 0.00 0.00 0.00 0.00 0.00 0.00 0.00 30.18 84.31 126.86 168.33 193.48 198.64 182.47 139.86 91.58 43.20 0.00 0.00 0.00 0.00 0.00
0.00 0.00 0.00 0.00 0.00 0.00 0.00 0.00 0.00 58.03 162.14 243.96 323.70 372.08 382.00 350.91 268.96 176.12 83.08 0.00 0.00 0.00 0.00 0.00
0.00 0.00 0.00 0.00 0.00 0.00 0.00 0.00 0.00 57.06 159.44 239.90 318.31 365.88 375.63 345.06 264.48 173.19 81.70 0.00 0.00 0.00 0.00 0.00
0.00 0.00 0.00 0.00 0.00 0.00 0.00 0.00 0.00 59.30 167.46 248.18 327.60 376.82 383.28 347.97 273.44 184.60 81.02 0.00 0.00 0.00 0.00 0.00
0.00 0.00 0.00 0.00 0.00 0.00 0.00 0.00 0.06 0.93 2.01 2.91 3.50 3.82 3.79 3.36 2.58 1.70 0.63 0.00 0.00 0.00 0.00 0.00
0.00 0.00 0.00 0.00 0.00 0.00 0.00 0.00 0.29 4.70 10.16 14.75 17.72 19.36 19.21 17.03 13.08 8.59 3.17 0.00 0.00 0.00 0.00 0.00
0.00 0.00 0.00 0.00 0.00 0.00 0.00 0.00 1.50 23.97 51.89 75.29 90.45 98.86 98.09 86.93 66.79 43.86 16.18 0.00 0.00 0.00 0.00 0.00
0.00 0.00 0.00 0.00 0.00 0.00 0.00 0.00 0.00 2.17 6.05 9.11 12.08 13.89 14.26 13.10 10.04 6.58 3.10 0.00 0.00 0.00 0.00 0.00
0.00 0.00 0.00 0.00 0.00 0.00 0.00 0.00 0.00 47.67 128.89 192.65 249.97 284.05 290.02 263.20 205.09 138.54 61.24 0.00 0.00 0.00 0.00 0.00
0.00 0.00 0.00 0.00 0.00 0.00 0.00 0.00 0.00 4.25 9.97 14.75 19.15 22.29 22.59 21.03 16.67 11.49 5.02 0.00 0.00 0.00 0.00 0.00
0.00 0.00 0.00 0.00 0.00 0.00 0.00 0.00 0.00 25.30 64.76 95.30 121.05 136.61 135.47 120.00 91.56 61.21 23.55 0.00 0.00 0.00 0.00 0.00
0.00 0.00 0.00 0.00 0.00 0.00 0.00 0.00 0.00 0.79 2.15 3.21 4.17 4.73 4.83 4.39 3.42 2.31 1.02 0.00 0.00 0.00 0.00 0.00
0.00 0.00 0.00 0.00 0.00 0.00 0.00 0.00 0.00 35.75 96.66 144.48 187.48 213.03 217.52 197.40 153.82 103.91 45.93 0.00 0.00 0.00 0.00 0.00
0.00 0.00 0.00 0.00 0.00 0.00 0.00 0.00 0.00 45.88 124.05 185.42 240.60 273.39 279.15 253.33 197.40 133.35 58.95 0.00 0.00 0.00 0.00 0.00
0.00 0.00 0.00 0.00 0.00 0.00 0.00 0.00 0.00 78.20 220.84 327.29 432.03 496.93 505.44 458.89 360.60 243.44 106.84 0.00 0.00 0.00 0.00 0.00
0.00 0.00 0.00 0.00 0.00 0.00 0.00 0.00 0.00 2.31 5.05 7.63 9.73 10.79 10.94 9.88 7.70 5.10 2.04 0.00 0.00 0.00 0.00 0.00
0.00 0.00 0.00 0.00 0.00 0.00 0.00 0.00 0.00 2.87 6.25 9.46 12.15 13.45 13.58 12.32 9.59 6.36 2.52 0.00 0.00 0.00 0.00 0.00
0.00 0.00 0.00 0.00 0.00 0.00 0.00 0.00 0.00 17.53 41.14 60.84 79.00 91.94 93.18 86.76 68.75 47.41 20.69 0.00 0.00 0.00 0.00 0.00
0.00 0.00 0.00 0.00 0.00 0.00 0.00 0.00 0.00 43.74 152.53 231.34 310.09 353.37 365.66 331.15 255.11 175.69 77.34 0.00 0.00 0.00 0.00 0.00
0.00 0.00 0.00 0.00 0.00 0.00 0.00 0.00 0.00 0.77 1.65 2.39 2.98 3.33 3.38 3.05 2.36 1.54 0.55 0.00 0.00 0.00 0.00 0.00
0.00 0.00 0.00 0.00 0.00 0.00 0.00 0.00 0.00 11.78 31.43 46.71 60.62 69.53 70.89 63.40 49.32 33.20 13.96 0.00 0.00 0.00 0.00 0.00
0.00 0.00 0.00 0.00 0.00 0.00 0.00 0.00 0.00 3.97 11.51 17.36 22.53 25.56 26.56 24.22 18.74 12.39 6.24 0.00 0.00 0.00 0.00 0.00
0.00 0.00 0.00 0.00 0.00 0.00 0.00 0.00 0.00 1.76 3.80 5.49 6.70 7.21 7.07 6.33 4.73 2.96 0.83 0.00 0.00 0.00 0.00 0.00
0.00 0.00 0.00 0.00 0.00 0.00 0.00 0.00 0.00 0.88 1.90 2.74 3.35 3.61 3.54 3.17 2.36 1.48 0.41 0.00 0.00 0.00 0.00 0.00
0.00 0.00 0.00 0.00 0.00 0.00 0.00 0.00 0.00 1.92 4.15 6.00 7.33 7.89 7.74 6.92 5.17 3.23 0.90 0.00 0.00 0.00 0.00 0.00
0.00 0.00 0.00 0.00 0.00 0.00 0.00 0.00 0.00 2.29 4.92 7.10 8.73 9.28 9.25 8.27 6.19 3.89 1.12 0.00 0.00 0.00 0.00 0.00
0.00 0.00 0.00 0.00 0.00 0.00 0.00 0.00 0.00 3.49 7.50 10.82 13.30 14.14 14.09 12.61 9.43 5.93 1.71 0.00 0.00 0.00 0.00 0.00
0.00 0.00 0.00 0.00 0.00 0.00 0.00 0.00 0.00 2.92 6.43 9.56 11.79 12.61 12.48 10.89 8.18 5.18 1.55 0.00 0.00 0.00 0.00 0.00
0.00 0.00 0.00 0.00 0.00 0.00 0.00 0.00 0.00 2.16 5.32 7.77 9.79 10.74 10.68 9.37 7.02 4.60 1.60 0.00 0.00 0.00 0.00 0.00
0.00 0.00 0.00 0.00 0.00 0.00 0.00 0.00 0.00 5.59 13.76 20.08 25.30 27.75 27.58 24.21 18.15 11.87 4.14 0.00 0.00 0.00 0.00 0.00
0.00 0.00 0.00 0.00 0.00 0.00 0.00 0.00 0.00 1.43 3.55 5.19 6.56 7.29 7.27 6.40 4.90 3.25 1.20 0.00 0.00 0.00 0.00 0.00
0.00 0.00 0.00 0.00 0.00 0.00 0.00 0.00 0.11 3.48 7.32 10.64 13.46 14.44 14.48 12.96 10.03 6.48 2.19 0.00 0.00 0.00 0.00 0.00
0.00 0.00 0.00 0.00 0.00 0.00 0.00 0.00 0.00 5.63 12.02 17.40 21.29 22.96 23.45 21.50 16.23 10.41 3.36 0.00 0.00 0.00 0.00 0.00
0.00 0.00 0.00 0.00 0.00 0.00 0.00 0.00 0.14 0.94 1.83 2.53 3.02 3.22 3.19 2.79 2.15 1.34 0.37 0.00 0.00 0.00 0.00 0.00
0.00 0.00 0.00 0.00 0.00 0.00 0.00 0.00 0.62 5.32 10.78 15.32 17.99 18.91 18.51 16.24 12.30 7.86 2.52 0.00 0.00 0.00 0.00 0.00
0.00 0.00 0.00 0.00 0.00 0.00 0.00 0.00 0.49 3.60 7.19 10.29 11.98 12.93 12.44 10.89 8.16 5.15 1.55 0.00 0.00 0.00 0.00 0.00
0.00 0.00 0.00 0.00 0.00 0.00 0.00 0.00 0.68 4.97 9.92 14.21 16.53 17.85 17.16 15.03 11.26 7.11 2.14 0.00 0.00 0.00 0.00 0.00
0.00 0.00 0.00 0.00 0.00 0.00 0.00 0.00 0.46 3.39 6.76 9.68 11.26 12.16 11.69 10.24 7.67 4.84 1.46 0.00 0.00 0.00 0.00 0.00
0.00 0.00 0.00 0.00 0.00 0.00 0.00 0.00 0.33 2.84 5.75 8.17 9.60 10.09 9.87 8.66 6.56 4.19 1.34 0.00 0.00 0.00 0.00 0.00
0.00 0.00 0.00 0.00 0.00 0.00 0.00 0.00 0.46 2.87 5.66 7.84 9.23 9.63 9.44 8.40 6.23 3.91 1.12 0.00 0.00 0.00 0.00 0.00
0.00 0.00 0.00 0.00 0.00 0.00 0.00 0.00 0.17 2.66 5.75 8.34 10.02 10.96 10.87 9.63 7.40 4.86 1.79 0.00 0.00 0.00 0.00 0.00
0.00 0.00 0.00 0.00 0.00 0.00 0.00 0.00 0.10 12.94 28.03 43.09 55.10 73.07 75.63 68.71 61.75 39.45 17.38 0.00 0.00 0.00 0.00 0.00
0.00 0.00 0.00 0.00 0.00 0.00 0.00 0.00 0.00 3.49 7.61 11.22 14.26 16.19 16.34 14.85 11.58 7.67 2.94 0.00 0.00 0.00 0.00 0.00
0.00 0.00 0.00 0.00 0.00 0.00 0.00 0.00 0.09 5.74 12.15 17.60 21.89 23.70 23.63 21.74 17.00 11.15 4.04 0.00 0.00 0.00 0.00 0.00
0.00 0.00 0.00 0.00 0.00 0.00 0.00 0.00 0.04 2.63 5.57 8.07 10.03 10.86 10.83 9.96 7.79 5.11 1.85 0.00 0.00 0.00 0.00 0.00
0.00 0.00 0.00 0.00 0.00 0.00 0.00 0.00 0.00 4.32 9.43 13.79 17.48 19.99 20.27 18.33 14.29 9.46 3.62 0.00 0.00 0.00 0.00 0.00
0.00 0.00 0.00 0.00 0.00 0.00 0.00 0.00 0.00 1.86 4.00 5.80 7.24 8.08 8.22 7.42 5.73 3.75 1.35 0.00 0.00 0.00 0.00 0.00
0.00 0.00 0.00 0.00 0.00 0.00 0.00 0.00 0.00 18.15 42.60 62.99 81.79 95.19 96.47 89.83 71.18 49.08 21.43 0.00 0.00 0.00 0.00 0.00
0.00 0.00 0.00 0.00 0.00 0.00 0.00 0.00 0.00 6.05 15.49 22.79 28.95 32.67 32.39 28.70 21.89 14.64 5.63 0.00 0.00 0.00 0.00 0.00
0.00 0.00 0.00 0.00 0.00 0.00 0.00 0.00 0.00 1.36 3.46 5.06 6.52 7.33 7.40 6.54 4.99 3.35 1.31 0.00 0.00 0.00 0.00 0.00
0.00 0.00 0.00 0.00 0.00 0.00 0.00 0.00 0.00 1.74 4.28 6.36 8.09 9.12 9.16 8.26 6.43 4.32 1.72 0.00 0.00 0.00 0.00 0.00
0.00 0.00 0.00 0.00 0.00 0.00 0.00 0.00 0.00 2.78 6.85 10.18 12.94 14.60 14.65 13.22 10.29 6.92 2.75 0.00 0.00 0.00 0.00 0.00
0.00 0.00 0.00 0.00 0.00 0.00 0.00 0.00 0.00 59.00 164.84 248.03 329.10 378.28 388.36 356.76 273.45 179.06 84.47 0.00 0.00 0.00 0.00 0.00
