0.00 0.00 0.00 0.00 0.00 0.00 0.00 0.00 0.71 1.62 2.67 3.57 4.21 4.65 4.68 4.52 4.08 3.34 2.32 1.08 0.32 0.00 0.00 0.00
0.00 0.00 0.00 0.00 0.00 0.00 0.00 0.00 16.31 33.02 51.18 65.23 76.05 83.59 83.05 77.55 66.61 51.34 34.23 11.47 0.48 0.00 0.00 0.00
0.00 0.00 0.00 0.00 0.00 0.00 0.00 0.00 16.15 36.93 61.01 81.74 96.34 106.34 107.05 103.44 93.31 76.43 53.16 24.74 7.21 0.00 0.00 0.00
0.00 0.00 0.00 0.00 0.00 0.00 0.00 0.00 57.39 131.25 216.82 290.51 342.38 377.92 380.45 367.63 331.60 271.62 188.93 87.93 25.63 0.00 0.00 0.00
0.00 0.00 0.00 0.00 0.00 0.00 0.00 0.36 3.27 6.00 7.58 9.58 10.86 9.22 8.99 8.28 7.30 5.62 3.56 1.18 0.00 0.00 0.00 0.00
0.00 0.00 0.00 0.00 0.00 0.00 0.00 0.00 110.17 268.74 456.06 616.66 744.38 824.21 855.92 852.79 789.91 644.38 442.83 214.95 66.68 0.00 0.00 0.00
0.00 0.00 0.00 0.00 0.00 0.00 0.00 0.11 1.89 3.56 5.68 7.37 8.54 9.17 9.05 8.48 7.45 5.72 3.72 1.38 0.16 0.00 0.00 0.00
0.00 0.00 0.00 0.00 0.00 0.00 0.00 0.00 0.98 1.94 2.82 3.68 4.27 4.62 4.49 4.27 3.83 2.98 1.97 0.77 0.04 0.00 0.00 0.00
0.00 0.00 0.00 0.00 0.00 0.00 0.00 0.00 1.56 3.11 4.51 5.88 6.84 7.39 7.19 6.83 6.12 4.76 3.15 1.23 0.07 0.00 0.00 0.00
0.00 0.00 0.00 0.00 0.00 0.00 0.00 0.00 1.56 3.11 4.51 5.88 6.84 7.39 7.19 6.83 6.12 4.76 3.15 1.23 0.07 0.00 0.00 0.00
0.00 0.00 0.00 0.00 0.00 0.00 0.00 0.00 3.58 7.32 11.92 15.89 18.44 19.99 19.97 18.83 17.14 13.40 8.54 3.28 0.41 0.00 0.00 0.00
0.00 0.00 0.00 0.00 0.00 0.00 0.00 0.00 1.68 3.42 5.58 7.45 8.63 9.48 9.46 8.86 8.08 6.35 4.04 1.53 0.19 0.00 0.00 0.00
0.00 0.00 0.00 0.00 0.00 0.00 0.00 0.00 2.16 4.40 7.17 9.58 11.09 12.19 12.16 11.39 10.39 8.16 5.19 1.97 0.24 0.00 0.00 0.00
0.00 0.00 0.00 0.00 0.00 0.00 0.00 0.00 1.44 2.93 4.78 6.39 7.39 8.13 8.11 7.59 6.92 5.44 3.46 1.32 0.16 0.00 0.00 0.00
0.00 0.00 0.00 0.00 0.00 0.00 0.00 0.00 1.44 2.93 4.78 6.39 7.39 8.13 8.11 7.59 6.92 5.44 3.46 1.32 0.16 0.00 0.00 0.00
0.00 0.00 0.00 0.00 0.00 0.00 0.00 0.00 17.88 39.62 64.57 85.62 99.80 112.83 112.31 105.61 95.94 74.12 48.83 18.72 2.24 0.00 0.00 0.00
0.00 0.00 0.00 0.00 0.00 0.00 0.00 0.00 11.06 22.27 35.51 47.43 55.15 60.35 60.26 55.94 49.99 39.06 25.28 9.65 1.12 0.00 0.00 0.00
0.00 0.00 0.00 0.00 0.00 0.00 0.00 0.00 9.37 18.98 30.45 40.68 46.78 50.57 50.36 47.29 41.45 32.54 21.06 8.21 1.17 0.00 0.00 0.00
0.00 0.00 0.00 0.00 0.00 0.00 0.00 0.00 32.50 79.27 134.52 181.89 219.57 243.11 252.47 251.54 232.99 190.07 130.62 63.40 19.67 0.00 0.00 0.00
0.00 0.00 0.00 0.00 0.00 0.00 0.00 0.00 30.91 75.40 127.96 173.02 208.86 231.25 240.15 239.27 221.63 180.80 124.25 60.31 18.71 0.00 0.00 0.00
0.00 0.00 0.00 0.00 0.00 0.00 0.00 0.00 59.44 145.00 246.08 332.73 401.64 444.72 461.83 460.14 426.21 347.69 238.94 115.98 35.98 0.00 0.00 0.00
0.00 0.00 0.00 0.00 0.00 0.00 0.00 0.00 58.45 142.58 241.97 327.19 394.95 437.31 454.13 452.47 419.11 341.89 234.96 114.05 35.38 0.00 0.00 0.00
0.00 0.00 0.00 0.00 0.00 0.00 0.00 0.00 73.82 168.13 275.04 374.03 451.49 501.72 516.21 495.18 451.80 358.57 247.77 118.03 36.57 0.00 0.00 0.00
0.00 0.00 0.00 0.00 0.00 0.00 0.00 0.00 0.98 1.94 2.82 3.68 4.27 4.62 4.49 4.27 3.83 2.98 1.97 0.77 0.04 0.00 0.00 0.00
0.00 0.00 0.00 0.00 0.00 0.00 0.00 0.00 4.95 9.83 14.29 18.63 21.65 23.40 22.76 21.62 19.39 15.07 9.98 3.88 0.22 0.00 0.00 0.00
0.00 0.00 0.00 0.00 0.00 0.00 0.00 0.00 25.25 50.21 72.97 95.11 110.54 119.48 116.18 110.38 98.99 76.96 50.96 19.82 1.13 0.00 0.00 0.00
0.00 0.00 0.00 0.00 0.00 0.00 0.00 0.00 2.22 5.41 9.19 12.42 14.99 16.60 17.24 17.18 15.91 12.98 8.92 4.33 1.34 0.00 0.00 0.00
0.00 0.00 0.00 0.00 0.00 0.00 0.00 0.00 56.49 129.20 213.44 285.99 337.04 372.03 374.52 361.90 326.44 267.39 185.98 86.56 25.23 0.00 0.00 0.00
0.00 0.00 0.00 0.00 0.00 0.00 0.00 0.00 4.76 10.61 17.61 24.09 28.71 31.57 31.30 29.47 26.71 21.15 14.11 6.06 1.27 0.00 0.00 0.00
0.00 0.00 0.00 0.00 0.00 0.00 0.00 0.00 31.80 66.09 108.56 146.98 173.86 189.42 191.01 181.03 160.65 128.86 88.55 32.18 8.06 0.00 0.00 0.00
0.00 0.00 0.00 0.00 0.00 0.00 0.00 0.00 0.94 2.15 3.56 4.77 5.62 6.20 6.24 6.03 5.44 4.46 3.10 1.44 0.42 0.00 0.00 0.00
0.00 0.00 0.00 0.00 0.00 0.00 0.00 0.00 42.37 96.90 160.08 214.49 252.78 279.02 280.89 271.42 244.83 200.54 139.49 64.92 18.92 0.00 0.00 0.00
0.00 0.00 0.00 0.00 0.00 0.00 0.00 0.00 54.37 124.36 205.43 275.26 324.40 358.08 360.48 348.33 314.19 257.36 179.01 83.31 24.29 0.00 0.00 0.00
0.00 0.00 0.00 0.00 0.00 0.00 0.00 0.00 97.35 221.73 362.71 493.26 595.41 661.64 680.75 653.02 595.82 472.86 326.75 155.66 48.22 0.00 0.00 0.00
0.00 0.00 0.00 0.00 0.00 0.00 0.00 0.00 2.48 5.17 8.59 11.52 13.37 15.06 15.01 13.97 12.44 9.41 6.29 2.47 0.33 0.00 0.00 0.00
0.00 0.00 0.00 0.00 0.00 0.00 0.00 0.00 3.16 6.56 10.73 14.37 16.69 18.94 18.90 17.62 15.67 11.92 7.85 3.02 0.39 0.00 0.00 0.00
0.00 0.00 0.00 0.00 0.00 0.00 0.00 0.00 19.62 43.75 72.65 99.37 118.43 130.21 129.13 121.57 110.17 87.26 58.19 24.99 5.22 0.00 0.00 0.00
0.00 0.00 0.00 0.00 0.00 0.00 0.00 0.00 72.17 167.73 275.31 379.01 460.65 509.36 516.47 484.33 453.04 365.10 254.76 137.41 51.05 0.00 0.00 0.00
0.00 0.00 0.00 0.00 0.00 0.00 0.00 0.00 0.89 1.77 2.82 3.73 4.30 4.67 4.68 4.38 3.75 2.85 1.89 0.69 0.07 0.00 0.00 0.00
0.00 0.00 0.00 0.00 0.00 0.00 0.00 0.00 14.94 32.82 53.19 71.88 86.41 94.79 96.04 91.98 81.51 64.65 44.98 20.55 5.66 0.00 0.00 0.00
0.00 0.00 0.00 0.00 0.00 0.00 0.00 0.00 3.46 9.23 16.07 22.39 26.97 29.04 29.72 28.92 27.95 21.95 15.63 8.03 2.71 0.00 0.00 0.00
0.00 0.00 0.00 0.00 0.00 0.00 0.00 0.19 2.26 4.22 6.50 8.46 9.74 10.35 10.29 9.66 8.39 6.50 4.17 1.51 0.14 0.00 0.00 0.00
0.00 0.00 0.00 0.00 0.00 0.00 0.00 0.10 1.13 2.11 3.25 4.23 4.87 5.17 5.15 4.83 4.20 3.25 2.08 0.76 0.07 0.00 0.00 0.00
0.00 0.00 0.00 0.00 0.00 0.00 0.00 0.21 2.48 4.62 7.11 9.25 10.65 11.32 11.26 10.57 9.18 7.11 4.56 1.66 0.16 0.00 0.00 0.00
0.00 0.00 0.00 0.00 0.00 0.00 0.00 0.22 2.94 5.52 8.60 11.12 12.96 13.85 13.60 12.81 11.25 8.61 5.52 1.99 0.18 0.00 0.00 0.00
0.00 0.00 0.00 0.00 0.00 0.00 0.00 0.33 4.48 8.41 13.11 16.95 19.74 21.11 20.72 19.52 17.14 13.12 8.41 3.03 0.28 0.00 0.00 0.00
0.00 0.00 0.00 0.00 0.00 0.00 0.00 0.21 3.84 7.28 11.54 14.84 17.26 18.45 18.10 17.06 15.11 11.68 7.67 2.88 0.33 0.00 0.00 0.00
0.00 0.00 0.00 0.00 0.00 0.00 0.00 0.00 2.80 5.59 8.83 11.96 14.09 15.04 15.22 14.53 12.98 10.21 6.83 2.86 0.63 0.00 0.00 0.00
0.00 0.00 0.00 0.00 0.00 0.00 0.00 0.00 7.23 14.43 22.81 30.89 36.40 38.86 39.31 37.54 33.54 26.37 17.65 7.39 1.64 0.00 0.00 0.00
0.00 0.00 0.00 0.00 0.00 0.00 0.00 0.00 1.83 3.73 5.88 7.98 9.46 10.19 10.13 9.50 8.39 6.58 4.52 1.94 0.43 0.00 0.00 0.00
0.00 0.00 0.00 0.00 0.00 0.00 0.00 0.02 4.17 8.09 12.52 16.42 18.84 20.53 20.45 18.78 15.56 11.90 7.62 2.26 0.17 0.00 0.00 0.00
0.00 0.00 0.00 0.00 0.00 0.00 0.00 0.18 6.91 13.30 21.10 27.78 32.08 34.01 34.32 32.11 27.95 21.46 13.78 5.02 0.48 0.00 0.00 0.00
0.00 0.00 0.00 0.00 0.00 0.00 0.00 0.11 1.04 1.90 2.47 3.13 3.53 3.30 3.18 2.96 2.39 1.84 1.17 0.49 0.00 0.00 0.00 0.00
0.00 0.00 0.00 0.00 0.00 0.00 0.00 0.24 5.57 10.54 13.87 17.56 19.70 18.06 17.42 16.32 15.51 11.91 7.69 3.16 0.00 0.00 0.00 0.00
0.00 0.00 0.00 0.00 0.00 0.00 0.00 0.28 3.67 6.84 9.22 11.63 12.99 11.65 11.09 10.54 10.28 7.85 5.09 2.11 0.00 0.00 0.00 0.00
0.00 0.00 0.00 0.00 0.00 0.00 0.00 0.38 5.06 9.43 12.73 16.05 17.93 16.07 15.31 14.55 14.19 10.84 7.02 2.91 0.00 0.00 0.00 0.00
0.00 0.00 0.00 0.00 0.00 0.00 0.00 0.26 3.45 6.43 8.67 10.93 12.21 10.95 10.43 9.91 9.66 7.38 4.78 1.98 0.00 0.00 0.00 0.00
0.00 0.00 0.00 0.00 0.00 0.00 0.00 0.13 2.97 5.62 7.40 9.37 10.51 9.63 9.29 8.71 8.27 6.35 4.10 1.69 0.00 0.00 0.00 0.00
0.00 0.00 0.00 0.00 0.00 0.00 0.00 0.27 2.75 5.07 6.92 8.71 9.85 8.64 8.52 7.95 7.34 5.66 3.57 1.34 0.00 0.00 0.00 0.00
0.00 0.00 0.00 0.00 0.00 0.00 0.00 0.00 2.80 5.56 8.09 10.54 12.25 13.24 12.88 12.23 10.97 8.53 5.65 2.20 0.13 0.00 0.00 0.00
0.00 0.00 0.00 0.00 0.00 0.00 0.00 0.00 23.27 51.57 84.04 111.44 129.90 146.86 146.18 137.47 124.87 96.48 63.55 24.36 2.92 0.00 0.00 0.00
0.00 0.00 0.00 0.00 0.00 0.00 0.00 0.00 4.06 8.30 13.51 18.01 20.90 22.66 22.63 21.34 19.42 15.18 9.68 3.72 0.47 0.00 0.00 0.00
0.00 0.00 0.00 0.00 0.00 0.00 0.00 0.00 6.09 12.11 19.16 25.48 29.83 33.67 33.57 31.07 26.25 20.02 13.02 4.28 0.39 0.00 0.00 0.00
0.00 0.00 0.00 0.00 0.00 0.00 0.00 0.00 2.79 5.55 8.78 11.68 13.67 15.43 15.39 14.24 12.03 9.18 5.97 1.96 0.18 0.00 0.00 0.00
0.00 0.00 0.00 0.00 0.00 0.00 0.00 0.00 5.05 10.30 16.70 22.20 25.81 27.91 27.86 26.27 23.89 18.64 11.93 4.57 0.58 0.00 0.00 0.00
0.00 0.00 0.00 0.00 0.00 0.00 0.00 0.00 2.16 4.29 6.84 9.07 10.43 11.34 11.37 10.64 9.12 6.92 4.59 1.69 0.17 0.00 0.00 0.00
0.00 0.00 0.00 0.00 0.00 0.00 0.00 0.00 20.31 45.29 75.22 102.88 122.62 134.81 133.70 125.87 114.07 90.35 60.24 25.87 5.40 0.00 0.00 0.00
0.00 0.00 0.00 0.00 0.00 0.00 0.00 0.00 7.60 15.81 25.96 35.15 41.58 45.30 45.68 43.29 38.42 30.81 21.18 7.70 1.93 0.00 0.00 0.00
0.00 0.00 0.00 0.00 0.00 0.00 0.00 0.00 1.73 3.63 5.81 7.81 9.44 10.30 10.19 9.62 8.59 6.87 4.73 1.98 0.49 0.00 0.00 0.00
0.00 0.00 0.00 0.00 0.00 0.00 0.00 0.00 2.19 4.63 7.52 9.97 11.57 12.47 12.61 12.11 10.71 8.58 5.86 2.53 0.59 0.00 0.00 0.00
0.00 0.00 0.00 0.00 0.00 0.00 0.00 0.00 3.50 7.40 12.03 15.96 18.51 19.95 20.18 19.37 17.13 13.72 9.38 4.05 0.95 0.00 0.00 0.00
0.00 0.00 0.00 0.00 0.00 0.00 0.00 0.00 60.43 147.42 250.18 338.28 408.34 452.13 469.52 467.81 433.31 353.48 242.92 117.91 36.58 0.00 0.00 0.00
