0.00 0.00 0.00 0.00 0.00 0.00 0.00 0.00 0.54 1.43 2.42 3.33 4.12 4.65 4.79 4.59 4.09 3.16 2.06 0.76 0.06 0.00 0.00 0.00
0.00 0.00 0.00 0.00 0.00 0.00 0.00 0.00 15.89 34.73 51.79 66.27 80.05 77.09 75.46 70.58 62.52 46.82 30.51 9.08 0.00 0.00 0.00 0.00
0.00 0.00 0.00 0.00 0.00 0.00 0.00 0.00 12.38 32.63 55.34 76.12 94.12 106.26 109.57 105.06 93.56 72.37 47.03 17.40 1.36 0.00 0.00 0.00
0.00 0.00 0.00 0.00 0.00 0.00 0.00 0.00 43.99 115.95 196.69 270.52 334.48 377.63 389.42 373.38 332.49 257.19 167.14 61.83 4.82 0.00 0.00 0.00
0.00 0.00 0.00 0.00 0.00 0.00 0.00 0.00 3.08 6.00 8.74 11.07 12.70 12.71 12.40 11.42 9.83 7.26 4.70 1.00 0.00 0.00 0.00 0.00
0.00 0.00 0.00 0.00 0.00 0.00 0.00 0.00 86.98 249.14 438.34 606.93 749.43 840.22 865.61 849.57 763.54 591.71 386.75 150.49 17.55 0.00 0.00 0.00
0.00 0.00 0.00 0.00 0.00 0.00 0.00 0.00 1.62 3.32 5.10 6.68 7.98 8.62 8.76 8.21 7.22 5.44 3.55 1.01 0.00 0.00 0.00 0.00
0.00 0.00 0.00 0.00 0.00 0.00 0.00 0.00 0.93 2.01 3.11 4.08 4.75 4.50 4.47 4.21 3.49 2.64 1.67 0.53 0.00 0.00 0.00 0.00
0.00 0.00 0.00 0.00 0.00 0.00 0.00 0.00 1.49 3.21 4.97 6.52 7.61 7.21 7.15 6.74 5.58 4.22 2.67 0.85 0.00 0.00 0.00 0.00
0.00 0.00 0.00 0.00 0.00 0.00 0.00 0.00 1.49 3.21 4.97 6.52 7.61 7.21 7.15 6.74 5.58 4.22 2.67 0.85 0.00 0.00 0.00 0.00
0.00 0.00 0.00 0.00 0.00 0.00 0.00 0.00 3.10 6.94 11.31 15.10 18.26 20.16 20.45 19.24 16.37 12.18 7.67 2.40 0.00 0.00 0.00 0.00
0.00 0.00 0.00 0.00 0.00 0.00 0.00 0.00 1.47 3.28 5.35 7.21 8.72 9.70 9.70 9.11 7.82 5.82 3.63 1.10 0.00 0.00 0.00 0.00
0.00 0.00 0.00 0.00 0.00 0.00 0.00 0.00 1.89 4.22 6.88 9.27 11.21 12.47 12.48 11.71 10.06 7.48 4.67 1.42 0.00 0.00 0.00 0.00
0.00 0.00 0.00 0.00 0.00 0.00 0.00 0.00 1.26 2.82 4.59 6.18 7.47 8.31 8.32 7.81 6.70 4.99 3.11 0.95 0.00 0.00 0.00 0.00
0.00 0.00 0.00 0.00 0.00 0.00 0.00 0.00 1.26 2.82 4.59 6.18 7.47 8.31 8.32 7.81 6.70 4.99 3.11 0.95 0.00 0.00 0.00 0.00
0.00 0.00 0.00 0.00 0.00 0.00 0.00 0.00 16.00 38.82 64.13 85.58 102.10 98.29 99.27 93.97 60.60 45.95 28.30 11.85 0.00 0.00 0.00 0.00
0.00 0.00 0.00 0.00 0.00 0.00 0.00 0.00 9.53 20.96 33.69 44.64 53.75 59.49 60.26 56.40 47.20 35.14 22.29 7.01 0.00 0.00 0.00 0.00
0.00 0.00 0.00 0.00 0.00 0.00 0.00 0.00 7.47 16.60 28.07 37.13 44.38 49.13 48.90 46.40 39.57 30.13 19.44 6.09 0.00 0.00 0.00 0.00
0.00 0.00 0.00 0.00 0.00 0.00 0.00 0.00 25.65 73.49 129.29 179.02 221.06 247.84 255.32 250.59 225.22 174.53 114.08 44.39 5.18 0.00 0.00 0.00
0.00 0.00 0.00 0.00 0.00 0.00 0.00 0.00 24.40 69.90 122.99 170.29 210.27 235.75 242.87 238.37 214.23 166.02 108.51 42.22 4.92 0.00 0.00 0.00
0.00 0.00 0.00 0.00 0.00 0.00 0.00 0.00 46.93 134.43 236.51 327.48 404.37 453.36 467.06 458.40 411.98 319.27 208.68 81.20 9.47 0.00 0.00 0.00
0.00 0.00 0.00 0.00 0.00 0.00 0.00 0.00 46.15 132.18 232.57 322.02 397.63 445.80 459.27 450.76 405.11 313.95 205.20 79.85 9.31 0.00 0.00 0.00
0.00 0.00 0.00 0.00 0.00 0.00 0.00 0.00 56.21 149.15 255.54 350.21 436.42 489.78 505.53 482.90 431.90 336.87 220.39 83.36 8.43 0.00 0.00 0.00
0.00 0.00 0.00 0.00 0.00 0.00 0.00 0.00 0.93 2.01 3.11 4.08 4.75 4.50 4.47 4.21 3.49 2.64 1.67 0.53 0.00 0.00 0.00 0.00
0.00 0.00 0.00 0.00 0.00 0.00 0.00 0.00 4.73 10.17 15.75 20.66 24.09 22.82 22.64 21.34 17.67 13.36 8.46 2.70 0.00 0.00 0.00 0.00
0.00 0.00 0.00 0.00 0.00 0.00 0.00 0.00 24.12 51.92 80.38 105.49 122.99 116.52 115.60 108.94 90.21 68.20 43.17 13.77 0.00 0.00 0.00 0.00
0.00 0.00 0.00 0.00 0.00 0.00 0.00 0.00 1.75 5.02 8.83 12.23 15.10 16.93 17.44 17.11 15.38 11.92 7.79 3.03 0.35 0.00 0.00 0.00
0.00 0.00 0.00 0.00 0.00 0.00 0.00 0.00 43.30 114.14 193.62 266.30 329.27 371.74 383.35 367.56 327.31 253.18 164.53 60.87 4.75 0.00 0.00 0.00
0.00 0.00 0.00 0.00 0.00 0.00 0.00 0.00 3.27 8.18 16.07 21.97 27.06 31.38 31.55 29.61 24.16 18.23 12.20 4.56 0.00 0.00 0.00 0.00
0.00 0.00 0.00 0.00 0.00 0.00 0.00 0.00 25.93 60.86 99.55 134.84 163.39 181.23 186.95 176.22 152.30 118.83 76.35 25.81 0.05 0.00 0.00 0.00
0.00 0.00 0.00 0.00 0.00 0.00 0.00 0.00 0.72 1.90 3.23 4.44 5.49 6.20 6.39 6.13 5.46 4.22 2.74 1.01 0.08 0.00 0.00 0.00
0.00 0.00 0.00 0.00 0.00 0.00 0.00 0.00 32.48 85.61 145.22 199.73 246.95 278.81 287.51 275.67 245.48 189.89 123.40 45.65 3.56 0.00 0.00 0.00
0.00 0.00 0.00 0.00 0.00 0.00 0.00 0.00 41.68 109.86 186.36 256.32 316.92 357.80 368.97 353.78 315.03 243.69 158.36 58.59 4.57 0.00 0.00 0.00
0.00 0.00 0.00 0.00 0.00 0.00 0.00 0.00 74.12 196.69 337.00 461.84 575.53 645.90 666.66 636.82 569.57 444.25 290.63 109.93 11.11 0.00 0.00 0.00
0.00 0.00 0.00 0.00 0.00 0.00 0.00 0.00 2.10 4.79 8.45 11.38 13.83 15.51 15.59 14.58 11.93 8.96 5.63 1.75 0.00 0.00 0.00 0.00
0.00 0.00 0.00 0.00 0.00 0.00 0.00 0.00 2.68 6.10 10.62 14.30 17.36 19.47 19.53 18.21 14.87 11.18 6.98 2.19 0.00 0.00 0.00 0.00
0.00 0.00 0.00 0.00 0.00 0.00 0.00 0.00 13.49 33.74 66.28 90.64 111.62 129.46 130.13 122.14 99.64 75.18 50.30 18.81 0.00 0.00 0.00 0.00
0.00 0.00 0.00 0.00 0.00 0.00 0.00 0.00 49.00 137.22 242.12 328.49 407.33 465.56 483.54 461.80 413.29 326.78 219.24 90.60 16.69 0.00 0.00 0.00
0.00 0.00 0.00 0.00 0.00 0.00 0.00 0.00 0.76 1.64 2.62 3.52 4.24 4.68 4.72 4.37 3.64 2.74 1.74 0.52 0.00 0.00 0.00 0.00
0.00 0.00 0.00 0.00 0.00 0.00 0.00 0.00 11.63 29.23 48.59 66.20 80.96 91.16 93.00 89.02 80.23 61.64 39.35 14.14 0.70 0.00 0.00 0.00
0.00 0.00 0.00 0.00 0.00 0.00 0.00 0.00 2.70 8.73 15.71 22.10 27.47 30.77 31.44 29.76 26.59 20.73 14.05 5.75 0.94 0.00 0.00 0.00
0.00 0.00 0.00 0.00 0.00 0.00 0.00 0.00 1.94 3.92 5.90 7.60 9.04 9.78 9.98 9.40 8.19 6.09 3.99 1.06 0.00 0.00 0.00 0.00
0.00 0.00 0.00 0.00 0.00 0.00 0.00 0.00 0.97 1.96 2.95 3.80 4.52 4.89 4.99 4.70 4.10 3.05 1.99 0.53 0.00 0.00 0.00 0.00
0.00 0.00 0.00 0.00 0.00 0.00 0.00 0.00 2.13 4.29 6.45 8.32 9.89 10.70 10.92 10.28 8.96 6.66 4.36 1.16 0.00 0.00 0.00 0.00
0.00 0.00 0.00 0.00 0.00 0.00 0.00 0.00 2.51 5.10 7.84 10.15 11.97 12.87 12.92 12.34 10.89 8.17 5.33 1.48 0.00 0.00 0.00 0.00
0.00 0.00 0.00 0.00 0.00 0.00 0.00 0.00 3.83 7.78 11.95 15.46 18.25 19.61 19.69 18.80 16.60 12.45 8.12 2.25 0.00 0.00 0.00 0.00
0.00 0.00 0.00 0.00 0.00 0.00 0.00 0.00 3.25 6.68 10.28 13.51 16.02 17.43 17.62 16.62 14.71 11.07 7.23 2.10 0.00 0.00 0.00 0.00
0.00 0.00 0.00 0.00 0.00 0.00 0.00 0.00 2.30 5.11 8.23 10.97 13.33 14.56 14.90 14.32 12.21 9.20 5.87 1.81 0.00 0.00 0.00 0.00
0.00 0.00 0.00 0.00 0.00 0.00 0.00 0.00 5.94 13.21 21.27 28.34 34.44 37.61 38.50 37.00 31.53 23.76 15.16 4.69 0.00 0.00 0.00 0.00
0.00 0.00 0.00 0.00 0.00 0.00 0.00 0.00 1.51 3.43 5.45 7.40 9.00 9.75 9.84 9.26 8.07 6.18 3.96 1.29 0.00 0.00 0.00 0.00
0.00 0.00 0.00 0.00 0.00 0.00 0.00 0.00 3.63 7.61 11.76 15.70 18.56 20.68 20.88 19.10 16.56 12.28 7.83 2.07 0.00 0.00 0.00 0.00
0.00 0.00 0.00 0.00 0.00 0.00 0.00 0.00 5.83 12.12 19.15 25.23 30.38 33.11 33.18 30.98 27.82 20.95 13.40 3.54 0.00 0.00 0.00 0.00
0.00 0.00 0.00 0.00 0.00 0.00 0.00 0.00 0.96 1.88 2.84 3.55 4.08 4.39 4.35 4.05 3.54 2.59 1.68 0.36 0.00 0.00 0.00 0.00
0.00 0.00 0.00 0.00 0.00 0.00 0.00 0.00 5.27 10.71 16.19 20.80 24.59 26.44 26.04 24.17 20.02 14.61 9.39 2.51 0.00 0.00 0.00 0.00
0.00 0.00 0.00 0.00 0.00 0.00 0.00 0.00 3.48 6.94 10.41 13.23 15.22 16.86 16.60 15.62 13.60 10.11 6.51 1.55 0.00 0.00 0.00 0.00
0.00 0.00 0.00 0.00 0.00 0.00 0.00 0.00 4.80 9.58 14.37 18.25 21.00 23.26 22.91 21.55 18.77 13.95 8.99 2.14 0.00 0.00 0.00 0.00
0.00 0.00 0.00 0.00 0.00 0.00 0.00 0.00 3.27 6.52 9.79 12.43 14.30 15.85 15.61 14.68 12.78 9.50 6.12 1.46 0.00 0.00 0.00 0.00
0.00 0.00 0.00 0.00 0.00 0.00 0.00 0.00 2.81 5.71 8.63 11.10 13.11 14.10 13.89 12.89 10.68 7.79 5.01 1.34 0.00 0.00 0.00 0.00
0.00 0.00 0.00 0.00 0.00 0.00 0.00 0.00 2.54 5.00 7.15 9.21 10.64 11.39 11.19 10.34 9.43 6.97 4.50 1.00 0.00 0.00 0.00 0.00
0.00 0.00 0.00 0.00 0.00 0.00 0.00 0.00 2.67 5.75 8.91 11.69 13.63 12.91 12.81 12.07 10.00 7.56 4.78 1.53 0.00 0.00 0.00 0.00
0.00 0.00 0.00 0.00 0.00 0.00 0.00 0.00 20.82 50.52 83.47 111.39 132.90 127.94 129.21 122.30 78.87 59.81 36.83 15.42 0.00 0.00 0.00 0.00
0.00 0.00 0.00 0.00 0.00 0.00 0.00 0.00 3.51 7.86 12.82 17.11 20.69 22.85 23.17 21.80 18.55 13.80 8.69 2.72 0.00 0.00 0.00 0.00
0.00 0.00 0.00 0.00 0.00 0.00 0.00 0.00 5.59 12.06 19.34 25.85 30.70 34.70 34.58 32.33 26.31 19.38 12.42 3.70 0.00 0.00 0.00 0.00
0.00 0.00 0.00 0.00 0.00 0.00 0.00 0.00 2.56 5.53 8.86 11.85 14.07 15.90 15.85 14.82 12.06 8.88 5.69 1.70 0.00 0.00 0.00 0.00
0.00 0.00 0.00 0.00 0.00 0.00 0.00 0.00 4.35 9.72 15.80 21.00 25.36 27.94 28.45 26.73 22.61 16.88 10.69 3.38 0.00 0.00 0.00 0.00
0.00 0.00 0.00 0.00 0.00 0.00 0.00 0.00 1.84 3.99 6.37 8.56 10.30 11.37 11.45 10.61 8.84 6.64 4.23 1.25 0.00 0.00 0.00 0.00
0.00 0.00 0.00 0.00 0.00 0.00 0.00 0.00 13.97 34.93 68.63 93.85 115.57 134.04 134.73 126.46 103.17 77.84 52.08 19.48 0.00 0.00 0.00 0.00
0.00 0.00 0.00 0.00 0.00 0.00 0.00 0.00 6.20 14.55 23.81 32.24 39.07 43.34 44.71 42.14 36.42 28.42 18.26 6.17 0.01 0.00 0.00 0.00
0.00 0.00 0.00 0.00 0.00 0.00 0.00 0.00 1.38 3.28 5.35 7.19 8.73 9.69 9.99 9.56 7.87 6.01 3.92 1.36 0.00 0.00 0.00 0.00
0.00 0.00 0.00 0.00 0.00 0.00 0.00 0.00 1.72 4.09 6.73 9.20 11.31 12.13 12.12 11.37 9.56 7.21 4.67 1.72 0.00 0.00 0.00 0.00
0.00 0.00 0.00 0.00 0.00 0.00 0.00 0.00 2.76 6.54 10.76 14.71 18.09 19.41 19.39 18.19 15.30 11.54 7.48 2.75 0.00 0.00 0.00 0.00
0.00 0.00 0.00 0.00 0.00 0.00 0.00 0.00 47.71 136.67 240.45 332.94 411.11 460.91 474.84 466.04 418.85 324.59 212.16 82.55 9.63 0.00 0.00 0.00
