0.00 0.00 0.00 0.00 0.00 0.00 0.00 0.23 1.11 1.95 2.91 3.83 4.63 5.17 5.32 5.01 4.41 3.59 2.61 1.17 0.54 0.00 0.00 0.00
0.00 0.00 0.00 0.00 0.00 0.00 0.00 5.58 21.22 36.03 45.41 59.33 69.90 45.18 45.23 42.18 58.84 46.49 31.06 14.40 4.18 0.00 0.00 0.00
0.00 0.00 0.00 0.00 0.00 0.00 0.00 5.20 25.27 44.57 66.47 87.63 105.92 118.24 121.70 114.61 100.79 82.20 59.68 26.84 12.36 0.00 0.00 0.00
0.00 0.00 0.00 0.00 0.00 0.00 0.00 18.49 89.81 158.40 236.23 311.42 376.43 420.23 432.50 407.31 358.19 292.14 212.11 95.38 43.92 0.00 0.00 0.00
0.00 0.00 0.00 0.00 0.00 0.00 0.00 0.65 1.77 3.00 6.61 8.37 9.53 13.02 12.94 11.66 9.96 7.82 5.24 2.64 0.65 0.00 0.00 0.00
0.00 0.00 0.00 0.00 0.00 0.00 0.00 27.28 193.44 354.19 535.28 709.76 855.02 929.63 954.00 908.04 837.92 684.11 487.60 287.98 134.91 0.00 0.00 0.00
0.00 0.00 0.00 0.00 0.00 0.00 0.00 0.82 2.22 3.71 5.78 7.43 8.57 9.46 9.55 8.93 7.87 6.30 4.36 2.27 0.84 0.00 0.00 0.00
0.00 0.00 0.00 0.00 0.00 0.00 0.00 0.32 1.12 1.89 2.08 2.67 3.08 4.81 4.91 4.61 2.95 2.31 1.58 0.83 0.25 0.00 0.00 0.00
0.00 0.00 0.00 0.00 0.00 0.00 0.00 0.51 1.80 3.02 3.33 4.28 4.93 7.69 7.85 7.38 4.71 3.70 2.53 1.32 0.41 0.00 0.00 0.00
0.00 0.00 0.00 0.00 0.00 0.00 0.00 0.51 1.80 3.02 3.33 4.28 4.93 7.69 7.85 7.38 4.71 3.70 2.53 1.32 0.41 0.00 0.00 0.00
0.00 0.00 0.00 0.00 0.00 0.00 0.00 1.03 3.75 6.35 6.59 8.96 10.75 9.40 9.46 9.02 11.58 9.36 6.52 4.91 1.73 0.00 0.00 0.00
0.00 0.00 0.00 0.00 0.00 0.00 0.00 0.42 1.55 2.62 3.45 4.67 5.59 4.99 5.07 4.81 4.97 3.99 2.77 2.15 0.75 0.00 0.00 0.00
0.00 0.00 0.00 0.00 0.00 0.00 0.00 0.54 1.99 3.37 4.43 6.00 7.18 6.41 6.52 6.18 6.39 5.13 3.56 2.76 0.96 0.00 0.00 0.00
0.00 0.00 0.00 0.00 0.00 0.00 0.00 0.36 1.33 2.25 2.95 4.00 4.79 4.27 4.35 4.12 4.26 3.42 2.37 1.84 0.64 0.00 0.00 0.00
0.00 0.00 0.00 0.00 0.00 0.00 0.00 0.36 1.33 2.25 2.95 4.00 4.79 4.27 4.35 4.12 4.26 3.42 2.37 1.84 0.64 0.00 0.00 0.00
0.00 0.00 0.00 0.00 0.00 0.00 0.00 3.92 23.61 42.31 65.95 86.36 98.62 103.76 106.10 101.62 75.14 59.55 40.79 19.04 6.20 0.00 0.00 0.00
0.00 0.00 0.00 0.00 0.00 0.00 0.00 3.61 12.49 21.00 18.34 24.60 29.70 25.98 26.36 24.85 40.55 32.55 22.97 15.42 5.38 0.00 0.00 0.00
0.00 0.00 0.00 0.00 0.00 0.00 0.00 2.23 7.70 12.97 13.08 16.92 20.16 40.53 41.00 39.13 46.53 37.07 25.74 14.30 5.27 0.00 0.00 0.00
0.00 0.00 0.00 0.00 0.00 0.00 0.00 8.05 57.06 104.47 157.89 209.35 252.20 274.21 281.40 267.84 247.16 201.79 143.83 84.94 39.79 0.00 0.00 0.00
0.00 0.00 0.00 0.00 0.00 0.00 0.00 7.65 54.27 99.38 150.19 199.14 239.90 260.83 267.67 254.77 235.10 191.94 136.81 80.80 37.85 0.00 0.00 0.00
0.00 0.00 0.00 0.00 0.00 0.00 0.00 14.72 104.37 191.11 288.82 382.97 461.34 501.60 514.75 489.95 452.12 369.12 263.10 155.39 72.80 0.00 0.00 0.00
0.00 0.00 0.00 0.00 0.00 0.00 0.00 14.47 102.64 187.92 284.01 376.58 453.65 493.24 506.17 481.78 444.58 362.97 258.71 152.80 71.58 0.00 0.00 0.00
0.00 0.00 0.00 0.00 0.00 0.00 0.00 26.12 120.45 211.42 308.15 408.15 494.49 536.82 548.02 537.65 486.05 393.91 287.23 129.86 61.67 0.00 0.00 0.00
0.00 0.00 0.00 0.00 0.00 0.00 0.00 0.32 1.12 1.89 2.08 2.67 3.08 4.81 4.91 4.61 2.95 2.31 1.58 0.83 0.25 0.00 0.00 0.00
0.00 0.00 0.00 0.00 0.00 0.00 0.00 1.63 5.69 9.56 10.56 13.54 15.62 24.35 24.87 23.37 14.92 11.71 8.02 4.19 1.29 0.00 0.00 0.00
0.00 0.00 0.00 0.00 0.00 0.00 0.00 8.32 29.06 48.79 53.89 69.13 79.76 124.32 126.96 119.32 76.18 59.80 40.95 21.37 6.58 0.00 0.00 0.00
0.00 0.00 0.00 0.00 0.00 0.00 0.00 0.55 3.90 7.13 10.78 14.30 17.22 18.73 19.22 18.29 16.88 13.78 9.82 5.80 2.72 0.00 0.00 0.00
0.00 0.00 0.00 0.00 0.00 0.00 0.00 18.21 88.41 155.93 232.55 306.57 370.56 413.68 425.76 400.97 352.61 287.58 208.81 93.89 43.23 0.00 0.00 0.00
0.00 0.00 0.00 0.00 0.00 0.00 0.00 1.10 5.55 9.81 15.00 20.88 26.49 28.25 29.21 28.45 21.86 17.78 12.55 9.53 3.79 0.00 0.00 0.00
0.00 0.00 0.00 0.00 0.00 0.00 0.00 14.29 48.74 81.74 120.55 154.44 180.53 200.57 209.92 199.96 170.11 139.51 100.68 52.68 23.36 0.00 0.00 0.00
0.00 0.00 0.00 0.00 0.00 0.00 0.00 0.30 1.47 2.60 3.88 5.11 6.18 6.89 7.10 6.68 5.88 4.79 3.48 1.56 0.72 0.00 0.00 0.00
0.00 0.00 0.00 0.00 0.00 0.00 0.00 13.65 66.30 116.95 174.41 229.93 277.92 310.26 319.32 300.72 264.45 215.69 156.61 70.42 32.42 0.00 0.00 0.00
0.00 0.00 0.00 0.00 0.00 0.00 0.00 17.52 85.09 150.08 223.83 295.07 356.67 398.17 409.79 385.93 339.38 276.80 200.98 90.37 41.61 0.00 0.00 0.00
0.00 0.00 0.00 0.00 0.00 0.00 0.00 34.44 158.84 278.82 406.37 538.24 652.11 707.93 722.70 709.02 640.98 519.48 378.78 171.25 81.33 0.00 0.00 0.00
0.00 0.00 0.00 0.00 0.00 0.00 0.00 0.79 3.15 5.39 6.96 9.24 11.03 9.17 9.32 8.93 7.54 5.94 4.15 3.94 1.38 0.00 0.00 0.00
0.00 0.00 0.00 0.00 0.00 0.00 0.00 0.96 3.76 6.42 8.60 11.34 13.63 11.10 11.33 10.90 9.26 7.26 5.14 4.81 1.69 0.00 0.00 0.00
0.00 0.00 0.00 0.00 0.00 0.00 0.00 4.53 22.88 40.48 61.87 86.12 109.29 116.52 120.50 117.37 90.19 73.35 51.78 39.31 15.65 0.00 0.00 0.00
0.00 0.00 0.00 0.00 0.00 0.00 0.00 29.58 127.15 221.69 334.13 434.29 517.80 556.08 567.73 532.50 482.34 392.35 289.57 182.49 95.33 7.12 0.00 0.00
0.00 0.00 0.00 0.00 0.00 0.00 0.00 0.27 0.89 1.48 1.48 1.96 2.32 2.27 2.28 2.17 3.46 2.77 1.95 1.12 0.38 0.00 0.00 0.00
0.00 0.00 0.00 0.00 0.00 0.00 0.00 5.75 23.70 41.01 60.43 78.06 93.02 102.33 103.42 97.55 86.15 70.38 52.08 20.71 9.42 0.00 0.00 0.00
0.00 0.00 0.00 0.00 0.00 0.00 0.00 0.40 6.90 13.17 19.59 26.25 31.68 34.26 34.85 32.13 29.24 23.48 16.94 10.40 4.99 0.00 0.00 0.00
0.00 0.00 0.00 0.00 0.00 0.00 0.00 0.82 2.14 3.57 6.08 7.75 8.92 10.68 10.67 10.04 9.13 7.21 4.95 2.59 0.93 0.00 0.00 0.00
0.00 0.00 0.00 0.00 0.00 0.00 0.00 0.41 1.07 1.79 3.04 3.88 4.46 5.34 5.34 5.02 4.56 3.61 2.47 1.30 0.47 0.00 0.00 0.00
0.00 0.00 0.00 0.00 0.00 0.00 0.00 0.89 2.35 3.91 6.65 8.48 9.76 11.68 11.67 10.98 9.99 7.89 5.41 2.83 1.02 0.00 0.00 0.00
0.00 0.00 0.00 0.00 0.00 0.00 0.00 1.23 3.29 5.48 8.13 10.25 11.85 14.11 14.15 13.28 12.15 9.53 6.63 3.53 1.26 0.00 0.00 0.00
0.00 0.00 0.00 0.00 0.00 0.00 0.00 1.87 5.01 8.35 12.39 15.61 18.06 21.49 21.56 20.24 18.51 14.53 10.10 5.38 1.92 0.00 0.00 0.00
0.00 0.00 0.00 0.00 0.00 0.00 0.00 1.75 4.79 7.95 11.87 15.40 17.57 19.24 19.32 18.16 16.25 13.07 8.97 4.67 1.72 0.00 0.00 0.00
0.00 0.00 0.00 0.00 0.00 0.00 0.00 1.39 4.20 6.88 10.01 12.60 14.60 15.43 16.10 15.75 14.09 11.27 8.03 4.68 2.02 0.00 0.00 0.00
0.00 0.00 0.00 0.00 0.00 0.00 0.00 3.59 10.84 17.78 25.86 32.55 37.71 39.87 41.60 40.68 36.39 29.12 20.73 12.09 5.22 0.00 0.00 0.00
0.00 0.00 0.00 0.00 0.00 0.00 0.00 0.83 2.70 4.49 6.55 8.38 9.80 10.68 10.92 10.54 7.85 6.36 4.49 2.28 0.97 0.00 0.00 0.00
0.00 0.00 0.00 0.00 0.00 0.00 0.00 1.03 3.18 5.29 7.29 9.77 11.45 10.47 10.68 9.95 13.91 11.03 7.69 4.20 1.39 0.00 0.00 0.00
0.00 0.00 0.00 0.00 0.00 0.00 0.00 1.54 4.51 7.46 20.40 26.38 31.50 34.91 35.65 33.53 31.70 25.10 17.17 9.50 3.32 0.00 0.00 0.00
0.00 0.00 0.00 0.00 0.00 0.00 0.00 0.20 0.55 0.91 2.44 3.08 3.45 4.67 4.58 4.25 3.47 2.73 1.81 0.99 0.26 0.00 0.00 0.00
0.00 0.00 0.00 0.00 0.00 0.00 0.00 1.08 3.25 5.43 15.96 19.84 22.32 27.22 27.47 25.47 17.10 13.19 8.74 4.93 1.38 0.00 0.00 0.00
0.00 0.00 0.00 0.00 0.00 0.00 0.00 0.71 2.04 3.41 10.35 12.99 14.26 17.49 17.08 16.06 12.18 9.44 6.34 3.56 0.95 0.00 0.00 0.00
0.00 0.00 0.00 0.00 0.00 0.00 0.00 0.99 2.82 4.70 14.28 17.92 19.67 24.13 23.57 22.16 16.81 13.02 8.76 4.91 1.31 0.00 0.00 0.00
0.00 0.00 0.00 0.00 0.00 0.00 0.00 0.67 1.92 3.20 9.73 12.21 13.40 16.44 16.05 15.09 11.45 8.87 5.96 3.34 0.89 0.00 0.00 0.00
0.00 0.00 0.00 0.00 0.00 0.00 0.00 0.58 1.73 2.89 8.51 10.58 11.90 14.52 14.65 13.58 9.12 7.04 4.66 2.63 0.73 0.00 0.00 0.00
0.00 0.00 0.00 0.00 0.00 0.00 0.00 0.54 1.50 2.50 5.66 7.09 7.96 11.24 11.23 10.35 8.99 7.07 4.87 2.30 0.57 0.00 0.00 0.00
0.00 0.00 0.00 0.00 0.00 0.00 0.00 0.92 3.22 5.41 5.97 7.66 8.84 13.78 14.07 13.22 8.44 6.63 4.54 2.37 0.73 0.00 0.00 0.00
0.00 0.00 0.00 0.00 0.00 0.00 0.00 5.10 30.73 55.07 85.84 112.40 128.37 135.05 138.09 132.27 97.81 77.51 53.09 24.79 8.07 0.00 0.00 0.00
0.00 0.00 0.00 0.00 0.00 0.00 0.00 1.16 4.25 7.20 7.46 10.15 12.18 10.65 10.72 10.23 13.13 10.61 7.39 5.56 1.96 0.00 0.00 0.00
0.00 0.00 0.00 0.00 0.00 0.00 0.00 1.45 4.87 8.16 15.45 20.46 24.57 16.52 16.93 15.90 15.98 12.79 8.93 6.87 2.29 0.00 0.00 0.00
0.00 0.00 0.00 0.00 0.00 0.00 0.00 0.66 2.23 3.74 7.08 9.38 11.26 7.57 7.76 7.29 7.32 5.86 4.09 3.15 1.05 0.00 0.00 0.00
0.00 0.00 0.00 0.00 0.00 0.00 0.00 1.56 5.66 9.59 8.47 11.49 13.83 12.29 12.29 11.71 16.93 13.62 9.59 6.99 2.47 0.00 0.00 0.00
0.00 0.00 0.00 0.00 0.00 0.00 0.00 0.65 2.16 3.60 3.59 4.76 5.64 5.51 5.54 5.27 8.41 6.72 4.73 2.71 0.93 0.00 0.00 0.00
0.00 0.00 0.00 0.00 0.00 0.00 0.00 4.69 23.69 41.91 64.05 89.17 113.15 120.64 124.76 121.52 93.38 75.95 53.61 40.70 16.21 0.00 0.00 0.00
0.00 0.00 0.00 0.00 0.00 0.00 0.00 3.42 11.65 19.55 28.83 36.93 43.17 47.96 50.20 47.82 40.68 33.36 24.08 12.60 5.59 0.00 0.00 0.00
0.00 0.00 0.00 0.00 0.00 0.00 0.00 0.73 2.59 4.38 6.56 8.38 9.89 10.69 10.88 10.38 8.21 6.69 4.78 2.50 1.10 0.00 0.00 0.00
0.00 0.00 0.00 0.00 0.00 0.00 0.00 0.85 3.14 5.34 7.83 10.05 11.82 12.84 13.26 12.92 8.76 6.97 5.00 3.05 1.31 0.00 0.00 0.00
0.00 0.00 0.00 0.00 0.00 0.00 0.00 1.37 5.03 8.54 12.52 16.08 18.91 20.54 21.21 20.66 14.01 11.15 7.99 4.88 2.09 0.00 0.00 0.00
0.00 0.00 0.00 0.00 0.00 0.00 0.00 14.97 106.11 194.29 293.63 389.35 469.03 509.96 523.33 498.11 459.65 375.28 267.48 157.98 74.01 0.00 0.00 0.00
