0.00 0.00 0.00 0.00 0.00 0.00 0.00 0.00 0.72 1.62 2.27 3.12 3.74 3.85 3.87 3.71 3.16 2.50 1.69 0.77 0.16 0.00 0.00 0.00
0.00 0.00 0.00 0.00 0.00 0.00 0.00 0.00 13.89 27.55 42.19 56.80 68.62 70.58 70.71 66.32 52.64 40.62 25.61 10.18 0.00 0.00 0.00 0.00
0.00 0.00 0.00 0.00 0.00 0.00 0.00 0.00 16.55 37.06 51.83 71.28 85.62 88.01 88.55 84.83 72.37 57.21 38.57 17.57 3.58 0.00 0.00 0.00
0.00 0.00 0.00 0.00 0.00 0.00 0.00 0.00 58.81 131.71 184.22 253.32 304.29 312.79 314.70 301.48 257.20 203.32 137.08 62.43 12.71 0.00 0.00 0.00
0.00 0.00 0.00 0.00 0.00 0.00 0.00 0.41 3.10 5.60 8.36 11.00 12.57 12.68 12.53 11.80 9.84 7.43 4.53 1.38 0.00 0.00 0.00 0.00
0.00 0.00 0.00 0.00 0.00 0.00 0.00 0.00 115.30 274.41 424.39 585.47 702.71 740.45 751.61 710.23 628.94 499.93 347.56 190.28 43.56 0.00 0.00 0.00
0.00 0.00 0.00 0.00 0.00 0.00 0.00 0.15 1.95 3.65 5.36 7.19 8.25 8.66 8.56 8.06 6.33 4.73 3.00 1.30 0.00 0.00 0.00 0.00
0.00 0.00 0.00 0.00 0.00 0.00 0.00 0.00 0.85 1.65 2.38 3.23 3.81 3.83 3.93 3.71 3.32 2.60 1.65 0.73 0.00 0.00 0.00 0.00
0.00 0.00 0.00 0.00 0.00 0.00 0.00 0.00 1.35 2.64 3.80 5.17 6.09 6.13 6.29 5.93 5.30 4.16 2.64 1.16 0.00 0.00 0.00 0.00
0.00 0.00 0.00 0.00 0.00 0.00 0.00 0.00 1.35 2.64 3.80 5.17 6.09 6.13 6.29 5.93 5.30 4.16 2.64 1.16 0.00 0.00 0.00 0.00
0.00 0.00 0.00 0.00 0.00 0.00 0.00 0.00 2.94 5.91 8.56 11.72 14.14 14.57 14.63 14.08 13.19 10.17 6.65 3.12 0.00 0.00 0.00 0.00
0.00 0.00 0.00 0.00 0.00 0.00 0.00 0.00 1.39 2.79 4.07 5.47 6.54 6.75 6.79 6.57 6.12 4.74 3.01 1.44 0.00 0.00 0.00 0.00
0.00 0.00 0.00 0.00 0.00 0.00 0.00 0.00 1.79 3.58 5.23 7.03 8.41 8.67 8.73 8.45 7.87 6.09 3.87 1.86 0.00 0.00 0.00 0.00
0.00 0.00 0.00 0.00 0.00 0.00 0.00 0.00 1.19 2.39 3.48 4.69 5.61 5.78 5.82 5.63 5.25 4.06 2.58 1.24 0.00 0.00 0.00 0.00
0.00 0.00 0.00 0.00 0.00 0.00 0.00 0.00 1.19 2.39 3.48 4.69 5.61 5.78 5.82 5.63 5.25 4.06 2.58 1.24 0.00 0.00 0.00 0.00
0.00 0.00 0.00 0.00 0.00 0.00 0.00 0.00 14.63 31.49 51.10 70.64 86.49 91.50 94.67 90.68 79.25 61.53 38.97 17.67 0.00 0.00 0.00 0.00
0.00 0.00 0.00 0.00 0.00 0.00 0.00 0.00 9.78 19.38 27.62 38.28 46.13 47.44 46.63 44.30 41.41 31.88 20.87 9.16 0.00 0.00 0.00 0.00
0.00 0.00 0.00 0.00 0.00 0.00 0.00 0.00 8.78 17.50 24.93 33.12 39.78 39.74 39.81 38.13 34.15 26.39 17.19 7.65 0.15 0.00 0.00 0.00
0.00 0.00 0.00 0.00 0.00 0.00 0.00 0.00 34.01 80.94 125.18 172.69 207.27 218.41 221.70 209.49 185.51 147.46 102.52 56.12 12.85 0.00 0.00 0.00
0.00 0.00 0.00 0.00 0.00 0.00 0.00 0.00 32.35 76.99 119.07 164.27 197.16 207.75 210.88 199.27 176.46 140.27 97.52 53.39 12.22 0.00 0.00 0.00
0.00 0.00 0.00 0.00 0.00 0.00 0.00 0.00 62.21 148.06 228.98 315.90 379.16 399.52 405.54 383.22 339.35 269.75 187.53 102.67 23.51 0.00 0.00 0.00
0.00 0.00 0.00 0.00 0.00 0.00 0.00 0.00 61.18 145.59 225.17 310.64 372.84 392.86 398.79 376.83 333.70 265.25 184.41 100.96 23.11 0.00 0.00 0.00
0.00 0.00 0.00 0.00 0.00 0.00 0.00 0.00 81.31 182.11 255.32 344.98 407.56 410.85 412.25 390.98 332.49 262.07 178.93 74.62 16.78 0.00 0.00 0.00
0.00 0.00 0.00 0.00 0.00 0.00 0.00 0.00 0.85 1.65 2.38 3.23 3.81 3.83 3.93 3.71 3.32 2.60 1.65 0.73 0.00 0.00 0.00 0.00
0.00 0.00 0.00 0.00 0.00 0.00 0.00 0.00 4.28 8.36 12.04 16.36 19.29 19.41 19.91 18.78 16.80 13.18 8.35 3.67 0.00 0.00 0.00 0.00
0.00 0.00 0.00 0.00 0.00 0.00 0.00 0.00 21.86 42.66 61.47 83.51 98.48 99.10 101.62 95.88 85.76 67.27 42.64 18.76 0.00 0.00 0.00 0.00
0.00 0.00 0.00 0.00 0.00 0.00 0.00 0.00 2.32 5.53 8.55 11.79 14.16 14.92 15.14 14.31 12.67 10.07 7.00 3.83 0.88 0.00 0.00 0.00
0.00 0.00 0.00 0.00 0.00 0.00 0.00 0.00 57.89 129.66 181.34 249.37 299.54 307.91 309.80 296.78 253.19 200.15 134.95 61.46 12.51 0.00 0.00 0.00
0.00 0.00 0.00 0.00 0.00 0.00 0.00 0.00 3.97 8.65 12.96 18.11 22.75 26.39 27.03 25.76 21.99 17.32 11.88 5.70 0.61 0.00 0.00 0.00
0.00 0.00 0.00 0.00 0.00 0.00 0.00 0.00 35.11 72.18 105.31 143.83 166.62 163.29 162.92 154.12 129.22 100.47 66.65 23.60 3.62 0.00 0.00 0.00
0.00 0.00 0.00 0.00 0.00 0.00 0.00 0.00 0.96 2.16 3.02 4.16 4.99 5.13 5.16 4.95 4.22 3.34 2.25 1.02 0.21 0.00 0.00 0.00
0.00 0.00 0.00 0.00 0.00 0.00 0.00 0.00 43.42 97.24 136.01 187.03 224.66 230.94 232.35 222.59 189.89 150.12 101.21 46.09 9.38 0.00 0.00 0.00
0.00 0.00 0.00 0.00 0.00 0.00 0.00 0.00 55.72 124.80 174.54 240.02 288.31 296.37 298.18 285.65 243.70 192.65 129.89 59.15 12.04 0.00 0.00 0.00
0.00 0.00 0.00 0.00 0.00 0.00 0.00 0.00 107.22 240.15 336.70 454.94 537.47 541.81 543.66 515.61 438.48 345.60 235.96 98.41 22.13 0.00 0.00 0.00
0.00 0.00 0.00 0.00 0.00 0.00 0.00 0.00 2.14 4.36 6.46 8.81 10.49 11.25 11.54 11.01 10.11 7.83 5.08 2.32 0.00 0.00 0.00 0.00
0.00 0.00 0.00 0.00 0.00 0.00 0.00 0.00 2.61 5.30 8.00 10.93 13.04 13.94 14.15 13.59 12.65 9.74 6.34 2.89 0.00 0.00 0.00 0.00
0.00 0.00 0.00 0.00 0.00 0.00 0.00 0.00 16.39 35.69 53.46 74.69 93.85 108.86 111.49 106.28 90.71 71.44 49.02 23.52 2.52 0.00 0.00 0.00
0.00 0.00 0.00 0.00 0.00 0.00 0.00 0.00 80.59 186.00 271.02 360.27 439.96 419.85 423.69 403.21 332.22 270.05 190.61 99.00 29.47 0.00 0.00 0.00
0.00 0.00 0.00 0.00 0.00 0.00 0.00 0.00 0.81 1.59 2.28 3.13 3.74 3.78 3.72 3.45 3.10 2.42 1.57 0.71 0.00 0.00 0.00 0.00
0.00 0.00 0.00 0.00 0.00 0.00 0.00 0.00 15.76 34.09 47.89 64.53 77.38 77.33 78.20 73.43 64.49 51.26 34.16 12.74 2.36 0.00 0.00 0.00
0.00 0.00 0.00 0.00 0.00 0.00 0.00 0.00 3.87 10.01 15.86 22.10 26.69 27.89 27.50 26.06 23.07 18.70 13.03 7.38 1.94 0.00 0.00 0.00
0.00 0.00 0.00 0.00 0.00 0.00 0.00 0.23 2.34 4.32 6.17 8.27 9.60 9.93 9.84 9.14 7.45 5.55 3.49 1.45 0.00 0.00 0.00 0.00
0.00 0.00 0.00 0.00 0.00 0.00 0.00 0.12 1.17 2.16 3.09 4.14 4.80 4.96 4.92 4.57 3.72 2.78 1.74 0.73 0.00 0.00 0.00 0.00
0.00 0.00 0.00 0.00 0.00 0.00 0.00 0.26 2.56 4.73 6.75 9.05 10.50 10.86 10.76 10.00 8.14 6.07 3.81 1.59 0.00 0.00 0.00 0.00
0.00 0.00 0.00 0.00 0.00 0.00 0.00 0.27 2.99 5.55 8.06 10.91 12.78 13.08 12.88 12.00 9.74 7.19 4.55 1.91 0.00 0.00 0.00 0.00
0.00 0.00 0.00 0.00 0.00 0.00 0.00 0.41 4.56 8.45 12.28 16.62 19.48 19.93 19.62 18.29 14.85 10.95 6.93 2.91 0.00 0.00 0.00 0.00
0.00 0.00 0.00 0.00 0.00 0.00 0.00 0.28 3.95 7.41 10.81 14.48 16.84 17.48 17.38 16.14 12.66 9.55 6.08 2.70 0.00 0.00 0.00 0.00
0.00 0.00 0.00 0.00 0.00 0.00 0.00 0.00 2.93 5.80 8.65 11.54 13.77 14.17 13.85 12.97 10.56 8.22 5.33 2.37 0.28 0.00 0.00 0.00
0.00 0.00 0.00 0.00 0.00 0.00 0.00 0.00 7.57 14.97 22.34 29.82 35.58 36.61 35.77 33.52 27.28 21.22 13.77 6.12 0.71 0.00 0.00 0.00
0.00 0.00 0.00 0.00 0.00 0.00 0.00 0.00 1.92 3.87 5.75 7.84 9.32 9.01 8.88 8.37 6.90 5.27 3.43 1.54 0.18 0.00 0.00 0.00
0.00 0.00 0.00 0.00 0.00 0.00 0.00 0.12 3.89 7.42 10.82 14.50 17.29 17.58 17.33 16.12 13.00 10.14 6.50 2.94 0.00 0.00 0.00 0.00
0.00 0.00 0.00 0.00 0.00 0.00 0.00 0.33 7.12 13.51 19.65 26.16 30.70 30.30 30.09 28.36 23.88 18.26 11.35 4.82 0.00 0.00 0.00 0.00
0.00 0.00 0.00 0.00 0.00 0.00 0.00 0.12 0.95 1.71 2.56 3.38 3.89 3.93 3.86 3.70 3.15 2.36 1.47 0.49 0.00 0.00 0.00 0.00
0.00 0.00 0.00 0.00 0.00 0.00 0.00 0.35 4.99 9.30 13.74 18.06 21.26 21.91 21.79 20.56 17.02 12.97 8.20 3.14 0.00 0.00 0.00 0.00
0.00 0.00 0.00 0.00 0.00 0.00 0.00 0.35 3.50 6.42 9.49 12.48 14.34 14.55 14.68 14.01 11.62 8.81 5.47 1.90 0.00 0.00 0.00 0.00
0.00 0.00 0.00 0.00 0.00 0.00 0.00 0.48 4.83 8.86 13.09 17.23 19.79 20.07 20.26 19.33 16.03 12.16 7.55 2.63 0.00 0.00 0.00 0.00
0.00 0.00 0.00 0.00 0.00 0.00 0.00 0.33 3.29 6.03 8.92 11.74 13.48 13.67 13.80 13.16 10.92 8.28 5.14 1.79 0.00 0.00 0.00 0.00
0.00 0.00 0.00 0.00 0.00 0.00 0.00 0.19 2.66 4.96 7.33 9.63 11.34 11.69 11.62 10.96 9.08 6.92 4.37 1.68 0.00 0.00 0.00 0.00
0.00 0.00 0.00 0.00 0.00 0.00 0.00 0.33 2.75 4.99 7.48 9.84 11.16 11.40 11.18 10.49 8.81 6.68 4.11 1.30 0.00 0.00 0.00 0.00
0.00 0.00 0.00 0.00 0.00 0.00 0.00 0.00 2.42 4.73 6.81 9.26 10.91 10.98 11.26 10.63 9.50 7.45 4.73 2.08 0.00 0.00 0.00 0.00
0.00 0.00 0.00 0.00 0.00 0.00 0.00 0.00 19.04 40.99 66.51 91.95 112.58 119.09 123.22 118.03 103.15 80.09 50.72 22.99 0.00 0.00 0.00 0.00
0.00 0.00 0.00 0.00 0.00 0.00 0.00 0.00 3.34 6.70 9.71 13.28 16.03 16.51 16.58 15.95 14.95 11.52 7.53 3.53 0.00 0.00 0.00 0.00
0.00 0.00 0.00 0.00 0.00 0.00 0.00 0.00 5.75 11.22 15.59 20.94 25.15 25.44 25.13 23.76 21.49 16.82 10.98 4.94 0.00 0.00 0.00 0.00
0.00 0.00 0.00 0.00 0.00 0.00 0.00 0.00 2.64 5.14 7.14 9.60 11.52 11.66 11.52 10.89 9.85 7.71 5.03 2.27 0.00 0.00 0.00 0.00
0.00 0.00 0.00 0.00 0.00 0.00 0.00 0.00 4.16 8.36 12.27 16.95 20.49 21.09 21.09 20.21 18.93 14.59 9.64 4.35 0.00 0.00 0.00 0.00
0.00 0.00 0.00 0.00 0.00 0.00 0.00 0.00 1.97 3.86 5.53 7.60 9.09 9.18 9.05 8.38 7.54 5.88 3.82 1.72 0.00 0.00 0.00 0.00
0.00 0.00 0.00 0.00 0.00 0.00 0.00 0.00 16.97 36.96 55.35 77.33 97.16 112.70 115.43 110.03 93.91 73.96 50.75 24.35 2.60 0.00 0.00 0.00
0.00 0.00 0.00 0.00 0.00 0.00 0.00 0.00 8.40 17.26 25.18 34.39 39.84 39.05 38.96 36.85 30.90 24.03 15.94 5.64 0.86 0.00 0.00 0.00
0.00 0.00 0.00 0.00 0.00 0.00 0.00 0.00 1.82 3.78 5.53 7.59 8.92 8.48 8.65 8.13 6.83 5.36 3.57 1.35 0.20 0.00 0.00 0.00
0.00 0.00 0.00 0.00 0.00 0.00 0.00 0.00 2.24 4.66 6.63 9.02 10.82 10.69 10.74 10.14 8.62 6.68 4.43 2.20 0.30 0.00 0.00 0.00
0.00 0.00 0.00 0.00 0.00 0.00 0.00 0.00 3.58 7.45 10.61 14.44 17.31 17.11 17.19 16.22 13.79 10.69 7.09 3.51 0.47 0.00 0.00 0.00
0.00 0.00 0.00 0.00 0.00 0.00 0.00 0.00 63.25 150.53 232.80 321.17 385.48 406.18 412.30 389.60 345.01 274.24 190.66 104.38 23.90 0.00 0.00 0.00
