0.00 0.00 0.00 0.00 0.00 0.00 0.00 0.00 0.08 0.95 1.98 2.84 3.53 3.90 3.98 3.78 3.14 2.20 1.22 0.03 0.00 0.00 0.00 0.00
0.00 0.00 0.00 0.00 0.00 0.00 0.00 0.00 7.30 23.78 42.10 57.87 66.82 65.20 63.40 57.28 44.25 29.66 14.75 0.00 0.00 0.00 0.00 0.00
0.00 0.00 0.00 0.00 0.00 0.00 0.00 0.00 1.78 21.81 45.28 64.89 80.77 89.25 91.09 86.42 71.73 50.22 27.82 0.60 0.00 0.00 0.00 0.00
0.00 0.00 0.00 0.00 0.00 0.00 0.00 0.00 6.33 77.50 160.93 230.63 287.07 317.18 323.73 307.14 254.93 178.46 98.86 2.12 0.00 0.00 0.00 0.00
0.00 0.00 0.00 0.00 0.00 0.00 0.00 0.00 1.64 4.44 7.31 9.65 10.87 11.14 10.64 9.28 7.47 4.82 2.10 0.00 0.00 0.00 0.00 0.00
0.00 0.00 0.00 0.00 0.00 0.00 0.00 0.00 6.70 161.75 348.96 501.04 627.23 723.59 751.63 719.71 599.93 422.89 241.48 10.31 0.00 0.00 0.00 0.00
0.00 0.00 0.00 0.00 0.00 0.00 0.00 0.00 0.58 2.07 3.89 5.39 6.38 7.01 7.02 6.40 5.08 3.29 1.53 0.00 0.00 0.00 0.00 0.00
0.00 0.00 0.00 0.00 0.00 0.00 0.00 0.00 0.38 1.27 2.31 3.15 3.54 3.66 3.57 3.25 2.40 1.60 0.79 0.00 0.00 0.00 0.00 0.00
0.00 0.00 0.00 0.00 0.00 0.00 0.00 0.00 0.61 2.03 3.70 5.03 5.66 5.86 5.71 5.21 3.84 2.56 1.26 0.00 0.00 0.00 0.00 0.00
0.00 0.00 0.00 0.00 0.00 0.00 0.00 0.00 0.61 2.03 3.70 5.03 5.66 5.86 5.71 5.21 3.84 2.56 1.26 0.00 0.00 0.00 0.00 0.00
0.00 0.00 0.00 0.00 0.00 0.00 0.00 0.00 1.11 4.31 8.07 11.46 13.46 15.19 14.91 13.90 11.58 7.83 3.97 0.00 0.00 0.00 0.00 0.00
0.00 0.00 0.00 0.00 0.00 0.00 0.00 0.00 0.54 2.06 3.89 5.54 6.43 7.19 7.07 6.64 5.48 3.69 1.87 0.00 0.00 0.00 0.00 0.00
0.00 0.00 0.00 0.00 0.00 0.00 0.00 0.00 0.69 2.65 5.00 7.12 8.26 9.25 9.09 8.54 7.04 4.74 2.40 0.00 0.00 0.00 0.00 0.00
0.00 0.00 0.00 0.00 0.00 0.00 0.00 0.00 0.46 1.76 3.34 4.75 5.51 6.17 6.06 5.69 4.70 3.16 1.60 0.00 0.00 0.00 0.00 0.00
0.00 0.00 0.00 0.00 0.00 0.00 0.00 0.00 0.46 1.76 3.34 4.75 5.51 6.17 6.06 5.69 4.70 3.16 1.60 0.00 0.00 0.00 0.00 0.00
0.00 0.00 0.00 0.00 0.00 0.00 0.00 0.00 6.77 26.96 50.18 71.63 84.14 89.80 89.27 82.31 66.99 45.63 24.33 0.00 0.00 0.00 0.00 0.00
0.00 0.00 0.00 0.00 0.00 0.00 0.00 0.00 3.58 13.44 24.91 35.02 40.64 45.00 44.67 41.12 34.25 23.21 11.58 0.00 0.00 0.00 0.00 0.00
0.00 0.00 0.00 0.00 0.00 0.00 0.00 0.00 2.63 10.61 19.89 27.83 33.39 37.92 37.78 35.24 29.20 19.82 9.97 0.00 0.00 0.00 0.00 0.00
0.00 0.00 0.00 0.00 0.00 0.00 0.00 0.00 1.97 47.71 102.93 147.79 185.01 213.43 221.70 212.29 176.96 124.74 71.23 3.04 0.00 0.00 0.00 0.00
0.00 0.00 0.00 0.00 0.00 0.00 0.00 0.00 1.88 45.38 97.91 140.58 175.99 203.02 210.89 201.93 168.32 118.65 67.75 2.89 0.00 0.00 0.00 0.00
0.00 0.00 0.00 0.00 0.00 0.00 0.00 0.00 3.61 87.27 188.29 270.35 338.43 390.43 405.55 388.33 323.70 228.18 130.30 5.56 0.00 0.00 0.00 0.00
0.00 0.00 0.00 0.00 0.00 0.00 0.00 0.00 3.55 85.82 185.15 265.84 332.79 383.92 398.80 381.86 318.31 224.38 128.12 5.47 0.00 0.00 0.00 0.00
0.00 0.00 0.00 0.00 0.00 0.00 0.00 0.00 5.33 97.79 205.99 293.08 371.34 415.77 427.29 401.39 333.79 233.15 129.40 2.99 0.00 0.00 0.00 0.00
0.00 0.00 0.00 0.00 0.00 0.00 0.00 0.00 0.38 1.27 2.31 3.15 3.54 3.66 3.57 3.25 2.40 1.60 0.79 0.00 0.00 0.00 0.00 0.00
0.00 0.00 0.00 0.00 0.00 0.00 0.00 0.00 1.94 6.44 11.71 15.94 17.92 18.55 18.07 16.49 12.16 8.12 3.99 0.00 0.00 0.00 0.00 0.00
0.00 0.00 0.00 0.00 0.00 0.00 0.00 0.00 9.91 32.87 59.81 81.37 91.51 94.69 92.26 84.18 62.06 41.45 20.36 0.00 0.00 0.00 0.00 0.00
0.00 0.00 0.00 0.00 0.00 0.00 0.00 0.00 0.13 3.26 7.03 10.09 12.63 14.58 15.14 14.50 12.08 8.52 4.86 0.21 0.00 0.00 0.00 0.00
0.00 0.00 0.00 0.00 0.00 0.00 0.00 0.00 6.23 76.30 158.42 227.03 282.59 312.23 318.68 302.36 250.96 175.68 97.32 2.08 0.00 0.00 0.00 0.00
0.00 0.00 0.00 0.00 0.00 0.00 0.00 0.00 1.02 5.68 11.22 16.56 20.95 23.32 24.57 23.71 19.08 13.63 7.38 0.04 0.00 0.00 0.00 0.00
0.00 0.00 0.00 0.00 0.00 0.00 0.00 0.00 6.06 41.20 81.44 115.51 138.55 154.83 159.94 147.53 120.61 81.01 42.37 0.00 0.00 0.00 0.00 0.00
0.00 0.00 0.00 0.00 0.00 0.00 0.00 0.00 0.10 1.27 2.64 3.78 4.71 5.20 5.31 5.04 4.18 2.93 1.62 0.03 0.00 0.00 0.00 0.00
0.00 0.00 0.00 0.00 0.00 0.00 0.00 0.00 4.68 57.22 118.82 170.28 211.94 234.17 239.01 226.77 188.22 131.76 72.99 1.56 0.00 0.00 0.00 0.00
0.00 0.00 0.00 0.00 0.00 0.00 0.00 0.00 6.00 73.43 152.48 218.52 271.99 300.52 306.73 291.02 241.54 169.09 93.67 2.01 0.00 0.00 0.00 0.00
0.00 0.00 0.00 0.00 0.00 0.00 0.00 0.00 7.02 128.96 271.65 386.50 489.71 548.30 563.48 529.33 440.18 307.47 170.65 3.94 0.00 0.00 0.00 0.00
0.00 0.00 0.00 0.00 0.00 0.00 0.00 0.00 0.81 3.21 6.06 8.62 10.16 11.64 11.40 10.39 8.75 6.01 3.09 0.00 0.00 0.00 0.00 0.00
0.00 0.00 0.00 0.00 0.00 0.00 0.00 0.00 1.00 3.98 7.65 10.82 12.84 14.40 14.05 13.11 10.88 7.46 3.82 0.00 0.00 0.00 0.00 0.00
0.00 0.00 0.00 0.00 0.00 0.00 0.00 0.00 4.21 23.42 46.29 68.31 86.43 96.18 101.35 97.80 78.72 56.22 30.46 0.18 0.00 0.00 0.00 0.00
0.00 0.00 0.00 0.00 0.00 0.00 0.00 0.00 0.00 87.72 202.48 294.77 371.76 421.03 434.59 405.59 334.85 237.21 134.16 4.38 0.00 0.00 0.00 0.00
0.00 0.00 0.00 0.00 0.00 0.00 0.00 0.00 0.30 1.07 1.94 2.62 3.06 3.35 3.29 3.00 2.53 1.70 0.83 0.00 0.00 0.00 0.00 0.00
0.00 0.00 0.00 0.00 0.00 0.00 0.00 0.00 2.11 19.63 40.08 57.29 70.65 78.74 80.96 75.21 61.34 42.51 23.06 0.12 0.00 0.00 0.00 0.00
0.00 0.00 0.00 0.00 0.00 0.00 0.00 0.00 0.00 6.26 13.73 20.20 24.86 28.34 29.31 27.63 22.80 16.25 9.59 0.67 0.00 0.00 0.00 0.00
0.00 0.00 0.00 0.00 0.00 0.00 0.00 0.00 0.71 2.42 4.55 6.33 7.57 8.20 7.98 7.30 5.68 3.69 1.68 0.00 0.00 0.00 0.00 0.00
0.00 0.00 0.00 0.00 0.00 0.00 0.00 0.00 0.35 1.21 2.28 3.16 3.79 4.10 3.99 3.65 2.84 1.84 0.84 0.00 0.00 0.00 0.00 0.00
0.00 0.00 0.00 0.00 0.00 0.00 0.00 0.00 0.77 2.65 4.98 6.92 8.28 8.97 8.73 7.99 6.21 4.03 1.84 0.00 0.00 0.00 0.00 0.00
0.00 0.00 0.00 0.00 0.00 0.00 0.00 0.00 0.96 3.28 6.01 8.23 9.78 10.66 10.52 9.63 7.52 4.86 2.23 0.00 0.00 0.00 0.00 0.00
0.00 0.00 0.00 0.00 0.00 0.00 0.00 0.00 1.46 5.01 9.16 12.54 14.90 16.25 16.03 14.67 11.46 7.40 3.40 0.00 0.00 0.00 0.00 0.00
0.00 0.00 0.00 0.00 0.00 0.00 0.00 0.00 1.18 4.25 7.95 10.86 12.97 14.33 14.38 13.12 10.25 6.75 3.16 0.00 0.00 0.00 0.00 0.00
0.00 0.00 0.00 0.00 0.00 0.00 0.00 0.00 0.64 3.46 6.72 9.34 11.10 12.06 12.23 11.26 9.07 6.09 3.07 0.00 0.00 0.00 0.00 0.00
0.00 0.00 0.00 0.00 0.00 0.00 0.00 0.00 1.65 8.95 17.36 24.12 28.67 31.17 31.59 29.10 23.43 15.74 7.93 0.00 0.00 0.00 0.00 0.00
0.00 0.00 0.00 0.00 0.00 0.00 0.00 0.00 0.41 2.29 4.46 6.18 7.47 8.26 8.45 7.68 6.26 4.15 2.13 0.00 0.00 0.00 0.00 0.00
0.00 0.00 0.00 0.00 0.00 0.00 0.00 0.00 1.43 4.82 8.62 11.77 13.47 14.51 14.41 13.02 10.06 6.64 3.18 0.00 0.00 0.00 0.00 0.00
0.00 0.00 0.00 0.00 0.00 0.00 0.00 0.00 2.29 7.99 14.58 19.91 23.43 26.65 27.14 24.77 19.79 12.84 6.10 0.00 0.00 0.00 0.00 0.00
0.00 0.00 0.00 0.00 0.00 0.00 0.00 0.00 0.49 1.34 2.22 2.96 3.28 3.32 3.22 2.86 2.27 1.48 0.65 0.00 0.00 0.00 0.00 0.00
0.00 0.00 0.00 0.00 0.00 0.00 0.00 0.00 2.55 7.56 12.25 16.36 18.42 18.76 17.96 16.05 10.44 6.90 3.19 0.00 0.00 0.00 0.00 0.00
0.00 0.00 0.00 0.00 0.00 0.00 0.00 0.00 1.78 5.06 8.01 10.61 11.73 12.46 12.11 10.73 7.36 4.73 2.13 0.00 0.00 0.00 0.00 0.00
0.00 0.00 0.00 0.00 0.00 0.00 0.00 0.00 2.46 6.99 11.05 14.64 16.19 17.19 16.71 14.80 10.15 6.53 2.94 0.00 0.00 0.00 0.00 0.00
0.00 0.00 0.00 0.00 0.00 0.00 0.00 0.00 1.67 4.76 7.53 9.97 11.03 11.71 11.38 10.08 6.91 4.44 2.00 0.00 0.00 0.00 0.00 0.00
0.00 0.00 0.00 0.00 0.00 0.00 0.00 0.00 1.36 4.03 6.53 8.72 9.82 10.01 9.58 8.56 5.57 3.68 1.70 0.00 0.00 0.00 0.00 0.00
0.00 0.00 0.00 0.00 0.00 0.00 0.00 0.00 1.40 3.83 6.37 8.49 9.57 9.76 9.48 8.38 6.43 4.10 1.81 0.00 0.00 0.00 0.00 0.00
0.00 0.00 0.00 0.00 0.00 0.00 0.00 0.00 1.10 3.64 6.63 9.02 10.14 10.49 10.22 9.33 6.88 4.59 2.26 0.00 0.00 0.00 0.00 0.00
0.00 0.00 0.00 0.00 0.00 0.00 0.00 0.00 8.81 35.09 65.31 93.24 109.52 116.89 116.19 107.13 87.19 59.39 31.66 0.00 0.00 0.00 0.00 0.00
0.00 0.00 0.00 0.00 0.00 0.00 0.00 0.00 1.26 4.88 9.15 12.99 15.26 17.22 16.89 15.75 13.12 8.88 4.50 0.00 0.00 0.00 0.00 0.00
0.00 0.00 0.00 0.00 0.00 0.00 0.00 0.00 1.83 6.46 12.83 17.47 20.22 21.08 20.94 19.34 15.93 10.79 5.31 0.00 0.00 0.00 0.00 0.00
0.00 0.00 0.00 0.00 0.00 0.00 0.00 0.00 0.84 2.96 5.88 8.01 9.27 9.66 9.60 8.86 7.30 4.95 2.43 0.00 0.00 0.00 0.00 0.00
0.00 0.00 0.00 0.00 0.00 0.00 0.00 0.00 1.54 6.00 11.19 15.85 18.63 21.10 20.75 19.26 16.04 10.95 5.54 0.00 0.00 0.00 0.00 0.00
0.00 0.00 0.00 0.00 0.00 0.00 0.00 0.00 0.72 2.60 4.71 6.37 7.43 8.14 8.00 7.29 6.15 4.12 2.03 0.00 0.00 0.00 0.00 0.00
0.00 0.00 0.00 0.00 0.00 0.00 0.00 0.00 4.36 24.25 47.93 70.73 89.49 99.58 104.93 101.26 81.51 58.21 31.53 0.19 0.00 0.00 0.00 0.00
0.00 0.00 0.00 0.00 0.00 0.00 0.00 0.00 1.45 9.85 19.47 27.62 33.13 37.02 38.25 35.28 28.84 19.37 10.13 0.00 0.00 0.00 0.00 0.00
0.00 0.00 0.00 0.00 0.00 0.00 0.00 0.00 0.33 2.21 4.36 6.21 7.48 8.36 8.50 7.82 6.35 4.37 2.30 0.00 0.00 0.00 0.00 0.00
0.00 0.00 0.00 0.00 0.00 0.00 0.00 0.00 0.44 2.70 5.33 7.49 9.12 10.30 10.40 9.57 7.92 5.48 2.89 0.00 0.00 0.00 0.00 0.00
0.00 0.00 0.00 0.00 0.00 0.00 0.00 0.00 0.70 4.32 8.52 11.98 14.60 16.48 16.65 15.32 12.68 8.77 4.62 0.00 0.00 0.00 0.00 0.00
0.00 0.00 0.00 0.00 0.00 0.00 0.00 0.00 3.67 88.73 191.43 274.85 344.07 396.94 412.31 394.80 329.10 231.98 132.47 5.65 0.00 0.00 0.00 0.00
