0.00 0.00 0.00 0.00 0.00 0.00 0.00 0.00 0.00 0.83 1.85 2.64 3.34 3.76 3.82 3.47 2.78 1.93 0.96 0.00 0.00 0.00 0.00 0.00
0.00 0.00 0.00 0.00 0.00 0.00 0.00 0.00 4.32 19.44 26.78 37.36 45.05 43.26 41.90 37.63 38.11 25.79 11.22 0.00 0.00 0.00 0.00 0.00
0.00 0.00 0.00 0.00 0.00 0.00 0.00 0.00 0.00 18.90 42.34 60.40 76.48 86.01 87.38 79.32 63.60 44.20 21.93 0.00 0.00 0.00 0.00 0.00
0.00 0.00 0.00 0.00 0.00 0.00 0.00 0.00 0.00 67.19 150.48 214.64 271.79 305.67 310.54 281.91 226.05 157.10 77.93 0.00 0.00 0.00 0.00 0.00
0.00 0.00 0.00 0.00 0.00 0.00 0.00 0.00 1.17 4.01 6.99 9.59 11.03 11.02 10.67 9.52 7.39 4.79 1.70 0.00 0.00 0.00 0.00 0.00
0.00 0.00 0.00 0.00 0.00 0.00 0.00 0.00 0.00 147.39 340.79 489.25 633.50 717.51 733.75 674.79 532.09 357.77 185.86 0.00 0.00 0.00 0.00 0.00
0.00 0.00 0.00 0.00 0.00 0.00 0.00 0.00 0.30 1.90 3.65 5.35 6.40 6.69 6.62 5.86 4.50 2.98 1.14 0.00 0.00 0.00 0.00 0.00
0.00 0.00 0.00 0.00 0.00 0.00 0.00 0.00 0.25 1.19 2.22 3.13 3.71 3.78 3.75 3.33 2.69 1.82 0.78 0.00 0.00 0.00 0.00 0.00
0.00 0.00 0.00 0.00 0.00 0.00 0.00 0.00 0.40 1.91 3.55 5.01 5.93 6.04 5.99 5.33 4.30 2.91 1.24 0.00 0.00 0.00 0.00 0.00
0.00 0.00 0.00 0.00 0.00 0.00 0.00 0.00 0.40 1.91 3.55 5.01 5.93 6.04 5.99 5.33 4.30 2.91 1.24 0.00 0.00 0.00 0.00 0.00
0.00 0.00 0.00 0.00 0.00 0.00 0.00 0.00 0.57 3.84 7.36 10.55 13.24 14.51 14.64 13.36 10.81 7.38 3.27 0.00 0.00 0.00 0.00 0.00
0.00 0.00 0.00 0.00 0.00 0.00 0.00 0.00 0.28 1.84 3.51 5.08 6.42 6.88 6.90 6.30 5.06 3.45 1.52 0.00 0.00 0.00 0.00 0.00
0.00 0.00 0.00 0.00 0.00 0.00 0.00 0.00 0.36 2.36 4.52 6.53 8.26 8.85 8.87 8.10 6.50 4.43 1.96 0.00 0.00 0.00 0.00 0.00
0.00 0.00 0.00 0.00 0.00 0.00 0.00 0.00 0.24 1.58 3.01 4.35 5.50 5.90 5.92 5.40 4.34 2.95 1.31 0.00 0.00 0.00 0.00 0.00
0.00 0.00 0.00 0.00 0.00 0.00 0.00 0.00 0.24 1.58 3.01 4.35 5.50 5.90 5.92 5.40 4.34 2.95 1.31 0.00 0.00 0.00 0.00 0.00
0.00 0.00 0.00 0.00 0.00 0.00 0.00 0.00 2.66 16.78 37.03 55.31 69.64 81.34 83.98 76.42 62.21 40.76 19.72 0.00 0.00 0.00 0.00 0.00
0.00 0.00 0.00 0.00 0.00 0.00 0.00 0.00 1.89 11.90 22.78 31.98 40.58 44.15 45.17 40.98 32.37 22.02 9.53 0.00 0.00 0.00 0.00 0.00
0.00 0.00 0.00 0.00 0.00 0.00 0.00 0.00 1.31 10.02 19.53 27.40 34.83 37.29 36.66 33.20 26.63 18.22 7.96 0.00 0.00 0.00 0.00 0.00
0.00 0.00 0.00 0.00 0.00 0.00 0.00 0.00 0.00 43.48 100.52 144.31 186.86 211.64 216.43 199.04 156.95 105.53 54.82 0.00 0.00 0.00 0.00 0.00
0.00 0.00 0.00 0.00 0.00 0.00 0.00 0.00 0.00 41.36 95.62 137.27 177.74 201.31 205.87 189.33 149.29 100.38 52.15 0.00 0.00 0.00 0.00 0.00
0.00 0.00 0.00 0.00 0.00 0.00 0.00 0.00 0.00 79.53 183.88 263.98 341.82 387.14 395.91 364.09 287.10 193.04 100.28 0.00 0.00 0.00 0.00 0.00
0.00 0.00 0.00 0.00 0.00 0.00 0.00 0.00 0.00 78.20 180.82 259.58 336.12 380.69 389.31 358.03 282.32 189.82 98.61 0.00 0.00 0.00 0.00 0.00
0.00 0.00 0.00 0.00 0.00 0.00 0.00 0.00 0.00 86.11 198.22 279.11 358.62 408.83 413.58 375.51 301.93 211.09 105.12 0.00 0.00 0.00 0.00 0.00
0.00 0.00 0.00 0.00 0.00 0.00 0.00 0.00 0.25 1.19 2.22 3.13 3.71 3.78 3.75 3.33 2.69 1.82 0.78 0.00 0.00 0.00 0.00 0.00
0.00 0.00 0.00 0.00 0.00 0.00 0.00 0.00 1.27 6.05 11.25 15.87 18.78 19.14 18.98 16.89 13.63 9.21 3.93 0.00 0.00 0.00 0.00 0.00
0.00 0.00 0.00 0.00 0.00 0.00 0.00 0.00 6.51 30.88 57.44 81.00 95.90 97.70 96.90 86.25 69.58 47.04 20.06 0.00 0.00 0.00 0.00 0.00
0.00 0.00 0.00 0.00 0.00 0.00 0.00 0.00 0.00 2.97 6.86 9.86 12.76 14.45 14.78 13.59 10.72 7.21 3.74 0.00 0.00 0.00 0.00 0.00
0.00 0.00 0.00 0.00 0.00 0.00 0.00 0.00 0.00 66.14 148.13 211.30 267.55 300.90 305.70 277.52 222.52 154.65 76.72 0.00 0.00 0.00 0.00 0.00
0.00 0.00 0.00 0.00 0.00 0.00 0.00 0.00 0.26 5.30 10.97 15.73 20.15 22.88 23.13 21.59 17.44 12.34 6.00 0.00 0.00 0.00 0.00 0.00
0.00 0.00 0.00 0.00 0.00 0.00 0.00 0.00 0.00 35.62 76.43 107.58 133.62 148.78 146.69 129.97 101.80 70.73 32.12 0.00 0.00 0.00 0.00 0.00
0.00 0.00 0.00 0.00 0.00 0.00 0.00 0.00 0.00 1.10 2.47 3.52 4.46 5.02 5.10 4.63 3.71 2.58 1.28 0.00 0.00 0.00 0.00 0.00
0.00 0.00 0.00 0.00 0.00 0.00 0.00 0.00 0.00 49.60 111.10 158.47 200.67 225.68 229.28 208.14 166.89 115.99 57.54 0.00 0.00 0.00 0.00 0.00
0.00 0.00 0.00 0.00 0.00 0.00 0.00 0.00 0.00 63.66 142.58 203.37 257.52 289.62 294.24 267.11 214.18 148.85 73.84 0.00 0.00 0.00 0.00 0.00
0.00 0.00 0.00 0.00 0.00 0.00 0.00 0.00 0.00 113.56 261.41 368.07 472.93 539.14 545.41 495.20 398.16 278.37 138.62 0.00 0.00 0.00 0.00 0.00
0.00 0.00 0.00 0.00 0.00 0.00 0.00 0.00 0.41 2.87 5.54 8.14 10.23 10.86 10.99 9.97 8.05 5.48 2.48 0.00 0.00 0.00 0.00 0.00
0.00 0.00 0.00 0.00 0.00 0.00 0.00 0.00 0.52 3.57 6.85 10.07 12.76 13.56 13.68 12.45 10.05 6.85 3.09 0.00 0.00 0.00 0.00 0.00
0.00 0.00 0.00 0.00 0.00 0.00 0.00 0.00 1.06 21.86 45.25 64.88 83.10 94.38 95.41 89.05 71.95 50.91 24.74 0.00 0.00 0.00 0.00 0.00
0.00 0.00 0.00 0.00 0.00 0.00 0.00 0.00 0.00 71.64 187.25 269.26 353.29 394.34 409.77 375.06 296.29 211.30 106.43 0.00 0.00 0.00 0.00 0.00
0.00 0.00 0.00 0.00 0.00 0.00 0.00 0.00 0.17 0.96 1.83 2.58 3.18 3.43 3.49 3.16 2.53 1.71 0.72 0.00 0.00 0.00 0.00 0.00
0.00 0.00 0.00 0.00 0.00 0.00 0.00 0.00 0.00 16.51 36.67 52.00 65.84 74.73 75.75 67.73 54.07 37.67 18.12 0.00 0.00 0.00 0.00 0.00
0.00 0.00 0.00 0.00 0.00 0.00 0.00 0.00 0.00 5.32 12.71 18.38 23.40 26.15 27.09 24.76 19.63 13.28 7.24 0.01 0.00 0.00 0.00 0.00
0.00 0.00 0.00 0.00 0.00 0.00 0.00 0.00 0.40 2.30 4.38 6.14 7.40 7.83 7.68 6.91 5.26 3.45 1.27 0.00 0.00 0.00 0.00 0.00
0.00 0.00 0.00 0.00 0.00 0.00 0.00 0.00 0.20 1.15 2.19 3.07 3.70 3.92 3.84 3.45 2.63 1.73 0.64 0.00 0.00 0.00 0.00 0.00
0.00 0.00 0.00 0.00 0.00 0.00 0.00 0.00 0.44 2.51 4.79 6.72 8.09 8.57 8.40 7.56 5.76 3.78 1.39 0.00 0.00 0.00 0.00 0.00
0.00 0.00 0.00 0.00 0.00 0.00 0.00 0.00 0.53 3.00 5.67 7.93 9.61 10.04 10.00 9.00 6.86 4.52 1.69 0.00 0.00 0.00 0.00 0.00
0.00 0.00 0.00 0.00 0.00 0.00 0.00 0.00 0.81 4.57 8.64 12.08 14.65 15.29 15.23 13.71 10.46 6.89 2.58 0.00 0.00 0.00 0.00 0.00
0.00 0.00 0.00 0.00 0.00 0.00 0.00 0.00 0.61 3.85 7.42 10.68 12.97 13.60 13.46 11.81 9.04 6.00 2.31 0.00 0.00 0.00 0.00 0.00
0.00 0.00 0.00 0.00 0.00 0.00 0.00 0.00 0.07 3.02 6.31 8.82 10.87 11.71 11.60 10.21 7.86 5.36 2.28 0.00 0.00 0.00 0.00 0.00
0.00 0.00 0.00 0.00 0.00 0.00 0.00 0.00 0.18 7.81 16.29 22.79 28.09 30.25 29.96 26.36 20.31 13.84 5.90 0.00 0.00 0.00 0.00 0.00
0.00 0.00 0.00 0.00 0.00 0.00 0.00 0.00 0.04 1.98 4.16 5.82 7.19 7.85 7.80 6.87 5.41 3.72 1.64 0.00 0.00 0.00 0.00 0.00
0.00 0.00 0.00 0.00 0.00 0.00 0.00 0.00 0.86 4.39 8.17 11.56 14.44 15.04 15.08 13.57 10.84 7.27 2.95 0.00 0.00 0.00 0.00 0.00
0.00 0.00 0.00 0.00 0.00 0.00 0.00 0.00 1.28 7.24 13.65 19.20 23.19 24.44 24.96 23.00 17.78 11.88 4.72 0.00 0.00 0.00 0.00 0.00
0.00 0.00 0.00 0.00 0.00 0.00 0.00 0.00 0.33 1.16 2.03 2.74 3.23 3.36 3.33 2.93 2.35 1.53 0.54 0.00 0.00 0.00 0.00 0.00
0.00 0.00 0.00 0.00 0.00 0.00 0.00 0.00 1.68 6.64 11.93 16.49 19.11 19.20 18.80 16.57 13.05 8.63 3.36 0.00 0.00 0.00 0.00 0.00
0.00 0.00 0.00 0.00 0.00 0.00 0.00 0.00 1.20 4.47 7.93 11.06 12.71 13.22 12.72 11.20 8.74 5.73 2.14 0.00 0.00 0.00 0.00 0.00
0.00 0.00 0.00 0.00 0.00 0.00 0.00 0.00 1.66 6.17 10.94 15.27 17.54 18.24 17.55 15.46 12.06 7.91 2.95 0.00 0.00 0.00 0.00 0.00
0.00 0.00 0.00 0.00 0.00 0.00 0.00 0.00 1.13 4.20 7.45 10.40 11.95 12.42 11.95 10.53 8.22 5.39 2.01 0.00 0.00 0.00 0.00 0.00
0.00 0.00 0.00 0.00 0.00 0.00 0.00 0.00 0.90 3.54 6.36 8.80 10.19 10.24 10.03 8.84 6.96 4.60 1.79 0.00 0.00 0.00 0.00 0.00
0.00 0.00 0.00 0.00 0.00 0.00 0.00 0.00 1.01 3.53 6.21 8.39 9.76 9.81 9.63 8.62 6.61 4.30 1.56 0.00 0.00 0.00 0.00 0.00
0.00 0.00 0.00 0.00 0.00 0.00 0.00 0.00 0.72 3.42 6.37 8.98 10.63 10.83 10.74 9.56 7.71 5.21 2.22 0.00 0.00 0.00 0.00 0.00
0.00 0.00 0.00 0.00 0.00 0.00 0.00 0.00 3.46 21.84 48.20 71.99 90.64 105.87 109.31 99.47 80.97 53.06 25.66 0.00 0.00 0.00 0.00 0.00
0.00 0.00 0.00 0.00 0.00 0.00 0.00 0.00 0.65 4.35 8.35 11.96 15.00 16.45 16.59 15.14 12.25 8.37 3.70 0.00 0.00 0.00 0.00 0.00
0.00 0.00 0.00 0.00 0.00 0.00 0.00 0.00 1.31 7.22 13.48 18.98 23.28 24.26 24.18 22.34 18.11 12.27 5.21 0.00 0.00 0.00 0.00 0.00
0.00 0.00 0.00 0.00 0.00 0.00 0.00 0.00 0.60 3.31 6.18 8.70 10.67 11.12 11.08 10.24 8.30 5.62 2.39 0.00 0.00 0.00 0.00 0.00
0.00 0.00 0.00 0.00 0.00 0.00 0.00 0.00 0.80 5.39 10.34 14.70 18.40 20.31 20.59 18.71 15.17 10.37 4.58 0.00 0.00 0.00 0.00 0.00
0.00 0.00 0.00 0.00 0.00 0.00 0.00 0.00 0.40 2.34 4.45 6.27 7.72 8.33 8.47 7.68 6.14 4.16 1.76 0.00 0.00 0.00 0.00 0.00
0.00 0.00 0.00 0.00 0.00 0.00 0.00 0.00 1.10 22.63 46.85 67.17 86.04 97.71 98.79 92.20 74.49 52.71 25.61 0.00 0.00 0.00 0.00 0.00
0.00 0.00 0.00 0.00 0.00 0.00 0.00 0.00 0.00 8.52 18.28 25.73 31.95 35.58 35.08 31.08 24.34 16.91 7.68 0.00 0.00 0.00 0.00 0.00
0.00 0.00 0.00 0.00 0.00 0.00 0.00 0.00 0.00 1.89 4.04 5.66 7.13 7.89 7.92 7.00 5.48 3.81 1.74 0.00 0.00 0.00 0.00 0.00
0.00 0.00 0.00 0.00 0.00 0.00 0.00 0.00 0.01 2.34 4.92 7.01 8.72 9.69 9.67 8.73 6.96 4.83 2.23 0.00 0.00 0.00 0.00 0.00
0.00 0.00 0.00 0.00 0.00 0.00 0.00 0.00 0.02 3.74 7.87 11.22 13.96 15.50 15.47 13.96 11.13 7.73 3.56 0.00 0.00 0.00 0.00 0.00
0.00 0.00 0.00 0.00 0.00 0.00 0.00 0.00 0.00 80.85 186.94 268.38 347.51 393.60 402.51 370.16 291.89 196.26 101.96 0.00 0.00 0.00 0.00 0.00
