0.00 0.00 0.00 0.00 0.00 0.00 0.00 0.00 0.43 1.32 2.32 3.22 3.99 4.50 4.63 4.41 3.83 2.90 1.79 0.50 0.00 0.00 0.00 0.00
0.00 0.00 0.00 0.00 0.00 0.00 0.00 0.00 12.90 30.26 36.49 47.15 57.25 73.28 71.17 65.80 59.76 43.55 26.76 4.36 0.00 0.00 0.00 0.00
0.00 0.00 0.00 0.00 0.00 0.00 0.00 0.00 9.76 30.14 52.97 73.60 91.31 103.00 105.85 100.77 87.66 66.22 40.98 11.50 0.00 0.00 0.00 0.00
0.00 0.00 0.00 0.00 0.00 0.00 0.00 0.00 34.70 107.10 188.25 261.58 324.51 366.06 376.17 358.14 311.55 235.32 145.64 40.87 0.00 0.00 0.00 0.00
0.00 0.00 0.00 0.00 0.00 0.00 0.00 0.00 2.78 5.75 8.55 10.86 12.46 12.60 12.22 11.14 8.23 5.91 3.57 0.42 0.00 0.00 0.00 0.00
0.00 0.00 0.00 0.00 0.00 0.00 0.00 0.00 67.61 231.68 421.85 590.05 730.96 819.31 840.87 819.35 720.43 545.84 340.81 102.21 0.00 0.00 0.00 0.00
0.00 0.00 0.00 0.00 0.00 0.00 0.00 0.00 1.36 3.03 4.85 6.39 7.64 8.21 8.30 7.70 6.41 4.69 2.87 0.51 0.00 0.00 0.00 0.00
0.00 0.00 0.00 0.00 0.00 0.00 0.00 0.00 0.74 1.72 2.61 3.46 4.05 4.31 4.25 3.96 3.03 2.23 1.33 0.27 0.00 0.00 0.00 0.00
0.00 0.00 0.00 0.00 0.00 0.00 0.00 0.00 1.19 2.76 4.18 5.54 6.48 6.90 6.80 6.34 4.84 3.57 2.13 0.42 0.00 0.00 0.00 0.00
0.00 0.00 0.00 0.00 0.00 0.00 0.00 0.00 1.19 2.76 4.18 5.54 6.48 6.90 6.80 6.34 4.84 3.57 2.13 0.42 0.00 0.00 0.00 0.00
0.00 0.00 0.00 0.00 0.00 0.00 0.00 0.00 2.71 6.62 10.95 14.74 17.88 20.05 20.23 18.87 15.68 11.37 6.77 1.22 0.00 0.00 0.00 0.00
0.00 0.00 0.00 0.00 0.00 0.00 0.00 0.00 1.28 3.11 5.19 7.05 8.54 9.43 9.39 8.73 7.15 5.18 3.06 0.50 0.00 0.00 0.00 0.00
0.00 0.00 0.00 0.00 0.00 0.00 0.00 0.00 1.64 4.00 6.67 9.06 10.99 12.12 12.07 11.23 9.19 6.66 3.93 0.64 0.00 0.00 0.00 0.00
0.00 0.00 0.00 0.00 0.00 0.00 0.00 0.00 1.10 2.67 4.45 6.04 7.32 8.08 8.04 7.48 6.13 4.44 2.62 0.43 0.00 0.00 0.00 0.00
0.00 0.00 0.00 0.00 0.00 0.00 0.00 0.00 1.10 2.67 4.45 6.04 7.32 8.08 8.04 7.48 6.13 4.44 2.62 0.43 0.00 0.00 0.00 0.00
0.00 0.00 0.00 0.00 0.00 0.00 0.00 0.00 14.05 37.05 52.65 70.88 84.95 55.55 55.89 52.54 50.73 37.53 21.96 7.18 0.00 0.00 0.00 0.00
0.00 0.00 0.00 0.00 0.00 0.00 0.00 0.00 8.27 19.80 32.56 43.50 52.53 59.72 60.17 55.83 47.31 34.31 20.53 3.92 0.00 0.00 0.00 0.00
0.00 0.00 0.00 0.00 0.00 0.00 0.00 0.00 6.68 16.28 26.99 35.99 43.12 48.48 48.03 45.21 38.33 28.43 17.32 3.77 0.00 0.00 0.00 0.00
0.00 0.00 0.00 0.00 0.00 0.00 0.00 0.00 19.94 68.34 124.43 174.04 215.61 241.67 248.03 241.68 212.50 161.00 100.53 30.15 0.00 0.00 0.00 0.00
0.00 0.00 0.00 0.00 0.00 0.00 0.00 0.00 18.97 65.00 118.36 165.55 205.09 229.88 235.93 229.89 202.13 153.15 95.62 28.68 0.00 0.00 0.00 0.00
0.00 0.00 0.00 0.00 0.00 0.00 0.00 0.00 36.48 125.01 227.62 318.37 394.40 442.08 453.71 442.10 388.72 294.52 183.89 55.15 0.00 0.00 0.00 0.00
0.00 0.00 0.00 0.00 0.00 0.00 0.00 0.00 35.87 122.93 223.82 313.07 387.83 434.71 446.15 434.73 382.24 289.61 180.83 54.23 0.00 0.00 0.00 0.00
0.00 0.00 0.00 0.00 0.00 0.00 0.00 0.00 43.63 137.14 243.48 337.52 422.31 473.27 486.99 462.03 403.29 307.06 191.27 53.50 0.00 0.00 0.00 0.00
0.00 0.00 0.00 0.00 0.00 0.00 0.00 0.00 0.74 1.72 2.61 3.46 4.05 4.31 4.25 3.96 3.03 2.23 1.33 0.27 0.00 0.00 0.00 0.00
0.00 0.00 0.00 0.00 0.00 0.00 0.00 0.00 3.76 8.73 13.25 17.53 20.51 21.84 21.53 20.08 15.33 11.29 6.74 1.34 0.00 0.00 0.00 0.00
0.00 0.00 0.00 0.00 0.00 0.00 0.00 0.00 19.22 44.56 67.64 89.49 104.69 111.50 109.89 102.53 78.27 57.64 34.40 6.86 0.00 0.00 0.00 0.00
0.00 0.00 0.00 0.00 0.00 0.00 0.00 0.00 1.36 4.67 8.50 11.89 14.72 16.50 16.94 16.50 14.51 11.00 6.87 2.06 0.00 0.00 0.00 0.00
0.00 0.00 0.00 0.00 0.00 0.00 0.00 0.00 34.15 105.43 185.31 257.50 319.45 360.35 370.31 352.56 306.69 231.66 143.37 40.23 0.00 0.00 0.00 0.00
0.00 0.00 0.00 0.00 0.00 0.00 0.00 0.00 3.45 9.65 16.31 22.51 27.80 31.27 31.31 29.17 24.85 18.32 11.67 2.90 0.00 0.00 0.00 0.00
0.00 0.00 0.00 0.00 0.00 0.00 0.00 0.00 21.05 56.28 95.14 130.05 157.92 174.96 179.83 168.25 141.64 107.65 65.46 15.54 0.00 0.00 0.00 0.00
0.00 0.00 0.00 0.00 0.00 0.00 0.00 0.00 0.57 1.76 3.09 4.29 5.32 6.01 6.17 5.88 5.11 3.86 2.39 0.67 0.00 0.00 0.00 0.00
0.00 0.00 0.00 0.00 0.00 0.00 0.00 0.00 25.62 79.07 138.98 193.12 239.59 270.27 277.73 264.42 230.02 173.74 107.53 30.17 0.00 0.00 0.00 0.00
0.00 0.00 0.00 0.00 0.00 0.00 0.00 0.00 32.87 101.48 178.36 247.84 307.47 346.84 356.42 339.33 295.19 222.97 137.99 38.72 0.00 0.00 0.00 0.00
0.00 0.00 0.00 0.00 0.00 0.00 0.00 0.00 57.53 180.85 321.09 445.11 556.93 624.12 642.21 609.30 531.84 404.93 252.23 70.56 0.00 0.00 0.00 0.00
0.00 0.00 0.00 0.00 0.00 0.00 0.00 0.00 1.94 4.85 8.14 11.05 13.46 13.74 13.75 12.76 10.92 8.00 4.76 1.04 0.00 0.00 0.00 0.00
0.00 0.00 0.00 0.00 0.00 0.00 0.00 0.00 2.45 6.08 10.27 13.94 16.97 17.73 17.70 16.37 13.68 10.02 5.93 1.28 0.00 0.00 0.00 0.00
0.00 0.00 0.00 0.00 0.00 0.00 0.00 0.00 14.23 39.82 67.29 92.84 114.68 129.00 129.15 120.33 102.49 75.59 48.15 11.95 0.00 0.00 0.00 0.00
0.00 0.00 0.00 0.00 0.00 0.00 0.00 0.00 34.79 122.61 225.22 310.40 387.56 433.72 449.40 426.53 363.42 280.52 179.37 73.48 0.00 0.00 0.00 0.00
0.00 0.00 0.00 0.00 0.00 0.00 0.00 0.00 0.66 1.55 2.54 3.44 4.15 4.64 4.65 4.27 3.60 2.63 1.58 0.31 0.00 0.00 0.00 0.00
0.00 0.00 0.00 0.00 0.00 0.00 0.00 0.00 9.29 27.02 46.31 63.77 78.26 88.10 89.58 85.14 75.11 56.30 34.15 9.10 0.00 0.00 0.00 0.00
0.00 0.00 0.00 0.00 0.00 0.00 0.00 0.00 2.01 8.10 15.12 21.49 26.79 29.98 30.51 28.66 25.22 19.24 12.50 3.94 0.00 0.00 0.00 0.00
0.00 0.00 0.00 0.00 0.00 0.00 0.00 0.00 1.64 3.58 5.59 7.25 8.61 9.28 9.41 8.78 7.33 5.29 3.24 0.52 0.00 0.00 0.00 0.00
0.00 0.00 0.00 0.00 0.00 0.00 0.00 0.00 0.82 1.79 2.79 3.62 4.31 4.64 4.71 4.39 3.66 2.65 1.62 0.26 0.00 0.00 0.00 0.00
0.00 0.00 0.00 0.00 0.00 0.00 0.00 0.00 1.79 3.91 6.11 7.93 9.42 10.15 10.29 9.60 8.01 5.79 3.55 0.57 0.00 0.00 0.00 0.00
0.00 0.00 0.00 0.00 0.00 0.00 0.00 0.00 2.12 4.66 7.47 9.72 11.46 12.27 12.25 11.59 9.72 7.08 4.33 0.68 0.00 0.00 0.00 0.00
0.00 0.00 0.00 0.00 0.00 0.00 0.00 0.00 3.23 7.11 11.38 14.80 17.47 18.69 18.67 17.65 14.80 10.79 6.60 1.04 0.00 0.00 0.00 0.00
0.00 0.00 0.00 0.00 0.00 0.00 0.00 0.00 2.73 6.10 9.80 12.95 15.36 16.63 16.72 15.63 12.83 9.39 5.75 1.09 0.00 0.00 0.00 0.00
0.00 0.00 0.00 0.00 0.00 0.00 0.00 0.00 1.88 4.72 7.87 10.58 12.89 14.03 14.30 13.63 11.28 8.27 4.98 1.03 0.00 0.00 0.00 0.00
0.00 0.00 0.00 0.00 0.00 0.00 0.00 0.00 4.87 12.18 20.34 27.34 33.29 36.25 36.95 35.21 29.15 21.37 12.85 2.65 0.00 0.00 0.00 0.00
0.00 0.00 0.00 0.00 0.00 0.00 0.00 0.00 1.24 3.17 5.23 7.16 8.73 9.44 9.50 8.86 7.52 5.60 3.39 0.76 0.00 0.00 0.00 0.00
0.00 0.00 0.00 0.00 0.00 0.00 0.00 0.00 3.16 7.18 11.40 15.32 18.16 20.26 20.34 18.42 15.20 10.96 6.56 1.19 0.00 0.00 0.00 0.00
0.00 0.00 0.00 0.00 0.00 0.00 0.00 0.00 4.99 11.29 18.32 24.30 29.30 29.56 29.46 27.25 25.25 18.48 11.09 1.89 0.00 0.00 0.00 0.00
0.00 0.00 0.00 0.00 0.00 0.00 0.00 0.00 0.86 1.78 2.74 3.45 3.96 4.17 4.11 3.78 2.99 2.12 1.28 0.17 0.00 0.00 0.00 0.00
0.00 0.00 0.00 0.00 0.00 0.00 0.00 0.00 4.60 9.99 15.57 20.14 23.85 23.22 22.74 20.90 16.21 11.51 6.94 1.13 0.00 0.00 0.00 0.00
0.00 0.00 0.00 0.00 0.00 0.00 0.00 0.00 3.23 6.85 10.42 13.31 15.32 15.10 14.80 13.79 11.32 8.18 4.93 0.71 0.00 0.00 0.00 0.00
0.00 0.00 0.00 0.00 0.00 0.00 0.00 0.00 4.45 9.45 14.39 18.37 21.15 20.84 20.42 19.03 15.62 11.28 6.81 0.99 0.00 0.00 0.00 0.00
0.00 0.00 0.00 0.00 0.00 0.00 0.00 0.00 3.03 6.44 9.80 12.51 14.40 14.19 13.91 12.96 10.64 7.69 4.64 0.67 0.00 0.00 0.00 0.00
0.00 0.00 0.00 0.00 0.00 0.00 0.00 0.00 2.45 5.33 8.31 10.74 12.72 12.39 12.13 11.15 8.65 6.14 3.70 0.60 0.00 0.00 0.00 0.00
0.00 0.00 0.00 0.00 0.00 0.00 0.00 0.00 2.47 5.15 7.50 9.70 11.19 11.63 11.36 10.39 8.26 5.94 3.59 0.45 0.00 0.00 0.00 0.00
0.00 0.00 0.00 0.00 0.00 0.00 0.00 0.00 2.13 4.94 7.50 9.92 11.60 12.36 12.18 11.36 8.67 6.39 3.81 0.76 0.00 0.00 0.00 0.00
0.00 0.00 0.00 0.00 0.00 0.00 0.00 0.00 18.28 48.22 68.52 92.26 110.57 72.31 72.74 68.39 66.03 48.85 28.59 9.35 0.00 0.00 0.00 0.00
0.00 0.00 0.00 0.00 0.00 0.00 0.00 0.00 3.07 7.50 12.41 16.71 20.26 22.72 22.93 21.39 17.78 12.88 7.67 1.38 0.00 0.00 0.00 0.00
0.00 0.00 0.00 0.00 0.00 0.00 0.00 0.00 4.89 11.46 18.82 25.34 30.16 33.19 32.90 30.48 23.50 16.84 10.17 1.90 0.00 0.00 0.00 0.00
0.00 0.00 0.00 0.00 0.00 0.00 0.00 0.00 2.24 5.25 8.63 11.62 13.82 15.21 15.08 13.97 10.77 7.72 4.66 0.87 0.00 0.00 0.00 0.00
0.00 0.00 0.00 0.00 0.00 0.00 0.00 0.00 3.79 9.24 15.27 20.47 24.81 28.01 28.38 26.43 22.13 16.10 9.64 1.85 0.00 0.00 0.00 0.00
0.00 0.00 0.00 0.00 0.00 0.00 0.00 0.00 1.60 3.76 6.16 8.35 10.08 11.27 11.29 10.36 8.73 6.39 3.84 0.75 0.00 0.00 0.00 0.00
0.00 0.00 0.00 0.00 0.00 0.00 0.00 0.00 14.73 41.23 69.67 96.12 118.73 133.56 133.71 124.58 106.11 78.26 49.86 12.38 0.00 0.00 0.00 0.00
0.00 0.00 0.00 0.00 0.00 0.00 0.00 0.00 5.03 13.46 22.75 31.10 37.76 41.84 43.00 40.23 33.87 25.74 15.65 3.72 0.00 0.00 0.00 0.00
0.00 0.00 0.00 0.00 0.00 0.00 0.00 0.00 1.13 3.04 5.12 6.95 8.45 9.37 9.62 9.14 7.64 5.68 3.51 0.82 0.00 0.00 0.00 0.00
0.00 0.00 0.00 0.00 0.00 0.00 0.00 0.00 1.42 3.82 6.44 8.89 10.95 12.23 12.17 11.32 9.74 7.16 4.40 1.05 0.00 0.00 0.00 0.00
0.00 0.00 0.00 0.00 0.00 0.00 0.00 0.00 2.28 6.10 10.30 14.22 17.52 19.57 19.47 18.12 15.58 11.46 7.04 1.68 0.00 0.00 0.00 0.00
0.00 0.00 0.00 0.00 0.00 0.00 0.00 0.00 37.09 127.09 231.41 323.68 400.98 449.44 461.27 449.46 395.20 299.43 186.96 56.07 0.00 0.00 0.00 0.00
