0.00 0.00 0.00 0.00 0.00 0.00 0.00 0.00 0.00 0.28 1.38 2.20 2.90 3.28 3.36 3.01 2.35 1.61 0.66 0.00 0.00 0.00 0.00 0.00
0.00 0.00 0.00 0.00 0.00 0.00 0.00 0.00 0.00 9.20 15.12 22.32 27.79 24.71 25.43 22.54 19.64 12.88 4.69 0.00 0.00 0.00 0.00 0.00
0.00 0.00 0.00 0.00 0.00 0.00 0.00 0.00 0.00 6.33 31.46 50.24 66.26 74.90 76.87 68.82 53.68 36.71 15.15 0.00 0.00 0.00 0.00 0.00
0.00 0.00 0.00 0.00 0.00 0.00 0.00 0.00 0.00 22.49 111.82 178.55 235.50 266.19 273.20 244.58 190.78 130.48 53.84 0.00 0.00 0.00 0.00 0.00
0.00 0.00 0.00 0.00 0.00 0.00 0.00 0.00 0.00 2.12 4.97 7.17 8.68 7.29 7.18 6.16 4.74 2.91 0.70 0.00 0.00 0.00 0.00 0.00
0.00 0.00 0.00 0.00 0.00 0.00 0.00 0.00 0.00 47.32 249.93 403.03 533.02 612.97 637.77 583.14 454.28 311.20 139.67 0.00 0.00 0.00 0.00 0.00
0.00 0.00 0.00 0.00 0.00 0.00 0.00 0.00 0.00 0.95 2.86 4.21 5.29 5.81 5.76 5.08 3.71 2.30 0.56 0.00 0.00 0.00 0.00 0.00
0.00 0.00 0.00 0.00 0.00 0.00 0.00 0.00 0.00 0.65 1.30 1.91 2.37 1.98 2.01 1.78 1.47 0.96 0.33 0.00 0.00 0.00 0.00 0.00
0.00 0.00 0.00 0.00 0.00 0.00 0.00 0.00 0.00 1.03 2.08 3.06 3.80 3.17 3.21 2.85 2.36 1.53 0.53 0.00 0.00 0.00 0.00 0.00
0.00 0.00 0.00 0.00 0.00 0.00 0.00 0.00 0.00 1.03 2.08 3.06 3.80 3.17 3.21 2.85 2.36 1.53 0.53 0.00 0.00 0.00 0.00 0.00
0.00 0.00 0.00 0.00 0.00 0.00 0.00 0.00 0.00 2.17 5.83 8.55 10.91 12.43 12.47 11.06 8.95 5.90 2.11 0.00 0.00 0.00 0.00 0.00
0.00 0.00 0.00 0.00 0.00 0.00 0.00 0.00 0.00 1.04 2.76 4.03 5.13 5.76 5.80 5.14 4.11 2.71 0.97 0.00 0.00 0.00 0.00 0.00
0.00 0.00 0.00 0.00 0.00 0.00 0.00 0.00 0.00 1.34 3.54 5.18 6.60 7.41 7.45 6.61 5.29 3.48 1.24 0.00 0.00 0.00 0.00 0.00
0.00 0.00 0.00 0.00 0.00 0.00 0.00 0.00 0.00 0.90 2.36 3.45 4.40 4.94 4.97 4.41 3.52 2.32 0.83 0.00 0.00 0.00 0.00 0.00
0.00 0.00 0.00 0.00 0.00 0.00 0.00 0.00 0.00 0.90 2.36 3.45 4.40 4.94 4.97 4.41 3.52 2.32 0.83 0.00 0.00 0.00 0.00 0.00
0.00 0.00 0.00 0.00 0.00 0.00 0.00 0.00 0.00 9.01 21.95 33.34 42.97 44.46 46.94 42.28 34.53 22.47 9.63 0.00 0.00 0.00 0.00 0.00
0.00 0.00 0.00 0.00 0.00 0.00 0.00 0.00 0.00 6.56 16.89 24.70 31.92 37.91 37.65 32.85 26.40 17.24 5.90 0.00 0.00 0.00 0.00 0.00
0.00 0.00 0.00 0.00 0.00 0.00 0.00 0.00 0.00 5.14 14.54 21.46 26.83 31.73 32.15 27.90 21.81 14.26 4.88 0.00 0.00 0.00 0.00 0.00
0.00 0.00 0.00 0.00 0.00 0.00 0.00 0.00 0.00 13.96 73.72 118.88 157.22 180.80 188.12 172.00 134.00 91.79 41.20 0.00 0.00 0.00 0.00 0.00
0.00 0.00 0.00 0.00 0.00 0.00 0.00 0.00 0.00 13.28 70.13 113.08 149.55 171.98 178.94 163.61 127.46 87.31 39.19 0.00 0.00 0.00 0.00 0.00
0.00 0.00 0.00 0.00 0.00 0.00 0.00 0.00 0.00 25.53 134.86 217.46 287.60 330.74 344.12 314.64 245.12 167.91 75.36 0.00 0.00 0.00 0.00 0.00
0.00 0.00 0.00 0.00 0.00 0.00 0.00 0.00 0.00 25.11 132.61 213.84 282.81 325.23 338.39 309.40 241.03 165.11 74.11 0.00 0.00 0.00 0.00 0.00
0.00 0.00 0.00 0.00 0.00 0.00 0.00 0.00 0.00 24.29 139.95 227.03 301.83 339.32 352.11 313.90 244.10 166.45 67.55 0.00 0.00 0.00 0.00 0.00
0.00 0.00 0.00 0.00 0.00 0.00 0.00 0.00 0.00 0.65 1.30 1.91 2.37 1.98 2.01 1.78 1.47 0.96 0.33 0.00 0.00 0.00 0.00 0.00
0.00 0.00 0.00 0.00 0.00 0.00 0.00 0.00 0.00 3.28 6.58 9.69 12.02 10.04 10.18 9.01 7.46 4.86 1.67 0.00 0.00 0.00 0.00 0.00
0.00 0.00 0.00 0.00 0.00 0.00 0.00 0.00 0.00 16.73 33.61 49.49 61.37 51.25 51.96 46.00 38.10 24.79 8.52 0.00 0.00 0.00 0.00 0.00
0.00 0.00 0.00 0.00 0.00 0.00 0.00 0.00 0.00 0.95 5.03 8.12 10.74 12.35 12.85 11.75 9.15 6.27 2.81 0.00 0.00 0.00 0.00 0.00
0.00 0.00 0.00 0.00 0.00 0.00 0.00 0.00 0.00 22.14 110.08 175.77 231.83 262.04 268.94 240.77 187.81 128.45 53.00 0.00 0.00 0.00 0.00 0.00
0.00 0.00 0.00 0.00 0.00 0.00 0.00 0.00 0.00 2.76 9.07 13.74 17.48 20.33 21.15 18.96 15.15 10.34 4.30 0.00 0.00 0.00 0.00 0.00
0.00 0.00 0.00 0.00 0.00 0.00 0.00 0.00 0.00 12.48 55.35 86.76 112.99 125.49 126.50 113.17 84.89 55.70 19.03 0.00 0.00 0.00 0.00 0.00
0.00 0.00 0.00 0.00 0.00 0.00 0.00 0.00 0.00 0.37 1.83 2.93 3.86 4.37 4.48 4.01 3.13 2.14 0.88 0.00 0.00 0.00 0.00 0.00
0.00 0.00 0.00 0.00 0.00 0.00 0.00 0.00 0.00 16.61 82.56 131.83 173.87 196.53 201.70 180.57 140.86 96.34 39.75 0.00 0.00 0.00 0.00 0.00
0.00 0.00 0.00 0.00 0.00 0.00 0.00 0.00 0.00 21.31 105.95 169.18 223.14 252.22 258.85 231.74 180.77 123.63 51.01 0.00 0.00 0.00 0.00 0.00
0.00 0.00 0.00 0.00 0.00 0.00 0.00 0.00 0.00 32.04 184.57 299.39 398.04 447.47 464.34 413.95 321.91 219.51 89.09 0.00 0.00 0.00 0.00 0.00
0.00 0.00 0.00 0.00 0.00 0.00 0.00 0.00 0.00 1.60 4.41 6.46 8.21 8.62 8.82 7.94 6.16 4.09 1.54 0.00 0.00 0.00 0.00 0.00
0.00 0.00 0.00 0.00 0.00 0.00 0.00 0.00 0.00 2.00 5.34 7.82 9.95 10.81 11.14 9.96 7.88 5.23 1.94 0.00 0.00 0.00 0.00 0.00
0.00 0.00 0.00 0.00 0.00 0.00 0.00 0.00 0.00 11.37 37.41 56.66 72.11 83.86 87.23 78.20 62.47 42.66 17.73 0.00 0.00 0.00 0.00 0.00
0.00 0.00 0.00 0.00 0.00 0.00 0.00 0.00 0.00 6.57 113.44 198.37 270.42 309.25 316.41 281.60 217.56 147.55 58.29 0.00 0.00 0.00 0.00 0.00
0.00 0.00 0.00 0.00 0.00 0.00 0.00 0.00 0.00 0.53 1.36 1.98 2.52 2.94 2.96 2.58 2.00 1.29 0.42 0.00 0.00 0.00 0.00 0.00
0.00 0.00 0.00 0.00 0.00 0.00 0.00 0.00 0.00 5.58 26.88 42.63 56.46 64.13 65.37 58.14 44.43 29.91 11.54 0.00 0.00 0.00 0.00 0.00
0.00 0.00 0.00 0.00 0.00 0.00 0.00 0.00 0.00 1.53 8.98 14.77 19.93 23.35 24.52 22.76 17.96 12.24 5.95 0.00 0.00 0.00 0.00 0.00
0.00 0.00 0.00 0.00 0.00 0.00 0.00 0.00 0.00 1.15 3.38 4.95 6.14 6.74 6.74 5.78 4.36 2.67 0.59 0.00 0.00 0.00 0.00 0.00
0.00 0.00 0.00 0.00 0.00 0.00 0.00 0.00 0.00 0.58 1.69 2.48 3.07 3.37 3.37 2.89 2.18 1.33 0.30 0.00 0.00 0.00 0.00 0.00
0.00 0.00 0.00 0.00 0.00 0.00 0.00 0.00 0.00 1.26 3.69 5.42 6.72 7.37 7.37 6.32 4.77 2.92 0.65 0.00 0.00 0.00 0.00 0.00
0.00 0.00 0.00 0.00 0.00 0.00 0.00 0.00 0.00 1.52 4.37 6.38 7.95 8.82 8.86 7.69 5.75 3.54 0.84 0.00 0.00 0.00 0.00 0.00
0.00 0.00 0.00 0.00 0.00 0.00 0.00 0.00 0.00 2.32 6.65 9.73 12.12 13.45 13.50 11.72 8.76 5.39 1.28 0.00 0.00 0.00 0.00 0.00
0.00 0.00 0.00 0.00 0.00 0.00 0.00 0.00 0.00 1.91 5.78 8.51 10.72 11.95 11.82 10.50 7.66 4.75 1.19 0.00 0.00 0.00 0.00 0.00
0.00 0.00 0.00 0.00 0.00 0.00 0.00 0.00 0.00 1.09 4.44 6.86 8.84 10.02 9.96 8.79 6.48 4.15 1.23 0.00 0.00 0.00 0.00 0.00
0.00 0.00 0.00 0.00 0.00 0.00 0.00 0.00 0.00 2.81 11.46 17.73 22.84 25.88 25.74 22.71 16.73 10.71 3.19 0.00 0.00 0.00 0.00 0.00
0.00 0.00 0.00 0.00 0.00 0.00 0.00 0.00 0.00 0.73 2.96 4.56 6.03 6.80 6.87 5.97 4.57 2.97 0.97 0.00 0.00 0.00 0.00 0.00
0.00 0.00 0.00 0.00 0.00 0.00 0.00 0.00 0.00 2.49 6.34 9.16 11.38 12.57 12.83 10.99 8.66 5.52 1.67 0.00 0.00 0.00 0.00 0.00
0.00 0.00 0.00 0.00 0.00 0.00 0.00 0.00 0.00 3.81 10.55 15.37 19.22 21.60 21.59 19.04 14.30 9.02 2.54 0.00 0.00 0.00 0.00 0.00
0.00 0.00 0.00 0.00 0.00 0.00 0.00 0.00 0.00 0.67 1.58 2.25 2.69 2.68 2.71 2.34 1.81 1.11 0.26 0.00 0.00 0.00 0.00 0.00
0.00 0.00 0.00 0.00 0.00 0.00 0.00 0.00 0.00 3.61 8.49 12.36 14.89 14.98 15.21 13.40 8.53 5.37 1.55 0.00 0.00 0.00 0.00 0.00
0.00 0.00 0.00 0.00 0.00 0.00 0.00 0.00 0.00 2.40 5.54 8.11 9.87 9.77 9.81 8.59 6.37 3.96 1.06 0.00 0.00 0.00 0.00 0.00
0.00 0.00 0.00 0.00 0.00 0.00 0.00 0.00 0.00 3.32 7.64 11.19 13.62 13.48 13.54 11.85 8.79 5.46 1.46 0.00 0.00 0.00 0.00 0.00
0.00 0.00 0.00 0.00 0.00 0.00 0.00 0.00 0.00 2.26 5.21 7.63 9.28 9.18 9.22 8.07 5.98 3.72 0.99 0.00 0.00 0.00 0.00 0.00
0.00 0.00 0.00 0.00 0.00 0.00 0.00 0.00 0.00 1.92 4.53 6.59 7.94 7.99 8.11 7.14 4.55 2.87 0.83 0.00 0.00 0.00 0.00 0.00
0.00 0.00 0.00 0.00 0.00 0.00 0.00 0.00 0.00 1.85 4.18 6.01 7.40 6.42 6.34 5.46 4.16 2.57 0.65 0.00 0.00 0.00 0.00 0.00
0.00 0.00 0.00 0.00 0.00 0.00 0.00 0.00 0.00 1.85 3.72 5.49 6.80 5.68 5.76 5.10 4.22 2.75 0.94 0.00 0.00 0.00 0.00 0.00
0.00 0.00 0.00 0.00 0.00 0.00 0.00 0.00 0.00 11.72 28.58 43.39 55.93 57.87 61.10 55.03 44.95 29.25 12.53 0.00 0.00 0.00 0.00 0.00
0.00 0.00 0.00 0.00 0.00 0.00 0.00 0.00 0.00 2.46 6.61 9.69 12.37 14.09 14.13 12.53 10.15 6.68 2.39 0.00 0.00 0.00 0.00 0.00
0.00 0.00 0.00 0.00 0.00 0.00 0.00 0.00 0.00 3.93 10.34 14.98 19.21 20.74 20.53 18.01 14.36 9.31 3.10 0.00 0.00 0.00 0.00 0.00
0.00 0.00 0.00 0.00 0.00 0.00 0.00 0.00 0.00 1.80 4.74 6.87 8.81 9.51 9.41 8.25 6.58 4.27 1.42 0.00 0.00 0.00 0.00 0.00
0.00 0.00 0.00 0.00 0.00 0.00 0.00 0.00 0.00 3.04 8.10 11.88 15.12 17.46 17.55 15.43 12.56 8.27 2.94 0.00 0.00 0.00 0.00 0.00
0.00 0.00 0.00 0.00 0.00 0.00 0.00 0.00 0.00 1.28 3.30 4.80 6.11 7.14 7.18 6.27 4.85 3.14 1.03 0.00 0.00 0.00 0.00 0.00
0.00 0.00 0.00 0.00 0.00 0.00 0.00 0.00 0.00 11.77 38.74 58.67 74.66 86.83 90.32 80.96 64.68 44.17 18.36 0.00 0.00 0.00 0.00 0.00
0.00 0.00 0.00 0.00 0.00 0.00 0.00 0.00 0.00 2.98 13.24 20.75 27.02 30.01 30.25 27.06 20.30 13.32 4.55 0.00 0.00 0.00 0.00 0.00
0.00 0.00 0.00 0.00 0.00 0.00 0.00 0.00 0.00 0.69 2.95 4.61 6.08 6.80 6.73 6.09 4.62 3.05 1.07 0.00 0.00 0.00 0.00 0.00
0.00 0.00 0.00 0.00 0.00 0.00 0.00 0.00 0.00 0.91 3.64 5.62 7.24 8.31 8.40 7.53 5.77 3.83 1.38 0.00 0.00 0.00 0.00 0.00
0.00 0.00 0.00 0.00 0.00 0.00 0.00 0.00 0.00 1.45 5.82 9.00 11.58 13.30 13.44 12.05 9.23 6.12 2.22 0.00 0.00 0.00 0.00 0.00
0.00 0.00 0.00 0.00 0.00 0.00 0.00 0.00 0.00 25.96 137.10 221.09 292.40 336.25 349.86 319.89 249.20 170.71 76.62 0.00 0.00 0.00 0.00 0.00
