0.00 0.00 0.00 0.00 0.00 0.00 0.00 0.00 0.00 0.19 1.31 2.16 2.89 3.27 3.38 3.05 2.47 1.72 0.76 0.00 0.00 0.00 0.00 0.00
0.00 0.00 0.00 0.00 0.00 0.00 0.00 0.00 0.00 10.02 28.65 43.10 54.02 59.92 62.00 55.25 42.68 28.66 11.32 0.00 0.00 0.00 0.00 0.00
0.00 0.00 0.00 0.00 0.00 0.00 0.00 0.00 0.00 4.43 29.85 49.39 66.02 74.68 77.24 69.67 56.46 39.35 17.28 0.00 0.00 0.00 0.00 0.00
0.00 0.00 0.00 0.00 0.00 0.00 0.00 0.00 0.00 15.73 106.08 175.54 234.64 265.40 274.50 247.60 200.64 139.86 61.42 0.00 0.00 0.00 0.00 0.00
0.00 0.00 0.00 0.00 0.00 0.00 0.00 0.00 0.00 1.86 4.94 7.27 8.88 9.68 9.59 8.28 6.38 4.03 1.14 0.00 0.00 0.00 0.00 0.00
0.00 0.00 0.00 0.00 0.00 0.00 0.00 0.00 0.00 31.96 236.68 396.45 532.35 613.98 643.30 592.20 479.13 333.82 157.80 0.00 0.00 0.00 0.00 0.00
0.00 0.00 0.00 0.00 0.00 0.00 0.00 0.00 0.00 0.74 2.66 4.03 5.13 5.70 5.69 5.05 3.87 2.45 0.69 0.00 0.00 0.00 0.00 0.00
0.00 0.00 0.00 0.00 0.00 0.00 0.00 0.00 0.00 0.56 1.67 2.52 3.15 3.42 3.48 3.10 2.43 1.62 0.61 0.00 0.00 0.00 0.00 0.00
0.00 0.00 0.00 0.00 0.00 0.00 0.00 0.00 0.00 0.90 2.67 4.02 5.04 5.47 5.57 4.95 3.89 2.59 0.98 0.00 0.00 0.00 0.00 0.00
0.00 0.00 0.00 0.00 0.00 0.00 0.00 0.00 0.00 0.90 2.67 4.02 5.04 5.47 5.57 4.95 3.89 2.59 0.98 0.00 0.00 0.00 0.00 0.00
0.00 0.00 0.00 0.00 0.00 0.00 0.00 0.00 0.00 1.78 5.97 8.97 11.58 12.83 12.97 11.59 9.52 6.40 2.49 0.00 0.00 0.00 0.00 0.00
0.00 0.00 0.00 0.00 0.00 0.00 0.00 0.00 0.00 0.86 2.84 4.25 5.48 6.09 6.17 5.51 4.42 2.97 1.15 0.00 0.00 0.00 0.00 0.00
0.00 0.00 0.00 0.00 0.00 0.00 0.00 0.00 0.00 1.10 3.65 5.47 7.04 7.83 7.93 7.09 5.69 3.82 1.48 0.00 0.00 0.00 0.00 0.00
0.00 0.00 0.00 0.00 0.00 0.00 0.00 0.00 0.00 0.73 2.43 3.65 4.70 5.22 5.29 4.72 3.79 2.55 0.99 0.00 0.00 0.00 0.00 0.00
0.00 0.00 0.00 0.00 0.00 0.00 0.00 0.00 0.00 0.73 2.43 3.65 4.70 5.22 5.29 4.72 3.79 2.55 0.99 0.00 0.00 0.00 0.00 0.00
0.00 0.00 0.00 0.00 0.00 0.00 0.00 0.00 0.00 10.87 33.55 51.80 67.01 76.90 81.24 73.22 57.70 38.51 17.62 0.00 0.00 0.00 0.00 0.00
0.00 0.00 0.00 0.00 0.00 0.00 0.00 0.00 0.00 5.34 17.86 26.80 35.03 39.65 39.67 34.88 28.06 18.72 7.01 0.00 0.00 0.00 0.00 0.00
0.00 0.00 0.00 0.00 0.00 0.00 0.00 0.00 0.00 4.14 14.66 22.24 28.13 31.73 32.36 28.28 23.11 15.46 5.78 0.00 0.00 0.00 0.00 0.00
0.00 0.00 0.00 0.00 0.00 0.00 0.00 0.00 0.00 9.43 69.81 116.94 157.02 181.10 189.75 174.68 141.33 98.46 46.54 0.00 0.00 0.00 0.00 0.00
0.00 0.00 0.00 0.00 0.00 0.00 0.00 0.00 0.00 8.97 66.41 111.23 149.36 172.27 180.50 166.16 134.43 93.66 44.27 0.00 0.00 0.00 0.00 0.00
0.00 0.00 0.00 0.00 0.00 0.00 0.00 0.00 0.00 17.25 127.71 213.91 287.24 331.29 347.11 319.53 258.52 180.12 85.14 0.00 0.00 0.00 0.00 0.00
0.00 0.00 0.00 0.00 0.00 0.00 0.00 0.00 0.00 16.96 125.58 210.35 282.45 325.76 341.32 314.21 254.21 177.11 83.72 0.00 0.00 0.00 0.00 0.00
0.00 0.00 0.00 0.00 0.00 0.00 0.00 0.00 0.00 15.14 131.29 221.76 299.64 338.36 353.82 317.78 257.07 178.71 77.33 0.00 0.00 0.00 0.00 0.00
0.00 0.00 0.00 0.00 0.00 0.00 0.00 0.00 0.00 0.56 1.67 2.52 3.15 3.42 3.48 3.10 2.43 1.62 0.61 0.00 0.00 0.00 0.00 0.00
0.00 0.00 0.00 0.00 0.00 0.00 0.00 0.00 0.00 2.86 8.47 12.75 15.96 17.33 17.64 15.69 12.31 8.20 3.09 0.00 0.00 0.00 0.00 0.00
0.00 0.00 0.00 0.00 0.00 0.00 0.00 0.00 0.00 14.59 43.24 65.07 81.46 88.46 90.05 80.09 62.84 41.88 15.78 0.00 0.00 0.00 0.00 0.00
0.00 0.00 0.00 0.00 0.00 0.00 0.00 0.00 0.00 0.64 4.77 7.99 10.72 12.37 12.96 11.93 9.65 6.72 3.18 0.00 0.00 0.00 0.00 0.00
0.00 0.00 0.00 0.00 0.00 0.00 0.00 0.00 0.00 15.48 104.43 172.80 230.99 261.26 270.22 243.74 197.52 137.68 60.46 0.00 0.00 0.00 0.00 0.00
0.00 0.00 0.00 0.00 0.00 0.00 0.00 0.00 0.00 2.26 8.89 13.84 17.80 20.28 21.25 19.20 16.05 11.20 4.97 0.00 0.00 0.00 0.00 0.00
0.00 0.00 0.00 0.00 0.00 0.00 0.00 0.00 0.00 8.92 52.18 84.72 111.93 125.34 127.16 114.48 89.35 59.98 22.39 0.00 0.00 0.00 0.00 0.00
0.00 0.00 0.00 0.00 0.00 0.00 0.00 0.00 0.00 0.26 1.74 2.88 3.85 4.35 4.50 4.06 3.29 2.29 1.01 0.00 0.00 0.00 0.00 0.00
0.00 0.00 0.00 0.00 0.00 0.00 0.00 0.00 0.00 11.61 78.32 129.60 173.24 195.95 202.66 182.81 148.14 103.26 45.34 0.00 0.00 0.00 0.00 0.00
0.00 0.00 0.00 0.00 0.00 0.00 0.00 0.00 0.00 14.90 100.51 166.32 222.32 251.46 260.09 234.60 190.11 132.51 58.19 0.00 0.00 0.00 0.00 0.00
0.00 0.00 0.00 0.00 0.00 0.00 0.00 0.00 0.00 19.96 173.13 292.44 395.14 446.22 466.60 419.07 339.01 235.67 101.97 0.00 0.00 0.00 0.00 0.00
0.00 0.00 0.00 0.00 0.00 0.00 0.00 0.00 0.00 1.32 4.41 6.62 8.52 9.60 9.89 8.97 7.11 4.82 1.96 0.00 0.00 0.00 0.00 0.00
0.00 0.00 0.00 0.00 0.00 0.00 0.00 0.00 0.00 1.65 5.47 8.22 10.57 11.90 12.33 11.11 8.84 5.99 2.41 0.00 0.00 0.00 0.00 0.00
0.00 0.00 0.00 0.00 0.00 0.00 0.00 0.00 0.00 9.34 36.68 57.08 73.42 83.64 87.68 79.20 66.19 46.19 20.50 0.00 0.00 0.00 0.00 0.00
0.00 0.00 0.00 0.00 0.00 0.00 0.00 0.00 0.00 0.00 103.64 191.01 265.26 312.97 322.72 289.35 239.57 166.25 70.39 0.00 0.00 0.00 0.00 0.00
0.00 0.00 0.00 0.00 0.00 0.00 0.00 0.00 0.00 0.43 1.40 2.10 2.70 3.02 3.06 2.69 2.11 1.39 0.50 0.00 0.00 0.00 0.00 0.00
0.00 0.00 0.00 0.00 0.00 0.00 0.00 0.00 0.00 3.94 25.32 41.66 55.99 64.01 65.74 58.93 46.62 32.01 13.26 0.00 0.00 0.00 0.00 0.00
0.00 0.00 0.00 0.00 0.00 0.00 0.00 0.00 0.00 0.93 8.37 14.29 19.53 22.85 24.18 22.62 18.36 12.72 6.46 0.00 0.00 0.00 0.00 0.00
0.00 0.00 0.00 0.00 0.00 0.00 0.00 0.00 0.00 0.90 3.15 4.74 5.96 6.60 6.65 5.74 4.52 2.83 0.74 0.00 0.00 0.00 0.00 0.00
0.00 0.00 0.00 0.00 0.00 0.00 0.00 0.00 0.00 0.45 1.57 2.37 2.98 3.30 3.32 2.87 2.26 1.42 0.37 0.00 0.00 0.00 0.00 0.00
0.00 0.00 0.00 0.00 0.00 0.00 0.00 0.00 0.00 0.98 3.44 5.19 6.51 7.22 7.27 6.27 4.94 3.10 0.81 0.00 0.00 0.00 0.00 0.00
0.00 0.00 0.00 0.00 0.00 0.00 0.00 0.00 0.00 1.19 4.10 6.15 7.75 8.65 8.74 7.64 5.97 3.76 1.04 0.00 0.00 0.00 0.00 0.00
0.00 0.00 0.00 0.00 0.00 0.00 0.00 0.00 0.00 1.82 6.24 9.37 11.82 13.18 13.32 11.64 9.10 5.74 1.58 0.00 0.00 0.00 0.00 0.00
0.00 0.00 0.00 0.00 0.00 0.00 0.00 0.00 0.00 1.49 5.39 8.16 10.42 11.74 11.68 10.44 8.00 5.09 1.46 0.00 0.00 0.00 0.00 0.00
0.00 0.00 0.00 0.00 0.00 0.00 0.00 0.00 0.00 0.80 4.12 6.61 8.63 9.84 9.84 8.73 6.84 4.48 1.49 0.00 0.00 0.00 0.00 0.00
0.00 0.00 0.00 0.00 0.00 0.00 0.00 0.00 0.00 2.06 10.65 17.07 22.30 25.42 25.42 22.56 17.67 11.58 3.85 0.00 0.00 0.00 0.00 0.00
0.00 0.00 0.00 0.00 0.00 0.00 0.00 0.00 0.00 0.55 2.80 4.46 5.98 6.77 6.88 6.01 4.84 3.22 1.16 0.00 0.00 0.00 0.00 0.00
0.00 0.00 0.00 0.00 0.00 0.00 0.00 0.00 0.00 2.02 6.34 9.39 11.82 10.81 11.14 9.62 8.91 5.79 1.95 0.00 0.00 0.00 0.00 0.00
0.00 0.00 0.00 0.00 0.00 0.00 0.00 0.00 0.00 3.04 10.15 15.20 19.24 21.27 21.40 19.01 14.98 9.67 3.07 0.00 0.00 0.00 0.00 0.00
0.00 0.00 0.00 0.00 0.00 0.00 0.00 0.00 0.00 0.57 1.54 2.24 2.70 2.88 2.93 2.56 1.97 1.24 0.34 0.00 0.00 0.00 0.00 0.00
0.00 0.00 0.00 0.00 0.00 0.00 0.00 0.00 0.00 3.12 8.72 12.98 15.80 17.09 17.45 15.47 11.77 7.59 2.47 0.00 0.00 0.00 0.00 0.00
0.00 0.00 0.00 0.00 0.00 0.00 0.00 0.00 0.00 2.08 5.69 8.51 10.46 11.39 11.51 10.14 7.62 4.86 1.48 0.00 0.00 0.00 0.00 0.00
0.00 0.00 0.00 0.00 0.00 0.00 0.00 0.00 0.00 2.87 7.85 11.75 14.44 15.72 15.88 14.00 10.52 6.70 2.04 0.00 0.00 0.00 0.00 0.00
0.00 0.00 0.00 0.00 0.00 0.00 0.00 0.00 0.00 1.95 5.35 8.00 9.83 10.71 10.82 9.53 7.16 4.57 1.39 0.00 0.00 0.00 0.00 0.00
0.00 0.00 0.00 0.00 0.00 0.00 0.00 0.00 0.00 1.66 4.65 6.92 8.43 9.12 9.31 8.25 6.28 4.05 1.32 0.00 0.00 0.00 0.00 0.00
0.00 0.00 0.00 0.00 0.00 0.00 0.00 0.00 0.00 1.63 4.36 6.37 7.92 8.77 8.71 7.55 5.77 3.65 1.07 0.00 0.00 0.00 0.00 0.00
0.00 0.00 0.00 0.00 0.00 0.00 0.00 0.00 0.00 1.62 4.79 7.21 9.03 9.80 9.98 8.88 6.96 4.64 1.75 0.00 0.00 0.00 0.00 0.00
0.00 0.00 0.00 0.00 0.00 0.00 0.00 0.00 0.00 14.15 43.67 67.42 87.22 100.09 105.74 95.30 75.10 50.13 22.94 0.00 0.00 0.00 0.00 0.00
0.00 0.00 0.00 0.00 0.00 0.00 0.00 0.00 0.00 2.01 6.76 10.17 13.13 14.55 14.69 13.13 10.78 7.26 2.82 0.00 0.00 0.00 0.00 0.00
0.00 0.00 0.00 0.00 0.00 0.00 0.00 0.00 0.00 3.26 10.27 15.26 19.78 21.79 21.72 19.18 15.37 10.19 3.73 0.00 0.00 0.00 0.00 0.00
0.00 0.00 0.00 0.00 0.00 0.00 0.00 0.00 0.00 1.49 4.71 6.99 9.07 9.99 9.95 8.79 7.04 4.67 1.71 0.00 0.00 0.00 0.00 0.00
0.00 0.00 0.00 0.00 0.00 0.00 0.00 0.00 0.00 2.48 8.36 12.58 16.19 17.98 18.21 16.13 13.35 8.98 3.48 0.00 0.00 0.00 0.00 0.00
0.00 0.00 0.00 0.00 0.00 0.00 0.00 0.00 0.00 1.04 3.41 5.10 6.56 7.33 7.43 6.53 5.12 3.38 1.22 0.00 0.00 0.00 0.00 0.00
0.00 0.00 0.00 0.00 0.00 0.00 0.00 0.00 0.00 9.67 37.97 59.10 76.02 86.59 90.78 82.00 68.53 47.83 21.22 0.00 0.00 0.00 0.00 0.00
0.00 0.00 0.00 0.00 0.00 0.00 0.00 0.00 0.00 2.13 12.48 20.26 26.77 29.97 30.41 27.38 21.37 14.34 5.35 0.00 0.00 0.00 0.00 0.00
0.00 0.00 0.00 0.00 0.00 0.00 0.00 0.00 0.00 0.50 2.79 4.51 6.03 6.81 6.78 6.17 4.87 3.27 1.25 0.00 0.00 0.00 0.00 0.00
0.00 0.00 0.00 0.00 0.00 0.00 0.00 0.00 0.00 0.69 3.43 5.48 7.16 8.27 8.42 7.61 6.06 4.11 1.61 0.00 0.00 0.00 0.00 0.00
0.00 0.00 0.00 0.00 0.00 0.00 0.00 0.00 0.00 1.11 5.48 8.77 11.45 13.24 13.47 12.17 9.70 6.58 2.58 0.00 0.00 0.00 0.00 0.00
0.00 0.00 0.00 0.00 0.00 0.00 0.00 0.00 0.00 17.53 129.84 217.48 292.03 336.81 352.89 324.86 262.83 183.12 86.56 0.00 0.00 0.00 0.00 0.00
