0.00 0.00 0.00 0.00 0.00 0.00 0.00 0.00 0.00 0.77 1.64 2.56 3.31 3.51 3.65 3.49 3.01 2.30 1.40 0.49 0.00 0.00 0.00 0.00
0.00 0.00 0.00 0.00 0.00 0.00 0.00 0.00 1.89 15.55 31.04 45.60 57.19 64.82 66.51 64.58 54.24 40.17 24.24 4.65 0.00 0.00 0.00 0.00
0.00 0.00 0.00 0.00 0.00 0.00 0.00 0.00 0.00 17.55 37.46 58.44 75.79 80.37 83.51 79.91 68.80 52.66 31.93 11.24 0.00 0.00 0.00 0.00
0.00 0.00 0.00 0.00 0.00 0.00 0.00 0.00 0.00 62.39 133.14 207.68 269.34 285.63 296.79 284.00 244.52 187.16 113.48 39.95 0.00 0.00 0.00 0.00
0.00 0.00 0.00 0.00 0.00 0.00 0.00 0.00 0.62 2.81 5.27 7.97 9.84 11.12 11.19 10.27 8.27 5.95 3.56 0.41 0.00 0.00 0.00 0.00
0.00 0.00 0.00 0.00 0.00 0.00 0.00 0.00 0.00 132.05 288.26 458.23 591.43 677.48 722.62 699.26 564.18 435.35 274.30 111.39 0.00 0.00 0.00 0.00
0.00 0.00 0.00 0.00 0.00 0.00 0.00 0.00 0.20 1.86 3.59 5.35 6.58 7.26 7.23 6.79 5.85 4.35 2.62 0.51 0.00 0.00 0.00 0.00
0.00 0.00 0.00 0.00 0.00 0.00 0.00 0.00 0.10 0.87 1.69 2.49 3.24 3.72 3.79 3.73 3.18 2.35 1.42 0.27 0.00 0.00 0.00 0.00
0.00 0.00 0.00 0.00 0.00 0.00 0.00 0.00 0.16 1.39 2.70 3.99 5.18 5.95 6.07 5.97 5.08 3.76 2.27 0.43 0.00 0.00 0.00 0.00
0.00 0.00 0.00 0.00 0.00 0.00 0.00 0.00 0.16 1.39 2.70 3.99 5.18 5.95 6.07 5.97 5.08 3.76 2.27 0.43 0.00 0.00 0.00 0.00
0.00 0.00 0.00 0.00 0.00 0.00 0.00 0.00 0.19 3.27 6.40 9.70 12.72 14.57 15.09 14.51 12.66 9.62 5.88 1.27 0.00 0.00 0.00 0.00
0.00 0.00 0.00 0.00 0.00 0.00 0.00 0.00 0.10 1.56 3.05 4.65 6.10 7.07 7.14 6.90 6.06 4.60 2.74 0.57 0.00 0.00 0.00 0.00
0.00 0.00 0.00 0.00 0.00 0.00 0.00 0.00 0.13 2.01 3.92 5.97 7.85 9.09 9.18 8.87 7.79 5.92 3.52 0.74 0.00 0.00 0.00 0.00
0.00 0.00 0.00 0.00 0.00 0.00 0.00 0.00 0.08 1.34 2.61 3.98 5.23 6.06 6.12 5.91 5.20 3.94 2.35 0.49 0.00 0.00 0.00 0.00
0.00 0.00 0.00 0.00 0.00 0.00 0.00 0.00 0.08 1.34 2.61 3.98 5.23 6.06 6.12 5.91 5.20 3.94 2.35 0.49 0.00 0.00 0.00 0.00
0.00 0.00 0.00 0.00 0.00 0.00 0.00 0.00 0.49 17.48 36.46 57.87 77.13 89.32 92.43 88.78 75.53 56.83 32.99 7.77 0.00 0.00 0.00 0.00
0.00 0.00 0.00 0.00 0.00 0.00 0.00 0.00 0.73 9.98 19.41 29.33 38.13 44.51 45.53 42.85 37.64 28.77 17.08 3.56 0.00 0.00 0.00 0.00
0.00 0.00 0.00 0.00 0.00 0.00 0.00 0.00 0.43 8.81 17.69 26.30 33.70 37.65 38.16 36.52 30.54 23.12 14.20 3.32 0.00 0.00 0.00 0.00
0.00 0.00 0.00 0.00 0.00 0.00 0.00 0.00 0.00 38.95 85.03 135.16 174.45 199.83 213.15 206.26 166.41 128.41 80.91 32.86 0.00 0.00 0.00 0.00
0.00 0.00 0.00 0.00 0.00 0.00 0.00 0.00 0.00 37.05 80.88 128.57 165.94 190.08 202.75 196.20 158.30 122.15 76.96 31.25 0.00 0.00 0.00 0.00
0.00 0.00 0.00 0.00 0.00 0.00 0.00 0.00 0.00 71.25 155.54 247.24 319.12 365.54 389.90 377.30 304.42 234.90 148.01 60.10 0.00 0.00 0.00 0.00
0.00 0.00 0.00 0.00 0.00 0.00 0.00 0.00 0.00 70.06 152.94 243.12 313.80 359.45 383.40 371.01 299.34 230.99 145.54 59.10 0.00 0.00 0.00 0.00
0.00 0.00 0.00 0.00 0.00 0.00 0.00 0.00 0.00 80.07 173.31 274.80 360.29 378.19 385.89 365.62 308.89 233.66 144.66 50.48 0.00 0.00 0.00 0.00
0.00 0.00 0.00 0.00 0.00 0.00 0.00 0.00 0.10 0.87 1.69 2.49 3.24 3.72 3.79 3.73 3.18 2.35 1.42 0.27 0.00 0.00 0.00 0.00
0.00 0.00 0.00 0.00 0.00 0.00 0.00 0.00 0.52 4.40 8.55 12.64 16.40 18.85 19.21 18.89 16.10 11.92 7.20 1.35 0.00 0.00 0.00 0.00
0.00 0.00 0.00 0.00 0.00 0.00 0.00 0.00 2.67 22.44 43.67 64.51 83.72 96.25 98.07 96.45 82.18 60.84 36.76 6.88 0.00 0.00 0.00 0.00
0.00 0.00 0.00 0.00 0.00 0.00 0.00 0.00 0.00 2.66 5.81 9.23 11.91 13.65 14.56 14.09 11.36 8.77 5.53 2.24 0.00 0.00 0.00 0.00
0.00 0.00 0.00 0.00 0.00 0.00 0.00 0.00 0.00 61.42 131.07 204.44 265.14 281.18 292.16 279.57 240.71 184.25 111.71 39.33 0.00 0.00 0.00 0.00
0.00 0.00 0.00 0.00 0.00 0.00 0.00 0.00 0.00 4.41 9.37 14.53 19.86 24.17 25.19 24.50 21.44 16.64 10.70 3.42 0.00 0.00 0.00 0.00
0.00 0.00 0.00 0.00 0.00 0.00 0.00 0.00 0.00 34.09 70.46 109.05 141.39 156.66 162.78 155.23 125.67 94.01 56.73 17.50 0.00 0.00 0.00 0.00
0.00 0.00 0.00 0.00 0.00 0.00 0.00 0.00 0.00 1.02 2.18 3.41 4.42 4.69 4.87 4.66 4.01 3.07 1.86 0.66 0.00 0.00 0.00 0.00
0.00 0.00 0.00 0.00 0.00 0.00 0.00 0.00 0.00 46.06 98.30 153.33 198.86 210.89 219.12 209.68 180.53 138.18 83.78 29.49 0.00 0.00 0.00 0.00
0.00 0.00 0.00 0.00 0.00 0.00 0.00 0.00 0.00 59.11 126.15 196.77 255.20 270.64 281.21 269.09 231.68 177.34 107.52 37.85 0.00 0.00 0.00 0.00
0.00 0.00 0.00 0.00 0.00 0.00 0.00 0.00 0.00 105.59 228.55 362.40 475.13 498.74 508.89 482.16 407.35 308.14 190.78 66.58 0.00 0.00 0.00 0.00
0.00 0.00 0.00 0.00 0.00 0.00 0.00 0.00 0.11 2.41 4.77 7.30 9.56 11.01 11.31 10.96 9.60 7.23 4.37 0.98 0.00 0.00 0.00 0.00
0.00 0.00 0.00 0.00 0.00 0.00 0.00 0.00 0.15 3.07 6.01 8.99 11.85 13.74 14.04 13.56 11.91 8.99 5.42 1.18 0.00 0.00 0.00 0.00
0.00 0.00 0.00 0.00 0.00 0.00 0.00 0.00 0.00 18.18 38.67 59.92 81.93 99.69 103.92 101.05 88.43 68.65 44.13 14.11 0.00 0.00 0.00 0.00
0.00 0.00 0.00 0.00 0.00 0.00 0.00 0.00 0.00 72.66 173.69 279.41 373.28 435.69 449.80 430.86 334.91 266.43 167.83 64.06 0.00 0.00 0.00 0.00
0.00 0.00 0.00 0.00 0.00 0.00 0.00 0.00 0.07 0.80 1.55 2.37 3.05 3.47 3.59 3.41 2.89 2.18 1.32 0.26 0.00 0.00 0.00 0.00
0.00 0.00 0.00 0.00 0.00 0.00 0.00 0.00 0.00 15.80 33.27 52.31 67.70 70.83 72.77 69.38 58.25 43.86 26.93 9.72 0.00 0.00 0.00 0.00
0.00 0.00 0.00 0.00 0.00 0.00 0.00 0.00 0.00 4.40 10.56 16.72 22.40 25.26 25.78 25.23 20.60 15.91 10.30 4.07 0.00 0.00 0.00 0.00
0.00 0.00 0.00 0.00 0.00 0.00 0.00 0.00 0.27 2.13 4.08 6.12 7.68 8.48 8.38 7.69 6.45 4.84 2.94 0.54 0.00 0.00 0.00 0.00
0.00 0.00 0.00 0.00 0.00 0.00 0.00 0.00 0.14 1.06 2.04 3.06 3.84 4.24 4.19 3.85 3.23 2.42 1.47 0.27 0.00 0.00 0.00 0.00
0.00 0.00 0.00 0.00 0.00 0.00 0.00 0.00 0.30 2.32 4.46 6.70 8.40 9.27 9.17 8.41 7.06 5.29 3.22 0.59 0.00 0.00 0.00 0.00
0.00 0.00 0.00 0.00 0.00 0.00 0.00 0.00 0.36 2.81 5.37 8.16 10.04 11.28 11.18 10.44 8.65 6.51 3.92 0.69 0.00 0.00 0.00 0.00
0.00 0.00 0.00 0.00 0.00 0.00 0.00 0.00 0.54 4.28 8.19 12.44 15.31 17.18 17.04 15.91 13.17 9.92 5.97 1.06 0.00 0.00 0.00 0.00
0.00 0.00 0.00 0.00 0.00 0.00 0.00 0.00 0.40 3.75 7.32 10.95 13.38 14.80 14.87 14.04 11.84 8.97 5.41 1.11 0.00 0.00 0.00 0.00
0.00 0.00 0.00 0.00 0.00 0.00 0.00 0.00 0.00 2.95 5.82 8.81 11.13 12.82 13.36 12.79 10.58 7.93 4.68 1.30 0.00 0.00 0.00 0.00
0.00 0.00 0.00 0.00 0.00 0.00 0.00 0.00 0.00 7.61 15.03 22.76 28.74 33.11 34.50 33.05 27.34 20.48 12.09 3.36 0.00 0.00 0.00 0.00
0.00 0.00 0.00 0.00 0.00 0.00 0.00 0.00 0.00 1.87 3.90 5.98 7.84 8.54 8.80 8.28 6.65 4.98 3.01 0.90 0.00 0.00 0.00 0.00
0.00 0.00 0.00 0.00 0.00 0.00 0.00 0.00 0.44 3.65 6.95 10.45 13.18 15.04 15.49 14.81 12.32 9.31 5.70 1.05 0.00 0.00 0.00 0.00
0.00 0.00 0.00 0.00 0.00 0.00 0.00 0.00 0.74 6.58 12.97 19.04 23.68 26.87 27.23 25.78 21.96 16.45 9.80 1.91 0.00 0.00 0.00 0.00
0.00 0.00 0.00 0.00 0.00 0.00 0.00 0.00 0.19 0.89 1.64 2.41 2.99 3.27 3.27 3.10 2.62 1.93 1.16 0.16 0.00 0.00 0.00 0.00
0.00 0.00 0.00 0.00 0.00 0.00 0.00 0.00 0.83 4.72 9.01 13.47 17.41 18.94 19.21 18.23 15.29 11.40 6.92 1.03 0.00 0.00 0.00 0.00
0.00 0.00 0.00 0.00 0.00 0.00 0.00 0.00 0.64 3.24 6.18 9.08 11.46 12.71 12.60 11.89 10.09 7.44 4.46 0.66 0.00 0.00 0.00 0.00
0.00 0.00 0.00 0.00 0.00 0.00 0.00 0.00 0.88 4.47 8.53 12.53 15.81 17.54 17.38 16.41 13.93 10.26 6.15 0.90 0.00 0.00 0.00 0.00
0.00 0.00 0.00 0.00 0.00 0.00 0.00 0.00 0.60 3.05 5.81 8.53 10.77 11.95 11.84 11.18 9.49 6.99 4.19 0.62 0.00 0.00 0.00 0.00
0.00 0.00 0.00 0.00 0.00 0.00 0.00 0.00 0.44 2.52 4.81 7.18 9.28 10.10 10.25 9.72 8.16 6.08 3.69 0.55 0.00 0.00 0.00 0.00
0.00 0.00 0.00 0.00 0.00 0.00 0.00 0.00 0.55 2.55 4.72 6.97 8.69 9.72 9.89 9.15 7.52 5.49 3.29 0.41 0.00 0.00 0.00 0.00
0.00 0.00 0.00 0.00 0.00 0.00 0.00 0.00 0.30 2.49 4.84 7.15 9.28 10.67 10.87 10.69 9.11 6.74 4.07 0.76 0.00 0.00 0.00 0.00
0.00 0.00 0.00 0.00 0.00 0.00 0.00 0.00 0.63 22.76 47.46 75.33 100.39 116.26 120.31 115.55 98.31 73.97 42.94 10.12 0.00 0.00 0.00 0.00
0.00 0.00 0.00 0.00 0.00 0.00 0.00 0.00 0.22 3.70 7.25 11.00 14.42 16.51 17.10 16.45 14.35 10.90 6.66 1.44 0.00 0.00 0.00 0.00
0.00 0.00 0.00 0.00 0.00 0.00 0.00 0.00 0.53 5.47 10.68 16.29 21.57 25.11 25.15 24.09 20.55 15.53 9.61 1.86 0.00 0.00 0.00 0.00
0.00 0.00 0.00 0.00 0.00 0.00 0.00 0.00 0.24 2.51 4.89 7.46 9.89 11.51 11.53 11.04 9.42 7.12 4.41 0.85 0.00 0.00 0.00 0.00
0.00 0.00 0.00 0.00 0.00 0.00 0.00 0.00 0.27 4.56 8.94 13.53 17.59 20.14 20.96 20.04 17.45 13.31 8.25 1.77 0.00 0.00 0.00 0.00
0.00 0.00 0.00 0.00 0.00 0.00 0.00 0.00 0.17 1.94 3.76 5.75 7.42 8.44 8.71 8.29 7.01 5.29 3.20 0.64 0.00 0.00 0.00 0.00
0.00 0.00 0.00 0.00 0.00 0.00 0.00 0.00 0.00 18.82 40.03 62.04 84.83 103.21 107.59 104.62 91.55 71.07 45.69 14.61 0.00 0.00 0.00 0.00
0.00 0.00 0.00 0.00 0.00 0.00 0.00 0.00 0.00 8.15 16.85 26.08 33.81 37.46 38.92 37.12 30.05 22.48 13.57 4.18 0.00 0.00 0.00 0.00
0.00 0.00 0.00 0.00 0.00 0.00 0.00 0.00 0.00 1.79 3.76 5.88 7.63 8.11 8.34 8.05 6.48 4.79 2.90 0.94 0.00 0.00 0.00 0.00
0.00 0.00 0.00 0.00 0.00 0.00 0.00 0.00 0.00 2.22 4.69 7.24 9.33 9.94 10.23 9.81 8.02 6.02 3.68 1.20 0.00 0.00 0.00 0.00
0.00 0.00 0.00 0.00 0.00 0.00 0.00 0.00 0.00 3.56 7.50 11.58 14.93 15.90 16.38 15.70 12.83 9.63 5.88 1.92 0.00 0.00 0.00 0.00
0.00 0.00 0.00 0.00 0.00 0.00 0.00 0.00 0.00 72.44 158.13 251.36 324.44 371.64 396.40 383.59 309.49 238.82 150.47 61.11 0.00 0.00 0.00 0.00
