0.00 0.00 0.00 0.00 0.00 0.00 0.00 0.00 0.17 1.00 1.99 2.81 3.47 3.85 3.94 3.75 3.21 2.30 1.36 0.11 0.00 0.00 0.00 0.00
0.00 0.00 0.00 0.00 0.00 0.00 0.00 0.00 6.99 20.11 41.89 57.39 66.38 74.45 72.76 66.27 52.79 36.30 19.55 0.05 0.00 0.00 0.00 0.00
0.00 0.00 0.00 0.00 0.00 0.00 0.00 0.00 3.87 22.86 45.54 64.20 79.26 88.13 90.04 85.81 73.35 52.59 31.16 2.53 0.00 0.00 0.00 0.00
0.00 0.00 0.00 0.00 0.00 0.00 0.00 0.00 13.77 81.24 161.86 228.15 281.69 313.19 319.99 304.97 260.67 186.90 110.75 8.99 0.00 0.00 0.00 0.00
0.00 0.00 0.00 0.00 0.00 0.00 0.00 0.00 1.89 4.62 7.43 9.78 11.05 11.98 11.51 10.14 8.07 5.36 2.62 0.00 0.00 0.00 0.00 0.00
0.00 0.00 0.00 0.00 0.00 0.00 0.00 0.00 23.23 175.12 357.88 506.28 629.79 728.15 757.05 728.01 620.76 447.01 270.83 27.80 0.00 0.00 0.00 0.00
0.00 0.00 0.00 0.00 0.00 0.00 0.00 0.00 0.50 1.48 2.70 3.71 4.39 5.06 5.06 4.64 3.97 2.64 1.36 0.00 0.00 0.00 0.00 0.00
0.00 0.00 0.00 0.00 0.00 0.00 0.00 0.00 0.32 0.91 1.87 2.53 2.86 3.30 3.23 2.97 2.72 1.87 1.00 0.00 0.00 0.00 0.00 0.00
0.00 0.00 0.00 0.00 0.00 0.00 0.00 0.00 0.50 1.46 2.98 4.05 4.57 5.27 5.16 4.75 4.35 2.99 1.60 0.00 0.00 0.00 0.00 0.00
0.00 0.00 0.00 0.00 0.00 0.00 0.00 0.00 0.50 1.46 2.98 4.05 4.57 5.27 5.16 4.75 4.35 2.99 1.60 0.00 0.00 0.00 0.00 0.00
0.00 0.00 0.00 0.00 0.00 0.00 0.00 0.00 1.34 4.30 8.13 11.47 13.46 14.99 14.74 13.82 11.70 8.10 4.44 0.09 0.00 0.00 0.00 0.00
0.00 0.00 0.00 0.00 0.00 0.00 0.00 0.00 0.62 1.98 3.79 5.36 6.22 6.83 6.73 6.37 5.45 3.76 2.06 0.04 0.00 0.00 0.00 0.00
0.00 0.00 0.00 0.00 0.00 0.00 0.00 0.00 0.80 2.55 4.87 6.89 8.00 8.78 8.66 8.19 7.01 4.84 2.65 0.05 0.00 0.00 0.00 0.00
0.00 0.00 0.00 0.00 0.00 0.00 0.00 0.00 0.53 1.70 3.25 4.59 5.33 5.86 5.77 5.46 4.67 3.23 1.77 0.03 0.00 0.00 0.00 0.00
0.00 0.00 0.00 0.00 0.00 0.00 0.00 0.00 0.53 1.70 3.25 4.59 5.33 5.86 5.77 5.46 4.67 3.23 1.77 0.03 0.00 0.00 0.00 0.00
0.00 0.00 0.00 0.00 0.00 0.00 0.00 0.00 8.42 28.39 51.65 73.31 86.08 92.44 92.25 85.65 71.71 50.02 28.46 1.26 0.00 0.00 0.00 0.00
0.00 0.00 0.00 0.00 0.00 0.00 0.00 0.00 3.82 11.97 23.29 32.57 37.84 43.03 42.80 39.63 33.15 23.03 12.49 0.18 0.00 0.00 0.00 0.00
0.00 0.00 0.00 0.00 0.00 0.00 0.00 0.00 3.37 11.03 20.06 27.92 33.53 37.46 37.36 35.02 29.69 20.67 11.30 0.13 0.00 0.00 0.00 0.00
0.00 0.00 0.00 0.00 0.00 0.00 0.00 0.00 6.85 51.65 105.56 149.34 185.76 214.78 223.30 214.74 183.10 131.85 79.88 8.20 0.00 0.00 0.00 0.00
0.00 0.00 0.00 0.00 0.00 0.00 0.00 0.00 6.52 49.13 100.41 142.05 176.70 204.30 212.41 204.26 174.17 125.42 75.99 7.80 0.00 0.00 0.00 0.00
0.00 0.00 0.00 0.00 0.00 0.00 0.00 0.00 12.53 94.49 193.10 273.17 339.81 392.88 408.48 392.81 334.94 241.19 146.13 15.00 0.00 0.00 0.00 0.00
0.00 0.00 0.00 0.00 0.00 0.00 0.00 0.00 12.33 92.91 189.88 268.62 334.15 386.34 401.67 386.26 329.36 237.17 143.69 14.75 0.00 0.00 0.00 0.00
0.00 0.00 0.00 0.00 0.00 0.00 0.00 0.00 15.79 104.66 209.92 293.07 367.65 412.40 424.62 401.13 343.43 246.16 146.55 12.54 0.00 0.00 0.00 0.00
0.00 0.00 0.00 0.00 0.00 0.00 0.00 0.00 0.32 0.91 1.87 2.53 2.86 3.30 3.23 2.97 2.72 1.87 1.00 0.00 0.00 0.00 0.00 0.00
0.00 0.00 0.00 0.00 0.00 0.00 0.00 0.00 1.60 4.62 9.45 12.83 14.47 16.70 16.34 15.04 13.78 9.47 5.07 0.00 0.00 0.00 0.00 0.00
0.00 0.00 0.00 0.00 0.00 0.00 0.00 0.00 8.15 23.58 48.24 65.49 73.89 85.26 83.43 76.77 70.33 48.33 25.89 0.00 0.00 0.00 0.00 0.00
0.00 0.00 0.00 0.00 0.00 0.00 0.00 0.00 0.47 3.53 7.21 10.20 12.69 14.67 15.25 14.66 12.50 9.00 5.46 0.56 0.00 0.00 0.00 0.00
0.00 0.00 0.00 0.00 0.00 0.00 0.00 0.00 13.55 79.98 159.34 224.59 277.30 308.31 315.00 300.21 256.61 183.99 109.02 8.85 0.00 0.00 0.00 0.00
0.00 0.00 0.00 0.00 0.00 0.00 0.00 0.00 1.47 6.07 11.48 16.79 21.20 23.52 24.77 23.96 19.57 14.24 8.22 0.44 0.00 0.00 0.00 0.00
0.00 0.00 0.00 0.00 0.00 0.00 0.00 0.00 9.82 42.94 81.77 113.91 135.33 150.73 155.89 144.52 118.25 81.71 46.48 1.63 0.00 0.00 0.00 0.00
0.00 0.00 0.00 0.00 0.00 0.00 0.00 0.00 0.23 1.33 2.66 3.74 4.62 5.14 5.25 5.00 4.28 3.07 1.82 0.15 0.00 0.00 0.00 0.00
0.00 0.00 0.00 0.00 0.00 0.00 0.00 0.00 10.16 59.98 119.50 168.44 207.98 231.23 236.25 225.16 192.46 137.99 81.77 6.64 0.00 0.00 0.00 0.00
0.00 0.00 0.00 0.00 0.00 0.00 0.00 0.00 13.04 76.98 153.36 216.17 266.90 296.75 303.19 288.96 246.99 177.09 104.93 8.52 0.00 0.00 0.00 0.00
0.00 0.00 0.00 0.00 0.00 0.00 0.00 0.00 20.83 138.02 276.84 386.48 484.84 543.85 559.97 528.99 452.90 324.63 193.26 16.54 0.00 0.00 0.00 0.00
0.00 0.00 0.00 0.00 0.00 0.00 0.00 0.00 0.83 2.74 6.20 8.73 10.27 11.62 11.42 10.48 9.12 6.42 3.56 0.08 0.00 0.00 0.00 0.00
0.00 0.00 0.00 0.00 0.00 0.00 0.00 0.00 1.06 3.46 7.73 10.84 12.84 14.00 13.71 12.88 11.35 7.97 4.41 0.09 0.00 0.00 0.00 0.00
0.00 0.00 0.00 0.00 0.00 0.00 0.00 0.00 6.08 25.02 47.34 69.24 87.44 97.03 102.16 98.84 80.73 58.76 33.90 1.81 0.00 0.00 0.00 0.00
0.00 0.00 0.00 0.00 0.00 0.00 0.00 0.00 6.37 99.83 212.64 307.64 390.06 444.62 460.92 433.79 365.49 266.87 162.63 16.63 0.00 0.00 0.00 0.00
0.00 0.00 0.00 0.00 0.00 0.00 0.00 0.00 0.28 0.85 1.57 2.12 2.48 2.95 2.90 2.66 2.27 1.56 0.84 0.00 0.00 0.00 0.00 0.00
0.00 0.00 0.00 0.00 0.00 0.00 0.00 0.00 3.96 20.51 40.34 56.63 69.18 77.37 79.61 74.30 62.31 44.26 25.81 1.61 0.00 0.00 0.00 0.00
0.00 0.00 0.00 0.00 0.00 0.00 0.00 0.00 0.54 6.82 14.22 20.64 25.30 28.80 29.83 28.26 23.75 17.26 10.73 1.49 0.00 0.00 0.00 0.00
0.00 0.00 0.00 0.00 0.00 0.00 0.00 0.00 0.61 1.75 2.78 3.84 4.60 5.64 5.49 5.04 4.33 2.89 1.47 0.00 0.00 0.00 0.00 0.00
0.00 0.00 0.00 0.00 0.00 0.00 0.00 0.00 0.31 0.88 1.39 1.92 2.30 2.82 2.74 2.52 2.16 1.44 0.73 0.00 0.00 0.00 0.00 0.00
0.00 0.00 0.00 0.00 0.00 0.00 0.00 0.00 0.67 1.92 3.04 4.20 5.03 6.17 6.00 5.52 4.73 3.16 1.61 0.00 0.00 0.00 0.00 0.00
0.00 0.00 0.00 0.00 0.00 0.00 0.00 0.00 0.95 2.73 4.31 5.87 6.98 6.93 6.85 6.30 5.82 3.86 1.97 0.00 0.00 0.00 0.00 0.00
0.00 0.00 0.00 0.00 0.00 0.00 0.00 0.00 1.45 4.16 6.57 8.95 10.64 10.55 10.43 9.60 8.87 5.89 3.01 0.00 0.00 0.00 0.00 0.00
0.00 0.00 0.00 0.00 0.00 0.00 0.00 0.00 1.08 3.22 5.90 8.01 9.56 10.63 10.67 9.78 8.60 5.81 3.01 0.00 0.00 0.00 0.00 0.00
0.00 0.00 0.00 0.00 0.00 0.00 0.00 0.00 0.94 3.58 6.67 9.13 10.78 11.58 11.77 10.92 7.76 5.38 2.99 0.06 0.00 0.00 0.00 0.00
0.00 0.00 0.00 0.00 0.00 0.00 0.00 0.00 2.42 9.26 17.22 23.57 27.85 29.91 30.41 28.22 20.05 13.91 7.71 0.16 0.00 0.00 0.00 0.00
0.00 0.00 0.00 0.00 0.00 0.00 0.00 0.00 0.60 2.36 4.44 6.04 7.25 8.01 8.19 7.49 6.19 4.21 2.35 0.07 0.00 0.00 0.00 0.00
0.00 0.00 0.00 0.00 0.00 0.00 0.00 0.00 1.18 3.41 5.58 7.60 8.72 10.37 10.33 9.41 8.17 5.54 2.91 0.00 0.00 0.00 0.00 0.00
0.00 0.00 0.00 0.00 0.00 0.00 0.00 0.00 2.14 6.28 9.61 13.06 15.42 18.73 19.11 17.54 15.17 10.10 5.27 0.00 0.00 0.00 0.00 0.00
0.00 0.00 0.00 0.00 0.00 0.00 0.00 0.00 0.56 1.40 2.20 2.93 3.26 3.04 2.98 2.66 2.51 1.69 0.83 0.00 0.00 0.00 0.00 0.00
0.00 0.00 0.00 0.00 0.00 0.00 0.00 0.00 2.35 6.19 8.94 11.94 13.52 14.40 13.87 12.51 11.46 7.81 3.99 0.00 0.00 0.00 0.00 0.00
0.00 0.00 0.00 0.00 0.00 0.00 0.00 0.00 2.04 5.20 7.39 9.78 10.87 10.39 10.17 9.11 8.11 5.37 2.69 0.00 0.00 0.00 0.00 0.00
0.00 0.00 0.00 0.00 0.00 0.00 0.00 0.00 2.81 7.18 10.20 13.50 15.01 14.34 14.03 12.57 11.20 7.42 3.72 0.00 0.00 0.00 0.00 0.00
0.00 0.00 0.00 0.00 0.00 0.00 0.00 0.00 1.92 4.89 6.94 9.20 10.22 9.77 9.56 8.56 7.63 5.05 2.53 0.00 0.00 0.00 0.00 0.00
0.00 0.00 0.00 0.00 0.00 0.00 0.00 0.00 1.25 3.30 4.77 6.37 7.21 7.68 7.40 6.67 6.11 4.17 2.13 0.00 0.00 0.00 0.00 0.00
0.00 0.00 0.00 0.00 0.00 0.00 0.00 0.00 1.61 4.00 6.44 8.57 9.69 10.30 10.06 8.99 7.27 4.78 2.36 0.00 0.00 0.00 0.00 0.00
0.00 0.00 0.00 0.00 0.00 0.00 0.00 0.00 0.90 2.61 5.35 7.26 8.19 9.45 9.25 8.51 7.79 5.36 2.87 0.00 0.00 0.00 0.00 0.00
0.00 0.00 0.00 0.00 0.00 0.00 0.00 0.00 10.96 36.95 67.23 95.43 112.04 120.32 120.08 111.49 93.34 65.10 37.05 1.65 0.00 0.00 0.00 0.00
0.00 0.00 0.00 0.00 0.00 0.00 0.00 0.00 1.51 4.87 9.21 13.00 15.26 16.99 16.71 15.67 13.25 9.18 5.03 0.10 0.00 0.00 0.00 0.00
0.00 0.00 0.00 0.00 0.00 0.00 0.00 0.00 1.61 4.86 8.98 12.21 14.19 17.69 17.65 16.42 15.49 10.76 5.77 0.00 0.00 0.00 0.00 0.00
0.00 0.00 0.00 0.00 0.00 0.00 0.00 0.00 0.74 2.23 4.12 5.59 6.50 8.11 8.09 7.53 7.10 4.93 2.65 0.00 0.00 0.00 0.00 0.00
0.00 0.00 0.00 0.00 0.00 0.00 0.00 0.00 1.90 6.11 11.32 15.92 18.71 20.98 20.67 19.30 16.18 11.31 6.20 0.13 0.00 0.00 0.00 0.00
0.00 0.00 0.00 0.00 0.00 0.00 0.00 0.00 0.68 2.07 3.82 5.15 6.02 7.16 7.05 6.47 5.50 3.78 2.03 0.01 0.00 0.00 0.00 0.00
0.00 0.00 0.00 0.00 0.00 0.00 0.00 0.00 6.29 25.90 49.01 71.69 90.53 100.46 105.77 102.34 83.58 60.83 35.10 1.87 0.00 0.00 0.00 0.00
0.00 0.00 0.00 0.00 0.00 0.00 0.00 0.00 2.35 10.27 19.55 27.24 32.36 36.04 37.28 34.56 28.28 19.54 11.11 0.39 0.00 0.00 0.00 0.00
0.00 0.00 0.00 0.00 0.00 0.00 0.00 0.00 0.52 2.28 4.34 6.08 7.27 8.14 8.28 7.65 6.32 4.47 2.55 0.10 0.00 0.00 0.00 0.00
0.00 0.00 0.00 0.00 0.00 0.00 0.00 0.00 0.66 2.79 5.28 7.31 8.84 10.01 10.12 9.35 7.90 5.59 3.18 0.11 0.00 0.00 0.00 0.00
0.00 0.00 0.00 0.00 0.00 0.00 0.00 0.00 1.06 4.46 8.45 11.70 14.15 16.01 16.19 14.95 12.63 8.95 5.08 0.17 0.00 0.00 0.00 0.00
0.00 0.00 0.00 0.00 0.00 0.00 0.00 0.00 12.74 96.06 196.32 277.73 345.48 399.43 415.29 399.36 340.53 245.21 148.56 15.25 0.00 0.00 0.00 0.00
