0.00 0.00 0.00 0.00 0.00 0.00 0.00 0.22 1.09 1.93 2.88 3.80 4.59 5.12 5.28 4.99 4.43 3.61 2.63 1.60 0.74 0.00 0.00 0.00
0.00 0.00 0.00 0.00 0.00 0.00 0.00 5.29 20.30 34.55 49.91 64.72 75.67 61.10 61.27 57.22 60.92 48.31 32.41 15.72 4.58 0.00 0.00 0.00
0.00 0.00 0.00 0.00 0.00 0.00 0.00 5.05 24.90 44.05 65.79 86.80 104.98 117.03 120.76 114.03 101.31 82.66 60.05 36.64 16.93 0.00 0.00 0.00
0.00 0.00 0.00 0.00 0.00 0.00 0.00 17.95 88.48 156.54 233.81 308.47 373.10 415.91 429.17 405.25 360.04 293.77 213.41 130.22 60.15 0.00 0.00 0.00
0.00 0.00 0.00 0.00 0.00 0.00 0.00 0.67 1.83 3.08 7.42 9.39 10.68 9.97 9.96 9.02 7.32 5.75 3.86 1.90 0.47 0.00 0.00 0.00
0.00 0.00 0.00 0.00 0.00 0.00 0.00 26.39 191.12 349.67 529.83 703.35 848.16 919.90 944.92 900.25 826.90 675.60 481.94 283.06 132.64 0.00 0.00 0.00
0.00 0.00 0.00 0.00 0.00 0.00 0.00 0.93 2.53 4.21 6.09 7.82 9.00 9.54 9.63 9.00 8.21 6.57 4.55 2.31 0.86 0.00 0.00 0.00
0.00 0.00 0.00 0.00 0.00 0.00 0.00 0.39 1.36 2.28 2.45 3.14 3.62 2.95 3.03 2.87 2.46 1.92 1.31 0.78 0.24 0.00 0.00 0.00
0.00 0.00 0.00 0.00 0.00 0.00 0.00 0.62 2.18 3.66 3.93 5.03 5.79 4.72 4.85 4.59 3.93 3.07 2.09 1.25 0.39 0.00 0.00 0.00
0.00 0.00 0.00 0.00 0.00 0.00 0.00 0.62 2.18 3.66 3.93 5.03 5.79 4.72 4.85 4.59 3.93 3.07 2.09 1.25 0.39 0.00 0.00 0.00
0.00 0.00 0.00 0.00 0.00 0.00 0.00 1.24 4.55 7.70 11.46 15.47 18.41 19.20 19.26 18.32 15.43 12.53 8.76 4.79 1.70 0.00 0.00 0.00
0.00 0.00 0.00 0.00 0.00 0.00 0.00 0.59 2.18 3.69 5.32 7.16 8.52 9.42 9.54 9.01 7.68 6.18 4.30 2.22 0.78 0.00 0.00 0.00
0.00 0.00 0.00 0.00 0.00 0.00 0.00 0.76 2.80 4.74 6.83 9.21 10.95 12.11 12.27 11.58 9.88 7.95 5.53 2.85 1.00 0.00 0.00 0.00
0.00 0.00 0.00 0.00 0.00 0.00 0.00 0.51 1.87 3.16 4.56 6.14 7.30 8.07 8.18 7.72 6.58 5.30 3.69 1.90 0.67 0.00 0.00 0.00
0.00 0.00 0.00 0.00 0.00 0.00 0.00 0.51 1.87 3.16 4.56 6.14 7.30 8.07 8.18 7.72 6.58 5.30 3.69 1.90 0.67 0.00 0.00 0.00
0.00 0.00 0.00 0.00 0.00 0.00 0.00 3.90 24.05 43.37 64.40 84.54 96.81 66.75 68.34 65.59 73.17 57.80 39.46 23.00 7.48 0.00 0.00 0.00
0.00 0.00 0.00 0.00 0.00 0.00 0.00 4.17 14.47 24.27 36.71 48.68 58.10 62.20 63.02 59.33 51.24 41.38 29.38 15.92 5.58 0.00 0.00 0.00
0.00 0.00 0.00 0.00 0.00 0.00 0.00 3.77 13.01 21.78 31.60 40.39 47.56 51.47 52.25 50.03 45.21 36.11 25.14 13.57 5.02 0.00 0.00 0.00
0.00 0.00 0.00 0.00 0.00 0.00 0.00 7.78 56.37 103.14 156.28 207.46 250.18 271.34 278.72 265.54 243.91 199.28 142.15 83.49 39.12 0.00 0.00 0.00
0.00 0.00 0.00 0.00 0.00 0.00 0.00 7.40 53.62 98.11 148.66 197.34 237.97 258.10 265.12 252.59 232.01 189.56 135.22 79.42 37.22 0.00 0.00 0.00
0.00 0.00 0.00 0.00 0.00 0.00 0.00 14.24 103.12 188.67 285.88 379.51 457.64 496.35 509.85 485.75 446.17 364.53 260.04 152.73 71.57 0.00 0.00 0.00
0.00 0.00 0.00 0.00 0.00 0.00 0.00 14.00 101.40 185.53 281.12 373.18 450.01 488.08 501.35 477.65 438.73 358.46 255.71 150.18 70.37 0.00 0.00 0.00
0.00 0.00 0.00 0.00 0.00 0.00 0.00 25.40 118.83 209.17 305.94 404.78 489.82 530.22 542.55 533.54 485.18 393.46 287.12 175.80 83.87 0.00 0.00 0.00
0.00 0.00 0.00 0.00 0.00 0.00 0.00 0.39 1.36 2.28 2.45 3.14 3.62 2.95 3.03 2.87 2.46 1.92 1.31 0.78 0.24 0.00 0.00 0.00
0.00 0.00 0.00 0.00 0.00 0.00 0.00 1.97 6.91 11.58 12.43 15.92 18.33 14.94 15.35 14.52 12.45 9.73 6.63 3.96 1.22 0.00 0.00 0.00
0.00 0.00 0.00 0.00 0.00 0.00 0.00 10.05 35.28 59.10 63.48 81.29 93.60 76.27 78.38 74.14 63.57 49.65 33.84 20.20 6.24 0.00 0.00 0.00
0.00 0.00 0.00 0.00 0.00 0.00 0.00 0.53 3.85 7.04 10.67 14.17 17.09 18.53 19.03 18.13 16.66 13.61 9.71 5.70 2.67 0.00 0.00 0.00
0.00 0.00 0.00 0.00 0.00 0.00 0.00 17.67 87.10 154.10 230.17 303.67 367.29 409.43 422.48 398.93 354.43 289.19 210.09 128.19 59.21 0.00 0.00 0.00
0.00 0.00 0.00 0.00 0.00 0.00 0.00 1.06 5.46 9.69 15.15 21.13 26.85 30.27 31.21 30.30 25.97 21.04 14.80 8.68 3.46 0.00 0.00 0.00
0.00 0.00 0.00 0.00 0.00 0.00 0.00 13.79 47.41 79.65 118.47 151.84 177.55 197.37 206.66 196.93 172.50 141.42 102.02 60.76 27.12 0.00 0.00 0.00
0.00 0.00 0.00 0.00 0.00 0.00 0.00 0.29 1.45 2.57 3.84 5.06 6.12 6.82 7.04 6.65 5.91 4.82 3.50 2.14 0.99 0.00 0.00 0.00
0.00 0.00 0.00 0.00 0.00 0.00 0.00 13.25 65.33 115.58 172.63 227.75 275.46 307.07 316.86 299.20 265.82 216.89 157.56 96.14 44.41 0.00 0.00 0.00
0.00 0.00 0.00 0.00 0.00 0.00 0.00 17.00 83.84 148.32 221.54 292.28 353.51 394.07 406.63 383.97 341.14 278.35 202.21 123.38 56.99 0.00 0.00 0.00
0.00 0.00 0.00 0.00 0.00 0.00 0.00 33.50 156.70 275.84 403.46 533.81 645.95 699.23 715.49 703.61 639.83 518.88 378.64 231.84 110.61 0.00 0.00 0.00
0.00 0.00 0.00 0.00 0.00 0.00 0.00 0.83 3.33 5.72 8.44 11.17 13.29 14.90 15.04 14.30 10.87 8.58 6.01 3.14 1.11 0.00 0.00 0.00
0.00 0.00 0.00 0.00 0.00 0.00 0.00 1.08 4.24 7.25 10.22 13.43 16.09 18.60 18.84 17.99 14.30 11.24 7.99 4.17 1.47 0.00 0.00 0.00
0.00 0.00 0.00 0.00 0.00 0.00 0.00 4.39 22.53 39.99 62.49 87.14 110.77 124.87 128.73 124.99 107.13 86.79 61.05 35.79 14.28 0.00 0.00 0.00
0.00 0.00 0.00 0.00 0.00 0.00 0.00 28.89 125.62 219.34 331.42 428.88 509.01 543.48 555.57 521.77 472.41 385.18 284.97 179.16 94.09 7.23 0.00 0.00
0.00 0.00 0.00 0.00 0.00 0.00 0.00 0.36 1.19 1.97 3.01 3.94 4.62 5.08 5.12 4.85 4.40 3.54 2.51 1.17 0.40 0.00 0.00 0.00
0.00 0.00 0.00 0.00 0.00 0.00 0.00 5.61 23.35 40.46 59.77 77.17 91.92 101.02 102.30 96.70 86.29 70.50 52.18 32.72 14.94 0.00 0.00 0.00
0.00 0.00 0.00 0.00 0.00 0.00 0.00 0.37 6.77 12.98 19.44 26.03 31.37 33.93 34.48 31.75 28.73 23.08 16.66 9.98 4.80 0.00 0.00 0.00
0.00 0.00 0.00 0.00 0.00 0.00 0.00 1.15 3.02 5.01 7.08 9.01 10.36 11.11 11.11 10.45 9.64 7.63 5.24 2.61 0.94 0.00 0.00 0.00
0.00 0.00 0.00 0.00 0.00 0.00 0.00 0.57 1.51 2.51 3.54 4.51 5.18 5.56 5.55 5.23 4.82 3.81 2.62 1.30 0.47 0.00 0.00 0.00
0.00 0.00 0.00 0.00 0.00 0.00 0.00 1.25 3.30 5.48 7.75 9.86 11.33 12.15 12.15 11.43 10.55 8.34 5.73 2.85 1.03 0.00 0.00 0.00
0.00 0.00 0.00 0.00 0.00 0.00 0.00 1.49 3.99 6.64 9.44 11.86 13.67 14.74 14.78 13.88 12.83 10.08 7.02 3.20 1.15 0.00 0.00 0.00
0.00 0.00 0.00 0.00 0.00 0.00 0.00 2.26 6.08 10.12 14.39 18.07 20.82 22.46 22.53 21.15 19.55 15.37 10.70 4.88 1.75 0.00 0.00 0.00
0.00 0.00 0.00 0.00 0.00 0.00 0.00 1.87 5.13 8.51 12.32 15.94 18.13 19.40 19.46 18.29 16.77 13.49 9.27 4.73 1.75 0.00 0.00 0.00
0.00 0.00 0.00 0.00 0.00 0.00 0.00 1.35 4.10 6.72 9.81 12.34 14.29 15.09 15.75 15.40 13.91 11.12 7.91 4.78 2.07 0.00 0.00 0.00
0.00 0.00 0.00 0.00 0.00 0.00 0.00 3.50 10.59 17.36 25.33 31.88 36.91 38.98 40.68 39.79 35.92 28.73 20.44 12.34 5.35 0.00 0.00 0.00
0.00 0.00 0.00 0.00 0.00 0.00 0.00 0.81 2.65 4.40 6.46 8.27 9.68 10.63 10.87 10.49 9.50 7.69 5.42 3.22 1.39 0.00 0.00 0.00
0.00 0.00 0.00 0.00 0.00 0.00 0.00 1.75 5.40 8.93 13.10 17.43 20.31 22.53 22.93 21.33 19.83 15.82 11.09 5.10 1.70 0.00 0.00 0.00
0.00 0.00 0.00 0.00 0.00 0.00 0.00 3.32 9.71 15.96 22.49 28.95 34.42 37.55 38.35 36.07 33.43 26.53 18.18 8.78 3.08 0.00 0.00 0.00
0.00 0.00 0.00 0.00 0.00 0.00 0.00 0.29 0.77 1.26 2.68 3.37 3.78 4.09 4.03 3.76 3.39 2.67 1.77 0.84 0.22 0.00 0.00 0.00
0.00 0.00 0.00 0.00 0.00 0.00 0.00 1.73 5.19 8.61 13.83 17.21 19.41 16.68 16.89 15.70 15.39 11.88 7.88 3.44 0.97 0.00 0.00 0.00
0.00 0.00 0.00 0.00 0.00 0.00 0.00 0.83 2.38 3.94 10.71 13.44 14.75 12.36 12.12 11.44 10.11 7.85 5.28 2.75 0.74 0.00 0.00 0.00
0.00 0.00 0.00 0.00 0.00 0.00 0.00 1.15 3.28 5.44 14.78 18.55 20.36 17.05 16.72 15.79 13.96 10.83 7.29 3.80 1.02 0.00 0.00 0.00
0.00 0.00 0.00 0.00 0.00 0.00 0.00 0.78 2.24 3.70 10.07 12.64 13.87 11.62 11.39 10.75 9.51 7.37 4.96 2.59 0.69 0.00 0.00 0.00
0.00 0.00 0.00 0.00 0.00 0.00 0.00 0.92 2.77 4.59 7.37 9.18 10.35 8.90 9.01 8.38 8.21 6.34 4.20 1.84 0.52 0.00 0.00 0.00
0.00 0.00 0.00 0.00 0.00 0.00 0.00 0.56 1.57 2.61 6.28 7.87 8.84 7.52 7.55 7.00 6.23 4.91 3.38 1.57 0.39 0.00 0.00 0.00
0.00 0.00 0.00 0.00 0.00 0.00 0.00 1.11 3.91 6.55 7.04 9.01 10.37 8.45 8.69 8.22 7.05 5.50 3.75 2.24 0.69 0.00 0.00 0.00
0.00 0.00 0.00 0.00 0.00 0.00 0.00 5.08 31.31 56.45 83.82 110.04 126.00 86.89 88.95 85.37 95.24 75.23 51.37 29.94 9.74 0.00 0.00 0.00
0.00 0.00 0.00 0.00 0.00 0.00 0.00 1.40 5.15 8.72 12.99 17.53 20.87 21.76 21.83 20.76 17.49 14.20 9.93 5.43 1.92 0.00 0.00 0.00
0.00 0.00 0.00 0.00 0.00 0.00 0.00 2.38 8.02 13.35 20.54 27.09 32.38 36.03 36.82 34.48 31.74 25.48 17.86 8.48 2.85 0.00 0.00 0.00
0.00 0.00 0.00 0.00 0.00 0.00 0.00 1.09 3.68 6.12 9.42 12.42 14.84 16.52 16.87 15.80 14.55 11.68 8.18 3.89 1.31 0.00 0.00 0.00
0.00 0.00 0.00 0.00 0.00 0.00 0.00 1.75 6.40 10.83 16.37 22.00 26.23 26.78 26.71 25.39 21.45 17.34 12.28 6.92 2.46 0.00 0.00 0.00
0.00 0.00 0.00 0.00 0.00 0.00 0.00 0.87 2.88 4.80 7.30 9.56 11.22 12.34 12.42 11.79 10.70 8.61 6.09 2.85 0.98 0.00 0.00 0.00
0.00 0.00 0.00 0.00 0.00 0.00 0.00 4.55 23.33 41.40 64.70 90.22 114.69 129.28 133.28 129.41 110.91 89.86 63.21 37.06 14.78 0.00 0.00 0.00
0.00 0.00 0.00 0.00 0.00 0.00 0.00 3.30 11.34 19.05 28.33 36.31 42.46 47.20 49.42 47.09 41.25 33.82 24.40 14.53 6.49 0.00 0.00 0.00
0.00 0.00 0.00 0.00 0.00 0.00 0.00 0.71 2.53 4.28 6.46 8.26 9.76 10.58 10.78 10.30 9.31 7.57 5.41 3.36 1.48 0.00 0.00 0.00
0.00 0.00 0.00 0.00 0.00 0.00 0.00 0.84 3.11 5.28 7.78 10.00 11.77 13.08 13.52 13.17 12.11 9.62 6.88 4.23 1.82 0.00 0.00 0.00
0.00 0.00 0.00 0.00 0.00 0.00 0.00 1.34 4.97 8.45 12.45 16.00 18.84 20.93 21.63 21.08 19.37 15.39 11.01 6.77 2.92 0.00 0.00 0.00
0.00 0.00 0.00 0.00 0.00 0.00 0.00 14.48 104.84 191.82 290.64 385.83 465.27 504.62 518.35 493.84 453.61 370.61 264.37 155.27 72.76 0.00 0.00 0.00
