0.00 0.00 0.00 0.00 0.00 0.00 0.00 0.00 0.09 1.06 2.16 3.25 4.17 4.67 4.84 4.64 3.82 2.95 1.83 0.64 0.00 0.00 0.00 0.00
0.00 0.00 0.00 0.00 0.00 0.00 0.00 0.00 1.58 5.88 9.02 12.99 16.19 33.68 34.31 33.17 21.65 16.11 9.93 1.98 0.00 0.00 0.00 0.00
0.00 0.00 0.00 0.00 0.00 0.00 0.00 0.00 1.97 24.15 49.34 74.39 95.41 106.74 110.66 106.06 87.41 67.48 41.92 14.56 0.00 0.00 0.00 0.00
0.00 0.00 0.00 0.00 0.00 0.00 0.00 0.00 7.01 85.81 175.33 264.38 339.08 379.36 393.27 376.92 310.64 239.83 148.97 51.74 0.00 0.00 0.00 0.00
0.00 0.00 0.00 0.00 0.00 0.00 0.00 0.00 0.99 2.85 5.09 7.49 9.11 9.89 9.89 9.05 6.93 5.02 3.10 0.60 0.00 0.00 0.00 0.00
0.00 0.00 0.00 0.00 0.00 0.00 0.00 0.00 5.47 187.62 397.20 607.48 772.21 880.90 936.55 906.79 772.64 600.29 386.07 129.52 0.00 0.00 0.00 0.00
0.00 0.00 0.00 0.00 0.00 0.00 0.00 0.00 0.65 2.31 2.69 3.90 4.74 4.74 4.73 4.46 5.78 4.35 2.72 0.71 0.00 0.00 0.00 0.00
0.00 0.00 0.00 0.00 0.00 0.00 0.00 0.00 0.09 0.34 0.52 0.75 0.97 1.14 1.16 1.14 1.16 0.86 0.53 0.16 0.00 0.00 0.00 0.00
0.00 0.00 0.00 0.00 0.00 0.00 0.00 0.00 0.15 0.54 0.83 1.20 1.55 1.83 1.86 1.83 1.85 1.37 0.85 0.26 0.00 0.00 0.00 0.00
0.00 0.00 0.00 0.00 0.00 0.00 0.00 0.00 0.15 0.54 0.83 1.20 1.55 1.83 1.86 1.83 1.85 1.37 0.85 0.26 0.00 0.00 0.00 0.00
0.00 0.00 0.00 0.00 0.00 0.00 0.00 0.00 0.50 2.12 3.29 4.86 6.33 8.47 8.76 8.45 11.32 8.66 5.43 1.43 0.00 0.00 0.00 0.00
0.00 0.00 0.00 0.00 0.00 0.00 0.00 0.00 0.23 0.97 1.44 2.14 2.80 3.63 3.66 3.55 4.81 3.68 2.24 0.67 0.00 0.00 0.00 0.00
0.00 0.00 0.00 0.00 0.00 0.00 0.00 0.00 0.30 1.25 1.85 2.76 3.60 4.66 4.71 4.56 6.19 4.73 2.88 0.86 0.00 0.00 0.00 0.00
0.00 0.00 0.00 0.00 0.00 0.00 0.00 0.00 0.20 0.83 1.24 1.84 2.40 3.11 3.14 3.04 4.12 3.15 1.92 0.57 0.00 0.00 0.00 0.00
0.00 0.00 0.00 0.00 0.00 0.00 0.00 0.00 0.20 0.83 1.24 1.84 2.40 3.11 3.14 3.04 4.12 3.15 1.92 0.57 0.00 0.00 0.00 0.00
0.00 0.00 0.00 0.00 0.00 0.00 0.00 0.00 1.64 8.28 14.41 22.39 29.68 29.40 30.54 29.52 37.26 28.18 16.66 4.15 0.00 0.00 0.00 0.00
0.00 0.00 0.00 0.00 0.00 0.00 0.00 0.00 1.56 6.33 10.41 15.35 19.80 26.85 27.44 25.90 33.14 25.50 15.53 4.64 0.00 0.00 0.00 0.00
0.00 0.00 0.00 0.00 0.00 0.00 0.00 0.00 1.59 6.86 12.42 18.00 22.88 29.05 29.42 28.23 22.72 17.35 10.94 3.42 0.00 0.00 0.00 0.00
0.00 0.00 0.00 0.00 0.00 0.00 0.00 0.00 1.61 55.34 117.16 179.19 227.77 259.83 276.25 267.47 227.90 177.06 113.88 38.20 0.00 0.00 0.00 0.00
0.00 0.00 0.00 0.00 0.00 0.00 0.00 0.00 1.54 52.64 111.44 170.44 216.66 247.16 262.77 254.42 216.78 168.43 108.32 36.34 0.00 0.00 0.00 0.00
0.00 0.00 0.00 0.00 0.00 0.00 0.00 0.00 2.95 101.23 214.32 327.78 416.66 475.31 505.33 489.27 416.89 323.90 208.31 69.89 0.00 0.00 0.00 0.00
0.00 0.00 0.00 0.00 0.00 0.00 0.00 0.00 2.90 99.54 210.74 322.32 409.71 467.39 496.91 481.12 409.95 318.50 204.84 68.72 0.00 0.00 0.00 0.00
0.00 0.00 0.00 0.00 0.00 0.00 0.00 0.00 6.96 104.75 180.15 276.43 359.15 360.64 366.38 347.01 391.00 297.68 188.47 67.95 0.00 0.00 0.00 0.00
0.00 0.00 0.00 0.00 0.00 0.00 0.00 0.00 0.09 0.34 0.52 0.75 0.97 1.14 1.16 1.14 1.16 0.86 0.53 0.16 0.00 0.00 0.00 0.00
0.00 0.00 0.00 0.00 0.00 0.00 0.00 0.00 0.46 1.71 2.62 3.79 4.90 5.79 5.88 5.78 5.86 4.34 2.68 0.82 0.00 0.00 0.00 0.00
0.00 0.00 0.00 0.00 0.00 0.00 0.00 0.00 2.37 8.75 13.37 19.36 25.00 29.55 30.02 29.52 29.89 22.18 13.67 4.20 0.00 0.00 0.00 0.00
0.00 0.00 0.00 0.00 0.00 0.00 0.00 0.00 0.11 3.78 8.00 12.24 15.56 17.74 18.87 18.27 15.56 12.09 7.78 2.61 0.00 0.00 0.00 0.00
0.00 0.00 0.00 0.00 0.00 0.00 0.00 0.00 6.90 84.48 172.60 260.26 333.80 373.44 387.14 371.05 305.80 236.09 146.65 50.93 0.00 0.00 0.00 0.00
0.00 0.00 0.00 0.00 0.00 0.00 0.00 0.00 0.53 3.51 6.68 10.03 13.54 22.13 23.06 22.49 23.53 18.43 12.14 3.47 0.00 0.00 0.00 0.00
0.00 0.00 0.00 0.00 0.00 0.00 0.00 0.00 3.13 19.52 34.15 51.18 65.63 138.93 144.07 137.67 162.55 122.98 76.47 22.41 0.00 0.00 0.00 0.00
0.00 0.00 0.00 0.00 0.00 0.00 0.00 0.00 0.12 1.41 2.88 4.34 5.56 6.22 6.45 6.18 5.10 3.93 2.44 0.85 0.00 0.00 0.00 0.00
0.00 0.00 0.00 0.00 0.00 0.00 0.00 0.00 5.18 63.36 129.45 195.19 250.35 280.08 290.36 278.29 229.35 177.07 109.99 38.20 0.00 0.00 0.00 0.00
0.00 0.00 0.00 0.00 0.00 0.00 0.00 0.00 6.65 81.31 166.13 250.50 321.28 359.44 372.62 357.13 294.33 227.24 141.15 49.02 0.00 0.00 0.00 0.00
0.00 0.00 0.00 0.00 0.00 0.00 0.00 0.00 9.17 138.14 237.57 364.55 473.63 475.59 483.16 457.62 515.64 392.56 248.55 89.60 0.00 0.00 0.00 0.00
0.00 0.00 0.00 0.00 0.00 0.00 0.00 0.00 0.28 1.24 2.09 3.12 4.06 5.12 5.26 5.11 6.59 4.99 3.09 1.05 0.00 0.00 0.00 0.00
0.00 0.00 0.00 0.00 0.00 0.00 0.00 0.00 0.36 1.62 2.68 3.92 5.13 6.62 6.77 6.56 8.65 6.57 4.05 1.33 0.00 0.00 0.00 0.00
0.00 0.00 0.00 0.00 0.00 0.00 0.00 0.00 2.20 14.49 27.56 41.37 55.84 91.29 95.11 92.77 97.06 76.04 50.07 14.33 0.00 0.00 0.00 0.00
0.00 0.00 0.00 0.00 0.00 0.00 0.00 0.00 0.00 95.38 215.59 331.46 435.28 498.29 513.56 493.34 445.48 356.98 230.34 83.82 0.00 0.00 0.00 0.00
0.00 0.00 0.00 0.00 0.00 0.00 0.00 0.00 0.13 0.51 0.88 1.31 1.68 2.13 2.20 2.10 2.39 1.81 1.13 0.34 0.00 0.00 0.00 0.00
0.00 0.00 0.00 0.00 0.00 0.00 0.00 0.00 2.39 20.91 37.18 56.65 72.62 69.82 71.72 68.65 71.37 54.15 34.08 11.79 0.00 0.00 0.00 0.00
0.00 0.00 0.00 0.00 0.00 0.00 0.00 0.00 0.00 6.66 14.52 21.93 28.74 32.54 33.04 32.31 28.65 22.23 14.63 5.31 0.08 0.00 0.00 0.00
0.00 0.00 0.00 0.00 0.00 0.00 0.00 0.00 0.77 2.59 2.77 4.04 5.02 5.30 5.25 4.85 6.37 4.84 3.05 0.77 0.00 0.00 0.00 0.00
0.00 0.00 0.00 0.00 0.00 0.00 0.00 0.00 0.38 1.30 1.38 2.02 2.51 2.65 2.63 2.42 3.18 2.42 1.53 0.38 0.00 0.00 0.00 0.00
0.00 0.00 0.00 0.00 0.00 0.00 0.00 0.00 0.84 2.84 3.03 4.42 5.49 5.80 5.74 5.30 6.96 5.29 3.34 0.84 0.00 0.00 0.00 0.00
0.00 0.00 0.00 0.00 0.00 0.00 0.00 0.00 1.05 3.56 5.58 8.23 9.99 8.00 7.95 7.47 7.61 5.80 3.63 0.99 0.00 0.00 0.00 0.00
0.00 0.00 0.00 0.00 0.00 0.00 0.00 0.00 1.59 5.43 8.50 12.54 15.23 12.19 12.12 11.38 11.59 8.84 5.53 1.50 0.00 0.00 0.00 0.00
0.00 0.00 0.00 0.00 0.00 0.00 0.00 0.00 1.33 4.73 6.19 9.00 10.88 9.79 9.85 9.35 11.48 8.81 5.51 1.47 0.00 0.00 0.00 0.00
0.00 0.00 0.00 0.00 0.00 0.00 0.00 0.00 0.23 1.16 2.04 2.98 3.72 12.69 13.17 12.61 12.77 9.69 5.91 1.56 0.00 0.00 0.00 0.00
0.00 0.00 0.00 0.00 0.00 0.00 0.00 0.00 0.61 3.00 5.26 7.71 9.62 32.79 34.02 32.56 32.99 25.02 15.27 4.03 0.00 0.00 0.00 0.00
0.00 0.00 0.00 0.00 0.00 0.00 0.00 0.00 0.27 1.41 1.93 2.87 3.73 6.69 6.88 6.50 8.47 6.41 3.99 1.12 0.00 0.00 0.00 0.00
0.00 0.00 0.00 0.00 0.00 0.00 0.00 0.00 0.69 2.48 4.53 6.65 8.34 9.32 9.60 9.21 9.55 7.26 4.57 1.42 0.00 0.00 0.00 0.00
0.00 0.00 0.00 0.00 0.00 0.00 0.00 0.00 2.23 7.98 14.88 21.27 26.17 24.83 25.19 23.97 17.24 13.06 8.03 2.35 0.00 0.00 0.00 0.00
0.00 0.00 0.00 0.00 0.00 0.00 0.00 0.00 0.33 0.96 1.76 2.52 3.09 3.10 3.08 2.93 1.99 1.48 0.91 0.22 0.00 0.00 0.00 0.00
0.00 0.00 0.00 0.00 0.00 0.00 0.00 0.00 0.75 2.40 4.64 6.79 8.71 10.97 11.07 10.49 10.37 7.77 4.84 1.20 0.00 0.00 0.00 0.00
0.00 0.00 0.00 0.00 0.00 0.00 0.00 0.00 0.71 2.16 4.04 5.79 7.25 9.32 9.18 8.66 7.56 5.60 3.45 0.77 0.00 0.00 0.00 0.00
0.00 0.00 0.00 0.00 0.00 0.00 0.00 0.00 0.98 2.98 5.58 8.00 10.00 12.86 12.67 11.95 10.43 7.73 4.76 1.06 0.00 0.00 0.00 0.00
0.00 0.00 0.00 0.00 0.00 0.00 0.00 0.00 0.67 2.03 3.80 5.45 6.81 8.76 8.63 8.14 7.10 5.26 3.24 0.72 0.00 0.00 0.00 0.00
0.00 0.00 0.00 0.00 0.00 0.00 0.00 0.00 0.40 1.28 2.48 3.62 4.64 5.85 5.91 5.60 5.53 4.14 2.58 0.64 0.00 0.00 0.00 0.00
0.00 0.00 0.00 0.00 0.00 0.00 0.00 0.00 0.74 2.16 3.89 5.60 6.89 7.83 7.91 7.30 6.02 4.43 2.73 0.58 0.00 0.00 0.00 0.00
0.00 0.00 0.00 0.00 0.00 0.00 0.00 0.00 0.26 0.97 1.48 2.15 2.77 3.27 3.33 3.27 3.31 2.46 1.52 0.47 0.00 0.00 0.00 0.00
0.00 0.00 0.00 0.00 0.00 0.00 0.00 0.00 2.14 10.78 18.75 29.14 38.63 38.26 39.75 38.43 48.49 36.67 21.68 5.40 0.00 0.00 0.00 0.00
0.00 0.00 0.00 0.00 0.00 0.00 0.00 0.00 0.56 2.40 3.73 5.51 7.17 9.59 9.93 9.58 12.83 9.81 6.15 1.62 0.00 0.00 0.00 0.00
0.00 0.00 0.00 0.00 0.00 0.00 0.00 0.00 0.76 2.92 4.73 7.06 9.31 10.60 10.61 10.19 14.56 11.06 7.00 2.28 0.00 0.00 0.00 0.00
0.00 0.00 0.00 0.00 0.00 0.00 0.00 0.00 0.35 1.34 2.17 3.24 4.27 4.86 4.86 4.67 6.67 5.07 3.21 1.04 0.00 0.00 0.00 0.00
0.00 0.00 0.00 0.00 0.00 0.00 0.00 0.00 0.70 2.99 4.76 7.04 9.07 12.25 12.73 12.21 16.26 12.49 7.94 2.06 0.00 0.00 0.00 0.00
0.00 0.00 0.00 0.00 0.00 0.00 0.00 0.00 0.32 1.25 2.13 3.18 4.08 5.17 5.34 5.09 5.79 4.41 2.73 0.82 0.00 0.00 0.00 0.00
0.00 0.00 0.00 0.00 0.00 0.00 0.00 0.00 2.28 15.01 28.53 42.83 57.82 94.51 98.47 96.05 100.49 78.73 51.84 14.83 0.00 0.00 0.00 0.00
0.00 0.00 0.00 0.00 0.00 0.00 0.00 0.00 0.75 4.67 8.17 12.24 15.70 33.22 34.45 32.92 38.87 29.41 18.29 5.36 0.00 0.00 0.00 0.00
0.00 0.00 0.00 0.00 0.00 0.00 0.00 0.00 0.32 2.02 2.88 4.37 5.62 6.81 7.01 6.80 8.44 6.30 3.93 1.16 0.00 0.00 0.00 0.00
0.00 0.00 0.00 0.00 0.00 0.00 0.00 0.00 0.48 2.94 5.49 8.19 10.43 10.65 10.98 10.59 8.83 6.69 4.20 1.43 0.00 0.00 0.00 0.00
0.00 0.00 0.00 0.00 0.00 0.00 0.00 0.00 0.77 4.71 8.78 13.11 16.68 17.05 17.57 16.94 14.13 10.71 6.72 2.29 0.00 0.00 0.00 0.00
0.00 0.00 0.00 0.00 0.00 0.00 0.00 0.00 3.00 102.92 217.89 333.24 423.60 483.23 513.75 497.43 423.84 329.29 211.78 71.05 0.00 0.00 0.00 0.00
