0.00 0.00 0.00 0.00 0.00 0.00 0.00 0.00 0.21 1.04 1.99 2.80 3.46 3.85 3.94 3.77 2.96 2.14 1.30 0.14 0.00 0.00 0.00 0.00
0.00 0.00 0.00 0.00 0.00 0.00 0.00 0.00 9.56 26.22 44.28 60.40 69.70 70.79 69.16 63.06 51.50 35.81 19.92 0.50 0.00 0.00 0.00 0.00
0.00 0.00 0.00 0.00 0.00 0.00 0.00 0.00 4.79 23.71 45.56 64.01 79.04 88.04 90.14 86.22 67.70 49.02 29.82 3.26 0.00 0.00 0.00 0.00
0.00 0.00 0.00 0.00 0.00 0.00 0.00 0.00 17.02 84.27 161.93 227.49 280.89 312.89 320.35 306.42 240.61 174.20 105.99 11.58 0.00 0.00 0.00 0.00
0.00 0.00 0.00 0.00 0.00 0.00 0.00 0.00 2.04 4.82 7.60 9.95 11.21 12.03 11.57 10.21 7.16 4.83 2.47 0.00 0.00 0.00 0.00 0.00
0.00 0.00 0.00 0.00 0.00 0.00 0.00 0.00 29.79 179.75 357.88 504.48 627.36 722.70 752.32 725.35 619.35 450.36 279.61 39.01 0.00 0.00 0.00 0.00
0.00 0.00 0.00 0.00 0.00 0.00 0.00 0.00 0.83 2.31 4.01 5.46 6.43 7.04 7.08 6.52 5.22 3.53 1.91 0.01 0.00 0.00 0.00 0.00
0.00 0.00 0.00 0.00 0.00 0.00 0.00 0.00 0.55 1.50 2.55 3.44 3.87 3.85 3.77 3.47 2.72 1.88 1.04 0.04 0.00 0.00 0.00 0.00
0.00 0.00 0.00 0.00 0.00 0.00 0.00 0.00 0.87 2.40 4.08 5.51 6.19 6.15 6.03 5.56 4.35 3.01 1.67 0.06 0.00 0.00 0.00 0.00
0.00 0.00 0.00 0.00 0.00 0.00 0.00 0.00 0.87 2.40 4.08 5.51 6.19 6.15 6.03 5.56 4.35 3.01 1.67 0.06 0.00 0.00 0.00 0.00
0.00 0.00 0.00 0.00 0.00 0.00 0.00 0.00 1.58 4.78 8.47 11.92 13.98 15.80 15.56 14.63 12.55 8.80 4.99 0.19 0.00 0.00 0.00 0.00
0.00 0.00 0.00 0.00 0.00 0.00 0.00 0.00 0.77 2.31 4.09 5.76 6.68 7.49 7.40 7.01 5.96 4.16 2.35 0.08 0.00 0.00 0.00 0.00
0.00 0.00 0.00 0.00 0.00 0.00 0.00 0.00 0.99 2.98 5.26 7.41 8.59 9.64 9.51 9.02 7.66 5.35 3.03 0.11 0.00 0.00 0.00 0.00
0.00 0.00 0.00 0.00 0.00 0.00 0.00 0.00 0.66 1.98 3.51 4.94 5.73 6.42 6.34 6.01 5.11 3.57 2.02 0.07 0.00 0.00 0.00 0.00
0.00 0.00 0.00 0.00 0.00 0.00 0.00 0.00 0.66 1.98 3.51 4.94 5.73 6.42 6.34 6.01 5.11 3.57 2.02 0.07 0.00 0.00 0.00 0.00
0.00 0.00 0.00 0.00 0.00 0.00 0.00 0.00 9.13 29.19 52.46 74.43 87.53 94.09 94.01 87.50 73.90 51.97 30.32 1.98 0.00 0.00 0.00 0.00
0.00 0.00 0.00 0.00 0.00 0.00 0.00 0.00 5.03 14.80 26.10 36.36 42.19 46.78 46.62 43.30 37.09 26.09 14.64 0.44 0.00 0.00 0.00 0.00
0.00 0.00 0.00 0.00 0.00 0.00 0.00 0.00 3.81 11.66 20.64 28.62 34.32 38.88 38.87 36.58 31.13 21.93 12.40 0.45 0.00 0.00 0.00 0.00
0.00 0.00 0.00 0.00 0.00 0.00 0.00 0.00 8.79 53.02 105.56 148.80 185.05 213.17 221.91 213.95 182.69 132.84 82.48 11.51 0.00 0.00 0.00 0.00
0.00 0.00 0.00 0.00 0.00 0.00 0.00 0.00 8.36 50.43 100.41 141.54 176.02 202.77 211.08 203.52 173.77 126.36 78.45 10.95 0.00 0.00 0.00 0.00
0.00 0.00 0.00 0.00 0.00 0.00 0.00 0.00 16.08 96.99 193.10 272.20 338.50 389.95 405.93 391.38 334.18 243.00 150.87 21.05 0.00 0.00 0.00 0.00
0.00 0.00 0.00 0.00 0.00 0.00 0.00 0.00 15.81 95.37 189.88 267.66 332.86 383.45 399.16 384.86 328.61 238.95 148.36 20.70 0.00 0.00 0.00 0.00
0.00 0.00 0.00 0.00 0.00 0.00 0.00 0.00 20.09 108.17 205.84 286.09 358.54 409.12 422.32 400.56 346.78 251.38 153.93 16.84 0.00 0.00 0.00 0.00
0.00 0.00 0.00 0.00 0.00 0.00 0.00 0.00 0.55 1.50 2.55 3.44 3.87 3.85 3.77 3.47 2.72 1.88 1.04 0.04 0.00 0.00 0.00 0.00
0.00 0.00 0.00 0.00 0.00 0.00 0.00 0.00 2.77 7.60 12.93 17.44 19.60 19.49 19.09 17.60 13.77 9.54 5.27 0.18 0.00 0.00 0.00 0.00
0.00 0.00 0.00 0.00 0.00 0.00 0.00 0.00 14.13 38.79 66.03 89.05 100.06 99.50 97.48 89.86 70.28 48.72 26.93 0.94 0.00 0.00 0.00 0.00
0.00 0.00 0.00 0.00 0.00 0.00 0.00 0.00 0.60 3.62 7.21 10.16 12.64 14.56 15.15 14.61 12.48 9.07 5.63 0.79 0.00 0.00 0.00 0.00
0.00 0.00 0.00 0.00 0.00 0.00 0.00 0.00 16.75 82.96 159.41 223.94 276.51 308.01 315.36 301.65 236.86 171.48 104.34 11.40 0.00 0.00 0.00 0.00
0.00 0.00 0.00 0.00 0.00 0.00 0.00 0.00 1.67 6.28 11.69 17.05 21.54 23.93 25.26 24.53 20.25 14.89 8.84 0.76 0.00 0.00 0.00 0.00
0.00 0.00 0.00 0.00 0.00 0.00 0.00 0.00 11.70 45.24 82.61 114.38 135.48 147.50 153.16 142.79 121.97 85.42 50.27 2.94 0.00 0.00 0.00 0.00
0.00 0.00 0.00 0.00 0.00 0.00 0.00 0.00 0.28 1.38 2.66 3.73 4.61 5.13 5.26 5.03 3.95 2.86 1.74 0.19 0.00 0.00 0.00 0.00
0.00 0.00 0.00 0.00 0.00 0.00 0.00 0.00 12.56 62.22 119.56 167.96 207.38 231.01 236.52 226.24 177.64 128.61 78.26 8.55 0.00 0.00 0.00 0.00
0.00 0.00 0.00 0.00 0.00 0.00 0.00 0.00 16.12 79.85 153.43 215.55 266.14 296.46 303.53 290.34 227.97 165.05 100.43 10.97 0.00 0.00 0.00 0.00
0.00 0.00 0.00 0.00 0.00 0.00 0.00 0.00 26.49 142.65 271.45 377.28 472.83 539.53 556.94 528.24 457.32 331.51 203.00 22.21 0.00 0.00 0.00 0.00
0.00 0.00 0.00 0.00 0.00 0.00 0.00 0.00 1.16 3.58 6.37 8.96 10.54 12.08 11.88 10.93 9.49 6.74 3.85 0.18 0.00 0.00 0.00 0.00
0.00 0.00 0.00 0.00 0.00 0.00 0.00 0.00 1.48 4.53 8.04 11.25 13.32 14.96 14.66 13.81 11.82 8.38 4.78 0.20 0.00 0.00 0.00 0.00
0.00 0.00 0.00 0.00 0.00 0.00 0.00 0.00 6.89 25.89 48.22 70.35 88.84 98.70 104.18 101.19 83.53 61.44 36.45 3.13 0.00 0.00 0.00 0.00
0.00 0.00 0.00 0.00 0.00 0.00 0.00 0.00 11.95 108.14 216.51 308.07 385.80 442.98 460.03 434.42 373.46 274.30 171.02 23.86 0.00 0.00 0.00 0.00
0.00 0.00 0.00 0.00 0.00 0.00 0.00 0.00 0.43 1.22 2.13 2.86 3.33 3.69 3.65 3.36 2.84 1.98 1.10 0.03 0.00 0.00 0.00 0.00
0.00 0.00 0.00 0.00 0.00 0.00 0.00 0.00 4.81 21.41 40.05 55.99 68.34 76.99 79.46 74.49 62.46 44.87 26.94 2.39 0.00 0.00 0.00 0.00
0.00 0.00 0.00 0.00 0.00 0.00 0.00 0.00 0.79 6.92 14.12 20.40 24.96 28.47 29.51 28.01 23.69 17.35 11.03 1.92 0.00 0.00 0.00 0.00
0.00 0.00 0.00 0.00 0.00 0.00 0.00 0.00 1.01 2.73 4.70 6.44 7.67 8.28 8.09 7.49 5.94 4.03 2.15 0.00 0.00 0.00 0.00 0.00
0.00 0.00 0.00 0.00 0.00 0.00 0.00 0.00 0.51 1.36 2.35 3.22 3.83 4.14 4.05 3.74 2.97 2.02 1.07 0.00 0.00 0.00 0.00 0.00
0.00 0.00 0.00 0.00 0.00 0.00 0.00 0.00 1.11 2.98 5.14 7.05 8.39 9.05 8.85 8.19 6.49 4.41 2.35 0.00 0.00 0.00 0.00 0.00
0.00 0.00 0.00 0.00 0.00 0.00 0.00 0.00 1.34 3.62 6.22 8.40 9.94 10.78 10.69 9.89 7.92 5.35 2.86 0.00 0.00 0.00 0.00 0.00
0.00 0.00 0.00 0.00 0.00 0.00 0.00 0.00 2.05 5.52 9.48 12.80 15.14 16.43 16.29 15.06 12.07 8.15 4.36 0.00 0.00 0.00 0.00 0.00
0.00 0.00 0.00 0.00 0.00 0.00 0.00 0.00 1.69 4.69 8.16 10.99 13.06 14.35 14.47 13.33 10.39 7.14 3.87 0.03 0.00 0.00 0.00 0.00
0.00 0.00 0.00 0.00 0.00 0.00 0.00 0.00 1.10 3.79 6.88 9.34 10.99 11.66 11.89 11.09 9.30 6.53 3.75 0.16 0.00 0.00 0.00 0.00
0.00 0.00 0.00 0.00 0.00 0.00 0.00 0.00 2.84 9.80 17.77 24.14 28.38 30.12 30.72 28.65 24.02 16.87 9.69 0.42 0.00 0.00 0.00 0.00
0.00 0.00 0.00 0.00 0.00 0.00 0.00 0.00 0.70 2.48 4.52 6.12 7.33 7.99 8.22 7.56 6.33 4.36 2.53 0.13 0.00 0.00 0.00 0.00
0.00 0.00 0.00 0.00 0.00 0.00 0.00 0.00 2.04 5.55 9.54 12.91 14.76 16.21 16.18 14.78 12.13 8.34 4.55 0.07 0.00 0.00 0.00 0.00
0.00 0.00 0.00 0.00 0.00 0.00 0.00 0.00 3.18 8.78 15.15 20.45 24.02 27.17 27.80 25.62 20.92 14.15 7.71 0.12 0.00 0.00 0.00 0.00
0.00 0.00 0.00 0.00 0.00 0.00 0.00 0.00 0.61 1.45 2.33 3.08 3.41 3.44 3.37 3.02 2.15 1.47 0.76 0.00 0.00 0.00 0.00 0.00
0.00 0.00 0.00 0.00 0.00 0.00 0.00 0.00 3.30 8.32 13.59 18.01 20.27 21.39 20.61 18.64 12.51 8.64 4.60 0.00 0.00 0.00 0.00 0.00
0.00 0.00 0.00 0.00 0.00 0.00 0.00 0.00 2.25 5.51 9.00 11.83 13.08 13.63 13.35 11.98 8.74 5.87 3.07 0.00 0.00 0.00 0.00 0.00
0.00 0.00 0.00 0.00 0.00 0.00 0.00 0.00 3.11 7.61 12.42 16.33 18.06 18.81 18.42 16.53 12.06 8.10 4.24 0.00 0.00 0.00 0.00 0.00
0.00 0.00 0.00 0.00 0.00 0.00 0.00 0.00 2.12 5.18 8.46 11.12 12.30 12.81 12.55 11.26 8.21 5.52 2.89 0.00 0.00 0.00 0.00 0.00
0.00 0.00 0.00 0.00 0.00 0.00 0.00 0.00 1.76 4.44 7.25 9.60 10.81 11.41 10.99 9.94 6.67 4.61 2.45 0.00 0.00 0.00 0.00 0.00
0.00 0.00 0.00 0.00 0.00 0.00 0.00 0.00 1.74 4.15 6.67 8.83 9.95 10.65 10.41 9.33 7.09 4.73 2.44 0.00 0.00 0.00 0.00 0.00
0.00 0.00 0.00 0.00 0.00 0.00 0.00 0.00 1.57 4.30 7.32 9.87 11.09 11.03 10.80 9.96 7.79 5.40 2.98 0.10 0.00 0.00 0.00 0.00
0.00 0.00 0.00 0.00 0.00 0.00 0.00 0.00 11.89 38.00 68.28 96.87 113.93 122.46 122.37 113.89 96.19 67.64 39.46 2.57 0.00 0.00 0.00 0.00
0.00 0.00 0.00 0.00 0.00 0.00 0.00 0.00 1.80 5.42 9.60 13.51 15.85 17.91 17.64 16.59 14.22 9.97 5.65 0.21 0.00 0.00 0.00 0.00
0.00 0.00 0.00 0.00 0.00 0.00 0.00 0.00 3.08 8.71 15.11 20.40 23.62 25.95 25.92 24.17 20.24 14.24 7.91 0.19 0.00 0.00 0.00 0.00
0.00 0.00 0.00 0.00 0.00 0.00 0.00 0.00 1.41 3.99 6.93 9.35 10.82 11.89 11.88 11.08 9.27 6.52 3.62 0.09 0.00 0.00 0.00 0.00
0.00 0.00 0.00 0.00 0.00 0.00 0.00 0.00 2.20 6.63 11.74 16.47 19.34 21.93 21.64 20.26 17.36 12.29 6.96 0.24 0.00 0.00 0.00 0.00
0.00 0.00 0.00 0.00 0.00 0.00 0.00 0.00 1.03 2.96 5.17 6.94 8.10 8.97 8.85 8.15 6.91 4.81 2.67 0.07 0.00 0.00 0.00 0.00
0.00 0.00 0.00 0.00 0.00 0.00 0.00 0.00 7.14 26.80 49.92 72.84 91.98 102.18 107.87 104.77 86.49 63.61 37.73 3.24 0.00 0.00 0.00 0.00
0.00 0.00 0.00 0.00 0.00 0.00 0.00 0.00 2.80 10.82 19.76 27.35 32.40 35.27 36.62 34.14 29.17 20.43 12.02 0.70 0.00 0.00 0.00 0.00
0.00 0.00 0.00 0.00 0.00 0.00 0.00 0.00 0.62 2.40 4.39 6.12 7.30 8.07 8.25 7.66 6.33 4.53 2.67 0.18 0.00 0.00 0.00 0.00
0.00 0.00 0.00 0.00 0.00 0.00 0.00 0.00 0.77 2.92 5.35 7.38 8.93 10.09 10.24 9.52 5.39 3.86 2.26 0.21 0.00 0.00 0.00 0.00
0.00 0.00 0.00 0.00 0.00 0.00 0.00 0.00 1.24 4.66 8.56 11.82 14.29 16.15 16.39 15.23 8.63 6.18 3.62 0.34 0.00 0.00 0.00 0.00
0.00 0.00 0.00 0.00 0.00 0.00 0.00 0.00 16.34 98.61 196.32 276.74 344.14 396.44 412.69 397.90 339.75 247.05 153.39 21.40 0.00 0.00 0.00 0.00
