0.00 0.00 0.00 0.00 0.00 0.00 0.00 0.00 0.83 1.73 2.81 3.73 4.38 4.88 4.92 4.77 4.34 3.60 2.55 1.29 0.50 0.00 0.00 0.00
0.00 0.00 0.00 0.00 0.00 0.00 0.00 0.59 15.52 29.73 49.71 62.88 73.06 68.61 68.22 63.88 55.22 43.04 29.40 14.09 2.58 0.00 0.00 0.00
0.00 0.00 0.00 0.00 0.00 0.00 0.00 0.00 19.00 39.62 64.29 85.34 100.22 111.51 112.42 109.04 99.31 82.21 58.39 29.57 11.39 0.00 0.00 0.00
0.00 0.00 0.00 0.00 0.00 0.00 0.00 0.00 67.51 140.82 228.47 303.29 356.19 396.30 399.54 387.53 352.96 292.16 207.50 105.08 40.49 0.00 0.00 0.00
0.00 0.00 0.00 0.00 0.00 0.00 0.00 0.68 3.42 5.98 7.83 9.86 11.17 6.95 6.80 6.29 7.48 5.81 3.77 1.68 0.18 0.00 0.00 0.00
0.00 0.00 0.00 0.00 0.00 0.00 0.00 0.00 128.31 282.29 473.59 634.29 762.87 847.83 881.42 881.16 828.23 682.39 478.29 253.38 100.70 0.00 0.00 0.00
0.00 0.00 0.00 0.00 0.00 0.00 0.00 0.18 1.05 1.89 3.08 3.98 4.61 6.02 5.95 5.60 5.06 3.93 2.62 1.46 0.37 0.00 0.00 0.00
0.00 0.00 0.00 0.00 0.00 0.00 0.00 0.05 0.80 1.51 2.66 3.43 3.97 4.63 4.50 4.28 3.24 2.54 1.72 0.72 0.14 0.00 0.00 0.00
0.00 0.00 0.00 0.00 0.00 0.00 0.00 0.09 1.28 2.42 4.25 5.49 6.36 7.40 7.19 6.85 5.18 4.07 2.76 1.15 0.23 0.00 0.00 0.00
0.00 0.00 0.00 0.00 0.00 0.00 0.00 0.09 1.28 2.42 4.25 5.49 6.36 7.40 7.19 6.85 5.18 4.07 2.76 1.15 0.23 0.00 0.00 0.00
0.00 0.00 0.00 0.00 0.00 0.00 0.00 0.10 2.68 5.16 7.39 9.81 11.39 12.75 12.74 12.05 14.37 11.33 7.38 3.70 0.93 0.00 0.00 0.00
0.00 0.00 0.00 0.00 0.00 0.00 0.00 0.05 1.27 2.45 3.47 4.61 5.34 5.99 5.98 5.62 6.67 5.28 3.43 1.76 0.44 0.00 0.00 0.00
0.00 0.00 0.00 0.00 0.00 0.00 0.00 0.06 1.64 3.15 4.46 5.93 6.87 7.71 7.69 7.23 8.57 6.79 4.41 2.26 0.56 0.00 0.00 0.00
0.00 0.00 0.00 0.00 0.00 0.00 0.00 0.04 1.09 2.10 2.97 3.95 4.58 5.14 5.13 4.82 5.71 4.53 2.94 1.51 0.37 0.00 0.00 0.00
0.00 0.00 0.00 0.00 0.00 0.00 0.00 0.04 1.09 2.10 2.97 3.95 4.58 5.14 5.13 4.82 5.71 4.53 2.94 1.51 0.37 0.00 0.00 0.00
0.00 0.00 0.00 0.00 0.00 0.00 0.00 0.00 17.47 36.27 51.64 68.14 79.40 105.18 104.66 98.59 80.46 62.79 42.25 16.59 3.92 0.00 0.00 0.00
0.00 0.00 0.00 0.00 0.00 0.00 0.00 0.43 6.97 13.26 21.77 28.94 33.66 38.29 38.25 35.60 41.54 32.75 21.66 10.81 2.66 0.00 0.00 0.00
0.00 0.00 0.00 0.00 0.00 0.00 0.00 0.36 6.15 11.72 20.96 27.87 32.06 39.45 39.30 36.98 38.02 30.16 19.97 8.78 2.36 0.00 0.00 0.00
0.00 0.00 0.00 0.00 0.00 0.00 0.00 0.00 37.85 83.26 139.69 187.09 225.02 250.08 259.99 259.91 244.30 201.28 141.08 74.74 29.70 0.00 0.00 0.00
0.00 0.00 0.00 0.00 0.00 0.00 0.00 0.00 36.00 79.20 132.88 177.97 214.04 237.88 247.31 247.23 232.38 191.46 134.20 71.09 28.25 0.00 0.00 0.00
0.00 0.00 0.00 0.00 0.00 0.00 0.00 0.00 69.23 152.31 255.54 342.24 411.62 457.46 475.59 475.45 446.88 368.19 258.07 136.71 54.34 0.00 0.00 0.00
0.00 0.00 0.00 0.00 0.00 0.00 0.00 0.00 68.08 149.77 251.28 336.54 404.76 449.84 467.66 467.52 439.44 362.06 253.77 134.44 53.43 0.00 0.00 0.00
0.00 0.00 0.00 0.00 0.00 0.00 0.00 0.00 88.24 183.11 293.57 395.25 475.20 530.27 546.45 526.28 483.87 388.04 273.77 142.01 57.03 0.00 0.00 0.00
0.00 0.00 0.00 0.00 0.00 0.00 0.00 0.05 0.80 1.51 2.66 3.43 3.97 4.63 4.50 4.28 3.24 2.54 1.72 0.72 0.14 0.00 0.00 0.00
0.00 0.00 0.00 0.00 0.00 0.00 0.00 0.28 4.07 7.68 13.46 17.39 20.13 23.43 22.78 21.68 16.41 12.89 8.73 3.65 0.73 0.00 0.00 0.00
0.00 0.00 0.00 0.00 0.00 0.00 0.00 1.42 20.77 39.18 68.72 88.80 102.79 119.64 116.29 110.70 83.78 65.78 44.56 18.62 3.71 0.00 0.00 0.00
0.00 0.00 0.00 0.00 0.00 0.00 0.00 0.00 2.58 5.69 9.54 12.78 15.37 17.08 17.76 17.75 16.68 13.75 9.63 5.10 2.03 0.00 0.00 0.00
0.00 0.00 0.00 0.00 0.00 0.00 0.00 0.00 66.46 138.63 224.91 298.56 350.63 390.13 393.31 381.49 347.46 287.60 204.27 103.44 39.86 0.00 0.00 0.00
0.00 0.00 0.00 0.00 0.00 0.00 0.00 0.00 4.37 9.03 15.94 21.63 25.71 30.40 30.15 28.45 27.36 21.90 14.92 7.07 2.22 0.00 0.00 0.00
0.00 0.00 0.00 0.00 0.00 0.00 0.00 1.33 38.06 73.33 115.40 154.91 182.73 198.51 200.55 190.89 171.13 138.81 97.58 46.97 16.73 0.00 0.00 0.00
0.00 0.00 0.00 0.00 0.00 0.00 0.00 0.00 1.11 2.31 3.75 4.98 5.84 6.50 6.56 6.36 5.79 4.79 3.40 1.72 0.66 0.00 0.00 0.00
0.00 0.00 0.00 0.00 0.00 0.00 0.00 0.00 49.85 103.97 168.68 223.92 262.98 292.60 294.99 286.11 260.59 215.70 153.20 77.58 29.89 0.00 0.00 0.00
0.00 0.00 0.00 0.00 0.00 0.00 0.00 0.00 63.97 133.43 216.48 287.37 337.49 375.50 378.56 367.18 334.43 276.82 196.61 99.56 38.36 0.00 0.00 0.00
0.00 0.00 0.00 0.00 0.00 0.00 0.00 0.00 116.37 241.47 387.14 521.24 626.67 699.29 720.63 694.04 638.10 511.73 361.03 187.27 75.20 0.00 0.00 0.00
0.00 0.00 0.00 0.00 0.00 0.00 0.00 0.01 1.98 3.88 5.92 7.91 9.18 10.26 10.23 9.56 9.67 7.38 5.03 2.74 0.70 0.00 0.00 0.00
0.00 0.00 0.00 0.00 0.00 0.00 0.00 0.02 2.35 4.58 7.05 9.39 10.92 12.54 12.52 11.71 12.21 9.36 6.29 3.43 0.87 0.00 0.00 0.00
0.00 0.00 0.00 0.00 0.00 0.00 0.00 0.00 18.03 37.26 65.76 89.23 106.04 125.41 124.37 117.34 112.88 90.35 61.55 29.14 9.15 0.00 0.00 0.00
0.00 0.00 0.00 0.00 0.00 0.00 0.00 0.00 87.16 181.69 287.85 391.99 474.47 523.87 531.90 500.76 475.14 386.99 275.63 157.54 71.40 0.00 0.00 0.00
0.00 0.00 0.00 0.00 0.00 0.00 0.00 0.04 0.49 0.93 1.73 2.29 2.63 3.20 3.21 3.01 3.12 2.39 1.62 0.78 0.18 0.00 0.00 0.00
0.00 0.00 0.00 0.00 0.00 0.00 0.00 0.00 17.84 36.01 56.78 76.00 91.02 99.84 101.33 97.44 86.69 69.50 49.41 24.67 9.20 0.00 0.00 0.00
0.00 0.00 0.00 0.00 0.00 0.00 0.00 0.00 4.02 9.51 16.59 22.90 27.50 30.97 31.71 30.93 29.41 23.31 16.91 9.49 3.96 0.00 0.00 0.00
0.00 0.00 0.00 0.00 0.00 0.00 0.00 0.25 1.29 2.28 3.56 4.61 5.31 6.80 6.78 6.40 4.52 3.55 2.33 1.58 0.38 0.00 0.00 0.00
0.00 0.00 0.00 0.00 0.00 0.00 0.00 0.12 0.64 1.14 1.78 2.30 2.66 3.40 3.39 3.20 2.26 1.77 1.17 0.79 0.19 0.00 0.00 0.00
0.00 0.00 0.00 0.00 0.00 0.00 0.00 0.27 1.41 2.49 3.89 5.04 5.81 7.44 7.42 7.00 4.94 3.88 2.55 1.73 0.42 0.00 0.00 0.00
0.00 0.00 0.00 0.00 0.00 0.00 0.00 0.31 1.69 3.00 4.56 5.86 6.83 8.56 8.41 7.96 6.68 5.18 3.40 1.82 0.43 0.00 0.00 0.00
0.00 0.00 0.00 0.00 0.00 0.00 0.00 0.47 2.57 4.57 6.94 8.94 10.41 13.04 12.82 12.13 10.18 7.89 5.19 2.77 0.66 0.00 0.00 0.00
0.00 0.00 0.00 0.00 0.00 0.00 0.00 0.37 2.21 3.97 6.16 7.89 9.18 11.41 11.22 10.62 10.57 8.28 5.58 3.00 0.76 0.00 0.00 0.00
0.00 0.00 0.00 0.00 0.00 0.00 0.00 0.28 2.78 5.18 8.24 11.09 13.05 15.14 15.34 14.72 13.56 10.79 7.40 3.57 1.20 0.00 0.00 0.00
0.00 0.00 0.00 0.00 0.00 0.00 0.00 0.72 7.18 13.38 21.28 28.64 33.71 39.10 39.63 38.02 35.04 27.87 19.11 9.23 3.11 0.00 0.00 0.00
0.00 0.00 0.00 0.00 0.00 0.00 0.00 0.14 2.13 4.04 6.21 8.35 9.88 10.30 10.27 9.67 8.66 6.88 4.83 2.33 0.78 0.00 0.00 0.00
0.00 0.00 0.00 0.00 0.00 0.00 0.00 0.31 2.56 4.71 8.02 10.46 12.00 15.13 15.09 13.90 12.55 9.70 6.37 2.20 0.48 0.00 0.00 0.00
0.00 0.00 0.00 0.00 0.00 0.00 0.00 0.59 4.14 7.52 10.57 13.88 16.06 21.29 21.51 20.19 18.36 14.25 9.39 4.44 1.05 0.00 0.00 0.00
0.00 0.00 0.00 0.00 0.00 0.00 0.00 0.18 0.89 1.57 2.08 2.61 2.94 2.71 2.62 2.44 2.44 1.89 1.23 0.52 0.06 0.00 0.00 0.00
0.00 0.00 0.00 0.00 0.00 0.00 0.00 0.65 4.46 8.06 12.60 15.82 17.67 17.73 17.12 16.09 13.46 10.45 6.92 3.68 0.58 0.00 0.00 0.00
0.00 0.00 0.00 0.00 0.00 0.00 0.00 0.57 3.34 5.94 8.34 10.45 11.66 11.31 10.77 10.26 10.17 7.87 5.24 2.50 0.34 0.00 0.00 0.00
0.00 0.00 0.00 0.00 0.00 0.00 0.00 0.79 4.60 8.19 11.50 14.43 16.09 15.61 14.87 14.16 14.04 10.86 7.22 3.45 0.47 0.00 0.00 0.00
0.00 0.00 0.00 0.00 0.00 0.00 0.00 0.54 3.14 5.58 7.84 9.83 10.96 10.63 10.13 9.64 9.56 7.40 4.92 2.35 0.32 0.00 0.00 0.00
0.00 0.00 0.00 0.00 0.00 0.00 0.00 0.35 2.38 4.30 6.72 8.44 9.43 9.46 9.13 8.58 7.18 5.57 3.69 1.96 0.31 0.00 0.00 0.00
0.00 0.00 0.00 0.00 0.00 0.00 0.00 0.55 2.92 5.14 6.24 7.84 8.87 6.97 6.88 6.43 7.66 5.97 3.86 1.68 0.19 0.00 0.00 0.00
0.00 0.00 0.00 0.00 0.00 0.00 0.00 0.16 2.30 4.34 7.62 9.84 11.39 13.26 12.89 12.27 9.28 7.29 4.94 2.06 0.41 0.00 0.00 0.00
0.00 0.00 0.00 0.00 0.00 0.00 0.00 0.00 22.74 47.20 67.21 88.69 103.34 136.90 136.23 128.33 104.73 81.73 54.99 21.59 5.11 0.00 0.00 0.00
0.00 0.00 0.00 0.00 0.00 0.00 0.00 0.11 3.04 5.84 8.38 11.12 12.91 14.45 14.44 13.66 16.28 12.84 8.36 4.19 1.06 0.00 0.00 0.00
0.00 0.00 0.00 0.00 0.00 0.00 0.00 0.26 3.26 6.14 11.70 15.47 18.08 23.38 23.33 21.66 20.63 15.87 10.54 5.65 1.28 0.00 0.00 0.00
0.00 0.00 0.00 0.00 0.00 0.00 0.00 0.12 1.49 2.81 5.36 7.09 8.29 10.72 10.69 9.93 9.45 7.27 4.83 2.59 0.59 0.00 0.00 0.00
0.00 0.00 0.00 0.00 0.00 0.00 0.00 0.15 3.65 7.01 10.31 13.65 15.88 17.62 17.59 16.64 19.61 15.44 10.09 5.09 1.29 0.00 0.00 0.00
0.00 0.00 0.00 0.00 0.00 0.00 0.00 0.10 1.19 2.25 4.21 5.56 6.40 7.77 7.79 7.32 7.59 5.81 3.94 1.89 0.45 0.00 0.00 0.00
0.00 0.00 0.00 0.00 0.00 0.00 0.00 0.00 18.67 38.58 68.08 92.39 109.79 129.84 128.76 121.49 116.87 93.55 63.73 30.17 9.48 0.00 0.00 0.00
0.00 0.00 0.00 0.00 0.00 0.00 0.00 0.32 9.10 17.53 27.60 37.04 43.70 47.47 47.96 45.65 40.92 33.19 23.33 11.23 4.00 0.00 0.00 0.00
0.00 0.00 0.00 0.00 0.00 0.00 0.00 0.04 2.05 3.99 6.17 8.22 9.90 10.76 10.67 10.12 8.98 7.26 5.11 2.47 0.87 0.00 0.00 0.00
0.00 0.00 0.00 0.00 0.00 0.00 0.00 0.02 2.54 4.97 7.87 10.37 12.01 12.96 13.13 12.65 11.24 9.11 6.37 3.00 1.03 0.00 0.00 0.00
0.00 0.00 0.00 0.00 0.00 0.00 0.00 0.03 4.07 7.95 12.60 16.60 19.22 20.73 21.00 20.24 17.98 14.57 10.19 4.81 1.64 0.00 0.00 0.00
0.00 0.00 0.00 0.00 0.00 0.00 0.00 0.00 70.38 154.85 259.79 347.95 418.48 465.09 483.51 483.37 454.33 374.33 262.37 138.99 55.24 0.00 0.00 0.00
