0.00 0.00 0.00 0.00 0.00 0.00 0.00 0.00 0.00 0.18 1.23 2.06 2.92 3.52 3.69 3.51 2.96 2.08 1.19 0.06 0.00 0.00 0.00 0.00
0.00 0.00 0.00 0.00 0.00 0.00 0.00 0.00 0.00 2.50 6.78 10.35 13.68 15.56 15.79 15.20 9.08 6.39 3.39 0.00 0.00 0.00 0.00 0.00
0.00 0.00 0.00 0.00 0.00 0.00 0.00 0.00 0.00 4.14 28.15 47.16 66.87 80.53 84.41 80.17 67.64 47.64 27.15 1.33 0.00 0.00 0.00 0.00
0.00 0.00 0.00 0.00 0.00 0.00 0.00 0.00 0.00 14.71 100.06 167.61 237.64 286.19 299.97 284.93 240.39 169.31 96.50 4.74 0.00 0.00 0.00 0.00
0.00 0.00 0.00 0.00 0.00 0.00 0.00 0.00 0.00 0.84 1.81 2.67 3.45 5.02 5.12 4.67 2.62 1.82 0.85 0.00 0.00 0.00 0.00 0.00
0.00 0.00 0.00 0.00 0.00 0.00 0.00 0.00 0.00 29.97 232.04 392.88 562.81 692.60 727.90 686.48 580.08 413.64 243.96 19.76 0.00 0.00 0.00 0.00
0.00 0.00 0.00 0.00 0.00 0.00 0.00 0.00 0.00 0.65 2.38 3.66 4.92 5.84 5.99 5.50 4.50 3.18 1.52 0.00 0.00 0.00 0.00 0.00
0.00 0.00 0.00 0.00 0.00 0.00 0.00 0.00 0.00 0.17 0.39 0.58 0.77 0.85 0.89 0.84 0.70 0.49 0.26 0.00 0.00 0.00 0.00 0.00
0.00 0.00 0.00 0.00 0.00 0.00 0.00 0.00 0.00 0.27 0.62 0.94 1.23 1.35 1.42 1.35 1.12 0.79 0.41 0.00 0.00 0.00 0.00 0.00
0.00 0.00 0.00 0.00 0.00 0.00 0.00 0.00 0.00 0.27 0.62 0.94 1.23 1.35 1.42 1.35 1.12 0.79 0.41 0.00 0.00 0.00 0.00 0.00
0.00 0.00 0.00 0.00 0.00 0.00 0.00 0.00 0.00 1.34 4.13 6.33 8.63 8.82 9.27 8.89 8.07 5.84 3.11 0.00 0.00 0.00 0.00 0.00
0.00 0.00 0.00 0.00 0.00 0.00 0.00 0.00 0.00 0.59 1.59 2.44 3.38 3.10 3.23 3.08 3.23 2.30 1.22 0.00 0.00 0.00 0.00 0.00
0.00 0.00 0.00 0.00 0.00 0.00 0.00 0.00 0.00 0.76 2.05 3.14 4.35 3.99 4.15 3.97 4.15 2.95 1.57 0.00 0.00 0.00 0.00 0.00
0.00 0.00 0.00 0.00 0.00 0.00 0.00 0.00 0.00 0.50 1.36 2.09 2.90 2.66 2.77 2.64 2.77 1.97 1.05 0.00 0.00 0.00 0.00 0.00
0.00 0.00 0.00 0.00 0.00 0.00 0.00 0.00 0.00 0.50 1.36 2.09 2.90 2.66 2.77 2.64 2.77 1.97 1.05 0.00 0.00 0.00 0.00 0.00
0.00 0.00 0.00 0.00 0.00 0.00 0.00 0.00 0.00 3.43 10.73 16.59 23.53 29.19 30.84 29.89 36.60 25.86 14.70 0.93 0.00 0.00 0.00 0.00
0.00 0.00 0.00 0.00 0.00 0.00 0.00 0.00 0.00 4.52 15.34 23.42 31.34 33.44 35.17 33.37 27.60 19.50 10.24 0.00 0.00 0.00 0.00 0.00
0.00 0.00 0.00 0.00 0.00 0.00 0.00 0.00 0.00 3.40 11.47 17.72 23.69 28.69 29.60 27.96 24.99 18.06 9.50 0.00 0.00 0.00 0.00 0.00
0.00 0.00 0.00 0.00 0.00 0.00 0.00 0.00 0.00 8.84 68.44 115.89 166.01 204.29 214.71 202.49 171.10 122.01 71.96 5.83 0.00 0.00 0.00 0.00
0.00 0.00 0.00 0.00 0.00 0.00 0.00 0.00 0.00 8.41 65.10 110.23 157.91 194.33 204.23 192.61 162.76 116.06 68.45 5.55 0.00 0.00 0.00 0.00
0.00 0.00 0.00 0.00 0.00 0.00 0.00 0.00 0.00 16.17 125.20 211.99 303.67 373.71 392.75 370.40 313.00 223.19 131.63 10.66 0.00 0.00 0.00 0.00
0.00 0.00 0.00 0.00 0.00 0.00 0.00 0.00 0.00 15.90 123.11 208.45 298.61 367.48 386.21 364.23 307.78 219.47 129.44 10.49 0.00 0.00 0.00 0.00
0.00 0.00 0.00 0.00 0.00 0.00 0.00 0.00 0.00 14.93 126.89 216.24 305.26 371.83 387.48 366.16 308.87 218.70 124.27 5.98 0.00 0.00 0.00 0.00
0.00 0.00 0.00 0.00 0.00 0.00 0.00 0.00 0.00 0.17 0.39 0.58 0.77 0.85 0.89 0.84 0.70 0.49 0.26 0.00 0.00 0.00 0.00 0.00
0.00 0.00 0.00 0.00 0.00 0.00 0.00 0.00 0.00 0.87 1.96 2.96 3.90 4.29 4.51 4.27 3.54 2.50 1.30 0.00 0.00 0.00 0.00 0.00
0.00 0.00 0.00 0.00 0.00 0.00 0.00 0.00 0.00 4.42 10.01 15.12 19.90 21.89 23.03 21.78 18.08 12.75 6.65 0.00 0.00 0.00 0.00 0.00
0.00 0.00 0.00 0.00 0.00 0.00 0.00 0.00 0.00 0.60 4.67 7.91 11.34 13.95 14.66 13.83 11.69 8.33 4.91 0.40 0.00 0.00 0.00 0.00
0.00 0.00 0.00 0.00 0.00 0.00 0.00 0.00 0.00 14.49 98.50 165.00 233.93 281.73 295.30 280.49 236.64 166.67 94.99 4.67 0.00 0.00 0.00 0.00
0.00 0.00 0.00 0.00 0.00 0.00 0.00 0.00 0.00 1.47 7.02 11.16 15.18 17.18 18.66 18.12 15.03 11.47 6.50 0.38 0.00 0.00 0.00 0.00
0.00 0.00 0.00 0.00 0.00 0.00 0.00 0.00 0.00 9.30 51.33 83.95 116.31 135.87 139.17 130.37 108.69 78.93 42.07 0.00 0.00 0.00 0.00 0.00
0.00 0.00 0.00 0.00 0.00 0.00 0.00 0.00 0.00 0.24 1.64 2.75 3.90 4.70 4.92 4.67 3.94 2.78 1.58 0.08 0.00 0.00 0.00 0.00
0.00 0.00 0.00 0.00 0.00 0.00 0.00 0.00 0.00 10.86 73.87 123.75 175.45 211.29 221.47 210.37 177.48 125.01 71.24 3.50 0.00 0.00 0.00 0.00
0.00 0.00 0.00 0.00 0.00 0.00 0.00 0.00 0.00 13.94 94.81 158.81 225.16 271.16 284.22 269.97 227.77 160.42 91.43 4.49 0.00 0.00 0.00 0.00
0.00 0.00 0.00 0.00 0.00 0.00 0.00 0.00 0.00 19.69 167.34 285.17 402.57 490.36 510.99 482.87 407.32 288.41 163.88 7.88 0.00 0.00 0.00 0.00
0.00 0.00 0.00 0.00 0.00 0.00 0.00 0.00 0.00 0.71 1.39 2.15 3.01 3.55 3.83 3.61 4.20 2.98 1.61 0.02 0.00 0.00 0.00 0.00
0.00 0.00 0.00 0.00 0.00 0.00 0.00 0.00 0.00 0.98 2.04 3.15 4.43 4.62 4.93 4.69 5.34 3.78 2.04 0.02 0.00 0.00 0.00 0.00
0.00 0.00 0.00 0.00 0.00 0.00 0.00 0.00 0.00 6.05 28.94 46.02 62.63 70.86 76.97 74.77 62.00 47.33 26.81 1.58 0.00 0.00 0.00 0.00
0.00 0.00 0.00 0.00 0.00 0.00 0.00 0.00 0.00 0.78 108.52 199.00 279.80 349.74 375.68 358.43 302.66 217.29 123.81 5.89 0.00 0.00 0.00 0.00
0.00 0.00 0.00 0.00 0.00 0.00 0.00 0.00 0.00 0.35 1.18 1.79 2.41 2.84 2.96 2.81 2.14 1.53 0.79 0.00 0.00 0.00 0.00 0.00
0.00 0.00 0.00 0.00 0.00 0.00 0.00 0.00 0.00 3.96 25.31 42.09 59.13 71.06 73.06 68.29 57.64 41.25 22.91 0.81 0.00 0.00 0.00 0.00
0.00 0.00 0.00 0.00 0.00 0.00 0.00 0.00 0.00 0.84 8.48 14.73 21.18 25.89 28.00 26.46 22.18 16.22 9.92 1.16 0.00 0.00 0.00 0.00
0.00 0.00 0.00 0.00 0.00 0.00 0.00 0.00 0.00 0.74 2.75 4.19 5.59 6.65 6.67 6.15 5.04 3.54 1.66 0.00 0.00 0.00 0.00 0.00
0.00 0.00 0.00 0.00 0.00 0.00 0.00 0.00 0.00 0.37 1.37 2.09 2.79 3.33 3.34 3.08 2.52 1.77 0.83 0.00 0.00 0.00 0.00 0.00
0.00 0.00 0.00 0.00 0.00 0.00 0.00 0.00 0.00 0.81 3.00 4.58 6.11 7.28 7.30 6.73 5.51 3.87 1.81 0.00 0.00 0.00 0.00 0.00
0.00 0.00 0.00 0.00 0.00 0.00 0.00 0.00 0.00 1.01 3.59 5.46 7.22 8.73 8.88 8.31 6.86 4.84 2.29 0.00 0.00 0.00 0.00 0.00
0.00 0.00 0.00 0.00 0.00 0.00 0.00 0.00 0.00 1.54 5.46 8.32 11.00 13.30 13.53 12.66 10.46 7.38 3.50 0.00 0.00 0.00 0.00 0.00
0.00 0.00 0.00 0.00 0.00 0.00 0.00 0.00 0.00 1.35 4.90 7.52 10.26 12.11 12.19 11.17 9.19 6.49 3.12 0.00 0.00 0.00 0.00 0.00
0.00 0.00 0.00 0.00 0.00 0.00 0.00 0.00 0.00 0.84 4.08 6.57 9.02 10.54 10.71 10.19 8.58 6.16 3.15 0.00 0.00 0.00 0.00 0.00
0.00 0.00 0.00 0.00 0.00 0.00 0.00 0.00 0.00 2.17 10.53 16.98 23.30 27.24 27.67 26.32 22.17 15.91 8.13 0.00 0.00 0.00 0.00 0.00
0.00 0.00 0.00 0.00 0.00 0.00 0.00 0.00 0.00 0.59 2.87 4.62 6.30 7.23 7.34 6.95 5.72 4.13 2.16 0.00 0.00 0.00 0.00 0.00
0.00 0.00 0.00 0.00 0.00 0.00 0.00 0.00 0.00 0.99 4.07 6.14 8.11 12.67 13.04 12.33 9.21 6.55 3.30 0.00 0.00 0.00 0.00 0.00
0.00 0.00 0.00 0.00 0.00 0.00 0.00 0.00 0.00 1.87 5.41 8.26 11.23 17.32 17.79 16.41 16.00 11.39 5.63 0.00 0.00 0.00 0.00 0.00
0.00 0.00 0.00 0.00 0.00 0.00 0.00 0.00 0.00 0.20 0.46 0.67 0.86 1.48 1.50 1.39 1.08 0.75 0.35 0.00 0.00 0.00 0.00 0.00
0.00 0.00 0.00 0.00 0.00 0.00 0.00 0.00 0.00 1.29 3.18 4.72 6.23 6.22 6.29 5.81 3.98 2.81 1.38 0.00 0.00 0.00 0.00 0.00
0.00 0.00 0.00 0.00 0.00 0.00 0.00 0.00 0.00 0.96 2.31 3.43 4.46 5.17 5.24 4.83 3.26 2.27 1.09 0.00 0.00 0.00 0.00 0.00
0.00 0.00 0.00 0.00 0.00 0.00 0.00 0.00 0.00 1.33 3.18 4.73 6.15 7.14 7.23 6.67 4.49 3.13 1.50 0.00 0.00 0.00 0.00 0.00
0.00 0.00 0.00 0.00 0.00 0.00 0.00 0.00 0.00 0.90 2.17 3.22 4.19 4.86 4.93 4.54 3.06 2.13 1.02 0.00 0.00 0.00 0.00 0.00
0.00 0.00 0.00 0.00 0.00 0.00 0.00 0.00 0.00 0.69 1.70 2.52 3.32 3.32 3.35 3.10 2.12 1.50 0.74 0.00 0.00 0.00 0.00 0.00
0.00 0.00 0.00 0.00 0.00 0.00 0.00 0.00 0.00 0.81 1.72 2.55 3.24 4.05 4.16 3.81 2.15 1.50 0.71 0.00 0.00 0.00 0.00 0.00
0.00 0.00 0.00 0.00 0.00 0.00 0.00 0.00 0.00 0.49 1.11 1.68 2.21 2.43 2.55 2.41 2.00 1.41 0.74 0.00 0.00 0.00 0.00 0.00
0.00 0.00 0.00 0.00 0.00 0.00 0.00 0.00 0.00 4.46 13.96 21.60 30.63 37.99 40.14 38.90 47.64 33.66 19.13 1.21 0.00 0.00 0.00 0.00
0.00 0.00 0.00 0.00 0.00 0.00 0.00 0.00 0.00 1.52 4.68 7.18 9.78 10.00 10.51 10.08 9.15 6.62 3.53 0.00 0.00 0.00 0.00 0.00
0.00 0.00 0.00 0.00 0.00 0.00 0.00 0.00 0.00 1.71 6.49 9.81 13.42 9.74 10.04 9.58 8.81 6.29 3.27 0.00 0.00 0.00 0.00 0.00
0.00 0.00 0.00 0.00 0.00 0.00 0.00 0.00 0.00 0.79 2.97 4.50 6.15 4.46 4.60 4.39 4.04 2.88 1.50 0.00 0.00 0.00 0.00 0.00
0.00 0.00 0.00 0.00 0.00 0.00 0.00 0.00 0.00 1.97 6.49 9.96 13.48 14.31 14.99 14.36 11.97 8.72 4.64 0.00 0.00 0.00 0.00 0.00
0.00 0.00 0.00 0.00 0.00 0.00 0.00 0.00 0.00 0.85 2.86 4.34 5.84 6.91 7.19 6.83 5.21 3.72 1.92 0.00 0.00 0.00 0.00 0.00
0.00 0.00 0.00 0.00 0.00 0.00 0.00 0.00 0.00 6.27 29.96 47.65 64.84 73.36 79.69 77.41 64.20 49.00 27.75 1.63 0.00 0.00 0.00 0.00
0.00 0.00 0.00 0.00 0.00 0.00 0.00 0.00 0.00 2.22 12.27 20.08 27.81 32.49 33.28 31.17 25.99 18.87 10.06 0.00 0.00 0.00 0.00 0.00
0.00 0.00 0.00 0.00 0.00 0.00 0.00 0.00 0.00 0.52 2.81 4.58 6.32 7.50 7.65 7.15 5.95 4.30 2.31 0.01 0.00 0.00 0.00 0.00
0.00 0.00 0.00 0.00 0.00 0.00 0.00 0.00 0.00 0.69 3.42 5.53 7.62 9.19 9.54 8.96 7.51 5.38 2.91 0.03 0.00 0.00 0.00 0.00
0.00 0.00 0.00 0.00 0.00 0.00 0.00 0.00 0.00 1.11 5.47 8.85 12.20 14.70 15.27 14.34 12.02 8.61 4.66 0.04 0.00 0.00 0.00 0.00
0.00 0.00 0.00 0.00 0.00 0.00 0.00 0.00 0.00 16.44 127.29 215.52 308.73 379.93 399.30 376.58 318.21 226.91 133.83 10.84 0.00 0.00 0.00 0.00
