0.00 0.00 0.00 0.00 0.00 0.00 0.00 0.00 0.29 1.13 2.00 2.80 3.47 4.18 4.27 4.02 3.39 2.49 1.45 0.24 0.00 0.00 0.00 0.00
0.00 0.00 0.00 0.00 0.00 0.00 0.00 0.00 10.37 26.51 41.87 54.33 65.92 49.66 48.28 44.50 45.68 32.24 18.33 1.54 0.00 0.00 0.00 0.00
0.00 0.00 0.00 0.00 0.00 0.00 0.00 0.00 6.55 25.75 45.74 64.07 79.46 95.62 97.62 91.95 77.56 57.00 33.11 5.55 0.00 0.00 0.00 0.00
0.00 0.00 0.00 0.00 0.00 0.00 0.00 0.00 23.27 91.50 162.57 227.69 282.39 339.82 346.94 326.78 275.65 202.56 117.66 19.71 0.00 0.00 0.00 0.00
0.00 0.00 0.00 0.00 0.00 0.00 0.00 0.00 2.29 5.12 7.64 9.81 11.33 9.86 9.53 8.62 6.76 4.68 2.57 0.09 0.00 0.00 0.00 0.00
0.00 0.00 0.00 0.00 0.00 0.00 0.00 0.00 44.49 202.02 390.65 551.00 682.79 763.38 779.57 752.82 643.58 475.24 279.95 56.10 0.00 0.00 0.00 0.00
0.00 0.00 0.00 0.00 0.00 0.00 0.00 0.00 1.10 2.77 4.61 6.12 7.31 7.50 7.53 6.91 4.85 3.43 1.92 0.13 0.00 0.00 0.00 0.00
0.00 0.00 0.00 0.00 0.00 0.00 0.00 0.00 0.68 1.73 2.18 2.92 3.43 3.50 3.44 3.18 2.62 1.88 1.04 0.10 0.00 0.00 0.00 0.00
0.00 0.00 0.00 0.00 0.00 0.00 0.00 0.00 1.09 2.77 3.49 4.67 5.48 5.61 5.50 5.10 4.20 3.00 1.66 0.16 0.00 0.00 0.00 0.00
0.00 0.00 0.00 0.00 0.00 0.00 0.00 0.00 1.09 2.77 3.49 4.67 5.48 5.61 5.50 5.10 4.20 3.00 1.66 0.16 0.00 0.00 0.00 0.00
0.00 0.00 0.00 0.00 0.00 0.00 0.00 0.00 2.22 6.09 8.38 11.37 13.82 14.05 14.15 13.11 10.19 7.17 3.96 0.36 0.00 0.00 0.00 0.00
0.00 0.00 0.00 0.00 0.00 0.00 0.00 0.00 1.05 2.87 3.73 5.12 6.23 6.34 6.29 5.81 4.82 3.39 1.86 0.17 0.00 0.00 0.00 0.00
0.00 0.00 0.00 0.00 0.00 0.00 0.00 0.00 1.35 3.69 4.80 6.58 8.01 8.15 8.09 7.47 6.20 4.36 2.39 0.22 0.00 0.00 0.00 0.00
0.00 0.00 0.00 0.00 0.00 0.00 0.00 0.00 0.90 2.46 3.20 4.39 5.34 5.44 5.39 4.98 4.13 2.91 1.59 0.15 0.00 0.00 0.00 0.00
0.00 0.00 0.00 0.00 0.00 0.00 0.00 0.00 0.90 2.46 3.20 4.39 5.34 5.44 5.39 4.98 4.13 2.91 1.59 0.15 0.00 0.00 0.00 0.00
0.00 0.00 0.00 0.00 0.00 0.00 0.00 0.00 11.72 34.26 59.32 79.96 95.43 86.22 86.15 80.14 61.08 44.05 24.19 5.15 0.00 0.00 0.00 0.00
0.00 0.00 0.00 0.00 0.00 0.00 0.00 0.00 6.80 18.21 27.28 36.74 44.45 37.75 38.04 35.15 28.89 20.28 11.22 1.38 0.00 0.00 0.00 0.00
0.00 0.00 0.00 0.00 0.00 0.00 0.00 0.00 5.41 14.90 25.56 34.26 41.01 42.79 42.27 39.50 28.68 20.68 11.71 1.60 0.00 0.00 0.00 0.00
0.00 0.00 0.00 0.00 0.00 0.00 0.00 0.00 13.12 59.59 115.23 162.53 201.40 225.17 229.94 222.06 189.83 140.18 82.57 16.55 0.00 0.00 0.00 0.00
0.00 0.00 0.00 0.00 0.00 0.00 0.00 0.00 12.48 56.68 109.61 154.60 191.57 214.19 218.73 211.22 180.57 133.34 78.55 15.74 0.00 0.00 0.00 0.00
0.00 0.00 0.00 0.00 0.00 0.00 0.00 0.00 24.00 109.00 210.78 297.30 368.41 411.89 420.63 406.20 347.26 256.42 151.05 30.27 0.00 0.00 0.00 0.00
0.00 0.00 0.00 0.00 0.00 0.00 0.00 0.00 23.60 107.18 207.27 292.35 362.27 405.03 413.62 399.43 341.47 252.15 148.53 29.76 0.00 0.00 0.00 0.00
0.00 0.00 0.00 0.00 0.00 0.00 0.00 0.00 24.94 102.81 126.79 178.04 223.74 439.71 448.08 419.19 359.01 265.54 155.01 26.26 0.00 0.00 0.00 0.00
0.00 0.00 0.00 0.00 0.00 0.00 0.00 0.00 0.68 1.73 2.18 2.92 3.43 3.50 3.44 3.18 2.62 1.88 1.04 0.10 0.00 0.00 0.00 0.00
0.00 0.00 0.00 0.00 0.00 0.00 0.00 0.00 3.46 8.78 11.06 14.78 17.37 17.75 17.43 16.14 13.30 9.51 5.26 0.50 0.00 0.00 0.00 0.00
0.00 0.00 0.00 0.00 0.00 0.00 0.00 0.00 17.65 44.84 56.47 75.45 88.66 90.62 88.99 82.38 67.88 48.57 26.88 2.55 0.00 0.00 0.00 0.00
0.00 0.00 0.00 0.00 0.00 0.00 0.00 0.00 0.90 4.07 7.87 11.10 13.75 15.38 15.70 15.16 12.96 9.57 5.64 1.13 0.00 0.00 0.00 0.00
0.00 0.00 0.00 0.00 0.00 0.00 0.00 0.00 22.90 90.08 160.03 224.14 277.99 334.52 341.54 321.69 271.35 199.40 115.83 19.40 0.00 0.00 0.00 0.00
0.00 0.00 0.00 0.00 0.00 0.00 0.00 0.00 2.68 8.77 15.38 21.32 26.30 29.00 28.86 26.63 19.03 13.67 8.17 1.27 0.00 0.00 0.00 0.00
0.00 0.00 0.00 0.00 0.00 0.00 0.00 0.00 15.23 49.40 88.88 122.83 149.59 161.90 165.22 152.78 108.11 79.64 44.99 6.99 0.00 0.00 0.00 0.00
0.00 0.00 0.00 0.00 0.00 0.00 0.00 0.00 0.38 1.50 2.67 3.74 4.63 5.58 5.69 5.36 4.52 3.32 1.93 0.32 0.00 0.00 0.00 0.00
0.00 0.00 0.00 0.00 0.00 0.00 0.00 0.00 17.18 67.56 120.02 168.10 208.49 250.89 256.15 241.27 203.51 149.55 86.87 14.55 0.00 0.00 0.00 0.00
0.00 0.00 0.00 0.00 0.00 0.00 0.00 0.00 22.05 86.70 154.03 215.73 267.57 321.98 328.73 309.63 261.18 191.92 111.48 18.67 0.00 0.00 0.00 0.00
0.00 0.00 0.00 0.00 0.00 0.00 0.00 0.00 32.90 135.58 167.20 234.79 295.06 579.87 590.90 552.80 473.44 350.18 204.42 34.63 0.00 0.00 0.00 0.00
0.00 0.00 0.00 0.00 0.00 0.00 0.00 0.00 1.59 4.45 6.92 9.45 11.52 10.39 10.37 9.56 7.00 4.99 2.76 0.44 0.00 0.00 0.00 0.00
0.00 0.00 0.00 0.00 0.00 0.00 0.00 0.00 2.00 5.59 8.29 11.35 13.83 12.63 12.58 11.55 8.71 6.20 3.41 0.54 0.00 0.00 0.00 0.00
0.00 0.00 0.00 0.00 0.00 0.00 0.00 0.00 11.05 36.16 63.43 87.96 108.49 119.62 119.04 109.83 78.49 56.39 33.71 5.25 0.00 0.00 0.00 0.00
0.00 0.00 0.00 0.00 0.00 0.00 0.00 0.00 16.71 89.26 215.36 301.05 377.29 430.02 442.35 414.87 330.44 247.81 148.69 31.51 0.00 0.00 0.00 0.00
0.00 0.00 0.00 0.00 0.00 0.00 0.00 0.00 0.55 1.43 2.40 3.27 3.95 3.19 3.20 2.92 2.41 1.71 0.95 0.11 0.00 0.00 0.00 0.00
0.00 0.00 0.00 0.00 0.00 0.00 0.00 0.00 6.56 23.78 39.53 54.93 67.48 74.02 74.71 70.18 62.66 45.61 25.86 4.40 0.00 0.00 0.00 0.00
0.00 0.00 0.00 0.00 0.00 0.00 0.00 0.00 1.22 7.07 14.00 20.12 25.16 28.17 28.56 26.63 22.72 16.92 10.42 2.26 0.00 0.00 0.00 0.00
0.00 0.00 0.00 0.00 0.00 0.00 0.00 0.00 1.33 3.27 5.31 6.93 8.24 8.50 8.57 7.90 5.20 3.62 2.02 0.13 0.00 0.00 0.00 0.00
0.00 0.00 0.00 0.00 0.00 0.00 0.00 0.00 0.67 1.63 2.66 3.47 4.12 4.25 4.28 3.95 2.60 1.81 1.01 0.07 0.00 0.00 0.00 0.00
0.00 0.00 0.00 0.00 0.00 0.00 0.00 0.00 1.46 3.58 5.81 7.58 9.01 9.29 9.37 8.64 5.69 3.96 2.21 0.14 0.00 0.00 0.00 0.00
0.00 0.00 0.00 0.00 0.00 0.00 0.00 0.00 1.74 4.28 7.09 9.29 10.96 11.33 11.25 10.52 6.44 4.53 2.53 0.16 0.00 0.00 0.00 0.00
0.00 0.00 0.00 0.00 0.00 0.00 0.00 0.00 2.65 6.53 10.81 14.16 16.70 17.27 17.14 16.02 9.81 6.91 3.86 0.25 0.00 0.00 0.00 0.00
0.00 0.00 0.00 0.00 0.00 0.00 0.00 0.00 2.22 5.59 9.30 12.37 14.67 15.10 15.09 13.96 9.66 6.83 3.83 0.28 0.00 0.00 0.00 0.00
0.00 0.00 0.00 0.00 0.00 0.00 0.00 0.00 1.39 4.12 7.31 9.94 12.14 12.78 12.94 12.19 7.52 5.33 2.96 0.41 0.00 0.00 0.00 0.00
0.00 0.00 0.00 0.00 0.00 0.00 0.00 0.00 3.58 10.64 18.89 25.67 31.36 33.00 33.43 31.50 19.43 13.78 7.66 1.07 0.00 0.00 0.00 0.00
0.00 0.00 0.00 0.00 0.00 0.00 0.00 0.00 0.93 2.83 4.89 6.76 8.25 8.71 8.69 8.02 5.72 4.13 2.31 0.32 0.00 0.00 0.00 0.00
0.00 0.00 0.00 0.00 0.00 0.00 0.00 0.00 2.63 6.59 10.58 14.31 16.97 12.53 12.58 11.35 11.51 8.02 4.42 0.40 0.00 0.00 0.00 0.00
0.00 0.00 0.00 0.00 0.00 0.00 0.00 0.00 4.12 10.40 17.37 23.17 27.89 27.65 27.43 25.14 15.49 10.98 6.07 0.55 0.00 0.00 0.00 0.00
0.00 0.00 0.00 0.00 0.00 0.00 0.00 0.00 0.72 1.62 2.23 2.83 3.27 3.03 2.97 2.71 2.31 1.58 0.87 0.03 0.00 0.00 0.00 0.00
0.00 0.00 0.00 0.00 0.00 0.00 0.00 0.00 3.50 8.27 11.74 15.34 18.23 18.55 18.11 16.50 17.51 12.04 6.66 0.32 0.00 0.00 0.00 0.00
0.00 0.00 0.00 0.00 0.00 0.00 0.00 0.00 2.62 6.01 7.31 9.44 10.94 9.22 9.01 8.34 9.25 6.45 3.55 0.17 0.00 0.00 0.00 0.00
0.00 0.00 0.00 0.00 0.00 0.00 0.00 0.00 3.61 8.30 10.09 13.03 15.09 12.73 12.44 11.51 12.76 8.90 4.89 0.23 0.00 0.00 0.00 0.00
0.00 0.00 0.00 0.00 0.00 0.00 0.00 0.00 2.46 5.65 6.87 8.88 10.28 8.67 8.47 7.84 8.69 6.06 3.33 0.16 0.00 0.00 0.00 0.00
0.00 0.00 0.00 0.00 0.00 0.00 0.00 0.00 1.87 4.41 6.26 8.18 9.72 9.89 9.66 8.80 9.34 6.42 3.55 0.17 0.00 0.00 0.00 0.00
0.00 0.00 0.00 0.00 0.00 0.00 0.00 0.00 1.92 4.31 6.02 7.87 9.15 8.06 7.85 7.13 6.81 4.72 2.59 0.08 0.00 0.00 0.00 0.00
0.00 0.00 0.00 0.00 0.00 0.00 0.00 0.00 1.96 4.97 6.26 8.36 9.83 10.04 9.86 9.13 7.52 5.38 2.98 0.28 0.00 0.00 0.00 0.00
0.00 0.00 0.00 0.00 0.00 0.00 0.00 0.00 15.26 44.59 77.22 104.07 124.21 112.22 112.14 104.31 79.50 57.33 31.48 6.70 0.00 0.00 0.00 0.00
0.00 0.00 0.00 0.00 0.00 0.00 0.00 0.00 2.51 6.90 9.49 12.89 15.67 15.93 16.03 14.85 11.55 8.12 4.49 0.41 0.00 0.00 0.00 0.00
0.00 0.00 0.00 0.00 0.00 0.00 0.00 0.00 4.05 10.52 14.26 19.40 23.18 20.30 20.09 18.49 15.53 10.77 6.01 0.79 0.00 0.00 0.00 0.00
0.00 0.00 0.00 0.00 0.00 0.00 0.00 0.00 1.86 4.82 6.54 8.89 10.62 9.31 9.21 8.48 7.12 4.94 2.75 0.36 0.00 0.00 0.00 0.00
0.00 0.00 0.00 0.00 0.00 0.00 0.00 0.00 3.10 8.49 11.77 15.91 19.33 19.23 19.46 18.01 14.36 10.13 5.62 0.54 0.00 0.00 0.00 0.00
0.00 0.00 0.00 0.00 0.00 0.00 0.00 0.00 1.33 3.47 5.83 7.95 9.59 7.74 7.76 7.10 5.84 4.14 2.30 0.28 0.00 0.00 0.00 0.00
0.00 0.00 0.00 0.00 0.00 0.00 0.00 0.00 11.44 37.44 65.67 91.07 112.33 123.84 123.25 113.72 81.27 58.39 34.90 5.44 0.00 0.00 0.00 0.00
0.00 0.00 0.00 0.00 0.00 0.00 0.00 0.00 3.64 11.81 21.25 29.37 35.77 38.71 39.51 36.54 25.85 19.04 10.76 1.67 0.00 0.00 0.00 0.00
0.00 0.00 0.00 0.00 0.00 0.00 0.00 0.00 0.83 2.71 4.79 6.56 7.99 8.68 8.85 8.31 6.10 4.41 2.53 0.36 0.00 0.00 0.00 0.00
0.00 0.00 0.00 0.00 0.00 0.00 0.00 0.00 1.06 3.41 6.05 8.41 10.36 11.43 11.30 10.41 8.45 6.03 3.45 0.47 0.00 0.00 0.00 0.00
0.00 0.00 0.00 0.00 0.00 0.00 0.00 0.00 1.70 5.45 9.68 13.45 16.57 18.29 18.08 16.65 13.52 9.65 5.52 0.75 0.00 0.00 0.00 0.00
0.00 0.00 0.00 0.00 0.00 0.00 0.00 0.00 24.40 110.82 214.30 302.26 374.55 418.76 427.64 412.97 353.04 260.70 153.57 30.77 0.00 0.00 0.00 0.00
