0.00 0.00 0.00 0.00 0.00 0.00 0.00 0.14 1.09 1.99 3.06 3.98 4.62 5.06 5.22 5.03 4.59 3.79 2.73 1.61 0.74 0.00 0.00 0.00
0.00 0.00 0.00 0.00 0.00 0.00 0.00 4.37 21.20 37.09 54.79 70.43 81.11 90.50 91.87 87.31 73.06 57.85 39.35 17.81 5.20 0.00 0.00 0.00
0.00 0.00 0.00 0.00 0.00 0.00 0.00 3.30 24.86 45.61 69.98 91.03 105.58 115.69 119.30 115.12 104.90 86.76 62.50 36.77 16.87 0.00 0.00 0.00
0.00 0.00 0.00 0.00 0.00 0.00 0.00 11.72 88.35 162.10 248.71 323.52 375.22 411.16 423.98 409.11 372.82 308.33 222.13 130.67 59.95 0.00 0.00 0.00
0.00 0.00 0.00 0.00 0.00 0.00 0.00 1.40 4.26 6.94 9.85 12.27 13.85 15.46 15.46 14.54 12.83 10.02 6.60 2.81 0.69 0.00 0.00 0.00
0.00 0.00 0.00 0.00 0.00 0.00 0.00 10.15 179.65 343.78 530.52 695.05 810.34 894.00 923.85 912.89 854.39 707.77 519.54 313.02 145.73 0.00 0.00 0.00
0.00 0.00 0.00 0.00 0.00 0.00 0.00 0.87 2.68 4.39 6.34 7.93 9.04 9.45 9.44 9.05 7.63 6.16 4.28 1.15 0.42 0.00 0.00 0.00
0.00 0.00 0.00 0.00 0.00 0.00 0.00 0.30 1.27 2.18 3.28 4.25 4.90 5.64 5.66 5.34 4.62 3.72 2.53 1.13 0.35 0.00 0.00 0.00
0.00 0.00 0.00 0.00 0.00 0.00 0.00 0.47 2.03 3.49 5.26 6.80 7.83 9.02 9.06 8.55 7.40 5.96 4.04 1.80 0.56 0.00 0.00 0.00
0.00 0.00 0.00 0.00 0.00 0.00 0.00 0.47 2.03 3.49 5.26 6.80 7.83 9.02 9.06 8.55 7.40 5.96 4.04 1.80 0.56 0.00 0.00 0.00
0.00 0.00 0.00 0.00 0.00 0.00 0.00 1.03 4.73 8.24 12.64 16.68 19.29 21.11 21.26 20.14 18.24 14.48 9.93 5.15 1.83 0.00 0.00 0.00
0.00 0.00 0.00 0.00 0.00 0.00 0.00 0.48 2.22 3.86 5.96 7.81 9.03 9.97 10.11 9.57 8.66 6.88 4.69 2.40 0.84 0.00 0.00 0.00
0.00 0.00 0.00 0.00 0.00 0.00 0.00 0.62 2.85 4.96 7.67 10.04 11.61 12.82 13.00 12.31 11.13 8.85 6.03 3.08 1.08 0.00 0.00 0.00
0.00 0.00 0.00 0.00 0.00 0.00 0.00 0.41 1.90 3.31 5.11 6.69 7.74 8.54 8.66 8.20 7.42 5.90 4.02 2.05 0.72 0.00 0.00 0.00
0.00 0.00 0.00 0.00 0.00 0.00 0.00 0.41 1.90 3.31 5.11 6.69 7.74 8.54 8.66 8.20 7.42 5.90 4.02 2.05 0.72 0.00 0.00 0.00
0.00 0.00 0.00 0.00 0.00 0.00 0.00 2.18 23.34 43.45 67.18 86.60 100.22 112.31 113.70 108.13 100.07 78.06 54.16 26.49 8.70 0.00 0.00 0.00
0.00 0.00 0.00 0.00 0.00 0.00 0.00 3.48 14.78 25.48 38.91 50.94 59.53 64.13 63.46 59.26 54.29 43.16 29.71 15.24 5.35 0.00 0.00 0.00
0.00 0.00 0.00 0.00 0.00 0.00 0.00 3.07 13.01 22.45 32.79 42.40 49.49 53.24 52.79 49.06 44.65 35.76 24.56 13.11 4.85 0.00 0.00 0.00
0.00 0.00 0.00 0.00 0.00 0.00 0.00 2.99 52.99 101.40 156.49 205.01 239.02 263.70 272.50 269.27 252.02 208.77 153.25 92.33 42.99 0.00 0.00 0.00
0.00 0.00 0.00 0.00 0.00 0.00 0.00 2.85 50.40 96.46 148.85 195.01 227.36 250.84 259.21 256.13 239.72 198.58 145.77 87.83 40.89 0.00 0.00 0.00
0.00 0.00 0.00 0.00 0.00 0.00 0.00 5.47 96.93 185.49 286.25 375.02 437.23 482.38 498.48 492.57 461.00 381.89 280.33 168.90 78.63 0.00 0.00 0.00
0.00 0.00 0.00 0.00 0.00 0.00 0.00 5.38 95.32 182.40 281.48 368.77 429.95 474.34 490.17 484.36 453.32 375.53 275.65 166.08 77.32 0.00 0.00 0.00
0.00 0.00 0.00 0.00 0.00 0.00 0.00 16.82 116.25 211.75 321.51 421.78 494.43 530.47 546.88 531.33 486.11 401.30 292.69 147.04 69.62 0.00 0.00 0.00
0.00 0.00 0.00 0.00 0.00 0.00 0.00 0.30 1.27 2.18 3.28 4.25 4.90 5.64 5.66 5.34 4.62 3.72 2.53 1.13 0.35 0.00 0.00 0.00
0.00 0.00 0.00 0.00 0.00 0.00 0.00 1.50 6.44 11.06 16.64 21.54 24.81 28.57 28.69 27.08 23.42 18.87 12.80 5.71 1.77 0.00 0.00 0.00
0.00 0.00 0.00 0.00 0.00 0.00 0.00 7.67 32.88 56.49 84.97 109.99 126.65 145.86 146.45 138.24 119.57 96.32 65.33 29.14 9.02 0.00 0.00 0.00
0.00 0.00 0.00 0.00 0.00 0.00 0.00 0.20 3.62 6.93 10.69 14.00 16.32 18.01 18.61 18.39 17.21 14.26 10.47 6.31 2.94 0.00 0.00 0.00
0.00 0.00 0.00 0.00 0.00 0.00 0.00 11.54 86.97 159.57 244.83 318.48 369.37 404.76 417.37 402.74 367.01 303.52 218.66 128.64 59.02 0.00 0.00 0.00
0.00 0.00 0.00 0.00 0.00 0.00 0.00 0.81 6.39 11.74 18.34 24.90 29.79 32.59 32.60 31.03 28.45 23.09 16.09 9.07 3.63 0.00 0.00 0.00
0.00 0.00 0.00 0.00 0.00 0.00 0.00 11.41 48.66 84.29 128.29 165.56 191.73 200.80 203.64 192.16 143.91 118.84 85.76 57.77 25.58 0.00 0.00 0.00
0.00 0.00 0.00 0.00 0.00 0.00 0.00 0.19 1.45 2.66 4.08 5.31 6.16 6.75 6.96 6.71 6.12 5.06 3.64 2.14 0.98 0.00 0.00 0.00
0.00 0.00 0.00 0.00 0.00 0.00 0.00 8.65 65.23 119.68 183.62 238.86 277.03 303.57 313.03 302.05 275.25 227.64 164.00 96.48 44.26 0.00 0.00 0.00
0.00 0.00 0.00 0.00 0.00 0.00 0.00 11.11 83.71 153.59 235.65 306.54 355.52 389.58 401.72 387.63 353.24 292.14 210.46 123.81 56.81 0.00 0.00 0.00
0.00 0.00 0.00 0.00 0.00 0.00 0.00 22.18 153.31 279.25 423.99 556.23 652.03 699.56 721.20 700.69 641.06 529.21 385.98 193.91 91.81 0.00 0.00 0.00
0.00 0.00 0.00 0.00 0.00 0.00 0.00 0.65 3.38 5.96 9.21 12.00 14.09 15.72 15.78 14.69 13.61 10.89 7.48 3.85 1.37 0.00 0.00 0.00
0.00 0.00 0.00 0.00 0.00 0.00 0.00 0.83 4.24 7.45 11.68 15.26 17.72 19.64 19.72 18.48 16.96 13.54 9.35 4.81 1.70 0.00 0.00 0.00
0.00 0.00 0.00 0.00 0.00 0.00 0.00 3.35 26.35 48.45 75.64 102.70 122.89 134.43 134.48 127.98 117.37 95.25 66.37 37.42 14.98 0.00 0.00 0.00
0.00 0.00 0.00 0.00 0.00 0.00 0.00 18.49 116.29 211.81 314.56 421.67 505.86 550.41 563.75 540.52 450.10 374.34 272.76 141.78 73.50 4.29 0.00 0.00
0.00 0.00 0.00 0.00 0.00 0.00 0.00 0.31 1.22 2.08 3.07 4.02 4.67 5.10 5.06 4.69 4.26 3.39 2.34 1.17 0.40 0.00 0.00 0.00
0.00 0.00 0.00 0.00 0.00 0.00 0.00 4.09 23.20 41.56 62.73 82.03 94.63 100.93 102.79 98.22 89.67 74.24 53.13 26.87 12.18 0.00 0.00 0.00
0.00 0.00 0.00 0.00 0.00 0.00 0.00 0.00 5.85 11.80 18.52 24.93 29.48 32.19 32.93 31.84 29.12 24.15 17.72 10.99 5.26 0.00 0.00 0.00
0.00 0.00 0.00 0.00 0.00 0.00 0.00 1.05 3.10 5.04 7.26 9.14 10.31 10.92 10.79 10.29 8.94 7.09 4.97 1.65 0.59 0.00 0.00 0.00
0.00 0.00 0.00 0.00 0.00 0.00 0.00 0.52 1.55 2.52 3.63 4.57 5.15 5.46 5.39 5.15 4.47 3.55 2.49 0.82 0.30 0.00 0.00 0.00
0.00 0.00 0.00 0.00 0.00 0.00 0.00 1.15 3.40 5.51 7.94 10.00 11.27 11.95 11.80 11.26 9.77 7.76 5.44 1.80 0.65 0.00 0.00 0.00
0.00 0.00 0.00 0.00 0.00 0.00 0.00 1.37 4.15 6.77 9.67 12.19 13.84 14.46 14.22 13.56 12.29 9.90 6.86 2.36 0.84 0.00 0.00 0.00
0.00 0.00 0.00 0.00 0.00 0.00 0.00 2.08 6.32 10.31 14.74 18.58 21.10 22.03 21.67 20.66 18.73 15.08 10.45 3.59 1.27 0.00 0.00 0.00
0.00 0.00 0.00 0.00 0.00 0.00 0.00 1.76 5.50 9.03 12.99 16.12 18.44 19.32 19.36 18.39 15.82 12.59 8.87 2.22 0.81 0.00 0.00 0.00
0.00 0.00 0.00 0.00 0.00 0.00 0.00 1.14 4.08 6.89 10.25 13.38 15.50 16.33 16.31 15.59 13.82 11.18 7.95 4.52 1.95 0.00 0.00 0.00
0.00 0.00 0.00 0.00 0.00 0.00 0.00 2.94 10.55 17.80 26.49 34.57 40.04 42.19 42.14 40.27 35.70 28.88 20.55 11.66 5.03 0.00 0.00 0.00
0.00 0.00 0.00 0.00 0.00 0.00 0.00 0.69 2.74 4.68 7.08 9.15 10.60 11.13 11.04 10.42 8.67 7.00 5.00 3.13 1.34 0.00 0.00 0.00
0.00 0.00 0.00 0.00 0.00 0.00 0.00 1.52 5.50 9.25 13.76 17.73 20.32 22.25 22.10 20.65 19.00 15.31 10.57 5.04 1.67 0.00 0.00 0.00
0.00 0.00 0.00 0.00 0.00 0.00 0.00 2.90 9.80 16.29 23.68 30.13 34.45 36.45 36.81 34.48 31.55 24.95 17.09 8.35 2.91 0.00 0.00 0.00
0.00 0.00 0.00 0.00 0.00 0.00 0.00 0.45 1.36 2.20 3.16 3.90 4.33 4.90 4.84 4.49 4.07 3.20 2.18 0.96 0.25 0.00 0.00 0.00
0.00 0.00 0.00 0.00 0.00 0.00 0.00 2.08 7.19 11.95 17.53 22.14 24.89 28.56 28.11 26.44 23.26 18.73 12.84 5.77 1.62 0.00 0.00 0.00
0.00 0.00 0.00 0.00 0.00 0.00 0.00 1.54 5.00 8.22 11.87 14.82 16.53 18.98 18.53 17.78 15.54 12.41 8.46 3.76 1.01 0.00 0.00 0.00
0.00 0.00 0.00 0.00 0.00 0.00 0.00 2.13 6.90 11.34 16.38 20.46 22.81 26.19 25.57 24.53 21.45 17.13 11.67 5.20 1.39 0.00 0.00 0.00
0.00 0.00 0.00 0.00 0.00 0.00 0.00 1.45 4.70 7.73 11.16 13.93 15.54 17.84 17.42 16.71 14.61 11.67 7.95 3.54 0.94 0.00 0.00 0.00
0.00 0.00 0.00 0.00 0.00 0.00 0.00 1.11 3.83 6.37 9.35 11.81 13.27 15.23 14.99 14.10 12.40 9.99 6.85 3.08 0.87 0.00 0.00 0.00
0.00 0.00 0.00 0.00 0.00 0.00 0.00 1.19 3.71 6.07 8.81 10.98 12.34 14.21 14.27 13.55 11.69 9.21 6.09 2.64 0.66 0.00 0.00 0.00
0.00 0.00 0.00 0.00 0.00 0.00 0.00 0.85 3.64 6.26 9.42 12.19 14.04 16.16 16.23 15.32 13.25 10.67 7.24 3.23 1.00 0.00 0.00 0.00
0.00 0.00 0.00 0.00 0.00 0.00 0.00 2.84 30.38 56.55 87.44 112.72 130.45 146.18 147.99 140.74 130.25 101.60 70.49 34.48 11.33 0.00 0.00 0.00
0.00 0.00 0.00 0.00 0.00 0.00 0.00 1.16 5.36 9.34 14.32 18.90 21.86 23.92 24.10 22.83 20.67 16.41 11.26 5.84 2.07 0.00 0.00 0.00
0.00 0.00 0.00 0.00 0.00 0.00 0.00 2.06 8.38 14.28 21.23 27.51 32.00 35.63 35.31 33.04 30.20 23.68 16.20 7.88 2.65 0.00 0.00 0.00
0.00 0.00 0.00 0.00 0.00 0.00 0.00 0.95 3.84 6.54 9.73 12.61 14.67 16.33 16.18 15.14 13.84 10.85 7.43 3.61 1.21 0.00 0.00 0.00
0.00 0.00 0.00 0.00 0.00 0.00 0.00 1.48 6.73 11.72 17.79 23.45 27.18 29.51 29.68 28.04 25.43 20.21 13.85 7.22 2.57 0.00 0.00 0.00
0.00 0.00 0.00 0.00 0.00 0.00 0.00 0.74 2.95 5.04 7.47 9.76 11.34 12.39 12.30 11.38 10.36 8.23 5.67 2.85 0.98 0.00 0.00 0.00
0.00 0.00 0.00 0.00 0.00 0.00 0.00 3.47 27.28 50.16 78.31 106.33 127.23 139.18 139.23 132.50 121.52 98.61 68.72 38.74 15.51 0.00 0.00 0.00
0.00 0.00 0.00 0.00 0.00 0.00 0.00 2.73 11.64 20.16 30.68 39.59 45.85 48.02 48.70 45.95 34.41 28.42 20.51 13.82 6.12 0.00 0.00 0.00
0.00 0.00 0.00 0.00 0.00 0.00 0.00 0.58 2.62 4.57 6.93 8.93 10.37 10.93 11.01 10.37 7.72 6.28 4.53 2.93 1.29 0.00 0.00 0.00
0.00 0.00 0.00 0.00 0.00 0.00 0.00 0.71 3.37 5.91 8.71 11.23 12.93 13.63 13.61 12.98 11.87 9.79 7.08 4.24 1.82 0.00 0.00 0.00
0.00 0.00 0.00 0.00 0.00 0.00 0.00 1.13 5.38 9.45 13.93 17.97 20.69 21.80 21.78 20.76 18.99 15.67 11.33 6.78 2.92 0.00 0.00 0.00
0.00 0.00 0.00 0.00 0.00 0.00 0.00 5.57 98.55 188.58 291.02 381.27 444.52 490.42 506.79 500.78 468.69 388.26 285.00 171.71 79.94 0.00 0.00 0.00
