0.00 0.00 0.00 0.00 0.00 0.00 0.00 0.00 0.75 1.75 2.85 3.95 4.78 5.29 5.32 5.09 4.43 3.49 2.34 1.01 0.18 0.00 0.00 0.00
0.00 0.00 0.00 0.00 0.00 0.00 0.00 0.00 14.34 29.10 45.40 61.25 74.01 79.84 79.65 74.36 61.91 47.62 29.85 9.42 0.00 0.00 0.00 0.00
0.00 0.00 0.00 0.00 0.00 0.00 0.00 0.00 17.07 39.94 65.15 90.37 109.27 120.88 121.60 116.40 101.37 79.81 53.47 23.10 4.18 0.00 0.00 0.00
0.00 0.00 0.00 0.00 0.00 0.00 0.00 0.00 60.67 141.96 231.53 321.19 388.33 429.61 432.17 413.66 360.28 283.64 190.02 82.09 14.84 0.00 0.00 0.00
0.00 0.00 0.00 0.00 0.00 0.00 0.00 0.28 3.12 5.75 8.71 11.49 13.14 13.54 13.36 12.55 10.62 8.00 4.85 1.33 0.00 0.00 0.00 0.00
0.00 0.00 0.00 0.00 0.00 0.00 0.00 0.00 122.10 305.41 530.65 738.61 892.34 973.74 987.73 932.10 807.40 639.51 442.09 197.76 41.26 0.00 0.00 0.00
0.00 0.00 0.00 0.00 0.00 0.00 0.00 0.05 2.00 3.83 5.80 7.85 9.07 9.81 9.72 9.16 7.78 5.80 3.65 1.24 0.00 0.00 0.00 0.00
0.00 0.00 0.00 0.00 0.00 0.00 0.00 0.00 0.85 1.71 2.63 3.59 4.24 4.63 4.73 4.44 3.86 3.02 1.91 0.62 0.00 0.00 0.00 0.00
0.00 0.00 0.00 0.00 0.00 0.00 0.00 0.00 1.37 2.73 4.20 5.74 6.79 7.41 7.57 7.11 6.17 4.83 3.05 0.99 0.00 0.00 0.00 0.00
0.00 0.00 0.00 0.00 0.00 0.00 0.00 0.00 1.37 2.73 4.20 5.74 6.79 7.41 7.57 7.11 6.17 4.83 3.05 0.99 0.00 0.00 0.00 0.00
0.00 0.00 0.00 0.00 0.00 0.00 0.00 0.00 3.15 6.53 10.77 14.84 18.00 19.53 19.60 18.84 16.59 12.75 8.29 2.96 0.00 0.00 0.00 0.00
0.00 0.00 0.00 0.00 0.00 0.00 0.00 0.00 1.51 3.11 5.15 6.98 8.40 9.12 9.17 8.86 7.79 6.01 3.80 1.34 0.00 0.00 0.00 0.00
0.00 0.00 0.00 0.00 0.00 0.00 0.00 0.00 1.94 4.00 6.62 8.97 10.80 11.72 11.79 11.39 10.01 7.73 4.89 1.72 0.00 0.00 0.00 0.00
0.00 0.00 0.00 0.00 0.00 0.00 0.00 0.00 1.29 2.67 4.41 5.98 7.20 7.82 7.86 7.59 6.67 5.15 3.26 1.15 0.00 0.00 0.00 0.00
0.00 0.00 0.00 0.00 0.00 0.00 0.00 0.00 1.29 2.67 4.41 5.98 7.20 7.82 7.86 7.59 6.67 5.15 3.26 1.15 0.00 0.00 0.00 0.00
0.00 0.00 0.00 0.00 0.00 0.00 0.00 0.00 14.46 32.13 55.34 76.85 94.33 106.38 110.17 105.57 89.43 69.29 43.68 15.57 0.00 0.00 0.00 0.00
0.00 0.00 0.00 0.00 0.00 0.00 0.00 0.00 10.02 20.46 32.83 45.82 55.52 59.98 58.95 55.96 49.97 38.38 24.98 8.78 0.00 0.00 0.00 0.00
0.00 0.00 0.00 0.00 0.00 0.00 0.00 0.00 8.92 18.30 29.37 39.32 47.50 50.63 50.75 48.62 42.59 32.83 21.28 7.62 0.00 0.00 0.00 0.00
0.00 0.00 0.00 0.00 0.00 0.00 0.00 0.00 36.02 90.09 156.52 217.86 263.21 287.22 291.34 274.93 238.16 188.63 130.40 58.33 12.17 0.00 0.00 0.00
0.00 0.00 0.00 0.00 0.00 0.00 0.00 0.00 34.26 85.69 148.89 207.24 250.37 273.21 277.13 261.52 226.54 179.43 124.04 55.49 11.58 0.00 0.00 0.00
0.00 0.00 0.00 0.00 0.00 0.00 0.00 0.00 65.88 164.79 286.32 398.53 481.48 525.40 532.95 502.93 435.65 345.06 238.54 106.70 22.26 0.00 0.00 0.00
0.00 0.00 0.00 0.00 0.00 0.00 0.00 0.00 64.78 162.04 281.55 391.89 473.45 516.64 524.07 494.55 428.39 339.31 234.56 104.92 21.89 0.00 0.00 0.00
0.00 0.00 0.00 0.00 0.00 0.00 0.00 0.00 83.62 196.04 318.33 433.76 515.54 562.70 563.67 533.32 467.57 366.81 248.68 109.04 22.08 0.00 0.00 0.00
0.00 0.00 0.00 0.00 0.00 0.00 0.00 0.00 0.85 1.71 2.63 3.59 4.24 4.63 4.73 4.44 3.86 3.02 1.91 0.62 0.00 0.00 0.00 0.00
0.00 0.00 0.00 0.00 0.00 0.00 0.00 0.00 4.33 8.66 13.30 18.17 21.50 23.45 23.97 22.52 19.55 15.31 9.65 3.12 0.00 0.00 0.00 0.00
0.00 0.00 0.00 0.00 0.00 0.00 0.00 0.00 22.09 44.20 67.92 92.76 109.78 119.74 122.36 114.96 99.83 78.14 49.28 15.95 0.00 0.00 0.00 0.00
0.00 0.00 0.00 0.00 0.00 0.00 0.00 0.00 2.46 6.15 10.69 14.88 17.98 19.61 19.90 18.78 16.26 12.88 8.91 3.98 0.83 0.00 0.00 0.00
0.00 0.00 0.00 0.00 0.00 0.00 0.00 0.00 59.72 139.74 227.92 316.18 382.28 422.92 425.44 407.21 354.66 279.22 187.06 80.81 14.61 0.00 0.00 0.00
0.00 0.00 0.00 0.00 0.00 0.00 0.00 0.00 4.15 9.37 15.63 22.02 27.83 31.75 32.55 31.05 26.54 20.83 14.22 5.64 0.46 0.00 0.00 0.00
0.00 0.00 0.00 0.00 0.00 0.00 0.00 0.00 35.99 76.60 121.91 167.84 195.58 208.91 208.59 197.34 170.28 132.00 87.08 34.96 4.40 0.00 0.00 0.00
0.00 0.00 0.00 0.00 0.00 0.00 0.00 0.00 1.00 2.33 3.80 5.27 6.37 7.05 7.09 6.79 5.91 4.65 3.12 1.35 0.24 0.00 0.00 0.00
0.00 0.00 0.00 0.00 0.00 0.00 0.00 0.00 44.79 104.81 170.94 237.13 286.71 317.19 319.08 305.41 266.00 209.42 140.30 60.61 10.96 0.00 0.00 0.00
0.00 0.00 0.00 0.00 0.00 0.00 0.00 0.00 57.48 134.50 219.37 304.32 367.94 407.06 409.48 391.94 341.36 268.75 180.05 77.78 14.06 0.00 0.00 0.00
0.00 0.00 0.00 0.00 0.00 0.00 0.00 0.00 110.27 258.53 419.80 572.02 679.86 742.07 743.34 703.32 616.61 483.73 327.95 143.80 29.12 0.00 0.00 0.00
0.00 0.00 0.00 0.00 0.00 0.00 0.00 0.00 2.24 4.71 7.77 10.69 12.83 14.17 14.51 13.82 12.00 9.25 5.97 2.15 0.00 0.00 0.00 0.00
0.00 0.00 0.00 0.00 0.00 0.00 0.00 0.00 2.84 5.95 9.80 13.50 16.21 17.88 18.12 17.38 15.10 11.58 7.50 2.67 0.00 0.00 0.00 0.00
0.00 0.00 0.00 0.00 0.00 0.00 0.00 0.00 17.12 38.65 64.49 90.83 114.79 130.97 134.28 128.09 109.46 85.94 58.66 23.28 1.92 0.00 0.00 0.00
0.00 0.00 0.00 0.00 0.00 0.00 0.00 0.00 77.61 187.72 301.98 403.24 493.34 531.05 532.50 503.16 453.73 366.74 256.79 121.08 33.47 0.00 0.00 0.00
0.00 0.00 0.00 0.00 0.00 0.00 0.00 0.00 0.83 1.66 2.64 3.66 4.40 4.79 4.72 4.37 3.84 2.98 1.93 0.66 0.00 0.00 0.00 0.00
0.00 0.00 0.00 0.00 0.00 0.00 0.00 0.00 15.96 35.93 58.52 79.55 95.98 105.10 106.29 99.76 87.40 69.20 45.83 19.45 3.13 0.00 0.00 0.00
0.00 0.00 0.00 0.00 0.00 0.00 0.00 0.00 4.12 11.33 19.46 27.24 32.96 35.66 34.98 32.98 29.32 23.70 16.43 7.58 1.86 0.00 0.00 0.00
0.00 0.00 0.00 0.00 0.00 0.00 0.00 0.12 2.37 4.49 6.65 8.99 10.51 11.21 11.14 10.36 8.98 6.68 4.17 1.38 0.00 0.00 0.00 0.00
0.00 0.00 0.00 0.00 0.00 0.00 0.00 0.06 1.18 2.24 3.32 4.49 5.25 5.60 5.57 5.18 4.49 3.34 2.09 0.69 0.00 0.00 0.00 0.00
0.00 0.00 0.00 0.00 0.00 0.00 0.00 0.13 2.59 4.91 7.27 9.83 11.49 12.26 12.18 11.33 9.82 7.31 4.56 1.50 0.00 0.00 0.00 0.00
0.00 0.00 0.00 0.00 0.00 0.00 0.00 0.12 3.02 5.74 8.64 11.80 13.93 14.96 14.76 13.77 11.83 8.70 5.48 1.81 0.00 0.00 0.00 0.00
0.00 0.00 0.00 0.00 0.00 0.00 0.00 0.18 4.60 8.75 13.17 17.99 21.23 22.79 22.49 20.99 18.02 13.26 8.35 2.76 0.00 0.00 0.00 0.00
0.00 0.00 0.00 0.00 0.00 0.00 0.00 0.07 4.05 7.78 11.71 15.82 18.53 19.94 19.87 18.47 15.77 11.86 7.50 2.59 0.00 0.00 0.00 0.00
0.00 0.00 0.00 0.00 0.00 0.00 0.00 0.00 3.05 6.21 9.72 13.07 15.68 16.85 16.49 15.47 13.49 10.46 6.75 2.58 0.22 0.00 0.00 0.00
0.00 0.00 0.00 0.00 0.00 0.00 0.00 0.00 7.87 16.04 25.11 33.75 40.50 43.52 42.61 39.96 34.84 27.02 17.43 6.67 0.57 0.00 0.00 0.00
0.00 0.00 0.00 0.00 0.00 0.00 0.00 0.00 1.98 4.11 6.52 8.96 10.73 11.48 11.32 10.69 9.15 6.97 4.51 1.77 0.16 0.00 0.00 0.00
0.00 0.00 0.00 0.00 0.00 0.00 0.00 0.00 3.94 7.73 11.99 16.18 19.40 21.01 20.72 19.28 16.21 12.61 8.04 2.61 0.00 0.00 0.00 0.00
0.00 0.00 0.00 0.00 0.00 0.00 0.00 0.00 7.15 13.92 21.42 28.74 33.94 36.05 35.87 33.85 29.62 22.59 13.96 4.59 0.00 0.00 0.00 0.00
0.00 0.00 0.00 0.00 0.00 0.00 0.00 0.08 0.95 1.75 2.67 3.53 4.08 4.22 4.15 3.97 3.42 2.56 1.58 0.46 0.00 0.00 0.00 0.00
0.00 0.00 0.00 0.00 0.00 0.00 0.00 0.11 5.04 9.62 14.70 19.42 22.94 24.43 24.25 22.84 19.17 14.56 9.15 2.73 0.00 0.00 0.00 0.00
0.00 0.00 0.00 0.00 0.00 0.00 0.00 0.19 3.54 6.64 10.02 13.23 15.23 15.67 15.79 15.04 12.82 9.69 5.98 1.73 0.00 0.00 0.00 0.00
0.00 0.00 0.00 0.00 0.00 0.00 0.00 0.27 4.88 9.16 13.82 18.26 21.02 21.63 21.80 20.76 17.70 13.38 8.25 2.39 0.00 0.00 0.00 0.00
0.00 0.00 0.00 0.00 0.00 0.00 0.00 0.18 3.32 6.24 9.42 12.44 14.31 14.73 14.85 14.14 12.05 9.11 5.62 1.63 0.00 0.00 0.00 0.00
0.00 0.00 0.00 0.00 0.00 0.00 0.00 0.06 2.69 5.13 7.84 10.36 12.23 13.03 12.94 12.18 10.22 7.77 4.88 1.46 0.00 0.00 0.00 0.00
0.00 0.00 0.00 0.00 0.00 0.00 0.00 0.21 2.76 5.13 7.80 10.29 11.67 12.10 11.85 11.09 9.51 7.19 4.39 1.23 0.00 0.00 0.00 0.00
0.00 0.00 0.00 0.00 0.00 0.00 0.00 0.00 2.45 4.90 7.53 10.28 12.17 13.27 13.56 12.74 11.06 8.66 5.46 1.77 0.00 0.00 0.00 0.00
0.00 0.00 0.00 0.00 0.00 0.00 0.00 0.00 18.82 41.82 72.03 100.02 122.78 138.47 143.40 137.41 116.40 90.18 56.86 20.26 0.00 0.00 0.00 0.00
0.00 0.00 0.00 0.00 0.00 0.00 0.00 0.00 3.58 7.40 12.20 16.82 20.40 22.13 22.22 21.35 18.80 14.45 9.39 3.35 0.00 0.00 0.00 0.00
0.00 0.00 0.00 0.00 0.00 0.00 0.00 0.00 5.81 11.68 18.11 24.54 29.67 31.90 31.48 29.73 25.78 20.13 13.06 4.29 0.00 0.00 0.00 0.00
0.00 0.00 0.00 0.00 0.00 0.00 0.00 0.00 2.67 5.35 8.30 11.25 13.60 14.62 14.43 13.63 11.82 9.22 5.99 1.97 0.00 0.00 0.00 0.00
0.00 0.00 0.00 0.00 0.00 0.00 0.00 0.00 4.41 9.13 15.06 20.95 25.45 27.52 27.52 26.34 23.24 17.86 11.74 4.19 0.00 0.00 0.00 0.00
0.00 0.00 0.00 0.00 0.00 0.00 0.00 0.00 2.00 4.03 6.42 8.89 10.69 11.63 11.46 10.62 9.32 7.25 4.68 1.59 0.00 0.00 0.00 0.00
0.00 0.00 0.00 0.00 0.00 0.00 0.00 0.00 17.72 40.02 66.77 94.04 118.85 135.60 139.03 132.62 113.33 88.98 60.73 24.11 1.99 0.00 0.00 0.00
0.00 0.00 0.00 0.00 0.00 0.00 0.00 0.00 8.61 18.32 29.15 40.14 46.77 49.96 49.88 47.19 40.72 31.57 20.82 8.36 1.05 0.00 0.00 0.00
0.00 0.00 0.00 0.00 0.00 0.00 0.00 0.00 1.86 3.99 6.47 8.95 10.57 11.12 11.34 10.68 9.20 7.19 4.77 1.91 0.24 0.00 0.00 0.00
0.00 0.00 0.00 0.00 0.00 0.00 0.00 0.00 2.28 4.91 7.84 10.77 13.01 14.11 14.19 13.40 11.73 9.07 5.98 2.36 0.25 0.00 0.00 0.00
0.00 0.00 0.00 0.00 0.00 0.00 0.00 0.00 3.65 7.85 12.55 17.24 20.81 22.58 22.71 21.43 18.77 14.51 9.57 3.78 0.41 0.00 0.00 0.00
0.00 0.00 0.00 0.00 0.00 0.00 0.00 0.00 66.98 167.54 291.09 405.17 489.50 534.15 541.83 511.31 442.91 350.81 242.51 108.48 22.63 0.00 0.00 0.00
