0.00 0.00 0.00 0.00 0.00 0.00 0.00 0.00 0.47 1.28 2.33 3.21 3.98 4.49 4.63 4.44 3.75 2.88 1.85 0.75 0.01 0.00 0.00 0.00
0.00 0.00 0.00 0.00 0.00 0.00 0.00 0.00 6.24 13.95 38.82 49.84 60.35 90.36 88.24 82.27 66.15 49.18 31.62 7.69 0.00 0.00 0.00 0.00
0.00 0.00 0.00 0.00 0.00 0.00 0.00 0.00 10.77 29.35 53.21 73.45 91.00 102.69 105.91 101.46 85.76 65.94 42.38 17.26 0.33 0.00 0.00 0.00
0.00 0.00 0.00 0.00 0.00 0.00 0.00 0.00 38.28 104.32 189.11 261.03 323.42 364.96 376.38 360.60 304.79 234.33 150.61 61.32 1.16 0.00 0.00 0.00
0.00 0.00 0.00 0.00 0.00 0.00 0.00 0.00 3.03 5.98 8.74 11.06 12.69 12.97 12.65 11.64 9.11 6.70 4.28 0.86 0.00 0.00 0.00 0.00
0.00 0.00 0.00 0.00 0.00 0.00 0.00 0.00 58.99 176.22 389.46 541.70 670.97 832.52 857.22 840.26 742.49 572.11 370.05 140.72 8.97 0.00 0.00 0.00
0.00 0.00 0.00 0.00 0.00 0.00 0.00 0.00 1.58 3.29 5.18 6.80 8.15 8.55 8.68 8.12 7.24 5.42 3.49 0.85 0.00 0.00 0.00 0.00
0.00 0.00 0.00 0.00 0.00 0.00 0.00 0.00 0.66 1.45 2.23 2.94 3.44 2.80 2.78 2.63 3.00 2.25 1.40 0.51 0.00 0.00 0.00 0.00
0.00 0.00 0.00 0.00 0.00 0.00 0.00 0.00 1.06 2.32 3.57 4.70 5.50 4.47 4.45 4.20 4.80 3.60 2.24 0.82 0.00 0.00 0.00 0.00
0.00 0.00 0.00 0.00 0.00 0.00 0.00 0.00 1.06 2.32 3.57 4.70 5.50 4.47 4.45 4.20 4.80 3.60 2.24 0.82 0.00 0.00 0.00 0.00
0.00 0.00 0.00 0.00 0.00 0.00 0.00 0.00 3.03 6.90 11.12 14.89 18.03 16.48 16.73 15.74 11.38 8.42 5.24 1.87 0.00 0.00 0.00 0.00
0.00 0.00 0.00 0.00 0.00 0.00 0.00 0.00 1.42 3.24 5.22 7.06 8.55 7.70 7.71 7.23 5.10 3.77 2.33 0.84 0.00 0.00 0.00 0.00
0.00 0.00 0.00 0.00 0.00 0.00 0.00 0.00 1.83 4.16 6.72 9.08 11.00 9.89 9.91 9.30 6.56 4.85 2.99 1.08 0.00 0.00 0.00 0.00
0.00 0.00 0.00 0.00 0.00 0.00 0.00 0.00 1.22 2.77 4.48 6.05 7.33 6.60 6.61 6.20 4.37 3.24 2.00 0.72 0.00 0.00 0.00 0.00
0.00 0.00 0.00 0.00 0.00 0.00 0.00 0.00 1.22 2.77 4.48 6.05 7.33 6.60 6.61 6.20 4.37 3.24 2.00 0.72 0.00 0.00 0.00 0.00
0.00 0.00 0.00 0.00 0.00 0.00 0.00 0.00 8.27 20.56 35.40 47.52 56.97 64.29 64.77 61.11 58.96 44.43 27.04 8.07 0.00 0.00 0.00 0.00
0.00 0.00 0.00 0.00 0.00 0.00 0.00 0.00 9.20 20.62 33.05 43.91 52.96 49.89 50.55 47.31 36.37 26.93 16.87 5.74 0.00 0.00 0.00 0.00
0.00 0.00 0.00 0.00 0.00 0.00 0.00 0.00 6.11 13.88 25.95 34.43 41.22 44.72 44.52 42.23 36.57 27.68 17.65 5.57 0.00 0.00 0.00 0.00
0.00 0.00 0.00 0.00 0.00 0.00 0.00 0.00 17.40 51.98 114.88 159.78 197.91 245.56 252.85 247.85 219.01 168.75 109.15 41.51 2.65 0.00 0.00 0.00
0.00 0.00 0.00 0.00 0.00 0.00 0.00 0.00 16.55 49.44 109.27 151.99 188.26 233.58 240.52 235.76 208.33 160.52 103.83 39.48 2.52 0.00 0.00 0.00
0.00 0.00 0.00 0.00 0.00 0.00 0.00 0.00 31.83 95.08 210.14 292.28 362.04 449.20 462.53 453.38 400.63 308.69 199.67 75.93 4.84 0.00 0.00 0.00
0.00 0.00 0.00 0.00 0.00 0.00 0.00 0.00 31.30 93.50 206.64 287.41 356.00 441.71 454.82 445.82 393.95 303.55 196.34 74.66 4.76 0.00 0.00 0.00
0.00 0.00 0.00 0.00 0.00 0.00 0.00 0.00 54.01 148.15 255.44 351.25 438.48 483.66 499.50 477.02 411.36 318.87 206.30 80.49 3.51 0.00 0.00 0.00
0.00 0.00 0.00 0.00 0.00 0.00 0.00 0.00 0.66 1.45 2.23 2.94 3.44 2.80 2.78 2.63 3.00 2.25 1.40 0.51 0.00 0.00 0.00 0.00
0.00 0.00 0.00 0.00 0.00 0.00 0.00 0.00 3.35 7.35 11.30 14.90 17.43 14.17 14.09 13.31 15.20 11.39 7.10 2.60 0.00 0.00 0.00 0.00
0.00 0.00 0.00 0.00 0.00 0.00 0.00 0.00 17.08 37.52 57.68 76.05 88.99 72.32 71.94 67.94 77.61 58.17 36.27 13.28 0.00 0.00 0.00 0.00
0.00 0.00 0.00 0.00 0.00 0.00 0.00 0.00 1.19 3.55 7.85 10.91 13.52 16.77 17.27 16.93 14.96 11.52 7.45 2.83 0.18 0.00 0.00 0.00
0.00 0.00 0.00 0.00 0.00 0.00 0.00 0.00 37.69 102.69 186.16 256.96 318.38 359.27 370.51 354.98 300.04 230.68 148.27 60.37 1.14 0.00 0.00 0.00
0.00 0.00 0.00 0.00 0.00 0.00 0.00 0.00 3.84 9.85 16.41 22.51 27.78 25.16 25.36 23.85 15.21 11.44 7.59 2.59 0.00 0.00 0.00 0.00
0.00 0.00 0.00 0.00 0.00 0.00 0.00 0.00 25.49 61.37 100.62 136.84 166.23 184.75 190.59 179.50 154.38 119.73 76.03 23.57 0.00 0.00 0.00 0.00
0.00 0.00 0.00 0.00 0.00 0.00 0.00 0.00 0.63 1.71 3.10 4.28 5.31 5.99 6.18 5.92 5.00 3.84 2.47 1.01 0.02 0.00 0.00 0.00
0.00 0.00 0.00 0.00 0.00 0.00 0.00 0.00 28.27 77.02 139.62 192.72 238.79 269.46 277.89 266.23 225.03 173.01 111.20 45.28 0.85 0.00 0.00 0.00
0.00 0.00 0.00 0.00 0.00 0.00 0.00 0.00 36.27 98.84 179.18 247.32 306.44 345.80 356.62 341.66 288.79 222.03 142.71 58.10 1.10 0.00 0.00 0.00
0.00 0.00 0.00 0.00 0.00 0.00 0.00 0.00 71.23 195.37 336.86 463.21 578.24 637.83 658.72 629.07 542.48 420.51 272.06 106.15 4.62 0.00 0.00 0.00
0.00 0.00 0.00 0.00 0.00 0.00 0.00 0.00 1.74 4.06 6.61 8.94 10.90 9.68 9.74 9.11 8.37 6.24 3.87 1.43 0.00 0.00 0.00 0.00
0.00 0.00 0.00 0.00 0.00 0.00 0.00 0.00 2.47 5.72 9.29 12.56 15.30 13.45 13.51 12.61 10.25 7.66 4.73 1.74 0.00 0.00 0.00 0.00
0.00 0.00 0.00 0.00 0.00 0.00 0.00 0.00 15.84 40.63 67.68 92.87 114.61 103.79 104.60 98.39 62.75 47.19 31.31 10.70 0.00 0.00 0.00 0.00
0.00 0.00 0.00 0.00 0.00 0.00 0.00 0.00 47.07 137.78 244.32 332.51 412.77 471.72 489.29 466.29 416.23 327.17 217.18 85.71 11.44 0.00 0.00 0.00
0.00 0.00 0.00 0.00 0.00 0.00 0.00 0.00 0.72 1.58 2.56 3.45 4.16 4.22 4.25 3.94 3.04 2.27 1.43 0.44 0.00 0.00 0.00 0.00
0.00 0.00 0.00 0.00 0.00 0.00 0.00 0.00 11.27 29.17 48.68 66.55 81.56 90.03 91.87 87.88 79.45 60.68 38.31 14.15 0.00 0.00 0.00 0.00
0.00 0.00 0.00 0.00 0.00 0.00 0.00 0.00 2.50 8.47 14.98 21.15 26.33 28.99 29.61 27.99 25.06 19.44 13.05 6.21 0.73 0.00 0.00 0.00
0.00 0.00 0.00 0.00 0.00 0.00 0.00 0.00 1.89 3.88 5.95 7.70 9.17 9.91 10.10 9.50 8.20 6.06 3.91 0.92 0.00 0.00 0.00 0.00
0.00 0.00 0.00 0.00 0.00 0.00 0.00 0.00 0.94 1.94 2.98 3.85 4.58 4.95 5.05 4.75 4.10 3.03 1.96 0.46 0.00 0.00 0.00 0.00
0.00 0.00 0.00 0.00 0.00 0.00 0.00 0.00 2.06 4.24 6.51 8.42 10.03 10.84 11.05 10.39 8.97 6.63 4.28 1.01 0.00 0.00 0.00 0.00
0.00 0.00 0.00 0.00 0.00 0.00 0.00 0.00 2.44 5.04 7.91 10.27 12.15 13.03 13.08 12.47 10.87 8.10 5.22 1.23 0.00 0.00 0.00 0.00
0.00 0.00 0.00 0.00 0.00 0.00 0.00 0.00 3.72 7.68 12.06 15.66 18.51 19.85 19.93 19.00 16.57 12.35 7.96 1.87 0.00 0.00 0.00 0.00
0.00 0.00 0.00 0.00 0.00 0.00 0.00 0.00 3.17 6.64 10.44 13.78 16.40 15.95 16.10 15.16 14.74 11.03 7.11 1.78 0.00 0.00 0.00 0.00
0.00 0.00 0.00 0.00 0.00 0.00 0.00 0.00 2.27 5.16 8.34 11.16 13.61 14.89 15.25 14.64 12.43 9.31 5.87 1.74 0.00 0.00 0.00 0.00
0.00 0.00 0.00 0.00 0.00 0.00 0.00 0.00 5.85 13.33 21.54 28.83 35.16 38.48 39.39 37.82 32.12 24.05 15.15 4.49 0.00 0.00 0.00 0.00
0.00 0.00 0.00 0.00 0.00 0.00 0.00 0.00 1.48 3.46 5.53 7.54 9.20 10.00 10.09 9.48 8.23 6.26 3.96 1.21 0.00 0.00 0.00 0.00
0.00 0.00 0.00 0.00 0.00 0.00 0.00 0.00 3.47 7.41 11.54 15.44 18.30 19.14 19.32 17.65 13.58 10.00 6.29 1.80 0.00 0.00 0.00 0.00
0.00 0.00 0.00 0.00 0.00 0.00 0.00 0.00 5.64 11.93 18.96 25.08 30.27 32.97 33.03 30.80 27.30 20.44 12.91 3.05 0.00 0.00 0.00 0.00
0.00 0.00 0.00 0.00 0.00 0.00 0.00 0.00 0.94 1.86 2.81 3.52 4.04 4.23 4.19 3.88 3.16 2.29 1.47 0.31 0.00 0.00 0.00 0.00
0.00 0.00 0.00 0.00 0.00 0.00 0.00 0.00 5.10 10.49 15.75 20.27 23.97 24.27 23.91 22.16 14.13 10.26 6.51 1.78 0.00 0.00 0.00 0.00
0.00 0.00 0.00 0.00 0.00 0.00 0.00 0.00 3.53 7.12 10.75 13.67 15.72 16.33 16.09 15.12 10.07 7.44 4.73 1.18 0.00 0.00 0.00 0.00
0.00 0.00 0.00 0.00 0.00 0.00 0.00 0.00 4.86 9.82 14.84 18.86 21.69 22.54 22.20 20.86 13.90 10.27 6.53 1.62 0.00 0.00 0.00 0.00
0.00 0.00 0.00 0.00 0.00 0.00 0.00 0.00 3.31 6.69 10.11 12.85 14.78 15.35 15.12 14.21 9.47 7.00 4.45 1.10 0.00 0.00 0.00 0.00
0.00 0.00 0.00 0.00 0.00 0.00 0.00 0.00 2.72 5.60 8.40 10.81 12.78 12.94 12.75 11.82 7.54 5.47 3.47 0.95 0.00 0.00 0.00 0.00
0.00 0.00 0.00 0.00 0.00 0.00 0.00 0.00 2.69 5.35 7.89 10.17 11.74 12.30 12.08 11.15 8.62 6.34 4.04 0.85 0.00 0.00 0.00 0.00
0.00 0.00 0.00 0.00 0.00 0.00 0.00 0.00 1.89 4.16 6.39 8.43 9.86 8.01 7.97 7.53 8.60 6.45 4.02 1.47 0.00 0.00 0.00 0.00
0.00 0.00 0.00 0.00 0.00 0.00 0.00 0.00 10.76 26.76 46.08 61.85 74.16 83.67 84.30 79.54 76.75 57.83 35.20 10.50 0.00 0.00 0.00 0.00
0.00 0.00 0.00 0.00 0.00 0.00 0.00 0.00 3.43 7.82 12.60 16.87 20.44 18.68 18.96 17.84 12.90 9.54 5.94 2.12 0.00 0.00 0.00 0.00
0.00 0.00 0.00 0.00 0.00 0.00 0.00 0.00 5.42 11.92 19.13 25.63 30.48 29.31 29.22 27.30 17.81 13.04 8.26 2.60 0.00 0.00 0.00 0.00
0.00 0.00 0.00 0.00 0.00 0.00 0.00 0.00 2.49 5.46 8.77 11.75 13.97 13.43 13.39 12.51 8.16 5.98 3.78 1.19 0.00 0.00 0.00 0.00
0.00 0.00 0.00 0.00 0.00 0.00 0.00 0.00 4.23 9.63 15.58 20.76 25.12 23.21 23.66 22.23 16.44 12.20 7.64 2.69 0.00 0.00 0.00 0.00
0.00 0.00 0.00 0.00 0.00 0.00 0.00 0.00 1.74 3.83 6.22 8.38 10.11 10.26 10.33 9.56 7.38 5.52 3.47 1.06 0.00 0.00 0.00 0.00
0.00 0.00 0.00 0.00 0.00 0.00 0.00 0.00 16.40 42.06 70.08 96.15 118.66 107.46 108.30 101.87 64.97 48.86 32.42 11.08 0.00 0.00 0.00 0.00
0.00 0.00 0.00 0.00 0.00 0.00 0.00 0.00 6.09 14.68 24.06 32.72 39.75 44.18 45.58 42.92 36.92 28.63 18.18 5.64 0.00 0.00 0.00 0.00
0.00 0.00 0.00 0.00 0.00 0.00 0.00 0.00 1.36 3.31 5.41 7.30 8.88 9.88 10.18 9.73 8.30 6.30 4.06 1.31 0.00 0.00 0.00 0.00
0.00 0.00 0.00 0.00 0.00 0.00 0.00 0.00 1.69 4.12 6.78 9.30 11.46 12.78 12.76 11.96 10.49 7.87 5.04 1.76 0.00 0.00 0.00 0.00
0.00 0.00 0.00 0.00 0.00 0.00 0.00 0.00 2.71 6.59 10.84 14.88 18.33 20.45 20.42 19.13 16.78 12.59 8.06 2.82 0.00 0.00 0.00 0.00
0.00 0.00 0.00 0.00 0.00 0.00 0.00 0.00 32.36 96.67 213.64 297.16 368.07 456.69 470.24 460.93 407.30 313.84 203.00 77.19 4.92 0.00 0.00 0.00
