0.00 0.00 0.00 0.00 0.00 0.00 0.00 0.00 0.00 0.12 1.15 1.95 2.77 3.33 3.45 3.23 2.61 1.75 0.84 0.00 0.00 0.00 0.00 0.00
0.00 0.00 0.00 0.00 0.00 0.00 0.00 0.00 0.00 8.50 26.29 39.54 51.31 56.09 56.19 53.08 42.34 28.37 12.55 0.00 0.00 0.00 0.00 0.00
0.00 0.00 0.00 0.00 0.00 0.00 0.00 0.00 0.00 2.74 26.20 44.65 63.35 76.08 78.95 73.78 59.68 40.00 19.32 0.00 0.00 0.00 0.00 0.00
0.00 0.00 0.00 0.00 0.00 0.00 0.00 0.00 0.00 9.72 93.13 158.69 225.12 270.39 280.58 262.20 212.11 142.15 68.66 0.00 0.00 0.00 0.00 0.00
0.00 0.00 0.00 0.00 0.00 0.00 0.00 0.00 0.00 1.49 4.22 6.22 7.98 9.10 9.18 8.23 6.47 4.21 1.46 0.00 0.00 0.00 0.00 0.00
0.00 0.00 0.00 0.00 0.00 0.00 0.00 0.00 0.00 19.69 217.27 374.13 536.89 656.95 684.08 635.51 514.89 350.66 179.53 0.00 0.00 0.00 0.00 0.00
0.00 0.00 0.00 0.00 0.00 0.00 0.00 0.00 0.00 0.45 1.96 3.04 4.07 5.33 5.40 4.87 3.78 2.47 0.86 0.00 0.00 0.00 0.00 0.00
0.00 0.00 0.00 0.00 0.00 0.00 0.00 0.00 0.00 0.44 1.40 2.10 2.73 3.18 3.31 3.07 2.45 1.63 0.70 0.00 0.00 0.00 0.00 0.00
0.00 0.00 0.00 0.00 0.00 0.00 0.00 0.00 0.00 0.70 2.25 3.37 4.37 5.09 5.29 4.91 3.92 2.61 1.11 0.00 0.00 0.00 0.00 0.00
0.00 0.00 0.00 0.00 0.00 0.00 0.00 0.00 0.00 0.70 2.25 3.37 4.37 5.09 5.29 4.91 3.92 2.61 1.11 0.00 0.00 0.00 0.00 0.00
0.00 0.00 0.00 0.00 0.00 0.00 0.00 0.00 0.00 1.31 4.91 7.56 10.26 12.06 12.50 11.75 9.57 6.54 2.86 0.00 0.00 0.00 0.00 0.00
0.00 0.00 0.00 0.00 0.00 0.00 0.00 0.00 0.00 0.63 2.31 3.54 4.87 5.78 5.93 5.55 4.56 3.07 1.34 0.00 0.00 0.00 0.00 0.00
0.00 0.00 0.00 0.00 0.00 0.00 0.00 0.00 0.00 0.80 2.97 4.55 6.26 7.43 7.62 7.14 5.86 3.94 1.73 0.00 0.00 0.00 0.00 0.00
0.00 0.00 0.00 0.00 0.00 0.00 0.00 0.00 0.00 0.54 1.98 3.04 4.17 4.95 5.08 4.76 3.91 2.63 1.15 0.00 0.00 0.00 0.00 0.00
0.00 0.00 0.00 0.00 0.00 0.00 0.00 0.00 0.00 0.54 1.98 3.04 4.17 4.95 5.08 4.76 3.91 2.63 1.15 0.00 0.00 0.00 0.00 0.00
0.00 0.00 0.00 0.00 0.00 0.00 0.00 0.00 0.00 8.99 30.57 46.58 64.78 75.85 78.83 74.76 61.93 41.91 20.77 0.00 0.00 0.00 0.00 0.00
0.00 0.00 0.00 0.00 0.00 0.00 0.00 0.00 0.00 4.11 15.30 23.49 31.31 36.44 37.82 35.20 29.00 19.28 8.19 0.00 0.00 0.00 0.00 0.00
0.00 0.00 0.00 0.00 0.00 0.00 0.00 0.00 0.00 3.26 13.19 20.50 27.31 32.22 32.86 30.49 24.30 16.51 7.00 0.00 0.00 0.00 0.00 0.00
0.00 0.00 0.00 0.00 0.00 0.00 0.00 0.00 0.00 5.81 64.09 110.36 158.36 193.78 201.78 187.45 151.87 103.43 52.96 0.00 0.00 0.00 0.00 0.00
0.00 0.00 0.00 0.00 0.00 0.00 0.00 0.00 0.00 5.52 60.96 104.97 150.64 184.32 191.94 178.31 144.47 98.39 50.37 0.00 0.00 0.00 0.00 0.00
0.00 0.00 0.00 0.00 0.00 0.00 0.00 0.00 0.00 10.62 117.23 201.87 289.69 354.47 369.11 342.90 277.82 189.20 96.87 0.00 0.00 0.00 0.00 0.00
0.00 0.00 0.00 0.00 0.00 0.00 0.00 0.00 0.00 10.45 115.28 198.51 284.86 348.56 362.96 337.18 273.19 186.05 95.25 0.00 0.00 0.00 0.00 0.00
0.00 0.00 0.00 0.00 0.00 0.00 0.00 0.00 0.00 8.33 115.98 201.84 285.38 346.69 357.63 332.34 267.79 179.90 85.90 0.00 0.00 0.00 0.00 0.00
0.00 0.00 0.00 0.00 0.00 0.00 0.00 0.00 0.00 0.44 1.40 2.10 2.73 3.18 3.31 3.07 2.45 1.63 0.70 0.00 0.00 0.00 0.00 0.00
0.00 0.00 0.00 0.00 0.00 0.00 0.00 0.00 0.00 2.21 7.11 10.66 13.83 16.13 16.75 15.54 12.40 8.27 3.52 0.00 0.00 0.00 0.00 0.00
0.00 0.00 0.00 0.00 0.00 0.00 0.00 0.00 0.00 11.27 36.31 54.41 70.62 82.36 85.50 79.36 63.32 42.23 17.99 0.00 0.00 0.00 0.00 0.00
0.00 0.00 0.00 0.00 0.00 0.00 0.00 0.00 0.00 0.40 4.38 7.54 10.82 13.23 13.78 12.80 10.37 7.06 3.62 0.00 0.00 0.00 0.00 0.00
0.00 0.00 0.00 0.00 0.00 0.00 0.00 0.00 0.00 9.57 91.68 156.22 221.62 266.17 276.21 258.11 208.80 139.93 67.59 0.00 0.00 0.00 0.00 0.00
0.00 0.00 0.00 0.00 0.00 0.00 0.00 0.00 0.00 1.63 7.71 12.32 16.68 20.21 21.67 20.66 16.95 12.34 5.98 0.00 0.00 0.00 0.00 0.00
0.00 0.00 0.00 0.00 0.00 0.00 0.00 0.00 0.00 6.04 45.99 76.69 106.41 124.89 126.54 116.42 91.25 62.14 26.40 0.00 0.00 0.00 0.00 0.00
0.00 0.00 0.00 0.00 0.00 0.00 0.00 0.00 0.00 0.16 1.53 2.60 3.69 4.44 4.60 4.30 3.48 2.33 1.13 0.00 0.00 0.00 0.00 0.00
0.00 0.00 0.00 0.00 0.00 0.00 0.00 0.00 0.00 7.18 68.76 117.16 166.21 199.63 207.16 193.58 156.60 104.95 50.69 0.00 0.00 0.00 0.00 0.00
0.00 0.00 0.00 0.00 0.00 0.00 0.00 0.00 0.00 9.21 88.24 150.36 213.30 256.19 265.85 248.43 200.97 134.68 65.06 0.00 0.00 0.00 0.00 0.00
0.00 0.00 0.00 0.00 0.00 0.00 0.00 0.00 0.00 10.99 152.95 266.17 376.35 457.20 471.62 438.27 353.14 237.24 113.28 0.00 0.00 0.00 0.00 0.00
0.00 0.00 0.00 0.00 0.00 0.00 0.00 0.00 0.00 0.94 3.52 5.40 7.49 9.16 9.74 9.03 7.37 4.98 2.26 0.00 0.00 0.00 0.00 0.00
0.00 0.00 0.00 0.00 0.00 0.00 0.00 0.00 0.00 1.19 4.42 6.79 9.45 11.42 12.02 11.21 9.12 6.14 2.76 0.00 0.00 0.00 0.00 0.00
0.00 0.00 0.00 0.00 0.00 0.00 0.00 0.00 0.00 6.71 31.79 50.80 68.81 83.36 89.37 85.21 69.94 50.92 24.68 0.00 0.00 0.00 0.00 0.00
0.00 0.00 0.00 0.00 0.00 0.00 0.00 0.00 0.00 0.00 93.14 177.69 251.46 313.01 333.23 312.77 250.33 169.88 80.11 0.00 0.00 0.00 0.00 0.00
0.00 0.00 0.00 0.00 0.00 0.00 0.00 0.00 0.00 0.33 1.20 1.84 2.46 2.84 2.92 2.73 2.22 1.49 0.62 0.00 0.00 0.00 0.00 0.00
0.00 0.00 0.00 0.00 0.00 0.00 0.00 0.00 0.00 2.61 23.24 39.34 55.30 66.60 67.77 62.28 50.50 34.24 15.79 0.00 0.00 0.00 0.00 0.00
0.00 0.00 0.00 0.00 0.00 0.00 0.00 0.00 0.00 0.51 7.94 13.96 20.03 24.30 26.01 24.21 19.46 13.67 7.43 0.01 0.00 0.00 0.00 0.00
0.00 0.00 0.00 0.00 0.00 0.00 0.00 0.00 0.00 0.42 2.05 3.17 4.23 6.10 6.05 5.46 4.23 2.75 0.91 0.00 0.00 0.00 0.00 0.00
0.00 0.00 0.00 0.00 0.00 0.00 0.00 0.00 0.00 0.21 1.03 1.58 2.11 3.05 3.02 2.73 2.12 1.37 0.46 0.00 0.00 0.00 0.00 0.00
0.00 0.00 0.00 0.00 0.00 0.00 0.00 0.00 0.00 0.46 2.25 3.47 4.62 6.68 6.61 5.97 4.63 3.01 1.00 0.00 0.00 0.00 0.00 0.00
0.00 0.00 0.00 0.00 0.00 0.00 0.00 0.00 0.00 0.70 2.82 4.33 5.72 8.09 8.13 7.46 5.81 3.79 1.30 0.00 0.00 0.00 0.00 0.00
0.00 0.00 0.00 0.00 0.00 0.00 0.00 0.00 0.00 1.07 4.29 6.60 8.72 12.33 12.39 11.36 8.86 5.78 1.97 0.00 0.00 0.00 0.00 0.00
0.00 0.00 0.00 0.00 0.00 0.00 0.00 0.00 0.00 0.98 4.19 6.50 8.84 11.04 10.98 9.87 7.76 5.08 1.79 0.00 0.00 0.00 0.00 0.00
0.00 0.00 0.00 0.00 0.00 0.00 0.00 0.00 0.00 0.55 3.60 5.91 8.14 8.60 8.65 8.09 6.73 4.51 1.76 0.00 0.00 0.00 0.00 0.00
0.00 0.00 0.00 0.00 0.00 0.00 0.00 0.00 0.00 1.41 9.29 15.28 21.02 22.21 22.35 20.89 17.39 11.64 4.55 0.00 0.00 0.00 0.00 0.00
0.00 0.00 0.00 0.00 0.00 0.00 0.00 0.00 0.00 0.40 2.56 4.19 5.72 6.63 6.65 6.19 4.75 3.22 1.33 0.00 0.00 0.00 0.00 0.00
0.00 0.00 0.00 0.00 0.00 0.00 0.00 0.00 0.00 1.57 5.44 8.23 10.80 12.53 12.78 11.89 9.47 6.31 2.48 0.00 0.00 0.00 0.00 0.00
0.00 0.00 0.00 0.00 0.00 0.00 0.00 0.00 0.00 2.28 8.51 13.02 17.59 20.92 21.26 19.26 15.33 10.17 3.82 0.00 0.00 0.00 0.00 0.00
0.00 0.00 0.00 0.00 0.00 0.00 0.00 0.00 0.00 0.42 1.22 1.80 2.30 2.69 2.70 2.46 1.98 1.29 0.44 0.00 0.00 0.00 0.00 0.00
0.00 0.00 0.00 0.00 0.00 0.00 0.00 0.00 0.00 2.38 7.18 10.61 13.89 16.29 16.28 14.77 11.57 7.65 2.92 0.00 0.00 0.00 0.00 0.00
0.00 0.00 0.00 0.00 0.00 0.00 0.00 0.00 0.00 1.68 4.96 7.37 9.49 10.90 10.92 9.90 7.71 5.02 1.83 0.00 0.00 0.00 0.00 0.00
0.00 0.00 0.00 0.00 0.00 0.00 0.00 0.00 0.00 2.32 6.85 10.17 13.10 15.04 15.07 13.66 10.64 6.93 2.53 0.00 0.00 0.00 0.00 0.00
0.00 0.00 0.00 0.00 0.00 0.00 0.00 0.00 0.00 1.58 4.66 6.93 8.92 10.25 10.27 9.30 7.25 4.72 1.72 0.00 0.00 0.00 0.00 0.00
0.00 0.00 0.00 0.00 0.00 0.00 0.00 0.00 0.00 1.27 3.83 5.66 7.41 8.69 8.68 7.88 6.17 4.08 1.56 0.00 0.00 0.00 0.00 0.00
0.00 0.00 0.00 0.00 0.00 0.00 0.00 0.00 0.00 1.36 3.88 5.75 7.23 8.24 8.38 7.54 5.90 3.85 1.36 0.00 0.00 0.00 0.00 0.00
0.00 0.00 0.00 0.00 0.00 0.00 0.00 0.00 0.00 1.25 4.02 6.03 7.83 9.13 9.48 8.80 7.02 4.68 1.99 0.00 0.00 0.00 0.00 0.00
0.00 0.00 0.00 0.00 0.00 0.00 0.00 0.00 0.00 11.70 39.79 60.63 84.31 98.73 102.60 97.30 80.60 54.56 27.04 0.00 0.00 0.00 0.00 0.00
0.00 0.00 0.00 0.00 0.00 0.00 0.00 0.00 0.00 1.48 5.57 8.57 11.62 13.67 14.17 13.31 10.84 7.42 3.24 0.00 0.00 0.00 0.00 0.00
0.00 0.00 0.00 0.00 0.00 0.00 0.00 0.00 0.00 2.45 8.50 12.85 17.44 20.47 20.80 19.46 15.65 10.51 4.39 0.00 0.00 0.00 0.00 0.00
0.00 0.00 0.00 0.00 0.00 0.00 0.00 0.00 0.00 1.12 3.89 5.89 7.99 9.38 9.53 8.92 7.17 4.82 2.01 0.00 0.00 0.00 0.00 0.00
0.00 0.00 0.00 0.00 0.00 0.00 0.00 0.00 0.00 1.83 6.92 10.66 14.37 16.81 17.37 16.31 13.29 9.14 3.98 0.00 0.00 0.00 0.00 0.00
0.00 0.00 0.00 0.00 0.00 0.00 0.00 0.00 0.00 0.80 2.92 4.46 5.97 6.89 7.09 6.62 5.40 3.62 1.49 0.00 0.00 0.00 0.00 0.00
0.00 0.00 0.00 0.00 0.00 0.00 0.00 0.00 0.00 6.95 32.92 52.60 71.25 86.31 92.53 88.23 72.41 52.72 25.55 0.00 0.00 0.00 0.00 0.00
0.00 0.00 0.00 0.00 0.00 0.00 0.00 0.00 0.00 1.44 11.00 18.34 25.45 29.87 30.26 27.84 21.82 14.86 6.31 0.00 0.00 0.00 0.00 0.00
0.00 0.00 0.00 0.00 0.00 0.00 0.00 0.00 0.00 0.35 2.54 4.21 5.82 6.97 7.02 6.45 5.10 3.47 1.50 0.00 0.00 0.00 0.00 0.00
0.00 0.00 0.00 0.00 0.00 0.00 0.00 0.00 0.00 0.50 3.15 5.18 7.14 8.69 8.93 8.25 6.57 4.44 1.96 0.00 0.00 0.00 0.00 0.00
0.00 0.00 0.00 0.00 0.00 0.00 0.00 0.00 0.00 0.80 5.04 8.28 11.42 13.90 14.29 13.19 10.51 7.10 3.13 0.00 0.00 0.00 0.00 0.00
0.00 0.00 0.00 0.00 0.00 0.00 0.00 0.00 0.00 10.80 119.19 205.24 294.52 360.38 375.26 348.61 282.45 192.36 98.48 0.00 0.00 0.00 0.00 0.00
