0.00 0.00 0.00 0.00 0.00 0.00 0.00 0.20 0.95 1.68 2.44 3.22 3.90 4.78 4.93 4.64 4.38 3.56 2.58 1.57 0.72 0.00 0.00 0.00
0.00 0.00 0.00 0.00 0.00 0.00 0.00 5.76 21.54 36.44 55.47 71.82 83.86 90.99 91.01 84.79 70.56 56.07 37.67 16.89 4.85 0.00 0.00 0.00
0.00 0.00 0.00 0.00 0.00 0.00 0.00 4.56 21.70 38.30 55.84 73.73 89.29 109.35 112.63 106.14 100.04 81.47 59.05 35.98 16.53 0.00 0.00 0.00
0.00 0.00 0.00 0.00 0.00 0.00 0.00 16.21 77.12 136.12 198.44 262.04 317.33 388.62 400.26 377.21 355.55 289.54 209.85 127.88 58.76 0.00 0.00 0.00
0.00 0.00 0.00 0.00 0.00 0.00 0.00 1.42 3.80 6.35 9.14 11.57 13.18 13.86 13.81 12.48 8.43 6.64 4.46 2.74 0.66 0.00 0.00 0.00
0.00 0.00 0.00 0.00 0.00 0.00 0.00 27.44 186.84 340.82 521.84 693.18 836.77 914.34 938.58 893.62 827.84 674.86 480.20 285.21 133.14 0.00 0.00 0.00
0.00 0.00 0.00 0.00 0.00 0.00 0.00 0.92 2.46 4.08 5.86 7.54 8.71 8.91 8.99 8.40 6.28 5.02 3.48 1.80 0.66 0.00 0.00 0.00
0.00 0.00 0.00 0.00 0.00 0.00 0.00 0.39 1.35 2.25 3.35 4.27 4.89 5.08 5.20 4.90 4.56 3.57 2.44 1.14 0.35 0.00 0.00 0.00
0.00 0.00 0.00 0.00 0.00 0.00 0.00 0.63 2.16 3.61 5.35 6.82 7.82 8.13 8.32 7.84 7.29 5.71 3.90 1.82 0.56 0.00 0.00 0.00
0.00 0.00 0.00 0.00 0.00 0.00 0.00 0.63 2.16 3.61 5.35 6.82 7.82 8.13 8.32 7.84 7.29 5.71 3.90 1.82 0.56 0.00 0.00 0.00
0.00 0.00 0.00 0.00 0.00 0.00 0.00 1.21 4.34 7.33 11.43 15.41 18.32 18.97 19.01 18.05 13.33 10.83 7.58 4.08 1.43 0.00 0.00 0.00
0.00 0.00 0.00 0.00 0.00 0.00 0.00 0.58 2.09 3.52 5.38 7.24 8.59 8.94 9.04 8.53 6.73 5.42 3.77 2.11 0.73 0.00 0.00 0.00
0.00 0.00 0.00 0.00 0.00 0.00 0.00 0.74 2.68 4.53 6.92 9.31 11.05 11.49 11.63 10.97 8.66 6.97 4.85 2.71 0.94 0.00 0.00 0.00
0.00 0.00 0.00 0.00 0.00 0.00 0.00 0.50 1.79 3.02 4.61 6.20 7.36 7.66 7.75 7.32 5.77 4.65 3.23 1.80 0.63 0.00 0.00 0.00
0.00 0.00 0.00 0.00 0.00 0.00 0.00 0.50 1.79 3.02 4.61 6.20 7.36 7.66 7.75 7.32 5.77 4.65 3.23 1.80 0.63 0.00 0.00 0.00
0.00 0.00 0.00 0.00 0.00 0.00 0.00 4.04 23.63 42.33 66.14 86.49 98.66 110.40 112.50 107.39 97.26 76.94 52.58 25.87 8.34 0.00 0.00 0.00
0.00 0.00 0.00 0.00 0.00 0.00 0.00 4.11 13.98 23.37 35.43 46.96 56.04 55.04 55.71 52.40 36.46 29.47 20.93 10.46 3.63 0.00 0.00 0.00
0.00 0.00 0.00 0.00 0.00 0.00 0.00 3.68 12.45 20.79 30.45 39.00 46.04 50.14 50.78 48.50 31.77 25.38 17.67 10.41 3.81 0.00 0.00 0.00
0.00 0.00 0.00 0.00 0.00 0.00 0.00 8.09 55.11 100.53 153.92 204.46 246.82 269.70 276.85 263.59 244.18 199.06 141.64 84.13 39.27 0.00 0.00 0.00
0.00 0.00 0.00 0.00 0.00 0.00 0.00 7.70 52.42 95.63 146.42 194.49 234.78 256.54 263.34 250.73 232.27 189.35 134.73 80.02 37.36 0.00 0.00 0.00
0.00 0.00 0.00 0.00 0.00 0.00 0.00 14.80 100.81 183.89 281.57 374.02 451.50 493.35 506.43 482.17 446.68 364.13 259.10 153.89 71.84 0.00 0.00 0.00
0.00 0.00 0.00 0.00 0.00 0.00 0.00 14.56 99.13 180.83 276.88 367.79 443.97 485.12 497.99 474.13 439.23 358.07 254.78 151.33 70.64 0.00 0.00 0.00
0.00 0.00 0.00 0.00 0.00 0.00 0.00 23.98 108.42 190.18 269.79 357.33 433.01 492.62 504.01 495.48 481.04 389.55 283.73 175.83 83.55 0.00 0.00 0.00
0.00 0.00 0.00 0.00 0.00 0.00 0.00 0.39 1.35 2.25 3.35 4.27 4.89 5.08 5.20 4.90 4.56 3.57 2.44 1.14 0.35 0.00 0.00 0.00
0.00 0.00 0.00 0.00 0.00 0.00 0.00 2.00 6.85 11.42 16.95 21.61 24.78 25.75 26.35 24.82 23.08 18.08 12.35 5.78 1.77 0.00 0.00 0.00
0.00 0.00 0.00 0.00 0.00 0.00 0.00 10.20 34.98 58.29 86.55 110.33 126.49 131.48 134.55 126.72 117.84 92.29 63.06 29.50 9.03 0.00 0.00 0.00
0.00 0.00 0.00 0.00 0.00 0.00 0.00 0.55 3.76 6.87 10.51 13.96 16.86 18.42 18.91 18.00 16.68 13.59 9.67 5.75 2.68 0.00 0.00 0.00
0.00 0.00 0.00 0.00 0.00 0.00 0.00 15.96 75.92 134.00 195.35 257.95 312.38 382.57 394.02 371.33 350.01 285.03 206.58 125.89 57.84 0.00 0.00 0.00
0.00 0.00 0.00 0.00 0.00 0.00 0.00 1.12 5.54 9.81 15.04 20.92 26.54 30.34 31.21 30.24 26.36 21.33 14.97 8.90 3.52 0.00 0.00 0.00
0.00 0.00 0.00 0.00 0.00 0.00 0.00 13.59 45.75 76.59 108.66 139.30 162.99 173.87 182.04 173.45 154.60 126.68 91.31 57.97 25.68 0.00 0.00 0.00
0.00 0.00 0.00 0.00 0.00 0.00 0.00 0.27 1.27 2.23 3.26 4.30 5.21 6.38 6.57 6.19 5.83 4.75 3.44 2.10 0.96 0.00 0.00 0.00
0.00 0.00 0.00 0.00 0.00 0.00 0.00 11.97 56.94 100.50 146.51 193.47 234.29 286.92 295.52 278.50 262.51 213.77 154.94 94.42 43.38 0.00 0.00 0.00
0.00 0.00 0.00 0.00 0.00 0.00 0.00 15.36 73.07 128.98 188.03 248.28 300.67 368.22 379.25 357.41 336.89 274.34 198.84 121.17 55.67 0.00 0.00 0.00
0.00 0.00 0.00 0.00 0.00 0.00 0.00 31.62 142.98 250.80 355.78 471.23 571.04 649.65 664.67 653.41 634.37 513.71 374.17 231.88 110.18 0.00 0.00 0.00
0.00 0.00 0.00 0.00 0.00 0.00 0.00 0.81 3.16 5.41 8.56 11.30 13.42 14.35 14.47 13.74 10.22 8.07 5.65 3.11 1.08 0.00 0.00 0.00
0.00 0.00 0.00 0.00 0.00 0.00 0.00 1.04 4.01 6.84 10.65 13.96 16.71 17.83 18.05 17.23 12.81 10.07 7.15 4.12 1.44 0.00 0.00 0.00
0.00 0.00 0.00 0.00 0.00 0.00 0.00 4.63 22.87 40.46 62.03 86.30 109.46 125.15 128.75 124.74 108.75 87.98 61.76 36.72 14.52 0.00 0.00 0.00
0.00 0.00 0.00 0.00 0.00 0.00 0.00 30.18 127.87 223.62 334.97 436.58 522.11 559.24 570.33 534.37 479.33 389.01 286.41 181.87 94.93 6.65 0.00 0.00
0.00 0.00 0.00 0.00 0.00 0.00 0.00 0.35 1.15 1.91 2.90 3.80 4.46 4.01 4.04 3.83 3.05 2.45 1.73 0.81 0.28 0.00 0.00 0.00
0.00 0.00 0.00 0.00 0.00 0.00 0.00 5.27 21.35 36.88 52.26 67.55 80.59 73.97 74.89 70.78 80.33 65.45 48.28 32.03 14.53 0.00 0.00 0.00
0.00 0.00 0.00 0.00 0.00 0.00 0.00 0.44 6.76 12.92 19.41 26.02 31.41 34.23 34.78 32.03 29.34 23.54 16.96 10.40 4.98 0.00 0.00 0.00
0.00 0.00 0.00 0.00 0.00 0.00 0.00 1.14 2.95 4.89 6.85 8.74 10.07 9.95 9.96 9.37 7.41 5.86 4.02 2.05 0.73 0.00 0.00 0.00
0.00 0.00 0.00 0.00 0.00 0.00 0.00 0.57 1.48 2.44 3.42 4.37 5.04 4.98 4.98 4.69 3.71 2.93 2.01 1.03 0.37 0.00 0.00 0.00
0.00 0.00 0.00 0.00 0.00 0.00 0.00 1.25 3.23 5.34 7.49 9.56 11.02 10.89 10.89 10.25 8.11 6.41 4.39 2.24 0.80 0.00 0.00 0.00
0.00 0.00 0.00 0.00 0.00 0.00 0.00 1.47 3.89 6.43 9.08 11.45 13.24 13.58 13.62 12.78 10.21 8.02 5.58 2.53 0.89 0.00 0.00 0.00
0.00 0.00 0.00 0.00 0.00 0.00 0.00 2.24 5.93 9.80 13.84 17.44 20.18 20.70 20.75 19.47 15.56 12.23 8.51 3.85 1.36 0.00 0.00 0.00
0.00 0.00 0.00 0.00 0.00 0.00 0.00 1.83 4.96 8.19 11.79 15.31 17.48 18.34 18.40 17.28 12.34 9.93 6.82 3.68 1.35 0.00 0.00 0.00
0.00 0.00 0.00 0.00 0.00 0.00 0.00 1.34 4.00 6.54 9.23 11.63 13.48 12.61 13.16 12.88 13.04 10.43 7.42 4.68 2.02 0.00 0.00 0.00
0.00 0.00 0.00 0.00 0.00 0.00 0.00 3.47 10.34 16.90 23.85 30.04 34.81 32.56 34.00 33.28 33.68 26.94 19.16 12.10 5.21 0.00 0.00 0.00
0.00 0.00 0.00 0.00 0.00 0.00 0.00 0.79 2.54 4.22 5.92 7.59 8.89 9.24 9.45 9.11 8.67 7.02 4.94 3.00 1.28 0.00 0.00 0.00
0.00 0.00 0.00 0.00 0.00 0.00 0.00 1.71 5.17 8.50 12.66 16.86 19.64 16.56 16.87 15.70 15.55 12.39 8.67 4.78 1.57 0.00 0.00 0.00
0.00 0.00 0.00 0.00 0.00 0.00 0.00 3.21 9.24 15.11 21.07 27.21 32.45 34.45 35.15 33.03 21.82 17.31 11.86 7.12 2.46 0.00 0.00 0.00
0.00 0.00 0.00 0.00 0.00 0.00 0.00 0.47 1.24 2.00 2.55 3.23 3.63 4.11 4.03 3.75 3.23 2.54 1.69 0.88 0.23 0.00 0.00 0.00
0.00 0.00 0.00 0.00 0.00 0.00 0.00 2.51 7.35 12.11 16.66 20.72 23.33 23.80 24.05 22.33 22.24 17.20 11.41 4.72 1.31 0.00 0.00 0.00
0.00 0.00 0.00 0.00 0.00 0.00 0.00 1.78 4.97 8.17 11.50 14.44 15.85 16.52 16.17 15.23 12.39 9.63 6.49 2.78 0.73 0.00 0.00 0.00
0.00 0.00 0.00 0.00 0.00 0.00 0.00 2.45 6.86 11.27 15.86 19.92 21.88 22.80 22.31 21.02 17.09 13.28 8.96 3.84 1.01 0.00 0.00 0.00
0.00 0.00 0.00 0.00 0.00 0.00 0.00 1.67 4.68 7.68 10.81 13.57 14.90 15.53 15.20 14.32 11.64 9.05 6.10 2.61 0.69 0.00 0.00 0.00
0.00 0.00 0.00 0.00 0.00 0.00 0.00 1.34 3.92 6.46 8.88 11.05 12.44 12.69 12.83 11.91 11.86 9.17 6.09 2.52 0.70 0.00 0.00 0.00
0.00 0.00 0.00 0.00 0.00 0.00 0.00 1.31 3.57 5.88 8.43 10.56 11.86 12.23 12.25 11.33 8.14 6.42 4.44 2.41 0.59 0.00 0.00 0.00
0.00 0.00 0.00 0.00 0.00 0.00 0.00 1.13 3.88 6.46 9.59 12.23 14.02 14.57 14.91 14.04 13.06 10.23 6.99 3.27 1.00 0.00 0.00 0.00
0.00 0.00 0.00 0.00 0.00 0.00 0.00 5.26 30.76 55.09 86.09 112.57 128.42 143.69 146.43 139.77 126.60 100.15 68.44 33.67 10.86 0.00 0.00 0.00
0.00 0.00 0.00 0.00 0.00 0.00 0.00 1.37 4.92 8.31 12.96 17.46 20.76 21.50 21.54 20.46 15.10 12.27 8.59 4.63 1.62 0.00 0.00 0.00
0.00 0.00 0.00 0.00 0.00 0.00 0.00 2.39 7.88 13.04 19.52 25.70 30.69 28.93 29.56 27.69 25.56 20.49 14.34 8.06 2.67 0.00 0.00 0.00
0.00 0.00 0.00 0.00 0.00 0.00 0.00 1.09 3.61 5.98 8.95 11.78 14.07 13.26 13.55 12.69 11.71 9.39 6.57 3.69 1.23 0.00 0.00 0.00
0.00 0.00 0.00 0.00 0.00 0.00 0.00 1.72 6.12 10.33 16.10 21.61 25.76 26.46 26.34 25.01 17.72 14.34 10.15 5.32 1.87 0.00 0.00 0.00
0.00 0.00 0.00 0.00 0.00 0.00 0.00 0.86 2.79 4.63 7.05 9.23 10.84 9.75 9.81 9.31 7.41 5.96 4.21 1.98 0.67 0.00 0.00 0.00
0.00 0.00 0.00 0.00 0.00 0.00 0.00 4.80 23.68 41.89 64.23 89.35 113.33 129.58 133.31 129.15 112.60 91.09 63.95 38.02 15.03 0.00 0.00 0.00
0.00 0.00 0.00 0.00 0.00 0.00 0.00 3.25 10.94 18.32 25.98 33.31 38.98 41.58 43.53 41.48 36.97 30.29 21.84 13.86 6.14 0.00 0.00 0.00
0.00 0.00 0.00 0.00 0.00 0.00 0.00 0.69 2.39 4.03 5.85 7.49 8.85 9.14 9.31 8.88 8.03 6.53 4.66 3.16 1.39 0.00 0.00 0.00
0.00 0.00 0.00 0.00 0.00 0.00 0.00 0.80 2.90 4.93 7.14 9.17 10.78 11.90 12.28 11.96 10.58 8.40 6.00 4.05 1.73 0.00 0.00 0.00
0.00 0.00 0.00 0.00 0.00 0.00 0.00 1.28 4.65 7.88 11.42 14.67 17.26 19.04 19.65 19.13 16.93 13.44 9.60 6.47 2.77 0.00 0.00 0.00
0.00 0.00 0.00 0.00 0.00 0.00 0.00 15.05 102.49 186.96 286.26 380.25 459.02 501.57 514.87 490.21 454.12 370.20 263.42 156.46 73.03 0.00 0.00 0.00
