0.00 0.00 0.00 0.00 0.00 0.00 0.00 0.00 0.20 1.05 2.04 2.87 3.56 4.15 4.23 4.04 3.46 2.49 1.50 0.16 0.00 0.00 0.00 0.00
0.00 0.00 0.00 0.00 0.00 0.00 0.00 0.00 9.41 26.11 42.31 57.74 66.62 49.77 48.63 44.33 35.93 24.82 13.65 0.46 0.00 0.00 0.00 0.00
0.00 0.00 0.00 0.00 0.00 0.00 0.00 0.00 4.61 23.92 46.62 65.73 81.42 94.86 96.83 92.32 79.11 57.01 34.38 3.61 0.00 0.00 0.00 0.00
0.00 0.00 0.00 0.00 0.00 0.00 0.00 0.00 16.37 85.03 165.67 233.61 289.35 337.11 344.14 328.12 281.17 202.60 122.20 12.84 0.00 0.00 0.00 0.00
0.00 0.00 0.00 0.00 0.00 0.00 0.00 0.00 1.96 4.68 7.46 9.78 11.03 9.85 9.47 8.36 5.88 3.94 1.99 0.00 0.00 0.00 0.00 0.00
0.00 0.00 0.00 0.00 0.00 0.00 0.00 0.00 22.18 141.96 316.47 448.52 560.41 699.89 726.55 698.31 596.18 431.20 265.34 40.24 0.00 0.00 0.00 0.00
0.00 0.00 0.00 0.00 0.00 0.00 0.00 0.00 0.85 2.40 4.33 5.92 6.98 7.71 7.75 7.12 5.86 3.94 2.11 0.00 0.00 0.00 0.00 0.00
0.00 0.00 0.00 0.00 0.00 0.00 0.00 0.00 0.53 1.48 2.54 3.44 3.88 4.25 4.16 3.83 3.22 2.23 1.22 0.03 0.00 0.00 0.00 0.00
0.00 0.00 0.00 0.00 0.00 0.00 0.00 0.00 0.85 2.37 4.06 5.51 6.21 6.80 6.66 6.13 5.16 3.57 1.96 0.04 0.00 0.00 0.00 0.00
0.00 0.00 0.00 0.00 0.00 0.00 0.00 0.00 0.85 2.37 4.06 5.51 6.21 6.80 6.66 6.13 5.16 3.57 1.96 0.04 0.00 0.00 0.00 0.00
0.00 0.00 0.00 0.00 0.00 0.00 0.00 0.00 1.56 4.83 8.69 12.25 14.40 16.33 16.09 15.13 13.00 9.08 5.10 0.17 0.00 0.00 0.00 0.00
0.00 0.00 0.00 0.00 0.00 0.00 0.00 0.00 0.76 2.32 4.16 5.89 6.85 7.71 7.62 7.23 6.15 4.28 2.40 0.08 0.00 0.00 0.00 0.00
0.00 0.00 0.00 0.00 0.00 0.00 0.00 0.00 0.97 2.99 5.35 7.57 8.80 9.92 9.80 9.29 7.91 5.50 3.09 0.10 0.00 0.00 0.00 0.00
0.00 0.00 0.00 0.00 0.00 0.00 0.00 0.00 0.65 1.99 3.57 5.05 5.87 6.61 6.53 6.19 5.27 3.67 2.06 0.06 0.00 0.00 0.00 0.00
0.00 0.00 0.00 0.00 0.00 0.00 0.00 0.00 0.65 1.99 3.57 5.05 5.87 6.61 6.53 6.19 5.27 3.67 2.06 0.06 0.00 0.00 0.00 0.00
0.00 0.00 0.00 0.00 0.00 0.00 0.00 0.00 9.08 29.38 52.32 74.28 87.37 84.38 84.39 78.60 59.31 41.55 24.05 2.06 0.00 0.00 0.00 0.00
0.00 0.00 0.00 0.00 0.00 0.00 0.00 0.00 4.97 15.02 26.91 37.59 43.69 48.60 48.43 44.97 38.60 27.04 15.04 0.39 0.00 0.00 0.00 0.00
0.00 0.00 0.00 0.00 0.00 0.00 0.00 0.00 3.83 12.02 20.06 27.85 33.44 40.44 40.39 37.95 32.94 23.12 12.95 0.36 0.00 0.00 0.00 0.00
0.00 0.00 0.00 0.00 0.00 0.00 0.00 0.00 6.54 41.87 93.35 132.30 165.30 206.44 214.31 205.98 175.85 127.19 78.27 11.87 0.00 0.00 0.00 0.00
0.00 0.00 0.00 0.00 0.00 0.00 0.00 0.00 6.22 39.83 88.79 125.84 157.24 196.37 203.85 195.93 167.27 120.99 74.45 11.29 0.00 0.00 0.00 0.00
0.00 0.00 0.00 0.00 0.00 0.00 0.00 0.00 11.97 76.60 170.76 242.01 302.38 377.64 392.02 376.78 321.68 232.66 143.17 21.71 0.00 0.00 0.00 0.00
0.00 0.00 0.00 0.00 0.00 0.00 0.00 0.00 11.77 75.32 167.91 237.97 297.34 371.34 385.49 370.50 316.32 228.79 140.78 21.35 0.00 0.00 0.00 0.00
0.00 0.00 0.00 0.00 0.00 0.00 0.00 0.00 17.27 98.06 209.35 292.22 367.56 444.37 457.03 431.76 373.90 268.99 162.82 17.80 0.00 0.00 0.00 0.00
0.00 0.00 0.00 0.00 0.00 0.00 0.00 0.00 0.53 1.48 2.54 3.44 3.88 4.25 4.16 3.83 3.22 2.23 1.22 0.03 0.00 0.00 0.00 0.00
0.00 0.00 0.00 0.00 0.00 0.00 0.00 0.00 2.70 7.50 12.87 17.43 19.66 21.53 21.09 19.43 16.33 11.29 6.19 0.13 0.00 0.00 0.00 0.00
0.00 0.00 0.00 0.00 0.00 0.00 0.00 0.00 13.76 38.27 65.71 89.00 100.38 109.94 107.65 99.18 83.36 57.66 31.62 0.67 0.00 0.00 0.00 0.00
0.00 0.00 0.00 0.00 0.00 0.00 0.00 0.00 0.45 2.86 6.37 9.03 11.29 14.10 14.64 14.07 12.01 8.69 5.35 0.81 0.00 0.00 0.00 0.00
0.00 0.00 0.00 0.00 0.00 0.00 0.00 0.00 16.11 83.70 163.09 229.97 284.84 331.86 338.78 323.00 276.79 199.44 120.30 12.64 0.00 0.00 0.00 0.00
0.00 0.00 0.00 0.00 0.00 0.00 0.00 0.00 1.64 6.35 12.03 17.57 22.19 24.69 26.07 25.32 20.69 15.19 8.95 0.70 0.00 0.00 0.00 0.00
0.00 0.00 0.00 0.00 0.00 0.00 0.00 0.00 12.48 49.82 93.40 129.78 154.16 172.28 178.43 165.87 140.27 97.41 56.57 3.81 0.00 0.00 0.00 0.00
0.00 0.00 0.00 0.00 0.00 0.00 0.00 0.00 0.27 1.40 2.72 3.83 4.75 5.53 5.65 5.38 4.61 3.32 2.00 0.21 0.00 0.00 0.00 0.00
0.00 0.00 0.00 0.00 0.00 0.00 0.00 0.00 12.09 62.78 122.32 172.48 213.63 248.89 254.08 242.25 207.59 149.58 90.22 9.48 0.00 0.00 0.00 0.00
0.00 0.00 0.00 0.00 0.00 0.00 0.00 0.00 15.51 80.56 156.98 221.35 274.16 319.41 326.07 310.89 266.41 191.96 115.79 12.16 0.00 0.00 0.00 0.00
0.00 0.00 0.00 0.00 0.00 0.00 0.00 0.00 22.77 129.31 276.08 385.37 484.72 586.02 602.71 569.39 493.07 354.73 214.72 23.47 0.00 0.00 0.00 0.00
0.00 0.00 0.00 0.00 0.00 0.00 0.00 0.00 1.13 3.56 6.41 9.06 10.69 12.32 12.13 11.17 9.71 6.89 3.91 0.15 0.00 0.00 0.00 0.00
0.00 0.00 0.00 0.00 0.00 0.00 0.00 0.00 1.44 4.52 8.11 11.40 13.55 15.30 15.01 14.15 12.13 8.58 4.86 0.18 0.00 0.00 0.00 0.00
0.00 0.00 0.00 0.00 0.00 0.00 0.00 0.00 6.76 26.17 49.62 72.46 91.54 101.85 107.54 104.46 85.35 62.66 36.94 2.90 0.00 0.00 0.00 0.00
0.00 0.00 0.00 0.00 0.00 0.00 0.00 0.00 10.90 109.71 227.62 323.30 403.68 452.94 467.71 438.95 372.37 272.13 168.13 22.72 0.00 0.00 0.00 0.00
0.00 0.00 0.00 0.00 0.00 0.00 0.00 0.00 0.42 1.24 2.20 2.96 3.46 3.77 3.73 3.43 2.97 2.06 1.13 0.03 0.00 0.00 0.00 0.00
0.00 0.00 0.00 0.00 0.00 0.00 0.00 0.00 4.34 20.16 43.39 60.91 74.59 85.84 88.36 82.58 69.61 49.70 29.54 2.84 0.00 0.00 0.00 0.00
0.00 0.00 0.00 0.00 0.00 0.00 0.00 0.00 0.72 6.88 14.38 20.78 25.43 29.24 30.28 28.70 24.54 17.92 11.31 1.71 0.00 0.00 0.00 0.00
0.00 0.00 0.00 0.00 0.00 0.00 0.00 0.00 0.91 2.52 4.97 6.83 8.14 9.01 8.80 8.12 6.54 4.42 2.33 0.00 0.00 0.00 0.00 0.00
0.00 0.00 0.00 0.00 0.00 0.00 0.00 0.00 0.46 1.26 2.48 3.41 4.07 4.50 4.40 4.06 3.27 2.21 1.17 0.00 0.00 0.00 0.00 0.00
0.00 0.00 0.00 0.00 0.00 0.00 0.00 0.00 1.00 2.75 5.44 7.47 8.90 9.85 9.62 8.88 7.16 4.84 2.55 0.00 0.00 0.00 0.00 0.00
0.00 0.00 0.00 0.00 0.00 0.00 0.00 0.00 1.03 2.85 5.67 7.68 9.11 10.78 10.67 9.85 8.33 5.60 2.96 0.00 0.00 0.00 0.00 0.00
0.00 0.00 0.00 0.00 0.00 0.00 0.00 0.00 1.57 4.34 8.64 11.70 13.89 16.43 16.26 15.01 12.69 8.53 4.51 0.00 0.00 0.00 0.00 0.00
0.00 0.00 0.00 0.00 0.00 0.00 0.00 0.00 1.69 4.82 8.80 11.88 14.13 15.75 15.86 14.59 11.79 8.06 4.32 0.02 0.00 0.00 0.00 0.00
0.00 0.00 0.00 0.00 0.00 0.00 0.00 0.00 1.19 4.23 7.73 10.54 12.43 13.47 13.70 12.73 10.57 7.37 4.17 0.16 0.00 0.00 0.00 0.00
0.00 0.00 0.00 0.00 0.00 0.00 0.00 0.00 3.08 10.93 19.97 27.23 32.10 34.79 35.39 32.90 27.31 19.03 10.78 0.42 0.00 0.00 0.00 0.00
0.00 0.00 0.00 0.00 0.00 0.00 0.00 0.00 0.75 2.73 5.07 6.89 8.27 9.17 9.41 8.62 7.30 5.00 2.86 0.17 0.00 0.00 0.00 0.00
0.00 0.00 0.00 0.00 0.00 0.00 0.00 0.00 2.01 5.63 9.24 12.56 14.41 13.16 13.14 12.00 12.26 8.38 4.52 0.03 0.00 0.00 0.00 0.00
0.00 0.00 0.00 0.00 0.00 0.00 0.00 0.00 3.17 8.98 11.69 15.86 18.70 24.24 24.73 22.73 21.78 14.65 7.89 0.02 0.00 0.00 0.00 0.00
0.00 0.00 0.00 0.00 0.00 0.00 0.00 0.00 0.59 1.42 2.31 3.07 3.41 3.35 3.28 2.94 2.24 1.53 0.78 0.00 0.00 0.00 0.00 0.00
0.00 0.00 0.00 0.00 0.00 0.00 0.00 0.00 3.19 8.15 13.43 17.88 20.22 21.98 21.18 19.13 14.79 10.18 5.36 0.00 0.00 0.00 0.00 0.00
0.00 0.00 0.00 0.00 0.00 0.00 0.00 0.00 2.18 5.39 8.90 11.74 13.03 13.61 13.32 11.95 8.68 5.81 3.00 0.00 0.00 0.00 0.00 0.00
0.00 0.00 0.00 0.00 0.00 0.00 0.00 0.00 3.01 7.44 12.28 16.21 17.98 18.78 18.39 16.49 11.98 8.02 4.14 0.00 0.00 0.00 0.00 0.00
0.00 0.00 0.00 0.00 0.00 0.00 0.00 0.00 2.05 5.07 8.37 11.04 12.25 12.79 12.53 11.23 8.16 5.46 2.82 0.00 0.00 0.00 0.00 0.00
0.00 0.00 0.00 0.00 0.00 0.00 0.00 0.00 1.70 4.34 7.16 9.54 10.78 11.72 11.29 10.20 7.89 5.43 2.86 0.00 0.00 0.00 0.00 0.00
0.00 0.00 0.00 0.00 0.00 0.00 0.00 0.00 1.69 4.07 6.36 8.43 9.51 9.17 8.95 8.01 5.40 3.58 1.83 0.00 0.00 0.00 0.00 0.00
0.00 0.00 0.00 0.00 0.00 0.00 0.00 0.00 1.53 4.24 7.28 9.86 11.13 12.18 11.93 10.99 9.24 6.39 3.50 0.07 0.00 0.00 0.00 0.00
0.00 0.00 0.00 0.00 0.00 0.00 0.00 0.00 11.82 38.24 68.10 96.68 113.72 109.82 109.84 102.30 77.20 54.08 31.30 2.68 0.00 0.00 0.00 0.00
0.00 0.00 0.00 0.00 0.00 0.00 0.00 0.00 1.77 5.47 9.84 13.88 16.32 18.51 18.23 17.15 14.73 10.29 5.78 0.19 0.00 0.00 0.00 0.00
0.00 0.00 0.00 0.00 0.00 0.00 0.00 0.00 3.01 8.72 15.32 20.79 24.18 26.48 26.47 24.69 20.91 14.65 8.06 0.15 0.00 0.00 0.00 0.00
0.00 0.00 0.00 0.00 0.00 0.00 0.00 0.00 1.38 4.00 7.02 9.53 11.08 12.14 12.13 11.32 9.58 6.72 3.70 0.07 0.00 0.00 0.00 0.00
0.00 0.00 0.00 0.00 0.00 0.00 0.00 0.00 2.17 6.72 12.08 16.99 19.98 22.72 22.43 21.00 18.02 12.70 7.13 0.22 0.00 0.00 0.00 0.00
0.00 0.00 0.00 0.00 0.00 0.00 0.00 0.00 1.02 3.01 5.34 7.19 8.40 9.17 9.05 8.33 7.22 5.01 2.76 0.06 0.00 0.00 0.00 0.00
0.00 0.00 0.00 0.00 0.00 0.00 0.00 0.00 7.00 27.10 51.37 75.02 94.78 105.45 111.35 108.15 88.37 64.87 38.24 3.00 0.00 0.00 0.00 0.00
0.00 0.00 0.00 0.00 0.00 0.00 0.00 0.00 2.98 11.91 22.33 31.03 36.87 41.20 42.67 39.66 33.54 23.29 13.53 0.91 0.00 0.00 0.00 0.00
0.00 0.00 0.00 0.00 0.00 0.00 0.00 0.00 0.65 2.60 4.91 6.87 8.22 9.24 9.42 8.73 7.34 5.22 3.04 0.21 0.00 0.00 0.00 0.00
0.00 0.00 0.00 0.00 0.00 0.00 0.00 0.00 0.79 3.09 5.89 8.14 9.87 11.23 11.37 10.54 9.05 6.46 3.75 0.23 0.00 0.00 0.00 0.00
0.00 0.00 0.00 0.00 0.00 0.00 0.00 0.00 1.27 4.94 9.42 13.03 15.79 17.97 18.20 16.86 14.48 10.34 6.01 0.37 0.00 0.00 0.00 0.00
0.00 0.00 0.00 0.00 0.00 0.00 0.00 0.00 12.17 77.88 173.60 246.04 307.42 383.93 398.56 383.06 327.04 236.54 145.56 22.07 0.00 0.00 0.00 0.00
