0.00 0.00 0.00 0.00 0.00 0.00 0.00 0.00 0.00 0.61 1.84 2.79 3.77 4.42 4.63 4.46 3.75 2.80 1.83 0.41 0.00 0.00 0.00 0.00
0.00 0.00 0.00 0.00 0.00 0.00 0.00 0.00 0.00 12.50 24.82 37.64 47.44 51.24 53.04 50.97 47.75 35.99 22.08 3.85 0.00 0.00 0.00 0.00
0.00 0.00 0.00 0.00 0.00 0.00 0.00 0.00 0.00 13.99 42.13 63.80 86.19 101.08 105.94 102.08 85.80 64.12 41.74 9.26 0.00 0.00 0.00 0.00
0.00 0.00 0.00 0.00 0.00 0.00 0.00 0.00 0.00 49.73 149.74 226.76 306.31 359.23 376.50 362.80 304.92 227.87 148.33 32.92 0.00 0.00 0.00 0.00
0.00 0.00 0.00 0.00 0.00 0.00 0.00 0.00 0.10 2.34 3.15 4.67 5.87 7.30 7.23 6.86 6.89 5.02 2.88 0.25 0.00 0.00 0.00 0.00
0.00 0.00 0.00 0.00 0.00 0.00 0.00 0.00 0.00 104.78 334.29 512.31 693.10 823.06 881.75 851.34 739.68 548.51 358.78 88.44 0.00 0.00 0.00 0.00
0.00 0.00 0.00 0.00 0.00 0.00 0.00 0.00 0.00 1.27 3.30 5.03 6.55 7.70 7.74 7.49 6.17 4.32 2.55 0.24 0.00 0.00 0.00 0.00
0.00 0.00 0.00 0.00 0.00 0.00 0.00 0.00 0.00 0.66 1.37 2.11 2.80 3.50 3.58 3.52 3.15 2.35 1.44 0.29 0.00 0.00 0.00 0.00
0.00 0.00 0.00 0.00 0.00 0.00 0.00 0.00 0.00 1.06 2.19 3.37 4.49 5.60 5.73 5.63 5.05 3.76 2.30 0.47 0.00 0.00 0.00 0.00
0.00 0.00 0.00 0.00 0.00 0.00 0.00 0.00 0.00 1.06 2.19 3.37 4.49 5.60 5.73 5.63 5.05 3.76 2.30 0.47 0.00 0.00 0.00 0.00
0.00 0.00 0.00 0.00 0.00 0.00 0.00 0.00 0.00 2.46 5.91 9.04 12.38 14.87 15.36 15.07 13.29 9.76 6.05 1.29 0.00 0.00 0.00 0.00
0.00 0.00 0.00 0.00 0.00 0.00 0.00 0.00 0.00 1.17 2.78 4.33 5.88 7.06 7.29 7.13 6.31 4.67 2.89 0.65 0.00 0.00 0.00 0.00
0.00 0.00 0.00 0.00 0.00 0.00 0.00 0.00 0.00 1.50 3.58 5.56 7.56 9.08 9.37 9.17 8.11 6.00 3.72 0.83 0.00 0.00 0.00 0.00
0.00 0.00 0.00 0.00 0.00 0.00 0.00 0.00 0.00 1.00 2.38 3.71 5.04 6.06 6.25 6.12 5.40 4.00 2.48 0.55 0.00 0.00 0.00 0.00
0.00 0.00 0.00 0.00 0.00 0.00 0.00 0.00 0.00 1.00 2.38 3.71 5.04 6.06 6.25 6.12 5.40 4.00 2.48 0.55 0.00 0.00 0.00 0.00
0.00 0.00 0.00 0.00 0.00 0.00 0.00 0.00 0.00 14.74 31.80 48.93 63.21 74.38 78.54 76.15 72.34 53.68 34.19 10.00 0.00 0.00 0.00 0.00
0.00 0.00 0.00 0.00 0.00 0.00 0.00 0.00 0.00 7.53 18.12 28.07 38.81 44.70 45.38 44.59 39.59 29.14 17.92 3.50 0.00 0.00 0.00 0.00
0.00 0.00 0.00 0.00 0.00 0.00 0.00 0.00 0.00 6.60 16.32 25.23 33.58 38.10 39.15 38.01 34.04 25.06 15.46 2.78 0.00 0.00 0.00 0.00
0.00 0.00 0.00 0.00 0.00 0.00 0.00 0.00 0.00 30.91 98.60 151.11 204.44 242.77 260.08 251.11 218.18 161.79 105.83 26.09 0.00 0.00 0.00 0.00
0.00 0.00 0.00 0.00 0.00 0.00 0.00 0.00 0.00 29.40 93.79 143.74 194.47 230.93 247.40 238.86 207.54 153.90 100.67 24.81 0.00 0.00 0.00 0.00
0.00 0.00 0.00 0.00 0.00 0.00 0.00 0.00 0.00 56.54 180.37 276.43 373.98 444.10 475.76 459.36 399.11 295.96 193.59 47.72 0.00 0.00 0.00 0.00
0.00 0.00 0.00 0.00 0.00 0.00 0.00 0.00 0.00 55.60 177.37 271.82 367.74 436.69 467.83 451.70 392.46 291.03 190.36 46.92 0.00 0.00 0.00 0.00
0.00 0.00 0.00 0.00 0.00 0.00 0.00 0.00 0.00 61.29 192.05 293.04 396.02 466.74 484.31 469.32 395.58 294.45 192.00 43.68 0.00 0.00 0.00 0.00
0.00 0.00 0.00 0.00 0.00 0.00 0.00 0.00 0.00 0.66 1.37 2.11 2.80 3.50 3.58 3.52 3.15 2.35 1.44 0.29 0.00 0.00 0.00 0.00
0.00 0.00 0.00 0.00 0.00 0.00 0.00 0.00 0.00 3.37 6.95 10.68 14.21 17.72 18.15 17.81 15.98 11.91 7.28 1.48 0.00 0.00 0.00 0.00
0.00 0.00 0.00 0.00 0.00 0.00 0.00 0.00 0.00 17.19 35.47 54.53 72.55 90.46 92.64 90.95 81.57 60.82 37.18 7.57 0.00 0.00 0.00 0.00
0.00 0.00 0.00 0.00 0.00 0.00 0.00 0.00 0.00 2.11 6.73 10.32 13.96 16.58 17.76 17.15 14.90 11.05 7.23 1.78 0.00 0.00 0.00 0.00
0.00 0.00 0.00 0.00 0.00 0.00 0.00 0.00 0.00 48.95 147.41 223.22 301.54 353.63 370.63 357.14 300.17 224.32 146.02 32.41 0.00 0.00 0.00 0.00
0.00 0.00 0.00 0.00 0.00 0.00 0.00 0.00 0.00 4.04 10.62 16.03 21.81 24.77 26.54 25.64 23.02 17.81 11.44 2.58 0.00 0.00 0.00 0.00
0.00 0.00 0.00 0.00 0.00 0.00 0.00 0.00 0.00 26.88 74.91 111.65 145.62 166.72 169.70 163.17 135.88 101.03 63.65 10.12 0.00 0.00 0.00 0.00
0.00 0.00 0.00 0.00 0.00 0.00 0.00 0.00 0.00 0.82 2.46 3.72 5.03 5.89 6.18 5.95 5.00 3.74 2.43 0.54 0.00 0.00 0.00 0.00
0.00 0.00 0.00 0.00 0.00 0.00 0.00 0.00 0.00 36.72 110.56 167.42 226.15 265.22 277.97 267.86 225.13 168.24 109.51 24.31 0.00 0.00 0.00 0.00
0.00 0.00 0.00 0.00 0.00 0.00 0.00 0.00 0.00 47.12 141.88 214.85 290.23 340.37 356.73 343.75 288.91 215.91 140.54 31.19 0.00 0.00 0.00 0.00
0.00 0.00 0.00 0.00 0.00 0.00 0.00 0.00 0.00 80.82 253.27 386.44 522.25 615.51 638.68 618.91 521.67 388.31 253.20 57.60 0.00 0.00 0.00 0.00
0.00 0.00 0.00 0.00 0.00 0.00 0.00 0.00 0.00 1.77 4.25 6.70 9.18 10.98 11.58 11.26 9.93 7.39 4.62 1.12 0.00 0.00 0.00 0.00
0.00 0.00 0.00 0.00 0.00 0.00 0.00 0.00 0.00 2.16 5.32 8.45 11.54 13.69 14.49 14.12 12.33 9.15 5.71 1.34 0.00 0.00 0.00 0.00
0.00 0.00 0.00 0.00 0.00 0.00 0.00 0.00 0.00 16.66 43.82 66.10 89.95 102.18 109.49 105.78 94.97 73.48 47.20 10.64 0.00 0.00 0.00 0.00
0.00 0.00 0.00 0.00 0.00 0.00 0.00 0.00 0.00 39.31 93.80 148.57 206.09 278.90 297.94 287.11 395.90 300.80 197.99 46.39 0.00 0.00 0.00 0.00
0.00 0.00 0.00 0.00 0.00 0.00 0.00 0.00 0.00 0.54 1.42 2.21 3.02 3.54 3.60 3.45 3.08 2.29 1.40 0.24 0.00 0.00 0.00 0.00
0.00 0.00 0.00 0.00 0.00 0.00 0.00 0.00 0.00 12.75 37.46 56.29 76.22 88.06 91.32 87.62 73.61 54.24 34.85 6.84 0.00 0.00 0.00 0.00
0.00 0.00 0.00 0.00 0.00 0.00 0.00 0.00 0.00 3.71 12.77 19.93 27.73 33.13 35.38 33.42 28.61 21.40 13.77 3.80 0.00 0.00 0.00 0.00
0.00 0.00 0.00 0.00 0.00 0.00 0.00 0.00 0.00 1.27 3.79 5.63 7.23 8.54 8.76 8.33 7.13 5.05 2.96 0.24 0.00 0.00 0.00 0.00
0.00 0.00 0.00 0.00 0.00 0.00 0.00 0.00 0.00 0.63 1.89 2.81 3.62 4.27 4.38 4.16 3.56 2.53 1.48 0.12 0.00 0.00 0.00 0.00
0.00 0.00 0.00 0.00 0.00 0.00 0.00 0.00 0.00 1.39 4.14 6.16 7.91 9.34 9.58 9.11 7.79 5.53 3.23 0.27 0.00 0.00 0.00 0.00
0.00 0.00 0.00 0.00 0.00 0.00 0.00 0.00 0.00 1.65 4.89 7.31 9.49 11.32 11.56 11.12 9.24 6.56 3.85 0.35 0.00 0.00 0.00 0.00
0.00 0.00 0.00 0.00 0.00 0.00 0.00 0.00 0.00 2.51 7.45 11.14 14.45 17.25 17.62 16.94 14.08 9.99 5.87 0.53 0.00 0.00 0.00 0.00
0.00 0.00 0.00 0.00 0.00 0.00 0.00 0.00 0.00 2.64 6.73 10.19 13.26 15.59 15.69 15.25 12.45 8.67 5.13 0.52 0.00 0.00 0.00 0.00
0.00 0.00 0.00 0.00 0.00 0.00 0.00 0.00 0.00 2.27 6.09 9.06 11.87 13.62 13.73 12.98 10.73 7.81 4.82 0.65 0.00 0.00 0.00 0.00
0.00 0.00 0.00 0.00 0.00 0.00 0.00 0.00 0.00 5.87 15.74 23.40 30.66 35.18 35.48 33.53 27.71 20.17 12.46 1.68 0.00 0.00 0.00 0.00
0.00 0.00 0.00 0.00 0.00 0.00 0.00 0.00 0.00 1.48 3.96 5.94 7.86 8.94 9.04 8.61 7.37 5.47 3.40 0.50 0.00 0.00 0.00 0.00
0.00 0.00 0.00 0.00 0.00 0.00 0.00 0.00 0.00 2.31 6.09 9.49 12.38 15.08 15.67 15.21 13.15 9.61 5.79 0.83 0.00 0.00 0.00 0.00
0.00 0.00 0.00 0.00 0.00 0.00 0.00 0.00 0.00 4.63 11.75 18.06 23.59 27.54 28.09 27.26 22.94 16.65 9.96 1.20 0.00 0.00 0.00 0.00
0.00 0.00 0.00 0.00 0.00 0.00 0.00 0.00 0.02 0.65 0.92 1.34 1.66 2.79 2.79 2.68 2.46 1.80 1.04 0.10 0.00 0.00 0.00 0.00
0.00 0.00 0.00 0.00 0.00 0.00 0.00 0.00 0.00 3.62 6.57 10.01 12.65 17.25 17.32 16.96 15.05 10.90 6.45 0.93 0.00 0.00 0.00 0.00
0.00 0.00 0.00 0.00 0.00 0.00 0.00 0.00 0.01 2.59 3.86 5.84 7.23 10.75 10.92 10.55 9.59 6.89 4.02 0.49 0.00 0.00 0.00 0.00
0.00 0.00 0.00 0.00 0.00 0.00 0.00 0.00 0.02 3.57 5.32 8.06 9.98 14.83 15.07 14.56 13.23 9.51 5.55 0.68 0.00 0.00 0.00 0.00
0.00 0.00 0.00 0.00 0.00 0.00 0.00 0.00 0.01 2.43 3.63 5.49 6.80 10.10 10.26 9.92 9.01 6.48 3.78 0.46 0.00 0.00 0.00 0.00
0.00 0.00 0.00 0.00 0.00 0.00 0.00 0.00 0.00 1.93 3.50 5.34 6.75 9.20 9.23 9.04 8.03 5.81 3.44 0.50 0.00 0.00 0.00 0.00
0.00 0.00 0.00 0.00 0.00 0.00 0.00 0.00 0.07 2.10 2.98 4.47 5.45 7.02 7.06 6.63 6.30 4.62 2.67 0.26 0.00 0.00 0.00 0.00
0.00 0.00 0.00 0.00 0.00 0.00 0.00 0.00 0.00 1.91 3.93 6.04 8.04 10.02 10.27 10.08 9.04 6.74 4.12 0.84 0.00 0.00 0.00 0.00
0.00 0.00 0.00 0.00 0.00 0.00 0.00 0.00 0.00 19.18 41.39 63.69 82.27 96.81 102.23 99.11 94.15 69.86 44.50 13.02 0.00 0.00 0.00 0.00
0.00 0.00 0.00 0.00 0.00 0.00 0.00 0.00 0.00 2.79 6.70 10.24 14.03 16.85 17.41 17.08 15.07 11.06 6.85 1.46 0.00 0.00 0.00 0.00
0.00 0.00 0.00 0.00 0.00 0.00 0.00 0.00 0.00 3.95 9.29 14.76 19.72 23.93 24.29 24.23 21.38 15.60 9.54 1.87 0.00 0.00 0.00 0.00
0.00 0.00 0.00 0.00 0.00 0.00 0.00 0.00 0.00 1.81 4.26 6.76 9.04 10.97 11.13 11.11 9.80 7.15 4.37 0.86 0.00 0.00 0.00 0.00
0.00 0.00 0.00 0.00 0.00 0.00 0.00 0.00 0.00 3.45 8.29 12.62 17.38 20.81 21.42 20.88 18.48 13.62 8.43 1.73 0.00 0.00 0.00 0.00
0.00 0.00 0.00 0.00 0.00 0.00 0.00 0.00 0.00 1.32 3.45 5.36 7.33 8.61 8.73 8.38 7.49 5.56 3.39 0.59 0.00 0.00 0.00 0.00
0.00 0.00 0.00 0.00 0.00 0.00 0.00 0.00 0.00 17.25 45.37 68.44 93.13 105.79 113.36 109.52 98.33 76.08 48.86 11.02 0.00 0.00 0.00 0.00
0.00 0.00 0.00 0.00 0.00 0.00 0.00 0.00 0.00 6.43 17.91 26.70 34.82 39.87 40.58 39.02 32.49 24.16 15.22 2.42 0.00 0.00 0.00 0.00
0.00 0.00 0.00 0.00 0.00 0.00 0.00 0.00 0.00 1.45 4.03 6.03 7.96 8.90 9.15 8.84 7.54 5.55 3.50 0.58 0.00 0.00 0.00 0.00
0.00 0.00 0.00 0.00 0.00 0.00 0.00 0.00 0.00 1.83 4.99 7.52 9.76 11.26 11.56 11.05 9.47 7.10 4.48 0.76 0.00 0.00 0.00 0.00
0.00 0.00 0.00 0.00 0.00 0.00 0.00 0.00 0.00 2.93 7.98 12.04 15.62 18.02 18.50 17.68 15.16 11.36 7.17 1.21 0.00 0.00 0.00 0.00
0.00 0.00 0.00 0.00 0.00 0.00 0.00 0.00 0.00 57.48 183.38 281.03 380.21 451.50 483.69 467.01 405.76 300.89 196.81 48.51 0.00 0.00 0.00 0.00
