0.00 0.00 0.00 0.00 0.00 0.00 0.00 0.00 0.07 1.04 2.16 3.27 4.20 4.74 4.91 4.71 4.14 3.19 1.98 0.63 0.00 0.00 0.00 0.00
0.00 0.00 0.00 0.00 0.00 0.00 0.00 0.00 1.33 5.14 8.46 12.14 15.08 24.05 24.52 23.72 24.76 18.39 11.30 2.63 0.00 0.00 0.00 0.00
0.00 0.00 0.00 0.00 0.00 0.00 0.00 0.00 1.49 23.80 49.33 74.70 96.06 108.28 112.28 107.62 94.59 73.01 45.28 14.48 0.00 0.00 0.00 0.00
0.00 0.00 0.00 0.00 0.00 0.00 0.00 0.00 5.31 84.59 175.31 265.48 341.38 384.80 399.04 382.48 336.15 259.46 160.93 51.47 0.00 0.00 0.00 0.00
0.00 0.00 0.00 0.00 0.00 0.00 0.00 0.00 0.96 2.82 4.61 6.79 8.28 10.53 10.54 9.65 9.01 6.54 4.04 0.64 0.00 0.00 0.00 0.00
0.00 0.00 0.00 0.00 0.00 0.00 0.00 0.00 1.58 184.35 396.27 610.10 779.39 895.65 952.57 922.37 790.56 613.85 394.17 132.39 0.00 0.00 0.00 0.00
0.00 0.00 0.00 0.00 0.00 0.00 0.00 0.00 0.63 2.32 3.70 5.35 6.47 6.33 6.31 5.95 4.84 3.64 2.27 0.64 0.00 0.00 0.00 0.00
0.00 0.00 0.00 0.00 0.00 0.00 0.00 0.00 0.13 0.49 0.76 1.10 1.41 1.55 1.58 1.55 1.37 1.01 0.62 0.17 0.00 0.00 0.00 0.00
0.00 0.00 0.00 0.00 0.00 0.00 0.00 0.00 0.21 0.79 1.21 1.75 2.26 2.49 2.52 2.48 2.19 1.62 1.00 0.27 0.00 0.00 0.00 0.00
0.00 0.00 0.00 0.00 0.00 0.00 0.00 0.00 0.21 0.79 1.21 1.75 2.26 2.49 2.52 2.48 2.19 1.62 1.00 0.27 0.00 0.00 0.00 0.00
0.00 0.00 0.00 0.00 0.00 0.00 0.00 0.00 0.80 3.59 4.35 6.45 8.41 7.28 7.57 7.31 5.83 4.46 2.79 1.10 0.00 0.00 0.00 0.00
0.00 0.00 0.00 0.00 0.00 0.00 0.00 0.00 0.38 1.71 1.60 2.38 3.12 2.80 2.83 2.75 2.35 1.79 1.09 0.47 0.00 0.00 0.00 0.00
0.00 0.00 0.00 0.00 0.00 0.00 0.00 0.00 0.49 2.19 2.05 3.06 4.01 3.60 3.64 3.54 3.02 2.30 1.40 0.61 0.00 0.00 0.00 0.00
0.00 0.00 0.00 0.00 0.00 0.00 0.00 0.00 0.33 1.46 1.37 2.04 2.67 2.40 2.43 2.36 2.01 1.53 0.93 0.41 0.00 0.00 0.00 0.00
0.00 0.00 0.00 0.00 0.00 0.00 0.00 0.00 0.33 1.46 1.37 2.04 2.67 2.40 2.43 2.36 2.01 1.53 0.93 0.41 0.00 0.00 0.00 0.00
0.00 0.00 0.00 0.00 0.00 0.00 0.00 0.00 1.18 6.34 12.86 20.04 26.64 35.02 36.26 34.93 32.86 24.81 14.63 4.37 0.00 0.00 0.00 0.00
0.00 0.00 0.00 0.00 0.00 0.00 0.00 0.00 2.34 10.02 15.34 22.65 29.23 27.29 27.97 26.47 20.38 15.68 9.53 3.08 0.00 0.00 0.00 0.00
0.00 0.00 0.00 0.00 0.00 0.00 0.00 0.00 1.64 7.50 16.11 23.37 29.70 24.87 25.28 24.33 19.89 15.19 9.56 3.01 0.00 0.00 0.00 0.00
0.00 0.00 0.00 0.00 0.00 0.00 0.00 0.00 0.46 54.38 116.89 179.96 229.89 264.18 280.97 272.06 233.19 181.06 116.27 39.05 0.00 0.00 0.00 0.00
0.00 0.00 0.00 0.00 0.00 0.00 0.00 0.00 0.44 51.72 111.18 171.18 218.68 251.30 267.27 258.79 221.81 172.23 110.59 37.15 0.00 0.00 0.00 0.00
0.00 0.00 0.00 0.00 0.00 0.00 0.00 0.00 0.85 99.47 213.82 329.19 420.53 483.26 513.98 497.68 426.56 331.21 212.68 71.43 0.00 0.00 0.00 0.00
0.00 0.00 0.00 0.00 0.00 0.00 0.00 0.00 0.84 97.81 210.25 323.71 413.52 475.21 505.41 489.38 419.45 325.69 209.14 70.24 0.00 0.00 0.00 0.00
0.00 0.00 0.00 0.00 0.00 0.00 0.00 0.00 5.00 107.91 226.33 346.88 449.36 504.56 512.52 485.19 423.85 323.15 204.64 67.01 0.00 0.00 0.00 0.00
0.00 0.00 0.00 0.00 0.00 0.00 0.00 0.00 0.13 0.49 0.76 1.10 1.41 1.55 1.58 1.55 1.37 1.01 0.62 0.17 0.00 0.00 0.00 0.00
0.00 0.00 0.00 0.00 0.00 0.00 0.00 0.00 0.65 2.50 3.84 5.55 7.14 7.87 7.99 7.86 6.92 5.14 3.17 0.85 0.00 0.00 0.00 0.00
0.00 0.00 0.00 0.00 0.00 0.00 0.00 0.00 3.34 12.77 19.60 28.32 36.46 40.19 40.80 40.10 35.33 26.24 16.16 4.35 0.00 0.00 0.00 0.00
0.00 0.00 0.00 0.00 0.00 0.00 0.00 0.00 0.03 3.71 7.98 12.29 15.70 18.04 19.19 18.58 15.92 12.37 7.94 2.67 0.00 0.00 0.00 0.00
0.00 0.00 0.00 0.00 0.00 0.00 0.00 0.00 5.23 83.27 172.57 261.34 336.06 378.81 392.83 376.52 330.91 255.42 158.42 50.67 0.00 0.00 0.00 0.00
0.00 0.00 0.00 0.00 0.00 0.00 0.00 0.00 0.81 5.88 11.54 17.35 23.43 24.52 25.62 25.05 18.00 14.10 9.27 3.32 0.00 0.00 0.00 0.00
0.00 0.00 0.00 0.00 0.00 0.00 0.00 0.00 6.43 44.44 86.93 129.51 164.82 184.53 192.10 184.23 159.11 120.65 75.09 20.83 0.00 0.00 0.00 0.00
0.00 0.00 0.00 0.00 0.00 0.00 0.00 0.00 0.09 1.39 2.88 4.36 5.60 6.31 6.55 6.28 5.52 4.26 2.64 0.84 0.00 0.00 0.00 0.00
0.00 0.00 0.00 0.00 0.00 0.00 0.00 0.00 3.92 62.45 129.43 196.00 252.04 284.11 294.62 282.39 248.18 191.56 118.81 38.00 0.00 0.00 0.00 0.00
0.00 0.00 0.00 0.00 0.00 0.00 0.00 0.00 5.03 80.15 166.10 251.54 323.45 364.60 378.09 362.40 318.50 245.84 152.48 48.77 0.00 0.00 0.00 0.00
0.00 0.00 0.00 0.00 0.00 0.00 0.00 0.00 6.60 142.31 298.47 457.45 592.59 665.38 675.89 639.84 558.95 426.15 269.87 88.37 0.00 0.00 0.00 0.00
0.00 0.00 0.00 0.00 0.00 0.00 0.00 0.00 0.58 2.73 3.34 5.00 6.51 5.55 5.71 5.55 4.47 3.38 2.09 0.74 0.00 0.00 0.00 0.00
0.00 0.00 0.00 0.00 0.00 0.00 0.00 0.00 0.73 3.43 4.28 6.26 8.19 7.15 7.32 7.10 5.80 4.40 2.71 0.93 0.00 0.00 0.00 0.00
0.00 0.00 0.00 0.00 0.00 0.00 0.00 0.00 3.33 24.26 47.59 71.58 96.65 101.16 105.69 103.34 74.23 58.16 38.25 13.71 0.00 0.00 0.00 0.00
0.00 0.00 0.00 0.00 0.00 0.00 0.00 0.00 0.00 91.60 165.46 254.73 334.25 296.24 305.86 294.28 324.18 260.11 167.81 54.45 0.00 0.00 0.00 0.00
0.00 0.00 0.00 0.00 0.00 0.00 0.00 0.00 0.18 0.73 1.19 1.77 2.27 2.17 2.25 2.15 1.65 1.26 0.78 0.22 0.00 0.00 0.00 0.00
0.00 0.00 0.00 0.00 0.00 0.00 0.00 0.00 2.03 21.14 43.02 65.51 83.81 93.95 96.48 92.28 78.97 60.01 37.77 11.43 0.00 0.00 0.00 0.00
0.00 0.00 0.00 0.00 0.00 0.00 0.00 0.00 0.00 6.67 14.75 22.37 29.36 33.35 33.78 32.93 29.24 22.63 14.85 5.41 0.00 0.00 0.00 0.00
0.00 0.00 0.00 0.00 0.00 0.00 0.00 0.00 0.77 2.70 4.39 6.39 7.88 7.97 7.88 7.26 5.20 3.96 2.49 0.69 0.00 0.00 0.00 0.00
0.00 0.00 0.00 0.00 0.00 0.00 0.00 0.00 0.38 1.35 2.20 3.19 3.94 3.99 3.94 3.63 2.60 1.98 1.25 0.34 0.00 0.00 0.00 0.00
0.00 0.00 0.00 0.00 0.00 0.00 0.00 0.00 0.84 2.95 4.81 6.98 8.62 8.72 8.62 7.94 5.69 4.33 2.73 0.75 0.00 0.00 0.00 0.00
0.00 0.00 0.00 0.00 0.00 0.00 0.00 0.00 0.93 3.30 4.87 7.18 8.70 9.26 9.19 8.61 7.06 5.39 3.36 0.91 0.00 0.00 0.00 0.00
0.00 0.00 0.00 0.00 0.00 0.00 0.00 0.00 1.42 5.03 7.43 10.94 13.26 14.10 14.00 13.12 10.77 8.21 5.12 1.39 0.00 0.00 0.00 0.00
0.00 0.00 0.00 0.00 0.00 0.00 0.00 0.00 1.23 4.61 7.22 10.48 12.62 12.02 12.09 11.46 9.95 7.63 4.76 1.38 0.00 0.00 0.00 0.00
0.00 0.00 0.00 0.00 0.00 0.00 0.00 0.00 0.71 3.78 7.18 10.44 12.90 14.55 15.18 14.61 12.37 9.40 5.75 1.42 0.00 0.00 0.00 0.00
0.00 0.00 0.00 0.00 0.00 0.00 0.00 0.00 1.83 9.77 18.54 26.97 33.33 37.58 39.21 37.75 31.95 24.29 14.84 3.67 0.00 0.00 0.00 0.00
0.00 0.00 0.00 0.00 0.00 0.00 0.00 0.00 0.42 2.44 4.70 6.95 8.96 9.85 10.16 9.61 8.33 6.32 3.94 1.04 0.00 0.00 0.00 0.00
0.00 0.00 0.00 0.00 0.00 0.00 0.00 0.00 0.79 2.93 5.15 7.55 9.43 13.08 13.46 12.91 10.42 7.93 4.99 1.02 0.00 0.00 0.00 0.00
0.00 0.00 0.00 0.00 0.00 0.00 0.00 0.00 0.91 3.41 7.62 10.89 13.37 20.90 21.18 20.13 21.95 16.63 10.20 2.46 0.00 0.00 0.00 0.00
0.00 0.00 0.00 0.00 0.00 0.00 0.00 0.00 0.19 0.56 1.12 1.61 1.98 2.90 2.88 2.73 2.78 2.06 1.27 0.22 0.00 0.00 0.00 0.00
0.00 0.00 0.00 0.00 0.00 0.00 0.00 0.00 1.50 4.90 8.06 11.77 15.05 17.64 17.82 16.90 12.04 9.04 5.63 1.13 0.00 0.00 0.00 0.00
0.00 0.00 0.00 0.00 0.00 0.00 0.00 0.00 1.07 3.34 5.51 7.90 9.86 12.84 12.67 11.94 11.43 8.49 5.23 0.93 0.00 0.00 0.00 0.00
0.00 0.00 0.00 0.00 0.00 0.00 0.00 0.00 1.48 4.62 7.60 10.90 13.61 17.71 17.48 16.48 15.77 11.71 7.22 1.28 0.00 0.00 0.00 0.00
0.00 0.00 0.00 0.00 0.00 0.00 0.00 0.00 1.01 3.14 5.18 7.42 9.27 12.07 11.91 11.23 10.74 7.98 4.92 0.87 0.00 0.00 0.00 0.00
0.00 0.00 0.00 0.00 0.00 0.00 0.00 0.00 0.80 2.61 4.30 6.28 8.03 9.41 9.51 9.01 6.42 4.82 3.00 0.61 0.00 0.00 0.00 0.00
0.00 0.00 0.00 0.00 0.00 0.00 0.00 0.00 0.93 2.78 4.45 6.42 7.91 9.86 9.97 9.21 8.38 6.17 3.82 0.61 0.00 0.00 0.00 0.00
0.00 0.00 0.00 0.00 0.00 0.00 0.00 0.00 0.37 1.42 2.17 3.14 4.04 4.45 4.52 4.44 3.92 2.91 1.79 0.48 0.00 0.00 0.00 0.00
0.00 0.00 0.00 0.00 0.00 0.00 0.00 0.00 1.54 8.26 16.73 26.09 34.67 45.58 47.19 45.47 42.77 32.29 19.04 5.68 0.00 0.00 0.00 0.00
0.00 0.00 0.00 0.00 0.00 0.00 0.00 0.00 0.91 4.07 4.93 7.31 9.53 8.25 8.58 8.28 6.61 5.06 3.16 1.25 0.00 0.00 0.00 0.00
0.00 0.00 0.00 0.00 0.00 0.00 0.00 0.00 1.28 5.10 6.58 9.82 12.91 12.61 12.63 12.15 9.94 7.55 4.78 1.34 0.00 0.00 0.00 0.00
0.00 0.00 0.00 0.00 0.00 0.00 0.00 0.00 0.59 2.34 3.01 4.50 5.92 5.78 5.79 5.57 4.55 3.46 2.19 0.61 0.00 0.00 0.00 0.00
0.00 0.00 0.00 0.00 0.00 0.00 0.00 0.00 1.09 4.88 6.95 10.28 13.26 11.67 12.17 11.70 9.09 6.98 4.42 1.60 0.00 0.00 0.00 0.00
0.00 0.00 0.00 0.00 0.00 0.00 0.00 0.00 0.44 1.78 2.88 4.30 5.51 5.27 5.46 5.22 4.02 3.06 1.89 0.54 0.00 0.00 0.00 0.00
0.00 0.00 0.00 0.00 0.00 0.00 0.00 0.00 3.45 25.12 49.27 74.11 100.07 104.74 109.43 107.00 76.86 60.21 39.60 14.20 0.00 0.00 0.00 0.00
0.00 0.00 0.00 0.00 0.00 0.00 0.00 0.00 1.54 10.63 20.79 30.97 39.41 44.13 45.94 44.06 38.05 28.85 17.96 4.98 0.00 0.00 0.00 0.00
0.00 0.00 0.00 0.00 0.00 0.00 0.00 0.00 0.33 2.34 4.59 6.93 8.86 9.99 10.29 9.99 8.57 6.41 4.00 1.12 0.00 0.00 0.00 0.00
0.00 0.00 0.00 0.00 0.00 0.00 0.00 0.00 0.41 2.77 5.37 8.03 10.23 11.64 12.00 11.56 10.10 7.65 4.80 1.39 0.00 0.00 0.00 0.00
0.00 0.00 0.00 0.00 0.00 0.00 0.00 0.00 0.66 4.43 8.59 12.85 16.36 18.63 19.20 18.49 16.16 12.25 7.68 2.22 0.00 0.00 0.00 0.00
0.00 0.00 0.00 0.00 0.00 0.00 0.00 0.00 0.86 101.13 217.38 334.68 427.54 491.32 522.54 505.97 433.67 336.73 216.22 72.62 0.00 0.00 0.00 0.00
