0.00 0.00 0.00 0.00 0.00 0.00 0.00 0.11 1.07 1.99 3.10 4.05 4.72 5.19 5.35 5.15 4.68 3.86 2.77 1.63 0.74 0.00 0.00 0.00
0.00 0.00 0.00 0.00 0.00 0.00 0.00 3.36 18.21 32.35 51.20 65.85 75.81 88.48 89.98 85.65 70.47 55.87 38.01 17.29 4.91 0.00 0.00 0.00
0.00 0.00 0.00 0.00 0.00 0.00 0.00 2.54 24.41 45.62 70.92 92.72 107.96 118.65 122.27 117.86 106.98 88.30 63.44 37.33 16.91 0.00 0.00 0.00
0.00 0.00 0.00 0.00 0.00 0.00 0.00 9.04 86.75 162.12 252.06 329.52 383.68 421.69 434.54 418.88 380.19 313.80 225.47 132.67 60.09 0.00 0.00 0.00
0.00 0.00 0.00 0.00 0.00 0.00 0.00 0.82 2.64 4.38 8.55 10.66 12.03 10.11 10.11 9.51 6.01 4.70 3.10 0.89 0.21 0.00 0.00 0.00
0.00 0.00 0.00 0.00 0.00 0.00 0.00 4.29 178.89 348.53 540.52 710.96 831.28 920.06 949.16 936.00 874.31 722.92 529.28 315.10 144.96 0.00 0.00 0.00
0.00 0.00 0.00 0.00 0.00 0.00 0.00 0.79 2.57 4.27 4.69 5.92 6.80 8.65 8.63 8.27 7.96 6.43 4.46 2.35 0.84 0.00 0.00 0.00
0.00 0.00 0.00 0.00 0.00 0.00 0.00 0.26 1.22 2.12 3.25 4.22 4.86 5.32 5.35 5.06 3.49 2.81 1.90 0.81 0.24 0.00 0.00 0.00
0.00 0.00 0.00 0.00 0.00 0.00 0.00 0.41 1.95 3.40 5.20 6.75 7.77 8.51 8.57 8.10 5.59 4.50 3.05 1.30 0.39 0.00 0.00 0.00
0.00 0.00 0.00 0.00 0.00 0.00 0.00 0.41 1.95 3.40 5.20 6.75 7.77 8.51 8.57 8.10 5.59 4.50 3.05 1.30 0.39 0.00 0.00 0.00
0.00 0.00 0.00 0.00 0.00 0.00 0.00 0.91 4.65 8.22 12.72 16.82 19.49 21.31 21.50 20.38 17.41 13.81 9.47 3.76 1.31 0.00 0.00 0.00
0.00 0.00 0.00 0.00 0.00 0.00 0.00 0.42 2.17 3.83 5.99 7.86 9.10 10.05 10.20 9.67 7.85 6.24 4.25 1.64 0.56 0.00 0.00 0.00
0.00 0.00 0.00 0.00 0.00 0.00 0.00 0.54 2.79 4.92 7.70 10.10 11.70 12.92 13.12 12.43 10.09 8.02 5.46 2.10 0.72 0.00 0.00 0.00
0.00 0.00 0.00 0.00 0.00 0.00 0.00 0.36 1.86 3.28 5.13 6.73 7.80 8.61 8.74 8.29 6.73 5.35 3.64 1.40 0.48 0.00 0.00 0.00
0.00 0.00 0.00 0.00 0.00 0.00 0.00 0.36 1.86 3.28 5.13 6.73 7.80 8.61 8.74 8.29 6.73 5.35 3.64 1.40 0.48 0.00 0.00 0.00
0.00 0.00 0.00 0.00 0.00 0.00 0.00 1.30 19.36 36.67 60.34 78.00 90.43 100.63 102.28 97.64 74.11 57.76 40.02 20.57 6.63 0.00 0.00 0.00
0.00 0.00 0.00 0.00 0.00 0.00 0.00 3.12 14.58 25.48 39.20 51.44 60.18 64.73 64.12 59.92 53.38 42.42 29.17 12.98 4.46 0.00 0.00 0.00
0.00 0.00 0.00 0.00 0.00 0.00 0.00 2.77 12.90 22.55 33.10 42.97 50.28 53.93 53.52 49.77 43.63 34.91 23.94 12.05 4.37 0.00 0.00 0.00
0.00 0.00 0.00 0.00 0.00 0.00 0.00 1.27 52.76 102.80 159.43 209.71 245.20 271.39 279.97 276.09 257.89 213.23 156.12 92.94 42.76 0.00 0.00 0.00
0.00 0.00 0.00 0.00 0.00 0.00 0.00 1.20 50.19 97.79 151.66 199.48 233.24 258.15 266.31 262.62 245.31 202.83 148.50 88.41 40.67 0.00 0.00 0.00
0.00 0.00 0.00 0.00 0.00 0.00 0.00 2.32 96.52 188.05 291.65 383.61 448.53 496.44 512.14 505.04 471.75 390.06 285.58 170.02 78.22 0.00 0.00 0.00
0.00 0.00 0.00 0.00 0.00 0.00 0.00 2.28 94.91 184.92 286.79 377.22 441.06 488.16 503.60 496.62 463.89 383.56 280.82 167.19 76.91 0.00 0.00 0.00
0.00 0.00 0.00 0.00 0.00 0.00 0.00 13.20 113.57 210.81 324.48 428.41 504.88 545.31 561.00 543.81 496.54 408.90 297.27 174.63 81.60 0.00 0.00 0.00
0.00 0.00 0.00 0.00 0.00 0.00 0.00 0.26 1.22 2.12 3.25 4.22 4.86 5.32 5.35 5.06 3.49 2.81 1.90 0.81 0.24 0.00 0.00 0.00
0.00 0.00 0.00 0.00 0.00 0.00 0.00 1.31 6.16 10.77 16.48 21.36 24.60 26.96 27.13 25.65 17.70 14.25 9.65 4.11 1.24 0.00 0.00 0.00
0.00 0.00 0.00 0.00 0.00 0.00 0.00 6.67 31.45 54.96 84.15 109.05 125.59 137.63 138.48 130.97 90.37 72.73 49.24 20.97 6.32 0.00 0.00 0.00
0.00 0.00 0.00 0.00 0.00 0.00 0.00 0.09 3.60 7.02 10.89 14.32 16.75 18.53 19.12 18.85 17.61 14.56 10.66 6.35 2.92 0.00 0.00 0.00
0.00 0.00 0.00 0.00 0.00 0.00 0.00 8.90 85.40 159.59 248.13 324.39 377.70 415.12 427.76 412.35 374.26 308.91 221.95 130.61 59.15 0.00 0.00 0.00
0.00 0.00 0.00 0.00 0.00 0.00 0.00 0.64 6.32 11.79 18.49 25.21 30.26 33.23 33.30 31.73 29.03 23.52 16.36 9.57 3.77 0.00 0.00 0.00
0.00 0.00 0.00 0.00 0.00 0.00 0.00 10.09 47.70 83.78 128.65 166.90 194.10 204.68 207.73 196.11 177.30 146.09 105.11 57.94 25.27 0.00 0.00 0.00
0.00 0.00 0.00 0.00 0.00 0.00 0.00 0.15 1.42 2.66 4.14 5.41 6.30 6.92 7.13 6.87 6.24 5.15 3.70 2.18 0.99 0.00 0.00 0.00
0.00 0.00 0.00 0.00 0.00 0.00 0.00 6.67 64.05 119.69 186.10 243.29 283.28 311.34 320.82 309.26 280.70 231.68 166.46 97.96 44.37 0.00 0.00 0.00
0.00 0.00 0.00 0.00 0.00 0.00 0.00 8.56 82.20 153.61 238.83 312.22 363.54 399.55 411.72 396.89 360.23 297.33 213.63 125.71 56.94 0.00 0.00 0.00
0.00 0.00 0.00 0.00 0.00 0.00 0.00 17.40 149.78 278.00 427.91 564.97 665.81 719.12 739.82 717.15 654.81 539.24 392.02 230.29 107.61 0.00 0.00 0.00
0.00 0.00 0.00 0.00 0.00 0.00 0.00 0.55 3.28 5.87 9.31 12.16 14.31 15.77 15.85 14.77 12.74 10.19 6.99 3.04 1.05 0.00 0.00 0.00
0.00 0.00 0.00 0.00 0.00 0.00 0.00 0.71 4.11 7.35 11.72 15.35 17.86 19.72 19.84 18.61 15.30 12.22 8.42 3.43 1.19 0.00 0.00 0.00
0.00 0.00 0.00 0.00 0.00 0.00 0.00 2.63 26.09 48.64 76.28 103.99 124.81 137.07 137.34 130.87 119.73 97.04 67.48 39.49 15.56 0.00 0.00 0.00
0.00 0.00 0.00 0.00 0.00 0.00 0.00 15.00 115.17 212.84 317.10 426.80 513.50 561.20 573.66 548.72 499.75 414.21 300.53 186.12 95.54 3.61 0.00 0.00
0.00 0.00 0.00 0.00 0.00 0.00 0.00 0.28 1.20 2.07 3.09 4.05 4.72 5.14 5.11 4.73 4.14 3.29 2.27 1.06 0.36 0.00 0.00 0.00
0.00 0.00 0.00 0.00 0.00 0.00 0.00 3.41 22.72 41.38 63.31 83.24 96.47 103.53 105.40 100.65 92.49 76.41 54.54 31.39 14.03 0.00 0.00 0.00
0.00 0.00 0.00 0.00 0.00 0.00 0.00 0.00 5.89 12.11 19.03 25.72 30.48 33.24 33.97 32.81 30.19 25.00 18.31 11.29 5.35 0.00 0.00 0.00
0.00 0.00 0.00 0.00 0.00 0.00 0.00 0.84 2.62 4.31 4.56 5.79 6.58 9.32 9.20 8.77 9.09 7.22 5.06 2.68 0.94 0.00 0.00 0.00
0.00 0.00 0.00 0.00 0.00 0.00 0.00 0.42 1.31 2.16 2.28 2.90 3.29 4.66 4.60 4.38 4.55 3.61 2.53 1.34 0.47 0.00 0.00 0.00
0.00 0.00 0.00 0.00 0.00 0.00 0.00 0.92 2.87 4.71 4.99 6.33 7.20 10.20 10.06 9.59 9.94 7.90 5.54 2.94 1.03 0.00 0.00 0.00
0.00 0.00 0.00 0.00 0.00 0.00 0.00 1.00 3.23 5.34 5.91 7.52 8.60 11.11 10.93 10.42 11.21 9.02 6.25 3.51 1.22 0.00 0.00 0.00
0.00 0.00 0.00 0.00 0.00 0.00 0.00 1.53 4.92 8.14 9.01 11.45 13.11 16.94 16.65 15.87 17.08 13.75 9.52 5.35 1.85 0.00 0.00 0.00
0.00 0.00 0.00 0.00 0.00 0.00 0.00 1.60 5.31 8.82 10.45 13.06 15.05 17.49 17.53 16.65 15.67 12.46 8.76 4.72 1.69 0.00 0.00 0.00
0.00 0.00 0.00 0.00 0.00 0.00 0.00 1.04 4.01 6.86 10.28 13.48 15.67 16.05 16.06 15.36 12.70 10.27 7.30 4.57 1.94 0.00 0.00 0.00
0.00 0.00 0.00 0.00 0.00 0.00 0.00 2.68 10.37 17.72 26.55 34.82 40.49 41.47 41.48 39.69 32.80 26.53 18.86 11.82 5.01 0.00 0.00 0.00
0.00 0.00 0.00 0.00 0.00 0.00 0.00 0.62 2.70 4.69 7.13 9.26 10.76 11.28 11.20 10.58 9.53 7.69 5.48 3.15 1.32 0.00 0.00 0.00
0.00 0.00 0.00 0.00 0.00 0.00 0.00 1.39 5.42 9.23 13.83 17.87 20.51 21.38 21.27 19.90 16.13 13.01 8.97 4.11 1.33 0.00 0.00 0.00
0.00 0.00 0.00 0.00 0.00 0.00 0.00 2.55 9.22 15.54 22.11 28.28 32.48 26.40 26.74 25.13 27.78 21.93 14.99 7.99 2.72 0.00 0.00 0.00
0.00 0.00 0.00 0.00 0.00 0.00 0.00 0.34 1.09 1.80 2.12 2.63 2.93 3.54 3.49 3.23 2.45 1.93 1.32 0.33 0.08 0.00 0.00 0.00
0.00 0.00 0.00 0.00 0.00 0.00 0.00 1.50 5.54 9.37 17.05 21.53 24.18 24.41 24.03 22.59 17.70 14.27 9.80 4.10 1.11 0.00 0.00 0.00
0.00 0.00 0.00 0.00 0.00 0.00 0.00 1.23 4.25 7.11 11.00 13.75 15.33 13.29 12.98 12.45 8.57 6.85 4.67 2.85 0.73 0.00 0.00 0.00
0.00 0.00 0.00 0.00 0.00 0.00 0.00 1.70 5.87 9.82 15.18 18.97 21.15 18.34 17.91 17.19 11.83 9.46 6.45 3.93 1.01 0.00 0.00 0.00
0.00 0.00 0.00 0.00 0.00 0.00 0.00 1.16 4.00 6.69 10.34 12.92 14.41 12.49 12.20 11.71 8.06 6.44 4.39 2.68 0.69 0.00 0.00 0.00
0.00 0.00 0.00 0.00 0.00 0.00 0.00 0.80 2.95 5.00 9.09 11.48 12.90 13.02 12.82 12.05 9.44 7.61 5.22 2.19 0.59 0.00 0.00 0.00
0.00 0.00 0.00 0.00 0.00 0.00 0.00 0.65 2.17 3.61 7.23 9.01 10.12 9.26 9.30 8.83 5.93 4.68 3.10 1.12 0.27 0.00 0.00 0.00
0.00 0.00 0.00 0.00 0.00 0.00 0.00 0.74 3.49 6.09 9.33 12.09 13.92 15.25 15.35 14.51 10.02 8.06 5.46 2.32 0.70 0.00 0.00 0.00
0.00 0.00 0.00 0.00 0.00 0.00 0.00 1.70 25.20 47.73 78.53 101.52 117.70 130.98 133.13 127.08 96.47 75.18 52.08 26.78 8.63 0.00 0.00 0.00
0.00 0.00 0.00 0.00 0.00 0.00 0.00 1.03 5.27 9.31 14.41 19.07 22.08 24.15 24.36 23.10 19.73 15.65 10.73 4.26 1.48 0.00 0.00 0.00
0.00 0.00 0.00 0.00 0.00 0.00 0.00 1.84 8.18 14.19 21.34 27.70 32.27 35.91 35.61 33.34 29.14 22.84 15.61 6.50 2.13 0.00 0.00 0.00
0.00 0.00 0.00 0.00 0.00 0.00 0.00 0.84 3.75 6.50 9.78 12.70 14.79 16.46 16.32 15.28 13.35 10.47 7.16 2.98 0.98 0.00 0.00 0.00
0.00 0.00 0.00 0.00 0.00 0.00 0.00 1.31 6.64 11.72 17.93 23.68 27.49 29.81 30.02 28.39 24.90 19.79 13.54 5.47 1.91 0.00 0.00 0.00
0.00 0.00 0.00 0.00 0.00 0.00 0.00 0.67 2.91 5.04 7.51 9.84 11.46 12.49 12.41 11.48 10.06 7.99 5.50 2.59 0.87 0.00 0.00 0.00
0.00 0.00 0.00 0.00 0.00 0.00 0.00 2.72 27.01 50.36 78.97 107.67 129.23 141.92 142.20 135.50 123.96 100.47 69.87 40.89 16.11 0.00 0.00 0.00
0.00 0.00 0.00 0.00 0.00 0.00 0.00 2.41 11.41 20.03 30.76 39.91 46.41 48.94 49.67 46.90 42.40 34.94 25.14 13.85 6.04 0.00 0.00 0.00
0.00 0.00 0.00 0.00 0.00 0.00 0.00 0.51 2.58 4.56 6.97 9.03 10.52 11.14 11.23 10.59 9.48 7.69 5.53 3.21 1.39 0.00 0.00 0.00
0.00 0.00 0.00 0.00 0.00 0.00 0.00 0.62 3.33 5.93 8.77 11.37 13.14 13.88 13.88 13.25 12.11 9.98 7.21 4.31 1.82 0.00 0.00 0.00
0.00 0.00 0.00 0.00 0.00 0.00 0.00 1.00 5.33 9.49 14.03 18.20 21.03 22.20 22.22 21.20 19.38 15.97 11.53 6.89 2.92 0.00 0.00 0.00
0.00 0.00 0.00 0.00 0.00 0.00 0.00 2.35 98.13 191.19 296.51 390.00 456.01 504.71 520.67 513.45 479.61 396.56 290.34 172.85 79.52 0.00 0.00 0.00
