0.00 0.00 0.00 0.00 0.00 0.00 0.00 0.03 0.88 1.71 3.02 4.06 4.92 5.53 5.65 5.34 4.70 3.74 2.51 1.29 0.39 0.00 0.00 0.00
0.00 0.00 0.00 0.00 0.00 0.00 0.00 2.75 17.62 31.62 47.28 62.84 74.77 81.80 82.17 76.82 64.44 49.74 32.23 11.55 0.59 0.00 0.00 0.00
0.00 0.00 0.00 0.00 0.00 0.00 0.00 0.68 20.22 39.05 69.09 92.76 112.40 126.52 129.17 122.04 107.45 85.45 57.37 29.39 8.98 0.00 0.00 0.00
0.00 0.00 0.00 0.00 0.00 0.00 0.00 2.43 71.85 138.77 245.54 329.66 399.45 449.65 459.07 433.71 381.87 303.69 203.87 104.45 31.92 0.00 0.00 0.00
0.00 0.00 0.00 0.00 0.00 0.00 0.00 0.85 3.02 5.12 5.67 7.29 8.33 10.62 10.58 9.62 9.54 7.15 4.45 0.86 0.00 0.00 0.00 0.00
0.00 0.00 0.00 0.00 0.00 0.00 0.00 0.00 172.94 349.62 585.89 790.23 956.56 1055.16 1065.97 1000.18 844.37 656.14 451.70 241.12 77.34 0.00 0.00 0.00
0.00 0.00 0.00 0.00 0.00 0.00 0.00 0.37 1.42 2.43 2.68 3.45 4.05 6.43 6.59 6.17 7.94 6.10 3.90 1.58 0.23 0.00 0.00 0.00
0.00 0.00 0.00 0.00 0.00 0.00 0.00 0.18 0.99 1.76 2.56 3.41 4.03 4.25 4.26 4.06 3.71 2.89 1.88 0.71 0.05 0.00 0.00 0.00
0.00 0.00 0.00 0.00 0.00 0.00 0.00 0.28 1.59 2.81 4.09 5.45 6.45 6.80 6.82 6.50 5.93 4.62 3.00 1.13 0.08 0.00 0.00 0.00
0.00 0.00 0.00 0.00 0.00 0.00 0.00 0.28 1.59 2.81 4.09 5.45 6.45 6.80 6.82 6.50 5.93 4.62 3.00 1.13 0.08 0.00 0.00 0.00
0.00 0.00 0.00 0.00 0.00 0.00 0.00 0.28 1.79 3.24 4.97 6.84 8.40 8.18 8.52 8.13 16.27 12.63 8.20 3.49 0.50 0.00 0.00 0.00
0.00 0.00 0.00 0.00 0.00 0.00 0.00 0.14 0.93 1.68 2.67 3.67 4.49 3.80 3.94 3.74 7.13 5.52 3.55 1.61 0.22 0.00 0.00 0.00
0.00 0.00 0.00 0.00 0.00 0.00 0.00 0.18 1.20 2.16 3.43 4.72 5.77 4.89 5.06 4.81 9.17 7.10 4.57 2.06 0.29 0.00 0.00 0.00
0.00 0.00 0.00 0.00 0.00 0.00 0.00 0.12 0.80 1.44 2.29 3.15 3.85 3.26 3.37 3.21 6.11 4.73 3.05 1.38 0.19 0.00 0.00 0.00
0.00 0.00 0.00 0.00 0.00 0.00 0.00 0.12 0.80 1.44 2.29 3.15 3.85 3.26 3.37 3.21 6.11 4.73 3.05 1.38 0.19 0.00 0.00 0.00
0.00 0.00 0.00 0.00 0.00 0.00 0.00 0.77 20.30 38.77 61.08 80.15 94.23 102.65 104.68 100.74 87.10 67.00 42.51 18.49 2.25 0.00 0.00 0.00
0.00 0.00 0.00 0.00 0.00 0.00 0.00 1.02 5.94 10.61 14.70 19.74 24.18 22.35 22.83 22.12 49.60 38.42 25.02 10.36 1.40 0.00 0.00 0.00
0.00 0.00 0.00 0.00 0.00 0.00 0.00 0.94 5.57 9.98 11.06 14.71 17.99 35.61 36.41 34.90 42.59 33.24 21.58 8.87 1.45 0.00 0.00 0.00
0.00 0.00 0.00 0.00 0.00 0.00 0.00 0.00 51.01 103.13 172.82 233.09 282.15 311.23 314.42 295.02 249.06 193.54 133.23 71.12 22.81 0.00 0.00 0.00
0.00 0.00 0.00 0.00 0.00 0.00 0.00 0.00 48.52 98.10 164.39 221.72 268.39 296.05 299.08 280.63 236.91 184.10 126.74 67.65 21.70 0.00 0.00 0.00
0.00 0.00 0.00 0.00 0.00 0.00 0.00 0.00 93.31 188.65 316.13 426.39 516.13 569.33 575.16 539.66 455.59 354.03 243.72 130.10 41.73 0.00 0.00 0.00
0.00 0.00 0.00 0.00 0.00 0.00 0.00 0.00 91.76 185.50 310.86 419.28 507.53 559.84 565.58 530.67 448.00 348.13 239.66 127.93 41.04 0.00 0.00 0.00
0.00 0.00 0.00 0.00 0.00 0.00 0.00 4.45 109.74 211.05 330.74 445.23 536.39 587.17 600.39 568.65 500.00 397.11 268.08 142.62 46.31 0.00 0.00 0.00
0.00 0.00 0.00 0.00 0.00 0.00 0.00 0.18 0.99 1.76 2.56 3.41 4.03 4.25 4.26 4.06 3.71 2.89 1.88 0.71 0.05 0.00 0.00 0.00
0.00 0.00 0.00 0.00 0.00 0.00 0.00 0.90 5.03 8.91 12.97 17.26 20.43 21.52 21.60 20.57 18.78 14.64 9.51 3.57 0.26 0.00 0.00 0.00
0.00 0.00 0.00 0.00 0.00 0.00 0.00 4.61 25.70 45.47 66.19 88.10 104.30 109.86 110.26 105.03 95.90 74.74 48.57 18.24 1.31 0.00 0.00 0.00
0.00 0.00 0.00 0.00 0.00 0.00 0.00 0.00 3.48 7.04 11.80 15.92 19.27 21.25 21.47 20.15 17.01 13.22 9.10 4.86 1.56 0.00 0.00 0.00
0.00 0.00 0.00 0.00 0.00 0.00 0.00 2.39 70.73 136.61 241.71 324.52 393.22 442.65 451.91 426.95 375.92 298.95 200.69 102.83 31.42 0.00 0.00 0.00
0.00 0.00 0.00 0.00 0.00 0.00 0.00 0.20 3.89 7.43 11.53 16.76 21.42 28.90 30.56 29.36 26.81 21.17 14.35 6.49 1.44 0.00 0.00 0.00
0.00 0.00 0.00 0.00 0.00 0.00 0.00 6.11 41.27 75.05 125.21 163.86 192.38 207.90 210.89 200.03 175.63 140.06 95.14 44.69 12.32 0.00 0.00 0.00
0.00 0.00 0.00 0.00 0.00 0.00 0.00 0.04 1.18 2.28 4.03 5.41 6.55 7.38 7.53 7.12 6.27 4.98 3.34 1.71 0.52 0.00 0.00 0.00
0.00 0.00 0.00 0.00 0.00 0.00 0.00 1.79 53.05 102.45 181.29 243.39 294.91 331.98 338.93 320.21 281.94 224.22 150.52 77.12 23.57 0.00 0.00 0.00
0.00 0.00 0.00 0.00 0.00 0.00 0.00 2.30 68.07 131.48 232.65 312.35 378.47 426.05 434.96 410.94 361.82 287.74 193.17 98.97 30.24 0.00 0.00 0.00
0.00 0.00 0.00 0.00 0.00 0.00 0.00 5.87 144.72 278.32 436.17 587.15 707.37 774.33 791.77 749.91 659.37 523.69 353.53 188.09 61.08 0.00 0.00 0.00
0.00 0.00 0.00 0.00 0.00 0.00 0.00 0.23 1.81 3.31 3.83 5.32 6.59 7.99 8.12 7.83 11.00 8.52 5.62 2.52 0.37 0.00 0.00 0.00
0.00 0.00 0.00 0.00 0.00 0.00 0.00 0.28 2.13 3.88 4.73 6.54 8.21 8.90 9.15 8.78 14.20 10.89 7.10 3.16 0.46 0.00 0.00 0.00
0.00 0.00 0.00 0.00 0.00 0.00 0.00 0.81 16.04 30.66 47.56 69.12 88.37 119.21 126.07 121.12 110.61 87.34 59.19 26.75 5.93 0.00 0.00 0.00
0.00 0.00 0.00 0.00 0.00 0.00 0.00 3.32 94.90 184.02 329.50 441.76 528.77 563.31 575.20 554.89 510.15 408.48 289.84 145.56 56.63 0.00 0.00 0.00
0.00 0.00 0.00 0.00 0.00 0.00 0.00 0.10 0.52 0.92 1.40 1.94 2.35 1.79 1.83 1.74 3.37 2.61 1.70 0.79 0.10 0.00 0.00 0.00
0.00 0.00 0.00 0.00 0.00 0.00 0.00 1.73 20.96 39.47 61.58 82.18 98.38 108.84 110.58 104.13 91.38 73.00 50.65 25.27 7.44 0.00 0.00 0.00
0.00 0.00 0.00 0.00 0.00 0.00 0.00 0.00 6.24 13.32 21.58 29.49 35.21 38.98 38.91 35.81 30.17 23.86 16.77 9.33 3.21 0.00 0.00 0.00
0.00 0.00 0.00 0.00 0.00 0.00 0.00 0.42 1.52 2.57 2.72 3.60 4.20 6.66 6.73 6.39 9.00 6.91 4.46 1.80 0.23 0.00 0.00 0.00
0.00 0.00 0.00 0.00 0.00 0.00 0.00 0.21 0.76 1.29 1.36 1.80 2.10 3.33 3.36 3.20 4.50 3.45 2.23 0.90 0.12 0.00 0.00 0.00
0.00 0.00 0.00 0.00 0.00 0.00 0.00 0.46 1.66 2.81 2.98 3.93 4.60 7.28 7.36 6.99 9.84 7.55 4.88 1.97 0.26 0.00 0.00 0.00
0.00 0.00 0.00 0.00 0.00 0.00 0.00 0.50 1.88 3.19 3.52 4.66 5.44 8.31 8.44 8.12 11.24 8.53 5.59 2.35 0.29 0.00 0.00 0.00
0.00 0.00 0.00 0.00 0.00 0.00 0.00 0.77 2.87 4.86 5.36 7.10 8.28 12.66 12.86 12.37 17.13 13.00 8.52 3.59 0.45 0.00 0.00 0.00
0.00 0.00 0.00 0.00 0.00 0.00 0.00 0.74 2.88 4.93 5.35 6.88 8.08 13.21 13.33 12.57 15.95 12.28 8.01 3.30 0.48 0.00 0.00 0.00
0.00 0.00 0.00 0.00 0.00 0.00 0.00 0.38 1.92 3.41 10.13 13.13 15.33 16.58 16.48 15.40 13.37 10.44 7.06 3.17 0.80 0.00 0.00 0.00
0.00 0.00 0.00 0.00 0.00 0.00 0.00 0.99 4.97 8.81 26.16 33.93 39.60 42.84 42.58 39.77 34.54 26.97 18.24 8.20 2.06 0.00 0.00 0.00
0.00 0.00 0.00 0.00 0.00 0.00 0.00 0.27 1.60 2.87 6.58 8.63 10.10 11.19 11.34 10.57 9.13 7.16 4.85 2.25 0.56 0.00 0.00 0.00
0.00 0.00 0.00 0.00 0.00 0.00 0.00 0.56 2.56 4.45 8.55 11.33 13.44 7.35 7.60 7.21 8.90 6.82 4.45 3.22 0.31 0.00 0.00 0.00
0.00 0.00 0.00 0.00 0.00 0.00 0.00 1.12 4.79 8.25 8.63 11.60 14.25 18.04 18.15 17.15 28.12 21.44 13.71 5.71 0.70 0.00 0.00 0.00
0.00 0.00 0.00 0.00 0.00 0.00 0.00 0.26 0.91 1.52 1.88 2.40 2.73 3.36 3.35 3.16 2.15 1.63 1.04 0.27 0.00 0.00 0.00 0.00
0.00 0.00 0.00 0.00 0.00 0.00 0.00 1.39 5.78 9.87 14.59 18.97 21.96 24.99 25.01 23.62 14.15 10.86 6.99 3.30 0.04 0.00 0.00 0.00
0.00 0.00 0.00 0.00 0.00 0.00 0.00 0.95 3.63 6.18 8.03 10.40 11.92 15.68 15.65 14.63 7.58 5.82 3.71 1.78 0.00 0.00 0.00 0.00
0.00 0.00 0.00 0.00 0.00 0.00 0.00 1.31 5.01 8.52 11.08 14.35 16.44 21.64 21.60 20.18 10.46 8.04 5.12 2.46 0.00 0.00 0.00 0.00
0.00 0.00 0.00 0.00 0.00 0.00 0.00 0.89 3.41 5.80 7.54 9.78 11.20 14.74 14.71 13.75 7.13 5.47 3.49 1.68 0.00 0.00 0.00 0.00
0.00 0.00 0.00 0.00 0.00 0.00 0.00 0.74 3.08 5.26 7.78 10.12 11.71 13.33 13.34 12.60 7.55 5.79 3.73 1.76 0.02 0.00 0.00 0.00
0.00 0.00 0.00 0.00 0.00 0.00 0.00 0.71 2.60 4.43 5.73 7.32 8.44 11.13 11.10 10.17 8.13 6.08 3.78 1.24 0.00 0.00 0.00 0.00
0.00 0.00 0.00 0.00 0.00 0.00 0.00 0.51 2.85 5.04 7.34 9.76 11.56 12.18 12.22 11.64 10.63 8.28 5.38 2.02 0.15 0.00 0.00 0.00
0.00 0.00 0.00 0.00 0.00 0.00 0.00 1.00 26.42 50.46 79.51 104.33 122.64 133.61 136.25 131.13 113.37 87.21 55.33 24.06 2.93 0.00 0.00 0.00
0.00 0.00 0.00 0.00 0.00 0.00 0.00 0.31 2.03 3.67 5.63 7.75 9.52 9.28 9.66 9.22 18.44 14.32 9.29 3.95 0.57 0.00 0.00 0.00
0.00 0.00 0.00 0.00 0.00 0.00 0.00 1.03 5.50 9.70 16.13 22.30 26.62 12.33 12.43 11.84 17.88 13.73 8.90 5.13 0.56 0.00 0.00 0.00
0.00 0.00 0.00 0.00 0.00 0.00 0.00 0.47 2.52 4.44 7.39 10.22 12.20 5.65 5.70 5.43 8.20 6.29 4.08 2.35 0.26 0.00 0.00 0.00
0.00 0.00 0.00 0.00 0.00 0.00 0.00 0.39 2.49 4.49 6.47 8.87 10.93 11.23 11.68 11.17 23.20 18.02 11.73 4.88 0.70 0.00 0.00 0.00
0.00 0.00 0.00 0.00 0.00 0.00 0.00 0.24 1.26 2.23 3.41 4.70 5.70 4.34 4.45 4.23 8.19 6.33 4.13 1.91 0.23 0.00 0.00 0.00
0.00 0.00 0.00 0.00 0.00 0.00 0.00 0.83 16.61 31.75 49.24 71.56 91.49 123.43 130.52 125.40 114.52 90.43 61.28 27.70 6.14 0.00 0.00 0.00
0.00 0.00 0.00 0.00 0.00 0.00 0.00 1.46 9.87 17.95 29.94 39.19 46.00 49.71 50.43 47.83 42.00 33.49 22.75 10.69 2.95 0.00 0.00 0.00
0.00 0.00 0.00 0.00 0.00 0.00 0.00 0.28 2.06 3.76 6.71 8.81 10.36 11.25 11.51 10.80 9.52 7.52 5.11 2.39 0.65 0.00 0.00 0.00
0.00 0.00 0.00 0.00 0.00 0.00 0.00 0.25 1.97 3.61 8.01 10.65 12.79 14.24 14.28 13.37 11.86 9.26 6.27 2.91 0.75 0.00 0.00 0.00
0.00 0.00 0.00 0.00 0.00 0.00 0.00 0.40 3.15 5.78 12.81 17.04 20.46 22.79 22.84 21.40 18.97 14.82 10.04 4.66 1.20 0.00 0.00 0.00
0.00 0.00 0.00 0.00 0.00 0.00 0.00 0.00 94.87 191.79 321.40 433.49 524.73 578.82 584.75 548.66 463.19 359.93 247.78 132.27 42.43 0.00 0.00 0.00
