0.00 0.00 0.00 0.00 0.00 0.00 0.00 0.00 0.00 0.71 1.65 2.39 3.06 3.45 3.52 3.20 2.54 1.75 0.84 0.00 0.00 0.00 0.00 0.00
0.00 0.00 0.00 0.00 0.00 0.00 0.00 0.00 2.94 15.59 30.12 42.27 51.13 54.84 53.22 47.83 40.61 27.33 11.47 0.00 0.00 0.00 0.00 0.00
0.00 0.00 0.00 0.00 0.00 0.00 0.00 0.00 0.00 16.18 37.73 54.67 69.94 78.92 80.39 73.06 58.13 40.10 19.25 0.00 0.00 0.00 0.00 0.00
0.00 0.00 0.00 0.00 0.00 0.00 0.00 0.00 0.00 57.51 134.09 194.31 248.55 280.49 285.72 259.65 206.60 142.50 68.40 0.00 0.00 0.00 0.00 0.00
0.00 0.00 0.00 0.00 0.00 0.00 0.00 0.00 0.78 3.00 5.46 7.54 8.70 9.05 8.78 7.84 6.30 4.04 1.34 0.00 0.00 0.00 0.00 0.00
0.00 0.00 0.00 0.00 0.00 0.00 0.00 0.00 0.00 124.47 293.42 427.42 558.39 658.38 674.83 621.09 485.99 324.98 164.44 0.00 0.00 0.00 0.00 0.00
0.00 0.00 0.00 0.00 0.00 0.00 0.00 0.00 0.14 1.27 2.44 3.62 4.36 4.45 4.41 3.90 2.91 1.89 0.67 0.00 0.00 0.00 0.00 0.00
0.00 0.00 0.00 0.00 0.00 0.00 0.00 0.00 0.16 0.94 1.75 2.49 2.97 3.32 3.30 2.94 2.36 1.59 0.65 0.00 0.00 0.00 0.00 0.00
0.00 0.00 0.00 0.00 0.00 0.00 0.00 0.00 0.26 1.50 2.81 3.99 4.75 5.32 5.28 4.71 3.78 2.54 1.04 0.00 0.00 0.00 0.00 0.00
0.00 0.00 0.00 0.00 0.00 0.00 0.00 0.00 0.26 1.50 2.81 3.99 4.75 5.32 5.28 4.71 3.78 2.54 1.04 0.00 0.00 0.00 0.00 0.00
0.00 0.00 0.00 0.00 0.00 0.00 0.00 0.00 0.32 3.07 5.74 8.27 10.41 12.71 12.82 11.67 9.33 6.32 2.68 0.00 0.00 0.00 0.00 0.00
0.00 0.00 0.00 0.00 0.00 0.00 0.00 0.00 0.16 1.47 2.70 3.93 4.98 5.98 5.99 5.46 4.35 2.94 1.25 0.00 0.00 0.00 0.00 0.00
0.00 0.00 0.00 0.00 0.00 0.00 0.00 0.00 0.21 1.89 3.47 5.05 6.41 7.69 7.71 7.02 5.59 3.78 1.60 0.00 0.00 0.00 0.00 0.00
0.00 0.00 0.00 0.00 0.00 0.00 0.00 0.00 0.14 1.26 2.31 3.37 4.27 5.12 5.14 4.68 3.73 2.52 1.07 0.00 0.00 0.00 0.00 0.00
0.00 0.00 0.00 0.00 0.00 0.00 0.00 0.00 0.14 1.26 2.31 3.37 4.27 5.12 5.14 4.68 3.73 2.52 1.07 0.00 0.00 0.00 0.00 0.00
0.00 0.00 0.00 0.00 0.00 0.00 0.00 0.00 2.03 16.58 27.82 41.76 52.66 68.42 70.68 64.29 52.82 34.36 16.16 0.00 0.00 0.00 0.00 0.00
0.00 0.00 0.00 0.00 0.00 0.00 0.00 0.00 1.10 9.51 18.43 26.06 33.16 39.24 40.11 36.29 27.74 18.69 7.74 0.00 0.00 0.00 0.00 0.00
0.00 0.00 0.00 0.00 0.00 0.00 0.00 0.00 0.67 8.01 16.33 23.13 29.55 32.75 32.18 29.07 22.74 15.39 6.41 0.00 0.00 0.00 0.00 0.00
0.00 0.00 0.00 0.00 0.00 0.00 0.00 0.00 0.00 36.71 86.55 126.07 164.70 194.20 199.05 183.20 143.35 95.86 48.50 0.00 0.00 0.00 0.00 0.00
0.00 0.00 0.00 0.00 0.00 0.00 0.00 0.00 0.00 34.92 82.33 119.92 156.67 184.73 189.34 174.26 136.36 91.18 46.14 0.00 0.00 0.00 0.00 0.00
0.00 0.00 0.00 0.00 0.00 0.00 0.00 0.00 0.00 67.16 158.32 230.62 301.29 355.24 364.12 335.12 262.22 175.35 88.73 0.00 0.00 0.00 0.00 0.00
0.00 0.00 0.00 0.00 0.00 0.00 0.00 0.00 0.00 66.04 155.68 226.78 296.27 349.32 358.05 329.54 257.85 172.43 87.25 0.00 0.00 0.00 0.00 0.00
0.00 0.00 0.00 0.00 0.00 0.00 0.00 0.00 0.00 72.46 178.28 255.81 332.94 379.65 385.27 350.33 276.56 190.61 91.15 0.00 0.00 0.00 0.00 0.00
0.00 0.00 0.00 0.00 0.00 0.00 0.00 0.00 0.16 0.94 1.75 2.49 2.97 3.32 3.30 2.94 2.36 1.59 0.65 0.00 0.00 0.00 0.00 0.00
0.00 0.00 0.00 0.00 0.00 0.00 0.00 0.00 0.83 4.74 8.89 12.64 15.03 16.84 16.74 14.90 11.96 8.03 3.29 0.00 0.00 0.00 0.00 0.00
0.00 0.00 0.00 0.00 0.00 0.00 0.00 0.00 4.21 24.19 45.39 64.52 76.73 85.99 85.44 76.07 61.06 41.00 16.78 0.00 0.00 0.00 0.00 0.00
0.00 0.00 0.00 0.00 0.00 0.00 0.00 0.00 0.00 2.51 5.91 8.61 11.25 13.26 13.59 12.51 9.79 6.55 3.31 0.00 0.00 0.00 0.00 0.00
0.00 0.00 0.00 0.00 0.00 0.00 0.00 0.00 0.00 56.62 132.00 191.28 244.68 276.12 281.26 255.61 203.38 140.28 67.33 0.00 0.00 0.00 0.00 0.00
0.00 0.00 0.00 0.00 0.00 0.00 0.00 0.00 0.00 2.94 7.93 11.44 14.68 17.75 17.97 16.77 14.32 10.06 4.73 0.00 0.00 0.00 0.00 0.00
0.00 0.00 0.00 0.00 0.00 0.00 0.00 0.00 0.00 29.21 55.03 78.71 98.80 98.25 97.32 86.47 70.51 48.05 20.65 0.00 0.00 0.00 0.00 0.00
0.00 0.00 0.00 0.00 0.00 0.00 0.00 0.00 0.00 0.94 2.20 3.19 4.08 4.60 4.69 4.26 3.39 2.34 1.12 0.00 0.00 0.00 0.00 0.00
0.00 0.00 0.00 0.00 0.00 0.00 0.00 0.00 0.00 42.46 99.00 143.46 183.51 207.09 210.95 191.70 152.54 105.21 50.50 0.00 0.00 0.00 0.00 0.00
0.00 0.00 0.00 0.00 0.00 0.00 0.00 0.00 0.00 54.49 127.05 184.11 235.50 265.76 270.72 246.02 195.75 135.02 64.81 0.00 0.00 0.00 0.00 0.00
0.00 0.00 0.00 0.00 0.00 0.00 0.00 0.00 0.00 95.55 235.11 337.35 439.06 500.66 508.07 462.00 364.71 251.36 120.20 0.00 0.00 0.00 0.00 0.00
0.00 0.00 0.00 0.00 0.00 0.00 0.00 0.00 0.23 2.27 4.09 6.05 7.64 9.13 9.24 8.37 6.73 4.54 1.98 0.00 0.00 0.00 0.00 0.00
0.00 0.00 0.00 0.00 0.00 0.00 0.00 0.00 0.29 2.83 5.11 7.57 9.61 11.48 11.58 10.52 8.47 5.73 2.49 0.00 0.00 0.00 0.00 0.00
0.00 0.00 0.00 0.00 0.00 0.00 0.00 0.00 0.00 12.15 32.72 47.19 60.54 73.21 74.13 69.19 59.07 41.49 19.52 0.00 0.00 0.00 0.00 0.00
0.00 0.00 0.00 0.00 0.00 0.00 0.00 0.00 0.00 60.36 171.69 250.63 331.16 375.82 388.30 352.72 274.49 193.13 93.33 0.00 0.00 0.00 0.00 0.00
0.00 0.00 0.00 0.00 0.00 0.00 0.00 0.00 0.10 0.76 1.52 2.16 2.67 3.02 3.07 2.78 2.15 1.44 0.58 0.00 0.00 0.00 0.00 0.00
0.00 0.00 0.00 0.00 0.00 0.00 0.00 0.00 0.00 13.94 32.92 47.48 60.81 69.30 70.54 63.22 49.39 33.98 15.68 0.00 0.00 0.00 0.00 0.00
0.00 0.00 0.00 0.00 0.00 0.00 0.00 0.00 0.00 3.90 9.44 13.85 17.77 23.57 24.51 22.45 18.08 12.14 6.46 0.00 0.00 0.00 0.00 0.00
0.00 0.00 0.00 0.00 0.00 0.00 0.00 0.00 0.21 1.61 3.48 4.92 5.95 5.77 5.66 5.09 3.73 2.41 0.82 0.00 0.00 0.00 0.00 0.00
0.00 0.00 0.00 0.00 0.00 0.00 0.00 0.00 0.10 0.80 1.74 2.46 2.98 2.89 2.83 2.54 1.87 1.20 0.41 0.00 0.00 0.00 0.00 0.00
0.00 0.00 0.00 0.00 0.00 0.00 0.00 0.00 0.22 1.76 3.80 5.38 6.51 6.32 6.19 5.57 4.08 2.63 0.90 0.00 0.00 0.00 0.00 0.00
0.00 0.00 0.00 0.00 0.00 0.00 0.00 0.00 0.28 2.11 3.94 5.57 6.79 7.36 7.33 6.58 5.17 3.35 1.16 0.00 0.00 0.00 0.00 0.00
0.00 0.00 0.00 0.00 0.00 0.00 0.00 0.00 0.43 3.22 6.01 8.48 10.34 11.22 11.17 10.03 7.88 5.10 1.77 0.00 0.00 0.00 0.00 0.00
0.00 0.00 0.00 0.00 0.00 0.00 0.00 0.00 0.30 2.70 4.52 6.59 8.05 8.38 8.29 7.26 5.61 3.65 1.31 0.00 0.00 0.00 0.00 0.00
0.00 0.00 0.00 0.00 0.00 0.00 0.00 0.00 0.00 2.46 5.19 7.37 9.16 7.28 7.24 6.38 4.79 3.21 1.28 0.00 0.00 0.00 0.00 0.00
0.00 0.00 0.00 0.00 0.00 0.00 0.00 0.00 0.00 6.36 13.41 19.03 23.67 18.80 18.69 16.48 12.38 8.28 3.32 0.00 0.00 0.00 0.00 0.00
0.00 0.00 0.00 0.00 0.00 0.00 0.00 0.00 0.00 1.61 2.86 4.07 5.08 5.15 5.14 4.53 3.71 2.50 1.04 0.00 0.00 0.00 0.00 0.00
0.00 0.00 0.00 0.00 0.00 0.00 0.00 0.00 0.54 3.48 6.74 9.60 12.01 13.12 13.13 11.77 9.13 6.05 2.33 0.00 0.00 0.00 0.00 0.00
0.00 0.00 0.00 0.00 0.00 0.00 0.00 0.00 0.76 5.76 11.24 15.94 19.32 19.81 20.21 18.57 14.90 9.82 3.67 0.00 0.00 0.00 0.00 0.00
0.00 0.00 0.00 0.00 0.00 0.00 0.00 0.00 0.22 0.89 1.63 2.21 2.61 2.85 2.82 2.49 1.98 1.27 0.42 0.00 0.00 0.00 0.00 0.00
0.00 0.00 0.00 0.00 0.00 0.00 0.00 0.00 1.13 5.16 9.53 13.27 15.42 16.37 16.05 14.15 11.31 7.42 2.74 0.00 0.00 0.00 0.00 0.00
0.00 0.00 0.00 0.00 0.00 0.00 0.00 0.00 0.82 3.47 6.34 8.91 10.27 11.30 10.89 9.59 7.57 4.92 1.73 0.00 0.00 0.00 0.00 0.00
0.00 0.00 0.00 0.00 0.00 0.00 0.00 0.00 1.13 4.79 8.76 12.30 14.17 15.59 15.02 13.23 10.44 6.78 2.39 0.00 0.00 0.00 0.00 0.00
0.00 0.00 0.00 0.00 0.00 0.00 0.00 0.00 0.77 3.26 5.96 8.38 9.65 10.62 10.23 9.01 7.11 4.62 1.62 0.00 0.00 0.00 0.00 0.00
0.00 0.00 0.00 0.00 0.00 0.00 0.00 0.00 0.60 2.75 5.08 7.07 8.22 8.73 8.56 7.54 6.03 3.96 1.46 0.00 0.00 0.00 0.00 0.00
0.00 0.00 0.00 0.00 0.00 0.00 0.00 0.00 0.69 2.70 4.93 6.71 7.84 8.18 8.05 7.20 5.74 3.70 1.25 0.00 0.00 0.00 0.00 0.00
0.00 0.00 0.00 0.00 0.00 0.00 0.00 0.00 0.47 2.68 5.03 7.15 8.50 9.53 9.47 8.43 6.77 4.54 1.86 0.00 0.00 0.00 0.00 0.00
0.00 0.00 0.00 0.00 0.00 0.00 0.00 0.00 2.64 21.59 36.21 54.36 68.55 89.05 92.00 83.68 68.75 44.72 21.03 0.00 0.00 0.00 0.00 0.00
0.00 0.00 0.00 0.00 0.00 0.00 0.00 0.00 0.37 3.48 6.50 9.38 11.80 14.40 14.52 13.23 10.58 7.16 3.04 0.00 0.00 0.00 0.00 0.00
0.00 0.00 0.00 0.00 0.00 0.00 0.00 0.00 0.81 5.75 11.04 15.65 19.24 21.13 21.04 19.40 15.15 10.17 4.13 0.00 0.00 0.00 0.00 0.00
0.00 0.00 0.00 0.00 0.00 0.00 0.00 0.00 0.37 2.64 5.06 7.17 8.82 9.68 9.64 8.89 6.94 4.66 1.89 0.00 0.00 0.00 0.00 0.00
0.00 0.00 0.00 0.00 0.00 0.00 0.00 0.00 0.45 4.32 8.15 11.66 14.63 17.94 18.18 16.49 13.07 8.85 3.75 0.00 0.00 0.00 0.00 0.00
0.00 0.00 0.00 0.00 0.00 0.00 0.00 0.00 0.24 1.85 3.70 5.24 6.47 7.35 7.46 6.75 5.23 3.51 1.42 0.00 0.00 0.00 0.00 0.00
0.00 0.00 0.00 0.00 0.00 0.00 0.00 0.00 0.00 12.58 33.88 48.86 62.68 75.80 76.75 71.63 61.16 42.95 20.21 0.00 0.00 0.00 0.00 0.00
0.00 0.00 0.00 0.00 0.00 0.00 0.00 0.00 0.00 6.99 13.16 18.82 23.63 23.49 23.27 20.68 16.86 11.49 4.94 0.00 0.00 0.00 0.00 0.00
0.00 0.00 0.00 0.00 0.00 0.00 0.00 0.00 0.00 1.56 3.04 4.32 5.50 5.66 5.71 5.06 3.95 2.70 1.17 0.00 0.00 0.00 0.00 0.00
0.00 0.00 0.00 0.00 0.00 0.00 0.00 0.00 0.00 1.95 4.31 6.23 7.81 8.75 8.77 7.93 6.14 4.21 1.86 0.00 0.00 0.00 0.00 0.00
0.00 0.00 0.00 0.00 0.00 0.00 0.00 0.00 0.00 3.13 6.90 9.96 12.49 14.00 14.03 12.68 9.82 6.74 2.97 0.00 0.00 0.00 0.00 0.00
0.00 0.00 0.00 0.00 0.00 0.00 0.00 0.00 0.00 68.28 160.96 234.46 306.31 361.16 370.19 340.71 266.60 178.27 90.20 0.00 0.00 0.00 0.00 0.00
