0.00 0.00 0.00 0.00 0.00 0.00 0.00 0.00 0.29 1.15 2.13 2.99 3.72 4.19 4.28 4.02 3.39 2.48 1.44 0.23 0.00 0.00 0.00 0.00
0.00 0.00 0.00 0.00 0.00 0.00 0.00 0.00 11.24 29.02 45.63 59.25 71.91 82.36 79.73 73.15 56.42 39.87 22.60 1.54 0.00 0.00 0.00 0.00
0.00 0.00 0.00 0.00 0.00 0.00 0.00 0.00 6.55 26.38 48.77 68.48 85.09 95.87 97.80 92.01 77.44 56.80 32.83 5.16 0.00 0.00 0.00 0.00
0.00 0.00 0.00 0.00 0.00 0.00 0.00 0.00 23.29 93.74 173.33 243.37 302.40 340.72 347.58 326.99 275.23 201.88 116.67 18.32 0.00 0.00 0.00 0.00
0.00 0.00 0.00 0.00 0.00 0.00 0.00 0.00 2.33 5.23 8.11 10.43 12.04 13.30 12.86 11.63 9.38 6.48 3.53 0.07 0.00 0.00 0.00 0.00
0.00 0.00 0.00 0.00 0.00 0.00 0.00 0.00 44.15 206.35 386.65 547.10 679.63 761.79 776.64 748.48 639.27 471.09 276.12 49.23 0.00 0.00 0.00 0.00
0.00 0.00 0.00 0.00 0.00 0.00 0.00 0.00 0.72 1.85 2.58 3.45 4.15 6.91 6.90 6.28 5.44 3.83 2.12 0.16 0.00 0.00 0.00 0.00
0.00 0.00 0.00 0.00 0.00 0.00 0.00 0.00 0.51 1.33 2.52 3.36 3.93 4.10 4.02 3.72 3.30 2.36 1.30 0.11 0.00 0.00 0.00 0.00
0.00 0.00 0.00 0.00 0.00 0.00 0.00 0.00 0.82 2.12 4.03 5.37 6.29 6.55 6.44 5.96 5.28 3.77 2.07 0.17 0.00 0.00 0.00 0.00
0.00 0.00 0.00 0.00 0.00 0.00 0.00 0.00 0.82 2.12 4.03 5.37 6.29 6.55 6.44 5.96 5.28 3.77 2.07 0.17 0.00 0.00 0.00 0.00
0.00 0.00 0.00 0.00 0.00 0.00 0.00 0.00 1.61 4.47 9.66 13.07 15.84 16.27 16.35 15.11 11.69 8.20 4.50 0.62 0.00 0.00 0.00 0.00
0.00 0.00 0.00 0.00 0.00 0.00 0.00 0.00 0.71 1.98 4.60 6.29 7.62 7.24 7.18 6.63 5.20 3.64 1.98 0.31 0.00 0.00 0.00 0.00
0.00 0.00 0.00 0.00 0.00 0.00 0.00 0.00 0.92 2.54 5.92 8.08 9.80 9.31 9.24 8.52 6.68 4.69 2.55 0.40 0.00 0.00 0.00 0.00
0.00 0.00 0.00 0.00 0.00 0.00 0.00 0.00 0.61 1.69 3.94 5.39 6.53 6.21 6.16 5.68 4.45 3.12 1.70 0.26 0.00 0.00 0.00 0.00
0.00 0.00 0.00 0.00 0.00 0.00 0.00 0.00 0.61 1.69 3.94 5.39 6.53 6.21 6.16 5.68 4.45 3.12 1.70 0.26 0.00 0.00 0.00 0.00
0.00 0.00 0.00 0.00 0.00 0.00 0.00 0.00 11.54 34.12 58.93 79.57 95.10 86.65 86.54 80.43 54.78 39.44 21.56 4.00 0.00 0.00 0.00 0.00
0.00 0.00 0.00 0.00 0.00 0.00 0.00 0.00 4.80 13.05 28.87 38.77 46.76 52.01 52.09 47.83 34.55 24.27 13.38 1.75 0.00 0.00 0.00 0.00
0.00 0.00 0.00 0.00 0.00 0.00 0.00 0.00 3.43 9.59 24.53 32.88 39.33 45.93 45.12 41.92 32.43 23.31 13.11 1.38 0.00 0.00 0.00 0.00
0.00 0.00 0.00 0.00 0.00 0.00 0.00 0.00 13.02 60.87 114.05 161.37 200.47 224.70 229.08 220.77 188.56 138.95 81.45 14.52 0.00 0.00 0.00 0.00
0.00 0.00 0.00 0.00 0.00 0.00 0.00 0.00 12.39 57.90 108.49 153.50 190.69 213.74 217.91 210.00 179.36 132.18 77.47 13.81 0.00 0.00 0.00 0.00
0.00 0.00 0.00 0.00 0.00 0.00 0.00 0.00 23.82 111.34 208.63 295.20 366.71 411.04 419.05 403.86 344.93 254.19 148.99 26.56 0.00 0.00 0.00 0.00
0.00 0.00 0.00 0.00 0.00 0.00 0.00 0.00 23.43 109.48 205.15 290.28 360.59 404.19 412.07 397.12 339.18 249.95 146.50 26.12 0.00 0.00 0.00 0.00
0.00 0.00 0.00 0.00 0.00 0.00 0.00 0.00 28.17 119.03 224.25 314.38 394.11 440.92 450.39 422.20 354.61 262.02 152.30 24.86 0.00 0.00 0.00 0.00
0.00 0.00 0.00 0.00 0.00 0.00 0.00 0.00 0.51 1.33 2.52 3.36 3.93 4.10 4.02 3.72 3.30 2.36 1.30 0.11 0.00 0.00 0.00 0.00
0.00 0.00 0.00 0.00 0.00 0.00 0.00 0.00 2.61 6.71 12.77 17.01 19.92 20.75 20.38 18.87 16.71 11.94 6.57 0.55 0.00 0.00 0.00 0.00
0.00 0.00 0.00 0.00 0.00 0.00 0.00 0.00 13.31 34.28 65.18 86.84 101.71 105.95 104.06 96.32 85.29 60.95 33.54 2.79 0.00 0.00 0.00 0.00
0.00 0.00 0.00 0.00 0.00 0.00 0.00 0.00 0.89 4.16 7.79 11.02 13.69 15.35 15.64 15.08 12.88 9.49 5.56 0.99 0.00 0.00 0.00 0.00
0.00 0.00 0.00 0.00 0.00 0.00 0.00 0.00 22.93 92.28 170.63 239.58 297.69 335.41 342.17 321.89 270.94 198.73 114.86 18.04 0.00 0.00 0.00 0.00
0.00 0.00 0.00 0.00 0.00 0.00 0.00 0.00 2.20 7.32 13.75 19.11 23.61 25.19 25.01 23.01 20.86 14.93 8.86 1.44 0.00 0.00 0.00 0.00
0.00 0.00 0.00 0.00 0.00 0.00 0.00 0.00 14.91 49.29 88.15 121.86 148.38 164.04 167.25 154.45 123.71 91.02 51.16 8.48 0.00 0.00 0.00 0.00
0.00 0.00 0.00 0.00 0.00 0.00 0.00 0.00 0.38 1.54 2.84 3.99 4.96 5.59 5.70 5.36 4.52 3.31 1.91 0.30 0.00 0.00 0.00 0.00
0.00 0.00 0.00 0.00 0.00 0.00 0.00 0.00 17.20 69.21 127.97 179.68 223.26 251.56 256.62 241.42 203.21 149.05 86.14 13.53 0.00 0.00 0.00 0.00
0.00 0.00 0.00 0.00 0.00 0.00 0.00 0.00 22.07 88.82 164.23 230.59 286.52 322.83 329.33 309.82 260.78 191.28 110.55 17.36 0.00 0.00 0.00 0.00
0.00 0.00 0.00 0.00 0.00 0.00 0.00 0.00 37.14 156.97 295.74 414.58 519.73 581.46 593.95 556.78 467.64 345.53 200.84 32.78 0.00 0.00 0.00 0.00
0.00 0.00 0.00 0.00 0.00 0.00 0.00 0.00 1.18 3.35 7.47 10.20 12.44 10.75 10.70 9.84 8.06 5.73 3.15 0.46 0.00 0.00 0.00 0.00
0.00 0.00 0.00 0.00 0.00 0.00 0.00 0.00 1.43 4.04 9.50 12.98 15.81 13.56 13.48 12.36 10.20 7.25 3.96 0.55 0.00 0.00 0.00 0.00
0.00 0.00 0.00 0.00 0.00 0.00 0.00 0.00 9.08 30.18 56.70 78.81 97.38 103.91 103.17 94.93 86.05 61.57 36.54 5.94 0.00 0.00 0.00 0.00
0.00 0.00 0.00 0.00 0.00 0.00 0.00 0.00 18.89 105.26 210.28 293.97 368.05 421.83 434.09 407.13 344.32 257.94 154.11 29.69 0.00 0.00 0.00 0.00
0.00 0.00 0.00 0.00 0.00 0.00 0.00 0.00 0.36 0.95 2.18 2.97 3.58 4.21 4.18 3.80 2.55 1.81 1.00 0.14 0.00 0.00 0.00 0.00
0.00 0.00 0.00 0.00 0.00 0.00 0.00 0.00 6.37 23.57 42.80 59.49 73.07 81.99 82.74 77.67 66.16 48.11 27.15 3.88 0.00 0.00 0.00 0.00
0.00 0.00 0.00 0.00 0.00 0.00 0.00 0.00 1.17 7.06 13.87 19.95 24.95 27.94 28.27 26.29 22.35 16.62 10.19 2.06 0.00 0.00 0.00 0.00
0.00 0.00 0.00 0.00 0.00 0.00 0.00 0.00 0.82 2.05 2.85 3.75 4.49 7.13 7.13 6.53 6.03 4.18 2.31 0.15 0.00 0.00 0.00 0.00
0.00 0.00 0.00 0.00 0.00 0.00 0.00 0.00 0.41 1.03 1.42 1.87 2.25 3.56 3.57 3.26 3.01 2.09 1.16 0.08 0.00 0.00 0.00 0.00
0.00 0.00 0.00 0.00 0.00 0.00 0.00 0.00 0.90 2.25 3.11 4.10 4.92 7.80 7.80 7.14 6.59 4.57 2.53 0.17 0.00 0.00 0.00 0.00
0.00 0.00 0.00 0.00 0.00 0.00 0.00 0.00 1.04 2.60 3.49 4.60 5.47 10.52 10.36 9.60 7.95 5.57 3.09 0.19 0.00 0.00 0.00 0.00
0.00 0.00 0.00 0.00 0.00 0.00 0.00 0.00 1.58 3.96 5.31 7.01 8.34 16.03 15.78 14.63 12.12 8.49 4.70 0.29 0.00 0.00 0.00 0.00
0.00 0.00 0.00 0.00 0.00 0.00 0.00 0.00 1.52 3.90 5.52 7.40 8.83 14.82 14.71 13.51 11.05 7.78 4.33 0.35 0.00 0.00 0.00 0.00
0.00 0.00 0.00 0.00 0.00 0.00 0.00 0.00 1.37 4.13 7.25 9.87 12.06 13.10 13.25 12.47 9.68 6.85 3.79 0.47 0.00 0.00 0.00 0.00
0.00 0.00 0.00 0.00 0.00 0.00 0.00 0.00 3.54 10.67 18.74 25.50 31.16 33.85 34.23 32.21 24.99 17.71 9.78 1.20 0.00 0.00 0.00 0.00
0.00 0.00 0.00 0.00 0.00 0.00 0.00 0.00 0.90 2.79 4.85 6.71 8.19 8.86 8.83 8.14 6.49 4.68 2.61 0.40 0.00 0.00 0.00 0.00
0.00 0.00 0.00 0.00 0.00 0.00 0.00 0.00 1.47 3.75 9.51 12.86 15.24 16.97 16.94 15.18 11.04 7.70 4.23 0.46 0.00 0.00 0.00 0.00
0.00 0.00 0.00 0.00 0.00 0.00 0.00 0.00 2.10 5.39 13.28 17.72 21.32 24.85 24.60 22.50 19.21 13.55 7.41 0.58 0.00 0.00 0.00 0.00
0.00 0.00 0.00 0.00 0.00 0.00 0.00 0.00 0.72 1.62 2.58 3.28 3.78 4.12 4.05 3.69 3.06 2.10 1.15 0.04 0.00 0.00 0.00 0.00
0.00 0.00 0.00 0.00 0.00 0.00 0.00 0.00 3.50 8.36 14.80 19.32 22.95 25.75 25.15 22.94 18.90 12.98 7.14 0.33 0.00 0.00 0.00 0.00
0.00 0.00 0.00 0.00 0.00 0.00 0.00 0.00 2.54 5.89 9.97 12.87 14.88 16.57 16.20 14.98 12.38 8.63 4.72 0.16 0.00 0.00 0.00 0.00
0.00 0.00 0.00 0.00 0.00 0.00 0.00 0.00 3.50 8.13 13.76 17.76 20.54 22.87 22.36 20.68 17.09 11.91 6.52 0.22 0.00 0.00 0.00 0.00
0.00 0.00 0.00 0.00 0.00 0.00 0.00 0.00 2.39 5.54 9.38 12.10 13.99 15.58 15.23 14.09 11.64 8.12 4.44 0.15 0.00 0.00 0.00 0.00
0.00 0.00 0.00 0.00 0.00 0.00 0.00 0.00 1.87 4.46 7.89 10.30 12.24 13.73 13.41 12.23 10.08 6.92 3.81 0.18 0.00 0.00 0.00 0.00
0.00 0.00 0.00 0.00 0.00 0.00 0.00 0.00 2.08 4.72 7.37 9.64 11.19 12.45 12.13 11.02 8.92 6.18 3.36 0.08 0.00 0.00 0.00 0.00
0.00 0.00 0.00 0.00 0.00 0.00 0.00 0.00 1.48 3.80 7.22 9.62 11.27 11.74 11.53 10.67 9.45 6.75 3.72 0.31 0.00 0.00 0.00 0.00
0.00 0.00 0.00 0.00 0.00 0.00 0.00 0.00 15.02 44.41 76.71 103.57 123.79 112.79 112.64 104.68 71.30 51.34 28.06 5.21 0.00 0.00 0.00 0.00
0.00 0.00 0.00 0.00 0.00 0.00 0.00 0.00 1.82 5.06 10.95 14.82 17.95 18.44 18.53 17.12 13.25 9.29 5.10 0.70 0.00 0.00 0.00 0.00
0.00 0.00 0.00 0.00 0.00 0.00 0.00 0.00 2.33 6.15 12.57 17.06 20.34 24.88 24.52 22.48 16.97 11.78 6.55 0.89 0.00 0.00 0.00 0.00
0.00 0.00 0.00 0.00 0.00 0.00 0.00 0.00 1.07 2.82 5.76 7.82 9.32 11.40 11.24 10.30 7.78 5.40 3.00 0.41 0.00 0.00 0.00 0.00
0.00 0.00 0.00 0.00 0.00 0.00 0.00 0.00 2.34 6.50 13.50 18.19 22.01 23.42 23.62 21.79 16.99 11.97 6.61 0.79 0.00 0.00 0.00 0.00
0.00 0.00 0.00 0.00 0.00 0.00 0.00 0.00 0.87 2.31 5.29 7.20 8.69 10.21 10.16 9.22 6.19 4.39 2.43 0.34 0.00 0.00 0.00 0.00
0.00 0.00 0.00 0.00 0.00 0.00 0.00 0.00 9.40 31.25 58.71 81.59 100.82 107.58 106.82 98.29 89.09 63.75 37.83 6.15 0.00 0.00 0.00 0.00
0.00 0.00 0.00 0.00 0.00 0.00 0.00 0.00 3.57 11.79 21.08 29.14 35.48 39.23 39.99 36.93 29.58 21.77 12.23 2.03 0.00 0.00 0.00 0.00
0.00 0.00 0.00 0.00 0.00 0.00 0.00 0.00 0.81 2.68 4.75 6.52 7.94 8.80 8.96 8.40 6.64 4.79 2.74 0.38 0.00 0.00 0.00 0.00
0.00 0.00 0.00 0.00 0.00 0.00 0.00 0.00 1.03 3.37 6.01 8.37 10.32 11.49 11.34 10.42 8.62 6.14 3.49 0.42 0.00 0.00 0.00 0.00
0.00 0.00 0.00 0.00 0.00 0.00 0.00 0.00 1.65 5.40 9.62 13.39 16.51 18.39 18.14 16.67 13.80 9.83 5.59 0.67 0.00 0.00 0.00 0.00
0.00 0.00 0.00 0.00 0.00 0.00 0.00 0.00 24.22 113.20 212.10 300.12 372.82 417.89 426.04 410.59 350.68 258.42 151.47 27.00 0.00 0.00 0.00 0.00
