0.00 0.00 0.00 0.00 0.00 0.00 0.00 0.00 0.15 1.10 2.18 3.25 4.14 4.63 4.79 4.60 4.05 3.14 1.96 0.69 0.00 0.00 0.00 0.00
0.00 0.00 0.00 0.00 0.00 0.00 0.00 0.00 5.88 19.53 34.73 49.42 61.13 70.45 71.94 69.79 59.01 44.06 27.34 5.73 0.00 0.00 0.00 0.00
0.00 0.00 0.00 0.00 0.00 0.00 0.00 0.00 3.38 25.12 49.85 74.32 94.70 105.77 109.60 105.10 92.69 71.71 44.78 15.80 0.00 0.00 0.00 0.00
0.00 0.00 0.00 0.00 0.00 0.00 0.00 0.00 12.02 89.27 177.18 264.14 336.57 375.91 389.51 373.50 329.41 254.84 159.15 56.15 0.00 0.00 0.00 0.00
0.00 0.00 0.00 0.00 0.00 0.00 0.00 0.00 1.37 3.63 5.48 8.02 9.74 11.94 11.95 10.95 9.27 6.76 4.21 0.70 0.00 0.00 0.00 0.00
0.00 0.00 0.00 0.00 0.00 0.00 0.00 0.00 17.02 196.56 403.01 610.65 772.90 878.50 933.77 904.69 768.92 598.14 386.34 145.01 0.00 0.00 0.00 0.00
0.00 0.00 0.00 0.00 0.00 0.00 0.00 0.00 0.66 2.09 3.01 4.31 5.19 6.02 5.96 5.59 5.45 4.11 2.59 0.58 0.00 0.00 0.00 0.00
0.00 0.00 0.00 0.00 0.00 0.00 0.00 0.00 0.34 1.11 1.94 2.78 3.56 4.02 4.08 4.01 3.41 2.55 1.59 0.35 0.00 0.00 0.00 0.00
0.00 0.00 0.00 0.00 0.00 0.00 0.00 0.00 0.54 1.77 3.11 4.45 5.69 6.43 6.52 6.42 5.46 4.09 2.55 0.57 0.00 0.00 0.00 0.00
0.00 0.00 0.00 0.00 0.00 0.00 0.00 0.00 0.54 1.77 3.11 4.45 5.69 6.43 6.52 6.42 5.46 4.09 2.55 0.57 0.00 0.00 0.00 0.00
0.00 0.00 0.00 0.00 0.00 0.00 0.00 0.00 1.10 4.05 7.66 11.18 14.39 15.94 16.45 15.83 12.25 9.43 5.96 1.57 0.00 0.00 0.00 0.00
0.00 0.00 0.00 0.00 0.00 0.00 0.00 0.00 0.53 1.93 3.70 5.42 6.99 7.60 7.66 7.40 5.51 4.24 2.61 0.71 0.00 0.00 0.00 0.00
0.00 0.00 0.00 0.00 0.00 0.00 0.00 0.00 0.68 2.48 4.75 6.97 8.99 9.78 9.84 9.52 7.08 5.45 3.35 0.91 0.00 0.00 0.00 0.00
0.00 0.00 0.00 0.00 0.00 0.00 0.00 0.00 0.45 1.66 3.17 4.65 5.99 6.52 6.56 6.34 4.72 3.63 2.23 0.61 0.00 0.00 0.00 0.00
0.00 0.00 0.00 0.00 0.00 0.00 0.00 0.00 0.45 1.66 3.17 4.65 5.99 6.52 6.56 6.34 4.72 3.63 2.23 0.61 0.00 0.00 0.00 0.00
0.00 0.00 0.00 0.00 0.00 0.00 0.00 0.00 5.31 22.60 41.94 64.21 84.17 93.97 96.89 93.05 70.15 53.26 31.69 8.92 0.00 0.00 0.00 0.00
0.00 0.00 0.00 0.00 0.00 0.00 0.00 0.00 3.58 12.72 22.18 32.27 41.21 49.39 50.35 47.42 37.17 28.78 17.70 4.80 0.00 0.00 0.00 0.00
0.00 0.00 0.00 0.00 0.00 0.00 0.00 0.00 3.13 11.60 20.70 29.61 37.29 40.12 40.51 38.78 31.98 24.52 15.58 3.71 0.00 0.00 0.00 0.00
0.00 0.00 0.00 0.00 0.00 0.00 0.00 0.00 5.02 57.98 118.87 180.12 227.98 259.12 275.43 266.85 226.80 176.43 113.96 42.77 0.00 0.00 0.00 0.00
0.00 0.00 0.00 0.00 0.00 0.00 0.00 0.00 4.77 55.15 113.08 171.33 216.86 246.48 261.99 253.83 215.74 167.82 108.40 40.69 0.00 0.00 0.00 0.00
0.00 0.00 0.00 0.00 0.00 0.00 0.00 0.00 9.18 106.06 217.45 329.49 417.03 474.01 503.83 488.14 414.89 322.74 208.46 78.25 0.00 0.00 0.00 0.00
0.00 0.00 0.00 0.00 0.00 0.00 0.00 0.00 9.03 104.29 213.83 324.00 410.08 466.11 495.44 480.00 407.97 317.36 204.98 76.94 0.00 0.00 0.00 0.00
0.00 0.00 0.00 0.00 0.00 0.00 0.00 0.00 14.15 115.57 229.28 346.61 445.92 498.64 506.05 479.25 418.64 319.94 204.05 72.16 0.00 0.00 0.00 0.00
0.00 0.00 0.00 0.00 0.00 0.00 0.00 0.00 0.34 1.11 1.94 2.78 3.56 4.02 4.08 4.01 3.41 2.55 1.59 0.35 0.00 0.00 0.00 0.00
0.00 0.00 0.00 0.00 0.00 0.00 0.00 0.00 1.71 5.60 9.85 14.09 18.03 20.35 20.66 20.32 17.30 12.94 8.07 1.79 0.00 0.00 0.00 0.00
0.00 0.00 0.00 0.00 0.00 0.00 0.00 0.00 8.72 28.60 50.29 71.92 92.06 103.88 105.45 103.75 88.33 66.06 41.19 9.16 0.00 0.00 0.00 0.00
0.00 0.00 0.00 0.00 0.00 0.00 0.00 0.00 0.34 3.96 8.12 12.30 15.57 17.70 18.81 18.22 15.49 12.05 7.78 2.92 0.00 0.00 0.00 0.00
0.00 0.00 0.00 0.00 0.00 0.00 0.00 0.00 11.84 87.88 174.42 260.02 331.33 370.05 383.44 367.68 324.28 250.87 156.67 55.28 0.00 0.00 0.00 0.00
0.00 0.00 0.00 0.00 0.00 0.00 0.00 0.00 1.14 5.87 11.40 16.90 22.63 26.54 27.55 26.79 23.45 18.39 12.16 3.82 0.00 0.00 0.00 0.00
0.00 0.00 0.00 0.00 0.00 0.00 0.00 0.00 9.49 45.63 86.09 126.77 160.43 178.32 185.05 177.16 155.25 118.03 74.06 21.77 0.00 0.00 0.00 0.00
0.00 0.00 0.00 0.00 0.00 0.00 0.00 0.00 0.20 1.46 2.91 4.33 5.52 6.17 6.39 6.13 5.40 4.18 2.61 0.92 0.00 0.00 0.00 0.00
0.00 0.00 0.00 0.00 0.00 0.00 0.00 0.00 8.88 65.91 130.81 195.02 248.49 277.54 287.58 275.76 243.21 188.15 117.50 41.46 0.00 0.00 0.00 0.00
0.00 0.00 0.00 0.00 0.00 0.00 0.00 0.00 11.39 84.58 167.88 250.27 318.90 356.17 369.06 353.89 312.12 241.47 150.79 53.20 0.00 0.00 0.00 0.00
0.00 0.00 0.00 0.00 0.00 0.00 0.00 0.00 18.66 152.41 302.36 457.09 588.06 657.58 667.36 632.01 552.08 421.93 269.09 95.16 0.00 0.00 0.00 0.00
0.00 0.00 0.00 0.00 0.00 0.00 0.00 0.00 0.81 3.12 5.75 8.47 10.90 11.73 12.01 11.64 8.16 6.22 3.88 1.14 0.00 0.00 0.00 0.00
0.00 0.00 0.00 0.00 0.00 0.00 0.00 0.00 1.04 3.96 7.32 10.53 13.63 14.83 15.11 14.60 10.27 7.85 4.89 1.43 0.00 0.00 0.00 0.00
0.00 0.00 0.00 0.00 0.00 0.00 0.00 0.00 4.71 24.22 47.02 69.73 93.35 109.47 113.63 110.50 96.74 75.85 50.14 15.77 0.00 0.00 0.00 0.00
0.00 0.00 0.00 0.00 0.00 0.00 0.00 0.00 6.25 107.54 224.80 341.31 445.23 514.64 529.10 507.53 442.47 355.56 230.89 83.37 1.50 0.00 0.00 0.00
0.00 0.00 0.00 0.00 0.00 0.00 0.00 0.00 0.31 1.04 1.75 2.58 3.28 3.74 3.85 3.67 2.65 2.03 1.27 0.34 0.00 0.00 0.00 0.00
0.00 0.00 0.00 0.00 0.00 0.00 0.00 0.00 3.63 22.08 43.18 64.83 82.28 91.55 93.89 89.79 77.52 59.06 37.44 13.06 0.00 0.00 0.00 0.00
0.00 0.00 0.00 0.00 0.00 0.00 0.00 0.00 0.14 7.13 14.99 22.51 29.47 33.20 33.57 32.70 28.33 21.97 14.49 5.76 0.27 0.00 0.00 0.00
0.00 0.00 0.00 0.00 0.00 0.00 0.00 0.00 0.82 2.47 3.45 4.97 6.10 7.37 7.24 6.64 6.13 4.67 2.97 0.68 0.00 0.00 0.00 0.00
0.00 0.00 0.00 0.00 0.00 0.00 0.00 0.00 0.41 1.24 1.72 2.48 3.05 3.69 3.62 3.32 3.07 2.34 1.48 0.34 0.00 0.00 0.00 0.00
0.00 0.00 0.00 0.00 0.00 0.00 0.00 0.00 0.89 2.71 3.77 5.43 6.68 8.06 7.92 7.27 6.71 5.11 3.25 0.74 0.00 0.00 0.00 0.00
0.00 0.00 0.00 0.00 0.00 0.00 0.00 0.00 1.15 3.51 4.59 6.70 8.08 10.42 10.28 9.58 8.98 6.87 4.32 0.91 0.00 0.00 0.00 0.00
0.00 0.00 0.00 0.00 0.00 0.00 0.00 0.00 1.75 5.35 7.00 10.21 12.32 15.89 15.67 14.60 13.68 10.47 6.59 1.38 0.00 0.00 0.00 0.00
0.00 0.00 0.00 0.00 0.00 0.00 0.00 0.00 1.41 4.48 6.45 9.26 11.11 12.25 12.24 11.54 10.91 8.39 5.29 1.23 0.00 0.00 0.00 0.00
0.00 0.00 0.00 0.00 0.00 0.00 0.00 0.00 0.96 3.92 7.09 10.20 12.55 13.93 14.47 13.88 11.95 9.10 5.60 1.49 0.00 0.00 0.00 0.00
0.00 0.00 0.00 0.00 0.00 0.00 0.00 0.00 2.49 10.13 18.31 26.35 32.42 35.98 37.37 35.86 30.86 23.51 14.47 3.84 0.00 0.00 0.00 0.00
0.00 0.00 0.00 0.00 0.00 0.00 0.00 0.00 0.57 2.45 4.62 6.77 8.67 9.68 9.94 9.37 8.05 6.12 3.84 1.10 0.00 0.00 0.00 0.00
0.00 0.00 0.00 0.00 0.00 0.00 0.00 0.00 1.49 4.75 8.15 11.80 14.64 14.74 15.15 14.52 9.85 7.53 4.79 1.36 0.00 0.00 0.00 0.00
0.00 0.00 0.00 0.00 0.00 0.00 0.00 0.00 2.28 7.31 12.53 17.69 21.59 29.10 29.39 27.85 20.02 15.24 9.46 2.24 0.00 0.00 0.00 0.00
0.00 0.00 0.00 0.00 0.00 0.00 0.00 0.00 0.37 1.00 1.56 2.22 2.71 3.58 3.56 3.38 2.80 2.09 1.31 0.23 0.00 0.00 0.00 0.00
0.00 0.00 0.00 0.00 0.00 0.00 0.00 0.00 1.78 5.17 9.72 14.05 17.88 19.58 19.79 18.78 15.03 11.34 7.14 1.54 0.00 0.00 0.00 0.00
0.00 0.00 0.00 0.00 0.00 0.00 0.00 0.00 1.32 3.68 6.36 9.03 11.23 13.64 13.46 12.70 10.91 8.14 5.07 0.92 0.00 0.00 0.00 0.00
0.00 0.00 0.00 0.00 0.00 0.00 0.00 0.00 1.83 5.08 8.77 12.47 15.49 18.83 18.57 17.53 15.05 11.23 7.00 1.27 0.00 0.00 0.00 0.00
0.00 0.00 0.00 0.00 0.00 0.00 0.00 0.00 1.24 3.46 5.98 8.49 10.55 12.82 12.65 11.94 10.25 7.65 4.77 0.87 0.00 0.00 0.00 0.00
0.00 0.00 0.00 0.00 0.00 0.00 0.00 0.00 0.95 2.76 5.18 7.49 9.53 10.45 10.56 10.02 8.02 6.05 3.81 0.82 0.00 0.00 0.00 0.00
0.00 0.00 0.00 0.00 0.00 0.00 0.00 0.00 1.16 3.12 4.92 7.04 8.64 10.64 10.76 9.94 8.35 6.18 3.86 0.64 0.00 0.00 0.00 0.00
0.00 0.00 0.00 0.00 0.00 0.00 0.00 0.00 0.97 3.17 5.57 7.97 10.20 11.51 11.69 11.50 9.79 7.32 4.56 1.01 0.00 0.00 0.00 0.00
0.00 0.00 0.00 0.00 0.00 0.00 0.00 0.00 6.91 29.42 54.59 83.58 109.55 122.31 126.11 121.12 91.30 69.32 41.25 11.61 0.00 0.00 0.00 0.00
0.00 0.00 0.00 0.00 0.00 0.00 0.00 0.00 1.24 4.59 8.68 12.67 16.31 18.07 18.64 17.94 13.89 10.69 6.76 1.78 0.00 0.00 0.00 0.00
0.00 0.00 0.00 0.00 0.00 0.00 0.00 0.00 2.14 7.20 12.80 18.82 24.51 22.98 22.96 22.06 14.61 11.17 7.16 2.21 0.00 0.00 0.00 0.00
0.00 0.00 0.00 0.00 0.00 0.00 0.00 0.00 0.98 3.30 5.87 8.63 11.24 10.53 10.53 10.11 6.70 5.12 3.28 1.01 0.00 0.00 0.00 0.00
0.00 0.00 0.00 0.00 0.00 0.00 0.00 0.00 1.55 5.72 10.58 15.41 19.66 22.22 23.03 22.04 17.61 13.60 8.72 2.25 0.00 0.00 0.00 0.00
0.00 0.00 0.00 0.00 0.00 0.00 0.00 0.00 0.74 2.53 4.25 6.27 7.95 9.09 9.36 8.91 6.43 4.92 3.08 0.83 0.00 0.00 0.00 0.00
0.00 0.00 0.00 0.00 0.00 0.00 0.00 0.00 4.88 25.08 48.69 72.20 96.65 113.34 117.65 114.41 100.16 78.53 51.92 16.33 0.00 0.00 0.00 0.00
0.00 0.00 0.00 0.00 0.00 0.00 0.00 0.00 2.27 10.91 20.59 30.31 38.36 42.64 44.25 42.36 37.12 28.23 17.71 5.21 0.00 0.00 0.00 0.00
0.00 0.00 0.00 0.00 0.00 0.00 0.00 0.00 0.49 2.41 4.53 6.76 8.58 9.62 9.89 9.57 8.33 6.25 3.93 1.20 0.00 0.00 0.00 0.00
0.00 0.00 0.00 0.00 0.00 0.00 0.00 0.00 0.62 2.98 5.66 8.34 10.53 11.92 12.24 11.76 10.20 7.75 4.90 1.53 0.00 0.00 0.00 0.00
0.00 0.00 0.00 0.00 0.00 0.00 0.00 0.00 0.99 4.78 9.06 13.35 16.85 19.08 19.59 18.82 16.32 12.40 7.84 2.46 0.00 0.00 0.00 0.00
0.00 0.00 0.00 0.00 0.00 0.00 0.00 0.00 9.33 107.83 221.08 334.98 423.98 481.91 512.23 496.28 421.80 328.12 211.93 79.55 0.00 0.00 0.00 0.00
