0.00 0.00 0.00 0.00 0.00 0.00 0.00 0.00 0.67 1.63 2.71 3.77 4.55 5.05 5.11 4.92 4.16 3.28 2.20 0.97 0.16 0.00 0.00 0.00
0.00 0.00 0.00 0.00 0.00 0.00 0.00 0.00 12.86 26.75 42.47 57.41 69.42 73.26 73.46 68.91 56.96 43.93 27.56 8.25 0.00 0.00 0.00 0.00
0.00 0.00 0.00 0.00 0.00 0.00 0.00 0.00 15.33 37.17 62.07 86.20 104.14 115.49 116.85 112.45 95.02 74.96 50.23 22.20 3.69 0.00 0.00 0.00
0.00 0.00 0.00 0.00 0.00 0.00 0.00 0.00 54.49 132.11 220.59 306.34 370.11 410.45 415.28 399.64 337.70 266.40 178.53 78.90 13.10 0.00 0.00 0.00
0.00 0.00 0.00 0.00 0.00 0.00 0.00 0.14 2.46 4.62 5.74 7.61 8.74 11.64 11.49 10.79 9.33 7.01 4.24 1.07 0.00 0.00 0.00 0.00
0.00 0.00 0.00 0.00 0.00 0.00 0.00 0.00 111.27 288.71 507.88 708.97 857.46 937.89 957.78 909.53 793.15 630.26 436.46 192.97 37.62 0.00 0.00 0.00
0.00 0.00 0.00 0.00 0.00 0.00 0.00 0.00 1.60 3.14 3.53 4.78 5.52 8.94 8.84 8.32 6.91 5.14 3.22 0.95 0.00 0.00 0.00 0.00
0.00 0.00 0.00 0.00 0.00 0.00 0.00 0.00 0.74 1.51 2.42 3.30 3.90 4.11 4.22 3.98 3.51 2.75 1.73 0.54 0.00 0.00 0.00 0.00
0.00 0.00 0.00 0.00 0.00 0.00 0.00 0.00 1.18 2.42 3.87 5.28 6.24 6.57 6.75 6.36 5.61 4.40 2.77 0.86 0.00 0.00 0.00 0.00
0.00 0.00 0.00 0.00 0.00 0.00 0.00 0.00 1.18 2.42 3.87 5.28 6.24 6.57 6.75 6.36 5.61 4.40 2.77 0.86 0.00 0.00 0.00 0.00
0.00 0.00 0.00 0.00 0.00 0.00 0.00 0.00 2.69 5.70 9.88 13.58 16.42 17.38 17.45 16.77 11.65 8.95 5.81 1.80 0.00 0.00 0.00 0.00
0.00 0.00 0.00 0.00 0.00 0.00 0.00 0.00 1.30 2.75 4.65 6.29 7.54 7.80 7.84 7.58 5.36 4.14 2.61 0.84 0.00 0.00 0.00 0.00
0.00 0.00 0.00 0.00 0.00 0.00 0.00 0.00 1.67 3.53 5.98 8.09 9.70 10.02 10.08 9.75 6.89 5.32 3.35 1.08 0.00 0.00 0.00 0.00
0.00 0.00 0.00 0.00 0.00 0.00 0.00 0.00 1.11 2.35 3.99 5.39 6.46 6.68 6.72 6.50 4.60 3.55 2.24 0.72 0.00 0.00 0.00 0.00
0.00 0.00 0.00 0.00 0.00 0.00 0.00 0.00 1.11 2.35 3.99 5.39 6.46 6.68 6.72 6.50 4.60 3.55 2.24 0.72 0.00 0.00 0.00 0.00
0.00 0.00 0.00 0.00 0.00 0.00 0.00 0.00 13.31 30.31 53.22 73.95 90.70 102.56 105.97 101.28 85.25 66.01 41.53 13.86 0.00 0.00 0.00 0.00
0.00 0.00 0.00 0.00 0.00 0.00 0.00 0.00 8.45 17.64 27.43 38.26 46.25 53.39 52.44 49.74 34.42 26.42 17.16 5.83 0.00 0.00 0.00 0.00
0.00 0.00 0.00 0.00 0.00 0.00 0.00 0.00 7.67 16.13 24.55 32.84 39.60 45.40 45.44 43.45 32.16 24.78 16.02 4.42 0.00 0.00 0.00 0.00
0.00 0.00 0.00 0.00 0.00 0.00 0.00 0.00 32.82 85.16 149.81 209.12 252.92 276.64 282.51 268.28 233.95 185.91 128.74 56.92 11.10 0.00 0.00 0.00
0.00 0.00 0.00 0.00 0.00 0.00 0.00 0.00 31.22 81.01 142.50 198.92 240.58 263.15 268.73 255.19 222.54 176.84 122.46 54.14 10.56 0.00 0.00 0.00
0.00 0.00 0.00 0.00 0.00 0.00 0.00 0.00 60.04 155.78 274.03 382.54 462.66 506.05 516.79 490.75 427.96 340.07 235.50 104.12 20.30 0.00 0.00 0.00
0.00 0.00 0.00 0.00 0.00 0.00 0.00 0.00 59.04 153.18 269.47 376.16 454.95 497.62 508.17 482.57 420.82 334.40 231.58 102.38 19.96 0.00 0.00 0.00
0.00 0.00 0.00 0.00 0.00 0.00 0.00 0.00 75.31 182.83 303.46 414.10 492.02 538.64 543.28 517.33 449.83 353.86 240.18 105.82 19.85 0.00 0.00 0.00
0.00 0.00 0.00 0.00 0.00 0.00 0.00 0.00 0.74 1.51 2.42 3.30 3.90 4.11 4.22 3.98 3.51 2.75 1.73 0.54 0.00 0.00 0.00 0.00
0.00 0.00 0.00 0.00 0.00 0.00 0.00 0.00 3.73 7.65 12.26 16.73 19.77 20.82 21.36 20.14 17.78 13.92 8.77 2.73 0.00 0.00 0.00 0.00
0.00 0.00 0.00 0.00 0.00 0.00 0.00 0.00 19.05 39.05 62.59 85.43 100.92 106.28 109.05 102.84 90.77 71.07 44.76 13.92 0.00 0.00 0.00 0.00
0.00 0.00 0.00 0.00 0.00 0.00 0.00 0.00 2.24 5.82 10.23 14.28 17.27 18.89 19.29 18.32 15.98 12.70 8.79 3.89 0.76 0.00 0.00 0.00
0.00 0.00 0.00 0.00 0.00 0.00 0.00 0.00 53.64 130.05 217.16 301.57 364.35 404.05 408.81 393.41 332.43 262.25 175.74 77.67 12.90 0.00 0.00 0.00
0.00 0.00 0.00 0.00 0.00 0.00 0.00 0.00 3.76 8.74 14.96 21.01 26.45 30.17 30.91 29.46 24.94 19.55 13.31 4.91 0.32 0.00 0.00 0.00
0.00 0.00 0.00 0.00 0.00 0.00 0.00 0.00 30.93 67.80 112.61 154.73 179.62 193.20 193.23 183.04 158.29 122.88 81.03 32.01 3.44 0.00 0.00 0.00
0.00 0.00 0.00 0.00 0.00 0.00 0.00 0.00 0.89 2.17 3.62 5.03 6.07 6.73 6.81 6.56 5.54 4.37 2.93 1.29 0.22 0.00 0.00 0.00
0.00 0.00 0.00 0.00 0.00 0.00 0.00 0.00 40.23 97.54 162.87 226.17 273.26 303.04 306.61 295.06 249.32 196.69 131.81 58.25 9.68 0.00 0.00 0.00
0.00 0.00 0.00 0.00 0.00 0.00 0.00 0.00 51.63 125.17 209.01 290.26 350.68 388.90 393.48 378.66 319.97 252.42 169.15 74.75 12.42 0.00 0.00 0.00
0.00 0.00 0.00 0.00 0.00 0.00 0.00 0.00 99.31 241.11 400.18 546.10 648.85 710.33 716.44 682.23 593.21 466.65 316.74 139.54 26.17 0.00 0.00 0.00
0.00 0.00 0.00 0.00 0.00 0.00 0.00 0.00 2.02 4.34 7.21 9.89 11.80 11.95 12.25 11.67 9.16 7.06 4.54 1.57 0.00 0.00 0.00 0.00
0.00 0.00 0.00 0.00 0.00 0.00 0.00 0.00 2.55 5.46 8.90 12.23 14.63 15.07 15.29 14.67 11.07 8.48 5.47 1.82 0.00 0.00 0.00 0.00
0.00 0.00 0.00 0.00 0.00 0.00 0.00 0.00 15.51 36.05 61.70 86.68 109.11 124.44 127.51 121.50 102.86 80.66 54.90 20.27 1.32 0.00 0.00 0.00
0.00 0.00 0.00 0.00 0.00 0.00 0.00 0.00 34.75 87.67 129.42 173.79 213.44 327.76 330.66 314.23 300.15 243.59 171.00 80.31 21.03 0.00 0.00 0.00
0.00 0.00 0.00 0.00 0.00 0.00 0.00 0.00 0.60 1.24 2.00 2.77 3.32 4.06 3.99 3.69 2.76 2.14 1.38 0.49 0.00 0.00 0.00 0.00
0.00 0.00 0.00 0.00 0.00 0.00 0.00 0.00 14.17 32.98 55.38 75.20 90.49 99.49 101.14 95.39 83.65 66.36 43.95 18.48 2.68 0.00 0.00 0.00
0.00 0.00 0.00 0.00 0.00 0.00 0.00 0.00 3.81 10.92 18.89 26.66 32.47 35.36 34.94 33.16 29.63 24.00 16.66 7.52 1.75 0.00 0.00 0.00
0.00 0.00 0.00 0.00 0.00 0.00 0.00 0.02 1.89 3.67 4.34 5.87 6.86 10.25 10.16 9.42 7.90 5.85 3.63 1.05 0.00 0.00 0.00 0.00
0.00 0.00 0.00 0.00 0.00 0.00 0.00 0.01 0.95 1.83 2.17 2.93 3.43 5.12 5.08 4.71 3.95 2.93 1.82 0.53 0.00 0.00 0.00 0.00
0.00 0.00 0.00 0.00 0.00 0.00 0.00 0.03 2.07 4.01 4.74 6.42 7.50 11.21 11.11 10.30 8.64 6.40 3.97 1.15 0.00 0.00 0.00 0.00
0.00 0.00 0.00 0.00 0.00 0.00 0.00 0.00 2.40 4.67 6.13 8.37 9.87 12.33 12.14 11.30 10.21 7.49 4.69 1.46 0.00 0.00 0.00 0.00
0.00 0.00 0.00 0.00 0.00 0.00 0.00 0.01 3.66 7.11 9.34 12.76 15.05 18.80 18.51 17.22 15.56 11.42 7.15 2.22 0.00 0.00 0.00 0.00
0.00 0.00 0.00 0.00 0.00 0.00 0.00 0.00 3.25 6.40 7.37 9.96 11.65 18.09 17.99 16.70 13.97 10.48 6.59 1.95 0.00 0.00 0.00 0.00
0.00 0.00 0.00 0.00 0.00 0.00 0.00 0.00 2.29 4.79 8.80 11.81 14.11 15.40 15.08 14.14 11.82 9.16 5.89 2.21 0.14 0.00 0.00 0.00
0.00 0.00 0.00 0.00 0.00 0.00 0.00 0.00 5.90 12.38 22.74 30.50 36.45 39.78 38.95 36.52 30.54 23.67 15.22 5.71 0.37 0.00 0.00 0.00
0.00 0.00 0.00 0.00 0.00 0.00 0.00 0.00 1.65 3.52 5.98 8.21 9.79 10.54 10.41 9.83 8.40 6.39 4.13 1.57 0.11 0.00 0.00 0.00
0.00 0.00 0.00 0.00 0.00 0.00 0.00 0.00 3.15 6.32 9.97 13.44 16.07 15.10 14.94 13.93 12.53 9.73 6.17 2.22 0.00 0.00 0.00 0.00
0.00 0.00 0.00 0.00 0.00 0.00 0.00 0.00 5.73 11.41 13.67 18.38 21.69 28.71 28.47 26.77 24.52 18.69 11.51 3.60 0.00 0.00 0.00 0.00
0.00 0.00 0.00 0.00 0.00 0.00 0.00 0.04 0.78 1.46 1.79 2.37 2.75 3.77 3.71 3.55 2.65 1.98 1.22 0.36 0.00 0.00 0.00 0.00
0.00 0.00 0.00 0.00 0.00 0.00 0.00 0.00 4.08 7.94 10.23 13.52 15.95 18.14 18.09 17.10 14.51 11.01 6.90 2.23 0.00 0.00 0.00 0.00
0.00 0.00 0.00 0.00 0.00 0.00 0.00 0.06 2.87 5.49 6.61 8.76 10.10 13.16 13.29 12.68 10.05 7.58 4.66 1.47 0.00 0.00 0.00 0.00
0.00 0.00 0.00 0.00 0.00 0.00 0.00 0.08 3.96 7.58 9.12 12.08 13.94 18.16 18.34 17.50 13.86 10.46 6.44 2.03 0.00 0.00 0.00 0.00
0.00 0.00 0.00 0.00 0.00 0.00 0.00 0.06 2.70 5.16 6.21 8.23 9.49 12.37 12.49 11.92 9.44 7.13 4.38 1.38 0.00 0.00 0.00 0.00
0.00 0.00 0.00 0.00 0.00 0.00 0.00 0.00 2.17 4.23 5.45 7.21 8.51 9.68 9.65 9.12 7.74 5.87 3.68 1.19 0.00 0.00 0.00 0.00
0.00 0.00 0.00 0.00 0.00 0.00 0.00 0.10 2.21 4.19 5.18 6.86 7.83 10.84 10.61 9.94 7.95 6.00 3.65 1.00 0.00 0.00 0.00 0.00
0.00 0.00 0.00 0.00 0.00 0.00 0.00 0.00 2.11 4.33 6.94 9.47 11.18 11.78 12.09 11.40 10.06 7.88 4.96 1.54 0.00 0.00 0.00 0.00
0.00 0.00 0.00 0.00 0.00 0.00 0.00 0.00 17.32 39.45 69.27 96.25 118.05 133.49 137.93 131.82 110.96 85.91 54.05 18.04 0.00 0.00 0.00 0.00
0.00 0.00 0.00 0.00 0.00 0.00 0.00 0.00 3.05 6.46 11.19 15.40 18.61 19.70 19.78 19.01 13.20 10.14 6.58 2.04 0.00 0.00 0.00 0.00
0.00 0.00 0.00 0.00 0.00 0.00 0.00 0.00 4.01 8.23 15.74 21.26 25.57 23.87 23.60 22.33 20.13 15.70 10.16 3.58 0.00 0.00 0.00 0.00
0.00 0.00 0.00 0.00 0.00 0.00 0.00 0.00 1.84 3.77 7.22 9.74 11.72 10.94 10.82 10.23 9.23 7.20 4.66 1.64 0.00 0.00 0.00 0.00
0.00 0.00 0.00 0.00 0.00 0.00 0.00 0.00 3.71 7.86 13.80 19.16 23.20 24.74 24.74 23.67 16.55 12.71 8.34 2.58 0.00 0.00 0.00 0.00
0.00 0.00 0.00 0.00 0.00 0.00 0.00 0.00 1.46 3.01 4.87 6.72 8.07 9.85 9.70 8.97 6.69 5.20 3.35 1.19 0.00 0.00 0.00 0.00
0.00 0.00 0.00 0.00 0.00 0.00 0.00 0.00 16.06 37.33 63.88 89.75 112.96 128.84 132.02 125.80 106.50 83.51 56.84 20.99 1.37 0.00 0.00 0.00
0.00 0.00 0.00 0.00 0.00 0.00 0.00 0.00 7.40 16.21 26.93 37.00 42.95 46.20 46.21 43.77 37.85 29.38 19.38 7.65 0.82 0.00 0.00 0.00
0.00 0.00 0.00 0.00 0.00 0.00 0.00 0.00 1.62 3.59 5.99 8.27 9.74 10.31 10.54 9.94 8.58 6.72 4.46 1.75 0.18 0.00 0.00 0.00
0.00 0.00 0.00 0.00 0.00 0.00 0.00 0.00 1.99 4.41 7.29 9.98 12.00 13.06 13.17 12.45 10.89 8.42 5.54 2.12 0.19 0.00 0.00 0.00
0.00 0.00 0.00 0.00 0.00 0.00 0.00 0.00 3.18 7.06 11.66 15.97 19.20 20.89 21.07 19.93 17.43 13.47 8.86 3.40 0.31 0.00 0.00 0.00
0.00 0.00 0.00 0.00 0.00 0.00 0.00 0.00 61.04 158.38 278.60 388.91 470.37 514.49 525.40 498.93 435.09 345.74 239.43 105.85 20.64 0.00 0.00 0.00
