0.00 0.00 0.00 0.00 0.00 0.00 0.00 0.00 0.31 1.17 2.40 3.47 4.28 5.32 5.38 5.16 4.46 3.48 2.27 0.83 0.01 0.00 0.00 0.00
0.00 0.00 0.00 0.00 0.00 0.00 0.00 0.00 2.78 7.38 11.60 16.20 19.99 24.16 24.27 22.72 27.63 20.99 12.77 5.02 0.00 0.00 0.00 0.00
0.00 0.00 0.00 0.00 0.00 0.00 0.00 0.00 7.03 26.78 54.97 79.32 97.88 121.61 123.02 117.91 102.04 79.58 52.00 18.96 0.31 0.00 0.00 0.00
0.00 0.00 0.00 0.00 0.00 0.00 0.00 0.00 24.99 95.18 195.37 281.89 347.87 432.20 437.22 419.05 362.63 282.81 184.81 67.38 1.12 0.00 0.00 0.00
0.00 0.00 0.00 0.00 0.00 0.00 0.00 0.00 1.71 3.87 3.08 4.20 4.90 3.27 3.24 3.05 4.29 3.17 1.85 0.89 0.00 0.00 0.00 0.00
0.00 0.00 0.00 0.00 0.00 0.00 0.00 0.00 57.75 256.59 498.02 721.25 889.27 982.00 1001.97 947.01 815.63 640.65 433.09 169.09 11.37 0.00 0.00 0.00
0.00 0.00 0.00 0.00 0.00 0.00 0.00 0.00 0.47 1.17 1.75 2.45 2.90 6.59 6.55 6.17 7.79 5.72 3.48 0.92 0.00 0.00 0.00 0.00
0.00 0.00 0.00 0.00 0.00 0.00 0.00 0.00 0.17 0.45 0.81 1.14 1.37 1.84 1.89 1.78 2.47 1.91 1.16 0.50 0.00 0.00 0.00 0.00
0.00 0.00 0.00 0.00 0.00 0.00 0.00 0.00 0.27 0.72 1.29 1.82 2.20 2.95 3.03 2.85 3.96 3.05 1.86 0.81 0.00 0.00 0.00 0.00
0.00 0.00 0.00 0.00 0.00 0.00 0.00 0.00 0.27 0.72 1.29 1.82 2.20 2.95 3.03 2.85 3.96 3.05 1.86 0.81 0.00 0.00 0.00 0.00
0.00 0.00 0.00 0.00 0.00 0.00 0.00 0.00 0.62 1.74 5.16 7.35 9.08 17.82 17.92 17.19 16.76 12.73 8.04 2.47 0.00 0.00 0.00 0.00
0.00 0.00 0.00 0.00 0.00 0.00 0.00 0.00 0.32 0.88 2.32 3.26 4.00 7.51 7.56 7.30 7.88 6.01 3.69 1.14 0.00 0.00 0.00 0.00
0.00 0.00 0.00 0.00 0.00 0.00 0.00 0.00 0.41 1.14 2.99 4.19 5.14 9.65 9.73 9.38 10.13 7.73 4.74 1.46 0.00 0.00 0.00 0.00
0.00 0.00 0.00 0.00 0.00 0.00 0.00 0.00 0.27 0.76 1.99 2.79 3.42 6.43 6.48 6.26 6.76 5.15 3.16 0.98 0.00 0.00 0.00 0.00
0.00 0.00 0.00 0.00 0.00 0.00 0.00 0.00 0.27 0.76 1.99 2.79 3.42 6.43 6.48 6.26 6.76 5.15 3.16 0.98 0.00 0.00 0.00 0.00
0.00 0.00 0.00 0.00 0.00 0.00 0.00 0.00 4.23 13.11 24.10 34.80 43.76 55.39 57.73 55.48 55.58 42.64 26.26 12.18 0.00 0.00 0.00 0.00
0.00 0.00 0.00 0.00 0.00 0.00 0.00 0.00 1.94 5.26 13.47 19.45 24.02 58.19 57.27 54.22 50.37 38.20 24.13 7.15 0.00 0.00 0.00 0.00
0.00 0.00 0.00 0.00 0.00 0.00 0.00 0.00 1.92 5.31 17.99 24.89 30.60 50.95 51.23 49.02 42.73 32.55 20.48 5.98 0.00 0.00 0.00 0.00
0.00 0.00 0.00 0.00 0.00 0.00 0.00 0.00 17.03 75.69 146.90 212.74 262.30 289.66 295.54 279.33 240.58 188.97 127.75 49.88 3.35 0.00 0.00 0.00
0.00 0.00 0.00 0.00 0.00 0.00 0.00 0.00 16.20 71.99 139.73 202.37 249.51 275.53 281.13 265.71 228.84 179.75 121.51 47.44 3.19 0.00 0.00 0.00
0.00 0.00 0.00 0.00 0.00 0.00 0.00 0.00 31.16 138.45 268.72 389.17 479.82 529.86 540.63 510.98 440.09 345.67 233.68 91.24 6.13 0.00 0.00 0.00
0.00 0.00 0.00 0.00 0.00 0.00 0.00 0.00 30.64 136.14 264.24 382.68 471.83 521.03 531.62 502.46 432.75 339.91 229.79 89.72 6.03 0.00 0.00 0.00
0.00 0.00 0.00 0.00 0.00 0.00 0.00 0.00 27.72 108.35 242.85 344.83 418.89 563.59 567.98 538.24 469.60 364.98 241.34 90.24 3.72 0.00 0.00 0.00
0.00 0.00 0.00 0.00 0.00 0.00 0.00 0.00 0.17 0.45 0.81 1.14 1.37 1.84 1.89 1.78 2.47 1.91 1.16 0.50 0.00 0.00 0.00 0.00
0.00 0.00 0.00 0.00 0.00 0.00 0.00 0.00 0.87 2.27 4.09 5.77 6.96 9.35 9.60 9.03 12.53 9.66 5.89 2.56 0.00 0.00 0.00 0.00
0.00 0.00 0.00 0.00 0.00 0.00 0.00 0.00 4.43 11.61 20.86 29.46 35.54 47.71 48.99 46.09 63.94 49.30 30.09 13.06 0.00 0.00 0.00 0.00
0.00 0.00 0.00 0.00 0.00 0.00 0.00 0.00 1.16 5.17 10.03 14.53 17.91 19.78 20.18 19.08 16.43 12.91 8.72 3.41 0.23 0.00 0.00 0.00
0.00 0.00 0.00 0.00 0.00 0.00 0.00 0.00 24.60 93.70 192.32 277.50 342.45 425.46 430.41 412.52 356.98 278.40 181.93 66.33 1.10 0.00 0.00 0.00
0.00 0.00 0.00 0.00 0.00 0.00 0.00 0.00 1.93 6.40 12.77 18.64 24.00 31.91 32.87 31.37 26.92 20.94 13.95 4.98 0.00 0.00 0.00 0.00
0.00 0.00 0.00 0.00 0.00 0.00 0.00 0.00 7.55 23.58 77.56 110.81 131.65 207.57 208.31 197.18 169.20 129.78 83.20 27.45 0.00 0.00 0.00 0.00
0.00 0.00 0.00 0.00 0.00 0.00 0.00 0.00 0.41 1.56 3.21 4.62 5.71 7.09 7.17 6.88 5.95 4.64 3.03 1.11 0.02 0.00 0.00 0.00
0.00 0.00 0.00 0.00 0.00 0.00 0.00 0.00 18.45 70.27 144.24 208.12 256.84 319.10 322.81 309.39 267.74 208.80 136.45 49.75 0.83 0.00 0.00 0.00
0.00 0.00 0.00 0.00 0.00 0.00 0.00 0.00 23.67 90.18 185.11 267.09 329.61 409.51 414.27 397.05 343.59 267.96 175.11 63.84 1.06 0.00 0.00 0.00
0.00 0.00 0.00 0.00 0.00 0.00 0.00 0.00 36.55 142.89 320.25 454.74 552.41 743.23 749.02 709.80 619.29 481.32 318.27 119.00 4.91 0.00 0.00 0.00
0.00 0.00 0.00 0.00 0.00 0.00 0.00 0.00 0.65 1.85 3.86 5.49 6.72 10.25 10.53 10.02 12.00 9.15 5.73 1.82 0.00 0.00 0.00 0.00
0.00 0.00 0.00 0.00 0.00 0.00 0.00 0.00 0.74 2.10 4.81 6.86 8.40 13.22 13.44 12.89 15.23 11.54 7.26 2.26 0.00 0.00 0.00 0.00
0.00 0.00 0.00 0.00 0.00 0.00 0.00 0.00 7.94 26.40 52.68 76.88 99.01 131.61 135.58 129.41 111.05 86.40 57.56 20.54 0.00 0.00 0.00 0.00
0.00 0.00 0.00 0.00 0.00 0.00 0.00 0.00 21.10 96.33 263.64 368.53 461.86 520.00 526.27 499.47 449.14 359.69 245.57 101.23 12.64 0.00 0.00 0.00
0.00 0.00 0.00 0.00 0.00 0.00 0.00 0.00 0.17 0.45 0.88 1.27 1.56 4.52 4.45 4.11 3.86 2.96 1.86 0.52 0.00 0.00 0.00 0.00
0.00 0.00 0.00 0.00 0.00 0.00 0.00 0.00 5.37 18.79 42.01 59.41 73.21 105.06 106.78 100.27 87.60 68.67 44.29 16.21 0.00 0.00 0.00 0.00
0.00 0.00 0.00 0.00 0.00 0.00 0.00 0.00 1.64 9.46 18.18 26.43 32.56 35.33 34.89 32.98 29.25 23.47 15.95 6.84 0.84 0.00 0.00 0.00
0.00 0.00 0.00 0.00 0.00 0.00 0.00 0.00 0.55 1.34 1.90 2.66 3.17 6.53 6.51 6.05 8.99 6.58 3.96 1.01 0.00 0.00 0.00 0.00
0.00 0.00 0.00 0.00 0.00 0.00 0.00 0.00 0.28 0.67 0.95 1.33 1.59 3.26 3.26 3.03 4.49 3.29 1.98 0.50 0.00 0.00 0.00 0.00
0.00 0.00 0.00 0.00 0.00 0.00 0.00 0.00 0.61 1.47 2.07 2.91 3.47 7.14 7.12 6.62 9.83 7.20 4.33 1.10 0.00 0.00 0.00 0.00
0.00 0.00 0.00 0.00 0.00 0.00 0.00 0.00 0.70 1.72 2.60 3.68 4.44 9.64 9.54 8.89 11.88 8.61 5.22 1.34 0.00 0.00 0.00 0.00
0.00 0.00 0.00 0.00 0.00 0.00 0.00 0.00 1.07 2.61 3.96 5.61 6.76 14.69 14.54 13.55 18.10 13.12 7.96 2.04 0.00 0.00 0.00 0.00
0.00 0.00 0.00 0.00 0.00 0.00 0.00 0.00 0.93 2.32 3.63 5.09 6.09 14.34 14.33 13.30 15.76 11.70 7.14 1.94 0.00 0.00 0.00 0.00
0.00 0.00 0.00 0.00 0.00 0.00 0.00 0.00 0.83 2.38 4.87 6.80 8.32 16.44 16.17 15.17 13.32 10.21 6.39 2.01 0.00 0.00 0.00 0.00
0.00 0.00 0.00 0.00 0.00 0.00 0.00 0.00 2.15 6.15 12.59 17.56 21.48 42.47 41.77 39.19 34.40 26.38 16.50 5.20 0.00 0.00 0.00 0.00
0.00 0.00 0.00 0.00 0.00 0.00 0.00 0.00 0.42 1.24 3.64 5.19 6.33 11.35 11.25 10.62 9.08 6.84 4.29 1.40 0.00 0.00 0.00 0.00
0.00 0.00 0.00 0.00 0.00 0.00 0.00 0.00 0.89 2.26 2.99 4.18 5.12 15.04 14.84 13.76 16.27 12.48 7.70 1.99 0.00 0.00 0.00 0.00
0.00 0.00 0.00 0.00 0.00 0.00 0.00 0.00 1.64 4.14 6.82 9.49 11.45 31.31 31.19 29.34 29.62 22.30 13.33 3.47 0.00 0.00 0.00 0.00
0.00 0.00 0.00 0.00 0.00 0.00 0.00 0.00 0.61 1.38 1.02 1.40 1.65 1.06 1.05 1.00 1.93 1.42 0.84 0.32 0.00 0.00 0.00 0.00
0.00 0.00 0.00 0.00 0.00 0.00 0.00 0.00 1.46 3.53 4.10 5.60 6.75 6.81 6.80 6.41 10.63 7.94 4.81 2.17 0.00 0.00 0.00 0.00
0.00 0.00 0.00 0.00 0.00 0.00 0.00 0.00 1.35 3.16 2.71 3.70 4.34 4.40 4.45 4.24 6.84 5.08 3.02 1.34 0.00 0.00 0.00 0.00
0.00 0.00 0.00 0.00 0.00 0.00 0.00 0.00 1.87 4.36 3.74 5.10 6.00 6.07 6.14 5.85 9.44 7.01 4.17 1.85 0.00 0.00 0.00 0.00
0.00 0.00 0.00 0.00 0.00 0.00 0.00 0.00 1.27 2.97 2.55 3.48 4.08 4.13 4.18 3.99 6.43 4.78 2.84 1.26 0.00 0.00 0.00 0.00
0.00 0.00 0.00 0.00 0.00 0.00 0.00 0.00 0.78 1.88 2.19 2.99 3.60 3.63 3.63 3.42 5.67 4.24 2.56 1.16 0.00 0.00 0.00 0.00
0.00 0.00 0.00 0.00 0.00 0.00 0.00 0.00 1.28 2.92 2.49 3.39 3.92 3.06 3.01 2.82 3.93 2.92 1.71 0.85 0.00 0.00 0.00 0.00
0.00 0.00 0.00 0.00 0.00 0.00 0.00 0.00 0.49 1.29 2.31 3.26 3.94 5.29 5.43 5.11 7.09 5.46 3.33 1.45 0.00 0.00 0.00 0.00
0.00 0.00 0.00 0.00 0.00 0.00 0.00 0.00 5.50 17.07 31.37 45.29 56.95 72.10 75.14 72.22 72.34 55.50 34.18 15.85 0.00 0.00 0.00 0.00
0.00 0.00 0.00 0.00 0.00 0.00 0.00 0.00 0.71 1.97 5.84 8.33 10.30 20.20 20.31 19.48 18.99 14.43 9.11 2.80 0.00 0.00 0.00 0.00
0.00 0.00 0.00 0.00 0.00 0.00 0.00 0.00 1.30 3.44 4.94 6.94 8.56 21.12 20.88 19.67 25.99 20.00 12.56 3.55 0.00 0.00 0.00 0.00
0.00 0.00 0.00 0.00 0.00 0.00 0.00 0.00 0.60 1.58 2.27 3.18 3.92 9.68 9.57 9.02 11.91 9.17 5.76 1.63 0.00 0.00 0.00 0.00
0.00 0.00 0.00 0.00 0.00 0.00 0.00 0.00 0.84 2.34 7.22 10.38 12.84 26.22 26.26 25.09 23.45 17.81 11.37 3.45 0.00 0.00 0.00 0.00
0.00 0.00 0.00 0.00 0.00 0.00 0.00 0.00 0.41 1.09 2.15 3.08 3.78 10.97 10.82 9.99 9.37 7.20 4.51 1.27 0.00 0.00 0.00 0.00
0.00 0.00 0.00 0.00 0.00 0.00 0.00 0.00 8.22 27.33 54.54 79.60 102.51 136.27 140.37 133.99 114.98 89.45 59.59 21.26 0.00 0.00 0.00 0.00
0.00 0.00 0.00 0.00 0.00 0.00 0.00 0.00 1.80 5.64 18.55 26.50 31.48 49.64 49.81 47.15 40.46 31.03 19.90 6.57 0.00 0.00 0.00 0.00
0.00 0.00 0.00 0.00 0.00 0.00 0.00 0.00 0.42 1.32 4.02 5.77 6.96 11.09 11.37 10.70 9.17 7.09 4.57 1.51 0.00 0.00 0.00 0.00
0.00 0.00 0.00 0.00 0.00 0.00 0.00 0.00 0.67 2.10 5.13 7.31 9.01 14.12 14.26 13.46 11.71 8.96 5.74 1.88 0.00 0.00 0.00 0.00
0.00 0.00 0.00 0.00 0.00 0.00 0.00 0.00 1.07 3.37 8.20 11.70 14.41 22.59 22.82 21.54 18.74 14.33 9.19 3.01 0.00 0.00 0.00 0.00
0.00 0.00 0.00 0.00 0.00 0.00 0.00 0.00 31.68 140.76 273.20 395.65 487.82 538.69 549.64 519.49 447.42 351.43 237.58 92.76 6.24 0.00 0.00 0.00
