0.00 0.00 0.00 0.00 0.00 0.00 0.00 0.00 0.70 1.68 2.79 3.87 4.69 5.22 5.27 5.06 4.41 3.47 2.32 0.99 0.17 0.00 0.00 0.00
0.00 0.00 0.00 0.00 0.00 0.00 0.00 0.00 10.67 22.01 42.88 57.90 70.00 77.51 77.62 72.72 60.36 46.49 29.15 8.79 0.00 0.00 0.00 0.00
0.00 0.00 0.00 0.00 0.00 0.00 0.00 0.00 16.00 38.31 63.77 88.60 107.18 119.40 120.46 115.61 100.82 79.34 53.08 22.66 3.91 0.00 0.00 0.00
0.00 0.00 0.00 0.00 0.00 0.00 0.00 0.00 56.87 136.16 226.64 314.86 380.89 424.35 428.10 410.87 358.31 281.96 188.65 80.52 13.91 0.00 0.00 0.00
0.00 0.00 0.00 0.00 0.00 0.00 0.00 0.09 1.26 2.36 4.04 5.35 6.15 6.31 6.22 5.83 5.88 4.42 2.67 0.81 0.00 0.00 0.00 0.00
0.00 0.00 0.00 0.00 0.00 0.00 0.00 0.00 115.00 293.79 515.74 720.49 872.90 959.64 976.55 924.32 804.67 637.58 440.59 195.14 39.24 0.00 0.00 0.00
0.00 0.00 0.00 0.00 0.00 0.00 0.00 0.01 1.79 3.49 3.28 4.48 5.23 8.15 8.07 7.61 7.38 5.49 3.45 1.02 0.00 0.00 0.00 0.00
0.00 0.00 0.00 0.00 0.00 0.00 0.00 0.00 0.51 1.03 2.47 3.38 4.00 4.46 4.57 4.31 3.72 2.91 1.83 0.58 0.00 0.00 0.00 0.00
0.00 0.00 0.00 0.00 0.00 0.00 0.00 0.00 0.81 1.65 3.95 5.40 6.40 7.13 7.31 6.89 5.95 4.66 2.93 0.93 0.00 0.00 0.00 0.00
0.00 0.00 0.00 0.00 0.00 0.00 0.00 0.00 0.81 1.65 3.95 5.40 6.40 7.13 7.31 6.89 5.95 4.66 2.93 0.93 0.00 0.00 0.00 0.00
0.00 0.00 0.00 0.00 0.00 0.00 0.00 0.00 2.85 5.99 10.27 14.22 17.32 18.82 18.95 18.26 16.14 12.41 8.07 2.83 0.00 0.00 0.00 0.00
0.00 0.00 0.00 0.00 0.00 0.00 0.00 0.00 1.36 2.86 4.91 6.68 8.07 8.79 8.87 8.60 7.57 5.85 3.69 1.27 0.00 0.00 0.00 0.00
0.00 0.00 0.00 0.00 0.00 0.00 0.00 0.00 1.75 3.68 6.31 8.59 10.37 11.31 11.41 11.06 9.73 7.52 4.75 1.64 0.00 0.00 0.00 0.00
0.00 0.00 0.00 0.00 0.00 0.00 0.00 0.00 1.17 2.45 4.20 5.72 6.92 7.54 7.60 7.37 6.49 5.01 3.17 1.09 0.00 0.00 0.00 0.00
0.00 0.00 0.00 0.00 0.00 0.00 0.00 0.00 1.17 2.45 4.20 5.72 6.92 7.54 7.60 7.37 6.49 5.01 3.17 1.09 0.00 0.00 0.00 0.00
0.00 0.00 0.00 0.00 0.00 0.00 0.00 0.00 12.91 29.13 54.10 75.53 93.16 105.76 109.96 105.77 89.51 69.45 43.82 15.40 0.00 0.00 0.00 0.00
0.00 0.00 0.00 0.00 0.00 0.00 0.00 0.00 9.08 18.83 31.29 43.92 53.47 57.39 56.55 53.81 48.39 37.18 24.20 8.35 0.00 0.00 0.00 0.00
0.00 0.00 0.00 0.00 0.00 0.00 0.00 0.00 8.00 16.72 24.10 32.45 39.41 45.03 45.19 43.33 37.34 28.79 18.65 7.36 0.00 0.00 0.00 0.00
0.00 0.00 0.00 0.00 0.00 0.00 0.00 0.00 33.92 86.66 152.13 212.52 257.47 283.06 288.05 272.64 237.35 188.06 129.96 57.56 11.57 0.00 0.00 0.00
0.00 0.00 0.00 0.00 0.00 0.00 0.00 0.00 32.27 82.43 144.70 202.15 244.91 269.25 274.00 259.34 225.77 178.89 123.62 54.75 11.01 0.00 0.00 0.00
0.00 0.00 0.00 0.00 0.00 0.00 0.00 0.00 62.05 158.52 278.28 388.75 470.99 517.79 526.92 498.73 434.17 344.02 237.73 105.29 21.17 0.00 0.00 0.00
0.00 0.00 0.00 0.00 0.00 0.00 0.00 0.00 61.02 155.88 273.64 382.28 463.14 509.16 518.13 490.42 426.94 338.28 233.76 103.54 20.82 0.00 0.00 0.00
0.00 0.00 0.00 0.00 0.00 0.00 0.00 0.00 78.38 188.03 312.26 426.14 506.83 553.83 556.64 528.30 464.85 364.45 246.74 107.37 20.90 0.00 0.00 0.00
0.00 0.00 0.00 0.00 0.00 0.00 0.00 0.00 0.51 1.03 2.47 3.38 4.00 4.46 4.57 4.31 3.72 2.91 1.83 0.58 0.00 0.00 0.00 0.00
0.00 0.00 0.00 0.00 0.00 0.00 0.00 0.00 2.57 5.24 12.51 17.11 20.27 22.59 23.16 21.82 18.84 14.74 9.29 2.96 0.00 0.00 0.00 0.00
0.00 0.00 0.00 0.00 0.00 0.00 0.00 0.00 13.10 26.74 63.88 87.35 103.47 115.34 118.23 111.42 96.18 75.27 47.43 15.09 0.00 0.00 0.00 0.00
0.00 0.00 0.00 0.00 0.00 0.00 0.00 0.00 2.32 5.92 10.39 14.51 17.58 19.33 19.67 18.62 16.21 12.84 8.88 3.93 0.79 0.00 0.00 0.00
0.00 0.00 0.00 0.00 0.00 0.00 0.00 0.00 55.99 134.04 223.11 309.96 374.96 417.73 421.43 404.47 352.72 277.56 185.71 79.27 13.69 0.00 0.00 0.00
0.00 0.00 0.00 0.00 0.00 0.00 0.00 0.00 3.99 9.17 15.30 21.61 27.36 31.30 32.19 30.80 26.51 20.83 14.21 5.54 0.41 0.00 0.00 0.00
0.00 0.00 0.00 0.00 0.00 0.00 0.00 0.00 26.48 57.61 116.95 160.90 187.21 204.04 204.10 193.40 165.71 128.41 84.60 33.92 3.96 0.00 0.00 0.00
0.00 0.00 0.00 0.00 0.00 0.00 0.00 0.00 0.93 2.23 3.72 5.17 6.25 6.96 7.02 6.74 5.88 4.63 3.10 1.32 0.23 0.00 0.00 0.00
0.00 0.00 0.00 0.00 0.00 0.00 0.00 0.00 41.99 100.53 167.33 232.47 281.22 313.30 316.07 303.35 264.54 208.17 139.28 59.45 10.27 0.00 0.00 0.00
0.00 0.00 0.00 0.00 0.00 0.00 0.00 0.00 53.89 129.01 214.74 298.33 360.90 402.07 405.62 389.30 339.49 267.15 178.74 76.29 13.18 0.00 0.00 0.00
0.00 0.00 0.00 0.00 0.00 0.00 0.00 0.00 103.37 247.97 411.80 561.98 668.39 730.36 734.07 696.70 613.02 480.62 325.39 141.59 27.57 0.00 0.00 0.00
0.00 0.00 0.00 0.00 0.00 0.00 0.00 0.00 2.10 4.49 7.53 10.41 12.53 13.82 14.20 13.57 11.76 9.08 5.85 2.05 0.00 0.00 0.00 0.00
0.00 0.00 0.00 0.00 0.00 0.00 0.00 0.00 2.63 5.60 9.47 13.11 15.80 17.37 17.67 17.00 14.76 11.33 7.33 2.54 0.00 0.00 0.00 0.00
0.00 0.00 0.00 0.00 0.00 0.00 0.00 0.00 16.47 37.84 63.11 89.12 112.85 129.09 132.80 127.07 109.34 85.91 58.63 22.87 1.69 0.00 0.00 0.00
0.00 0.00 0.00 0.00 0.00 0.00 0.00 0.00 50.71 125.45 254.28 340.66 417.76 524.81 528.62 501.64 392.13 316.98 221.75 119.16 32.13 0.00 0.00 0.00
0.00 0.00 0.00 0.00 0.00 0.00 0.00 0.00 0.69 1.41 2.42 3.37 4.08 4.48 4.42 4.11 3.51 2.73 1.76 0.62 0.00 0.00 0.00 0.00
0.00 0.00 0.00 0.00 0.00 0.00 0.00 0.00 14.88 34.25 56.23 76.47 92.26 103.41 104.85 98.64 86.66 68.57 45.34 19.07 2.91 0.00 0.00 0.00
0.00 0.00 0.00 0.00 0.00 0.00 0.00 0.00 3.92 11.02 19.20 26.95 32.65 35.50 34.96 33.08 29.64 23.95 16.59 7.58 1.80 0.00 0.00 0.00
0.00 0.00 0.00 0.00 0.00 0.00 0.00 0.07 2.07 3.98 3.73 5.09 6.02 9.46 9.40 8.73 8.63 6.41 4.00 1.24 0.00 0.00 0.00 0.00
0.00 0.00 0.00 0.00 0.00 0.00 0.00 0.03 1.04 1.99 1.86 2.55 3.01 4.73 4.70 4.37 4.32 3.21 2.00 0.62 0.00 0.00 0.00 0.00
0.00 0.00 0.00 0.00 0.00 0.00 0.00 0.07 2.27 4.35 4.08 5.57 6.58 10.35 10.28 9.55 9.44 7.01 4.37 1.36 0.00 0.00 0.00 0.00
0.00 0.00 0.00 0.00 0.00 0.00 0.00 0.05 2.45 4.73 5.36 7.40 8.82 11.11 10.96 10.22 11.34 8.33 5.23 1.69 0.00 0.00 0.00 0.00
0.00 0.00 0.00 0.00 0.00 0.00 0.00 0.08 3.73 7.21 8.16 11.27 13.44 16.94 16.71 15.58 17.28 12.70 7.97 2.57 0.00 0.00 0.00 0.00
0.00 0.00 0.00 0.00 0.00 0.00 0.00 0.00 3.62 7.07 7.51 10.25 12.12 16.79 16.73 15.56 15.12 11.36 7.17 2.28 0.00 0.00 0.00 0.00
0.00 0.00 0.00 0.00 0.00 0.00 0.00 0.00 2.12 4.42 9.09 12.22 14.66 15.90 15.59 14.65 11.76 9.12 5.87 2.45 0.19 0.00 0.00 0.00
0.00 0.00 0.00 0.00 0.00 0.00 0.00 0.00 5.49 11.43 23.48 31.57 37.87 41.07 40.28 37.85 30.38 23.55 15.17 6.32 0.48 0.00 0.00 0.00
0.00 0.00 0.00 0.00 0.00 0.00 0.00 0.00 1.51 3.21 5.85 8.03 9.61 11.20 11.06 10.45 8.99 6.85 4.42 1.71 0.14 0.00 0.00 0.00
0.00 0.00 0.00 0.00 0.00 0.00 0.00 0.00 2.77 5.52 11.21 15.20 18.31 17.41 17.25 16.12 14.96 11.64 7.41 2.53 0.00 0.00 0.00 0.00
0.00 0.00 0.00 0.00 0.00 0.00 0.00 0.00 5.50 10.87 16.73 22.64 26.95 25.24 25.17 23.80 28.72 21.90 13.52 4.35 0.00 0.00 0.00 0.00
0.00 0.00 0.00 0.00 0.00 0.00 0.00 0.03 0.38 0.73 1.22 1.63 1.89 2.14 2.10 2.00 2.15 1.61 1.00 0.39 0.00 0.00 0.00 0.00
0.00 0.00 0.00 0.00 0.00 0.00 0.00 0.01 1.88 3.66 10.41 13.74 16.19 19.73 19.63 18.52 15.86 12.06 7.58 2.49 0.00 0.00 0.00 0.00
0.00 0.00 0.00 0.00 0.00 0.00 0.00 0.05 1.30 2.48 5.88 7.77 8.95 10.92 11.01 10.50 8.94 6.76 4.17 1.61 0.00 0.00 0.00 0.00
0.00 0.00 0.00 0.00 0.00 0.00 0.00 0.07 1.79 3.42 8.11 10.73 12.35 15.07 15.20 14.48 12.34 9.33 5.75 2.22 0.00 0.00 0.00 0.00
0.00 0.00 0.00 0.00 0.00 0.00 0.00 0.05 1.22 2.33 5.53 7.31 8.41 10.26 10.35 9.87 8.40 6.35 3.92 1.51 0.00 0.00 0.00 0.00
0.00 0.00 0.00 0.00 0.00 0.00 0.00 0.00 1.00 1.95 5.55 7.33 8.63 10.52 10.47 9.88 8.46 6.43 4.04 1.33 0.00 0.00 0.00 0.00
0.00 0.00 0.00 0.00 0.00 0.00 0.00 0.06 1.06 2.00 3.85 5.09 5.79 6.80 6.66 6.23 5.50 4.15 2.53 0.89 0.00 0.00 0.00 0.00
0.00 0.00 0.00 0.00 0.00 0.00 0.00 0.00 1.45 2.96 7.08 9.68 11.47 12.78 13.10 12.35 10.66 8.34 5.26 1.67 0.00 0.00 0.00 0.00
0.00 0.00 0.00 0.00 0.00 0.00 0.00 0.00 16.80 37.92 70.42 98.31 121.26 137.66 143.12 137.66 116.50 90.40 57.04 20.05 0.00 0.00 0.00 0.00
0.00 0.00 0.00 0.00 0.00 0.00 0.00 0.00 3.23 6.79 11.64 16.12 19.63 21.32 21.47 20.70 18.29 14.07 9.14 3.20 0.00 0.00 0.00 0.00
0.00 0.00 0.00 0.00 0.00 0.00 0.00 0.00 4.18 8.53 15.62 21.26 25.80 28.74 28.46 26.97 24.65 19.24 12.47 4.02 0.00 0.00 0.00 0.00
0.00 0.00 0.00 0.00 0.00 0.00 0.00 0.00 1.91 3.91 7.16 9.74 11.82 13.17 13.04 12.36 11.30 8.82 5.72 1.84 0.00 0.00 0.00 0.00
0.00 0.00 0.00 0.00 0.00 0.00 0.00 0.00 4.00 8.41 14.40 20.12 24.55 26.47 26.54 25.47 22.59 17.37 11.42 4.00 0.00 0.00 0.00 0.00
0.00 0.00 0.00 0.00 0.00 0.00 0.00 0.00 1.68 3.43 5.88 8.18 9.90 10.88 10.74 9.98 8.52 6.63 4.29 1.51 0.00 0.00 0.00 0.00
0.00 0.00 0.00 0.00 0.00 0.00 0.00 0.00 17.05 39.18 65.34 92.27 116.84 133.66 137.49 131.56 113.21 88.95 60.71 23.68 1.75 0.00 0.00 0.00
0.00 0.00 0.00 0.00 0.00 0.00 0.00 0.00 6.33 13.78 27.97 38.48 44.77 48.79 48.81 46.25 39.63 30.71 20.23 8.11 0.95 0.00 0.00 0.00
0.00 0.00 0.00 0.00 0.00 0.00 0.00 0.00 1.48 3.24 5.81 8.05 9.49 10.88 11.12 10.48 8.72 6.82 4.52 1.85 0.21 0.00 0.00 0.00
0.00 0.00 0.00 0.00 0.00 0.00 0.00 0.00 2.08 4.57 6.69 9.20 11.10 13.83 13.93 13.16 11.57 8.94 5.88 2.30 0.23 0.00 0.00 0.00
0.00 0.00 0.00 0.00 0.00 0.00 0.00 0.00 3.33 7.31 10.71 14.71 17.76 22.13 22.29 21.06 18.51 14.30 9.41 3.68 0.36 0.00 0.00 0.00
0.00 0.00 0.00 0.00 0.00 0.00 0.00 0.00 63.09 161.16 282.92 395.23 478.84 526.42 535.70 507.05 441.41 349.75 241.69 107.05 21.53 0.00 0.00 0.00
