0.00 0.00 0.00 0.00 0.00 0.00 0.00 0.00 0.00 0.28 1.36 2.11 2.75 2.98 3.05 2.72 2.06 1.40 0.57 0.00 0.00 0.00 0.00 0.00
0.00 0.00 0.00 0.00 0.00 0.00 0.00 0.00 0.00 12.32 29.90 43.14 52.98 57.82 59.12 52.07 38.68 25.35 9.04 0.00 0.00 0.00 0.00 0.00
0.00 0.00 0.00 0.00 0.00 0.00 0.00 0.00 0.00 6.46 31.18 48.30 62.95 68.12 69.71 62.30 47.18 32.01 13.00 0.00 0.00 0.00 0.00 0.00
0.00 0.00 0.00 0.00 0.00 0.00 0.00 0.00 0.00 22.96 110.80 171.65 223.73 242.08 247.75 221.42 167.66 113.76 46.19 0.00 0.00 0.00 0.00 0.00
0.00 0.00 0.00 0.00 0.00 0.00 0.00 0.00 0.00 2.32 5.29 7.49 8.97 9.57 9.38 8.01 5.97 3.64 0.85 0.00 0.00 0.00 0.00 0.00
0.00 0.00 0.00 0.00 0.00 0.00 0.00 0.00 0.00 63.74 256.16 399.35 520.19 556.24 576.55 525.73 406.35 276.27 122.17 0.00 0.00 0.00 0.00 0.00
0.00 0.00 0.00 0.00 0.00 0.00 0.00 0.00 0.00 1.08 2.93 4.20 5.21 5.43 5.36 4.71 2.39 1.47 0.35 0.00 0.00 0.00 0.00 0.00
0.00 0.00 0.00 0.00 0.00 0.00 0.00 0.00 0.00 0.72 1.77 2.55 3.13 3.38 3.40 2.99 2.26 1.47 0.49 0.00 0.00 0.00 0.00 0.00
0.00 0.00 0.00 0.00 0.00 0.00 0.00 0.00 0.00 1.15 2.83 4.08 5.00 5.40 5.44 4.78 3.61 2.35 0.79 0.00 0.00 0.00 0.00 0.00
0.00 0.00 0.00 0.00 0.00 0.00 0.00 0.00 0.00 1.15 2.83 4.08 5.00 5.40 5.44 4.78 3.61 2.35 0.79 0.00 0.00 0.00 0.00 0.00
0.00 0.00 0.00 0.00 0.00 0.00 0.00 0.00 0.00 2.41 6.36 9.12 11.51 12.80 12.78 11.29 8.86 5.81 2.04 0.00 0.00 0.00 0.00 0.00
0.00 0.00 0.00 0.00 0.00 0.00 0.00 0.00 0.00 1.15 3.05 4.36 5.49 6.05 6.06 5.36 4.11 2.70 0.95 0.00 0.00 0.00 0.00 0.00
0.00 0.00 0.00 0.00 0.00 0.00 0.00 0.00 0.00 1.48 3.92 5.60 7.06 7.77 7.79 6.89 5.29 3.47 1.22 0.00 0.00 0.00 0.00 0.00
0.00 0.00 0.00 0.00 0.00 0.00 0.00 0.00 0.00 0.99 2.61 3.73 4.71 5.18 5.19 4.59 3.52 2.31 0.81 0.00 0.00 0.00 0.00 0.00
0.00 0.00 0.00 0.00 0.00 0.00 0.00 0.00 0.00 0.99 2.61 3.73 4.71 5.18 5.19 4.59 3.52 2.31 0.81 0.00 0.00 0.00 0.00 0.00
0.00 0.00 0.00 0.00 0.00 0.00 0.00 0.00 0.00 13.41 34.29 50.77 64.44 72.84 76.19 68.02 51.83 33.77 14.30 0.00 0.00 0.00 0.00 0.00
0.00 0.00 0.00 0.00 0.00 0.00 0.00 0.00 0.00 7.26 18.96 27.10 34.63 39.59 39.14 34.02 26.13 16.98 5.69 0.00 0.00 0.00 0.00 0.00
0.00 0.00 0.00 0.00 0.00 0.00 0.00 0.00 0.00 5.78 15.04 21.69 26.83 31.63 31.90 27.58 21.56 14.04 4.71 0.00 0.00 0.00 0.00 0.00
0.00 0.00 0.00 0.00 0.00 0.00 0.00 0.00 0.00 18.80 75.56 117.79 153.44 164.07 170.06 155.07 119.86 81.49 36.04 0.00 0.00 0.00 0.00 0.00
0.00 0.00 0.00 0.00 0.00 0.00 0.00 0.00 0.00 17.88 71.87 112.05 145.95 156.07 161.76 147.51 114.01 77.51 34.28 0.00 0.00 0.00 0.00 0.00
0.00 0.00 0.00 0.00 0.00 0.00 0.00 0.00 0.00 34.39 138.22 215.48 280.68 300.13 311.09 283.67 219.25 149.07 65.92 0.00 0.00 0.00 0.00 0.00
0.00 0.00 0.00 0.00 0.00 0.00 0.00 0.00 0.00 33.82 135.91 211.89 276.00 295.13 305.90 278.94 215.60 146.58 64.82 0.00 0.00 0.00 0.00 0.00
0.00 0.00 0.00 0.00 0.00 0.00 0.00 0.00 0.00 33.45 130.25 204.98 269.78 294.65 305.10 271.73 199.71 135.03 53.95 0.00 0.00 0.00 0.00 0.00
0.00 0.00 0.00 0.00 0.00 0.00 0.00 0.00 0.00 0.72 1.77 2.55 3.13 3.38 3.40 2.99 2.26 1.47 0.49 0.00 0.00 0.00 0.00 0.00
0.00 0.00 0.00 0.00 0.00 0.00 0.00 0.00 0.00 3.64 8.95 12.91 15.83 17.10 17.22 15.15 11.45 7.44 2.51 0.00 0.00 0.00 0.00 0.00
0.00 0.00 0.00 0.00 0.00 0.00 0.00 0.00 0.00 18.56 45.69 65.89 80.84 87.31 87.91 77.34 58.44 37.97 12.79 0.00 0.00 0.00 0.00 0.00
0.00 0.00 0.00 0.00 0.00 0.00 0.00 0.00 0.00 1.28 5.16 8.04 10.48 11.20 11.61 10.59 8.19 5.57 2.46 0.00 0.00 0.00 0.00 0.00
0.00 0.00 0.00 0.00 0.00 0.00 0.00 0.00 0.00 22.60 109.07 168.97 220.25 238.30 243.89 217.97 165.04 111.98 45.47 0.00 0.00 0.00 0.00 0.00
0.00 0.00 0.00 0.00 0.00 0.00 0.00 0.00 0.00 3.19 9.41 13.87 17.40 19.99 20.71 18.51 14.89 10.13 4.15 0.00 0.00 0.00 0.00 0.00
0.00 0.00 0.00 0.00 0.00 0.00 0.00 0.00 0.00 15.76 47.52 72.35 93.17 99.85 100.30 89.52 72.12 47.04 15.82 0.00 0.00 0.00 0.00 0.00
0.00 0.00 0.00 0.00 0.00 0.00 0.00 0.00 0.00 0.38 1.82 2.82 3.67 3.97 4.06 3.63 2.75 1.87 0.76 0.00 0.00 0.00 0.00 0.00
0.00 0.00 0.00 0.00 0.00 0.00 0.00 0.00 0.00 16.95 81.80 126.73 165.19 178.73 182.92 163.48 123.78 83.99 34.10 0.00 0.00 0.00 0.00 0.00
0.00 0.00 0.00 0.00 0.00 0.00 0.00 0.00 0.00 21.75 104.98 162.64 211.99 229.37 234.75 209.80 158.86 107.79 43.77 0.00 0.00 0.00 0.00 0.00
0.00 0.00 0.00 0.00 0.00 0.00 0.00 0.00 0.00 44.11 171.76 270.31 355.78 388.57 402.35 358.34 263.37 178.07 71.15 0.00 0.00 0.00 0.00 0.00
0.00 0.00 0.00 0.00 0.00 0.00 0.00 0.00 0.00 1.78 4.76 6.82 8.59 9.48 9.67 8.67 6.60 4.37 1.61 0.00 0.00 0.00 0.00 0.00
0.00 0.00 0.00 0.00 0.00 0.00 0.00 0.00 0.00 2.22 5.90 8.46 10.65 11.77 12.07 10.76 8.24 5.44 1.99 0.00 0.00 0.00 0.00 0.00
0.00 0.00 0.00 0.00 0.00 0.00 0.00 0.00 0.00 13.16 38.84 57.21 71.77 82.44 85.43 76.35 61.41 41.77 17.10 0.00 0.00 0.00 0.00 0.00
0.00 0.00 0.00 0.00 0.00 0.00 0.00 0.00 0.00 13.73 77.40 129.87 174.71 183.34 186.85 165.91 145.47 98.45 38.67 0.00 0.00 0.00 0.00 0.00
0.00 0.00 0.00 0.00 0.00 0.00 0.00 0.00 0.00 0.58 1.50 2.14 2.69 2.97 2.98 2.60 1.98 1.27 0.41 0.00 0.00 0.00 0.00 0.00
0.00 0.00 0.00 0.00 0.00 0.00 0.00 0.00 0.00 7.18 25.41 39.17 51.36 57.66 58.64 52.12 38.66 25.81 9.80 0.00 0.00 0.00 0.00 0.00
0.00 0.00 0.00 0.00 0.00 0.00 0.00 0.00 0.00 2.14 9.14 14.52 19.29 21.34 22.30 20.62 15.76 10.66 5.11 0.00 0.00 0.00 0.00 0.00
0.00 0.00 0.00 0.00 0.00 0.00 0.00 0.00 0.00 1.30 3.48 4.98 6.09 6.21 6.18 5.28 3.05 1.85 0.40 0.00 0.00 0.00 0.00 0.00
0.00 0.00 0.00 0.00 0.00 0.00 0.00 0.00 0.00 0.65 1.74 2.49 3.05 3.10 3.09 2.64 1.52 0.92 0.20 0.00 0.00 0.00 0.00 0.00
0.00 0.00 0.00 0.00 0.00 0.00 0.00 0.00 0.00 1.42 3.81 5.44 6.66 6.79 6.76 5.77 3.33 2.02 0.44 0.00 0.00 0.00 0.00 0.00
0.00 0.00 0.00 0.00 0.00 0.00 0.00 0.00 0.00 1.71 4.56 6.49 7.98 8.43 8.43 7.29 4.78 2.92 0.67 0.00 0.00 0.00 0.00 0.00
0.00 0.00 0.00 0.00 0.00 0.00 0.00 0.00 0.00 2.61 6.94 9.89 12.16 12.85 12.84 11.11 7.28 4.45 1.02 0.00 0.00 0.00 0.00 0.00
0.00 0.00 0.00 0.00 0.00 0.00 0.00 0.00 0.00 2.17 5.90 8.47 10.53 11.30 11.13 9.85 5.17 3.19 0.77 0.00 0.00 0.00 0.00 0.00
0.00 0.00 0.00 0.00 0.00 0.00 0.00 0.00 0.00 1.30 4.12 6.20 7.89 6.74 6.68 5.88 4.39 2.79 0.82 0.00 0.00 0.00 0.00 0.00
0.00 0.00 0.00 0.00 0.00 0.00 0.00 0.00 0.00 3.35 10.64 16.01 20.39 17.41 17.26 15.20 11.35 7.22 2.11 0.00 0.00 0.00 0.00 0.00
0.00 0.00 0.00 0.00 0.00 0.00 0.00 0.00 0.00 0.87 2.79 4.19 5.47 5.78 5.82 5.04 4.08 2.64 0.85 0.00 0.00 0.00 0.00 0.00
0.00 0.00 0.00 0.00 0.00 0.00 0.00 0.00 0.00 2.72 6.89 9.72 11.94 12.90 13.12 11.20 8.54 5.41 1.60 0.00 0.00 0.00 0.00 0.00
0.00 0.00 0.00 0.00 0.00 0.00 0.00 0.00 0.00 4.25 11.16 15.85 19.55 16.00 16.03 14.17 7.37 4.61 1.26 0.00 0.00 0.00 0.00 0.00
0.00 0.00 0.00 0.00 0.00 0.00 0.00 0.00 0.00 0.72 1.66 2.32 2.75 2.86 2.88 2.49 1.85 1.13 0.26 0.00 0.00 0.00 0.00 0.00
0.00 0.00 0.00 0.00 0.00 0.00 0.00 0.00 0.00 3.92 9.25 13.21 15.77 16.70 16.86 14.78 10.81 6.78 1.90 0.00 0.00 0.00 0.00 0.00
0.00 0.00 0.00 0.00 0.00 0.00 0.00 0.00 0.00 2.61 6.06 8.70 10.48 11.16 11.15 9.73 7.04 4.36 1.12 0.00 0.00 0.00 0.00 0.00
0.00 0.00 0.00 0.00 0.00 0.00 0.00 0.00 0.00 3.60 8.36 12.01 14.47 15.41 15.39 13.42 9.72 6.02 1.55 0.00 0.00 0.00 0.00 0.00
0.00 0.00 0.00 0.00 0.00 0.00 0.00 0.00 0.00 2.45 5.69 8.18 9.85 10.49 10.48 9.14 6.62 4.10 1.06 0.00 0.00 0.00 0.00 0.00
0.00 0.00 0.00 0.00 0.00 0.00 0.00 0.00 0.00 2.09 4.93 7.05 8.41 8.90 8.99 7.88 5.77 3.62 1.01 0.00 0.00 0.00 0.00 0.00
0.00 0.00 0.00 0.00 0.00 0.00 0.00 0.00 0.00 2.03 4.64 6.53 7.95 8.62 8.47 7.27 5.37 3.30 0.80 0.00 0.00 0.00 0.00 0.00
0.00 0.00 0.00 0.00 0.00 0.00 0.00 0.00 0.00 2.06 5.06 7.30 8.96 9.68 9.74 8.57 6.48 4.21 1.42 0.00 0.00 0.00 0.00 0.00
0.00 0.00 0.00 0.00 0.00 0.00 0.00 0.00 0.00 17.46 44.63 66.08 83.88 94.81 99.17 88.54 67.46 43.96 18.61 0.00 0.00 0.00 0.00 0.00
0.00 0.00 0.00 0.00 0.00 0.00 0.00 0.00 0.00 2.73 7.21 10.33 13.04 14.51 14.48 12.80 10.04 6.59 2.31 0.00 0.00 0.00 0.00 0.00
0.00 0.00 0.00 0.00 0.00 0.00 0.00 0.00 0.00 4.31 10.98 15.59 19.80 21.54 21.24 18.57 14.25 9.21 3.00 0.00 0.00 0.00 0.00 0.00
0.00 0.00 0.00 0.00 0.00 0.00 0.00 0.00 0.00 1.98 5.03 7.14 9.07 9.87 9.73 8.51 6.53 4.22 1.38 0.00 0.00 0.00 0.00 0.00
0.00 0.00 0.00 0.00 0.00 0.00 0.00 0.00 0.00 3.38 8.87 12.71 15.99 17.98 17.98 15.74 12.44 8.15 2.84 0.00 0.00 0.00 0.00 0.00
0.00 0.00 0.00 0.00 0.00 0.00 0.00 0.00 0.00 1.41 3.65 5.19 6.53 7.22 7.24 6.30 4.80 3.09 0.99 0.00 0.00 0.00 0.00 0.00
0.00 0.00 0.00 0.00 0.00 0.00 0.00 0.00 0.00 13.62 40.21 59.23 74.31 85.36 88.45 79.05 63.58 43.25 17.71 0.00 0.00 0.00 0.00 0.00
0.00 0.00 0.00 0.00 0.00 0.00 0.00 0.00 0.00 3.77 11.36 17.30 22.28 23.88 23.99 21.41 17.25 11.25 3.78 0.00 0.00 0.00 0.00 0.00
0.00 0.00 0.00 0.00 0.00 0.00 0.00 0.00 0.00 0.82 2.80 4.24 5.52 6.11 6.03 5.44 4.08 2.67 0.92 0.00 0.00 0.00 0.00 0.00
0.00 0.00 0.00 0.00 0.00 0.00 0.00 0.00 0.00 0.97 3.47 5.22 6.64 7.88 7.95 7.13 5.32 3.51 1.25 0.00 0.00 0.00 0.00 0.00
0.00 0.00 0.00 0.00 0.00 0.00 0.00 0.00 0.00 1.55 5.55 8.36 10.63 12.62 12.72 11.40 8.51 5.61 2.00 0.00 0.00 0.00 0.00 0.00
0.00 0.00 0.00 0.00 0.00 0.00 0.00 0.00 0.00 34.97 140.52 219.07 285.35 305.13 316.27 288.39 222.91 151.55 67.02 0.00 0.00 0.00 0.00 0.00
