0.00 0.00 0.00 0.00 0.00 0.00 0.00 0.00 0.00 0.24 1.30 2.13 2.94 3.38 3.55 3.41 2.55 1.85 1.11 0.13 0.00 0.00 0.00 0.00
0.00 0.00 0.00 0.00 0.00 0.00 0.00 0.00 0.00 8.80 21.23 33.76 43.44 52.00 53.83 51.44 45.24 33.08 18.57 1.01 0.00 0.00 0.00 0.00
0.00 0.00 0.00 0.00 0.00 0.00 0.00 0.00 0.00 5.56 29.84 48.59 67.14 77.24 81.20 77.89 58.33 42.26 25.27 3.04 0.00 0.00 0.00 0.00
0.00 0.00 0.00 0.00 0.00 0.00 0.00 0.00 0.00 19.76 106.04 172.69 238.59 274.50 288.58 276.83 207.31 150.19 89.82 10.81 0.00 0.00 0.00 0.00
0.00 0.00 0.00 0.00 0.00 0.00 0.00 0.00 0.00 0.71 3.08 4.74 6.05 6.24 6.19 5.85 4.68 3.27 1.65 0.00 0.00 0.00 0.00 0.00
0.00 0.00 0.00 0.00 0.00 0.00 0.00 0.00 0.00 40.56 230.37 380.13 526.26 539.90 581.39 560.17 457.84 329.99 200.25 33.69 0.00 0.00 0.00 0.00
0.00 0.00 0.00 0.00 0.00 0.00 0.00 0.00 0.00 0.78 2.55 4.13 5.50 6.23 6.24 5.97 4.69 3.15 1.63 0.00 0.00 0.00 0.00 0.00
0.00 0.00 0.00 0.00 0.00 0.00 0.00 0.00 0.00 0.37 1.14 1.84 2.49 2.91 2.98 2.90 2.73 1.97 1.09 0.06 0.00 0.00 0.00 0.00
0.00 0.00 0.00 0.00 0.00 0.00 0.00 0.00 0.00 0.59 1.83 2.94 3.99 4.66 4.77 4.64 4.37 3.14 1.74 0.10 0.00 0.00 0.00 0.00
0.00 0.00 0.00 0.00 0.00 0.00 0.00 0.00 0.00 0.59 1.83 2.94 3.99 4.66 4.77 4.64 4.37 3.14 1.74 0.10 0.00 0.00 0.00 0.00
0.00 0.00 0.00 0.00 0.00 0.00 0.00 0.00 0.00 1.49 4.01 6.43 8.95 11.08 11.40 11.06 10.25 7.26 4.08 0.30 0.00 0.00 0.00 0.00
0.00 0.00 0.00 0.00 0.00 0.00 0.00 0.00 0.00 0.70 1.94 3.16 4.37 5.30 5.45 5.27 4.95 3.54 1.99 0.14 0.00 0.00 0.00 0.00
0.00 0.00 0.00 0.00 0.00 0.00 0.00 0.00 0.00 0.90 2.49 4.07 5.62 6.82 7.00 6.78 6.37 4.55 2.56 0.18 0.00 0.00 0.00 0.00
0.00 0.00 0.00 0.00 0.00 0.00 0.00 0.00 0.00 0.60 1.66 2.71 3.75 4.55 4.67 4.52 4.24 3.03 1.70 0.12 0.00 0.00 0.00 0.00
0.00 0.00 0.00 0.00 0.00 0.00 0.00 0.00 0.00 0.60 1.66 2.71 3.75 4.55 4.67 4.52 4.24 3.03 1.70 0.12 0.00 0.00 0.00 0.00
0.00 0.00 0.00 0.00 0.00 0.00 0.00 0.00 0.00 10.21 31.30 50.38 66.21 77.34 81.58 78.56 67.29 48.54 28.74 4.74 0.00 0.00 0.00 0.00
0.00 0.00 0.00 0.00 0.00 0.00 0.00 0.00 0.00 4.59 12.46 20.26 28.43 32.37 32.73 31.81 29.69 21.06 11.69 0.75 0.00 0.00 0.00 0.00
0.00 0.00 0.00 0.00 0.00 0.00 0.00 0.00 0.00 3.93 11.41 18.54 25.03 28.77 29.48 28.33 24.75 17.57 9.78 0.59 0.00 0.00 0.00 0.00
0.00 0.00 0.00 0.00 0.00 0.00 0.00 0.00 0.00 11.96 67.95 112.12 155.23 159.25 171.49 165.23 135.05 97.33 59.07 9.94 0.00 0.00 0.00 0.00
0.00 0.00 0.00 0.00 0.00 0.00 0.00 0.00 0.00 11.38 64.64 106.65 147.65 151.48 163.12 157.17 128.46 92.59 56.18 9.45 0.00 0.00 0.00 0.00
0.00 0.00 0.00 0.00 0.00 0.00 0.00 0.00 0.00 21.88 124.30 205.11 283.95 291.31 313.70 302.25 247.04 178.05 108.05 18.18 0.00 0.00 0.00 0.00
0.00 0.00 0.00 0.00 0.00 0.00 0.00 0.00 0.00 21.52 122.23 201.69 279.22 286.46 308.47 297.21 242.92 175.08 106.25 17.87 0.00 0.00 0.00 0.00
0.00 0.00 0.00 0.00 0.00 0.00 0.00 0.00 0.00 22.49 133.09 219.85 304.57 369.04 383.68 369.59 299.27 215.74 128.86 14.18 0.00 0.00 0.00 0.00
0.00 0.00 0.00 0.00 0.00 0.00 0.00 0.00 0.00 0.37 1.14 1.84 2.49 2.91 2.98 2.90 2.73 1.97 1.09 0.06 0.00 0.00 0.00 0.00
0.00 0.00 0.00 0.00 0.00 0.00 0.00 0.00 0.00 1.87 5.78 9.32 12.62 14.77 15.09 14.70 13.84 9.96 5.51 0.32 0.00 0.00 0.00 0.00
0.00 0.00 0.00 0.00 0.00 0.00 0.00 0.00 0.00 9.53 29.51 47.56 64.44 75.39 77.06 75.03 70.68 50.84 28.14 1.61 0.00 0.00 0.00 0.00
0.00 0.00 0.00 0.00 0.00 0.00 0.00 0.00 0.00 0.82 4.64 7.66 10.60 10.88 11.71 11.28 9.22 6.65 4.03 0.68 0.00 0.00 0.00 0.00
0.00 0.00 0.00 0.00 0.00 0.00 0.00 0.00 0.00 19.46 104.39 170.00 234.87 270.22 284.08 272.52 204.08 147.85 88.42 10.65 0.00 0.00 0.00 0.00
0.00 0.00 0.00 0.00 0.00 0.00 0.00 0.00 0.00 1.96 8.06 12.85 17.80 19.85 21.24 20.36 13.19 9.91 5.87 0.85 0.00 0.00 0.00 0.00
0.00 0.00 0.00 0.00 0.00 0.00 0.00 0.00 0.00 12.21 54.41 86.89 115.72 132.98 135.36 129.09 105.98 75.89 42.99 2.75 0.00 0.00 0.00 0.00
0.00 0.00 0.00 0.00 0.00 0.00 0.00 0.00 0.00 0.32 1.74 2.83 3.91 4.50 4.73 4.54 3.40 2.46 1.47 0.18 0.00 0.00 0.00 0.00
0.00 0.00 0.00 0.00 0.00 0.00 0.00 0.00 0.00 14.59 78.29 127.50 176.16 202.66 213.06 204.39 153.06 110.89 66.31 7.98 0.00 0.00 0.00 0.00
0.00 0.00 0.00 0.00 0.00 0.00 0.00 0.00 0.00 18.73 100.48 163.63 226.07 260.08 273.43 262.30 196.43 142.30 85.10 10.25 0.00 0.00 0.00 0.00
0.00 0.00 0.00 0.00 0.00 0.00 0.00 0.00 0.00 29.66 175.51 289.92 401.65 486.68 505.98 487.40 394.66 284.51 169.93 18.70 0.00 0.00 0.00 0.00
0.00 0.00 0.00 0.00 0.00 0.00 0.00 0.00 0.00 1.10 2.90 4.81 6.71 8.34 8.76 8.42 7.78 5.59 3.19 0.34 0.00 0.00 0.00 0.00
0.00 0.00 0.00 0.00 0.00 0.00 0.00 0.00 0.00 1.33 3.67 6.12 8.51 10.16 10.70 10.30 9.57 6.85 3.90 0.36 0.00 0.00 0.00 0.00
0.00 0.00 0.00 0.00 0.00 0.00 0.00 0.00 0.00 8.07 33.26 53.02 73.43 81.86 87.62 83.99 54.41 40.86 24.21 3.49 0.00 0.00 0.00 0.00
0.00 0.00 0.00 0.00 0.00 0.00 0.00 0.00 0.00 8.18 113.10 198.74 284.26 352.80 377.37 360.86 306.06 225.13 135.18 15.02 0.00 0.00 0.00 0.00
0.00 0.00 0.00 0.00 0.00 0.00 0.00 0.00 0.00 0.38 1.02 1.65 2.30 2.45 2.47 2.35 2.30 1.64 0.90 0.04 0.00 0.00 0.00 0.00
0.00 0.00 0.00 0.00 0.00 0.00 0.00 0.00 0.00 4.52 23.59 38.15 52.92 63.17 65.61 62.56 51.74 36.88 21.60 1.89 0.00 0.00 0.00 0.00
0.00 0.00 0.00 0.00 0.00 0.00 0.00 0.00 0.00 1.29 7.72 13.11 18.80 17.37 18.71 17.70 14.98 10.92 6.58 1.78 0.00 0.00 0.00 0.00
0.00 0.00 0.00 0.00 0.00 0.00 0.00 0.00 0.00 0.81 2.93 4.62 6.07 6.93 7.08 6.65 5.47 3.70 1.88 0.00 0.00 0.00 0.00 0.00
0.00 0.00 0.00 0.00 0.00 0.00 0.00 0.00 0.00 0.41 1.46 2.31 3.04 3.47 3.54 3.33 2.73 1.85 0.94 0.00 0.00 0.00 0.00 0.00
0.00 0.00 0.00 0.00 0.00 0.00 0.00 0.00 0.00 0.89 3.20 5.05 6.64 7.58 7.75 7.28 5.98 4.05 2.06 0.00 0.00 0.00 0.00 0.00
0.00 0.00 0.00 0.00 0.00 0.00 0.00 0.00 0.00 1.22 3.87 6.13 8.13 9.23 9.39 8.92 6.93 4.71 2.41 0.00 0.00 0.00 0.00 0.00
0.00 0.00 0.00 0.00 0.00 0.00 0.00 0.00 0.00 1.85 5.89 9.34 12.39 14.07 14.31 13.59 10.56 7.17 3.68 0.00 0.00 0.00 0.00 0.00
0.00 0.00 0.00 0.00 0.00 0.00 0.00 0.00 0.00 1.62 5.20 8.35 11.12 12.59 12.63 12.14 9.42 6.28 3.26 0.00 0.00 0.00 0.00 0.00
0.00 0.00 0.00 0.00 0.00 0.00 0.00 0.00 0.00 1.11 4.48 7.13 9.56 10.97 11.05 10.34 8.42 5.87 3.21 0.07 0.00 0.00 0.00 0.00
0.00 0.00 0.00 0.00 0.00 0.00 0.00 0.00 0.00 2.88 11.58 18.43 24.70 28.35 28.55 26.72 21.75 15.17 8.30 0.18 0.00 0.00 0.00 0.00
0.00 0.00 0.00 0.00 0.00 0.00 0.00 0.00 0.00 0.71 2.90 4.64 6.25 7.10 7.18 6.78 5.71 4.08 2.28 0.14 0.00 0.00 0.00 0.00
0.00 0.00 0.00 0.00 0.00 0.00 0.00 0.00 0.00 1.44 5.01 8.18 10.85 9.31 9.65 9.27 9.40 6.59 3.53 0.04 0.00 0.00 0.00 0.00
0.00 0.00 0.00 0.00 0.00 0.00 0.00 0.00 0.00 3.04 9.39 15.18 20.18 20.53 20.86 20.02 15.80 11.00 5.82 0.00 0.00 0.00 0.00 0.00
0.00 0.00 0.00 0.00 0.00 0.00 0.00 0.00 0.00 0.26 1.00 1.51 1.90 2.11 2.10 2.01 1.58 1.11 0.56 0.00 0.00 0.00 0.00 0.00
0.00 0.00 0.00 0.00 0.00 0.00 0.00 0.00 0.00 2.49 5.84 9.29 11.92 9.98 10.00 9.72 8.63 6.00 3.16 0.00 0.00 0.00 0.00 0.00
0.00 0.00 0.00 0.00 0.00 0.00 0.00 0.00 0.00 1.70 3.89 6.15 7.73 8.18 8.29 7.95 5.18 3.57 1.84 0.00 0.00 0.00 0.00 0.00
0.00 0.00 0.00 0.00 0.00 0.00 0.00 0.00 0.00 2.34 5.37 8.48 10.67 11.28 11.44 10.96 7.15 4.93 2.55 0.00 0.00 0.00 0.00 0.00
0.00 0.00 0.00 0.00 0.00 0.00 0.00 0.00 0.00 1.59 3.66 5.78 7.27 7.68 7.80 7.47 4.87 3.36 1.73 0.00 0.00 0.00 0.00 0.00
0.00 0.00 0.00 0.00 0.00 0.00 0.00 0.00 0.00 1.33 3.11 4.95 6.36 5.32 5.33 5.18 4.60 3.20 1.69 0.00 0.00 0.00 0.00 0.00
0.00 0.00 0.00 0.00 0.00 0.00 0.00 0.00 0.00 0.82 2.64 4.12 5.09 6.22 6.26 5.86 4.37 3.08 1.57 0.00 0.00 0.00 0.00 0.00
0.00 0.00 0.00 0.00 0.00 0.00 0.00 0.00 0.00 1.06 3.27 5.27 7.14 8.36 8.54 8.32 7.83 5.63 3.12 0.18 0.00 0.00 0.00 0.00
0.00 0.00 0.00 0.00 0.00 0.00 0.00 0.00 0.00 13.29 40.74 65.58 86.18 100.66 106.18 102.25 87.58 63.18 37.41 6.17 0.00 0.00 0.00 0.00
0.00 0.00 0.00 0.00 0.00 0.00 0.00 0.00 0.00 1.69 4.55 7.29 10.14 12.56 12.92 12.54 11.62 8.23 4.63 0.34 0.00 0.00 0.00 0.00
0.00 0.00 0.00 0.00 0.00 0.00 0.00 0.00 0.00 1.96 6.61 11.03 15.01 16.42 16.59 16.36 16.29 11.42 6.28 0.28 0.00 0.00 0.00 0.00
0.00 0.00 0.00 0.00 0.00 0.00 0.00 0.00 0.00 0.90 3.03 5.06 6.88 7.53 7.60 7.50 7.47 5.24 2.88 0.13 0.00 0.00 0.00 0.00
0.00 0.00 0.00 0.00 0.00 0.00 0.00 0.00 0.00 2.09 5.59 8.92 12.48 15.48 15.87 15.30 14.13 10.05 5.64 0.39 0.00 0.00 0.00 0.00
0.00 0.00 0.00 0.00 0.00 0.00 0.00 0.00 0.00 0.92 2.47 4.02 5.58 5.94 6.01 5.70 5.58 3.99 2.19 0.10 0.00 0.00 0.00 0.00
0.00 0.00 0.00 0.00 0.00 0.00 0.00 0.00 0.00 8.36 34.43 54.89 76.02 84.76 90.72 86.96 56.33 42.30 25.06 3.61 0.00 0.00 0.00 0.00
0.00 0.00 0.00 0.00 0.00 0.00 0.00 0.00 0.00 2.92 13.01 20.78 27.67 31.80 32.37 30.87 25.34 18.15 10.28 0.66 0.00 0.00 0.00 0.00
0.00 0.00 0.00 0.00 0.00 0.00 0.00 0.00 0.00 0.66 2.86 4.58 6.17 6.98 7.17 6.88 5.63 4.00 2.28 0.18 0.00 0.00 0.00 0.00
0.00 0.00 0.00 0.00 0.00 0.00 0.00 0.00 0.00 0.84 3.47 5.59 7.42 8.62 8.85 8.40 6.85 4.96 2.84 0.22 0.00 0.00 0.00 0.00
0.00 0.00 0.00 0.00 0.00 0.00 0.00 0.00 0.00 1.35 5.55 8.95 11.87 13.79 14.17 13.44 10.96 7.94 4.54 0.35 0.00 0.00 0.00 0.00
0.00 0.00 0.00 0.00 0.00 0.00 0.00 0.00 0.00 22.25 126.37 208.52 288.68 296.17 318.93 307.29 251.15 181.02 109.85 18.48 0.00 0.00 0.00 0.00
