0.00 0.00 0.00 0.00 0.00 0.00 0.00 0.00 0.72 1.64 2.59 3.47 4.09 4.69 4.73 4.57 3.98 3.26 2.27 1.10 0.33 0.00 0.00 0.00
0.00 0.00 0.00 0.00 0.00 0.00 0.00 0.00 16.50 33.25 52.87 67.29 78.37 89.73 89.10 83.16 67.03 51.78 34.64 11.90 0.66 0.00 0.00 0.00
0.00 0.00 0.00 0.00 0.00 0.00 0.00 0.00 16.55 37.43 59.19 79.31 93.52 107.28 108.12 104.61 90.91 74.50 51.89 25.16 7.56 0.00 0.00 0.00
0.00 0.00 0.00 0.00 0.00 0.00 0.00 0.00 58.81 133.04 210.37 281.87 332.36 381.27 384.25 371.76 323.10 264.77 184.41 89.40 26.86 0.00 0.00 0.00
0.00 0.00 0.00 0.00 0.00 0.00 0.00 0.38 3.28 6.01 8.30 10.46 11.83 10.30 10.04 9.23 7.57 5.83 3.70 1.38 0.00 0.00 0.00 0.00
0.00 0.00 0.00 0.00 0.00 0.00 0.00 0.00 112.61 271.96 458.72 619.89 748.12 828.35 861.76 860.33 798.59 651.54 448.20 218.97 69.70 0.00 0.00 0.00
0.00 0.00 0.00 0.00 0.00 0.00 0.00 0.14 1.93 3.61 5.70 7.39 8.56 9.18 9.06 8.49 7.20 5.53 3.61 1.42 0.18 0.00 0.00 0.00
0.00 0.00 0.00 0.00 0.00 0.00 0.00 0.00 0.97 1.92 3.01 3.91 4.54 5.28 5.13 4.87 4.24 3.30 2.19 0.79 0.06 0.00 0.00 0.00
0.00 0.00 0.00 0.00 0.00 0.00 0.00 0.00 1.55 3.08 4.81 6.26 7.26 8.44 8.20 7.78 6.79 5.28 3.50 1.26 0.09 0.00 0.00 0.00
0.00 0.00 0.00 0.00 0.00 0.00 0.00 0.00 1.55 3.08 4.81 6.26 7.26 8.44 8.20 7.78 6.79 5.28 3.50 1.26 0.09 0.00 0.00 0.00
0.00 0.00 0.00 0.00 0.00 0.00 0.00 0.00 2.89 5.89 11.20 14.92 17.32 19.88 19.86 18.74 16.98 13.28 8.48 3.34 0.46 0.00 0.00 0.00
0.00 0.00 0.00 0.00 0.00 0.00 0.00 0.00 1.32 2.68 5.27 7.03 8.14 9.41 9.39 8.80 7.97 6.26 3.99 1.58 0.21 0.00 0.00 0.00
0.00 0.00 0.00 0.00 0.00 0.00 0.00 0.00 1.69 3.44 6.78 9.04 10.46 12.10 12.08 11.32 10.24 8.05 5.13 2.03 0.27 0.00 0.00 0.00
0.00 0.00 0.00 0.00 0.00 0.00 0.00 0.00 1.13 2.30 4.52 6.03 6.98 8.07 8.05 7.55 6.83 5.36 3.42 1.36 0.18 0.00 0.00 0.00
0.00 0.00 0.00 0.00 0.00 0.00 0.00 0.00 1.13 2.30 4.52 6.03 6.98 8.07 8.05 7.55 6.83 5.36 3.42 1.36 0.18 0.00 0.00 0.00
0.00 0.00 0.00 0.00 0.00 0.00 0.00 0.00 17.93 39.52 64.25 85.19 99.34 112.23 111.78 105.21 95.84 74.12 48.92 19.59 2.57 0.00 0.00 0.00
0.00 0.00 0.00 0.00 0.00 0.00 0.00 0.00 8.93 17.92 33.02 44.11 51.31 60.06 59.98 55.70 49.29 38.53 24.97 9.81 1.27 0.00 0.00 0.00
0.00 0.00 0.00 0.00 0.00 0.00 0.00 0.00 9.35 18.81 30.18 40.37 46.49 50.35 50.14 47.09 39.08 30.71 19.91 7.58 1.18 0.00 0.00 0.00
0.00 0.00 0.00 0.00 0.00 0.00 0.00 0.00 33.22 80.22 135.31 182.84 220.67 244.33 254.19 253.77 235.55 192.18 132.20 64.59 20.56 0.00 0.00 0.00
0.00 0.00 0.00 0.00 0.00 0.00 0.00 0.00 31.60 76.31 128.71 173.93 209.90 232.41 241.79 241.39 224.06 182.81 125.76 61.44 19.56 0.00 0.00 0.00
0.00 0.00 0.00 0.00 0.00 0.00 0.00 0.00 60.76 146.74 247.51 334.47 403.66 446.95 464.98 464.21 430.89 351.55 241.84 118.15 37.61 0.00 0.00 0.00
0.00 0.00 0.00 0.00 0.00 0.00 0.00 0.00 59.75 144.30 243.38 328.90 396.93 439.50 457.23 456.47 423.71 345.69 237.81 116.18 36.98 0.00 0.00 0.00
0.00 0.00 0.00 0.00 0.00 0.00 0.00 0.00 75.49 170.18 276.93 376.28 454.03 493.78 509.21 489.69 416.74 331.21 229.39 90.48 28.81 0.00 0.00 0.00
0.00 0.00 0.00 0.00 0.00 0.00 0.00 0.00 0.97 1.92 3.01 3.91 4.54 5.28 5.13 4.87 4.24 3.30 2.19 0.79 0.06 0.00 0.00 0.00
0.00 0.00 0.00 0.00 0.00 0.00 0.00 0.00 4.91 9.74 15.23 19.81 22.99 26.74 25.97 24.65 21.49 16.72 11.09 4.00 0.29 0.00 0.00 0.00
0.00 0.00 0.00 0.00 0.00 0.00 0.00 0.00 25.09 49.74 77.74 101.13 117.35 136.52 132.58 125.85 109.73 85.35 56.62 20.43 1.46 0.00 0.00 0.00
0.00 0.00 0.00 0.00 0.00 0.00 0.00 0.00 2.27 5.48 9.24 12.49 15.07 16.69 17.36 17.33 16.09 13.12 9.03 4.41 1.40 0.00 0.00 0.00
0.00 0.00 0.00 0.00 0.00 0.00 0.00 0.00 57.89 130.97 207.09 277.47 327.18 375.33 378.26 365.97 318.06 260.64 181.53 88.01 26.44 0.00 0.00 0.00
0.00 0.00 0.00 0.00 0.00 0.00 0.00 0.00 4.78 10.57 17.49 23.94 28.56 31.46 31.22 29.42 26.61 21.10 14.10 6.12 1.34 0.00 0.00 0.00
0.00 0.00 0.00 0.00 0.00 0.00 0.00 0.00 32.48 66.97 106.51 143.96 170.08 191.09 192.67 182.61 156.79 125.82 86.60 39.74 10.38 0.00 0.00 0.00
0.00 0.00 0.00 0.00 0.00 0.00 0.00 0.00 0.96 2.18 3.45 4.62 5.45 6.26 6.30 6.10 5.30 4.34 3.03 1.47 0.44 0.00 0.00 0.00
0.00 0.00 0.00 0.00 0.00 0.00 0.00 0.00 43.42 98.22 155.32 208.10 245.39 281.50 283.69 274.48 238.55 195.48 136.15 66.01 19.83 0.00 0.00 0.00
0.00 0.00 0.00 0.00 0.00 0.00 0.00 0.00 55.72 126.05 199.32 267.07 314.91 361.25 364.07 352.24 306.14 250.87 174.72 84.71 25.45 0.00 0.00 0.00
0.00 0.00 0.00 0.00 0.00 0.00 0.00 0.00 99.55 224.43 365.21 496.21 598.76 651.17 671.52 645.78 549.58 436.78 302.51 119.32 37.99 0.00 0.00 0.00
0.00 0.00 0.00 0.00 0.00 0.00 0.00 0.00 2.30 4.76 8.53 11.44 13.27 14.96 14.92 13.90 12.69 9.60 6.43 2.52 0.36 0.00 0.00 0.00
0.00 0.00 0.00 0.00 0.00 0.00 0.00 0.00 2.77 5.72 10.66 14.27 16.57 18.82 18.79 17.53 15.86 12.07 7.95 3.11 0.44 0.00 0.00 0.00
0.00 0.00 0.00 0.00 0.00 0.00 0.00 0.00 19.71 43.61 72.15 98.75 117.82 129.75 128.76 121.34 109.78 87.03 58.15 25.26 5.54 0.00 0.00 0.00
0.00 0.00 0.00 0.00 0.00 0.00 0.00 0.00 73.46 168.98 275.91 379.68 461.52 509.44 516.76 484.89 453.08 365.74 255.88 138.14 52.36 0.00 0.00 0.00
0.00 0.00 0.00 0.00 0.00 0.00 0.00 0.00 0.82 1.62 2.75 3.65 4.21 4.65 4.66 4.36 3.76 2.86 1.90 0.72 0.08 0.00 0.00 0.00
0.00 0.00 0.00 0.00 0.00 0.00 0.00 0.00 15.28 33.24 51.32 69.34 83.37 94.42 95.72 91.74 78.96 62.67 43.67 21.05 6.00 0.00 0.00 0.00
0.00 0.00 0.00 0.00 0.00 0.00 0.00 0.00 3.53 9.31 16.17 22.52 27.13 29.58 30.30 29.50 26.93 21.15 15.08 7.99 2.75 0.00 0.00 0.00
0.00 0.00 0.00 0.00 0.00 0.00 0.00 0.22 2.31 4.28 6.53 8.48 9.75 10.36 10.30 9.67 7.47 5.79 3.72 1.57 0.17 0.00 0.00 0.00
0.00 0.00 0.00 0.00 0.00 0.00 0.00 0.11 1.16 2.14 3.27 4.24 4.88 5.18 5.15 4.83 3.73 2.90 1.86 0.78 0.09 0.00 0.00 0.00
0.00 0.00 0.00 0.00 0.00 0.00 0.00 0.24 2.53 4.68 7.14 9.28 10.67 11.33 11.27 10.58 8.17 6.34 4.07 1.71 0.19 0.00 0.00 0.00
0.00 0.00 0.00 0.00 0.00 0.00 0.00 0.25 3.00 5.58 8.62 11.13 12.96 13.86 13.60 12.81 10.85 8.32 5.34 2.04 0.22 0.00 0.00 0.00
0.00 0.00 0.00 0.00 0.00 0.00 0.00 0.38 4.58 8.50 13.14 16.97 19.75 21.12 20.72 19.52 16.54 12.68 8.14 3.11 0.33 0.00 0.00 0.00
0.00 0.00 0.00 0.00 0.00 0.00 0.00 0.25 3.93 7.38 11.59 14.88 17.29 18.46 18.11 17.06 14.95 11.57 7.62 2.96 0.38 0.00 0.00 0.00
0.00 0.00 0.00 0.00 0.00 0.00 0.00 0.00 2.88 5.70 7.94 10.75 12.67 15.01 15.15 14.45 13.11 10.31 6.91 2.96 0.69 0.00 0.00 0.00
0.00 0.00 0.00 0.00 0.00 0.00 0.00 0.00 7.44 14.72 20.52 27.78 32.73 38.79 39.14 37.32 33.87 26.64 17.86 7.65 1.79 0.00 0.00 0.00
0.00 0.00 0.00 0.00 0.00 0.00 0.00 0.00 1.87 3.78 5.39 7.31 8.67 10.28 10.22 9.56 8.46 6.65 4.56 1.99 0.47 0.00 0.00 0.00
0.00 0.00 0.00 0.00 0.00 0.00 0.00 0.06 4.02 7.76 12.44 16.33 18.75 20.46 20.38 18.71 15.45 11.81 7.58 2.88 0.25 0.00 0.00 0.00
0.00 0.00 0.00 0.00 0.00 0.00 0.00 0.25 6.97 13.29 21.00 27.66 31.96 33.93 34.23 32.03 26.98 20.74 13.35 5.12 0.56 0.00 0.00 0.00
0.00 0.00 0.00 0.00 0.00 0.00 0.00 0.10 0.86 1.58 2.47 3.12 3.51 3.80 3.65 3.38 2.45 1.89 1.20 0.45 0.00 0.00 0.00 0.00
0.00 0.00 0.00 0.00 0.00 0.00 0.00 0.27 5.16 9.78 15.73 19.87 22.23 20.76 20.01 18.74 16.17 12.43 8.05 3.05 0.03 0.00 0.00 0.00
0.00 0.00 0.00 0.00 0.00 0.00 0.00 0.28 3.40 6.34 10.00 12.59 14.04 12.46 11.85 11.25 9.88 7.56 4.92 1.82 0.00 0.00 0.00 0.00
0.00 0.00 0.00 0.00 0.00 0.00 0.00 0.39 4.69 8.75 13.80 17.37 19.37 17.20 16.36 15.53 13.63 10.44 6.79 2.51 0.00 0.00 0.00 0.00
0.00 0.00 0.00 0.00 0.00 0.00 0.00 0.27 3.20 5.96 9.40 11.83 13.19 11.71 11.14 10.58 9.28 7.11 4.62 1.71 0.00 0.00 0.00 0.00
0.00 0.00 0.00 0.00 0.00 0.00 0.00 0.14 2.75 5.21 8.39 10.60 11.86 11.07 10.67 9.99 8.63 6.63 4.29 1.62 0.02 0.00 0.00 0.00
0.00 0.00 0.00 0.00 0.00 0.00 0.00 0.30 2.90 5.34 7.60 9.55 10.79 9.12 8.98 8.37 7.47 5.77 3.65 1.18 0.00 0.00 0.00 0.00
0.00 0.00 0.00 0.00 0.00 0.00 0.00 0.00 2.78 5.51 8.62 11.21 13.01 15.13 14.69 13.95 12.16 9.46 6.27 2.26 0.16 0.00 0.00 0.00
0.00 0.00 0.00 0.00 0.00 0.00 0.00 0.00 23.34 51.43 83.62 110.88 129.30 146.07 145.50 136.94 124.74 96.48 63.68 25.49 3.35 0.00 0.00 0.00
0.00 0.00 0.00 0.00 0.00 0.00 0.00 0.00 3.27 6.67 12.69 16.91 19.63 22.53 22.51 21.24 19.24 15.05 9.61 3.79 0.53 0.00 0.00 0.00
0.00 0.00 0.00 0.00 0.00 0.00 0.00 0.00 5.70 11.29 18.78 24.97 29.24 33.21 33.11 30.66 26.93 20.53 13.35 4.99 0.52 0.00 0.00 0.00
0.00 0.00 0.00 0.00 0.00 0.00 0.00 0.00 2.61 5.17 8.61 11.44 13.40 15.22 15.17 14.05 12.34 9.41 6.12 2.29 0.24 0.00 0.00 0.00
0.00 0.00 0.00 0.00 0.00 0.00 0.00 0.00 4.08 8.30 15.54 20.65 24.03 27.76 27.72 26.15 23.73 18.53 11.87 4.65 0.65 0.00 0.00 0.00
0.00 0.00 0.00 0.00 0.00 0.00 0.00 0.00 1.99 3.93 6.69 8.87 10.22 11.29 11.32 10.59 9.14 6.94 4.61 1.75 0.20 0.00 0.00 0.00
0.00 0.00 0.00 0.00 0.00 0.00 0.00 0.00 20.41 45.15 74.70 102.24 121.99 134.34 133.31 125.63 113.66 90.11 60.20 26.15 5.74 0.00 0.00 0.00
0.00 0.00 0.00 0.00 0.00 0.00 0.00 0.00 7.77 16.02 25.47 34.42 40.67 45.69 46.07 43.67 37.49 30.09 20.71 9.50 2.48 0.00 0.00 0.00
0.00 0.00 0.00 0.00 0.00 0.00 0.00 0.00 1.77 3.68 5.71 7.66 9.25 10.38 10.27 9.70 8.68 6.94 4.79 2.11 0.54 0.00 0.00 0.00
0.00 0.00 0.00 0.00 0.00 0.00 0.00 0.00 2.23 4.66 7.52 9.98 11.59 12.52 12.66 12.16 10.77 8.62 5.91 2.57 0.63 0.00 0.00 0.00
0.00 0.00 0.00 0.00 0.00 0.00 0.00 0.00 3.56 7.45 12.03 15.97 18.54 20.03 20.26 19.45 17.22 13.80 9.45 4.11 1.01 0.00 0.00 0.00
0.00 0.00 0.00 0.00 0.00 0.00 0.00 0.00 61.77 149.19 251.64 340.05 410.39 454.40 472.73 471.95 438.07 357.41 245.87 120.12 38.24 0.00 0.00 0.00
