0.00 0.00 0.00 0.00 0.00 0.00 0.00 0.17 0.78 1.37 2.85 3.76 4.55 5.14 5.29 4.98 3.35 2.71 1.94 1.44 0.61 0.00 0.00 0.00
0.00 0.00 0.00 0.00 0.00 0.00 0.00 4.78 17.52 29.71 34.73 45.11 52.84 46.81 46.85 43.63 29.57 23.02 15.05 11.93 2.74 0.00 0.00 0.00
0.00 0.00 0.00 0.00 0.00 0.00 0.00 3.78 17.79 31.41 65.21 85.98 103.97 117.64 121.00 113.81 76.60 61.96 44.40 32.88 13.90 0.00 0.00 0.00
0.00 0.00 0.00 0.00 0.00 0.00 0.00 13.42 63.23 111.62 231.77 305.58 369.50 418.09 430.02 404.47 272.23 220.21 157.81 116.84 49.40 0.00 0.00 0.00
0.00 0.00 0.00 0.00 0.00 0.00 0.00 1.61 4.25 7.05 9.71 12.25 13.91 16.29 16.23 14.65 8.44 6.58 4.36 1.77 0.31 0.00 0.00 0.00
0.00 0.00 0.00 0.00 0.00 0.00 0.00 25.20 167.37 305.88 535.26 709.61 854.91 927.19 948.80 899.89 772.81 625.58 440.02 259.80 111.78 0.00 0.00 0.00
0.00 0.00 0.00 0.00 0.00 0.00 0.00 0.93 2.49 4.12 5.89 7.56 8.70 8.36 8.41 7.84 6.97 5.52 3.76 2.02 0.64 0.00 0.00 0.00
0.00 0.00 0.00 0.00 0.00 0.00 0.00 0.34 1.15 1.90 3.33 4.23 4.84 4.40 4.53 4.29 3.15 2.44 1.65 0.74 0.19 0.00 0.00 0.00
0.00 0.00 0.00 0.00 0.00 0.00 0.00 0.55 1.83 3.05 5.33 6.77 7.74 7.04 7.25 6.86 5.03 3.91 2.63 1.19 0.30 0.00 0.00 0.00
0.00 0.00 0.00 0.00 0.00 0.00 0.00 0.55 1.83 3.05 5.33 6.77 7.74 7.04 7.25 6.86 5.03 3.91 2.63 1.19 0.30 0.00 0.00 0.00
0.00 0.00 0.00 0.00 0.00 0.00 0.00 1.27 4.47 7.47 10.77 14.47 17.16 13.69 13.73 13.05 9.76 7.89 5.46 3.51 1.06 0.00 0.00 0.00
0.00 0.00 0.00 0.00 0.00 0.00 0.00 0.62 2.17 3.63 5.36 7.18 8.50 6.56 6.66 6.30 4.18 3.36 2.31 1.48 0.44 0.00 0.00 0.00
0.00 0.00 0.00 0.00 0.00 0.00 0.00 0.79 2.79 4.67 6.89 9.24 10.93 8.44 8.56 8.10 5.37 4.31 2.97 1.90 0.57 0.00 0.00 0.00
0.00 0.00 0.00 0.00 0.00 0.00 0.00 0.53 1.86 3.11 4.59 6.16 7.29 5.62 5.71 5.40 3.58 2.88 1.98 1.27 0.38 0.00 0.00 0.00
0.00 0.00 0.00 0.00 0.00 0.00 0.00 0.53 1.86 3.11 4.59 6.16 7.29 5.62 5.71 5.40 3.58 2.88 1.98 1.27 0.38 0.00 0.00 0.00
0.00 0.00 0.00 0.00 0.00 0.00 0.00 4.03 22.17 39.42 65.10 84.95 96.74 106.92 108.83 103.70 99.97 78.53 52.99 25.04 6.82 0.00 0.00 0.00
0.00 0.00 0.00 0.00 0.00 0.00 0.00 4.26 14.22 23.59 33.13 43.81 52.17 45.73 46.24 43.41 31.36 25.22 17.72 8.52 2.54 0.00 0.00 0.00
0.00 0.00 0.00 0.00 0.00 0.00 0.00 3.52 11.72 19.46 21.60 27.61 32.51 35.72 36.10 34.39 24.59 19.47 13.36 8.12 2.59 0.00 0.00 0.00
0.00 0.00 0.00 0.00 0.00 0.00 0.00 7.43 49.37 90.22 157.88 209.31 252.17 273.49 279.86 265.43 227.95 184.52 129.79 76.63 32.97 0.00 0.00 0.00
0.00 0.00 0.00 0.00 0.00 0.00 0.00 7.07 46.96 85.82 150.18 199.10 239.87 260.15 266.21 252.49 216.83 175.52 123.46 72.89 31.36 0.00 0.00 0.00
0.00 0.00 0.00 0.00 0.00 0.00 0.00 13.60 90.31 165.04 288.81 382.88 461.28 500.28 511.94 485.55 416.98 337.54 237.42 140.18 60.32 0.00 0.00 0.00
0.00 0.00 0.00 0.00 0.00 0.00 0.00 13.37 88.80 162.29 284.00 376.50 453.59 491.94 503.41 477.46 410.03 331.92 233.46 137.84 59.31 0.00 0.00 0.00
0.00 0.00 0.00 0.00 0.00 0.00 0.00 25.93 116.39 203.66 303.99 402.77 488.27 530.72 542.17 531.90 424.16 341.29 245.85 157.07 69.00 0.00 0.00 0.00
0.00 0.00 0.00 0.00 0.00 0.00 0.00 0.34 1.15 1.90 3.33 4.23 4.84 4.40 4.53 4.29 3.15 2.44 1.65 0.74 0.19 0.00 0.00 0.00
0.00 0.00 0.00 0.00 0.00 0.00 0.00 1.73 5.81 9.65 16.87 21.44 24.51 22.28 22.95 21.73 15.94 12.39 8.34 3.76 0.94 0.00 0.00 0.00
0.00 0.00 0.00 0.00 0.00 0.00 0.00 8.82 29.65 49.25 86.12 109.45 125.12 113.77 117.15 110.93 81.39 63.23 42.59 19.17 4.81 0.00 0.00 0.00
0.00 0.00 0.00 0.00 0.00 0.00 0.00 0.51 3.37 6.16 10.78 14.29 17.22 18.68 19.11 18.13 15.57 12.60 8.86 5.23 2.25 0.00 0.00 0.00
0.00 0.00 0.00 0.00 0.00 0.00 0.00 13.21 62.25 109.88 228.15 300.82 363.74 411.57 423.32 398.16 267.99 216.77 155.35 115.02 48.63 0.00 0.00 0.00
0.00 0.00 0.00 0.00 0.00 0.00 0.00 0.50 2.42 4.29 6.92 9.64 12.25 12.52 12.85 12.40 25.40 20.30 14.00 8.57 3.03 0.00 0.00 0.00
0.00 0.00 0.00 0.00 0.00 0.00 0.00 13.85 46.45 77.55 108.00 138.38 161.80 175.02 183.05 174.11 156.67 127.17 90.35 57.63 23.33 0.00 0.00 0.00
0.00 0.00 0.00 0.00 0.00 0.00 0.00 0.22 1.04 1.83 3.80 5.01 6.06 6.86 7.06 6.64 4.47 3.61 2.59 1.92 0.81 0.00 0.00 0.00
0.00 0.00 0.00 0.00 0.00 0.00 0.00 9.91 46.68 82.41 171.12 225.61 272.80 308.68 317.49 298.62 200.99 162.58 116.51 86.27 36.47 0.00 0.00 0.00
0.00 0.00 0.00 0.00 0.00 0.00 0.00 12.72 59.91 105.76 219.60 289.54 350.10 396.14 407.45 383.23 257.94 208.64 149.52 110.71 46.80 0.00 0.00 0.00
0.00 0.00 0.00 0.00 0.00 0.00 0.00 34.19 153.49 268.58 400.89 531.15 643.91 699.89 714.99 701.44 559.36 450.08 324.22 207.13 90.99 0.00 0.00 0.00
0.00 0.00 0.00 0.00 0.00 0.00 0.00 0.89 3.38 5.72 8.50 11.18 13.23 10.18 10.33 9.87 5.37 4.23 2.93 2.06 0.62 0.00 0.00 0.00
0.00 0.00 0.00 0.00 0.00 0.00 0.00 1.15 4.28 7.22 10.64 13.90 16.57 13.30 13.55 12.99 6.72 5.26 3.70 2.79 0.84 0.00 0.00 0.00
0.00 0.00 0.00 0.00 0.00 0.00 0.00 2.08 10.00 17.70 28.53 39.76 50.54 51.64 52.99 51.16 104.77 83.73 57.77 35.33 12.50 0.00 0.00 0.00
0.00 0.00 0.00 0.00 0.00 0.00 0.00 29.53 125.83 219.49 332.10 430.30 511.40 545.67 556.39 520.84 466.81 377.20 275.35 167.52 82.43 0.00 0.00 0.00
0.00 0.00 0.00 0.00 0.00 0.00 0.00 0.37 1.17 1.93 2.73 3.57 4.19 3.92 3.93 3.72 2.49 1.99 1.39 0.58 0.17 0.00 0.00 0.00
0.00 0.00 0.00 0.00 0.00 0.00 0.00 5.36 21.57 37.23 56.54 73.05 87.07 98.23 99.27 93.57 75.38 61.02 44.53 30.58 12.75 0.00 0.00 0.00
0.00 0.00 0.00 0.00 0.00 0.00 0.00 0.48 6.75 12.87 19.49 26.00 31.24 33.71 34.11 31.26 27.91 22.23 15.84 8.82 3.92 0.00 0.00 0.00
0.00 0.00 0.00 0.00 0.00 0.00 0.00 1.12 2.89 4.76 6.88 8.75 10.05 9.68 9.66 9.06 7.50 5.87 3.96 2.25 0.69 0.00 0.00 0.00
0.00 0.00 0.00 0.00 0.00 0.00 0.00 0.56 1.44 2.38 3.44 4.38 5.03 4.84 4.83 4.53 3.75 2.93 1.98 1.12 0.35 0.00 0.00 0.00
0.00 0.00 0.00 0.00 0.00 0.00 0.00 1.22 3.16 5.20 7.52 9.57 10.99 10.59 10.57 9.91 8.20 6.42 4.33 2.46 0.76 0.00 0.00 0.00
0.00 0.00 0.00 0.00 0.00 0.00 0.00 1.51 3.97 6.54 9.05 11.36 13.10 12.08 12.09 11.32 9.29 7.22 4.94 2.85 0.86 0.00 0.00 0.00
0.00 0.00 0.00 0.00 0.00 0.00 0.00 2.29 6.04 9.97 13.79 17.31 19.96 18.41 18.42 17.24 14.15 11.00 7.53 4.34 1.31 0.00 0.00 0.00
0.00 0.00 0.00 0.00 0.00 0.00 0.00 1.90 5.11 8.42 11.86 15.35 17.47 16.70 16.72 15.66 14.34 11.42 7.71 4.12 1.31 0.00 0.00 0.00
0.00 0.00 0.00 0.00 0.00 0.00 0.00 1.35 4.01 6.55 8.51 10.72 12.42 13.23 13.77 13.43 13.07 10.35 7.25 4.49 1.75 0.00 0.00 0.00
0.00 0.00 0.00 0.00 0.00 0.00 0.00 3.48 10.37 16.91 21.99 27.70 32.09 34.19 35.58 34.70 33.78 26.74 18.73 11.60 4.53 0.00 0.00 0.00
0.00 0.00 0.00 0.00 0.00 0.00 0.00 0.79 2.54 4.20 5.93 7.59 8.88 9.93 10.14 9.75 7.90 6.33 4.40 2.91 1.13 0.00 0.00 0.00
0.00 0.00 0.00 0.00 0.00 0.00 0.00 1.81 5.39 8.82 12.70 16.86 19.60 17.97 18.25 16.92 10.65 8.46 5.87 2.29 0.63 0.00 0.00 0.00
0.00 0.00 0.00 0.00 0.00 0.00 0.00 3.38 9.64 15.70 20.72 26.68 31.73 29.50 30.05 28.17 21.35 16.77 11.31 5.69 1.69 0.00 0.00 0.00
0.00 0.00 0.00 0.00 0.00 0.00 0.00 0.53 1.39 2.23 2.96 3.73 4.17 4.20 4.12 3.83 3.46 2.70 1.77 0.68 0.13 0.00 0.00 0.00
0.00 0.00 0.00 0.00 0.00 0.00 0.00 2.46 7.11 11.65 15.50 19.20 21.54 24.77 25.09 23.34 9.60 7.37 4.82 3.01 0.65 0.00 0.00 0.00
0.00 0.00 0.00 0.00 0.00 0.00 0.00 1.93 5.33 8.71 11.01 13.78 15.08 16.05 15.73 14.82 10.48 8.07 5.35 2.82 0.57 0.00 0.00 0.00
0.00 0.00 0.00 0.00 0.00 0.00 0.00 2.67 7.36 12.02 15.19 19.01 20.81 22.15 21.71 20.45 14.46 11.14 7.39 3.90 0.78 0.00 0.00 0.00
0.00 0.00 0.00 0.00 0.00 0.00 0.00 1.82 5.01 8.19 10.35 12.95 14.18 15.09 14.79 13.93 9.85 7.59 5.03 2.65 0.53 0.00 0.00 0.00
0.00 0.00 0.00 0.00 0.00 0.00 0.00 1.31 3.79 6.21 8.27 10.24 11.49 13.21 13.38 12.45 5.12 3.93 2.57 1.60 0.35 0.00 0.00 0.00
0.00 0.00 0.00 0.00 0.00 0.00 0.00 1.43 3.85 6.31 8.67 10.82 12.12 12.98 13.02 12.05 6.78 5.30 3.59 1.62 0.29 0.00 0.00 0.00
0.00 0.00 0.00 0.00 0.00 0.00 0.00 0.98 3.29 5.46 9.54 12.13 13.87 12.61 12.98 12.29 9.02 7.01 4.72 2.13 0.53 0.00 0.00 0.00
0.00 0.00 0.00 0.00 0.00 0.00 0.00 5.25 28.85 51.31 84.73 110.57 125.92 139.16 141.65 134.98 130.12 102.22 68.97 32.59 8.88 0.00 0.00 0.00
0.00 0.00 0.00 0.00 0.00 0.00 0.00 1.44 5.06 8.47 12.20 16.40 19.45 15.51 15.56 14.79 11.07 8.94 6.19 3.98 1.20 0.00 0.00 0.00
0.00 0.00 0.00 0.00 0.00 0.00 0.00 2.42 7.83 12.88 19.53 25.66 30.58 26.72 27.28 25.52 15.37 12.36 8.61 3.14 0.88 0.00 0.00 0.00
0.00 0.00 0.00 0.00 0.00 0.00 0.00 1.11 3.59 5.90 8.95 11.76 14.02 12.24 12.50 11.70 7.05 5.66 3.95 1.44 0.40 0.00 0.00 0.00
0.00 0.00 0.00 0.00 0.00 0.00 0.00 1.80 6.27 10.48 14.86 19.90 23.66 19.59 19.51 18.51 14.29 11.49 8.05 4.89 1.48 0.00 0.00 0.00
0.00 0.00 0.00 0.00 0.00 0.00 0.00 0.89 2.85 4.69 6.64 8.68 10.17 9.51 9.55 9.03 6.04 4.84 3.38 1.41 0.41 0.00 0.00 0.00
0.00 0.00 0.00 0.00 0.00 0.00 0.00 2.15 10.35 18.32 29.54 41.17 52.33 53.46 54.86 52.97 108.48 86.69 59.81 36.58 12.94 0.00 0.00 0.00
0.00 0.00 0.00 0.00 0.00 0.00 0.00 3.31 11.11 18.54 25.83 33.09 38.69 41.85 43.77 41.63 37.46 30.41 21.61 13.78 5.58 0.00 0.00 0.00
0.00 0.00 0.00 0.00 0.00 0.00 0.00 0.68 2.37 3.99 5.92 7.57 8.95 10.06 10.22 9.73 8.31 6.70 4.71 3.06 1.22 0.00 0.00 0.00
0.00 0.00 0.00 0.00 0.00 0.00 0.00 0.58 2.11 3.59 6.50 8.33 9.79 13.02 13.39 12.99 9.66 7.61 5.36 3.32 1.29 0.00 0.00 0.00
0.00 0.00 0.00 0.00 0.00 0.00 0.00 0.93 3.38 5.75 10.39 13.33 15.67 20.82 21.43 20.78 15.46 12.17 8.58 5.32 2.06 0.00 0.00 0.00
0.00 0.00 0.00 0.00 0.00 0.00 0.00 13.82 91.81 167.79 293.62 389.26 468.97 508.62 520.47 493.64 423.93 343.17 241.38 142.52 61.32 0.00 0.00 0.00
