0.00 0.00 0.00 0.00 0.00 0.00 0.00 0.19 1.14 2.06 3.15 4.09 4.74 5.19 5.33 5.13 4.66 3.85 2.77 1.63 0.75 0.00 0.00 0.00
0.00 0.00 0.00 0.00 0.00 0.00 0.00 4.32 18.66 32.34 49.85 63.98 73.65 88.01 89.28 84.82 73.69 58.26 39.58 18.30 5.43 0.00 0.00 0.00
0.00 0.00 0.00 0.00 0.00 0.00 0.00 4.32 25.97 47.04 72.08 93.55 108.40 118.56 121.95 117.42 106.57 88.00 63.34 37.23 17.26 0.00 0.00 0.00
0.00 0.00 0.00 0.00 0.00 0.00 0.00 15.36 92.31 167.19 256.16 332.46 385.25 421.37 433.40 417.29 378.74 312.75 225.10 132.33 61.33 0.00 0.00 0.00
0.00 0.00 0.00 0.00 0.00 0.00 0.00 1.49 4.29 6.93 9.58 11.93 13.47 14.12 14.14 13.32 9.79 7.66 5.05 2.48 0.62 0.00 0.00 0.00
0.00 0.00 0.00 0.00 0.00 0.00 0.00 17.64 184.27 347.73 551.93 720.07 837.29 921.10 948.23 933.75 871.38 720.57 528.26 316.77 148.89 0.00 0.00 0.00
0.00 0.00 0.00 0.00 0.00 0.00 0.00 0.97 2.80 4.53 6.49 8.11 9.24 9.34 9.32 8.93 6.69 5.40 3.76 2.24 0.84 0.00 0.00 0.00
0.00 0.00 0.00 0.00 0.00 0.00 0.00 0.34 1.31 2.22 3.32 4.30 4.95 5.53 5.56 5.26 4.78 3.85 2.61 1.24 0.39 0.00 0.00 0.00
0.00 0.00 0.00 0.00 0.00 0.00 0.00 0.54 2.09 3.56 5.31 6.87 7.92 8.85 8.90 8.42 7.65 6.16 4.18 1.99 0.62 0.00 0.00 0.00
0.00 0.00 0.00 0.00 0.00 0.00 0.00 0.54 2.09 3.56 5.31 6.87 7.92 8.85 8.90 8.42 7.65 6.16 4.18 1.99 0.62 0.00 0.00 0.00
0.00 0.00 0.00 0.00 0.00 0.00 0.00 1.20 4.91 8.44 12.86 16.96 19.62 21.51 21.69 20.57 18.65 14.81 10.18 5.32 1.91 0.00 0.00 0.00
0.00 0.00 0.00 0.00 0.00 0.00 0.00 0.56 2.30 3.95 6.07 7.94 9.19 10.16 10.32 9.79 8.87 7.06 4.81 2.48 0.88 0.00 0.00 0.00
0.00 0.00 0.00 0.00 0.00 0.00 0.00 0.72 2.96 5.08 7.81 10.21 11.81 13.06 13.26 12.58 11.41 9.07 6.19 3.19 1.14 0.00 0.00 0.00
0.00 0.00 0.00 0.00 0.00 0.00 0.00 0.48 1.97 3.39 5.21 6.81 7.88 8.71 8.84 8.39 7.61 6.05 4.13 2.12 0.76 0.00 0.00 0.00
0.00 0.00 0.00 0.00 0.00 0.00 0.00 0.48 1.97 3.39 5.21 6.81 7.88 8.71 8.84 8.39 7.61 6.05 4.13 2.12 0.76 0.00 0.00 0.00
0.00 0.00 0.00 0.00 0.00 0.00 0.00 3.02 23.90 43.80 67.46 86.73 100.24 111.75 113.10 107.56 99.70 77.78 53.99 27.85 9.27 0.00 0.00 0.00
0.00 0.00 0.00 0.00 0.00 0.00 0.00 4.00 15.34 26.11 39.58 51.75 60.49 65.27 64.64 60.45 55.47 44.14 30.42 15.71 5.60 0.00 0.00 0.00
0.00 0.00 0.00 0.00 0.00 0.00 0.00 3.56 13.60 23.12 33.38 43.16 50.43 53.97 53.52 49.76 45.21 36.21 24.89 13.62 5.11 0.00 0.00 0.00
0.00 0.00 0.00 0.00 0.00 0.00 0.00 5.20 54.35 102.57 162.80 212.39 246.97 271.69 279.70 275.42 257.03 212.54 155.82 93.44 43.92 0.00 0.00 0.00
0.00 0.00 0.00 0.00 0.00 0.00 0.00 4.95 51.70 97.56 154.86 202.03 234.92 258.44 266.05 261.99 244.49 202.17 148.22 88.88 41.77 0.00 0.00 0.00
0.00 0.00 0.00 0.00 0.00 0.00 0.00 9.52 99.43 187.62 297.81 388.52 451.78 497.00 511.64 503.82 470.17 388.80 285.03 170.92 80.33 0.00 0.00 0.00
0.00 0.00 0.00 0.00 0.00 0.00 0.00 9.36 97.77 184.50 292.84 382.05 444.25 488.71 503.11 495.42 462.33 382.32 280.28 168.07 79.00 0.00 0.00 0.00
0.00 0.00 0.00 0.00 0.00 0.00 0.00 21.71 121.73 218.68 331.28 433.93 508.65 545.06 560.14 542.73 495.62 408.47 297.60 174.90 83.60 0.00 0.00 0.00
0.00 0.00 0.00 0.00 0.00 0.00 0.00 0.34 1.31 2.22 3.32 4.30 4.95 5.53 5.56 5.26 4.78 3.85 2.61 1.24 0.39 0.00 0.00 0.00
0.00 0.00 0.00 0.00 0.00 0.00 0.00 1.70 6.61 11.26 16.83 21.76 25.07 28.02 28.18 26.67 24.21 19.50 13.23 6.29 1.97 0.00 0.00 0.00
0.00 0.00 0.00 0.00 0.00 0.00 0.00 8.69 33.76 57.51 85.91 111.12 128.00 143.03 143.89 136.14 123.60 99.56 67.56 32.13 10.08 0.00 0.00 0.00
0.00 0.00 0.00 0.00 0.00 0.00 0.00 0.36 3.71 7.00 11.12 14.50 16.87 18.55 19.10 18.81 17.55 14.52 10.64 6.38 3.00 0.00 0.00 0.00
0.00 0.00 0.00 0.00 0.00 0.00 0.00 15.12 90.87 164.59 252.17 327.28 379.25 414.80 426.65 410.78 372.84 307.88 221.59 130.27 60.38 0.00 0.00 0.00
0.00 0.00 0.00 0.00 0.00 0.00 0.00 1.07 6.70 12.10 18.71 25.36 30.32 33.15 33.16 31.56 28.62 23.21 16.17 9.79 3.96 0.00 0.00 0.00
0.00 0.00 0.00 0.00 0.00 0.00 0.00 13.23 50.46 86.16 130.57 168.07 194.38 204.54 207.27 195.51 179.28 147.76 106.49 59.32 26.57 0.00 0.00 0.00
0.00 0.00 0.00 0.00 0.00 0.00 0.00 0.25 1.51 2.74 4.20 5.45 6.32 6.91 7.11 6.85 6.21 5.13 3.69 2.17 1.01 0.00 0.00 0.00
0.00 0.00 0.00 0.00 0.00 0.00 0.00 11.34 68.15 123.44 189.13 245.46 284.43 311.10 319.98 308.09 279.63 230.91 166.19 97.70 45.28 0.00 0.00 0.00
0.00 0.00 0.00 0.00 0.00 0.00 0.00 14.56 87.46 158.41 242.71 315.00 365.02 399.25 410.65 395.38 358.85 296.33 213.28 125.38 58.11 0.00 0.00 0.00
0.00 0.00 0.00 0.00 0.00 0.00 0.00 28.63 160.53 288.39 436.87 572.25 670.78 718.80 738.69 715.72 653.59 538.67 392.46 230.65 110.25 0.00 0.00 0.00
0.00 0.00 0.00 0.00 0.00 0.00 0.00 0.76 3.49 6.08 9.48 12.35 14.51 15.96 16.05 14.96 13.87 11.11 7.64 3.97 1.42 0.00 0.00 0.00
0.00 0.00 0.00 0.00 0.00 0.00 0.00 0.98 4.38 7.61 11.94 15.58 18.10 19.98 20.10 18.87 17.31 13.83 9.56 4.97 1.78 0.00 0.00 0.00
0.00 0.00 0.00 0.00 0.00 0.00 0.00 4.43 27.63 49.91 77.20 104.61 125.08 136.75 136.77 130.17 118.07 95.73 66.69 40.38 16.32 0.00 0.00 0.00
0.00 0.00 0.00 0.00 0.00 0.00 0.00 23.59 121.26 216.10 319.88 426.12 508.77 556.89 568.77 543.97 497.64 413.34 300.99 184.20 96.56 7.38 0.00 0.00
0.00 0.00 0.00 0.00 0.00 0.00 0.00 0.35 1.26 2.12 3.13 4.08 4.74 5.16 5.12 4.75 4.34 3.46 2.38 1.21 0.42 0.00 0.00 0.00
0.00 0.00 0.00 0.00 0.00 0.00 0.00 5.01 24.20 42.74 64.41 84.06 96.91 103.42 105.12 100.29 92.22 76.24 54.52 31.36 14.36 0.00 0.00 0.00
0.00 0.00 0.00 0.00 0.00 0.00 0.00 0.03 6.15 12.12 18.86 25.28 29.81 32.41 33.11 31.99 29.33 24.32 17.86 10.53 5.07 0.00 0.00 0.00
0.00 0.00 0.00 0.00 0.00 0.00 0.00 1.16 3.24 5.19 7.43 9.35 10.53 10.82 10.67 10.17 7.76 6.17 4.33 2.58 0.95 0.00 0.00 0.00
0.00 0.00 0.00 0.00 0.00 0.00 0.00 0.58 1.62 2.60 3.72 4.67 5.27 5.41 5.33 5.08 3.88 3.08 2.16 1.29 0.47 0.00 0.00 0.00
0.00 0.00 0.00 0.00 0.00 0.00 0.00 1.27 3.54 5.68 8.13 10.22 11.52 11.83 11.67 11.12 8.49 6.74 4.73 2.82 1.03 0.00 0.00 0.00
0.00 0.00 0.00 0.00 0.00 0.00 0.00 1.51 4.31 6.94 9.87 12.42 14.11 14.08 13.83 13.18 10.62 8.55 5.93 3.25 1.18 0.00 0.00 0.00
0.00 0.00 0.00 0.00 0.00 0.00 0.00 2.30 6.57 10.58 15.04 18.93 21.50 21.46 21.08 20.09 16.18 13.03 9.04 4.96 1.79 0.00 0.00 0.00
0.00 0.00 0.00 0.00 0.00 0.00 0.00 1.97 5.75 9.31 13.30 16.48 18.85 19.02 19.05 18.09 13.94 11.09 7.81 4.38 1.64 0.00 0.00 0.00
0.00 0.00 0.00 0.00 0.00 0.00 0.00 1.29 4.25 7.07 10.46 13.61 15.74 16.60 16.57 15.82 14.32 11.58 8.24 4.51 1.97 0.00 0.00 0.00
0.00 0.00 0.00 0.00 0.00 0.00 0.00 3.34 10.97 18.26 27.03 35.16 40.66 42.89 42.80 40.88 36.98 29.91 21.29 11.66 5.09 0.00 0.00 0.00
0.00 0.00 0.00 0.00 0.00 0.00 0.00 0.79 2.85 4.81 7.23 9.31 10.77 11.33 11.23 10.59 9.56 7.71 5.51 3.06 1.33 0.00 0.00 0.00
0.00 0.00 0.00 0.00 0.00 0.00 0.00 1.70 5.67 9.42 13.93 17.94 20.57 22.55 22.42 20.98 19.40 15.66 10.83 5.22 1.76 0.00 0.00 0.00
0.00 0.00 0.00 0.00 0.00 0.00 0.00 3.23 10.15 16.68 24.08 30.63 35.04 34.56 34.90 32.70 31.00 24.51 16.81 8.67 3.08 0.00 0.00 0.00
0.00 0.00 0.00 0.00 0.00 0.00 0.00 0.43 1.22 1.97 2.90 3.57 3.97 4.45 4.40 4.08 3.70 2.92 2.00 0.92 0.24 0.00 0.00 0.00
0.00 0.00 0.00 0.00 0.00 0.00 0.00 2.25 7.25 11.98 16.93 21.35 23.99 26.12 25.79 24.32 18.71 15.07 10.34 5.46 1.56 0.00 0.00 0.00
0.00 0.00 0.00 0.00 0.00 0.00 0.00 1.58 4.81 7.85 10.68 13.32 14.86 17.28 16.90 16.25 11.77 9.41 6.43 3.41 0.93 0.00 0.00 0.00
0.00 0.00 0.00 0.00 0.00 0.00 0.00 2.18 6.63 10.84 14.74 18.38 20.50 23.85 23.32 22.43 16.25 12.99 8.87 4.71 1.28 0.00 0.00 0.00
0.00 0.00 0.00 0.00 0.00 0.00 0.00 1.48 4.52 7.38 10.04 12.52 13.96 16.24 15.89 15.28 11.07 8.85 6.04 3.21 0.87 0.00 0.00 0.00
0.00 0.00 0.00 0.00 0.00 0.00 0.00 1.20 3.87 6.39 9.03 11.39 12.80 13.93 13.75 12.97 9.98 8.04 5.52 2.91 0.83 0.00 0.00 0.00
0.00 0.00 0.00 0.00 0.00 0.00 0.00 1.27 3.75 6.09 8.57 10.67 12.00 12.34 12.41 11.80 8.79 6.92 4.58 2.35 0.60 0.00 0.00 0.00
0.00 0.00 0.00 0.00 0.00 0.00 0.00 0.96 3.74 6.37 9.52 12.31 14.19 15.85 15.95 15.09 13.70 11.03 7.49 3.56 1.12 0.00 0.00 0.00
0.00 0.00 0.00 0.00 0.00 0.00 0.00 3.94 31.10 57.01 87.80 112.89 130.47 145.45 147.21 140.00 129.77 101.23 70.27 36.25 12.06 0.00 0.00 0.00
0.00 0.00 0.00 0.00 0.00 0.00 0.00 1.36 5.57 9.57 14.58 19.22 22.24 24.37 24.58 23.32 21.14 16.79 11.54 6.03 2.17 0.00 0.00 0.00
0.00 0.00 0.00 0.00 0.00 0.00 0.00 2.34 8.65 14.60 21.66 28.02 32.60 36.40 36.12 33.87 31.07 24.41 16.74 8.17 2.79 0.00 0.00 0.00
0.00 0.00 0.00 0.00 0.00 0.00 0.00 1.07 3.97 6.69 9.93 12.84 14.94 16.69 16.56 15.52 14.24 11.19 7.67 3.74 1.28 0.00 0.00 0.00
0.00 0.00 0.00 0.00 0.00 0.00 0.00 1.72 7.00 12.01 18.10 23.83 27.63 30.05 30.25 28.62 25.99 20.67 14.18 7.44 2.68 0.00 0.00 0.00
0.00 0.00 0.00 0.00 0.00 0.00 0.00 0.84 3.06 5.16 7.59 9.91 11.52 12.52 12.44 11.52 10.55 8.39 5.79 2.94 1.03 0.00 0.00 0.00
0.00 0.00 0.00 0.00 0.00 0.00 0.00 4.58 28.61 51.67 79.93 108.30 129.50 141.59 141.60 134.78 122.24 99.12 69.05 41.80 16.90 0.00 0.00 0.00
0.00 0.00 0.00 0.00 0.00 0.00 0.00 3.16 12.07 20.60 31.22 40.19 46.48 48.91 49.57 46.75 42.87 35.33 25.47 14.18 6.35 0.00 0.00 0.00
0.00 0.00 0.00 0.00 0.00 0.00 0.00 0.68 2.72 4.68 7.07 9.09 10.54 11.14 11.21 10.56 9.45 7.67 5.52 3.22 1.43 0.00 0.00 0.00
0.00 0.00 0.00 0.00 0.00 0.00 0.00 0.84 3.51 6.08 8.91 11.46 13.18 13.90 13.88 13.22 12.10 9.97 7.21 4.32 1.88 0.00 0.00 0.00
0.00 0.00 0.00 0.00 0.00 0.00 0.00 1.34 5.62 9.72 14.25 18.34 21.08 22.24 22.20 21.16 19.36 15.96 11.54 6.91 3.01 0.00 0.00 0.00
0.00 0.00 0.00 0.00 0.00 0.00 0.00 9.68 101.08 190.75 302.77 395.00 459.31 505.28 520.16 512.22 478.01 395.27 289.78 173.77 81.67 0.00 0.00 0.00
