0.00 0.00 0.00 0.00 0.00 0.00 0.00 0.00 0.08 0.69 1.46 2.09 2.60 3.13 3.20 3.04 1.85 1.31 0.75 0.07 0.00 0.00 0.00 0.00
0.00 0.00 0.00 0.00 0.00 0.00 0.00 0.00 7.91 24.20 42.50 58.44 67.65 70.27 68.48 62.08 45.27 30.66 15.80 0.00 0.00 0.00 0.00 0.00
0.00 0.00 0.00 0.00 0.00 0.00 0.00 0.00 1.94 15.67 33.50 47.78 59.43 71.67 73.12 69.46 42.36 29.98 17.13 1.56 0.00 0.00 0.00 0.00
0.00 0.00 0.00 0.00 0.00 0.00 0.00 0.00 6.90 55.70 119.05 169.79 211.22 254.70 259.88 246.86 150.56 106.54 60.88 5.56 0.00 0.00 0.00 0.00
0.00 0.00 0.00 0.00 0.00 0.00 0.00 0.00 1.69 4.35 6.92 9.13 10.32 9.23 8.84 7.75 5.10 3.33 1.53 0.00 0.00 0.00 0.00 0.00
0.00 0.00 0.00 0.00 0.00 0.00 0.00 0.00 8.82 103.56 223.39 320.59 402.92 437.53 454.78 436.43 456.34 323.62 189.22 15.81 0.00 0.00 0.00 0.00
0.00 0.00 0.00 0.00 0.00 0.00 0.00 0.00 0.62 2.00 3.40 4.67 5.50 6.12 6.12 5.57 4.72 3.08 1.51 0.00 0.00 0.00 0.00 0.00
0.00 0.00 0.00 0.00 0.00 0.00 0.00 0.00 0.44 1.37 2.41 3.27 3.69 3.47 3.39 3.11 2.17 1.47 0.75 0.00 0.00 0.00 0.00 0.00
0.00 0.00 0.00 0.00 0.00 0.00 0.00 0.00 0.71 2.19 3.85 5.24 5.90 5.56 5.43 4.97 3.48 2.35 1.20 0.00 0.00 0.00 0.00 0.00
0.00 0.00 0.00 0.00 0.00 0.00 0.00 0.00 0.71 2.19 3.85 5.24 5.90 5.56 5.43 4.97 3.48 2.35 1.20 0.00 0.00 0.00 0.00 0.00
0.00 0.00 0.00 0.00 0.00 0.00 0.00 0.00 1.10 3.88 5.14 7.31 8.61 9.18 9.01 8.42 6.71 4.57 2.40 0.00 0.00 0.00 0.00 0.00
0.00 0.00 0.00 0.00 0.00 0.00 0.00 0.00 0.57 1.98 2.96 4.21 4.89 5.54 5.46 5.14 3.67 2.49 1.31 0.00 0.00 0.00 0.00 0.00
0.00 0.00 0.00 0.00 0.00 0.00 0.00 0.00 0.73 2.54 3.81 5.41 6.29 7.12 7.01 6.61 4.72 3.21 1.68 0.00 0.00 0.00 0.00 0.00
0.00 0.00 0.00 0.00 0.00 0.00 0.00 0.00 0.49 1.70 2.54 3.61 4.19 4.75 4.68 4.40 3.14 2.14 1.12 0.00 0.00 0.00 0.00 0.00
0.00 0.00 0.00 0.00 0.00 0.00 0.00 0.00 0.49 1.70 2.54 3.61 4.19 4.75 4.68 4.40 3.14 2.14 1.12 0.00 0.00 0.00 0.00 0.00
0.00 0.00 0.00 0.00 0.00 0.00 0.00 0.00 7.45 27.31 50.38 71.73 84.25 90.21 89.90 83.20 67.03 46.13 25.33 0.56 0.00 0.00 0.00 0.00
0.00 0.00 0.00 0.00 0.00 0.00 0.00 0.00 3.44 11.79 15.60 21.98 25.63 21.61 21.50 19.86 16.87 11.53 5.97 0.00 0.00 0.00 0.00 0.00
0.00 0.00 0.00 0.00 0.00 0.00 0.00 0.00 2.21 8.04 11.36 15.95 19.27 19.44 19.37 18.12 16.48 11.28 5.87 0.00 0.00 0.00 0.00 0.00
0.00 0.00 0.00 0.00 0.00 0.00 0.00 0.00 2.60 30.55 65.89 94.56 118.85 129.06 134.14 128.73 134.60 95.46 55.81 4.66 0.00 0.00 0.00 0.00
0.00 0.00 0.00 0.00 0.00 0.00 0.00 0.00 2.47 29.06 62.68 89.95 113.05 122.76 127.60 122.45 128.04 90.80 53.09 4.44 0.00 0.00 0.00 0.00
0.00 0.00 0.00 0.00 0.00 0.00 0.00 0.00 4.76 55.88 120.53 172.98 217.40 236.08 245.38 235.48 246.22 174.62 102.10 8.53 0.00 0.00 0.00 0.00
0.00 0.00 0.00 0.00 0.00 0.00 0.00 0.00 4.68 54.95 118.52 170.10 213.78 232.14 241.29 231.56 242.12 171.71 100.39 8.39 0.00 0.00 0.00 0.00
0.00 0.00 0.00 0.00 0.00 0.00 0.00 0.00 9.30 92.13 162.21 229.06 289.30 373.73 384.11 361.45 309.85 219.32 125.94 6.70 0.00 0.00 0.00 0.00
0.00 0.00 0.00 0.00 0.00 0.00 0.00 0.00 0.44 1.37 2.41 3.27 3.69 3.47 3.39 3.11 2.17 1.47 0.75 0.00 0.00 0.00 0.00 0.00
0.00 0.00 0.00 0.00 0.00 0.00 0.00 0.00 2.25 6.94 12.20 16.58 18.68 17.60 17.19 15.75 11.01 7.45 3.80 0.00 0.00 0.00 0.00 0.00
0.00 0.00 0.00 0.00 0.00 0.00 0.00 0.00 11.47 35.42 62.28 84.64 95.36 89.87 87.77 80.40 56.23 38.01 19.42 0.00 0.00 0.00 0.00 0.00
0.00 0.00 0.00 0.00 0.00 0.00 0.00 0.00 0.18 2.09 4.50 6.46 8.12 8.81 9.16 8.79 9.19 6.52 3.81 0.32 0.00 0.00 0.00 0.00
0.00 0.00 0.00 0.00 0.00 0.00 0.00 0.00 6.79 54.83 117.20 167.15 207.93 250.73 255.83 243.01 148.21 104.88 59.93 5.47 0.00 0.00 0.00 0.00
0.00 0.00 0.00 0.00 0.00 0.00 0.00 0.00 0.66 3.17 6.34 9.36 11.88 13.27 13.97 13.49 13.17 9.46 5.27 0.22 0.00 0.00 0.00 0.00
0.00 0.00 0.00 0.00 0.00 0.00 0.00 0.00 7.38 39.48 71.88 100.84 120.10 134.45 139.05 128.65 112.68 76.72 41.75 0.06 0.00 0.00 0.00 0.00
0.00 0.00 0.00 0.00 0.00 0.00 0.00 0.00 0.11 0.91 1.95 2.79 3.47 4.18 4.26 4.05 2.47 1.75 1.00 0.09 0.00 0.00 0.00 0.00
0.00 0.00 0.00 0.00 0.00 0.00 0.00 0.00 5.10 41.12 87.90 125.36 155.95 188.05 191.87 182.26 111.16 78.66 44.95 4.11 0.00 0.00 0.00 0.00
0.00 0.00 0.00 0.00 0.00 0.00 0.00 0.00 6.54 52.78 112.80 160.88 200.13 241.33 246.23 233.90 142.66 100.94 57.68 5.27 0.00 0.00 0.00 0.00
0.00 0.00 0.00 0.00 0.00 0.00 0.00 0.00 12.27 121.49 213.91 302.08 381.51 492.85 506.54 476.67 408.62 289.22 166.08 8.83 0.00 0.00 0.00 0.00
0.00 0.00 0.00 0.00 0.00 0.00 0.00 0.00 0.90 3.25 5.76 8.16 9.60 11.11 10.90 9.96 7.04 4.88 2.59 0.00 0.00 0.00 0.00 0.00
0.00 0.00 0.00 0.00 0.00 0.00 0.00 0.00 1.13 4.04 6.96 9.81 11.63 13.55 13.23 12.38 8.37 5.79 3.07 0.00 0.00 0.00 0.00 0.00
0.00 0.00 0.00 0.00 0.00 0.00 0.00 0.00 2.74 13.09 26.15 38.60 48.99 54.72 57.62 55.65 54.31 39.04 21.73 0.92 0.00 0.00 0.00 0.00
0.00 0.00 0.00 0.00 0.00 0.00 0.00 0.00 0.04 94.79 207.77 300.14 377.66 424.23 439.52 412.48 344.32 247.11 144.58 9.48 0.00 0.00 0.00 0.00
0.00 0.00 0.00 0.00 0.00 0.00 0.00 0.00 0.30 1.00 1.56 2.11 2.47 1.67 1.65 1.51 1.19 0.80 0.41 0.00 0.00 0.00 0.00 0.00
0.00 0.00 0.00 0.00 0.00 0.00 0.00 0.00 2.03 13.69 27.85 39.50 48.52 66.45 68.26 63.47 44.95 31.52 17.69 0.75 0.00 0.00 0.00 0.00
0.00 0.00 0.00 0.00 0.00 0.00 0.00 0.00 0.06 2.04 3.78 5.53 6.81 17.40 17.94 16.89 18.15 13.00 7.83 1.00 0.00 0.00 0.00 0.00
0.00 0.00 0.00 0.00 0.00 0.00 0.00 0.00 0.77 2.40 3.89 5.38 6.41 7.21 7.00 6.40 5.20 3.42 1.64 0.00 0.00 0.00 0.00 0.00
0.00 0.00 0.00 0.00 0.00 0.00 0.00 0.00 0.38 1.20 1.95 2.69 3.20 3.60 3.50 3.20 2.60 1.71 0.82 0.00 0.00 0.00 0.00 0.00
0.00 0.00 0.00 0.00 0.00 0.00 0.00 0.00 0.84 2.62 4.26 5.88 7.01 7.88 7.66 7.00 5.69 3.74 1.79 0.00 0.00 0.00 0.00 0.00
0.00 0.00 0.00 0.00 0.00 0.00 0.00 0.00 0.95 2.97 4.40 6.00 7.12 8.98 8.85 8.09 6.94 4.53 2.19 0.00 0.00 0.00 0.00 0.00
0.00 0.00 0.00 0.00 0.00 0.00 0.00 0.00 1.45 4.53 6.71 9.15 10.86 13.69 13.48 12.33 10.57 6.90 3.33 0.00 0.00 0.00 0.00 0.00
0.00 0.00 0.00 0.00 0.00 0.00 0.00 0.00 1.26 4.13 6.69 9.08 10.81 12.44 12.46 11.36 9.62 6.39 3.13 0.00 0.00 0.00 0.00 0.00
0.00 0.00 0.00 0.00 0.00 0.00 0.00 0.00 0.75 3.39 6.02 8.27 9.77 10.95 11.12 10.29 8.69 5.92 3.12 0.00 0.00 0.00 0.00 0.00
0.00 0.00 0.00 0.00 0.00 0.00 0.00 0.00 1.95 8.77 15.54 21.37 25.23 28.28 28.73 26.57 22.45 15.30 8.06 0.00 0.00 0.00 0.00 0.00
0.00 0.00 0.00 0.00 0.00 0.00 0.00 0.00 0.46 2.14 3.76 5.16 6.21 6.50 6.65 6.07 5.80 3.89 2.08 0.00 0.00 0.00 0.00 0.00
0.00 0.00 0.00 0.00 0.00 0.00 0.00 0.00 1.28 3.99 8.32 11.32 12.93 7.57 7.56 6.88 5.02 3.35 1.67 0.00 0.00 0.00 0.00 0.00
0.00 0.00 0.00 0.00 0.00 0.00 0.00 0.00 2.27 7.28 7.48 10.22 12.07 12.76 13.01 11.90 14.04 9.19 4.55 0.00 0.00 0.00 0.00 0.00
0.00 0.00 0.00 0.00 0.00 0.00 0.00 0.00 0.51 1.32 1.93 2.58 2.87 2.77 2.70 2.40 1.68 1.11 0.51 0.00 0.00 0.00 0.00 0.00
0.00 0.00 0.00 0.00 0.00 0.00 0.00 0.00 2.70 7.52 12.70 16.96 19.14 15.87 15.25 13.70 9.13 6.12 2.97 0.00 0.00 0.00 0.00 0.00
0.00 0.00 0.00 0.00 0.00 0.00 0.00 0.00 1.86 4.99 8.37 11.08 12.29 10.96 10.70 9.53 5.99 3.90 1.85 0.00 0.00 0.00 0.00 0.00
0.00 0.00 0.00 0.00 0.00 0.00 0.00 0.00 2.56 6.89 11.55 15.30 16.96 15.13 14.76 13.15 8.26 5.39 2.55 0.00 0.00 0.00 0.00 0.00
0.00 0.00 0.00 0.00 0.00 0.00 0.00 0.00 1.75 4.70 7.86 10.42 11.55 10.30 10.05 8.96 5.63 3.67 1.74 0.00 0.00 0.00 0.00 0.00
0.00 0.00 0.00 0.00 0.00 0.00 0.00 0.00 1.44 4.01 6.78 9.05 10.21 8.47 8.13 7.31 4.87 3.27 1.58 0.00 0.00 0.00 0.00 0.00
0.00 0.00 0.00 0.00 0.00 0.00 0.00 0.00 1.44 3.76 6.02 8.03 9.08 8.93 8.69 7.73 5.09 3.29 1.53 0.00 0.00 0.00 0.00 0.00
0.00 0.00 0.00 0.00 0.00 0.00 0.00 0.00 1.27 3.93 6.90 9.38 10.57 9.96 9.73 8.91 6.23 4.21 2.15 0.00 0.00 0.00 0.00 0.00
0.00 0.00 0.00 0.00 0.00 0.00 0.00 0.00 9.70 35.54 65.57 93.37 109.65 117.42 117.01 108.30 87.24 60.04 32.97 0.73 0.00 0.00 0.00 0.00
0.00 0.00 0.00 0.00 0.00 0.00 0.00 0.00 1.25 4.40 5.83 8.28 9.76 10.40 10.21 9.55 7.60 5.18 2.72 0.00 0.00 0.00 0.00 0.00
0.00 0.00 0.00 0.00 0.00 0.00 0.00 0.00 2.44 7.93 12.41 16.88 19.58 21.49 21.39 19.81 16.12 11.04 5.65 0.00 0.00 0.00 0.00 0.00
0.00 0.00 0.00 0.00 0.00 0.00 0.00 0.00 1.12 3.64 5.69 7.74 8.97 9.85 9.80 9.08 7.39 5.06 2.59 0.00 0.00 0.00 0.00 0.00
0.00 0.00 0.00 0.00 0.00 0.00 0.00 0.00 1.50 5.28 6.57 9.32 11.01 10.83 10.66 9.92 8.57 5.90 3.09 0.00 0.00 0.00 0.00 0.00
0.00 0.00 0.00 0.00 0.00 0.00 0.00 0.00 0.73 2.43 3.78 5.12 5.99 4.06 4.01 3.67 2.88 1.95 1.00 0.00 0.00 0.00 0.00 0.00
0.00 0.00 0.00 0.00 0.00 0.00 0.00 0.00 2.84 13.55 27.07 39.96 50.72 56.66 59.66 57.62 56.23 40.42 22.50 0.95 0.00 0.00 0.00 0.00
0.00 0.00 0.00 0.00 0.00 0.00 0.00 0.00 1.76 9.44 17.19 24.11 28.72 32.15 33.25 30.76 26.95 18.35 9.98 0.01 0.00 0.00 0.00 0.00
0.00 0.00 0.00 0.00 0.00 0.00 0.00 0.00 0.30 1.62 3.06 4.32 5.18 6.72 6.83 6.28 5.79 4.04 2.20 0.01 0.00 0.00 0.00 0.00
0.00 0.00 0.00 0.00 0.00 0.00 0.00 0.00 0.46 2.30 3.80 5.31 6.47 8.11 8.20 7.56 6.76 4.72 2.58 0.03 0.00 0.00 0.00 0.00
0.00 0.00 0.00 0.00 0.00 0.00 0.00 0.00 0.73 3.68 6.08 8.50 10.35 12.98 13.12 12.09 10.81 7.56 4.12 0.04 0.00 0.00 0.00 0.00
0.00 0.00 0.00 0.00 0.00 0.00 0.00 0.00 4.84 56.81 122.54 175.86 221.03 240.01 249.47 239.41 250.33 177.53 103.80 8.67 0.00 0.00 0.00 0.00
