0.00 0.00 0.00 0.00 0.00 0.00 0.00 0.00 0.00 0.67 1.78 2.67 3.57 4.35 4.55 4.38 3.69 2.76 1.81 0.41 0.00 0.00 0.00 0.00
0.00 0.00 0.00 0.00 0.00 0.00 0.00 0.00 0.00 9.67 18.59 28.19 35.62 25.41 26.36 25.43 26.59 20.01 12.31 1.81 0.00 0.00 0.00 0.00
0.00 0.00 0.00 0.00 0.00 0.00 0.00 0.00 0.00 15.40 40.74 60.94 81.72 99.53 104.04 100.07 84.34 63.18 41.39 9.47 0.00 0.00 0.00 0.00
0.00 0.00 0.00 0.00 0.00 0.00 0.00 0.00 0.00 54.74 144.77 216.59 290.41 353.72 369.76 355.63 299.75 224.54 147.08 33.65 0.00 0.00 0.00 0.00
0.00 0.00 0.00 0.00 0.00 0.00 0.00 0.00 0.15 1.97 3.33 4.91 6.17 4.21 4.20 4.02 2.51 1.81 1.04 0.10 0.00 0.00 0.00 0.00
0.00 0.00 0.00 0.00 0.00 0.00 0.00 0.00 0.00 113.57 329.71 498.27 667.95 805.25 860.59 829.49 718.98 534.77 352.07 100.80 0.00 0.00 0.00 0.00
0.00 0.00 0.00 0.00 0.00 0.00 0.00 0.00 0.00 1.63 3.37 5.09 6.58 7.28 7.29 7.04 6.08 4.28 2.55 0.27 0.00 0.00 0.00 0.00
0.00 0.00 0.00 0.00 0.00 0.00 0.00 0.00 0.00 0.68 1.31 2.01 2.66 2.96 3.03 2.97 2.27 1.69 1.03 0.20 0.00 0.00 0.00 0.00
0.00 0.00 0.00 0.00 0.00 0.00 0.00 0.00 0.00 1.09 2.10 3.21 4.26 4.73 4.85 4.76 3.63 2.70 1.65 0.32 0.00 0.00 0.00 0.00
0.00 0.00 0.00 0.00 0.00 0.00 0.00 0.00 0.00 1.09 2.10 3.21 4.26 4.73 4.85 4.76 3.63 2.70 1.65 0.32 0.00 0.00 0.00 0.00
0.00 0.00 0.00 0.00 0.00 0.00 0.00 0.00 0.00 2.77 5.82 8.78 11.91 14.23 14.64 14.30 12.95 9.50 5.91 0.96 0.00 0.00 0.00 0.00
0.00 0.00 0.00 0.00 0.00 0.00 0.00 0.00 0.00 1.32 2.76 4.23 5.70 6.77 6.95 6.77 5.89 4.36 2.71 0.45 0.00 0.00 0.00 0.00
0.00 0.00 0.00 0.00 0.00 0.00 0.00 0.00 0.00 1.70 3.54 5.44 7.33 8.70 8.93 8.70 7.57 5.60 3.48 0.58 0.00 0.00 0.00 0.00
0.00 0.00 0.00 0.00 0.00 0.00 0.00 0.00 0.00 1.13 2.36 3.63 4.89 5.80 5.95 5.80 5.05 3.74 2.32 0.39 0.00 0.00 0.00 0.00
0.00 0.00 0.00 0.00 0.00 0.00 0.00 0.00 0.00 1.13 2.36 3.63 4.89 5.80 5.95 5.80 5.05 3.74 2.32 0.39 0.00 0.00 0.00 0.00
0.00 0.00 0.00 0.00 0.00 0.00 0.00 0.00 0.00 15.12 30.20 46.42 60.11 41.67 44.10 42.89 34.10 25.29 16.16 5.02 0.00 0.00 0.00 0.00
0.00 0.00 0.00 0.00 0.00 0.00 0.00 0.00 0.00 8.65 17.89 27.34 37.41 42.21 42.68 41.78 39.32 28.93 17.86 2.66 0.00 0.00 0.00 0.00
0.00 0.00 0.00 0.00 0.00 0.00 0.00 0.00 0.00 7.58 16.14 24.58 32.32 36.37 37.25 36.07 34.00 25.03 15.52 2.23 0.00 0.00 0.00 0.00
0.00 0.00 0.00 0.00 0.00 0.00 0.00 0.00 0.00 33.50 97.25 146.97 197.02 237.52 253.84 244.67 212.07 157.74 103.85 29.73 0.00 0.00 0.00 0.00
0.00 0.00 0.00 0.00 0.00 0.00 0.00 0.00 0.00 31.86 92.51 139.80 187.41 225.93 241.46 232.73 201.73 150.04 98.78 28.28 0.00 0.00 0.00 0.00
0.00 0.00 0.00 0.00 0.00 0.00 0.00 0.00 0.00 61.28 177.90 268.85 360.40 434.49 464.35 447.57 387.94 288.54 189.96 54.39 0.00 0.00 0.00 0.00
0.00 0.00 0.00 0.00 0.00 0.00 0.00 0.00 0.00 60.26 174.94 264.37 354.40 427.24 456.61 440.11 381.47 283.73 186.80 53.48 0.00 0.00 0.00 0.00
0.00 0.00 0.00 0.00 0.00 0.00 0.00 0.00 0.00 67.39 193.34 290.71 389.11 463.92 479.44 463.09 391.54 291.91 191.43 43.38 0.00 0.00 0.00 0.00
0.00 0.00 0.00 0.00 0.00 0.00 0.00 0.00 0.00 0.68 1.31 2.01 2.66 2.96 3.03 2.97 2.27 1.69 1.03 0.20 0.00 0.00 0.00 0.00
0.00 0.00 0.00 0.00 0.00 0.00 0.00 0.00 0.00 3.44 6.66 10.18 13.50 14.99 15.35 15.06 11.50 8.55 5.24 1.03 0.00 0.00 0.00 0.00
0.00 0.00 0.00 0.00 0.00 0.00 0.00 0.00 0.00 17.58 34.01 51.97 68.92 76.54 78.34 76.90 58.73 43.65 26.73 5.25 0.00 0.00 0.00 0.00
0.00 0.00 0.00 0.00 0.00 0.00 0.00 0.00 0.00 2.29 6.64 10.04 13.46 16.22 17.34 16.71 14.48 10.77 7.09 2.03 0.00 0.00 0.00 0.00
0.00 0.00 0.00 0.00 0.00 0.00 0.00 0.00 0.00 53.88 142.52 213.22 285.89 348.21 364.00 350.09 295.07 221.04 144.79 33.13 0.00 0.00 0.00 0.00
0.00 0.00 0.00 0.00 0.00 0.00 0.00 0.00 0.00 4.33 10.12 15.10 20.42 25.49 27.20 26.20 22.57 17.49 11.29 2.41 0.00 0.00 0.00 0.00
0.00 0.00 0.00 0.00 0.00 0.00 0.00 0.00 0.00 30.73 73.17 107.56 138.99 166.92 169.43 162.58 137.46 102.24 64.75 11.20 0.00 0.00 0.00 0.00
0.00 0.00 0.00 0.00 0.00 0.00 0.00 0.00 0.00 0.90 2.38 3.55 4.76 5.80 6.07 5.83 4.92 3.68 2.41 0.55 0.00 0.00 0.00 0.00
0.00 0.00 0.00 0.00 0.00 0.00 0.00 0.00 0.00 40.41 106.89 159.91 214.41 261.16 273.00 262.56 221.31 165.78 108.59 24.85 0.00 0.00 0.00 0.00
0.00 0.00 0.00 0.00 0.00 0.00 0.00 0.00 0.00 51.86 137.17 205.22 275.17 335.15 350.35 336.96 284.01 212.75 139.36 31.89 0.00 0.00 0.00 0.00
0.00 0.00 0.00 0.00 0.00 0.00 0.00 0.00 0.00 88.86 254.97 383.38 513.14 611.79 632.26 610.69 516.35 384.96 252.44 57.21 0.00 0.00 0.00 0.00
0.00 0.00 0.00 0.00 0.00 0.00 0.00 0.00 0.00 2.00 4.22 6.58 8.95 10.85 11.39 11.02 8.88 6.60 4.14 0.70 0.00 0.00 0.00 0.00
0.00 0.00 0.00 0.00 0.00 0.00 0.00 0.00 0.00 2.51 5.29 8.31 11.26 13.45 14.16 13.73 11.10 8.22 5.15 0.88 0.00 0.00 0.00 0.00
0.00 0.00 0.00 0.00 0.00 0.00 0.00 0.00 0.00 17.85 41.73 62.30 84.22 105.13 112.22 108.06 93.09 72.13 46.56 9.93 0.00 0.00 0.00 0.00
0.00 0.00 0.00 0.00 0.00 0.00 0.00 0.00 0.00 50.13 169.90 264.15 362.02 443.88 470.17 449.59 392.88 299.71 198.93 50.67 0.00 0.00 0.00 0.00
0.00 0.00 0.00 0.00 0.00 0.00 0.00 0.00 0.00 0.69 1.41 2.17 2.93 3.25 3.28 3.14 2.94 2.18 1.34 0.17 0.00 0.00 0.00 0.00
0.00 0.00 0.00 0.00 0.00 0.00 0.00 0.00 0.00 14.17 36.64 54.35 73.00 87.47 90.43 86.56 73.18 54.01 34.91 7.21 0.00 0.00 0.00 0.00
0.00 0.00 0.00 0.00 0.00 0.00 0.00 0.00 0.00 3.94 12.50 19.28 26.65 31.78 33.92 32.03 27.21 20.42 13.22 4.40 0.00 0.00 0.00 0.00
0.00 0.00 0.00 0.00 0.00 0.00 0.00 0.00 0.00 1.89 3.85 5.66 7.23 8.12 8.29 7.86 6.94 4.93 2.91 0.29 0.00 0.00 0.00 0.00
0.00 0.00 0.00 0.00 0.00 0.00 0.00 0.00 0.00 0.94 1.92 2.83 3.62 4.06 4.15 3.93 3.47 2.47 1.46 0.14 0.00 0.00 0.00 0.00
0.00 0.00 0.00 0.00 0.00 0.00 0.00 0.00 0.00 2.07 4.21 6.19 7.91 8.88 9.07 8.59 7.59 5.39 3.18 0.32 0.00 0.00 0.00 0.00
0.00 0.00 0.00 0.00 0.00 0.00 0.00 0.00 0.00 2.35 4.88 7.23 9.33 10.72 10.90 10.44 8.98 6.39 3.79 0.38 0.00 0.00 0.00 0.00
0.00 0.00 0.00 0.00 0.00 0.00 0.00 0.00 0.00 3.58 7.44 11.02 14.21 16.33 16.61 15.91 13.69 9.74 5.77 0.57 0.00 0.00 0.00 0.00
0.00 0.00 0.00 0.00 0.00 0.00 0.00 0.00 0.00 3.30 6.87 10.28 13.29 14.69 14.73 14.28 12.34 8.61 5.14 0.56 0.00 0.00 0.00 0.00
0.00 0.00 0.00 0.00 0.00 0.00 0.00 0.00 0.00 2.66 6.04 8.85 11.48 13.17 13.26 12.51 10.96 7.97 4.95 0.69 0.00 0.00 0.00 0.00
0.00 0.00 0.00 0.00 0.00 0.00 0.00 0.00 0.00 6.87 15.61 22.87 29.65 34.03 34.25 32.32 28.32 20.60 12.79 1.78 0.00 0.00 0.00 0.00
0.00 0.00 0.00 0.00 0.00 0.00 0.00 0.00 0.00 1.68 3.88 5.73 7.50 8.77 8.85 8.42 7.44 5.53 3.46 0.56 0.00 0.00 0.00 0.00
0.00 0.00 0.00 0.00 0.00 0.00 0.00 0.00 0.00 3.08 6.26 9.65 12.48 13.86 14.35 13.88 11.65 8.51 5.14 0.57 0.00 0.00 0.00 0.00
0.00 0.00 0.00 0.00 0.00 0.00 0.00 0.00 0.00 5.63 11.82 17.93 23.20 25.24 25.64 24.80 21.08 15.31 9.22 1.01 0.00 0.00 0.00 0.00
0.00 0.00 0.00 0.00 0.00 0.00 0.00 0.00 0.03 0.55 1.11 1.61 1.98 1.39 1.39 1.35 0.84 0.61 0.35 0.06 0.00 0.00 0.00 0.00
0.00 0.00 0.00 0.00 0.00 0.00 0.00 0.00 0.03 3.49 5.68 8.62 10.88 8.47 8.51 8.35 4.72 3.40 2.02 0.84 0.00 0.00 0.00 0.00
0.00 0.00 0.00 0.00 0.00 0.00 0.00 0.00 0.09 2.42 3.86 5.82 7.19 4.98 5.07 4.92 2.47 1.77 1.03 0.44 0.00 0.00 0.00 0.00
0.00 0.00 0.00 0.00 0.00 0.00 0.00 0.00 0.13 3.35 5.33 8.03 9.93 6.87 7.00 6.78 3.41 2.44 1.43 0.61 0.00 0.00 0.00 0.00
0.00 0.00 0.00 0.00 0.00 0.00 0.00 0.00 0.09 2.28 3.63 5.47 6.76 4.68 4.77 4.62 2.32 1.66 0.97 0.41 0.00 0.00 0.00 0.00
0.00 0.00 0.00 0.00 0.00 0.00 0.00 0.00 0.02 1.86 3.03 4.60 5.80 4.52 4.54 4.45 2.52 1.81 1.08 0.45 0.00 0.00 0.00 0.00
0.00 0.00 0.00 0.00 0.00 0.00 0.00 0.00 0.11 1.75 2.94 4.40 5.36 3.72 3.76 3.56 2.03 1.48 0.85 0.12 0.00 0.00 0.00 0.00
0.00 0.00 0.00 0.00 0.00 0.00 0.00 0.00 0.00 1.95 3.77 5.76 7.64 8.48 8.68 8.52 6.51 4.84 2.96 0.58 0.00 0.00 0.00 0.00
0.00 0.00 0.00 0.00 0.00 0.00 0.00 0.00 0.00 19.68 39.30 60.42 78.24 54.24 57.41 55.82 44.38 32.92 21.03 6.54 0.00 0.00 0.00 0.00
0.00 0.00 0.00 0.00 0.00 0.00 0.00 0.00 0.00 3.14 6.59 9.95 13.50 16.13 16.59 16.21 14.68 10.77 6.70 1.09 0.00 0.00 0.00 0.00
0.00 0.00 0.00 0.00 0.00 0.00 0.00 0.00 0.00 4.68 9.43 14.83 19.70 22.29 22.52 22.38 16.68 12.15 7.46 1.10 0.00 0.00 0.00 0.00
0.00 0.00 0.00 0.00 0.00 0.00 0.00 0.00 0.00 2.15 4.32 6.80 9.03 10.22 10.32 10.26 7.64 5.57 3.42 0.51 0.00 0.00 0.00 0.00
0.00 0.00 0.00 0.00 0.00 0.00 0.00 0.00 0.00 3.90 8.15 12.23 16.68 19.85 20.35 19.76 18.21 13.42 8.34 1.30 0.00 0.00 0.00 0.00
0.00 0.00 0.00 0.00 0.00 0.00 0.00 0.00 0.00 1.68 3.43 5.26 7.13 7.88 7.97 7.62 7.13 5.29 3.24 0.42 0.00 0.00 0.00 0.00
0.00 0.00 0.00 0.00 0.00 0.00 0.00 0.00 0.00 18.48 43.20 64.50 87.20 108.85 116.18 111.88 96.38 74.68 48.21 10.28 0.00 0.00 0.00 0.00
0.00 0.00 0.00 0.00 0.00 0.00 0.00 0.00 0.00 7.35 17.50 25.72 33.24 39.92 40.52 38.88 32.87 24.45 15.48 2.68 0.00 0.00 0.00 0.00
0.00 0.00 0.00 0.00 0.00 0.00 0.00 0.00 0.00 1.64 3.88 5.74 7.51 8.84 9.06 8.74 7.57 5.57 3.54 0.62 0.00 0.00 0.00 0.00
0.00 0.00 0.00 0.00 0.00 0.00 0.00 0.00 0.00 2.05 4.78 7.11 9.15 11.07 11.33 10.81 9.42 7.07 4.49 0.82 0.00 0.00 0.00 0.00
0.00 0.00 0.00 0.00 0.00 0.00 0.00 0.00 0.00 3.28 7.65 11.38 14.64 17.71 18.13 17.30 15.06 11.31 7.19 1.31 0.00 0.00 0.00 0.00
0.00 0.00 0.00 0.00 0.00 0.00 0.00 0.00 0.00 62.30 180.87 273.33 366.41 441.73 472.09 455.03 394.41 293.35 193.13 55.29 0.00 0.00 0.00 0.00
