0.00 0.00 0.00 0.00 0.00 0.00 0.00 0.00 0.00 0.34 1.05 1.68 2.31 2.49 2.61 2.51 1.62 1.18 0.73 0.12 0.00 0.00 0.00 0.00
0.00 0.00 0.00 0.00 0.00 0.00 0.00 0.00 0.00 3.69 13.00 20.41 26.15 31.69 32.81 31.42 25.81 18.99 10.99 0.90 0.00 0.00 0.00 0.00
0.00 0.00 0.00 0.00 0.00 0.00 0.00 0.00 0.00 7.80 24.03 38.36 52.86 56.95 59.76 57.37 36.97 27.03 16.67 2.68 0.00 0.00 0.00 0.00
0.00 0.00 0.00 0.00 0.00 0.00 0.00 0.00 0.00 27.73 85.41 136.34 187.87 202.38 212.38 203.89 131.40 96.05 59.25 9.53 0.00 0.00 0.00 0.00
0.00 0.00 0.00 0.00 0.00 0.00 0.00 0.00 0.00 0.94 1.69 2.57 3.26 4.05 4.01 3.79 3.16 2.24 1.19 0.00 0.00 0.00 0.00 0.00
0.00 0.00 0.00 0.00 0.00 0.00 0.00 0.00 0.00 49.93 163.23 263.85 364.07 383.43 411.24 395.59 241.61 175.40 109.28 30.20 0.00 0.00 0.00 0.00
0.00 0.00 0.00 0.00 0.00 0.00 0.00 0.00 0.00 0.54 0.74 1.19 1.58 2.16 2.17 2.09 3.07 2.09 1.13 0.04 0.00 0.00 0.00 0.00
0.00 0.00 0.00 0.00 0.00 0.00 0.00 0.00 0.00 0.16 0.57 0.90 1.22 1.62 1.66 1.61 1.55 1.12 0.64 0.07 0.00 0.00 0.00 0.00
0.00 0.00 0.00 0.00 0.00 0.00 0.00 0.00 0.00 0.26 0.91 1.44 1.95 2.59 2.65 2.58 2.49 1.80 1.03 0.11 0.00 0.00 0.00 0.00
0.00 0.00 0.00 0.00 0.00 0.00 0.00 0.00 0.00 0.26 0.91 1.44 1.95 2.59 2.65 2.58 2.49 1.80 1.03 0.11 0.00 0.00 0.00 0.00
0.00 0.00 0.00 0.00 0.00 0.00 0.00 0.00 0.00 1.55 3.56 5.61 7.76 9.48 9.77 9.52 8.32 5.96 3.47 0.61 0.00 0.00 0.00 0.00
0.00 0.00 0.00 0.00 0.00 0.00 0.00 0.00 0.00 0.66 1.55 2.49 3.42 4.05 4.16 4.05 3.54 2.55 1.48 0.28 0.00 0.00 0.00 0.00
0.00 0.00 0.00 0.00 0.00 0.00 0.00 0.00 0.00 0.84 1.99 3.20 4.39 5.20 5.35 5.21 4.55 3.28 1.91 0.36 0.00 0.00 0.00 0.00
0.00 0.00 0.00 0.00 0.00 0.00 0.00 0.00 0.00 0.56 1.33 2.13 2.93 3.47 3.57 3.47 3.04 2.19 1.27 0.24 0.00 0.00 0.00 0.00
0.00 0.00 0.00 0.00 0.00 0.00 0.00 0.00 0.00 0.56 1.33 2.13 2.93 3.47 3.57 3.47 3.04 2.19 1.27 0.24 0.00 0.00 0.00 0.00
0.00 0.00 0.00 0.00 0.00 0.00 0.00 0.00 0.00 11.60 27.52 43.90 57.69 61.82 65.19 62.88 55.80 40.48 24.55 5.14 0.00 0.00 0.00 0.00
0.00 0.00 0.00 0.00 0.00 0.00 0.00 0.00 0.00 4.53 9.31 14.88 20.78 26.78 27.11 26.44 25.13 18.01 10.38 1.47 0.00 0.00 0.00 0.00
0.00 0.00 0.00 0.00 0.00 0.00 0.00 0.00 0.00 4.45 9.64 15.39 20.65 26.67 27.35 26.38 24.69 17.70 10.24 1.17 0.00 0.00 0.00 0.00
0.00 0.00 0.00 0.00 0.00 0.00 0.00 0.00 0.00 14.73 48.15 77.83 107.39 113.10 121.30 116.69 71.27 51.74 32.23 8.91 0.00 0.00 0.00 0.00
0.00 0.00 0.00 0.00 0.00 0.00 0.00 0.00 0.00 14.01 45.80 74.03 102.15 107.58 115.38 110.99 67.79 49.21 30.66 8.47 0.00 0.00 0.00 0.00
0.00 0.00 0.00 0.00 0.00 0.00 0.00 0.00 0.00 26.94 88.07 142.37 196.44 206.89 221.89 213.45 130.36 94.64 58.96 16.30 0.00 0.00 0.00 0.00
0.00 0.00 0.00 0.00 0.00 0.00 0.00 0.00 0.00 26.49 86.61 139.99 193.17 203.44 218.19 209.89 128.19 93.06 57.98 16.02 0.00 0.00 0.00 0.00
0.00 0.00 0.00 0.00 0.00 0.00 0.00 0.00 0.00 33.37 123.37 198.89 274.05 282.03 293.07 282.95 203.85 148.32 91.50 19.16 0.00 0.00 0.00 0.00
0.00 0.00 0.00 0.00 0.00 0.00 0.00 0.00 0.00 0.16 0.57 0.90 1.22 1.62 1.66 1.61 1.55 1.12 0.64 0.07 0.00 0.00 0.00 0.00
0.00 0.00 0.00 0.00 0.00 0.00 0.00 0.00 0.00 0.83 2.87 4.56 6.16 8.22 8.39 8.17 7.87 5.70 3.26 0.34 0.00 0.00 0.00 0.00
0.00 0.00 0.00 0.00 0.00 0.00 0.00 0.00 0.00 4.26 14.66 23.30 31.46 41.95 42.81 41.72 40.19 29.09 16.63 1.71 0.00 0.00 0.00 0.00
0.00 0.00 0.00 0.00 0.00 0.00 0.00 0.00 0.00 1.01 3.29 5.32 7.33 7.72 8.28 7.97 4.87 3.53 2.20 0.61 0.00 0.00 0.00 0.00
0.00 0.00 0.00 0.00 0.00 0.00 0.00 0.00 0.00 27.30 84.08 134.22 184.94 199.23 209.07 200.71 129.35 94.55 58.33 9.38 0.00 0.00 0.00 0.00
0.00 0.00 0.00 0.00 0.00 0.00 0.00 0.00 0.00 2.74 7.88 12.32 16.95 19.40 20.76 19.94 18.31 13.89 8.49 1.84 0.00 0.00 0.00 0.00
0.00 0.00 0.00 0.00 0.00 0.00 0.00 0.00 0.00 13.81 48.90 76.56 101.64 105.12 107.18 102.69 79.62 57.65 33.99 2.70 0.00 0.00 0.00 0.00
0.00 0.00 0.00 0.00 0.00 0.00 0.00 0.00 0.00 0.45 1.40 2.24 3.08 3.32 3.48 3.35 2.16 1.58 0.97 0.16 0.00 0.00 0.00 0.00
0.00 0.00 0.00 0.00 0.00 0.00 0.00 0.00 0.00 20.47 63.06 100.66 138.71 149.42 156.80 150.53 97.01 70.91 43.75 7.04 0.00 0.00 0.00 0.00
0.00 0.00 0.00 0.00 0.00 0.00 0.00 0.00 0.00 26.27 80.93 129.19 178.01 191.76 201.23 193.18 124.50 91.00 56.14 9.03 0.00 0.00 0.00 0.00
0.00 0.00 0.00 0.00 0.00 0.00 0.00 0.00 0.00 44.01 162.70 262.28 361.40 371.93 386.49 373.14 268.83 195.60 120.66 25.26 0.00 0.00 0.00 0.00
0.00 0.00 0.00 0.00 0.00 0.00 0.00 0.00 0.00 0.95 2.40 3.92 5.44 5.45 5.74 5.54 6.00 4.35 2.56 0.56 0.00 0.00 0.00 0.00
0.00 0.00 0.00 0.00 0.00 0.00 0.00 0.00 0.00 1.12 2.98 4.91 6.78 7.05 7.44 7.20 7.42 5.36 3.15 0.63 0.00 0.00 0.00 0.00
0.00 0.00 0.00 0.00 0.00 0.00 0.00 0.00 0.00 11.30 32.49 50.82 69.94 80.02 85.63 82.26 75.52 57.30 35.02 7.57 0.00 0.00 0.00 0.00
0.00 0.00 0.00 0.00 0.00 0.00 0.00 0.00 0.00 20.33 122.94 207.89 293.77 343.32 366.20 350.30 292.49 217.62 135.47 30.73 0.00 0.00 0.00 0.00
0.00 0.00 0.00 0.00 0.00 0.00 0.00 0.00 0.00 0.28 0.60 0.96 1.33 1.71 1.73 1.65 1.80 1.30 0.74 0.08 0.00 0.00 0.00 0.00
0.00 0.00 0.00 0.00 0.00 0.00 0.00 0.00 0.00 7.34 23.81 37.65 51.95 51.36 53.35 51.01 37.05 26.68 16.19 2.82 0.00 0.00 0.00 0.00
0.00 0.00 0.00 0.00 0.00 0.00 0.00 0.00 0.00 1.57 6.41 10.56 14.98 14.44 15.57 14.78 10.96 8.08 5.00 1.45 0.00 0.00 0.00 0.00
0.00 0.00 0.00 0.00 0.00 0.00 0.00 0.00 0.00 0.65 1.13 1.75 2.30 1.93 1.98 1.87 3.17 2.17 1.16 0.02 0.00 0.00 0.00 0.00
0.00 0.00 0.00 0.00 0.00 0.00 0.00 0.00 0.00 0.32 0.56 0.88 1.15 0.97 0.99 0.94 1.58 1.09 0.58 0.01 0.00 0.00 0.00 0.00
0.00 0.00 0.00 0.00 0.00 0.00 0.00 0.00 0.00 0.71 1.23 1.92 2.52 2.11 2.17 2.05 3.46 2.38 1.27 0.02 0.00 0.00 0.00 0.00
0.00 0.00 0.00 0.00 0.00 0.00 0.00 0.00 0.00 0.89 1.41 2.20 2.92 2.99 3.05 2.92 3.82 2.63 1.42 0.05 0.00 0.00 0.00 0.00
0.00 0.00 0.00 0.00 0.00 0.00 0.00 0.00 0.00 1.36 2.15 3.36 4.45 4.56 4.65 4.45 5.82 4.00 2.16 0.07 0.00 0.00 0.00 0.00
0.00 0.00 0.00 0.00 0.00 0.00 0.00 0.00 0.00 1.12 1.69 2.67 3.55 5.06 5.09 4.92 6.21 4.19 2.29 0.10 0.00 0.00 0.00 0.00
0.00 0.00 0.00 0.00 0.00 0.00 0.00 0.00 0.00 0.80 3.81 5.94 7.91 9.27 9.36 8.81 6.86 4.85 2.78 0.18 0.00 0.00 0.00 0.00
0.00 0.00 0.00 0.00 0.00 0.00 0.00 0.00 0.00 2.06 9.84 15.33 20.42 23.96 24.19 22.76 17.72 12.52 7.17 0.45 0.00 0.00 0.00 0.00
0.00 0.00 0.00 0.00 0.00 0.00 0.00 0.00 0.00 0.69 2.49 3.90 5.24 5.48 5.55 5.27 4.25 3.08 1.80 0.12 0.00 0.00 0.00 0.00
0.00 0.00 0.00 0.00 0.00 0.00 0.00 0.00 0.00 0.83 2.00 3.23 4.28 5.43 5.62 5.40 4.98 3.53 1.97 0.15 0.00 0.00 0.00 0.00
0.00 0.00 0.00 0.00 0.00 0.00 0.00 0.00 0.00 1.81 2.96 4.73 6.29 8.87 9.02 8.69 10.42 7.33 4.05 0.21 0.00 0.00 0.00 0.00
0.00 0.00 0.00 0.00 0.00 0.00 0.00 0.00 0.00 0.27 0.44 0.66 0.83 0.88 0.87 0.83 0.88 0.62 0.33 0.00 0.00 0.00 0.00 0.00
0.00 0.00 0.00 0.00 0.00 0.00 0.00 0.00 0.00 1.10 2.41 3.79 4.84 6.68 6.67 6.48 5.33 3.75 2.06 0.06 0.00 0.00 0.00 0.00
0.00 0.00 0.00 0.00 0.00 0.00 0.00 0.00 0.00 0.85 1.65 2.57 3.21 4.15 4.20 4.03 3.25 2.27 1.23 0.03 0.00 0.00 0.00 0.00
0.00 0.00 0.00 0.00 0.00 0.00 0.00 0.00 0.00 1.18 2.28 3.54 4.43 5.72 5.80 5.56 4.49 3.13 1.69 0.04 0.00 0.00 0.00 0.00
0.00 0.00 0.00 0.00 0.00 0.00 0.00 0.00 0.00 0.80 1.55 2.41 3.02 3.90 3.95 3.79 3.06 2.13 1.15 0.03 0.00 0.00 0.00 0.00
0.00 0.00 0.00 0.00 0.00 0.00 0.00 0.00 0.00 0.59 1.29 2.02 2.58 3.56 3.56 3.46 2.84 2.00 1.10 0.03 0.00 0.00 0.00 0.00
0.00 0.00 0.00 0.00 0.00 0.00 0.00 0.00 0.00 0.75 1.52 2.34 2.87 3.55 3.58 3.35 2.70 1.93 1.03 0.00 0.00 0.00 0.00 0.00
0.00 0.00 0.00 0.00 0.00 0.00 0.00 0.00 0.00 0.47 1.62 2.58 3.49 4.65 4.74 4.62 4.45 3.22 1.84 0.19 0.00 0.00 0.00 0.00
0.00 0.00 0.00 0.00 0.00 0.00 0.00 0.00 0.00 15.10 35.82 57.14 75.09 80.47 84.84 81.84 72.62 52.68 31.95 6.69 0.00 0.00 0.00 0.00
0.00 0.00 0.00 0.00 0.00 0.00 0.00 0.00 0.00 1.76 4.04 6.36 8.79 10.74 11.07 10.79 9.43 6.75 3.93 0.69 0.00 0.00 0.00 0.00
0.00 0.00 0.00 0.00 0.00 0.00 0.00 0.00 0.00 1.43 3.48 5.73 7.80 7.93 8.01 7.93 9.01 6.37 3.63 0.54 0.00 0.00 0.00 0.00
0.00 0.00 0.00 0.00 0.00 0.00 0.00 0.00 0.00 0.65 1.59 2.63 3.57 3.63 3.67 3.63 4.13 2.92 1.66 0.25 0.00 0.00 0.00 0.00
0.00 0.00 0.00 0.00 0.00 0.00 0.00 0.00 0.00 2.27 5.00 7.85 10.90 13.80 14.18 13.72 12.13 8.72 5.07 0.81 0.00 0.00 0.00 0.00
0.00 0.00 0.00 0.00 0.00 0.00 0.00 0.00 0.00 0.68 1.45 2.33 3.23 4.16 4.21 4.00 4.36 3.15 1.79 0.20 0.00 0.00 0.00 0.00
0.00 0.00 0.00 0.00 0.00 0.00 0.00 0.00 0.00 11.70 33.64 52.62 72.41 82.85 88.66 85.16 78.19 59.32 36.26 7.84 0.00 0.00 0.00 0.00
0.00 0.00 0.00 0.00 0.00 0.00 0.00 0.00 0.00 3.30 11.69 18.31 24.31 25.14 25.63 24.56 19.04 13.79 8.13 0.65 0.00 0.00 0.00 0.00
0.00 0.00 0.00 0.00 0.00 0.00 0.00 0.00 0.00 0.75 2.57 4.03 5.42 5.32 5.47 5.27 4.12 2.96 1.76 0.18 0.00 0.00 0.00 0.00
0.00 0.00 0.00 0.00 0.00 0.00 0.00 0.00 0.00 1.13 3.04 4.79 6.32 6.74 6.93 6.60 5.99 4.40 2.62 0.21 0.00 0.00 0.00 0.00
0.00 0.00 0.00 0.00 0.00 0.00 0.00 0.00 0.00 1.80 4.86 7.67 10.11 10.79 11.09 10.56 9.59 7.04 4.19 0.34 0.00 0.00 0.00 0.00
0.00 0.00 0.00 0.00 0.00 0.00 0.00 0.00 0.00 27.39 89.54 144.74 199.72 210.34 225.59 217.01 132.54 96.22 59.95 16.57 0.00 0.00 0.00 0.00
