0.00 0.00 0.00 0.00 0.00 0.00 0.00 0.00 0.00 0.17 1.24 2.08 2.95 3.56 3.74 3.57 3.01 2.12 1.19 0.04 0.00 0.00 0.00 0.00
0.00 0.00 0.00 0.00 0.00 0.00 0.00 0.00 0.00 9.17 27.53 41.54 54.28 59.63 60.46 58.08 48.02 33.81 17.75 0.00 0.00 0.00 0.00 0.00
0.00 0.00 0.00 0.00 0.00 0.00 0.00 0.00 0.00 3.82 28.25 47.54 67.49 81.34 85.58 81.54 68.88 48.40 27.28 0.97 0.00 0.00 0.00 0.00
0.00 0.00 0.00 0.00 0.00 0.00 0.00 0.00 0.00 13.59 100.39 168.97 239.86 289.07 304.14 289.78 244.81 172.00 96.94 3.44 0.00 0.00 0.00 0.00
0.00 0.00 0.00 0.00 0.00 0.00 0.00 0.00 0.00 1.73 4.68 6.88 8.88 10.19 10.37 9.44 7.79 5.41 2.48 0.00 0.00 0.00 0.00 0.00
0.00 0.00 0.00 0.00 0.00 0.00 0.00 0.00 0.00 27.09 230.67 392.47 563.02 693.98 732.73 693.78 589.72 419.91 245.52 18.18 0.00 0.00 0.00 0.00
0.00 0.00 0.00 0.00 0.00 0.00 0.00 0.00 0.00 0.69 2.49 3.82 5.13 5.94 6.09 5.59 4.22 2.97 1.39 0.00 0.00 0.00 0.00 0.00
0.00 0.00 0.00 0.00 0.00 0.00 0.00 0.00 0.00 0.49 1.50 2.25 2.93 3.44 3.60 3.40 2.80 1.98 1.02 0.00 0.00 0.00 0.00 0.00
0.00 0.00 0.00 0.00 0.00 0.00 0.00 0.00 0.00 0.78 2.40 3.60 4.69 5.50 5.77 5.43 4.48 3.16 1.63 0.00 0.00 0.00 0.00 0.00
0.00 0.00 0.00 0.00 0.00 0.00 0.00 0.00 0.00 0.78 2.40 3.60 4.69 5.50 5.77 5.43 4.48 3.16 1.63 0.00 0.00 0.00 0.00 0.00
0.00 0.00 0.00 0.00 0.00 0.00 0.00 0.00 0.00 1.51 5.32 8.15 11.08 13.10 13.72 13.08 11.00 7.94 4.18 0.00 0.00 0.00 0.00 0.00
0.00 0.00 0.00 0.00 0.00 0.00 0.00 0.00 0.00 0.72 2.50 3.82 5.26 6.27 6.50 6.18 5.24 3.72 1.96 0.00 0.00 0.00 0.00 0.00
0.00 0.00 0.00 0.00 0.00 0.00 0.00 0.00 0.00 0.93 3.21 4.91 6.77 8.07 8.36 7.94 6.73 4.78 2.51 0.00 0.00 0.00 0.00 0.00
0.00 0.00 0.00 0.00 0.00 0.00 0.00 0.00 0.00 0.62 2.14 3.27 4.51 5.38 5.57 5.29 4.49 3.19 1.68 0.00 0.00 0.00 0.00 0.00
0.00 0.00 0.00 0.00 0.00 0.00 0.00 0.00 0.00 0.62 2.14 3.27 4.51 5.38 5.57 5.29 4.49 3.19 1.68 0.00 0.00 0.00 0.00 0.00
0.00 0.00 0.00 0.00 0.00 0.00 0.00 0.00 0.00 9.67 32.06 48.87 68.17 79.63 83.45 80.15 68.15 48.18 27.20 1.16 0.00 0.00 0.00 0.00
0.00 0.00 0.00 0.00 0.00 0.00 0.00 0.00 0.00 4.78 16.59 25.36 33.90 39.51 41.44 39.20 33.36 23.49 12.16 0.00 0.00 0.00 0.00 0.00
0.00 0.00 0.00 0.00 0.00 0.00 0.00 0.00 0.00 3.89 14.37 22.20 29.62 34.86 35.95 33.93 27.94 20.13 10.45 0.00 0.00 0.00 0.00 0.00
0.00 0.00 0.00 0.00 0.00 0.00 0.00 0.00 0.00 7.99 68.04 115.76 166.07 204.70 216.13 204.64 173.95 123.86 72.42 5.36 0.00 0.00 0.00 0.00
0.00 0.00 0.00 0.00 0.00 0.00 0.00 0.00 0.00 7.60 64.72 110.12 157.97 194.71 205.59 194.66 165.46 117.82 68.89 5.10 0.00 0.00 0.00 0.00
0.00 0.00 0.00 0.00 0.00 0.00 0.00 0.00 0.00 14.62 124.46 211.76 303.79 374.45 395.36 374.34 318.19 226.57 132.47 9.81 0.00 0.00 0.00 0.00
0.00 0.00 0.00 0.00 0.00 0.00 0.00 0.00 0.00 14.37 122.39 208.23 298.73 368.21 388.77 368.10 312.89 222.79 130.27 9.65 0.00 0.00 0.00 0.00
0.00 0.00 0.00 0.00 0.00 0.00 0.00 0.00 0.00 13.52 125.47 215.45 305.24 373.48 390.15 369.34 311.87 220.16 123.60 4.62 0.00 0.00 0.00 0.00
0.00 0.00 0.00 0.00 0.00 0.00 0.00 0.00 0.00 0.49 1.50 2.25 2.93 3.44 3.60 3.40 2.80 1.98 1.02 0.00 0.00 0.00 0.00 0.00
0.00 0.00 0.00 0.00 0.00 0.00 0.00 0.00 0.00 2.47 7.59 11.39 14.86 17.43 18.26 17.21 14.19 10.01 5.16 0.00 0.00 0.00 0.00 0.00
0.00 0.00 0.00 0.00 0.00 0.00 0.00 0.00 0.00 12.60 38.77 58.15 75.89 88.97 93.25 87.84 72.45 51.10 26.37 0.00 0.00 0.00 0.00 0.00
0.00 0.00 0.00 0.00 0.00 0.00 0.00 0.00 0.00 0.55 4.65 7.91 11.34 13.98 14.76 13.98 11.88 8.46 4.95 0.37 0.00 0.00 0.00 0.00
0.00 0.00 0.00 0.00 0.00 0.00 0.00 0.00 0.00 13.38 98.82 166.34 236.12 284.57 299.40 285.26 241.00 169.32 95.43 3.39 0.00 0.00 0.00 0.00
0.00 0.00 0.00 0.00 0.00 0.00 0.00 0.00 0.00 1.86 8.17 12.99 17.63 21.48 23.22 22.44 19.10 14.53 8.14 0.33 0.00 0.00 0.00 0.00
0.00 0.00 0.00 0.00 0.00 0.00 0.00 0.00 0.00 8.56 50.69 83.40 115.80 134.67 138.25 129.69 108.76 78.80 41.42 0.00 0.00 0.00 0.00 0.00
0.00 0.00 0.00 0.00 0.00 0.00 0.00 0.00 0.00 0.22 1.65 2.77 3.94 4.74 4.99 4.75 4.02 2.82 1.59 0.06 0.00 0.00 0.00 0.00
0.00 0.00 0.00 0.00 0.00 0.00 0.00 0.00 0.00 10.04 74.12 124.75 177.09 213.43 224.55 213.95 180.75 126.99 71.57 2.54 0.00 0.00 0.00 0.00
0.00 0.00 0.00 0.00 0.00 0.00 0.00 0.00 0.00 12.88 95.11 160.10 227.27 273.90 288.17 274.57 231.96 162.97 91.85 3.26 0.00 0.00 0.00 0.00
0.00 0.00 0.00 0.00 0.00 0.00 0.00 0.00 0.00 17.82 165.46 284.13 402.54 492.52 514.51 487.07 411.27 290.34 163.00 6.09 0.00 0.00 0.00 0.00
0.00 0.00 0.00 0.00 0.00 0.00 0.00 0.00 0.00 1.07 3.77 5.78 8.05 9.89 10.60 9.96 8.39 5.95 3.19 0.00 0.00 0.00 0.00 0.00
0.00 0.00 0.00 0.00 0.00 0.00 0.00 0.00 0.00 1.35 4.75 7.28 10.16 12.34 13.11 12.39 10.40 7.37 3.93 0.00 0.00 0.00 0.00 0.00
0.00 0.00 0.00 0.00 0.00 0.00 0.00 0.00 0.00 7.69 33.71 53.59 72.74 88.60 95.79 92.56 78.79 59.95 33.57 1.35 0.00 0.00 0.00 0.00
0.00 0.00 0.00 0.00 0.00 0.00 0.00 0.00 0.00 0.00 97.18 180.17 254.59 337.59 363.60 347.54 297.50 212.80 119.63 4.34 0.00 0.00 0.00 0.00
0.00 0.00 0.00 0.00 0.00 0.00 0.00 0.00 0.00 0.39 1.31 1.99 2.67 3.08 3.21 3.04 2.57 1.83 0.93 0.00 0.00 0.00 0.00 0.00
0.00 0.00 0.00 0.00 0.00 0.00 0.00 0.00 0.00 3.67 25.16 42.09 59.30 71.56 73.75 69.06 58.47 41.75 22.91 0.45 0.00 0.00 0.00 0.00
0.00 0.00 0.00 0.00 0.00 0.00 0.00 0.00 0.00 0.75 8.43 14.72 21.18 26.03 28.24 26.76 22.62 16.50 10.01 1.16 0.00 0.00 0.00 0.00
0.00 0.00 0.00 0.00 0.00 0.00 0.00 0.00 0.00 0.83 2.94 4.48 5.96 6.77 6.78 6.25 4.27 2.99 1.37 0.00 0.00 0.00 0.00 0.00
0.00 0.00 0.00 0.00 0.00 0.00 0.00 0.00 0.00 0.42 1.47 2.24 2.98 3.38 3.39 3.12 2.13 1.49 0.68 0.00 0.00 0.00 0.00 0.00
0.00 0.00 0.00 0.00 0.00 0.00 0.00 0.00 0.00 0.91 3.21 4.90 6.52 7.40 7.42 6.83 4.67 3.27 1.49 0.00 0.00 0.00 0.00 0.00
0.00 0.00 0.00 0.00 0.00 0.00 0.00 0.00 0.00 1.11 3.84 5.84 7.69 9.03 9.18 8.57 6.81 4.78 2.22 0.00 0.00 0.00 0.00 0.00
0.00 0.00 0.00 0.00 0.00 0.00 0.00 0.00 0.00 1.69 5.85 8.89 11.72 13.76 13.98 13.07 10.38 7.29 3.38 0.00 0.00 0.00 0.00 0.00
0.00 0.00 0.00 0.00 0.00 0.00 0.00 0.00 0.00 1.39 5.08 7.79 10.60 12.31 12.38 11.34 8.95 6.31 2.97 0.00 0.00 0.00 0.00 0.00
0.00 0.00 0.00 0.00 0.00 0.00 0.00 0.00 0.00 0.78 3.57 5.79 7.97 7.60 7.75 7.38 7.45 5.33 2.67 0.00 0.00 0.00 0.00 0.00
0.00 0.00 0.00 0.00 0.00 0.00 0.00 0.00 0.00 2.02 9.23 14.97 20.59 19.65 20.02 19.07 19.25 13.77 6.91 0.00 0.00 0.00 0.00 0.00
0.00 0.00 0.00 0.00 0.00 0.00 0.00 0.00 0.00 0.55 2.85 4.62 6.30 7.19 7.31 6.94 5.69 4.11 2.12 0.00 0.00 0.00 0.00 0.00
0.00 0.00 0.00 0.00 0.00 0.00 0.00 0.00 0.00 1.85 5.94 8.94 11.76 13.63 14.05 13.29 11.03 7.83 3.88 0.00 0.00 0.00 0.00 0.00
0.00 0.00 0.00 0.00 0.00 0.00 0.00 0.00 0.00 2.80 9.50 14.43 19.50 23.04 23.68 21.84 18.14 12.89 6.27 0.00 0.00 0.00 0.00 0.00
0.00 0.00 0.00 0.00 0.00 0.00 0.00 0.00 0.00 0.50 1.36 1.99 2.55 3.01 3.05 2.82 2.38 1.66 0.76 0.00 0.00 0.00 0.00 0.00
0.00 0.00 0.00 0.00 0.00 0.00 0.00 0.00 0.00 2.73 7.83 11.58 15.25 17.96 18.11 16.68 13.59 9.58 4.65 0.00 0.00 0.00 0.00 0.00
0.00 0.00 0.00 0.00 0.00 0.00 0.00 0.00 0.00 1.95 5.42 8.05 10.43 12.08 12.22 11.25 9.14 6.36 3.01 0.00 0.00 0.00 0.00 0.00
0.00 0.00 0.00 0.00 0.00 0.00 0.00 0.00 0.00 2.69 7.48 11.11 14.39 16.68 16.87 15.52 12.61 8.77 4.15 0.00 0.00 0.00 0.00 0.00
0.00 0.00 0.00 0.00 0.00 0.00 0.00 0.00 0.00 1.83 5.09 7.56 9.80 11.36 11.49 10.57 8.59 5.98 2.83 0.00 0.00 0.00 0.00 0.00
0.00 0.00 0.00 0.00 0.00 0.00 0.00 0.00 0.00 1.46 4.17 6.18 8.13 9.58 9.66 8.89 7.25 5.11 2.48 0.00 0.00 0.00 0.00 0.00
0.00 0.00 0.00 0.00 0.00 0.00 0.00 0.00 0.00 1.58 4.26 6.31 7.98 9.18 9.42 8.61 7.05 4.92 2.28 0.00 0.00 0.00 0.00 0.00
0.00 0.00 0.00 0.00 0.00 0.00 0.00 0.00 0.00 1.40 4.30 6.44 8.41 9.86 10.33 9.73 8.03 5.66 2.92 0.00 0.00 0.00 0.00 0.00
0.00 0.00 0.00 0.00 0.00 0.00 0.00 0.00 0.00 12.58 41.73 63.61 88.73 103.65 108.61 104.32 88.70 62.71 35.41 1.51 0.00 0.00 0.00 0.00
0.00 0.00 0.00 0.00 0.00 0.00 0.00 0.00 0.00 1.71 6.02 9.24 12.56 14.85 15.55 14.83 12.47 9.00 4.73 0.00 0.00 0.00 0.00 0.00
0.00 0.00 0.00 0.00 0.00 0.00 0.00 0.00 0.00 2.82 9.20 13.89 18.91 22.29 22.87 21.72 18.03 12.86 6.59 0.00 0.00 0.00 0.00 0.00
0.00 0.00 0.00 0.00 0.00 0.00 0.00 0.00 0.00 1.29 4.22 6.37 8.67 10.22 10.48 9.95 8.27 5.89 3.02 0.00 0.00 0.00 0.00 0.00
0.00 0.00 0.00 0.00 0.00 0.00 0.00 0.00 0.00 2.12 7.48 11.48 15.52 18.25 19.05 18.18 15.29 11.10 5.83 0.00 0.00 0.00 0.00 0.00
0.00 0.00 0.00 0.00 0.00 0.00 0.00 0.00 0.00 0.94 3.18 4.83 6.49 7.49 7.79 7.39 6.23 4.43 2.26 0.00 0.00 0.00 0.00 0.00
0.00 0.00 0.00 0.00 0.00 0.00 0.00 0.00 0.00 7.96 34.90 55.49 75.32 91.73 99.18 95.83 81.58 62.07 34.76 1.40 0.00 0.00 0.00 0.00
0.00 0.00 0.00 0.00 0.00 0.00 0.00 0.00 0.00 2.05 12.12 19.94 27.69 32.20 33.06 31.01 26.01 18.84 9.90 0.00 0.00 0.00 0.00 0.00
0.00 0.00 0.00 0.00 0.00 0.00 0.00 0.00 0.00 0.48 2.77 4.55 6.30 7.50 7.67 7.18 5.96 4.30 2.28 0.00 0.00 0.00 0.00 0.00
0.00 0.00 0.00 0.00 0.00 0.00 0.00 0.00 0.00 0.66 3.44 5.60 7.73 9.34 9.72 9.14 7.56 5.40 2.89 0.00 0.00 0.00 0.00 0.00
0.00 0.00 0.00 0.00 0.00 0.00 0.00 0.00 0.00 1.06 5.51 8.96 12.37 14.95 15.56 14.63 12.09 8.65 4.62 0.00 0.00 0.00 0.00 0.00
0.00 0.00 0.00 0.00 0.00 0.00 0.00 0.00 0.00 14.86 126.53 215.29 308.85 380.69 401.95 380.58 323.50 230.35 134.68 9.98 0.00 0.00 0.00 0.00
