0.00 0.00 0.00 0.00 0.00 0.00 0.00 0.00 0.62 1.36 1.98 2.73 3.30 3.02 3.04 2.92 3.51 2.77 1.87 1.02 0.22 0.00 0.00 0.00
0.00 0.00 0.00 0.00 0.00 0.00 0.00 0.00 10.85 21.22 39.19 52.50 63.16 76.28 76.24 71.38 59.49 46.04 29.16 10.23 0.00 0.00 0.00 0.00
0.00 0.00 0.00 0.00 0.00 0.00 0.00 0.00 14.17 31.15 45.19 62.45 75.51 68.94 69.50 66.74 80.34 63.33 42.65 23.30 5.05 0.00 0.00 0.00
0.00 0.00 0.00 0.00 0.00 0.00 0.00 0.00 50.34 110.72 160.61 221.94 268.36 245.02 247.01 237.19 285.51 225.08 151.58 82.79 17.96 0.00 0.00 0.00
0.00 0.00 0.00 0.00 0.00 0.00 0.00 0.31 1.99 3.56 6.96 9.10 10.36 12.26 12.09 11.35 9.85 7.45 4.56 0.81 0.00 0.00 0.00 0.00
0.00 0.00 0.00 0.00 0.00 0.00 0.00 0.00 83.31 194.60 281.57 391.97 475.43 517.59 525.64 496.96 420.61 332.81 230.52 189.79 45.60 0.00 0.00 0.00
0.00 0.00 0.00 0.00 0.00 0.00 0.00 0.10 0.92 1.71 2.38 3.21 3.72 4.19 4.15 3.92 3.85 2.87 1.82 0.62 0.00 0.00 0.00 0.00
0.00 0.00 0.00 0.00 0.00 0.00 0.00 0.01 0.55 1.07 1.95 2.63 3.10 3.55 3.62 3.40 3.03 2.38 1.51 0.28 0.00 0.00 0.00 0.00
0.00 0.00 0.00 0.00 0.00 0.00 0.00 0.01 0.89 1.71 3.11 4.21 4.95 5.68 5.80 5.44 4.84 3.80 2.42 0.44 0.00 0.00 0.00 0.00
0.00 0.00 0.00 0.00 0.00 0.00 0.00 0.01 0.89 1.71 3.11 4.21 4.95 5.68 5.80 5.44 4.84 3.80 2.42 0.44 0.00 0.00 0.00 0.00
0.00 0.00 0.00 0.00 0.00 0.00 0.00 0.00 1.38 2.74 6.02 8.27 10.03 9.38 9.44 9.12 7.63 5.87 3.83 1.94 0.04 0.00 0.00 0.00
0.00 0.00 0.00 0.00 0.00 0.00 0.00 0.00 0.67 1.33 2.67 3.61 4.34 4.57 4.61 4.47 3.66 2.83 1.80 0.87 0.01 0.00 0.00 0.00
0.00 0.00 0.00 0.00 0.00 0.00 0.00 0.00 0.86 1.71 3.44 4.64 5.58 5.88 5.92 5.74 4.70 3.63 2.31 1.12 0.02 0.00 0.00 0.00
0.00 0.00 0.00 0.00 0.00 0.00 0.00 0.00 0.57 1.14 2.29 3.09 3.72 3.92 3.95 3.83 3.13 2.42 1.54 0.75 0.01 0.00 0.00 0.00
0.00 0.00 0.00 0.00 0.00 0.00 0.00 0.00 0.57 1.14 2.29 3.09 3.72 3.92 3.95 3.83 3.13 2.42 1.54 0.75 0.01 0.00 0.00 0.00
0.00 0.00 0.00 0.00 0.00 0.00 0.00 0.00 14.36 30.31 51.91 71.52 87.36 102.76 106.14 101.51 85.51 66.38 42.09 13.15 0.15 0.00 0.00 0.00
0.00 0.00 0.00 0.00 0.00 0.00 0.00 0.00 5.31 10.40 19.49 27.15 32.92 32.23 31.77 30.28 25.40 19.53 12.79 5.90 0.01 0.00 0.00 0.00
0.00 0.00 0.00 0.00 0.00 0.00 0.00 0.00 2.69 5.32 8.52 11.39 13.78 19.20 19.26 18.48 19.05 14.70 9.58 5.08 0.21 0.00 0.00 0.00
0.00 0.00 0.00 0.00 0.00 0.00 0.00 0.00 24.57 57.40 83.05 115.62 140.23 152.67 155.04 146.59 124.07 98.17 68.00 55.98 13.45 0.00 0.00 0.00
0.00 0.00 0.00 0.00 0.00 0.00 0.00 0.00 23.37 54.60 79.00 109.98 133.39 145.22 147.48 139.44 118.01 93.38 64.68 53.25 12.79 0.00 0.00 0.00
0.00 0.00 0.00 0.00 0.00 0.00 0.00 0.00 44.95 105.00 151.93 211.49 256.53 279.27 283.62 268.15 226.95 179.57 124.38 102.41 24.60 0.00 0.00 0.00
0.00 0.00 0.00 0.00 0.00 0.00 0.00 0.00 44.20 103.25 149.39 207.97 252.25 274.62 278.89 263.68 223.17 176.58 122.31 100.70 24.19 0.00 0.00 0.00
0.00 0.00 0.00 0.00 0.00 0.00 0.00 0.00 74.43 163.29 261.58 353.44 418.21 464.54 465.81 441.69 436.51 343.58 234.61 119.47 28.49 0.00 0.00 0.00
0.00 0.00 0.00 0.00 0.00 0.00 0.00 0.01 0.55 1.07 1.95 2.63 3.10 3.55 3.62 3.40 3.03 2.38 1.51 0.28 0.00 0.00 0.00 0.00
0.00 0.00 0.00 0.00 0.00 0.00 0.00 0.04 2.80 5.43 9.86 13.34 15.69 17.99 18.36 17.24 15.33 12.05 7.67 1.40 0.00 0.00 0.00 0.00
0.00 0.00 0.00 0.00 0.00 0.00 0.00 0.22 14.32 27.70 50.35 68.12 80.09 91.86 93.74 88.01 78.27 61.50 39.13 7.13 0.00 0.00 0.00 0.00
0.00 0.00 0.00 0.00 0.00 0.00 0.00 0.00 1.68 3.92 5.67 7.90 9.58 10.43 10.59 10.01 8.47 6.70 4.64 3.82 0.92 0.00 0.00 0.00
0.00 0.00 0.00 0.00 0.00 0.00 0.00 0.00 49.56 108.99 158.11 218.49 264.17 241.21 243.16 233.50 281.06 221.57 149.22 81.50 17.68 0.00 0.00 0.00
0.00 0.00 0.00 0.00 0.00 0.00 0.00 0.00 2.47 5.32 9.56 13.58 17.36 16.04 16.36 15.54 21.67 17.02 11.67 5.36 0.66 0.00 0.00 0.00
0.00 0.00 0.00 0.00 0.00 0.00 0.00 0.00 36.89 74.42 112.22 153.16 177.57 174.68 174.38 165.11 139.65 108.79 72.44 36.94 6.29 0.00 0.00 0.00
0.00 0.00 0.00 0.00 0.00 0.00 0.00 0.00 0.83 1.82 2.64 3.64 4.40 4.02 4.05 3.89 4.68 3.69 2.49 1.36 0.29 0.00 0.00 0.00
0.00 0.00 0.00 0.00 0.00 0.00 0.00 0.00 37.17 81.74 118.58 163.86 198.13 180.90 182.37 175.12 210.80 166.18 111.91 61.13 13.26 0.00 0.00 0.00
0.00 0.00 0.00 0.00 0.00 0.00 0.00 0.00 47.70 104.90 152.18 210.29 254.27 232.16 234.04 224.74 270.52 213.26 143.62 78.45 17.02 0.00 0.00 0.00
0.00 0.00 0.00 0.00 0.00 0.00 0.00 0.00 98.15 215.33 344.96 466.10 551.51 612.62 614.29 582.48 575.65 453.09 309.39 157.55 37.57 0.00 0.00 0.00
0.00 0.00 0.00 0.00 0.00 0.00 0.00 0.00 1.24 2.50 3.58 4.90 5.88 9.35 9.56 9.09 6.63 5.13 3.34 1.43 0.04 0.00 0.00 0.00
0.00 0.00 0.00 0.00 0.00 0.00 0.00 0.00 1.52 3.05 4.52 6.20 7.44 11.59 11.73 11.25 8.02 6.18 4.03 1.86 0.05 0.00 0.00 0.00
0.00 0.00 0.00 0.00 0.00 0.00 0.00 0.00 10.21 21.93 39.44 56.00 71.59 66.17 67.49 64.10 89.37 70.21 48.13 22.11 2.70 0.00 0.00 0.00
0.00 0.00 0.00 0.00 0.00 0.00 0.00 0.00 87.57 195.08 307.42 405.81 492.87 530.01 531.59 503.01 455.74 369.74 260.85 127.69 39.47 0.00 0.00 0.00
0.00 0.00 0.00 0.00 0.00 0.00 0.00 0.01 0.42 0.81 1.26 1.74 2.09 2.50 2.46 2.29 1.81 1.41 0.92 0.39 0.00 0.00 0.00 0.00
0.00 0.00 0.00 0.00 0.00 0.00 0.00 0.00 16.05 34.03 49.23 66.41 79.86 80.02 81.07 76.29 77.13 61.29 40.90 21.49 4.30 0.00 0.00 0.00
0.00 0.00 0.00 0.00 0.00 0.00 0.00 0.00 2.02 5.11 8.68 12.09 14.61 27.90 27.36 25.82 28.44 23.03 16.04 7.97 2.17 0.00 0.00 0.00
0.00 0.00 0.00 0.00 0.00 0.00 0.00 0.17 1.28 2.34 3.45 4.66 5.44 5.60 5.56 5.17 4.74 3.54 2.23 0.93 0.00 0.00 0.00 0.00
0.00 0.00 0.00 0.00 0.00 0.00 0.00 0.08 0.64 1.17 1.73 2.33 2.72 2.80 2.78 2.59 2.37 1.77 1.12 0.47 0.00 0.00 0.00 0.00
0.00 0.00 0.00 0.00 0.00 0.00 0.00 0.18 1.40 2.56 3.78 5.09 5.95 6.13 6.08 5.66 5.19 3.87 2.44 1.02 0.00 0.00 0.00 0.00
0.00 0.00 0.00 0.00 0.00 0.00 0.00 0.16 1.30 2.40 2.80 3.81 4.51 4.88 4.82 4.50 4.82 3.55 2.25 0.72 0.00 0.00 0.00 0.00
0.00 0.00 0.00 0.00 0.00 0.00 0.00 0.24 1.98 3.65 4.26 5.81 6.87 7.43 7.34 6.86 7.34 5.41 3.43 1.09 0.00 0.00 0.00 0.00
0.00 0.00 0.00 0.00 0.00 0.00 0.00 0.16 1.62 3.01 4.02 5.42 6.37 7.09 7.07 6.58 7.20 5.42 3.45 1.64 0.00 0.00 0.00 0.00
0.00 0.00 0.00 0.00 0.00 0.00 0.00 0.03 2.62 5.09 7.82 10.42 12.44 12.46 12.19 11.44 9.41 7.33 4.77 2.47 0.34 0.00 0.00 0.00
0.00 0.00 0.00 0.00 0.00 0.00 0.00 0.07 6.78 13.16 20.20 26.92 32.14 32.20 31.49 29.55 24.32 18.93 12.31 6.39 0.87 0.00 0.00 0.00
0.00 0.00 0.00 0.00 0.00 0.00 0.00 0.00 1.67 3.31 5.06 6.90 8.22 8.08 7.98 7.54 6.67 5.11 3.33 1.86 0.26 0.00 0.00 0.00
0.00 0.00 0.00 0.00 0.00 0.00 0.00 0.14 2.34 4.41 5.78 7.78 9.33 10.03 9.89 9.22 7.75 6.06 3.90 1.47 0.00 0.00 0.00 0.00
0.00 0.00 0.00 0.00 0.00 0.00 0.00 0.26 3.34 6.31 5.17 6.93 8.20 8.59 8.55 8.07 12.59 9.60 5.96 2.89 0.00 0.00 0.00 0.00
0.00 0.00 0.00 0.00 0.00 0.00 0.00 0.13 0.84 1.50 2.27 2.99 3.43 2.83 2.78 2.66 2.66 2.00 1.25 0.36 0.00 0.00 0.00 0.00
0.00 0.00 0.00 0.00 0.00 0.00 0.00 0.35 3.62 6.68 11.67 15.26 17.89 16.36 16.24 15.31 16.31 12.43 7.87 1.95 0.00 0.00 0.00 0.00
0.00 0.00 0.00 0.00 0.00 0.00 0.00 0.33 2.59 4.70 7.65 10.01 11.44 13.36 13.46 12.82 10.33 7.84 4.88 1.63 0.00 0.00 0.00 0.00
0.00 0.00 0.00 0.00 0.00 0.00 0.00 0.45 3.57 6.49 10.55 13.81 15.79 18.44 18.57 17.69 14.26 10.82 6.74 2.25 0.00 0.00 0.00 0.00
0.00 0.00 0.00 0.00 0.00 0.00 0.00 0.31 2.43 4.42 7.19 9.41 10.76 12.56 12.65 12.05 9.71 7.37 4.59 1.54 0.00 0.00 0.00 0.00
0.00 0.00 0.00 0.00 0.00 0.00 0.00 0.19 1.93 3.56 6.22 8.14 9.54 8.73 8.66 8.17 8.70 6.63 4.20 1.04 0.00 0.00 0.00 0.00
0.00 0.00 0.00 0.00 0.00 0.00 0.00 0.26 1.78 3.20 5.97 7.80 8.80 10.98 10.74 10.06 8.78 6.67 4.11 0.85 0.00 0.00 0.00 0.00
0.00 0.00 0.00 0.00 0.00 0.00 0.00 0.02 1.59 3.07 5.58 7.55 8.88 10.18 10.39 9.75 8.67 6.82 4.34 0.79 0.00 0.00 0.00 0.00
0.00 0.00 0.00 0.00 0.00 0.00 0.00 0.00 18.69 39.46 67.56 93.08 113.71 133.75 138.14 132.12 111.29 86.40 54.79 17.12 0.20 0.00 0.00 0.00
0.00 0.00 0.00 0.00 0.00 0.00 0.00 0.00 1.56 3.10 6.82 9.37 11.37 10.63 10.70 10.33 8.64 6.65 4.35 2.20 0.04 0.00 0.00 0.00
0.00 0.00 0.00 0.00 0.00 0.00 0.00 0.06 3.09 5.98 7.66 10.36 12.55 16.26 15.96 15.01 12.42 9.71 6.35 2.32 0.00 0.00 0.00 0.00
0.00 0.00 0.00 0.00 0.00 0.00 0.00 0.03 1.42 2.74 3.51 4.75 5.75 7.45 7.31 6.88 5.69 4.45 2.91 1.07 0.00 0.00 0.00 0.00
0.00 0.00 0.00 0.00 0.00 0.00 0.00 0.00 1.90 3.76 8.64 11.98 14.55 13.25 13.30 12.78 10.66 8.20 5.42 2.87 0.06 0.00 0.00 0.00
0.00 0.00 0.00 0.00 0.00 0.00 0.00 0.02 1.02 1.98 3.06 4.22 5.08 6.07 5.98 5.55 4.40 3.43 2.24 0.94 0.00 0.00 0.00 0.00
0.00 0.00 0.00 0.00 0.00 0.00 0.00 0.00 10.57 22.70 40.84 57.98 74.12 68.50 69.87 66.37 92.53 72.70 49.83 22.89 2.80 0.00 0.00 0.00
0.00 0.00 0.00 0.00 0.00 0.00 0.00 0.00 8.82 17.80 26.84 36.62 42.46 41.77 41.70 39.48 33.39 26.02 17.32 8.83 1.50 0.00 0.00 0.00
0.00 0.00 0.00 0.00 0.00 0.00 0.00 0.00 1.49 3.04 4.61 6.34 7.46 6.86 7.01 6.61 6.82 5.36 3.59 2.04 0.34 0.00 0.00 0.00
0.00 0.00 0.00 0.00 0.00 0.00 0.00 0.00 1.59 3.27 5.03 6.89 8.31 7.57 7.63 7.22 6.15 4.76 3.16 1.82 0.27 0.00 0.00 0.00
0.00 0.00 0.00 0.00 0.00 0.00 0.00 0.00 2.54 5.23 8.05 11.02 13.30 12.11 12.20 11.55 9.85 7.62 5.05 2.91 0.44 0.00 0.00 0.00
0.00 0.00 0.00 0.00 0.00 0.00 0.00 0.00 45.70 106.75 154.46 215.02 260.80 283.93 288.35 272.61 230.73 182.57 126.46 104.11 25.01 0.00 0.00 0.00
