0.00 0.00 0.00 0.00 0.00 0.00 0.00 0.05 1.01 1.93 3.05 3.99 4.64 5.09 5.25 5.06 4.60 3.79 2.72 1.57 0.69 0.00 0.00 0.00
0.00 0.00 0.00 0.00 0.00 0.00 0.00 3.00 20.04 36.21 50.86 65.90 76.33 82.66 84.16 80.16 70.46 55.72 37.75 18.16 4.83 0.00 0.00 0.00
0.00 0.00 0.00 0.00 0.00 0.00 0.00 1.25 22.98 44.11 69.68 91.20 106.09 116.39 120.01 115.69 105.11 86.76 62.24 35.98 15.87 0.00 0.00 0.00
0.00 0.00 0.00 0.00 0.00 0.00 0.00 4.43 81.68 156.78 247.65 324.10 377.02 413.65 426.49 411.15 373.57 308.34 221.20 127.87 56.40 0.00 0.00 0.00
0.00 0.00 0.00 0.00 0.00 0.00 0.00 1.13 3.98 6.65 8.49 10.65 12.09 13.17 13.22 12.47 11.59 9.05 5.95 2.79 0.59 0.00 0.00 0.00
0.00 0.00 0.00 0.00 0.00 0.00 0.00 0.00 165.68 332.33 525.65 692.30 808.92 894.51 924.25 912.36 854.05 706.25 516.38 304.10 136.44 0.00 0.00 0.00
0.00 0.00 0.00 0.00 0.00 0.00 0.00 0.71 2.57 4.34 6.36 8.00 9.16 9.61 9.59 9.18 8.39 6.75 4.67 2.32 0.79 0.00 0.00 0.00
0.00 0.00 0.00 0.00 0.00 0.00 0.00 0.22 1.21 2.14 3.09 4.03 4.66 4.76 4.79 4.54 4.08 3.29 2.23 1.20 0.34 0.00 0.00 0.00
0.00 0.00 0.00 0.00 0.00 0.00 0.00 0.34 1.93 3.42 4.95 6.45 7.46 7.61 7.67 7.26 6.53 5.27 3.57 1.92 0.55 0.00 0.00 0.00
0.00 0.00 0.00 0.00 0.00 0.00 0.00 0.34 1.93 3.42 4.95 6.45 7.46 7.61 7.67 7.26 6.53 5.27 3.57 1.92 0.55 0.00 0.00 0.00
0.00 0.00 0.00 0.00 0.00 0.00 0.00 0.72 4.54 8.16 12.66 16.81 19.51 21.35 21.54 20.42 18.32 14.52 9.92 5.08 1.68 0.00 0.00 0.00
0.00 0.00 0.00 0.00 0.00 0.00 0.00 0.33 2.12 3.82 5.98 7.87 9.13 10.09 10.24 9.71 8.70 6.91 4.69 2.37 0.78 0.00 0.00 0.00
0.00 0.00 0.00 0.00 0.00 0.00 0.00 0.43 2.73 4.91 7.68 10.12 11.74 12.97 13.17 12.48 11.19 8.88 6.03 3.05 1.00 0.00 0.00 0.00
0.00 0.00 0.00 0.00 0.00 0.00 0.00 0.29 1.82 3.27 5.12 6.75 7.83 8.64 8.78 8.32 7.46 5.92 4.02 2.03 0.67 0.00 0.00 0.00
0.00 0.00 0.00 0.00 0.00 0.00 0.00 0.29 1.82 3.27 5.12 6.75 7.83 8.64 8.78 8.32 7.46 5.92 4.02 2.03 0.67 0.00 0.00 0.00
0.00 0.00 0.00 0.00 0.00 0.00 0.00 0.49 22.03 42.58 66.89 86.81 100.87 113.30 114.98 109.55 101.46 79.15 54.79 27.19 8.38 0.00 0.00 0.00
0.00 0.00 0.00 0.00 0.00 0.00 0.00 2.53 14.18 25.20 38.91 51.23 60.06 64.70 64.09 59.88 54.35 43.16 29.59 14.84 4.86 0.00 0.00 0.00
0.00 0.00 0.00 0.00 0.00 0.00 0.00 2.24 12.55 22.33 32.93 42.87 50.22 54.04 53.61 49.81 45.81 36.61 25.03 13.03 4.52 0.00 0.00 0.00
0.00 0.00 0.00 0.00 0.00 0.00 0.00 0.00 48.87 98.02 155.05 204.20 238.60 263.85 272.62 269.11 251.91 208.32 152.31 89.70 40.25 0.00 0.00 0.00
0.00 0.00 0.00 0.00 0.00 0.00 0.00 0.00 46.48 93.24 147.48 194.24 226.96 250.98 259.32 255.99 239.62 198.16 144.88 85.32 38.28 0.00 0.00 0.00
0.00 0.00 0.00 0.00 0.00 0.00 0.00 0.00 89.39 179.31 283.62 373.54 436.47 482.65 498.70 492.28 460.82 381.07 278.62 164.08 73.62 0.00 0.00 0.00
0.00 0.00 0.00 0.00 0.00 0.00 0.00 0.00 87.90 176.33 278.90 367.32 429.19 474.60 490.39 484.08 453.14 374.72 273.98 161.35 72.39 0.00 0.00 0.00
0.00 0.00 0.00 0.00 0.00 0.00 0.00 7.05 106.43 202.77 317.79 419.86 494.11 532.53 548.13 531.25 485.08 399.50 290.00 165.89 75.59 0.00 0.00 0.00
0.00 0.00 0.00 0.00 0.00 0.00 0.00 0.22 1.21 2.14 3.09 4.03 4.66 4.76 4.79 4.54 4.08 3.29 2.23 1.20 0.34 0.00 0.00 0.00
0.00 0.00 0.00 0.00 0.00 0.00 0.00 1.09 6.11 10.83 15.68 20.43 23.62 24.09 24.29 23.00 20.68 16.68 11.29 6.09 1.73 0.00 0.00 0.00
0.00 0.00 0.00 0.00 0.00 0.00 0.00 5.56 31.21 55.29 80.05 104.30 120.60 123.01 123.99 117.42 105.56 85.14 57.66 31.10 8.82 0.00 0.00 0.00
0.00 0.00 0.00 0.00 0.00 0.00 0.00 0.00 3.34 6.69 10.59 13.95 16.29 18.02 18.62 18.38 17.20 14.23 10.40 6.13 2.75 0.00 0.00 0.00
0.00 0.00 0.00 0.00 0.00 0.00 0.00 4.36 80.41 154.33 243.79 319.05 371.15 407.20 419.85 404.74 367.74 303.54 217.75 125.87 55.52 0.00 0.00 0.00
0.00 0.00 0.00 0.00 0.00 0.00 0.00 0.33 6.13 11.71 18.50 25.29 30.37 33.23 33.29 31.71 28.98 23.46 16.28 9.74 3.70 0.00 0.00 0.00
0.00 0.00 0.00 0.00 0.00 0.00 0.00 7.84 45.80 82.21 127.66 165.85 192.78 203.35 206.26 194.51 178.29 146.76 105.29 58.44 24.76 0.00 0.00 0.00
0.00 0.00 0.00 0.00 0.00 0.00 0.00 0.07 1.34 2.57 4.06 5.32 6.19 6.79 7.00 6.75 6.13 5.06 3.63 2.10 0.93 0.00 0.00 0.00
0.00 0.00 0.00 0.00 0.00 0.00 0.00 3.27 60.31 115.75 182.84 239.29 278.36 305.40 314.88 303.55 275.81 227.65 163.31 94.40 41.64 0.00 0.00 0.00
0.00 0.00 0.00 0.00 0.00 0.00 0.00 4.20 77.39 148.54 234.65 307.09 357.23 391.93 404.10 389.56 353.95 292.15 209.58 121.15 53.44 0.00 0.00 0.00
0.00 0.00 0.00 0.00 0.00 0.00 0.00 9.29 140.35 267.41 419.09 553.69 651.61 702.28 722.84 700.59 639.70 526.84 382.44 218.77 99.69 0.00 0.00 0.00
0.00 0.00 0.00 0.00 0.00 0.00 0.00 0.42 3.21 5.87 9.32 12.21 14.39 15.82 15.91 14.82 13.62 10.89 7.45 3.87 1.28 0.00 0.00 0.00
0.00 0.00 0.00 0.00 0.00 0.00 0.00 0.55 4.04 7.35 11.73 15.42 17.97 19.81 19.94 18.71 17.01 13.57 9.34 4.82 1.60 0.00 0.00 0.00
0.00 0.00 0.00 0.00 0.00 0.00 0.00 1.38 25.30 48.29 76.33 104.31 125.28 137.06 137.32 130.79 119.56 96.79 67.14 40.17 15.26 0.00 0.00 0.00
0.00 0.00 0.00 0.00 0.00 0.00 0.00 8.17 105.09 199.52 304.63 410.35 493.07 543.20 556.08 532.37 486.53 403.09 291.88 175.29 88.16 0.00 0.00 0.00
0.00 0.00 0.00 0.00 0.00 0.00 0.00 0.23 1.16 2.05 3.07 4.03 4.70 5.13 5.10 4.72 4.25 3.38 2.32 1.13 0.36 0.00 0.00 0.00
0.00 0.00 0.00 0.00 0.00 0.00 0.00 2.25 21.60 40.34 62.54 82.29 95.25 101.96 103.84 99.14 91.27 75.39 53.71 30.51 13.27 0.00 0.00 0.00
0.00 0.00 0.00 0.00 0.00 0.00 0.00 0.00 5.39 11.45 18.25 24.72 29.31 32.00 32.78 31.72 26.85 22.23 16.25 10.72 4.97 0.00 0.00 0.00
0.00 0.00 0.00 0.00 0.00 0.00 0.00 0.87 2.98 4.98 7.28 9.22 10.43 11.09 10.95 10.43 9.48 7.51 5.24 2.57 0.86 0.00 0.00 0.00
0.00 0.00 0.00 0.00 0.00 0.00 0.00 0.43 1.49 2.49 3.64 4.61 5.22 5.55 5.47 5.21 4.74 3.75 2.62 1.29 0.43 0.00 0.00 0.00
0.00 0.00 0.00 0.00 0.00 0.00 0.00 0.95 3.26 5.45 7.96 10.09 11.41 12.13 11.97 11.40 10.36 8.21 5.73 2.81 0.94 0.00 0.00 0.00
0.00 0.00 0.00 0.00 0.00 0.00 0.00 1.12 3.98 6.68 9.67 12.27 13.98 14.65 14.39 13.71 12.48 10.02 6.91 3.35 1.10 0.00 0.00 0.00
0.00 0.00 0.00 0.00 0.00 0.00 0.00 1.71 6.07 10.17 14.74 18.70 21.31 22.32 21.93 20.89 19.01 15.27 10.53 5.10 1.68 0.00 0.00 0.00
0.00 0.00 0.00 0.00 0.00 0.00 0.00 1.43 5.28 8.92 13.04 16.27 18.69 19.65 19.68 18.67 17.01 13.50 9.45 4.76 1.63 0.00 0.00 0.00
0.00 0.00 0.00 0.00 0.00 0.00 0.00 0.86 3.86 6.72 10.18 13.38 15.56 16.47 16.45 15.71 14.29 11.54 8.17 4.61 1.89 0.00 0.00 0.00
0.00 0.00 0.00 0.00 0.00 0.00 0.00 2.22 9.97 17.36 26.30 34.56 40.19 42.55 42.51 40.60 36.91 29.80 21.11 11.91 4.88 0.00 0.00 0.00
0.00 0.00 0.00 0.00 0.00 0.00 0.00 0.49 2.59 4.59 7.08 9.20 10.69 11.27 11.18 10.55 9.70 7.82 5.56 3.17 1.29 0.00 0.00 0.00
0.00 0.00 0.00 0.00 0.00 0.00 0.00 1.18 5.24 9.06 13.66 17.70 20.33 22.26 22.14 20.69 18.74 15.11 10.39 4.48 1.37 0.00 0.00 0.00
0.00 0.00 0.00 0.00 0.00 0.00 0.00 2.30 9.38 16.07 23.67 30.30 34.75 36.82 37.17 34.78 31.67 25.01 17.06 8.24 2.66 0.00 0.00 0.00
0.00 0.00 0.00 0.00 0.00 0.00 0.00 0.37 1.29 2.15 2.97 3.70 4.13 4.07 4.04 3.75 3.32 2.62 1.78 0.95 0.22 0.00 0.00 0.00
0.00 0.00 0.00 0.00 0.00 0.00 0.00 1.64 6.80 11.61 16.30 20.71 23.37 22.33 22.08 20.84 18.02 14.53 9.95 5.58 1.40 0.00 0.00 0.00
0.00 0.00 0.00 0.00 0.00 0.00 0.00 1.25 4.74 8.00 11.17 14.04 15.71 15.71 15.40 14.83 12.78 10.22 6.95 3.68 0.87 0.00 0.00 0.00
0.00 0.00 0.00 0.00 0.00 0.00 0.00 1.72 6.54 11.04 15.42 19.37 21.68 21.68 21.25 20.47 17.64 14.10 9.59 5.08 1.20 0.00 0.00 0.00
0.00 0.00 0.00 0.00 0.00 0.00 0.00 1.17 4.45 7.52 10.50 13.19 14.77 14.77 14.48 13.94 12.01 9.60 6.53 3.46 0.82 0.00 0.00 0.00
0.00 0.00 0.00 0.00 0.00 0.00 0.00 0.88 3.63 6.19 8.70 11.05 12.46 11.91 11.78 11.11 9.61 7.75 5.31 2.97 0.75 0.00 0.00 0.00
0.00 0.00 0.00 0.00 0.00 0.00 0.00 0.97 3.51 5.90 8.21 10.30 11.64 12.93 13.03 12.41 11.25 8.86 5.84 2.63 0.57 0.00 0.00 0.00
0.00 0.00 0.00 0.00 0.00 0.00 0.00 0.62 3.46 6.13 8.87 11.56 13.37 13.63 13.74 13.01 11.70 9.44 6.39 3.45 0.98 0.00 0.00 0.00
0.00 0.00 0.00 0.00 0.00 0.00 0.00 0.64 28.67 55.43 87.07 112.99 131.29 147.47 149.66 142.58 132.06 103.02 71.31 35.39 10.91 0.00 0.00 0.00
0.00 0.00 0.00 0.00 0.00 0.00 0.00 0.81 5.14 9.25 14.35 19.06 22.11 24.20 24.41 23.14 20.76 16.46 11.25 5.76 1.91 0.00 0.00 0.00
0.00 0.00 0.00 0.00 0.00 0.00 0.00 1.52 7.98 14.06 21.22 27.65 32.28 35.96 35.69 33.44 30.12 23.62 16.12 7.70 2.40 0.00 0.00 0.00
0.00 0.00 0.00 0.00 0.00 0.00 0.00 0.70 3.66 6.44 9.73 12.67 14.79 16.48 16.36 15.33 13.80 10.83 7.39 3.53 1.10 0.00 0.00 0.00
0.00 0.00 0.00 0.00 0.00 0.00 0.00 1.04 6.46 11.61 17.82 23.63 27.49 29.85 30.05 28.41 25.53 20.26 13.83 7.10 2.36 0.00 0.00 0.00
0.00 0.00 0.00 0.00 0.00 0.00 0.00 0.56 2.83 4.97 7.45 9.78 11.41 12.46 12.38 11.46 10.33 8.20 5.63 2.74 0.88 0.00 0.00 0.00
0.00 0.00 0.00 0.00 0.00 0.00 0.00 1.42 26.20 50.00 79.02 108.00 129.71 141.90 142.18 135.41 123.78 100.21 69.51 41.59 15.80 0.00 0.00 0.00
0.00 0.00 0.00 0.00 0.00 0.00 0.00 1.88 10.95 19.66 30.53 39.66 46.10 48.63 49.32 46.51 42.63 35.09 25.18 13.97 5.92 0.00 0.00 0.00
0.00 0.00 0.00 0.00 0.00 0.00 0.00 0.39 2.47 4.47 6.92 8.97 10.44 11.06 11.15 10.51 9.46 7.67 5.50 3.24 1.36 0.00 0.00 0.00
0.00 0.00 0.00 0.00 0.00 0.00 0.00 0.46 3.19 5.81 8.74 11.33 13.06 13.78 13.79 13.15 12.05 9.92 7.14 4.26 1.75 0.00 0.00 0.00
0.00 0.00 0.00 0.00 0.00 0.00 0.00 0.74 5.10 9.30 13.98 18.12 20.90 22.05 22.06 21.04 19.28 15.88 11.43 6.81 2.79 0.00 0.00 0.00
0.00 0.00 0.00 0.00 0.00 0.00 0.00 0.00 90.88 182.30 288.35 379.77 443.74 490.69 507.01 500.49 468.50 387.42 283.27 166.82 74.85 0.00 0.00 0.00
