0.00 0.00 0.00 0.00 0.00 0.00 0.00 0.00 0.00 0.23 1.36 2.23 2.98 3.33 3.45 3.11 2.44 1.68 0.72 0.00 0.00 0.00 0.00 0.00
0.00 0.00 0.00 0.00 0.00 0.00 0.00 0.00 0.00 10.70 28.93 43.20 53.95 58.16 60.07 53.42 39.80 26.48 10.11 0.00 0.00 0.00 0.00 0.00
0.00 0.00 0.00 0.00 0.00 0.00 0.00 0.00 0.00 5.17 31.11 50.99 68.04 76.12 78.85 71.22 55.81 38.49 16.40 0.00 0.00 0.00 0.00 0.00
0.00 0.00 0.00 0.00 0.00 0.00 0.00 0.00 0.00 18.36 110.56 181.23 241.79 270.52 280.22 253.11 198.33 136.78 58.30 0.00 0.00 0.00 0.00 0.00
0.00 0.00 0.00 0.00 0.00 0.00 0.00 0.00 0.00 2.04 5.16 7.56 9.22 9.94 9.85 8.50 6.55 4.09 1.09 0.00 0.00 0.00 0.00 0.00
0.00 0.00 0.00 0.00 0.00 0.00 0.00 0.00 0.00 36.90 242.17 401.10 536.64 601.32 631.46 582.61 453.93 312.90 144.12 0.00 0.00 0.00 0.00 0.00
0.00 0.00 0.00 0.00 0.00 0.00 0.00 0.00 0.00 0.83 2.81 4.22 5.34 5.94 5.92 5.25 3.97 2.49 0.66 0.00 0.00 0.00 0.00 0.00
0.00 0.00 0.00 0.00 0.00 0.00 0.00 0.00 0.00 0.62 1.74 2.59 3.23 3.45 3.51 3.12 2.43 1.61 0.58 0.00 0.00 0.00 0.00 0.00
0.00 0.00 0.00 0.00 0.00 0.00 0.00 0.00 0.00 0.99 2.78 4.15 5.17 5.53 5.62 5.00 3.89 2.57 0.93 0.00 0.00 0.00 0.00 0.00
0.00 0.00 0.00 0.00 0.00 0.00 0.00 0.00 0.00 0.99 2.78 4.15 5.17 5.53 5.62 5.00 3.89 2.57 0.93 0.00 0.00 0.00 0.00 0.00
0.00 0.00 0.00 0.00 0.00 0.00 0.00 0.00 0.00 1.96 6.22 9.29 11.97 12.86 13.00 11.61 9.32 6.21 2.33 0.00 0.00 0.00 0.00 0.00
0.00 0.00 0.00 0.00 0.00 0.00 0.00 0.00 0.00 0.95 2.96 4.40 5.66 6.14 6.23 5.56 4.32 2.88 1.08 0.00 0.00 0.00 0.00 0.00
0.00 0.00 0.00 0.00 0.00 0.00 0.00 0.00 0.00 1.22 3.80 5.66 7.28 7.90 8.00 7.15 5.55 3.70 1.39 0.00 0.00 0.00 0.00 0.00
0.00 0.00 0.00 0.00 0.00 0.00 0.00 0.00 0.00 0.81 2.54 3.78 4.85 5.27 5.34 4.77 3.70 2.47 0.93 0.00 0.00 0.00 0.00 0.00
0.00 0.00 0.00 0.00 0.00 0.00 0.00 0.00 0.00 0.81 2.54 3.78 4.85 5.27 5.34 4.77 3.70 2.47 0.93 0.00 0.00 0.00 0.00 0.00
0.00 0.00 0.00 0.00 0.00 0.00 0.00 0.00 0.00 11.54 33.42 51.24 66.10 69.97 73.85 66.49 41.21 27.18 12.08 0.00 0.00 0.00 0.00 0.00
0.00 0.00 0.00 0.00 0.00 0.00 0.00 0.00 0.00 5.91 18.63 27.77 36.24 39.95 39.98 35.16 27.85 18.41 6.63 0.00 0.00 0.00 0.00 0.00
0.00 0.00 0.00 0.00 0.00 0.00 0.00 0.00 0.00 4.57 15.29 23.03 29.07 32.25 32.95 28.84 23.14 15.32 5.51 0.00 0.00 0.00 0.00 0.00
0.00 0.00 0.00 0.00 0.00 0.00 0.00 0.00 0.00 10.88 71.43 118.31 158.29 177.37 186.26 171.85 133.89 92.30 42.51 0.00 0.00 0.00 0.00 0.00
0.00 0.00 0.00 0.00 0.00 0.00 0.00 0.00 0.00 10.35 67.95 112.54 150.57 168.72 177.17 163.47 127.36 87.79 40.44 0.00 0.00 0.00 0.00 0.00
0.00 0.00 0.00 0.00 0.00 0.00 0.00 0.00 0.00 19.91 130.67 216.42 289.55 324.46 340.71 314.36 244.93 168.83 77.76 0.00 0.00 0.00 0.00 0.00
0.00 0.00 0.00 0.00 0.00 0.00 0.00 0.00 0.00 19.58 128.49 212.81 284.73 319.05 335.04 309.12 240.85 166.02 76.47 0.00 0.00 0.00 0.00 0.00
0.00 0.00 0.00 0.00 0.00 0.00 0.00 0.00 0.00 18.73 137.91 230.71 311.28 347.55 363.88 327.19 256.28 176.11 73.84 0.00 0.00 0.00 0.00 0.00
0.00 0.00 0.00 0.00 0.00 0.00 0.00 0.00 0.00 0.62 1.74 2.59 3.23 3.45 3.51 3.12 2.43 1.61 0.58 0.00 0.00 0.00 0.00 0.00
0.00 0.00 0.00 0.00 0.00 0.00 0.00 0.00 0.00 3.14 8.80 13.13 16.37 17.50 17.81 15.83 12.32 8.15 2.96 0.00 0.00 0.00 0.00 0.00
0.00 0.00 0.00 0.00 0.00 0.00 0.00 0.00 0.00 16.05 44.92 67.04 83.58 89.32 90.91 80.80 62.89 41.58 15.11 0.00 0.00 0.00 0.00 0.00
0.00 0.00 0.00 0.00 0.00 0.00 0.00 0.00 0.00 0.74 4.88 8.08 10.81 12.11 12.72 11.74 9.14 6.30 2.90 0.00 0.00 0.00 0.00 0.00
0.00 0.00 0.00 0.00 0.00 0.00 0.00 0.00 0.00 18.07 108.84 178.41 238.03 266.31 275.85 249.17 195.24 134.65 57.39 0.00 0.00 0.00 0.00 0.00
0.00 0.00 0.00 0.00 0.00 0.00 0.00 0.00 0.00 2.43 9.11 14.10 18.14 19.93 20.89 18.87 15.64 10.74 4.60 0.00 0.00 0.00 0.00 0.00
0.00 0.00 0.00 0.00 0.00 0.00 0.00 0.00 0.00 10.55 55.37 88.96 117.09 129.68 131.79 118.84 89.86 59.68 21.40 0.00 0.00 0.00 0.00 0.00
0.00 0.00 0.00 0.00 0.00 0.00 0.00 0.00 0.00 0.30 1.81 2.97 3.97 4.44 4.60 4.15 3.25 2.24 0.96 0.00 0.00 0.00 0.00 0.00
0.00 0.00 0.00 0.00 0.00 0.00 0.00 0.00 0.00 13.55 81.63 133.81 178.52 199.73 206.89 186.88 146.43 100.98 43.04 0.00 0.00 0.00 0.00 0.00
0.00 0.00 0.00 0.00 0.00 0.00 0.00 0.00 0.00 17.39 104.76 171.72 229.10 256.32 265.50 239.82 187.92 129.60 55.24 0.00 0.00 0.00 0.00 0.00
0.00 0.00 0.00 0.00 0.00 0.00 0.00 0.00 0.00 24.70 181.86 304.25 410.51 458.33 479.86 431.48 337.97 232.25 97.37 0.00 0.00 0.00 0.00 0.00
0.00 0.00 0.00 0.00 0.00 0.00 0.00 0.00 0.00 1.46 4.61 6.87 8.81 9.62 9.91 8.97 6.83 4.60 1.81 0.00 0.00 0.00 0.00 0.00
0.00 0.00 0.00 0.00 0.00 0.00 0.00 0.00 0.00 1.82 5.71 8.52 10.93 11.96 12.40 11.16 8.53 5.73 2.23 0.00 0.00 0.00 0.00 0.00
0.00 0.00 0.00 0.00 0.00 0.00 0.00 0.00 0.00 10.02 37.58 58.17 74.85 82.22 86.19 77.85 64.50 44.30 18.99 0.00 0.00 0.00 0.00 0.00
0.00 0.00 0.00 0.00 0.00 0.00 0.00 0.00 0.00 0.73 112.35 203.86 281.89 325.68 335.74 300.92 240.38 164.96 67.61 0.00 0.00 0.00 0.00 0.00
0.00 0.00 0.00 0.00 0.00 0.00 0.00 0.00 0.00 0.47 1.47 2.18 2.79 3.07 3.12 2.74 2.13 1.40 0.49 0.00 0.00 0.00 0.00 0.00
0.00 0.00 0.00 0.00 0.00 0.00 0.00 0.00 0.00 4.61 26.69 43.49 58.34 65.70 67.55 60.61 46.63 31.67 12.69 0.00 0.00 0.00 0.00 0.00
0.00 0.00 0.00 0.00 0.00 0.00 0.00 0.00 0.00 1.11 8.33 14.09 19.24 21.61 22.83 21.32 16.65 11.40 5.66 0.00 0.00 0.00 0.00 0.00
0.00 0.00 0.00 0.00 0.00 0.00 0.00 0.00 0.00 1.00 3.33 4.96 6.20 6.87 6.91 5.96 4.64 2.88 0.71 0.00 0.00 0.00 0.00 0.00
0.00 0.00 0.00 0.00 0.00 0.00 0.00 0.00 0.00 0.50 1.66 2.48 3.10 3.43 3.46 2.98 2.32 1.44 0.35 0.00 0.00 0.00 0.00 0.00
0.00 0.00 0.00 0.00 0.00 0.00 0.00 0.00 0.00 1.10 3.64 5.43 6.78 7.51 7.56 6.52 5.07 3.15 0.77 0.00 0.00 0.00 0.00 0.00
0.00 0.00 0.00 0.00 0.00 0.00 0.00 0.00 0.00 1.33 4.33 6.44 8.07 9.00 9.09 7.95 6.14 3.84 0.99 0.00 0.00 0.00 0.00 0.00
0.00 0.00 0.00 0.00 0.00 0.00 0.00 0.00 0.00 2.03 6.60 9.81 12.30 13.71 13.85 12.11 9.36 5.85 1.51 0.00 0.00 0.00 0.00 0.00
0.00 0.00 0.00 0.00 0.00 0.00 0.00 0.00 0.00 1.67 5.69 8.53 10.83 12.22 12.17 10.88 8.20 5.16 1.40 0.00 0.00 0.00 0.00 0.00
0.00 0.00 0.00 0.00 0.00 0.00 0.00 0.00 0.00 0.94 4.43 7.02 9.13 10.40 10.41 9.25 6.90 4.48 1.42 0.00 0.00 0.00 0.00 0.00
0.00 0.00 0.00 0.00 0.00 0.00 0.00 0.00 0.00 2.42 11.44 18.13 23.57 26.87 26.90 23.89 17.82 11.57 3.66 0.00 0.00 0.00 0.00 0.00
0.00 0.00 0.00 0.00 0.00 0.00 0.00 0.00 0.00 0.63 2.95 4.66 6.23 7.03 7.16 6.27 4.87 3.20 1.10 0.00 0.00 0.00 0.00 0.00
0.00 0.00 0.00 0.00 0.00 0.00 0.00 0.00 0.00 2.25 6.67 9.79 12.27 13.35 13.74 11.87 9.32 6.03 1.95 0.00 0.00 0.00 0.00 0.00
0.00 0.00 0.00 0.00 0.00 0.00 0.00 0.00 0.00 3.39 10.67 15.84 19.97 22.17 22.33 19.85 15.34 9.82 2.96 0.00 0.00 0.00 0.00 0.00
0.00 0.00 0.00 0.00 0.00 0.00 0.00 0.00 0.00 0.63 1.62 2.35 2.83 2.99 3.04 2.65 2.06 1.29 0.34 0.00 0.00 0.00 0.00 0.00
0.00 0.00 0.00 0.00 0.00 0.00 0.00 0.00 0.00 3.41 9.10 13.46 16.35 17.32 17.68 15.67 11.97 7.68 2.39 0.00 0.00 0.00 0.00 0.00
0.00 0.00 0.00 0.00 0.00 0.00 0.00 0.00 0.00 2.27 5.94 8.83 10.83 11.61 11.73 10.34 7.85 4.97 1.44 0.00 0.00 0.00 0.00 0.00
0.00 0.00 0.00 0.00 0.00 0.00 0.00 0.00 0.00 3.13 8.19 12.19 14.95 16.03 16.19 14.27 10.83 6.86 1.98 0.00 0.00 0.00 0.00 0.00
0.00 0.00 0.00 0.00 0.00 0.00 0.00 0.00 0.00 2.13 5.58 8.30 10.18 10.92 11.03 9.72 7.38 4.67 1.35 0.00 0.00 0.00 0.00 0.00
0.00 0.00 0.00 0.00 0.00 0.00 0.00 0.00 0.00 1.82 4.86 7.18 8.72 9.24 9.43 8.36 6.39 4.09 1.27 0.00 0.00 0.00 0.00 0.00
0.00 0.00 0.00 0.00 0.00 0.00 0.00 0.00 0.00 1.78 4.53 6.59 8.18 8.91 8.85 7.67 5.81 3.65 1.00 0.00 0.00 0.00 0.00 0.00
0.00 0.00 0.00 0.00 0.00 0.00 0.00 0.00 0.00 1.78 4.98 7.43 9.26 9.90 10.07 8.95 6.97 4.61 1.67 0.00 0.00 0.00 0.00 0.00
0.00 0.00 0.00 0.00 0.00 0.00 0.00 0.00 0.00 15.02 43.50 66.69 86.04 91.08 96.13 86.54 53.64 35.38 15.73 0.00 0.00 0.00 0.00 0.00
0.00 0.00 0.00 0.00 0.00 0.00 0.00 0.00 0.00 2.22 7.05 10.53 13.57 14.58 14.73 13.16 10.57 7.04 2.64 0.00 0.00 0.00 0.00 0.00
0.00 0.00 0.00 0.00 0.00 0.00 0.00 0.00 0.00 3.63 10.78 15.88 20.52 22.13 22.06 19.49 15.37 10.11 3.56 0.00 0.00 0.00 0.00 0.00
0.00 0.00 0.00 0.00 0.00 0.00 0.00 0.00 0.00 1.66 4.94 7.28 9.40 10.14 10.11 8.93 7.04 4.63 1.63 0.00 0.00 0.00 0.00 0.00
0.00 0.00 0.00 0.00 0.00 0.00 0.00 0.00 0.00 2.74 8.72 13.04 16.75 17.92 18.15 16.07 13.14 8.75 3.26 0.00 0.00 0.00 0.00 0.00
0.00 0.00 0.00 0.00 0.00 0.00 0.00 0.00 0.00 1.15 3.56 5.29 6.78 7.47 7.57 6.67 5.18 3.40 1.18 0.00 0.00 0.00 0.00 0.00
0.00 0.00 0.00 0.00 0.00 0.00 0.00 0.00 0.00 10.38 38.91 60.23 77.49 85.12 89.23 80.60 66.78 45.87 19.66 0.00 0.00 0.00 0.00 0.00
0.00 0.00 0.00 0.00 0.00 0.00 0.00 0.00 0.00 2.52 13.24 21.27 28.00 31.01 31.52 28.42 21.49 14.27 5.12 0.00 0.00 0.00 0.00 0.00
0.00 0.00 0.00 0.00 0.00 0.00 0.00 0.00 0.00 0.59 2.95 4.72 6.29 7.01 6.99 6.37 4.88 3.26 1.20 0.00 0.00 0.00 0.00 0.00
0.00 0.00 0.00 0.00 0.00 0.00 0.00 0.00 0.00 0.79 3.61 5.72 7.45 8.50 8.66 7.84 6.10 4.09 1.55 0.00 0.00 0.00 0.00 0.00
0.00 0.00 0.00 0.00 0.00 0.00 0.00 0.00 0.00 1.26 5.78 9.16 11.92 13.60 13.86 12.55 9.77 6.54 2.47 0.00 0.00 0.00 0.00 0.00
0.00 0.00 0.00 0.00 0.00 0.00 0.00 0.00 0.00 20.24 132.85 220.03 294.38 329.86 346.39 319.60 249.01 171.65 79.06 0.00 0.00 0.00 0.00 0.00
