0.00 0.00 0.00 0.00 0.00 0.00 0.00 0.00 0.23 1.16 2.16 3.19 4.05 4.50 4.64 4.43 3.84 2.98 1.88 0.68 0.00 0.00 0.00 0.00
0.00 0.00 0.00 0.00 0.00 0.00 0.00 0.00 7.28 21.51 37.41 52.74 64.90 72.01 73.47 71.27 60.67 45.46 28.45 6.69 0.00 0.00 0.00 0.00
0.00 0.00 0.00 0.00 0.00 0.00 0.00 0.00 5.22 26.48 49.49 73.00 92.60 102.95 106.11 101.31 87.89 68.22 42.93 15.60 0.00 0.00 0.00 0.00
0.00 0.00 0.00 0.00 0.00 0.00 0.00 0.00 18.56 94.12 175.88 259.45 329.11 365.89 377.09 360.04 312.36 242.46 152.55 55.43 0.00 0.00 0.00 0.00
0.00 0.00 0.00 0.00 0.00 0.00 0.00 0.00 1.70 4.16 6.82 9.90 11.98 13.06 13.02 11.90 9.79 7.15 4.50 0.86 0.00 0.00 0.00 0.00
0.00 0.00 0.00 0.00 0.00 0.00 0.00 0.00 31.77 206.55 383.38 574.67 724.01 828.87 876.93 846.60 710.99 555.39 361.59 140.25 2.28 0.00 0.00 0.00
0.00 0.00 0.00 0.00 0.00 0.00 0.00 0.00 0.96 2.67 4.39 6.23 7.47 7.94 7.87 7.39 6.69 5.07 3.22 0.83 0.00 0.00 0.00 0.00
0.00 0.00 0.00 0.00 0.00 0.00 0.00 0.00 0.42 1.21 2.07 2.93 3.73 4.22 4.27 4.19 3.58 2.69 1.69 0.43 0.00 0.00 0.00 0.00
0.00 0.00 0.00 0.00 0.00 0.00 0.00 0.00 0.67 1.94 3.31 4.69 5.97 6.75 6.83 6.71 5.73 4.30 2.70 0.68 0.00 0.00 0.00 0.00
0.00 0.00 0.00 0.00 0.00 0.00 0.00 0.00 0.67 1.94 3.31 4.69 5.97 6.75 6.83 6.71 5.73 4.30 2.70 0.68 0.00 0.00 0.00 0.00
0.00 0.00 0.00 0.00 0.00 0.00 0.00 0.00 1.46 4.66 8.19 11.84 15.19 16.66 17.16 16.51 14.46 11.14 7.08 2.01 0.00 0.00 0.00 0.00
0.00 0.00 0.00 0.00 0.00 0.00 0.00 0.00 0.71 2.25 3.93 5.71 7.34 8.07 8.11 7.83 6.91 5.32 3.29 0.92 0.00 0.00 0.00 0.00
0.00 0.00 0.00 0.00 0.00 0.00 0.00 0.00 0.91 2.89 5.05 7.34 9.43 10.38 10.42 10.07 8.88 6.84 4.23 1.18 0.00 0.00 0.00 0.00
0.00 0.00 0.00 0.00 0.00 0.00 0.00 0.00 0.61 1.93 3.37 4.89 6.29 6.92 6.95 6.71 5.92 4.56 2.82 0.79 0.00 0.00 0.00 0.00
0.00 0.00 0.00 0.00 0.00 0.00 0.00 0.00 0.61 1.93 3.37 4.89 6.29 6.92 6.95 6.71 5.92 4.56 2.82 0.79 0.00 0.00 0.00 0.00
0.00 0.00 0.00 0.00 0.00 0.00 0.00 0.00 6.57 23.70 42.30 64.25 83.93 86.30 89.03 85.62 64.68 49.21 29.45 10.95 0.00 0.00 0.00 0.00
0.00 0.00 0.00 0.00 0.00 0.00 0.00 0.00 4.64 14.34 24.87 35.86 45.61 51.22 52.12 49.06 43.67 33.86 20.94 5.67 0.00 0.00 0.00 0.00
0.00 0.00 0.00 0.00 0.00 0.00 0.00 0.00 3.99 12.71 21.10 29.90 37.50 43.50 43.86 41.96 36.08 27.72 17.74 4.89 0.00 0.00 0.00 0.00
0.00 0.00 0.00 0.00 0.00 0.00 0.00 0.00 9.37 60.92 113.08 169.51 213.56 244.49 258.66 249.72 209.72 163.82 106.66 41.37 0.67 0.00 0.00 0.00
0.00 0.00 0.00 0.00 0.00 0.00 0.00 0.00 8.91 57.95 107.57 161.24 203.14 232.56 246.05 237.54 199.49 155.83 101.45 39.35 0.64 0.00 0.00 0.00
0.00 0.00 0.00 0.00 0.00 0.00 0.00 0.00 17.14 111.45 206.86 310.08 390.65 447.23 473.16 456.80 383.63 299.67 195.10 75.67 1.23 0.00 0.00 0.00
0.00 0.00 0.00 0.00 0.00 0.00 0.00 0.00 16.86 109.59 203.41 304.91 384.14 439.78 465.28 449.19 377.23 294.68 191.85 74.41 1.21 0.00 0.00 0.00
0.00 0.00 0.00 0.00 0.00 0.00 0.00 0.00 22.64 120.39 228.46 341.20 436.38 480.81 484.86 456.77 396.96 304.12 195.27 73.73 0.00 0.00 0.00 0.00
0.00 0.00 0.00 0.00 0.00 0.00 0.00 0.00 0.42 1.21 2.07 2.93 3.73 4.22 4.27 4.19 3.58 2.69 1.69 0.43 0.00 0.00 0.00 0.00
0.00 0.00 0.00 0.00 0.00 0.00 0.00 0.00 2.11 6.15 10.49 14.85 18.91 21.38 21.64 21.25 18.14 13.61 8.55 2.16 0.00 0.00 0.00 0.00
0.00 0.00 0.00 0.00 0.00 0.00 0.00 0.00 10.79 31.42 53.54 75.83 96.54 109.13 110.48 108.50 92.60 69.46 43.64 11.04 0.00 0.00 0.00 0.00
0.00 0.00 0.00 0.00 0.00 0.00 0.00 0.00 0.64 4.16 7.72 11.58 14.58 16.70 17.66 17.05 14.32 11.19 7.28 2.83 0.05 0.00 0.00 0.00
0.00 0.00 0.00 0.00 0.00 0.00 0.00 0.00 18.27 92.66 173.13 255.41 323.98 360.19 371.22 354.43 307.50 238.68 150.17 54.57 0.00 0.00 0.00 0.00
0.00 0.00 0.00 0.00 0.00 0.00 0.00 0.00 1.01 4.13 10.98 16.12 21.46 25.99 26.99 26.28 21.55 16.95 11.28 4.15 0.00 0.00 0.00 0.00
0.00 0.00 0.00 0.00 0.00 0.00 0.00 0.00 12.98 49.29 66.47 96.99 122.34 132.56 137.10 130.95 129.07 98.18 61.94 23.41 0.00 0.00 0.00 0.00
0.00 0.00 0.00 0.00 0.00 0.00 0.00 0.00 0.30 1.54 2.89 4.26 5.40 6.00 6.19 5.91 5.12 3.98 2.50 0.91 0.00 0.00 0.00 0.00
0.00 0.00 0.00 0.00 0.00 0.00 0.00 0.00 13.70 69.49 129.85 191.56 242.98 270.14 278.41 265.82 230.62 179.01 112.63 40.92 0.00 0.00 0.00 0.00
0.00 0.00 0.00 0.00 0.00 0.00 0.00 0.00 17.59 89.18 166.64 245.83 311.83 346.68 357.29 341.14 295.97 229.73 144.54 52.52 0.00 0.00 0.00 0.00
0.00 0.00 0.00 0.00 0.00 0.00 0.00 0.00 29.85 158.76 301.28 449.96 575.47 634.06 639.41 602.37 523.49 401.06 257.51 97.23 0.00 0.00 0.00 0.00
0.00 0.00 0.00 0.00 0.00 0.00 0.00 0.00 1.04 3.42 6.03 8.81 11.28 12.31 12.58 12.18 10.41 7.95 4.99 1.50 0.00 0.00 0.00 0.00
0.00 0.00 0.00 0.00 0.00 0.00 0.00 0.00 1.34 4.38 7.68 10.96 14.12 15.47 15.73 15.18 13.19 10.09 6.32 1.83 0.00 0.00 0.00 0.00
0.00 0.00 0.00 0.00 0.00 0.00 0.00 0.00 4.17 17.02 45.30 66.48 88.53 107.22 111.32 108.40 88.91 69.91 46.54 17.11 0.00 0.00 0.00 0.00
0.00 0.00 0.00 0.00 0.00 0.00 0.00 0.00 15.03 109.41 219.70 328.16 424.18 486.66 496.87 473.87 415.80 334.73 218.72 84.43 5.96 0.00 0.00 0.00
0.00 0.00 0.00 0.00 0.00 0.00 0.00 0.00 0.39 1.15 1.98 2.89 3.65 4.01 4.11 3.92 3.38 2.59 1.63 0.43 0.00 0.00 0.00 0.00
0.00 0.00 0.00 0.00 0.00 0.00 0.00 0.00 4.89 21.84 42.49 63.05 79.58 88.36 90.16 85.89 74.40 56.81 36.26 12.76 0.00 0.00 0.00 0.00
0.00 0.00 0.00 0.00 0.00 0.00 0.00 0.00 0.69 7.32 14.15 20.90 27.10 29.18 29.47 28.72 24.70 19.22 12.78 5.67 0.47 0.00 0.00 0.00
0.00 0.00 0.00 0.00 0.00 0.00 0.00 0.00 1.14 3.07 5.04 7.19 8.80 9.31 9.16 8.41 7.31 5.60 3.59 0.93 0.00 0.00 0.00 0.00
0.00 0.00 0.00 0.00 0.00 0.00 0.00 0.00 0.57 1.53 2.52 3.60 4.40 4.66 4.58 4.20 3.66 2.80 1.80 0.46 0.00 0.00 0.00 0.00
0.00 0.00 0.00 0.00 0.00 0.00 0.00 0.00 1.24 3.36 5.51 7.87 9.63 10.19 10.01 9.20 8.00 6.12 3.93 1.01 0.00 0.00 0.00 0.00
0.00 0.00 0.00 0.00 0.00 0.00 0.00 0.00 1.49 4.06 6.66 9.63 11.57 12.30 12.14 11.33 9.99 7.67 4.87 1.20 0.00 0.00 0.00 0.00
0.00 0.00 0.00 0.00 0.00 0.00 0.00 0.00 2.27 6.19 10.15 14.68 17.63 18.74 18.49 17.27 15.22 11.68 7.42 1.83 0.00 0.00 0.00 0.00
0.00 0.00 0.00 0.00 0.00 0.00 0.00 0.00 1.93 5.41 8.88 12.64 15.07 16.28 16.26 15.35 13.58 10.48 6.67 1.73 0.00 0.00 0.00 0.00
0.00 0.00 0.00 0.00 0.00 0.00 0.00 0.00 1.23 4.15 6.89 9.81 12.00 10.19 10.59 10.18 9.75 7.44 4.61 1.62 0.00 0.00 0.00 0.00
0.00 0.00 0.00 0.00 0.00 0.00 0.00 0.00 3.18 10.71 17.80 25.34 31.00 26.34 27.36 26.30 25.18 19.21 11.91 4.19 0.00 0.00 0.00 0.00
0.00 0.00 0.00 0.00 0.00 0.00 0.00 0.00 0.77 2.70 3.77 5.47 6.98 7.24 7.42 6.99 7.25 5.52 3.49 1.15 0.00 0.00 0.00 0.00
0.00 0.00 0.00 0.00 0.00 0.00 0.00 0.00 1.87 5.30 8.93 12.84 15.87 17.41 17.83 17.06 14.59 11.18 7.16 1.73 0.00 0.00 0.00 0.00
0.00 0.00 0.00 0.00 0.00 0.00 0.00 0.00 3.38 9.56 15.98 22.37 27.19 30.55 30.82 29.22 25.60 19.52 12.20 2.93 0.00 0.00 0.00 0.00
0.00 0.00 0.00 0.00 0.00 0.00 0.00 0.00 0.52 1.29 2.12 3.00 3.66 3.93 3.89 3.68 3.12 2.33 1.47 0.30 0.00 0.00 0.00 0.00
0.00 0.00 0.00 0.00 0.00 0.00 0.00 0.00 2.58 6.78 11.26 16.17 20.51 21.88 22.03 20.84 17.74 13.42 8.52 1.85 0.00 0.00 0.00 0.00
0.00 0.00 0.00 0.00 0.00 0.00 0.00 0.00 1.87 4.75 7.87 11.10 13.76 14.93 14.68 13.82 11.85 8.86 5.56 1.18 0.00 0.00 0.00 0.00
0.00 0.00 0.00 0.00 0.00 0.00 0.00 0.00 2.58 6.56 10.86 15.32 18.99 20.61 20.26 19.07 16.35 12.22 7.67 1.63 0.00 0.00 0.00 0.00
0.00 0.00 0.00 0.00 0.00 0.00 0.00 0.00 1.76 4.47 7.39 10.44 12.93 14.04 13.80 12.99 11.14 8.33 5.23 1.11 0.00 0.00 0.00 0.00
0.00 0.00 0.00 0.00 0.00 0.00 0.00 0.00 1.38 3.62 6.01 8.62 10.94 11.67 11.75 11.12 9.46 7.16 4.54 0.99 0.00 0.00 0.00 0.00
0.00 0.00 0.00 0.00 0.00 0.00 0.00 0.00 1.51 3.74 6.09 8.64 10.57 11.50 11.60 10.69 8.85 6.57 4.13 0.80 0.00 0.00 0.00 0.00
0.00 0.00 0.00 0.00 0.00 0.00 0.00 0.00 1.20 3.48 5.93 8.40 10.70 12.09 12.24 12.02 10.26 7.70 4.84 1.22 0.00 0.00 0.00 0.00
0.00 0.00 0.00 0.00 0.00 0.00 0.00 0.00 8.55 30.85 55.06 83.63 109.24 112.33 115.88 111.45 84.19 64.05 38.33 14.26 0.00 0.00 0.00 0.00
0.00 0.00 0.00 0.00 0.00 0.00 0.00 0.00 1.66 5.28 9.28 13.42 17.22 18.88 19.45 18.71 16.38 12.62 8.03 2.27 0.00 0.00 0.00 0.00
0.00 0.00 0.00 0.00 0.00 0.00 0.00 0.00 2.68 7.95 13.52 19.72 25.59 28.85 28.73 27.51 23.60 18.09 11.66 3.10 0.00 0.00 0.00 0.00
0.00 0.00 0.00 0.00 0.00 0.00 0.00 0.00 1.23 3.64 6.20 9.04 11.73 13.23 13.17 12.61 10.82 8.29 5.35 1.42 0.00 0.00 0.00 0.00
0.00 0.00 0.00 0.00 0.00 0.00 0.00 0.00 2.05 6.54 11.44 16.52 21.00 23.10 23.91 22.87 20.01 15.47 9.98 2.79 0.00 0.00 0.00 0.00
0.00 0.00 0.00 0.00 0.00 0.00 0.00 0.00 0.94 2.80 4.80 7.01 8.86 9.73 9.99 9.51 8.22 6.29 3.97 1.04 0.00 0.00 0.00 0.00
0.00 0.00 0.00 0.00 0.00 0.00 0.00 0.00 4.32 17.63 46.91 68.83 91.66 111.01 115.25 112.23 92.05 72.38 48.18 17.71 0.00 0.00 0.00 0.00
0.00 0.00 0.00 0.00 0.00 0.00 0.00 0.00 3.10 11.79 15.89 23.19 29.26 31.70 32.78 31.31 30.86 23.48 14.81 5.60 0.00 0.00 0.00 0.00
0.00 0.00 0.00 0.00 0.00 0.00 0.00 0.00 0.64 2.48 3.31 4.89 6.19 7.54 7.72 7.46 7.58 5.69 3.60 1.24 0.00 0.00 0.00 0.00
0.00 0.00 0.00 0.00 0.00 0.00 0.00 0.00 0.73 2.80 4.16 6.08 7.64 10.72 10.97 10.52 9.59 7.30 4.65 1.56 0.00 0.00 0.00 0.00
0.00 0.00 0.00 0.00 0.00 0.00 0.00 0.00 1.18 4.48 6.66 9.73 12.23 17.16 17.56 16.83 15.35 11.68 7.43 2.49 0.00 0.00 0.00 0.00
0.00 0.00 0.00 0.00 0.00 0.00 0.00 0.00 17.43 113.30 210.31 315.24 397.16 454.69 481.05 464.41 390.02 304.66 198.36 76.93 1.25 0.00 0.00 0.00
