0.00 0.00 0.00 0.00 0.00 0.00 0.00 0.18 0.88 1.56 2.84 3.74 4.48 5.18 5.28 4.99 4.46 3.59 2.48 1.49 0.61 0.00 0.00 0.00
0.00 0.00 0.00 0.00 0.00 0.00 0.00 5.11 18.98 32.03 47.12 62.01 73.45 80.39 80.93 76.05 61.67 48.30 32.26 15.51 3.28 0.00 0.00 0.00
0.00 0.00 0.00 0.00 0.00 0.00 0.00 4.07 20.10 35.65 64.84 85.47 102.38 118.45 120.64 114.03 102.04 82.20 56.61 34.00 13.95 0.00 0.00 0.00
0.00 0.00 0.00 0.00 0.00 0.00 0.00 14.45 71.45 126.69 230.45 303.75 363.86 420.95 428.74 405.26 362.64 292.13 201.17 120.82 49.57 0.00 0.00 0.00
0.00 0.00 0.00 0.00 0.00 0.00 0.00 1.42 3.81 6.12 8.78 11.14 12.64 10.16 10.15 9.27 7.24 5.52 3.55 1.21 0.18 0.00 0.00 0.00
0.00 0.00 0.00 0.00 0.00 0.00 0.00 27.11 194.60 357.53 561.67 743.40 889.31 963.45 972.84 914.89 672.12 529.06 373.38 240.66 100.67 0.00 0.00 0.00
0.00 0.00 0.00 0.00 0.00 0.00 0.00 0.81 2.19 3.48 4.21 5.31 6.16 8.92 9.17 8.65 7.93 6.20 4.11 2.12 0.64 0.00 0.00 0.00
0.00 0.00 0.00 0.00 0.00 0.00 0.00 0.27 0.93 1.55 2.68 3.53 4.15 3.45 3.47 3.32 3.09 2.44 1.63 1.02 0.24 0.00 0.00 0.00
0.00 0.00 0.00 0.00 0.00 0.00 0.00 0.43 1.49 2.48 4.29 5.64 6.63 5.51 5.55 5.31 4.94 3.90 2.61 1.64 0.38 0.00 0.00 0.00
0.00 0.00 0.00 0.00 0.00 0.00 0.00 0.43 1.49 2.48 4.29 5.64 6.63 5.51 5.55 5.31 4.94 3.90 2.61 1.64 0.38 0.00 0.00 0.00
0.00 0.00 0.00 0.00 0.00 0.00 0.00 1.05 3.81 6.42 9.73 13.18 16.05 10.37 10.86 10.45 7.78 6.15 4.12 3.23 0.92 0.00 0.00 0.00
0.00 0.00 0.00 0.00 0.00 0.00 0.00 0.49 1.78 2.99 4.52 6.13 7.41 4.92 5.12 4.90 3.58 2.82 1.88 1.48 0.41 0.00 0.00 0.00
0.00 0.00 0.00 0.00 0.00 0.00 0.00 0.63 2.29 3.85 5.81 7.88 9.53 6.32 6.58 6.30 4.60 3.62 2.41 1.90 0.53 0.00 0.00 0.00
0.00 0.00 0.00 0.00 0.00 0.00 0.00 0.42 1.53 2.57 3.87 5.25 6.35 4.22 4.39 4.20 3.07 2.42 1.61 1.27 0.35 0.00 0.00 0.00
0.00 0.00 0.00 0.00 0.00 0.00 0.00 0.42 1.53 2.57 3.87 5.25 6.35 4.22 4.39 4.20 3.07 2.42 1.61 1.27 0.35 0.00 0.00 0.00
0.00 0.00 0.00 0.00 0.00 0.00 0.00 3.93 22.47 39.99 60.81 79.11 92.72 100.17 102.33 98.91 82.27 64.20 41.88 24.10 6.15 0.00 0.00 0.00
0.00 0.00 0.00 0.00 0.00 0.00 0.00 3.51 12.02 20.05 29.77 39.42 47.86 36.42 37.38 36.49 25.67 20.25 13.64 9.84 2.75 0.00 0.00 0.00
0.00 0.00 0.00 0.00 0.00 0.00 0.00 3.23 11.06 18.47 21.52 28.17 34.14 32.41 33.34 32.26 33.72 26.73 17.91 10.27 3.10 0.00 0.00 0.00
0.00 0.00 0.00 0.00 0.00 0.00 0.00 8.00 57.40 105.46 165.67 219.28 262.31 284.18 286.95 269.86 198.25 156.05 110.13 70.99 29.70 0.00 0.00 0.00
0.00 0.00 0.00 0.00 0.00 0.00 0.00 7.61 54.60 100.32 157.59 208.58 249.52 270.32 272.95 256.69 188.58 148.44 104.76 67.52 28.25 0.00 0.00 0.00
0.00 0.00 0.00 0.00 0.00 0.00 0.00 14.63 105.00 192.91 303.06 401.11 479.84 519.85 524.91 493.64 362.65 285.47 201.46 129.85 54.32 0.00 0.00 0.00
0.00 0.00 0.00 0.00 0.00 0.00 0.00 14.38 103.25 189.70 298.01 394.43 471.85 511.18 516.16 485.42 356.61 280.71 198.11 127.69 53.42 0.00 0.00 0.00
0.00 0.00 0.00 0.00 0.00 0.00 0.00 24.67 116.46 205.16 313.29 413.64 492.23 551.49 562.89 533.71 479.17 385.48 266.90 164.01 70.03 0.00 0.00 0.00
0.00 0.00 0.00 0.00 0.00 0.00 0.00 0.27 0.93 1.55 2.68 3.53 4.15 3.45 3.47 3.32 3.09 2.44 1.63 1.02 0.24 0.00 0.00 0.00
0.00 0.00 0.00 0.00 0.00 0.00 0.00 1.37 4.72 7.86 13.59 17.87 21.01 17.46 17.57 16.83 15.63 12.36 8.28 5.18 1.20 0.00 0.00 0.00
0.00 0.00 0.00 0.00 0.00 0.00 0.00 7.01 24.10 40.14 69.40 91.22 107.24 89.14 89.71 85.91 79.82 63.10 42.25 26.47 6.14 0.00 0.00 0.00
0.00 0.00 0.00 0.00 0.00 0.00 0.00 0.55 3.92 7.20 11.31 14.97 17.91 19.41 19.60 18.43 13.54 10.66 7.52 4.85 2.03 0.00 0.00 0.00
0.00 0.00 0.00 0.00 0.00 0.00 0.00 14.22 70.34 124.71 226.86 299.02 358.18 414.39 422.06 398.94 356.99 287.58 198.04 118.94 48.79 0.00 0.00 0.00
0.00 0.00 0.00 0.00 0.00 0.00 0.00 0.96 4.80 8.46 13.52 19.41 24.67 28.03 29.67 28.61 22.23 17.81 12.41 6.93 2.35 0.00 0.00 0.00
0.00 0.00 0.00 0.00 0.00 0.00 0.00 15.26 52.72 88.40 127.33 164.53 192.00 206.58 209.48 199.23 175.36 141.82 99.05 58.17 22.74 0.00 0.00 0.00
0.00 0.00 0.00 0.00 0.00 0.00 0.00 0.24 1.17 2.08 3.78 4.98 5.97 6.91 7.03 6.65 5.95 4.79 3.30 1.98 0.81 0.00 0.00 0.00
0.00 0.00 0.00 0.00 0.00 0.00 0.00 10.67 52.75 93.54 170.14 224.26 268.64 310.79 316.54 299.21 267.74 215.68 148.53 89.20 36.60 0.00 0.00 0.00
0.00 0.00 0.00 0.00 0.00 0.00 0.00 13.69 67.70 120.04 218.35 287.80 344.75 398.85 406.23 383.98 343.60 276.79 190.61 114.48 46.96 0.00 0.00 0.00
0.00 0.00 0.00 0.00 0.00 0.00 0.00 32.54 153.58 270.56 413.15 545.49 649.13 727.27 742.31 703.82 631.91 508.35 351.98 216.29 92.35 0.00 0.00 0.00
0.00 0.00 0.00 0.00 0.00 0.00 0.00 0.71 2.80 4.76 7.10 9.72 11.93 9.63 9.82 9.51 6.80 5.37 3.66 2.35 0.67 0.00 0.00 0.00
0.00 0.00 0.00 0.00 0.00 0.00 0.00 0.91 3.50 5.95 8.80 11.97 14.90 11.61 11.97 11.55 8.04 6.29 4.24 2.93 0.83 0.00 0.00 0.00
0.00 0.00 0.00 0.00 0.00 0.00 0.00 3.97 19.79 34.88 55.77 80.07 101.75 115.62 122.38 118.02 91.70 73.48 51.20 28.59 9.69 0.00 0.00 0.00
0.00 0.00 0.00 0.00 0.00 0.00 0.00 28.18 126.32 221.30 329.15 434.02 514.96 559.40 570.88 552.11 474.05 383.45 278.14 172.69 83.00 0.00 0.00 0.00
0.00 0.00 0.00 0.00 0.00 0.00 0.00 0.30 0.97 1.61 2.03 2.77 3.34 3.39 3.49 3.33 3.07 2.42 1.63 0.82 0.22 0.00 0.00 0.00
0.00 0.00 0.00 0.00 0.00 0.00 0.00 5.26 22.01 38.14 59.82 78.56 93.18 104.61 106.02 99.88 88.35 71.51 50.94 30.89 12.47 0.00 0.00 0.00
0.00 0.00 0.00 0.00 0.00 0.00 0.00 0.39 6.69 12.80 20.34 27.38 32.44 34.81 34.77 32.12 25.34 20.27 14.58 6.54 2.84 0.00 0.00 0.00
0.00 0.00 0.00 0.00 0.00 0.00 0.00 1.09 2.87 4.54 5.42 7.02 8.08 10.23 10.38 9.93 9.12 7.14 4.79 2.39 0.69 0.00 0.00 0.00
0.00 0.00 0.00 0.00 0.00 0.00 0.00 0.55 1.43 2.27 2.71 3.51 4.04 5.11 5.19 4.96 4.56 3.57 2.39 1.20 0.35 0.00 0.00 0.00
0.00 0.00 0.00 0.00 0.00 0.00 0.00 1.20 3.14 4.96 5.93 7.68 8.84 11.19 11.35 10.86 9.98 7.81 5.24 2.62 0.76 0.00 0.00 0.00
0.00 0.00 0.00 0.00 0.00 0.00 0.00 1.32 3.53 5.59 6.39 8.28 9.53 12.71 12.97 12.58 12.01 9.30 6.32 3.14 0.89 0.00 0.00 0.00
0.00 0.00 0.00 0.00 0.00 0.00 0.00 2.01 5.38 8.52 9.73 12.62 14.52 19.37 19.77 19.17 18.30 14.16 9.64 4.79 1.36 0.00 0.00 0.00
0.00 0.00 0.00 0.00 0.00 0.00 0.00 1.52 4.17 6.65 8.01 10.12 11.72 17.23 17.46 16.57 15.61 12.24 8.27 4.37 1.31 0.00 0.00 0.00
0.00 0.00 0.00 0.00 0.00 0.00 0.00 1.45 4.41 7.21 10.56 13.54 15.73 16.65 16.59 15.58 13.75 10.92 7.61 4.56 1.71 0.00 0.00 0.00
0.00 0.00 0.00 0.00 0.00 0.00 0.00 3.74 11.39 18.63 27.29 34.98 40.63 43.01 42.86 40.25 35.53 28.20 19.67 11.77 4.42 0.00 0.00 0.00
0.00 0.00 0.00 0.00 0.00 0.00 0.00 0.79 2.60 4.32 6.88 8.90 10.34 11.14 11.30 10.58 9.19 7.31 5.10 3.07 1.14 0.00 0.00 0.00
0.00 0.00 0.00 0.00 0.00 0.00 0.00 1.43 4.38 7.16 8.85 11.65 13.81 12.81 13.21 12.56 16.41 12.77 8.61 4.66 1.20 0.00 0.00 0.00
0.00 0.00 0.00 0.00 0.00 0.00 0.00 2.45 7.14 11.54 7.79 10.32 12.59 28.05 28.24 26.81 30.22 23.44 15.50 6.61 1.84 0.00 0.00 0.00
0.00 0.00 0.00 0.00 0.00 0.00 0.00 0.45 1.19 1.89 2.38 3.00 3.41 2.89 2.89 2.74 2.09 1.60 1.06 0.76 0.13 0.00 0.00 0.00
0.00 0.00 0.00 0.00 0.00 0.00 0.00 1.42 4.18 6.78 11.35 14.60 16.80 19.91 19.93 18.88 12.06 9.40 6.25 2.85 0.56 0.00 0.00 0.00
0.00 0.00 0.00 0.00 0.00 0.00 0.00 0.98 2.75 4.44 6.22 7.97 9.08 12.06 12.05 11.30 6.55 5.10 3.35 2.05 0.37 0.00 0.00 0.00
0.00 0.00 0.00 0.00 0.00 0.00 0.00 1.35 3.79 6.12 8.59 11.00 12.54 16.64 16.63 15.59 9.04 7.04 4.63 2.83 0.51 0.00 0.00 0.00
0.00 0.00 0.00 0.00 0.00 0.00 0.00 0.92 2.58 4.17 5.85 7.50 8.54 11.33 11.33 10.62 6.16 4.79 3.15 1.93 0.35 0.00 0.00 0.00
0.00 0.00 0.00 0.00 0.00 0.00 0.00 0.75 2.23 3.62 6.05 7.78 8.96 10.62 10.63 10.07 6.43 5.01 3.33 1.52 0.30 0.00 0.00 0.00
0.00 0.00 0.00 0.00 0.00 0.00 0.00 1.06 2.91 4.70 6.37 8.05 9.23 8.89 8.87 8.15 6.04 4.59 2.95 1.09 0.17 0.00 0.00 0.00
0.00 0.00 0.00 0.00 0.00 0.00 0.00 0.78 2.67 4.45 7.69 10.11 11.88 9.88 9.94 9.52 8.85 6.99 4.68 2.93 0.68 0.00 0.00 0.00
0.00 0.00 0.00 0.00 0.00 0.00 0.00 5.12 29.25 52.06 79.16 102.97 120.68 130.38 133.19 128.74 107.08 83.56 54.51 31.36 8.00 0.00 0.00 0.00
0.00 0.00 0.00 0.00 0.00 0.00 0.00 1.20 4.32 7.27 11.02 14.94 18.19 11.75 12.31 11.85 8.82 6.97 4.67 3.67 1.04 0.00 0.00 0.00
0.00 0.00 0.00 0.00 0.00 0.00 0.00 1.42 4.72 7.85 11.23 15.36 18.27 19.39 19.51 18.61 18.98 14.82 9.93 5.09 1.33 0.00 0.00 0.00
0.00 0.00 0.00 0.00 0.00 0.00 0.00 0.65 2.17 3.60 5.14 7.04 8.37 8.89 8.94 8.53 8.70 6.79 4.55 2.33 0.61 0.00 0.00 0.00
0.00 0.00 0.00 0.00 0.00 0.00 0.00 1.50 5.40 9.07 13.74 18.54 22.64 14.62 15.30 14.75 11.03 8.73 5.87 4.56 1.30 0.00 0.00 0.00
0.00 0.00 0.00 0.00 0.00 0.00 0.00 0.72 2.36 3.90 4.93 6.72 8.10 8.23 8.47 8.09 7.45 5.87 3.96 1.99 0.54 0.00 0.00 0.00
0.00 0.00 0.00 0.00 0.00 0.00 0.00 4.11 20.49 36.12 57.74 82.90 105.34 119.71 126.70 122.19 94.95 76.08 53.01 29.60 10.03 0.00 0.00 0.00
0.00 0.00 0.00 0.00 0.00 0.00 0.00 3.65 12.61 21.14 30.45 39.34 45.91 49.40 50.09 47.64 41.93 33.91 23.69 13.91 5.44 0.00 0.00 0.00
0.00 0.00 0.00 0.00 0.00 0.00 0.00 0.75 2.70 4.56 6.80 8.81 10.29 11.14 11.39 10.71 9.44 7.55 5.27 3.18 1.23 0.00 0.00 0.00
0.00 0.00 0.00 0.00 0.00 0.00 0.00 0.60 2.22 3.79 6.40 8.40 10.04 14.10 14.11 13.24 11.70 9.26 6.44 3.97 1.48 0.00 0.00 0.00
0.00 0.00 0.00 0.00 0.00 0.00 0.00 0.95 3.56 6.07 10.24 13.45 16.06 22.57 22.58 21.18 18.72 14.81 10.30 6.34 2.37 0.00 0.00 0.00
0.00 0.00 0.00 0.00 0.00 0.00 0.00 14.87 106.75 196.13 308.11 407.80 487.84 528.51 533.66 501.87 368.70 290.22 204.82 132.02 55.23 0.00 0.00 0.00
