0.00 0.00 0.00 0.00 0.00 0.00 0.00 0.00 0.81 1.71 2.74 3.66 4.31 4.76 4.80 4.66 4.24 3.50 2.48 1.23 0.46 0.00 0.00 0.00
0.00 0.00 0.00 0.00 0.00 0.00 0.00 0.37 17.47 33.69 49.89 63.25 73.60 72.15 71.78 67.24 59.57 46.41 31.62 14.22 2.36 0.00 0.00 0.00
0.00 0.00 0.00 0.00 0.00 0.00 0.00 0.00 18.51 39.04 62.75 83.63 98.52 108.95 109.83 106.48 96.91 80.05 56.67 28.17 10.52 0.00 0.00 0.00
0.00 0.00 0.00 0.00 0.00 0.00 0.00 0.00 65.80 138.75 223.01 297.20 350.14 387.21 390.34 378.42 344.40 284.50 201.39 100.12 37.38 0.00 0.00 0.00
0.00 0.00 0.00 0.00 0.00 0.00 0.00 0.62 3.34 5.89 7.37 9.25 10.44 12.64 12.32 11.36 10.36 8.07 5.23 2.02 0.17 0.00 0.00 0.00
0.00 0.00 0.00 0.00 0.00 0.00 0.00 0.00 127.99 284.85 469.79 630.85 760.08 842.34 876.12 875.99 819.58 674.50 471.65 243.42 93.99 0.00 0.00 0.00
0.00 0.00 0.00 0.00 0.00 0.00 0.00 0.33 2.07 3.70 5.73 7.40 8.57 7.90 7.83 7.38 6.26 4.85 3.22 1.51 0.36 0.00 0.00 0.00
0.00 0.00 0.00 0.00 0.00 0.00 0.00 0.05 1.06 2.01 2.93 3.80 4.40 3.05 2.98 2.86 3.37 2.64 1.78 0.46 0.08 0.00 0.00 0.00
0.00 0.00 0.00 0.00 0.00 0.00 0.00 0.09 1.69 3.21 4.69 6.07 7.04 4.87 4.77 4.58 5.39 4.22 2.85 0.73 0.13 0.00 0.00 0.00
0.00 0.00 0.00 0.00 0.00 0.00 0.00 0.09 1.69 3.21 4.69 6.07 7.04 4.87 4.77 4.58 5.39 4.22 2.85 0.73 0.13 0.00 0.00 0.00
0.00 0.00 0.00 0.00 0.00 0.00 0.00 0.07 3.95 7.63 12.18 16.13 18.68 19.50 19.50 18.46 16.74 13.23 8.61 3.62 0.86 0.00 0.00 0.00
0.00 0.00 0.00 0.00 0.00 0.00 0.00 0.03 1.85 3.57 5.71 7.57 8.74 9.14 9.13 8.59 7.77 6.17 4.01 1.63 0.38 0.00 0.00 0.00
0.00 0.00 0.00 0.00 0.00 0.00 0.00 0.04 2.37 4.58 7.34 9.73 11.24 11.75 11.74 11.04 9.98 7.93 5.15 2.09 0.49 0.00 0.00 0.00
0.00 0.00 0.00 0.00 0.00 0.00 0.00 0.03 1.58 3.06 4.89 6.49 7.49 7.83 7.83 7.36 6.66 5.28 3.44 1.40 0.33 0.00 0.00 0.00
0.00 0.00 0.00 0.00 0.00 0.00 0.00 0.03 1.58 3.06 4.89 6.49 7.49 7.83 7.83 7.36 6.66 5.28 3.44 1.40 0.33 0.00 0.00 0.00
0.00 0.00 0.00 0.00 0.00 0.00 0.00 0.00 19.35 40.51 64.50 85.06 98.98 94.75 94.55 89.28 60.37 47.13 31.67 16.33 3.64 0.00 0.00 0.00
0.00 0.00 0.00 0.00 0.00 0.00 0.00 0.54 12.17 23.20 36.27 48.15 55.87 61.20 61.15 56.93 50.18 39.66 26.24 11.50 2.66 0.00 0.00 0.00
0.00 0.00 0.00 0.00 0.00 0.00 0.00 0.40 10.12 19.38 30.95 41.14 47.27 51.42 51.25 48.24 42.35 33.59 22.20 9.69 2.46 0.00 0.00 0.00
0.00 0.00 0.00 0.00 0.00 0.00 0.00 0.00 37.75 84.02 138.57 186.08 224.19 248.46 258.42 258.39 241.75 198.95 139.12 71.80 27.72 0.00 0.00 0.00
0.00 0.00 0.00 0.00 0.00 0.00 0.00 0.00 35.91 79.92 131.81 177.00 213.26 236.34 245.82 245.78 229.95 189.25 132.33 68.30 26.37 0.00 0.00 0.00
0.00 0.00 0.00 0.00 0.00 0.00 0.00 0.00 69.06 153.70 253.49 340.39 410.11 454.50 472.73 472.66 442.22 363.94 254.49 131.34 50.72 0.00 0.00 0.00
0.00 0.00 0.00 0.00 0.00 0.00 0.00 0.00 67.91 151.13 249.26 334.71 403.28 446.93 464.85 464.78 434.85 357.87 250.25 129.15 49.87 0.00 0.00 0.00
0.00 0.00 0.00 0.00 0.00 0.00 0.00 0.00 84.32 176.90 277.10 374.67 452.09 514.01 529.84 510.24 469.92 376.09 264.44 134.71 52.50 0.00 0.00 0.00
0.00 0.00 0.00 0.00 0.00 0.00 0.00 0.05 1.06 2.01 2.93 3.80 4.40 3.05 2.98 2.86 3.37 2.64 1.78 0.46 0.08 0.00 0.00 0.00
0.00 0.00 0.00 0.00 0.00 0.00 0.00 0.28 5.36 10.17 14.84 19.23 22.30 15.43 15.11 14.49 17.06 13.36 9.01 2.31 0.42 0.00 0.00 0.00
0.00 0.00 0.00 0.00 0.00 0.00 0.00 1.42 27.39 51.91 75.77 98.17 113.83 78.77 77.14 73.97 87.11 68.22 46.02 11.79 2.15 0.00 0.00 0.00
0.00 0.00 0.00 0.00 0.00 0.00 0.00 0.00 2.58 5.74 9.46 12.71 15.31 16.97 17.65 17.65 16.51 13.59 9.50 4.90 1.89 0.00 0.00 0.00
0.00 0.00 0.00 0.00 0.00 0.00 0.00 0.00 64.77 136.58 219.53 292.57 344.68 381.18 384.25 372.52 339.03 280.07 198.25 98.56 36.79 0.00 0.00 0.00
0.00 0.00 0.00 0.00 0.00 0.00 0.00 0.00 5.31 11.05 17.95 24.39 29.01 31.94 31.71 29.94 26.85 21.47 14.59 6.82 2.05 0.00 0.00 0.00
0.00 0.00 0.00 0.00 0.00 0.00 0.00 0.45 35.59 69.24 111.79 150.65 178.26 194.77 196.57 186.85 167.40 135.44 94.83 44.97 15.46 0.00 0.00 0.00
0.00 0.00 0.00 0.00 0.00 0.00 0.00 0.00 1.08 2.28 3.66 4.88 5.74 6.35 6.40 6.21 5.65 4.67 3.30 1.64 0.61 0.00 0.00 0.00
0.00 0.00 0.00 0.00 0.00 0.00 0.00 0.00 48.58 102.44 164.65 219.43 258.51 285.88 288.19 279.39 254.27 210.05 148.69 73.92 27.60 0.00 0.00 0.00
0.00 0.00 0.00 0.00 0.00 0.00 0.00 0.00 62.34 131.46 211.30 281.60 331.76 366.88 369.84 358.55 326.32 269.56 190.82 94.87 35.41 0.00 0.00 0.00
0.00 0.00 0.00 0.00 0.00 0.00 0.00 0.00 111.19 233.29 365.42 494.10 596.19 677.86 698.72 672.88 619.71 495.97 348.73 177.65 69.24 0.00 0.00 0.00
0.00 0.00 0.00 0.00 0.00 0.00 0.00 0.00 2.73 5.37 8.87 11.82 13.68 14.69 14.65 13.69 11.96 9.15 6.25 2.75 0.66 0.00 0.00 0.00
0.00 0.00 0.00 0.00 0.00 0.00 0.00 0.00 3.48 6.82 11.19 14.88 17.25 17.91 17.91 16.75 14.85 11.42 7.68 3.38 0.81 0.00 0.00 0.00
0.00 0.00 0.00 0.00 0.00 0.00 0.00 0.00 21.90 45.59 74.06 100.62 119.65 131.77 130.81 123.52 110.75 88.57 60.20 28.14 8.47 0.00 0.00 0.00
0.00 0.00 0.00 0.00 0.00 0.00 0.00 0.00 82.47 174.27 277.79 379.51 460.42 509.14 517.43 487.42 454.16 369.70 262.84 145.11 64.25 0.00 0.00 0.00
0.00 0.00 0.00 0.00 0.00 0.00 0.00 0.07 0.98 1.84 2.87 3.79 4.35 4.74 4.75 4.46 3.74 2.87 1.95 0.85 0.19 0.00 0.00 0.00
0.00 0.00 0.00 0.00 0.00 0.00 0.00 0.00 16.92 34.50 54.70 73.58 88.48 97.32 98.73 94.85 84.79 67.83 48.05 23.51 8.49 0.00 0.00 0.00
0.00 0.00 0.00 0.00 0.00 0.00 0.00 0.00 4.10 9.83 16.66 23.01 27.64 31.08 31.81 31.00 29.42 23.31 16.89 9.32 3.79 0.00 0.00 0.00
0.00 0.00 0.00 0.00 0.00 0.00 0.00 0.45 2.47 4.38 6.55 8.48 9.76 8.74 8.73 8.25 6.64 5.20 3.40 1.75 0.39 0.00 0.00 0.00
0.00 0.00 0.00 0.00 0.00 0.00 0.00 0.22 1.24 2.19 3.28 4.24 4.88 4.37 4.36 4.12 3.32 2.60 1.70 0.88 0.20 0.00 0.00 0.00
0.00 0.00 0.00 0.00 0.00 0.00 0.00 0.49 2.71 4.79 7.17 9.28 10.68 9.56 9.55 9.02 7.27 5.69 3.72 1.91 0.43 0.00 0.00 0.00
0.00 0.00 0.00 0.00 0.00 0.00 0.00 0.55 3.21 5.72 8.66 11.14 12.98 10.35 10.22 9.70 9.00 6.95 4.55 1.99 0.44 0.00 0.00 0.00
0.00 0.00 0.00 0.00 0.00 0.00 0.00 0.83 4.90 8.71 13.19 16.98 19.78 15.78 15.57 14.78 13.72 10.60 6.93 3.03 0.67 0.00 0.00 0.00
0.00 0.00 0.00 0.00 0.00 0.00 0.00 0.65 4.22 7.57 11.62 14.88 17.31 15.95 15.70 14.88 12.60 9.84 6.61 3.10 0.74 0.00 0.00 0.00
0.00 0.00 0.00 0.00 0.00 0.00 0.00 0.25 3.10 5.81 9.08 12.24 14.42 15.41 15.60 14.95 13.41 10.64 7.27 3.43 1.11 0.00 0.00 0.00
0.00 0.00 0.00 0.00 0.00 0.00 0.00 0.65 8.01 15.02 23.46 31.62 37.24 39.81 40.30 38.61 34.65 27.49 18.78 8.86 2.87 0.00 0.00 0.00
0.00 0.00 0.00 0.00 0.00 0.00 0.00 0.09 2.05 3.91 6.03 8.15 9.67 10.44 10.39 9.76 8.70 6.90 4.82 2.27 0.73 0.00 0.00 0.00
0.00 0.00 0.00 0.00 0.00 0.00 0.00 0.48 4.56 8.41 12.76 16.64 19.05 20.71 20.66 19.02 14.92 11.53 7.56 3.07 0.61 0.00 0.00 0.00
0.00 0.00 0.00 0.00 0.00 0.00 0.00 0.95 7.56 13.79 21.36 28.00 32.32 32.81 33.17 31.17 25.69 19.93 13.09 5.80 1.28 0.00 0.00 0.00
0.00 0.00 0.00 0.00 0.00 0.00 0.00 0.21 1.12 1.97 2.84 3.57 4.01 3.92 3.78 3.52 2.74 2.13 1.38 0.60 0.06 0.00 0.00 0.00
0.00 0.00 0.00 0.00 0.00 0.00 0.00 0.80 6.04 10.94 16.03 20.16 22.55 16.91 16.32 15.34 14.36 11.15 7.37 3.50 0.48 0.00 0.00 0.00
0.00 0.00 0.00 0.00 0.00 0.00 0.00 0.60 3.79 6.78 10.40 13.02 14.48 13.03 12.41 11.80 9.74 7.54 5.01 2.52 0.30 0.00 0.00 0.00
0.00 0.00 0.00 0.00 0.00 0.00 0.00 0.83 5.24 9.36 14.35 17.96 19.99 17.98 17.12 16.29 13.44 10.40 6.91 3.48 0.41 0.00 0.00 0.00
0.00 0.00 0.00 0.00 0.00 0.00 0.00 0.57 3.57 6.38 9.77 12.23 13.61 12.25 11.66 11.09 9.15 7.09 4.71 2.37 0.28 0.00 0.00 0.00
0.00 0.00 0.00 0.00 0.00 0.00 0.00 0.42 3.22 5.84 8.55 10.75 12.02 9.02 8.71 8.18 7.66 5.95 3.93 1.87 0.26 0.00 0.00 0.00
0.00 0.00 0.00 0.00 0.00 0.00 0.00 0.46 2.64 4.68 6.76 8.46 9.52 11.29 11.12 10.39 8.94 6.97 4.51 1.85 0.17 0.00 0.00 0.00
0.00 0.00 0.00 0.00 0.00 0.00 0.00 0.16 3.04 5.75 8.40 10.88 12.62 8.73 8.55 8.20 9.65 7.56 5.10 1.31 0.24 0.00 0.00 0.00
0.00 0.00 0.00 0.00 0.00 0.00 0.00 0.00 25.19 52.73 83.96 110.71 128.83 123.33 123.06 116.20 78.57 61.34 41.23 21.25 4.74 0.00 0.00 0.00
0.00 0.00 0.00 0.00 0.00 0.00 0.00 0.08 4.48 8.65 13.80 18.28 21.17 22.10 22.11 20.92 18.97 14.99 9.76 4.10 0.98 0.00 0.00 0.00
0.00 0.00 0.00 0.00 0.00 0.00 0.00 0.41 6.67 12.59 19.58 25.85 30.18 32.41 32.40 30.14 22.39 17.28 11.50 4.55 0.96 0.00 0.00 0.00
0.00 0.00 0.00 0.00 0.00 0.00 0.00 0.19 3.06 5.77 8.97 11.85 13.83 14.85 14.85 13.81 10.26 7.92 5.27 2.09 0.44 0.00 0.00 0.00
0.00 0.00 0.00 0.00 0.00 0.00 0.00 0.12 5.57 10.74 17.05 22.54 26.15 27.72 27.70 26.20 23.45 18.50 12.10 5.22 1.25 0.00 0.00 0.00
0.00 0.00 0.00 0.00 0.00 0.00 0.00 0.16 2.37 4.47 6.98 9.20 10.57 11.50 11.54 10.83 9.09 6.97 4.74 2.07 0.46 0.00 0.00 0.00
0.00 0.00 0.00 0.00 0.00 0.00 0.00 0.00 22.68 47.20 76.68 104.18 123.88 136.43 135.44 127.89 114.66 91.70 62.33 29.13 8.77 0.00 0.00 0.00
0.00 0.00 0.00 0.00 0.00 0.00 0.00 0.11 8.51 16.56 26.73 36.02 42.63 46.57 47.01 44.68 40.03 32.39 22.68 10.75 3.70 0.00 0.00 0.00
0.00 0.00 0.00 0.00 0.00 0.00 0.00 0.00 1.94 3.81 5.97 8.00 9.67 10.57 10.47 9.92 8.94 7.21 5.06 2.39 0.81 0.00 0.00 0.00
0.00 0.00 0.00 0.00 0.00 0.00 0.00 0.00 2.47 4.86 7.68 10.15 11.79 12.74 12.89 12.41 11.11 8.97 6.25 2.94 0.97 0.00 0.00 0.00
0.00 0.00 0.00 0.00 0.00 0.00 0.00 0.00 3.94 7.78 12.29 16.25 18.87 20.38 20.63 19.85 17.77 14.36 10.00 4.70 1.54 0.00 0.00 0.00
0.00 0.00 0.00 0.00 0.00 0.00 0.00 0.00 70.21 156.26 257.71 346.06 416.95 462.08 480.60 480.54 449.59 370.01 258.73 133.53 51.56 0.00 0.00 0.00
