0.00 0.00 0.00 0.00 0.00 0.00 0.00 0.00 0.35 1.40 2.45 3.59 4.54 4.76 4.92 4.71 4.22 3.29 2.08 0.84 0.00 0.00 0.00 0.00
0.00 0.00 0.00 0.00 0.00 0.00 0.00 0.00 2.11 5.74 9.46 13.28 16.33 17.79 18.05 17.43 13.05 9.75 6.11 3.73 0.00 0.00 0.00 0.00
0.00 0.00 0.00 0.00 0.00 0.00 0.00 0.00 8.04 32.10 56.04 82.05 103.87 108.91 112.41 107.60 96.57 75.12 47.55 19.19 0.04 0.00 0.00 0.00
0.00 0.00 0.00 0.00 0.00 0.00 0.00 0.00 28.57 114.08 199.17 291.60 369.15 387.08 399.49 382.39 343.21 266.97 169.00 68.19 0.15 0.00 0.00 0.00
0.00 0.00 0.00 0.00 0.00 0.00 0.00 0.00 1.11 2.57 5.37 7.74 9.33 9.05 9.02 8.24 6.95 5.08 3.21 0.84 0.00 0.00 0.00 0.00
0.00 0.00 0.00 0.00 0.00 0.00 0.00 0.00 52.24 247.21 449.60 668.93 841.43 956.97 1012.19 978.06 844.70 660.25 431.63 157.62 9.11 0.00 0.00 0.00
0.00 0.00 0.00 0.00 0.00 0.00 0.00 0.00 1.19 3.02 4.84 6.83 8.18 9.08 8.99 8.45 7.42 5.64 3.62 0.85 0.00 0.00 0.00 0.00
0.00 0.00 0.00 0.00 0.00 0.00 0.00 0.00 0.20 0.54 1.09 1.54 1.96 2.20 2.22 2.17 1.88 1.40 0.88 0.42 0.00 0.00 0.00 0.00
0.00 0.00 0.00 0.00 0.00 0.00 0.00 0.00 0.32 0.86 1.74 2.46 3.14 3.53 3.55 3.48 3.00 2.24 1.41 0.68 0.00 0.00 0.00 0.00
0.00 0.00 0.00 0.00 0.00 0.00 0.00 0.00 0.32 0.86 1.74 2.46 3.14 3.53 3.55 3.48 3.00 2.24 1.41 0.68 0.00 0.00 0.00 0.00
0.00 0.00 0.00 0.00 0.00 0.00 0.00 0.00 1.63 4.66 7.57 10.89 13.95 15.54 16.00 15.40 13.98 10.78 6.89 2.36 0.00 0.00 0.00 0.00
0.00 0.00 0.00 0.00 0.00 0.00 0.00 0.00 0.77 2.20 3.56 5.15 6.61 7.42 7.45 7.20 6.61 5.09 3.17 1.07 0.00 0.00 0.00 0.00
0.00 0.00 0.00 0.00 0.00 0.00 0.00 0.00 0.99 2.83 4.58 6.62 8.50 9.54 9.58 9.26 8.49 6.54 4.07 1.38 0.00 0.00 0.00 0.00
0.00 0.00 0.00 0.00 0.00 0.00 0.00 0.00 0.66 1.89 3.05 4.42 5.67 6.36 6.39 6.17 5.66 4.36 2.71 0.92 0.00 0.00 0.00 0.00
0.00 0.00 0.00 0.00 0.00 0.00 0.00 0.00 0.66 1.89 3.05 4.42 5.67 6.36 6.39 6.17 5.66 4.36 2.71 0.92 0.00 0.00 0.00 0.00
0.00 0.00 0.00 0.00 0.00 0.00 0.00 0.00 2.03 6.50 10.72 16.31 21.44 30.17 31.20 30.11 28.72 21.76 13.02 7.33 0.00 0.00 0.00 0.00
0.00 0.00 0.00 0.00 0.00 0.00 0.00 0.00 5.17 14.40 23.02 33.02 41.94 47.62 48.43 45.61 42.44 32.95 20.50 6.93 0.00 0.00 0.00 0.00
0.00 0.00 0.00 0.00 0.00 0.00 0.00 0.00 4.61 13.14 21.25 29.96 37.53 41.78 42.11 40.32 36.85 28.36 18.27 6.03 0.00 0.00 0.00 0.00
0.00 0.00 0.00 0.00 0.00 0.00 0.00 0.00 15.41 72.92 132.61 197.31 248.19 282.27 298.56 288.49 249.16 194.75 127.32 46.49 2.69 0.00 0.00 0.00
0.00 0.00 0.00 0.00 0.00 0.00 0.00 0.00 14.66 69.36 126.15 187.69 236.08 268.50 283.99 274.42 237.00 185.25 121.11 44.23 2.55 0.00 0.00 0.00
0.00 0.00 0.00 0.00 0.00 0.00 0.00 0.00 28.18 133.38 242.59 360.93 454.01 516.35 546.14 527.73 455.77 356.25 232.90 85.05 4.91 0.00 0.00 0.00
0.00 0.00 0.00 0.00 0.00 0.00 0.00 0.00 27.71 131.16 238.54 354.92 446.44 507.74 537.04 518.94 448.18 350.32 229.01 83.63 4.83 0.00 0.00 0.00
0.00 0.00 0.00 0.00 0.00 0.00 0.00 0.00 35.94 147.32 257.20 381.34 487.00 428.84 434.15 411.11 303.53 233.29 150.84 90.29 2.73 0.00 0.00 0.00
0.00 0.00 0.00 0.00 0.00 0.00 0.00 0.00 0.20 0.54 1.09 1.54 1.96 2.20 2.22 2.17 1.88 1.40 0.88 0.42 0.00 0.00 0.00 0.00
0.00 0.00 0.00 0.00 0.00 0.00 0.00 0.00 1.02 2.73 5.51 7.79 9.93 11.17 11.25 11.01 9.51 7.10 4.47 2.15 0.00 0.00 0.00 0.00
0.00 0.00 0.00 0.00 0.00 0.00 0.00 0.00 5.21 13.94 28.15 39.79 50.71 57.02 57.45 56.19 48.53 36.25 22.80 10.99 0.00 0.00 0.00 0.00
0.00 0.00 0.00 0.00 0.00 0.00 0.00 0.00 1.05 4.98 9.06 13.47 16.95 19.28 20.39 19.70 17.02 13.30 8.69 3.18 0.18 0.00 0.00 0.00
0.00 0.00 0.00 0.00 0.00 0.00 0.00 0.00 28.12 112.30 196.06 287.05 363.40 381.04 393.26 376.43 337.86 262.81 166.37 67.12 0.15 0.00 0.00 0.00
0.00 0.00 0.00 0.00 0.00 0.00 0.00 0.00 1.86 6.44 11.20 16.33 21.69 25.00 25.93 25.24 23.44 18.44 12.33 4.70 0.00 0.00 0.00 0.00
0.00 0.00 0.00 0.00 0.00 0.00 0.00 0.00 18.28 58.95 101.53 147.04 185.06 200.29 207.38 198.54 148.17 113.36 72.27 26.98 0.00 0.00 0.00 0.00
0.00 0.00 0.00 0.00 0.00 0.00 0.00 0.00 0.47 1.87 3.27 4.78 6.06 6.35 6.55 6.27 5.63 4.38 2.77 1.12 0.00 0.00 0.00 0.00
0.00 0.00 0.00 0.00 0.00 0.00 0.00 0.00 21.09 84.22 147.05 215.29 272.55 285.78 294.95 282.32 253.39 197.11 124.78 50.34 0.11 0.00 0.00 0.00
0.00 0.00 0.00 0.00 0.00 0.00 0.00 0.00 27.07 108.09 188.71 276.29 349.77 366.75 378.51 362.31 325.19 252.96 160.13 64.61 0.14 0.00 0.00 0.00
0.00 0.00 0.00 0.00 0.00 0.00 0.00 0.00 47.40 194.28 339.18 502.90 642.24 565.53 572.54 542.16 400.28 307.65 198.92 119.07 3.60 0.00 0.00 0.00
0.00 0.00 0.00 0.00 0.00 0.00 0.00 0.00 1.04 3.07 5.22 7.59 9.73 9.91 10.12 9.80 10.80 8.24 5.19 1.68 0.00 0.00 0.00 0.00
0.00 0.00 0.00 0.00 0.00 0.00 0.00 0.00 1.41 4.11 6.88 9.77 12.59 13.09 13.30 12.84 13.03 9.97 6.27 2.09 0.00 0.00 0.00 0.00
0.00 0.00 0.00 0.00 0.00 0.00 0.00 0.00 7.69 26.55 46.22 67.35 89.49 103.13 106.94 104.11 96.67 76.07 50.86 19.40 0.00 0.00 0.00 0.00
0.00 0.00 0.00 0.00 0.00 0.00 0.00 0.00 26.06 127.57 224.48 332.49 428.98 470.72 482.63 462.86 384.30 310.49 204.49 95.00 10.84 0.00 0.00 0.00
0.00 0.00 0.00 0.00 0.00 0.00 0.00 0.00 0.43 1.16 1.83 2.67 3.37 3.65 3.75 3.57 3.25 2.49 1.58 0.52 0.00 0.00 0.00 0.00
0.00 0.00 0.00 0.00 0.00 0.00 0.00 0.00 7.80 28.41 49.03 72.34 91.25 87.46 89.45 85.51 50.64 38.80 24.96 15.00 0.00 0.00 0.00 0.00
0.00 0.00 0.00 0.00 0.00 0.00 0.00 0.00 0.96 6.08 13.31 19.48 25.18 34.42 34.61 33.61 28.46 22.14 14.76 6.21 0.72 0.00 0.00 0.00
0.00 0.00 0.00 0.00 0.00 0.00 0.00 0.00 1.40 3.48 5.51 7.82 9.55 10.74 10.55 9.69 8.26 6.34 4.11 1.01 0.00 0.00 0.00 0.00
0.00 0.00 0.00 0.00 0.00 0.00 0.00 0.00 0.70 1.74 2.75 3.91 4.78 5.37 5.27 4.84 4.13 3.17 2.06 0.50 0.00 0.00 0.00 0.00
0.00 0.00 0.00 0.00 0.00 0.00 0.00 0.00 1.53 3.80 6.02 8.55 10.45 11.74 11.53 10.60 9.04 6.94 4.50 1.10 0.00 0.00 0.00 0.00
0.00 0.00 0.00 0.00 0.00 0.00 0.00 0.00 1.75 4.36 7.11 10.23 12.26 13.72 13.53 12.64 10.89 8.38 5.37 1.28 0.00 0.00 0.00 0.00
0.00 0.00 0.00 0.00 0.00 0.00 0.00 0.00 2.66 6.65 10.84 15.58 18.69 20.90 20.62 19.27 16.59 12.77 8.18 1.96 0.00 0.00 0.00 0.00
0.00 0.00 0.00 0.00 0.00 0.00 0.00 0.00 2.37 6.07 9.80 13.87 16.54 18.27 18.24 17.24 14.96 11.57 7.43 1.78 0.00 0.00 0.00 0.00
0.00 0.00 0.00 0.00 0.00 0.00 0.00 0.00 1.70 4.98 8.48 12.01 14.69 16.11 16.72 16.07 13.35 10.23 6.41 2.23 0.00 0.00 0.00 0.00
0.00 0.00 0.00 0.00 0.00 0.00 0.00 0.00 4.38 12.86 21.90 31.02 37.96 41.63 43.19 41.50 34.49 26.43 16.55 5.76 0.00 0.00 0.00 0.00
0.00 0.00 0.00 0.00 0.00 0.00 0.00 0.00 1.06 3.22 5.48 7.91 10.08 11.04 11.32 10.69 8.21 6.28 4.01 1.05 0.00 0.00 0.00 0.00
0.00 0.00 0.00 0.00 0.00 0.00 0.00 0.00 1.98 5.15 7.76 11.11 13.73 14.55 14.91 14.27 12.47 9.57 6.16 2.05 0.00 0.00 0.00 0.00
0.00 0.00 0.00 0.00 0.00 0.00 0.00 0.00 3.79 9.81 15.38 21.43 26.02 30.23 30.49 28.92 26.91 20.57 12.96 3.48 0.00 0.00 0.00 0.00
0.00 0.00 0.00 0.00 0.00 0.00 0.00 0.00 0.50 1.17 1.71 2.41 2.93 2.83 2.80 2.65 2.36 1.77 1.12 0.32 0.00 0.00 0.00 0.00
0.00 0.00 0.00 0.00 0.00 0.00 0.00 0.00 2.41 5.92 9.16 13.08 16.55 16.18 16.27 15.40 13.20 9.97 6.35 1.80 0.00 0.00 0.00 0.00
0.00 0.00 0.00 0.00 0.00 0.00 0.00 0.00 1.72 4.09 6.50 9.12 11.26 10.86 10.67 10.05 8.69 6.49 4.09 1.12 0.00 0.00 0.00 0.00
0.00 0.00 0.00 0.00 0.00 0.00 0.00 0.00 2.37 5.65 8.97 12.58 15.54 14.99 14.72 13.87 11.99 8.95 5.65 1.54 0.00 0.00 0.00 0.00
0.00 0.00 0.00 0.00 0.00 0.00 0.00 0.00 1.61 3.85 6.11 8.57 10.59 10.21 10.03 9.44 8.16 6.10 3.85 1.05 0.00 0.00 0.00 0.00
0.00 0.00 0.00 0.00 0.00 0.00 0.00 0.00 1.29 3.16 4.89 6.97 8.82 8.63 8.68 8.21 7.04 5.32 3.39 0.96 0.00 0.00 0.00 0.00
0.00 0.00 0.00 0.00 0.00 0.00 0.00 0.00 1.02 2.38 4.70 6.62 8.05 8.22 8.27 7.62 6.37 4.73 2.99 0.82 0.00 0.00 0.00 0.00
0.00 0.00 0.00 0.00 0.00 0.00 0.00 0.00 0.58 1.54 3.12 4.41 5.62 6.32 6.37 6.23 5.38 4.02 2.53 1.22 0.00 0.00 0.00 0.00
0.00 0.00 0.00 0.00 0.00 0.00 0.00 0.00 2.64 8.46 13.95 21.23 27.91 39.27 40.62 39.19 37.38 28.33 16.94 9.54 0.00 0.00 0.00 0.00
0.00 0.00 0.00 0.00 0.00 0.00 0.00 0.00 1.85 5.28 8.58 12.35 15.81 17.61 18.13 17.45 15.84 12.22 7.81 2.68 0.00 0.00 0.00 0.00
0.00 0.00 0.00 0.00 0.00 0.00 0.00 0.00 2.85 7.70 11.65 16.93 21.98 25.66 25.54 24.47 21.51 16.48 10.68 3.41 0.00 0.00 0.00 0.00
0.00 0.00 0.00 0.00 0.00 0.00 0.00 0.00 1.31 3.53 5.34 7.76 10.07 11.76 11.71 11.21 9.86 7.56 4.90 1.56 0.00 0.00 0.00 0.00
0.00 0.00 0.00 0.00 0.00 0.00 0.00 0.00 2.29 6.53 10.62 15.25 19.35 21.54 22.28 21.31 19.37 15.00 9.72 3.33 0.00 0.00 0.00 0.00
0.00 0.00 0.00 0.00 0.00 0.00 0.00 0.00 1.04 2.81 4.46 6.48 8.18 8.87 9.11 8.67 7.89 6.05 3.84 1.26 0.00 0.00 0.00 0.00
0.00 0.00 0.00 0.00 0.00 0.00 0.00 0.00 7.96 27.49 47.85 69.73 92.65 106.78 110.72 107.79 100.09 78.76 52.66 20.08 0.00 0.00 0.00 0.00
0.00 0.00 0.00 0.00 0.00 0.00 0.00 0.00 4.37 14.10 24.28 35.16 44.25 47.90 49.59 47.48 35.43 27.11 17.28 6.45 0.00 0.00 0.00 0.00
0.00 0.00 0.00 0.00 0.00 0.00 0.00 0.00 0.95 3.10 5.32 7.81 9.87 10.83 11.10 10.74 6.64 5.01 3.20 1.22 0.00 0.00 0.00 0.00
0.00 0.00 0.00 0.00 0.00 0.00 0.00 0.00 1.18 3.86 6.46 9.38 11.77 13.22 13.55 13.02 9.20 7.03 4.51 1.58 0.00 0.00 0.00 0.00
0.00 0.00 0.00 0.00 0.00 0.00 0.00 0.00 1.90 6.17 10.34 15.00 18.83 21.15 21.67 20.83 14.72 11.25 7.22 2.52 0.00 0.00 0.00 0.00
0.00 0.00 0.00 0.00 0.00 0.00 0.00 0.00 28.65 135.61 246.63 366.95 461.57 524.96 555.25 536.53 463.37 362.19 236.78 86.47 5.00 0.00 0.00 0.00
