0.00 0.00 0.00 0.00 0.00 0.00 0.00 0.18 1.06 1.92 2.96 3.91 4.68 5.15 5.24 4.95 4.36 3.50 2.39 1.27 0.48 0.00 0.00 0.00
0.00 0.00 0.00 0.00 0.00 0.00 0.00 4.76 19.39 33.12 48.23 63.70 75.63 82.84 83.35 78.22 66.63 51.87 34.27 13.63 2.24 0.00 0.00 0.00
0.00 0.00 0.00 0.00 0.00 0.00 0.00 4.08 24.33 43.81 67.71 89.41 107.13 117.69 119.85 113.19 99.69 80.04 54.73 29.04 10.98 0.00 0.00 0.00
0.00 0.00 0.00 0.00 0.00 0.00 0.00 14.51 86.45 155.68 240.64 317.76 380.72 418.26 425.96 402.26 354.30 284.47 194.50 103.19 39.02 0.00 0.00 0.00
0.00 0.00 0.00 0.00 0.00 0.00 0.00 1.37 3.88 6.31 9.25 11.79 13.41 14.51 14.47 13.19 11.06 8.40 5.36 1.96 0.18 0.00 0.00 0.00
0.00 0.00 0.00 0.00 0.00 0.00 0.00 19.09 189.24 353.24 559.40 740.87 885.40 976.50 984.39 923.48 781.36 612.53 428.96 237.09 92.19 0.00 0.00 0.00
0.00 0.00 0.00 0.00 0.00 0.00 0.00 0.85 2.46 3.98 5.80 7.32 8.49 9.07 9.33 8.80 7.82 6.11 4.02 1.77 0.45 0.00 0.00 0.00
0.00 0.00 0.00 0.00 0.00 0.00 0.00 0.30 1.12 1.89 2.86 3.77 4.45 5.03 5.05 4.83 4.22 3.33 2.21 0.92 0.17 0.00 0.00 0.00
0.00 0.00 0.00 0.00 0.00 0.00 0.00 0.48 1.80 3.03 4.57 6.04 7.12 8.05 8.09 7.73 6.76 5.33 3.54 1.48 0.27 0.00 0.00 0.00
0.00 0.00 0.00 0.00 0.00 0.00 0.00 0.48 1.80 3.03 4.57 6.04 7.12 8.05 8.09 7.73 6.76 5.33 3.54 1.48 0.27 0.00 0.00 0.00
0.00 0.00 0.00 0.00 0.00 0.00 0.00 0.96 3.83 6.54 10.07 13.66 16.63 18.63 19.44 18.62 16.42 12.96 8.64 3.56 0.87 0.00 0.00 0.00
0.00 0.00 0.00 0.00 0.00 0.00 0.00 0.46 1.81 3.09 4.77 6.48 7.84 8.91 9.24 8.80 7.65 6.02 3.99 1.63 0.39 0.00 0.00 0.00
0.00 0.00 0.00 0.00 0.00 0.00 0.00 0.59 2.33 3.97 6.14 8.33 10.08 11.45 11.88 11.32 9.84 7.75 5.13 2.10 0.50 0.00 0.00 0.00
0.00 0.00 0.00 0.00 0.00 0.00 0.00 0.39 1.56 2.65 4.09 5.56 6.72 7.64 7.92 7.55 6.56 5.16 3.42 1.40 0.34 0.00 0.00 0.00
0.00 0.00 0.00 0.00 0.00 0.00 0.00 0.39 1.56 2.65 4.09 5.56 6.72 7.64 7.92 7.55 6.56 5.16 3.42 1.40 0.34 0.00 0.00 0.00
0.00 0.00 0.00 0.00 0.00 0.00 0.00 3.30 22.41 40.47 62.03 80.89 94.92 100.31 102.45 98.93 90.18 70.16 45.45 19.67 4.25 0.00 0.00 0.00
0.00 0.00 0.00 0.00 0.00 0.00 0.00 3.25 12.15 20.53 31.24 41.38 50.19 55.25 56.53 54.98 49.95 39.35 26.34 11.36 2.72 0.00 0.00 0.00
0.00 0.00 0.00 0.00 0.00 0.00 0.00 2.97 11.13 18.82 27.54 36.02 43.54 46.35 47.64 46.01 40.69 32.23 21.46 9.89 2.61 0.00 0.00 0.00
0.00 0.00 0.00 0.00 0.00 0.00 0.00 5.63 55.82 104.19 165.00 218.53 261.16 288.03 290.36 272.39 230.47 180.67 126.53 69.93 27.19 0.00 0.00 0.00
0.00 0.00 0.00 0.00 0.00 0.00 0.00 5.36 53.10 99.11 156.95 207.87 248.42 273.98 276.20 259.11 219.23 171.86 120.36 66.52 25.87 0.00 0.00 0.00
0.00 0.00 0.00 0.00 0.00 0.00 0.00 10.30 102.11 190.60 301.83 399.75 477.73 526.89 531.15 498.28 421.60 330.50 231.46 127.92 49.74 0.00 0.00 0.00
0.00 0.00 0.00 0.00 0.00 0.00 0.00 10.13 100.41 187.42 296.80 393.09 469.77 518.11 522.30 489.98 414.57 324.99 227.60 125.79 48.91 0.00 0.00 0.00
0.00 0.00 0.00 0.00 0.00 0.00 0.00 20.80 117.63 210.50 317.69 420.11 499.90 545.06 555.71 525.89 463.90 372.13 255.95 109.44 43.30 0.00 0.00 0.00
0.00 0.00 0.00 0.00 0.00 0.00 0.00 0.30 1.12 1.89 2.86 3.77 4.45 5.03 5.05 4.83 4.22 3.33 2.21 0.92 0.17 0.00 0.00 0.00
0.00 0.00 0.00 0.00 0.00 0.00 0.00 1.53 5.69 9.58 14.47 19.12 22.55 25.48 25.61 24.48 21.41 16.88 11.22 4.68 0.87 0.00 0.00 0.00
0.00 0.00 0.00 0.00 0.00 0.00 0.00 7.80 29.07 48.92 73.88 97.59 115.14 130.06 130.75 125.00 109.29 86.18 57.29 23.88 4.42 0.00 0.00 0.00
0.00 0.00 0.00 0.00 0.00 0.00 0.00 0.38 3.81 7.12 11.27 14.92 17.84 19.67 19.83 18.60 15.74 12.34 8.64 4.78 1.86 0.00 0.00 0.00
0.00 0.00 0.00 0.00 0.00 0.00 0.00 14.28 85.11 153.25 236.89 312.81 374.79 411.74 419.32 395.99 348.77 280.03 191.47 101.58 38.41 0.00 0.00 0.00
0.00 0.00 0.00 0.00 0.00 0.00 0.00 0.80 4.71 8.44 13.57 19.50 24.76 28.47 30.08 28.93 25.58 20.43 14.14 6.62 2.03 0.00 0.00 0.00
0.00 0.00 0.00 0.00 0.00 0.00 0.00 12.76 49.16 83.82 122.80 158.75 185.05 198.20 200.92 190.84 167.05 134.79 93.55 45.67 16.36 0.00 0.00 0.00
0.00 0.00 0.00 0.00 0.00 0.00 0.00 0.24 1.42 2.55 3.95 5.21 6.25 6.86 6.99 6.60 5.81 4.67 3.19 1.69 0.64 0.00 0.00 0.00
0.00 0.00 0.00 0.00 0.00 0.00 0.00 10.71 63.83 114.94 177.67 234.61 281.09 308.81 314.49 296.99 261.58 210.03 143.60 76.19 28.81 0.00 0.00 0.00
0.00 0.00 0.00 0.00 0.00 0.00 0.00 13.74 81.92 147.51 228.01 301.08 360.73 396.30 403.59 381.14 335.69 269.53 184.29 97.78 36.97 0.00 0.00 0.00
0.00 0.00 0.00 0.00 0.00 0.00 0.00 27.43 155.13 277.59 418.95 554.02 659.24 718.80 732.84 693.52 611.77 490.74 337.53 144.33 57.11 0.00 0.00 0.00
0.00 0.00 0.00 0.00 0.00 0.00 0.00 0.64 2.80 4.81 7.38 10.12 12.42 13.94 14.18 13.71 12.37 9.75 6.62 2.82 0.69 0.00 0.00 0.00
0.00 0.00 0.00 0.00 0.00 0.00 0.00 0.82 3.50 6.01 9.15 12.47 15.53 17.42 17.93 17.26 15.59 12.17 8.16 3.33 0.81 0.00 0.00 0.00
0.00 0.00 0.00 0.00 0.00 0.00 0.00 3.30 19.43 34.82 55.98 80.43 102.13 117.45 124.08 119.32 105.50 84.28 58.31 27.30 8.36 0.00 0.00 0.00
0.00 0.00 0.00 0.00 0.00 0.00 0.00 20.90 113.40 202.44 287.75 379.96 450.61 531.38 541.05 521.60 387.55 312.44 225.09 156.31 70.56 0.00 0.00 0.00
0.00 0.00 0.00 0.00 0.00 0.00 0.00 0.28 0.99 1.66 2.45 3.34 4.01 4.38 4.50 4.29 3.89 3.06 2.05 0.91 0.21 0.00 0.00 0.00
0.00 0.00 0.00 0.00 0.00 0.00 0.00 4.71 22.77 40.08 59.85 78.62 93.13 101.59 102.96 96.92 84.99 68.59 48.53 25.11 9.31 0.00 0.00 0.00
0.00 0.00 0.00 0.00 0.00 0.00 0.00 0.09 6.67 13.00 20.75 28.01 33.21 36.56 36.47 33.61 28.44 22.65 16.17 9.53 3.88 0.00 0.00 0.00
0.00 0.00 0.00 0.00 0.00 0.00 0.00 0.99 2.76 4.44 6.53 8.45 9.72 10.32 10.47 10.01 8.96 7.00 4.65 2.03 0.50 0.00 0.00 0.00
0.00 0.00 0.00 0.00 0.00 0.00 0.00 0.49 1.38 2.22 3.26 4.22 4.86 5.16 5.24 5.01 4.48 3.50 2.33 1.01 0.25 0.00 0.00 0.00
0.00 0.00 0.00 0.00 0.00 0.00 0.00 1.08 3.02 4.86 7.14 9.24 10.64 11.28 11.45 10.95 9.80 7.65 5.09 2.22 0.54 0.00 0.00 0.00
0.00 0.00 0.00 0.00 0.00 0.00 0.00 1.26 3.61 5.81 8.48 11.00 12.65 13.43 13.72 13.30 11.83 9.14 6.17 2.66 0.64 0.00 0.00 0.00
0.00 0.00 0.00 0.00 0.00 0.00 0.00 1.93 5.50 8.86 12.92 16.77 19.27 20.46 20.90 20.27 18.03 13.92 9.40 4.06 0.98 0.00 0.00 0.00
0.00 0.00 0.00 0.00 0.00 0.00 0.00 1.69 4.96 8.03 11.81 14.93 17.30 18.54 18.79 17.84 15.74 12.32 8.27 3.67 0.94 0.00 0.00 0.00
0.00 0.00 0.00 0.00 0.00 0.00 0.00 1.27 4.22 7.02 10.18 13.08 15.18 16.03 15.96 14.96 13.12 10.39 7.20 3.41 1.16 0.00 0.00 0.00
0.00 0.00 0.00 0.00 0.00 0.00 0.00 3.27 10.90 18.15 26.31 33.78 39.23 41.41 41.23 38.66 33.90 26.84 18.60 8.82 3.01 0.00 0.00 0.00
0.00 0.00 0.00 0.00 0.00 0.00 0.00 0.75 2.72 4.60 6.69 8.66 10.06 10.73 10.88 10.17 8.79 6.97 4.83 2.29 0.77 0.00 0.00 0.00
0.00 0.00 0.00 0.00 0.00 0.00 0.00 1.43 4.67 7.70 11.43 15.02 17.75 19.30 19.90 18.89 17.09 13.29 8.91 3.82 0.81 0.00 0.00 0.00
0.00 0.00 0.00 0.00 0.00 0.00 0.00 2.66 8.29 13.57 19.45 25.67 31.10 34.08 34.46 32.84 29.83 23.12 15.21 6.58 1.54 0.00 0.00 0.00
0.00 0.00 0.00 0.00 0.00 0.00 0.00 0.44 1.23 1.98 2.83 3.59 4.08 4.42 4.41 4.18 3.43 2.62 1.72 0.70 0.08 0.00 0.00 0.00
0.00 0.00 0.00 0.00 0.00 0.00 0.00 2.15 6.74 10.99 16.06 20.73 23.93 25.97 26.01 24.65 20.37 15.81 10.42 4.26 0.61 0.00 0.00 0.00
0.00 0.00 0.00 0.00 0.00 0.00 0.00 1.54 4.58 7.44 10.90 14.01 15.99 17.39 17.40 16.33 13.71 10.65 6.95 2.70 0.34 0.00 0.00 0.00
0.00 0.00 0.00 0.00 0.00 0.00 0.00 2.13 6.32 10.27 15.04 19.33 22.07 24.00 24.02 22.54 18.92 14.69 9.59 3.73 0.47 0.00 0.00 0.00
0.00 0.00 0.00 0.00 0.00 0.00 0.00 1.45 4.31 7.00 10.24 13.17 15.03 16.35 16.36 15.35 12.89 10.01 6.53 2.54 0.32 0.00 0.00 0.00
0.00 0.00 0.00 0.00 0.00 0.00 0.00 1.15 3.59 5.86 8.56 11.05 12.76 13.85 13.87 13.14 10.87 8.43 5.56 2.27 0.33 0.00 0.00 0.00
0.00 0.00 0.00 0.00 0.00 0.00 0.00 1.21 3.48 5.68 8.31 10.54 12.11 13.20 13.17 12.09 10.16 7.70 4.91 1.82 0.18 0.00 0.00 0.00
0.00 0.00 0.00 0.00 0.00 0.00 0.00 0.86 3.22 5.42 8.19 10.82 12.76 14.41 14.49 13.85 12.11 9.55 6.35 2.65 0.49 0.00 0.00 0.00
0.00 0.00 0.00 0.00 0.00 0.00 0.00 4.30 29.17 52.67 80.73 105.29 123.55 130.57 133.35 128.76 117.38 91.33 59.16 25.60 5.54 0.00 0.00 0.00
0.00 0.00 0.00 0.00 0.00 0.00 0.00 1.09 4.34 7.41 11.41 15.48 18.85 21.11 22.03 21.10 18.61 14.69 9.80 4.03 0.99 0.00 0.00 0.00
0.00 0.00 0.00 0.00 0.00 0.00 0.00 1.81 6.52 10.91 17.00 23.28 27.65 31.32 31.51 30.04 27.27 21.28 14.18 6.05 1.33 0.00 0.00 0.00
0.00 0.00 0.00 0.00 0.00 0.00 0.00 0.83 2.99 5.00 7.79 10.67 12.67 14.35 14.44 13.77 12.50 9.75 6.50 2.77 0.61 0.00 0.00 0.00
0.00 0.00 0.00 0.00 0.00 0.00 0.00 1.37 5.41 9.23 14.13 19.08 23.29 25.94 27.04 25.95 23.18 18.31 12.25 5.08 1.25 0.00 0.00 0.00
0.00 0.00 0.00 0.00 0.00 0.00 0.00 0.68 2.40 4.02 5.95 8.10 9.74 10.63 10.92 10.41 9.45 7.43 4.99 2.21 0.51 0.00 0.00 0.00
0.00 0.00 0.00 0.00 0.00 0.00 0.00 3.41 20.12 36.05 57.96 83.28 105.74 121.60 128.46 123.54 109.23 87.26 60.37 28.26 8.65 0.00 0.00 0.00
0.00 0.00 0.00 0.00 0.00 0.00 0.00 3.05 11.75 20.04 29.36 37.96 44.25 47.40 48.05 45.64 39.95 32.23 22.37 10.92 3.91 0.00 0.00 0.00
0.00 0.00 0.00 0.00 0.00 0.00 0.00 0.64 2.58 4.43 6.58 8.53 9.95 10.70 10.94 10.27 9.01 7.20 4.99 2.42 0.86 0.00 0.00 0.00
0.00 0.00 0.00 0.00 0.00 0.00 0.00 0.74 3.11 5.37 7.88 10.36 12.37 13.57 13.60 12.76 11.23 8.88 6.14 2.89 0.98 0.00 0.00 0.00
0.00 0.00 0.00 0.00 0.00 0.00 0.00 1.19 4.98 8.59 12.61 16.58 19.79 21.71 21.76 20.42 17.98 14.20 9.82 4.62 1.57 0.00 0.00 0.00
0.00 0.00 0.00 0.00 0.00 0.00 0.00 10.47 103.81 193.77 306.86 406.41 485.70 535.67 540.00 506.59 428.62 336.01 235.31 130.06 50.57 0.00 0.00 0.00
