0.00 0.00 0.00 0.00 0.00 0.00 0.00 0.00 0.69 1.61 2.68 3.61 4.26 4.71 4.74 4.57 4.12 3.36 2.32 1.05 0.28 0.00 0.00 0.00
0.00 0.00 0.00 0.00 0.00 0.00 0.00 0.00 15.98 32.85 50.14 64.08 74.84 86.53 85.76 79.84 66.29 50.91 33.68 11.15 0.00 0.00 0.00 0.00
0.00 0.00 0.00 0.00 0.00 0.00 0.00 0.00 15.76 36.92 61.35 82.46 97.35 107.63 108.32 104.57 94.14 76.83 53.08 24.08 6.30 0.00 0.00 0.00
0.00 0.00 0.00 0.00 0.00 0.00 0.00 0.00 56.00 131.21 218.04 293.06 345.96 382.52 384.96 371.64 334.55 273.05 188.65 85.57 22.39 0.00 0.00 0.00
0.00 0.00 0.00 0.00 0.00 0.00 0.00 0.28 3.22 5.97 7.72 9.80 11.13 7.68 7.48 6.87 7.40 5.66 3.54 1.14 0.00 0.00 0.00 0.00
0.00 0.00 0.00 0.00 0.00 0.00 0.00 0.00 107.17 269.14 460.39 624.35 754.78 837.35 869.37 865.48 801.29 651.48 444.89 212.33 60.07 0.00 0.00 0.00
0.00 0.00 0.00 0.00 0.00 0.00 0.00 0.06 1.83 3.50 5.59 7.27 8.44 9.06 8.94 8.38 7.32 5.60 3.61 1.27 0.08 0.00 0.00 0.00
0.00 0.00 0.00 0.00 0.00 0.00 0.00 0.00 0.95 1.92 2.73 3.57 4.16 3.85 3.74 3.55 3.31 2.56 1.68 0.72 0.01 0.00 0.00 0.00
0.00 0.00 0.00 0.00 0.00 0.00 0.00 0.00 1.52 3.08 4.36 5.71 6.65 6.16 5.99 5.68 5.30 4.10 2.69 1.15 0.01 0.00 0.00 0.00
0.00 0.00 0.00 0.00 0.00 0.00 0.00 0.00 1.52 3.08 4.36 5.71 6.65 6.16 5.99 5.68 5.30 4.10 2.69 1.15 0.01 0.00 0.00 0.00
0.00 0.00 0.00 0.00 0.00 0.00 0.00 0.00 3.52 7.31 11.54 15.44 17.97 19.97 19.94 18.78 16.87 13.15 8.32 3.13 0.27 0.00 0.00 0.00
0.00 0.00 0.00 0.00 0.00 0.00 0.00 0.00 1.64 3.41 5.21 6.99 8.11 9.31 9.28 8.68 7.85 6.14 3.88 1.47 0.12 0.00 0.00 0.00
0.00 0.00 0.00 0.00 0.00 0.00 0.00 0.00 2.11 4.38 6.70 8.99 10.43 11.97 11.94 11.16 10.09 7.90 4.99 1.89 0.15 0.00 0.00 0.00
0.00 0.00 0.00 0.00 0.00 0.00 0.00 0.00 1.41 2.92 4.47 5.99 6.96 7.98 7.96 7.44 6.72 5.26 3.33 1.26 0.10 0.00 0.00 0.00
0.00 0.00 0.00 0.00 0.00 0.00 0.00 0.00 1.41 2.92 4.47 5.99 6.96 7.98 7.96 7.44 6.72 5.26 3.33 1.26 0.10 0.00 0.00 0.00
0.00 0.00 0.00 0.00 0.00 0.00 0.00 0.00 17.42 39.27 63.45 84.43 98.68 104.45 104.11 97.97 76.78 59.25 38.85 15.51 1.27 0.00 0.00 0.00
0.00 0.00 0.00 0.00 0.00 0.00 0.00 0.00 10.88 22.23 35.48 47.54 55.40 60.64 60.52 56.11 49.38 38.45 24.70 9.18 0.68 0.00 0.00 0.00
0.00 0.00 0.00 0.00 0.00 0.00 0.00 0.00 9.27 19.05 30.56 40.96 47.19 50.98 50.72 47.55 41.14 32.19 20.69 7.80 0.80 0.00 0.00 0.00
0.00 0.00 0.00 0.00 0.00 0.00 0.00 0.00 31.61 79.39 135.80 184.16 222.63 246.99 256.43 255.29 236.35 192.16 131.23 62.63 17.72 0.00 0.00 0.00
0.00 0.00 0.00 0.00 0.00 0.00 0.00 0.00 30.07 75.51 129.17 175.18 211.77 234.94 243.92 242.83 224.82 182.79 124.83 59.57 16.85 0.00 0.00 0.00
0.00 0.00 0.00 0.00 0.00 0.00 0.00 0.00 57.83 145.22 248.41 336.88 407.25 451.81 469.08 466.98 432.35 351.52 240.05 114.56 32.41 0.00 0.00 0.00
0.00 0.00 0.00 0.00 0.00 0.00 0.00 0.00 56.86 142.80 244.27 331.27 400.47 444.28 461.27 459.20 425.14 345.66 236.05 112.65 31.87 0.00 0.00 0.00
0.00 0.00 0.00 0.00 0.00 0.00 0.00 0.00 71.32 166.82 275.43 375.90 454.70 506.07 520.78 499.35 455.17 359.97 247.10 115.98 32.55 0.00 0.00 0.00
0.00 0.00 0.00 0.00 0.00 0.00 0.00 0.00 0.95 1.92 2.73 3.57 4.16 3.85 3.74 3.55 3.31 2.56 1.68 0.72 0.01 0.00 0.00 0.00
0.00 0.00 0.00 0.00 0.00 0.00 0.00 0.00 4.82 9.74 13.82 18.07 21.05 19.52 18.96 17.99 16.79 12.98 8.51 3.63 0.04 0.00 0.00 0.00
0.00 0.00 0.00 0.00 0.00 0.00 0.00 0.00 24.63 49.72 70.56 92.27 107.49 99.64 96.81 91.87 85.73 66.26 43.44 18.53 0.20 0.00 0.00 0.00
0.00 0.00 0.00 0.00 0.00 0.00 0.00 0.00 2.16 5.42 9.27 12.58 15.20 16.87 17.51 17.43 16.14 13.12 8.96 4.28 1.21 0.00 0.00 0.00
0.00 0.00 0.00 0.00 0.00 0.00 0.00 0.00 55.12 129.17 214.64 288.49 340.57 376.56 378.96 365.85 329.34 268.79 185.71 84.24 22.04 0.00 0.00 0.00
0.00 0.00 0.00 0.00 0.00 0.00 0.00 0.00 4.64 10.56 17.65 24.22 28.92 31.84 31.56 29.68 26.47 20.91 13.86 5.77 1.01 0.00 0.00 0.00
0.00 0.00 0.00 0.00 0.00 0.00 0.00 0.00 30.70 65.25 106.77 145.19 172.27 189.51 190.95 180.70 160.42 128.18 87.45 36.99 7.99 0.00 0.00 0.00
0.00 0.00 0.00 0.00 0.00 0.00 0.00 0.00 0.92 2.15 3.58 4.81 5.68 6.28 6.32 6.10 5.49 4.48 3.10 1.40 0.37 0.00 0.00 0.00
0.00 0.00 0.00 0.00 0.00 0.00 0.00 0.00 41.34 96.87 160.98 216.37 255.43 282.42 284.22 274.39 247.00 201.59 139.28 63.18 16.53 0.00 0.00 0.00
0.00 0.00 0.00 0.00 0.00 0.00 0.00 0.00 53.06 124.32 206.60 277.67 327.80 362.44 364.75 352.13 316.99 258.71 178.74 81.08 21.22 0.00 0.00 0.00
0.00 0.00 0.00 0.00 0.00 0.00 0.00 0.00 94.06 220.00 363.22 495.71 599.63 667.37 686.78 658.52 600.26 474.70 325.86 152.95 42.93 0.00 0.00 0.00
0.00 0.00 0.00 0.00 0.00 0.00 0.00 0.00 2.43 5.13 8.07 10.86 12.65 14.65 14.59 13.57 12.06 9.10 6.04 2.34 0.21 0.00 0.00 0.00
0.00 0.00 0.00 0.00 0.00 0.00 0.00 0.00 3.09 6.51 10.21 13.73 16.01 18.30 18.26 17.00 15.27 11.58 7.57 2.89 0.26 0.00 0.00 0.00
0.00 0.00 0.00 0.00 0.00 0.00 0.00 0.00 19.15 43.57 72.81 99.89 119.28 131.35 130.18 122.41 109.21 86.26 57.18 23.81 4.17 0.00 0.00 0.00
0.00 0.00 0.00 0.00 0.00 0.00 0.00 0.00 64.63 154.65 216.49 300.11 366.72 371.03 376.38 352.89 436.48 351.03 243.72 130.19 44.95 0.00 0.00 0.00
0.00 0.00 0.00 0.00 0.00 0.00 0.00 0.00 0.87 1.76 2.80 3.73 4.30 4.64 4.65 4.35 3.69 2.79 1.84 0.68 0.04 0.00 0.00 0.00
0.00 0.00 0.00 0.00 0.00 0.00 0.00 0.00 14.49 32.60 53.27 72.23 87.01 95.71 96.93 92.74 82.04 64.83 44.79 19.91 4.86 0.00 0.00 0.00
0.00 0.00 0.00 0.00 0.00 0.00 0.00 0.00 3.38 9.33 16.36 22.83 27.52 31.00 31.69 30.76 28.92 22.65 16.04 8.18 2.56 0.00 0.00 0.00
0.00 0.00 0.00 0.00 0.00 0.00 0.00 0.12 2.19 4.13 6.38 8.32 9.59 10.20 10.14 9.52 8.22 6.34 4.03 1.39 0.06 0.00 0.00 0.00
0.00 0.00 0.00 0.00 0.00 0.00 0.00 0.06 1.09 2.07 3.19 4.16 4.80 5.10 5.07 4.76 4.11 3.17 2.02 0.69 0.03 0.00 0.00 0.00
0.00 0.00 0.00 0.00 0.00 0.00 0.00 0.13 2.40 4.52 6.98 9.10 10.49 11.15 11.09 10.41 8.99 6.94 4.41 1.52 0.07 0.00 0.00 0.00
0.00 0.00 0.00 0.00 0.00 0.00 0.00 0.13 2.86 5.43 8.48 10.99 12.82 13.72 13.47 12.68 10.97 8.37 5.32 1.82 0.08 0.00 0.00 0.00
0.00 0.00 0.00 0.00 0.00 0.00 0.00 0.19 4.36 8.27 12.92 16.75 19.54 20.91 20.52 19.32 16.72 12.75 8.10 2.77 0.12 0.00 0.00 0.00
0.00 0.00 0.00 0.00 0.00 0.00 0.00 0.09 3.74 7.17 11.38 14.67 17.10 18.27 17.93 16.88 14.87 11.46 7.47 2.66 0.18 0.00 0.00 0.00
0.00 0.00 0.00 0.00 0.00 0.00 0.00 0.00 2.72 5.53 8.65 11.78 13.92 14.95 15.12 14.42 12.88 10.08 6.70 2.71 0.50 0.00 0.00 0.00
0.00 0.00 0.00 0.00 0.00 0.00 0.00 0.00 7.02 14.28 22.36 30.42 35.96 38.63 39.05 37.25 33.26 26.05 17.31 6.99 1.29 0.00 0.00 0.00
0.00 0.00 0.00 0.00 0.00 0.00 0.00 0.00 1.77 3.68 5.82 7.92 9.42 10.19 10.13 9.48 8.35 6.54 4.45 1.84 0.34 0.00 0.00 0.00
0.00 0.00 0.00 0.00 0.00 0.00 0.00 0.00 4.09 8.04 12.29 16.17 18.59 19.76 19.69 18.06 14.24 10.84 6.89 2.33 0.06 0.00 0.00 0.00
0.00 0.00 0.00 0.00 0.00 0.00 0.00 0.00 6.79 13.22 20.96 27.68 32.01 33.94 34.22 31.99 27.20 20.81 13.26 4.51 0.22 0.00 0.00 0.00
0.00 0.00 0.00 0.00 0.00 0.00 0.00 0.09 1.02 1.88 2.46 3.12 3.52 2.90 2.79 2.59 2.27 1.73 1.09 0.39 0.00 0.00 0.00 0.00
0.00 0.00 0.00 0.00 0.00 0.00 0.00 0.09 5.44 10.44 13.20 16.76 18.82 14.35 13.94 13.14 12.01 9.13 5.81 3.87 0.00 0.00 0.00 0.00
0.00 0.00 0.00 0.00 0.00 0.00 0.00 0.19 3.66 6.91 8.82 11.16 12.50 8.36 7.98 7.60 8.59 6.52 4.18 2.13 0.00 0.00 0.00 0.00
0.00 0.00 0.00 0.00 0.00 0.00 0.00 0.26 5.05 9.53 12.17 15.40 17.25 11.54 11.02 10.49 11.85 9.00 5.76 2.94 0.00 0.00 0.00 0.00
0.00 0.00 0.00 0.00 0.00 0.00 0.00 0.17 3.44 6.49 8.29 10.49 11.75 7.86 7.50 7.14 8.07 6.13 3.92 2.00 0.00 0.00 0.00 0.00
0.00 0.00 0.00 0.00 0.00 0.00 0.00 0.05 2.90 5.57 7.04 8.94 10.04 7.65 7.43 7.01 6.41 4.87 3.10 2.06 0.00 0.00 0.00 0.00
0.00 0.00 0.00 0.00 0.00 0.00 0.00 0.21 2.84 5.30 6.78 8.58 9.73 6.26 6.17 5.75 7.35 5.63 3.51 1.27 0.00 0.00 0.00 0.00
0.00 0.00 0.00 0.00 0.00 0.00 0.00 0.00 2.73 5.51 7.82 10.23 11.91 11.04 10.73 10.18 9.50 7.34 4.81 2.05 0.02 0.00 0.00 0.00
0.00 0.00 0.00 0.00 0.00 0.00 0.00 0.00 22.67 51.12 82.59 109.90 128.43 135.95 135.51 127.52 99.94 77.12 50.57 20.18 1.65 0.00 0.00 0.00
0.00 0.00 0.00 0.00 0.00 0.00 0.00 0.00 3.99 8.29 13.08 17.50 20.37 22.64 22.59 21.28 19.12 14.90 9.43 3.54 0.30 0.00 0.00 0.00
0.00 0.00 0.00 0.00 0.00 0.00 0.00 0.00 5.95 12.00 17.74 23.67 27.78 31.15 31.04 28.71 26.23 19.92 12.84 4.60 0.21 0.00 0.00 0.00
0.00 0.00 0.00 0.00 0.00 0.00 0.00 0.00 2.73 5.50 8.13 10.85 12.73 14.28 14.23 13.16 12.02 9.13 5.89 2.11 0.10 0.00 0.00 0.00
0.00 0.00 0.00 0.00 0.00 0.00 0.00 0.00 4.97 10.30 16.45 21.94 25.57 27.99 27.91 26.29 23.64 18.39 11.69 4.35 0.37 0.00 0.00 0.00
0.00 0.00 0.00 0.00 0.00 0.00 0.00 0.00 2.12 4.27 6.81 9.06 10.44 11.28 11.30 10.56 8.97 6.78 4.47 1.64 0.10 0.00 0.00 0.00
0.00 0.00 0.00 0.00 0.00 0.00 0.00 0.00 19.82 45.11 75.38 103.43 123.49 136.00 134.78 126.74 113.07 89.31 59.20 24.66 4.32 0.00 0.00 0.00
0.00 0.00 0.00 0.00 0.00 0.00 0.00 0.00 7.34 15.60 25.53 34.72 41.20 45.32 45.66 43.21 38.36 30.65 20.91 8.84 1.91 0.00 0.00 0.00
0.00 0.00 0.00 0.00 0.00 0.00 0.00 0.00 1.68 3.59 5.77 7.78 9.43 10.34 10.22 9.64 8.59 6.84 4.68 1.97 0.42 0.00 0.00 0.00
0.00 0.00 0.00 0.00 0.00 0.00 0.00 0.00 2.13 4.60 7.52 10.01 11.64 12.56 12.70 12.17 10.73 8.57 5.82 2.42 0.48 0.00 0.00 0.00
0.00 0.00 0.00 0.00 0.00 0.00 0.00 0.00 3.41 7.36 12.03 16.02 18.62 20.10 20.31 19.47 17.17 13.70 9.31 3.87 0.77 0.00 0.00 0.00
0.00 0.00 0.00 0.00 0.00 0.00 0.00 0.00 58.79 147.64 252.55 342.49 414.04 459.34 476.90 474.77 439.56 357.38 244.05 116.47 32.95 0.00 0.00 0.00
