0.00 0.00 0.00 0.00 0.00 0.00 0.00 0.05 1.03 1.99 3.15 4.23 5.11 5.63 5.76 5.45 4.81 3.84 2.59 1.34 0.41 0.00 0.00 0.00
0.00 0.00 0.00 0.00 0.00 0.00 0.00 2.91 17.67 31.55 46.39 61.60 73.27 77.58 77.96 72.92 62.49 48.19 31.22 11.15 0.66 0.00 0.00 0.00
0.00 0.00 0.00 0.00 0.00 0.00 0.00 1.09 23.61 45.57 72.12 96.64 116.93 128.85 131.76 124.72 110.00 87.75 59.13 30.57 9.47 0.00 0.00 0.00
0.00 0.00 0.00 0.00 0.00 0.00 0.00 3.88 83.92 161.96 256.30 343.46 415.58 457.91 468.28 443.25 390.95 311.87 210.14 108.64 33.67 0.00 0.00 0.00
0.00 0.00 0.00 0.00 0.00 0.00 0.00 0.95 3.28 5.54 8.83 11.31 12.87 12.75 12.70 11.54 8.45 6.35 3.96 0.87 0.00 0.00 0.00 0.00
0.00 0.00 0.00 0.00 0.00 0.00 0.00 0.00 178.86 358.32 574.80 776.48 941.96 1041.42 1054.70 992.25 835.33 651.64 450.61 239.80 78.15 0.00 0.00 0.00
0.00 0.00 0.00 0.00 0.00 0.00 0.00 0.61 2.26 3.83 5.88 7.54 8.85 8.49 8.78 8.31 8.26 6.38 4.11 1.68 0.26 0.00 0.00 0.00
0.00 0.00 0.00 0.00 0.00 0.00 0.00 0.19 1.03 1.81 2.71 3.60 4.25 4.42 4.44 4.23 2.94 2.30 1.50 0.50 0.04 0.00 0.00 0.00
0.00 0.00 0.00 0.00 0.00 0.00 0.00 0.31 1.64 2.89 4.34 5.76 6.80 7.08 7.11 6.77 4.71 3.67 2.39 0.80 0.06 0.00 0.00 0.00
0.00 0.00 0.00 0.00 0.00 0.00 0.00 0.31 1.64 2.89 4.34 5.76 6.80 7.08 7.11 6.77 4.71 3.67 2.39 0.80 0.06 0.00 0.00 0.00
0.00 0.00 0.00 0.00 0.00 0.00 0.00 0.58 3.54 6.33 9.81 13.43 16.43 11.47 12.05 11.59 9.39 7.35 4.81 3.04 0.46 0.00 0.00 0.00
0.00 0.00 0.00 0.00 0.00 0.00 0.00 0.27 1.68 3.00 4.68 6.41 7.78 5.53 5.76 5.51 4.84 3.78 2.46 1.44 0.21 0.00 0.00 0.00
0.00 0.00 0.00 0.00 0.00 0.00 0.00 0.35 2.16 3.85 6.02 8.24 10.01 7.11 7.41 7.08 6.23 4.86 3.16 1.85 0.27 0.00 0.00 0.00
0.00 0.00 0.00 0.00 0.00 0.00 0.00 0.23 1.44 2.57 4.01 5.49 6.67 4.74 4.94 4.72 4.15 3.24 2.11 1.23 0.18 0.00 0.00 0.00
0.00 0.00 0.00 0.00 0.00 0.00 0.00 0.23 1.44 2.57 4.01 5.49 6.67 4.74 4.94 4.72 4.15 3.24 2.11 1.23 0.18 0.00 0.00 0.00
0.00 0.00 0.00 0.00 0.00 0.00 0.00 0.97 20.11 38.27 57.78 75.91 89.39 93.06 94.96 91.46 69.18 53.29 33.87 12.54 1.61 0.00 0.00 0.00
0.00 0.00 0.00 0.00 0.00 0.00 0.00 2.06 11.29 19.99 30.65 40.98 49.96 38.84 40.00 39.06 32.11 25.07 16.47 10.02 1.44 0.00 0.00 0.00
0.00 0.00 0.00 0.00 0.00 0.00 0.00 1.86 10.40 18.45 27.11 35.92 43.81 42.46 43.87 42.52 34.34 26.96 17.63 7.84 1.34 0.00 0.00 0.00
0.00 0.00 0.00 0.00 0.00 0.00 0.00 0.00 52.76 105.69 169.54 229.03 277.84 307.18 311.10 292.68 246.39 192.21 132.91 70.73 23.05 0.00 0.00 0.00
0.00 0.00 0.00 0.00 0.00 0.00 0.00 0.00 50.18 100.54 161.27 217.86 264.29 292.20 295.92 278.40 234.37 182.83 126.43 67.28 21.93 0.00 0.00 0.00
0.00 0.00 0.00 0.00 0.00 0.00 0.00 0.00 96.51 193.34 310.14 418.97 508.25 561.92 569.09 535.39 450.72 351.60 243.13 129.39 42.17 0.00 0.00 0.00
0.00 0.00 0.00 0.00 0.00 0.00 0.00 0.00 94.90 190.12 304.97 411.98 499.78 552.55 559.60 526.46 443.21 345.74 239.08 127.23 41.47 0.00 0.00 0.00
0.00 0.00 0.00 0.00 0.00 0.00 0.00 5.78 109.16 210.07 311.22 417.81 502.20 571.84 585.47 555.34 510.67 406.30 274.95 149.79 49.26 0.00 0.00 0.00
0.00 0.00 0.00 0.00 0.00 0.00 0.00 0.19 1.03 1.81 2.71 3.60 4.25 4.42 4.44 4.23 2.94 2.30 1.50 0.50 0.04 0.00 0.00 0.00
0.00 0.00 0.00 0.00 0.00 0.00 0.00 0.98 5.21 9.16 13.75 18.25 21.54 22.42 22.51 21.45 14.90 11.63 7.58 2.54 0.20 0.00 0.00 0.00
0.00 0.00 0.00 0.00 0.00 0.00 0.00 4.99 26.59 46.78 70.21 93.15 109.98 114.45 114.92 109.52 76.08 59.39 38.68 12.98 1.05 0.00 0.00 0.00
0.00 0.00 0.00 0.00 0.00 0.00 0.00 0.00 3.60 7.22 11.58 15.64 18.97 20.98 21.25 19.99 16.83 13.13 9.08 4.83 1.57 0.00 0.00 0.00
0.00 0.00 0.00 0.00 0.00 0.00 0.00 3.82 82.61 159.43 252.30 338.10 409.10 450.77 460.98 436.34 384.85 307.01 206.87 106.94 33.15 0.00 0.00 0.00
0.00 0.00 0.00 0.00 0.00 0.00 0.00 0.23 3.73 7.06 8.68 12.67 16.28 26.25 27.76 26.68 18.70 14.86 10.14 3.71 0.85 0.00 0.00 0.00
0.00 0.00 0.00 0.00 0.00 0.00 0.00 5.02 31.86 57.92 82.62 108.54 127.98 146.52 148.95 141.61 157.73 125.68 85.36 42.20 11.80 0.00 0.00 0.00
0.00 0.00 0.00 0.00 0.00 0.00 0.00 0.06 1.38 2.66 4.21 5.64 6.82 7.51 7.68 7.27 6.41 5.12 3.45 1.78 0.55 0.00 0.00 0.00
0.00 0.00 0.00 0.00 0.00 0.00 0.00 2.86 61.96 119.57 189.23 253.58 306.83 338.08 345.74 327.26 288.64 230.26 155.15 80.21 24.86 0.00 0.00 0.00
0.00 0.00 0.00 0.00 0.00 0.00 0.00 3.68 79.51 153.45 242.84 325.43 393.76 433.87 443.70 419.98 370.42 295.50 199.11 102.93 31.90 0.00 0.00 0.00
0.00 0.00 0.00 0.00 0.00 0.00 0.00 7.62 143.95 277.03 410.42 550.99 662.28 754.11 772.09 732.35 673.45 535.81 362.60 197.54 64.97 0.00 0.00 0.00
0.00 0.00 0.00 0.00 0.00 0.00 0.00 0.35 2.56 4.64 7.01 9.69 11.94 9.08 9.27 8.97 9.40 7.35 4.90 1.95 0.30 0.00 0.00 0.00
0.00 0.00 0.00 0.00 0.00 0.00 0.00 0.46 3.22 5.81 8.89 12.21 15.25 11.06 11.43 11.02 10.90 8.44 5.56 2.52 0.38 0.00 0.00 0.00
0.00 0.00 0.00 0.00 0.00 0.00 0.00 0.95 15.39 29.14 35.81 52.27 67.14 108.27 114.52 110.07 77.13 61.30 41.83 15.28 3.50 0.00 0.00 0.00
0.00 0.00 0.00 0.00 0.00 0.00 0.00 1.78 36.61 70.96 114.11 153.78 185.13 337.51 345.43 334.04 363.41 290.17 205.49 167.23 65.33 0.00 0.00 0.00
0.00 0.00 0.00 0.00 0.00 0.00 0.00 0.18 0.93 1.62 2.42 3.33 4.02 3.57 3.69 3.53 2.76 2.15 1.42 0.76 0.10 0.00 0.00 0.00
0.00 0.00 0.00 0.00 0.00 0.00 0.00 2.02 21.56 40.57 62.40 83.20 99.56 106.28 108.24 102.19 92.41 73.93 51.41 26.45 7.90 0.00 0.00 0.00
0.00 0.00 0.00 0.00 0.00 0.00 0.00 0.00 6.07 12.81 20.88 28.57 34.15 37.63 37.62 34.69 29.06 23.00 16.19 8.93 3.12 0.00 0.00 0.00
0.00 0.00 0.00 0.00 0.00 0.00 0.00 0.72 2.53 4.26 6.59 8.66 10.08 10.69 10.90 10.45 9.39 7.26 4.73 1.91 0.27 0.00 0.00 0.00
0.00 0.00 0.00 0.00 0.00 0.00 0.00 0.36 1.27 2.13 3.29 4.33 5.04 5.34 5.45 5.22 4.69 3.63 2.36 0.95 0.13 0.00 0.00 0.00
0.00 0.00 0.00 0.00 0.00 0.00 0.00 0.79 2.77 4.66 7.20 9.47 11.02 11.69 11.92 11.42 10.27 7.94 5.17 2.09 0.29 0.00 0.00 0.00
0.00 0.00 0.00 0.00 0.00 0.00 0.00 0.89 3.22 5.42 8.54 11.23 13.04 13.88 14.24 13.85 12.28 9.39 6.21 2.47 0.33 0.00 0.00 0.00
0.00 0.00 0.00 0.00 0.00 0.00 0.00 1.35 4.90 8.25 13.02 17.12 19.86 21.15 21.71 21.10 18.71 14.31 9.46 3.77 0.51 0.00 0.00 0.00
0.00 0.00 0.00 0.00 0.00 0.00 0.00 1.20 4.55 7.73 11.97 15.37 18.03 17.69 18.02 17.15 16.63 12.88 8.46 3.49 0.54 0.00 0.00 0.00
0.00 0.00 0.00 0.00 0.00 0.00 0.00 0.51 2.48 4.39 6.36 8.30 9.75 11.76 11.72 10.98 13.42 10.49 7.10 3.48 0.89 0.00 0.00 0.00
0.00 0.00 0.00 0.00 0.00 0.00 0.00 1.33 6.42 11.35 16.43 21.44 25.20 30.38 30.28 28.36 34.66 27.10 18.35 8.98 2.31 0.00 0.00 0.00
0.00 0.00 0.00 0.00 0.00 0.00 0.00 0.37 2.08 3.73 4.75 6.25 7.35 7.56 7.69 7.19 7.99 6.26 4.24 2.35 0.60 0.00 0.00 0.00
0.00 0.00 0.00 0.00 0.00 0.00 0.00 0.99 4.38 7.54 11.33 15.00 17.80 18.13 18.76 17.83 11.75 9.05 5.95 3.19 0.34 0.00 0.00 0.00
0.00 0.00 0.00 0.00 0.00 0.00 0.00 1.83 7.51 12.86 19.44 25.97 31.72 34.72 35.24 33.64 25.53 19.61 12.66 6.14 0.81 0.00 0.00 0.00
0.00 0.00 0.00 0.00 0.00 0.00 0.00 0.31 1.06 1.77 2.66 3.39 3.85 3.79 3.78 3.57 2.43 1.84 1.18 0.30 0.00 0.00 0.00 0.00
0.00 0.00 0.00 0.00 0.00 0.00 0.00 1.53 6.17 10.49 15.68 20.32 23.45 23.17 23.17 21.88 13.31 10.22 6.59 1.54 0.04 0.00 0.00 0.00
0.00 0.00 0.00 0.00 0.00 0.00 0.00 1.12 4.18 7.07 10.64 13.73 15.68 15.72 15.70 14.68 9.11 6.99 4.46 1.00 0.00 0.00 0.00 0.00
0.00 0.00 0.00 0.00 0.00 0.00 0.00 1.55 5.77 9.76 14.68 18.95 21.64 21.69 21.67 20.26 12.57 9.65 6.15 1.38 0.00 0.00 0.00 0.00
0.00 0.00 0.00 0.00 0.00 0.00 0.00 1.05 3.93 6.65 10.00 12.91 14.74 14.77 14.76 13.80 8.56 6.57 4.19 0.94 0.00 0.00 0.00 0.00
0.00 0.00 0.00 0.00 0.00 0.00 0.00 0.81 3.29 5.60 8.36 10.84 12.51 12.36 12.36 11.67 7.10 5.45 3.52 0.82 0.02 0.00 0.00 0.00
0.00 0.00 0.00 0.00 0.00 0.00 0.00 0.87 3.10 5.24 8.02 10.21 11.74 12.02 11.98 10.96 7.87 5.90 3.68 0.77 0.00 0.00 0.00 0.00
0.00 0.00 0.00 0.00 0.00 0.00 0.00 0.55 2.95 5.18 7.78 10.32 12.19 12.68 12.74 12.14 8.43 6.58 4.29 1.44 0.12 0.00 0.00 0.00
0.00 0.00 0.00 0.00 0.00 0.00 0.00 1.26 26.18 49.81 75.21 98.81 116.34 121.13 123.60 119.05 90.05 69.36 44.09 16.32 2.10 0.00 0.00 0.00
0.00 0.00 0.00 0.00 0.00 0.00 0.00 0.65 4.01 7.18 11.12 15.22 18.62 13.00 13.65 13.13 10.64 8.33 5.46 3.45 0.52 0.00 0.00 0.00
0.00 0.00 0.00 0.00 0.00 0.00 0.00 1.18 6.05 10.63 16.43 22.64 26.96 26.60 26.82 25.59 21.83 16.86 11.01 4.63 0.55 0.00 0.00 0.00
0.00 0.00 0.00 0.00 0.00 0.00 0.00 0.54 2.77 4.87 7.53 10.38 12.36 12.19 12.29 11.73 10.00 7.73 5.05 2.12 0.25 0.00 0.00 0.00
0.00 0.00 0.00 0.00 0.00 0.00 0.00 0.83 5.01 8.95 13.74 18.73 22.98 16.49 17.30 16.68 12.86 10.08 6.62 4.41 0.67 0.00 0.00 0.00
0.00 0.00 0.00 0.00 0.00 0.00 0.00 0.45 2.25 3.94 5.89 8.09 9.77 8.68 8.97 8.58 6.71 5.22 3.44 1.84 0.24 0.00 0.00 0.00
0.00 0.00 0.00 0.00 0.00 0.00 0.00 0.98 15.93 30.17 37.08 54.12 69.51 112.09 118.57 113.96 79.86 63.46 43.31 15.82 3.62 0.00 0.00 0.00
0.00 0.00 0.00 0.00 0.00 0.00 0.00 1.20 7.62 13.85 19.76 25.96 30.60 35.04 35.62 33.86 37.72 30.05 20.41 10.09 2.82 0.00 0.00 0.00
0.00 0.00 0.00 0.00 0.00 0.00 0.00 0.26 1.81 3.30 4.73 6.24 7.36 7.52 7.71 7.26 7.72 6.09 4.13 2.40 0.66 0.00 0.00 0.00
0.00 0.00 0.00 0.00 0.00 0.00 0.00 0.41 2.99 5.49 8.27 11.05 13.33 13.01 13.10 12.33 11.28 8.82 5.98 3.03 0.79 0.00 0.00 0.00
0.00 0.00 0.00 0.00 0.00 0.00 0.00 0.65 4.79 8.78 13.24 17.67 21.32 20.82 20.96 19.72 18.05 14.11 9.56 4.84 1.27 0.00 0.00 0.00
0.00 0.00 0.00 0.00 0.00 0.00 0.00 0.00 98.11 196.56 315.31 425.95 516.72 571.29 578.57 544.31 458.23 357.46 247.19 131.55 42.87 0.00 0.00 0.00
