0.00 0.00 0.00 0.00 0.00 0.00 0.00 0.00 0.00 0.24 0.97 1.57 2.18 2.41 2.54 2.45 2.45 1.78 1.08 0.20 0.00 0.00 0.00 0.00
0.00 0.00 0.00 0.00 0.00 0.00 0.00 0.00 0.00 9.51 23.80 37.58 48.19 52.57 54.54 52.26 44.76 32.91 18.78 1.65 0.00 0.00 0.00 0.00
0.00 0.00 0.00 0.00 0.00 0.00 0.00 0.00 0.00 5.47 22.10 35.87 49.75 55.04 58.15 56.13 56.04 40.76 24.72 4.46 0.00 0.00 0.00 0.00
0.00 0.00 0.00 0.00 0.00 0.00 0.00 0.00 0.00 19.44 78.55 127.48 176.80 195.60 206.67 199.48 199.16 144.85 87.84 15.87 0.00 0.00 0.00 0.00
0.00 0.00 0.00 0.00 0.00 0.00 0.00 0.00 0.00 1.70 3.70 5.67 7.22 8.67 8.62 8.17 6.75 4.75 2.46 0.00 0.00 0.00 0.00 0.00
0.00 0.00 0.00 0.00 0.00 0.00 0.00 0.00 0.00 28.38 160.70 264.84 368.93 362.32 391.24 378.49 451.55 326.26 200.18 41.75 0.00 0.00 0.00 0.00
0.00 0.00 0.00 0.00 0.00 0.00 0.00 0.00 0.00 0.59 2.23 3.59 4.77 5.51 5.53 5.31 4.08 2.76 1.46 0.00 0.00 0.00 0.00 0.00
0.00 0.00 0.00 0.00 0.00 0.00 0.00 0.00 0.00 0.50 1.23 1.97 2.66 3.12 3.20 3.13 2.76 2.00 1.13 0.09 0.00 0.00 0.00 0.00
0.00 0.00 0.00 0.00 0.00 0.00 0.00 0.00 0.00 0.80 1.97 3.16 4.26 5.00 5.12 5.01 4.42 3.20 1.81 0.15 0.00 0.00 0.00 0.00
0.00 0.00 0.00 0.00 0.00 0.00 0.00 0.00 0.00 0.80 1.97 3.16 4.26 5.00 5.12 5.01 4.42 3.20 1.81 0.15 0.00 0.00 0.00 0.00
0.00 0.00 0.00 0.00 0.00 0.00 0.00 0.00 0.00 1.59 4.49 7.15 9.91 11.98 12.35 12.02 10.77 7.69 4.40 0.49 0.00 0.00 0.00 0.00
0.00 0.00 0.00 0.00 0.00 0.00 0.00 0.00 0.00 0.77 2.14 3.47 4.78 5.77 5.94 5.76 5.14 3.70 2.12 0.23 0.00 0.00 0.00 0.00
0.00 0.00 0.00 0.00 0.00 0.00 0.00 0.00 0.00 0.99 2.76 4.46 6.14 7.42 7.63 7.41 6.61 4.76 2.73 0.30 0.00 0.00 0.00 0.00
0.00 0.00 0.00 0.00 0.00 0.00 0.00 0.00 0.00 0.66 1.84 2.98 4.10 4.94 5.09 4.94 4.41 3.17 1.82 0.20 0.00 0.00 0.00 0.00
0.00 0.00 0.00 0.00 0.00 0.00 0.00 0.00 0.00 0.66 1.84 2.98 4.10 4.94 5.09 4.94 4.41 3.17 1.82 0.20 0.00 0.00 0.00 0.00
0.00 0.00 0.00 0.00 0.00 0.00 0.00 0.00 0.00 11.50 30.36 48.55 63.60 72.89 76.95 74.23 66.72 48.42 29.08 5.37 0.00 0.00 0.00 0.00
0.00 0.00 0.00 0.00 0.00 0.00 0.00 0.00 0.00 4.98 13.72 22.13 30.95 35.58 36.05 35.13 31.80 22.74 12.88 1.23 0.00 0.00 0.00 0.00
0.00 0.00 0.00 0.00 0.00 0.00 0.00 0.00 0.00 4.27 11.83 19.08 25.69 27.41 28.14 27.12 24.13 17.26 9.80 0.74 0.00 0.00 0.00 0.00
0.00 0.00 0.00 0.00 0.00 0.00 0.00 0.00 0.00 8.37 47.40 78.12 108.82 106.87 115.40 111.64 133.19 96.23 59.05 12.31 0.00 0.00 0.00 0.00
0.00 0.00 0.00 0.00 0.00 0.00 0.00 0.00 0.00 7.96 45.09 74.31 103.51 101.66 109.77 106.19 126.69 91.54 56.17 11.71 0.00 0.00 0.00 0.00
0.00 0.00 0.00 0.00 0.00 0.00 0.00 0.00 0.00 15.31 86.71 142.90 199.06 195.50 211.10 204.22 243.64 176.04 108.01 22.53 0.00 0.00 0.00 0.00
0.00 0.00 0.00 0.00 0.00 0.00 0.00 0.00 0.00 15.06 85.27 140.52 195.74 192.24 207.58 200.82 239.58 173.10 106.21 22.15 0.00 0.00 0.00 0.00
0.00 0.00 0.00 0.00 0.00 0.00 0.00 0.00 0.00 25.04 111.12 182.59 253.69 298.86 312.14 302.45 276.11 199.96 121.23 21.79 0.00 0.00 0.00 0.00
0.00 0.00 0.00 0.00 0.00 0.00 0.00 0.00 0.00 0.50 1.23 1.97 2.66 3.12 3.20 3.13 2.76 2.00 1.13 0.09 0.00 0.00 0.00 0.00
0.00 0.00 0.00 0.00 0.00 0.00 0.00 0.00 0.00 2.52 6.25 10.00 13.50 15.83 16.22 15.85 13.99 10.14 5.72 0.47 0.00 0.00 0.00 0.00
0.00 0.00 0.00 0.00 0.00 0.00 0.00 0.00 0.00 12.88 31.91 51.03 68.90 80.82 82.82 80.92 71.43 51.76 29.21 2.42 0.00 0.00 0.00 0.00
0.00 0.00 0.00 0.00 0.00 0.00 0.00 0.00 0.00 0.57 3.24 5.33 7.43 7.30 7.88 7.62 9.10 6.57 4.03 0.84 0.00 0.00 0.00 0.00
0.00 0.00 0.00 0.00 0.00 0.00 0.00 0.00 0.00 19.14 77.32 125.49 174.04 192.55 203.45 196.37 196.06 142.60 86.47 15.62 0.00 0.00 0.00 0.00
0.00 0.00 0.00 0.00 0.00 0.00 0.00 0.00 0.00 2.45 7.35 11.65 16.11 17.77 19.02 18.26 15.14 11.43 6.88 0.89 0.00 0.00 0.00 0.00
0.00 0.00 0.00 0.00 0.00 0.00 0.00 0.00 0.00 12.48 44.57 70.81 94.48 105.50 107.99 103.71 92.15 66.38 38.32 4.40 0.00 0.00 0.00 0.00
0.00 0.00 0.00 0.00 0.00 0.00 0.00 0.00 0.00 0.32 1.29 2.09 2.90 3.21 3.39 3.27 3.27 2.38 1.44 0.26 0.00 0.00 0.00 0.00
0.00 0.00 0.00 0.00 0.00 0.00 0.00 0.00 0.00 14.35 57.99 94.12 130.53 144.41 152.59 147.28 147.04 106.95 64.85 11.72 0.00 0.00 0.00 0.00
0.00 0.00 0.00 0.00 0.00 0.00 0.00 0.00 0.00 18.42 74.43 120.78 167.52 185.33 195.82 189.01 188.70 137.25 83.23 15.03 0.00 0.00 0.00 0.00
0.00 0.00 0.00 0.00 0.00 0.00 0.00 0.00 0.00 33.02 146.54 240.80 334.56 394.12 411.63 398.85 364.12 263.70 159.88 28.74 0.00 0.00 0.00 0.00
0.00 0.00 0.00 0.00 0.00 0.00 0.00 0.00 0.00 1.24 3.36 5.52 7.66 9.06 9.54 9.20 8.23 5.95 3.46 0.42 0.00 0.00 0.00 0.00
0.00 0.00 0.00 0.00 0.00 0.00 0.00 0.00 0.00 1.53 4.17 6.90 9.54 11.28 11.91 11.50 10.17 7.33 4.25 0.49 0.00 0.00 0.00 0.00
0.00 0.00 0.00 0.00 0.00 0.00 0.00 0.00 0.00 10.12 30.33 48.04 66.46 73.29 78.48 75.33 62.44 47.17 28.38 3.65 0.00 0.00 0.00 0.00
0.00 0.00 0.00 0.00 0.00 0.00 0.00 0.00 0.00 12.21 116.18 201.32 287.14 368.77 395.92 380.51 270.69 200.19 122.23 15.79 0.00 0.00 0.00 0.00
0.00 0.00 0.00 0.00 0.00 0.00 0.00 0.00 0.00 0.42 1.08 1.74 2.41 2.78 2.81 2.67 2.45 1.77 0.99 0.07 0.00 0.00 0.00 0.00
0.00 0.00 0.00 0.00 0.00 0.00 0.00 0.00 0.00 5.59 20.78 33.39 46.37 52.39 54.71 52.52 48.31 34.62 20.61 3.33 0.00 0.00 0.00 0.00
0.00 0.00 0.00 0.00 0.00 0.00 0.00 0.00 0.00 1.22 5.47 9.22 13.25 13.59 14.62 13.82 15.32 11.21 6.82 1.40 0.00 0.00 0.00 0.00
0.00 0.00 0.00 0.00 0.00 0.00 0.00 0.00 0.00 0.75 2.58 4.04 5.30 6.07 6.21 5.86 4.70 3.21 1.67 0.00 0.00 0.00 0.00 0.00
0.00 0.00 0.00 0.00 0.00 0.00 0.00 0.00 0.00 0.37 1.29 2.02 2.65 3.03 3.11 2.93 2.35 1.60 0.84 0.00 0.00 0.00 0.00 0.00
0.00 0.00 0.00 0.00 0.00 0.00 0.00 0.00 0.00 0.81 2.82 4.42 5.80 6.64 6.80 6.40 5.14 3.51 1.83 0.00 0.00 0.00 0.00 0.00
0.00 0.00 0.00 0.00 0.00 0.00 0.00 0.00 0.00 1.22 3.27 5.15 6.83 7.83 7.97 7.58 6.28 4.30 2.26 0.00 0.00 0.00 0.00 0.00
0.00 0.00 0.00 0.00 0.00 0.00 0.00 0.00 0.00 1.86 4.98 7.85 10.40 11.93 12.14 11.56 9.57 6.55 3.45 0.00 0.00 0.00 0.00 0.00
0.00 0.00 0.00 0.00 0.00 0.00 0.00 0.00 0.00 1.25 4.55 7.26 9.65 11.04 11.10 10.70 8.24 5.54 2.95 0.00 0.00 0.00 0.00 0.00
0.00 0.00 0.00 0.00 0.00 0.00 0.00 0.00 0.00 1.11 3.71 5.85 7.83 7.80 7.90 7.45 7.19 5.05 2.82 0.18 0.00 0.00 0.00 0.00
0.00 0.00 0.00 0.00 0.00 0.00 0.00 0.00 0.00 2.86 9.57 15.12 20.24 20.14 20.42 19.25 18.57 13.04 7.29 0.45 0.00 0.00 0.00 0.00
0.00 0.00 0.00 0.00 0.00 0.00 0.00 0.00 0.00 0.64 2.20 3.50 4.72 5.29 5.38 5.11 4.34 3.13 1.78 0.20 0.00 0.00 0.00 0.00
0.00 0.00 0.00 0.00 0.00 0.00 0.00 0.00 0.00 1.91 4.74 7.70 10.20 11.74 12.17 11.71 10.47 7.40 4.06 0.18 0.00 0.00 0.00 0.00
0.00 0.00 0.00 0.00 0.00 0.00 0.00 0.00 0.00 3.03 8.17 13.14 17.45 20.94 21.27 20.43 16.11 11.31 6.13 0.12 0.00 0.00 0.00 0.00
0.00 0.00 0.00 0.00 0.00 0.00 0.00 0.00 0.00 0.54 1.23 1.85 2.32 2.60 2.60 2.49 2.22 1.57 0.81 0.00 0.00 0.00 0.00 0.00
0.00 0.00 0.00 0.00 0.00 0.00 0.00 0.00 0.00 2.78 6.89 10.89 13.95 15.77 15.83 15.41 13.05 9.16 4.94 0.08 0.00 0.00 0.00 0.00
0.00 0.00 0.00 0.00 0.00 0.00 0.00 0.00 0.00 1.88 4.68 7.34 9.21 10.19 10.36 9.95 8.57 5.96 3.16 0.00 0.00 0.00 0.00 0.00
0.00 0.00 0.00 0.00 0.00 0.00 0.00 0.00 0.00 2.59 6.46 10.13 12.71 14.06 14.29 13.74 11.83 8.23 4.36 0.00 0.00 0.00 0.00 0.00
0.00 0.00 0.00 0.00 0.00 0.00 0.00 0.00 0.00 1.76 4.40 6.90 8.66 9.57 9.73 9.36 8.06 5.61 2.97 0.00 0.00 0.00 0.00 0.00
0.00 0.00 0.00 0.00 0.00 0.00 0.00 0.00 0.00 1.48 3.67 5.81 7.44 8.41 8.44 8.22 6.96 4.89 2.64 0.04 0.00 0.00 0.00 0.00
0.00 0.00 0.00 0.00 0.00 0.00 0.00 0.00 0.00 1.56 3.47 5.40 6.66 7.79 7.87 7.37 6.22 4.41 2.30 0.00 0.00 0.00 0.00 0.00
0.00 0.00 0.00 0.00 0.00 0.00 0.00 0.00 0.00 1.43 3.54 5.66 7.64 8.96 9.18 8.97 7.92 5.74 3.24 0.27 0.00 0.00 0.00 0.00
0.00 0.00 0.00 0.00 0.00 0.00 0.00 0.00 0.00 14.96 39.52 63.19 82.79 94.87 100.15 96.61 86.85 63.02 37.85 6.99 0.00 0.00 0.00 0.00
0.00 0.00 0.00 0.00 0.00 0.00 0.00 0.00 0.00 1.80 5.09 8.10 11.23 13.58 14.00 13.63 12.21 8.71 4.99 0.55 0.00 0.00 0.00 0.00
0.00 0.00 0.00 0.00 0.00 0.00 0.00 0.00 0.00 2.95 7.43 12.31 16.72 19.69 19.94 19.73 17.49 12.38 6.96 0.47 0.00 0.00 0.00 0.00
0.00 0.00 0.00 0.00 0.00 0.00 0.00 0.00 0.00 1.35 3.40 5.64 7.66 9.03 9.14 9.05 8.02 5.67 3.19 0.22 0.00 0.00 0.00 0.00
0.00 0.00 0.00 0.00 0.00 0.00 0.00 0.00 0.00 2.22 6.27 9.93 13.83 16.64 17.11 16.55 14.92 10.69 6.12 0.66 0.00 0.00 0.00 0.00
0.00 0.00 0.00 0.00 0.00 0.00 0.00 0.00 0.00 1.01 2.61 4.23 5.86 6.75 6.83 6.50 5.96 4.29 2.41 0.16 0.00 0.00 0.00 0.00
0.00 0.00 0.00 0.00 0.00 0.00 0.00 0.00 0.00 10.48 31.40 49.74 68.81 75.88 81.25 77.99 64.64 48.84 29.38 3.78 0.00 0.00 0.00 0.00
0.00 0.00 0.00 0.00 0.00 0.00 0.00 0.00 0.00 2.98 10.66 16.93 22.59 25.23 25.82 24.80 22.04 15.87 9.16 1.05 0.00 0.00 0.00 0.00
0.00 0.00 0.00 0.00 0.00 0.00 0.00 0.00 0.00 0.68 2.21 3.53 4.77 5.29 5.47 5.28 4.54 3.24 1.88 0.26 0.00 0.00 0.00 0.00
0.00 0.00 0.00 0.00 0.00 0.00 0.00 0.00 0.00 0.84 2.18 3.50 4.64 5.69 5.89 5.62 4.61 3.36 1.95 0.30 0.00 0.00 0.00 0.00
0.00 0.00 0.00 0.00 0.00 0.00 0.00 0.00 0.00 1.34 3.49 5.59 7.42 9.11 9.42 9.00 7.38 5.37 3.13 0.48 0.00 0.00 0.00 0.00
0.00 0.00 0.00 0.00 0.00 0.00 0.00 0.00 0.00 15.57 88.16 145.28 202.38 198.75 214.62 207.62 247.70 178.97 109.81 22.90 0.00 0.00 0.00 0.00
