0.00 0.00 0.00 0.00 0.00 0.00 0.00 0.00 0.00 0.11 1.10 1.89 2.71 3.20 3.36 3.18 2.64 1.80 0.93 0.00 0.00 0.00 0.00 0.00
0.00 0.00 0.00 0.00 0.00 0.00 0.00 0.00 0.00 7.71 24.66 37.38 48.81 54.01 54.57 52.08 42.33 28.96 13.81 0.00 0.00 0.00 0.00 0.00
0.00 0.00 0.00 0.00 0.00 0.00 0.00 0.00 0.00 2.53 25.08 43.19 61.90 73.15 76.78 72.72 60.42 41.18 21.19 0.00 0.00 0.00 0.00 0.00
0.00 0.00 0.00 0.00 0.00 0.00 0.00 0.00 0.00 8.97 89.15 153.50 220.00 259.99 272.88 258.43 214.72 146.34 75.31 0.00 0.00 0.00 0.00 0.00
0.00 0.00 0.00 0.00 0.00 0.00 0.00 0.00 0.00 1.38 4.01 5.94 7.66 8.92 9.08 8.23 6.67 4.47 1.76 0.00 0.00 0.00 0.00 0.00
0.00 0.00 0.00 0.00 0.00 0.00 0.00 0.00 0.00 17.80 208.34 361.53 522.42 646.62 681.53 641.98 530.56 367.22 198.48 0.06 0.00 0.00 0.00 0.00
0.00 0.00 0.00 0.00 0.00 0.00 0.00 0.00 0.00 0.53 1.72 2.70 3.67 3.37 3.45 3.16 2.24 1.50 0.60 0.00 0.00 0.00 0.00 0.00
0.00 0.00 0.00 0.00 0.00 0.00 0.00 0.00 0.00 0.40 1.33 2.01 2.63 3.12 3.27 3.07 2.50 1.71 0.79 0.00 0.00 0.00 0.00 0.00
0.00 0.00 0.00 0.00 0.00 0.00 0.00 0.00 0.00 0.64 2.12 3.21 4.21 4.99 5.23 4.91 4.00 2.74 1.27 0.00 0.00 0.00 0.00 0.00
0.00 0.00 0.00 0.00 0.00 0.00 0.00 0.00 0.00 0.64 2.12 3.21 4.21 4.99 5.23 4.91 4.00 2.74 1.27 0.00 0.00 0.00 0.00 0.00
0.00 0.00 0.00 0.00 0.00 0.00 0.00 0.00 0.00 1.23 4.75 7.39 10.12 12.13 12.71 12.09 10.00 7.00 3.32 0.00 0.00 0.00 0.00 0.00
0.00 0.00 0.00 0.00 0.00 0.00 0.00 0.00 0.00 0.59 2.22 3.44 4.78 5.78 5.99 5.68 4.75 3.27 1.55 0.00 0.00 0.00 0.00 0.00
0.00 0.00 0.00 0.00 0.00 0.00 0.00 0.00 0.00 0.75 2.86 4.43 6.15 7.43 7.71 7.31 6.10 4.20 1.99 0.00 0.00 0.00 0.00 0.00
0.00 0.00 0.00 0.00 0.00 0.00 0.00 0.00 0.00 0.50 1.91 2.95 4.10 4.95 5.14 4.87 4.07 2.80 1.33 0.00 0.00 0.00 0.00 0.00
0.00 0.00 0.00 0.00 0.00 0.00 0.00 0.00 0.00 0.50 1.91 2.95 4.10 4.95 5.14 4.87 4.07 2.80 1.33 0.00 0.00 0.00 0.00 0.00
0.00 0.00 0.00 0.00 0.00 0.00 0.00 0.00 0.00 7.90 28.06 43.23 60.68 71.89 75.27 72.02 60.37 41.67 21.87 0.00 0.00 0.00 0.00 0.00
0.00 0.00 0.00 0.00 0.00 0.00 0.00 0.00 0.00 3.88 14.80 22.97 30.93 36.62 38.43 36.24 30.03 20.46 9.48 0.00 0.00 0.00 0.00 0.00
0.00 0.00 0.00 0.00 0.00 0.00 0.00 0.00 0.00 3.11 12.84 20.20 27.22 31.91 32.94 30.99 23.11 16.06 7.42 0.00 0.00 0.00 0.00 0.00
0.00 0.00 0.00 0.00 0.00 0.00 0.00 0.00 0.00 5.25 61.45 106.64 154.09 190.73 201.03 189.36 156.50 108.32 58.54 0.02 0.00 0.00 0.00 0.00
0.00 0.00 0.00 0.00 0.00 0.00 0.00 0.00 0.00 5.00 58.45 101.44 146.58 181.43 191.22 180.12 148.86 103.03 55.69 0.02 0.00 0.00 0.00 0.00
0.00 0.00 0.00 0.00 0.00 0.00 0.00 0.00 0.00 9.61 112.41 195.07 281.88 348.90 367.73 346.39 286.27 198.14 107.09 0.03 0.00 0.00 0.00 0.00
0.00 0.00 0.00 0.00 0.00 0.00 0.00 0.00 0.00 9.45 110.54 191.82 277.18 343.08 361.60 340.62 281.50 194.84 105.31 0.03 0.00 0.00 0.00 0.00
0.00 0.00 0.00 0.00 0.00 0.00 0.00 0.00 0.00 7.66 102.86 180.76 258.12 318.06 331.63 312.14 274.49 187.82 95.93 0.00 0.00 0.00 0.00 0.00
0.00 0.00 0.00 0.00 0.00 0.00 0.00 0.00 0.00 0.40 1.33 2.01 2.63 3.12 3.27 3.07 2.50 1.71 0.79 0.00 0.00 0.00 0.00 0.00
0.00 0.00 0.00 0.00 0.00 0.00 0.00 0.00 0.00 2.02 6.72 10.17 13.32 15.81 16.56 15.54 12.68 8.67 4.02 0.00 0.00 0.00 0.00 0.00
0.00 0.00 0.00 0.00 0.00 0.00 0.00 0.00 0.00 10.29 34.29 51.91 67.99 80.70 84.55 79.35 64.71 44.26 20.54 0.00 0.00 0.00 0.00 0.00
0.00 0.00 0.00 0.00 0.00 0.00 0.00 0.00 0.00 0.36 4.20 7.28 10.52 13.03 13.73 12.93 10.69 7.40 4.00 0.00 0.00 0.00 0.00 0.00
0.00 0.00 0.00 0.00 0.00 0.00 0.00 0.00 0.00 8.84 87.76 151.11 216.57 255.93 268.63 254.41 211.38 144.06 74.14 0.00 0.00 0.00 0.00 0.00
0.00 0.00 0.00 0.00 0.00 0.00 0.00 0.00 0.00 1.49 7.39 11.91 16.26 19.98 21.62 20.84 17.44 12.93 6.67 0.00 0.00 0.00 0.00 0.00
0.00 0.00 0.00 0.00 0.00 0.00 0.00 0.00 0.00 3.74 25.57 43.20 60.76 77.75 79.62 74.19 70.06 48.75 22.63 0.00 0.00 0.00 0.00 0.00
0.00 0.00 0.00 0.00 0.00 0.00 0.00 0.00 0.00 0.15 1.46 2.52 3.61 4.27 4.48 4.24 3.52 2.40 1.24 0.00 0.00 0.00 0.00 0.00
0.00 0.00 0.00 0.00 0.00 0.00 0.00 0.00 0.00 6.63 65.82 113.33 162.43 191.95 201.47 190.80 158.53 108.04 55.60 0.00 0.00 0.00 0.00 0.00
0.00 0.00 0.00 0.00 0.00 0.00 0.00 0.00 0.00 8.50 84.47 145.44 208.45 246.34 258.56 244.87 203.45 138.66 71.36 0.00 0.00 0.00 0.00 0.00
0.00 0.00 0.00 0.00 0.00 0.00 0.00 0.00 0.00 10.10 135.65 238.38 340.40 419.44 437.34 411.63 361.98 247.69 126.50 0.00 0.00 0.00 0.00 0.00
0.00 0.00 0.00 0.00 0.00 0.00 0.00 0.00 0.00 0.87 3.36 5.20 7.29 9.05 9.72 9.11 7.60 5.24 2.55 0.00 0.00 0.00 0.00 0.00
0.00 0.00 0.00 0.00 0.00 0.00 0.00 0.00 0.00 1.11 4.23 6.56 9.20 11.32 12.03 11.35 9.42 6.48 3.14 0.00 0.00 0.00 0.00 0.00
0.00 0.00 0.00 0.00 0.00 0.00 0.00 0.00 0.00 6.16 30.47 49.13 67.08 82.43 89.19 85.98 71.94 53.35 27.51 0.00 0.00 0.00 0.00 0.00
0.00 0.00 0.00 0.00 0.00 0.00 0.00 0.00 0.00 0.00 66.17 126.99 181.18 249.51 267.75 253.86 262.40 181.30 91.86 0.00 0.00 0.00 0.00 0.00
0.00 0.00 0.00 0.00 0.00 0.00 0.00 0.00 0.00 0.31 1.16 1.79 2.43 2.84 2.96 2.80 2.22 1.52 0.69 0.00 0.00 0.00 0.00 0.00
0.00 0.00 0.00 0.00 0.00 0.00 0.00 0.00 0.00 2.42 20.35 34.80 49.43 62.19 63.97 59.56 51.31 35.47 17.60 0.00 0.00 0.00 0.00 0.00
0.00 0.00 0.00 0.00 0.00 0.00 0.00 0.00 0.00 0.46 7.79 13.87 20.08 24.72 26.70 25.11 20.60 14.64 8.30 0.38 0.00 0.00 0.00 0.00
0.00 0.00 0.00 0.00 0.00 0.00 0.00 0.00 0.00 0.64 2.09 3.26 4.39 3.78 3.79 3.48 2.51 1.68 0.64 0.00 0.00 0.00 0.00 0.00
0.00 0.00 0.00 0.00 0.00 0.00 0.00 0.00 0.00 0.32 1.05 1.63 2.19 1.89 1.90 1.74 1.25 0.84 0.32 0.00 0.00 0.00 0.00 0.00
0.00 0.00 0.00 0.00 0.00 0.00 0.00 0.00 0.00 0.70 2.29 3.57 4.80 4.13 4.15 3.81 2.74 1.83 0.70 0.00 0.00 0.00 0.00 0.00
0.00 0.00 0.00 0.00 0.00 0.00 0.00 0.00 0.00 0.86 3.07 4.77 6.36 5.53 5.63 5.24 3.94 2.65 1.04 0.00 0.00 0.00 0.00 0.00
0.00 0.00 0.00 0.00 0.00 0.00 0.00 0.00 0.00 1.31 4.68 7.27 9.69 8.43 8.58 7.99 6.01 4.03 1.58 0.00 0.00 0.00 0.00 0.00
0.00 0.00 0.00 0.00 0.00 0.00 0.00 0.00 0.00 1.07 3.54 5.56 7.65 7.11 7.16 6.53 4.66 3.14 1.26 0.00 0.00 0.00 0.00 0.00
0.00 0.00 0.00 0.00 0.00 0.00 0.00 0.00 0.00 0.29 1.75 2.92 4.06 5.19 5.27 4.98 4.60 3.15 1.37 0.00 0.00 0.00 0.00 0.00
0.00 0.00 0.00 0.00 0.00 0.00 0.00 0.00 0.00 0.76 4.53 7.54 10.50 13.39 13.60 12.86 11.88 8.13 3.53 0.00 0.00 0.00 0.00 0.00
0.00 0.00 0.00 0.00 0.00 0.00 0.00 0.00 0.00 0.27 1.42 2.35 3.25 4.00 4.05 3.82 3.20 2.21 1.00 0.00 0.00 0.00 0.00 0.00
0.00 0.00 0.00 0.00 0.00 0.00 0.00 0.00 0.00 1.49 5.25 8.03 10.64 12.23 12.62 11.90 8.22 5.62 2.44 0.00 0.00 0.00 0.00 0.00
0.00 0.00 0.00 0.00 0.00 0.00 0.00 0.00 0.00 2.21 8.14 12.61 17.22 16.23 16.69 15.34 12.11 8.25 3.47 0.00 0.00 0.00 0.00 0.00
0.00 0.00 0.00 0.00 0.00 0.00 0.00 0.00 0.00 0.39 1.17 1.73 2.22 2.65 2.68 2.47 1.89 1.27 0.49 0.00 0.00 0.00 0.00 0.00
0.00 0.00 0.00 0.00 0.00 0.00 0.00 0.00 0.00 2.17 6.82 10.17 13.43 16.02 16.17 14.84 11.94 8.13 3.46 0.00 0.00 0.00 0.00 0.00
0.00 0.00 0.00 0.00 0.00 0.00 0.00 0.00 0.00 1.54 4.72 7.06 9.17 10.72 10.85 9.95 7.92 5.31 2.18 0.00 0.00 0.00 0.00 0.00
0.00 0.00 0.00 0.00 0.00 0.00 0.00 0.00 0.00 2.13 6.51 9.75 12.65 14.80 14.98 13.73 10.92 7.32 3.00 0.00 0.00 0.00 0.00 0.00
0.00 0.00 0.00 0.00 0.00 0.00 0.00 0.00 0.00 1.45 4.44 6.64 8.62 10.08 10.20 9.35 7.44 4.99 2.05 0.00 0.00 0.00 0.00 0.00
0.00 0.00 0.00 0.00 0.00 0.00 0.00 0.00 0.00 1.16 3.64 5.43 7.16 8.55 8.62 7.92 6.37 4.33 1.85 0.00 0.00 0.00 0.00 0.00
0.00 0.00 0.00 0.00 0.00 0.00 0.00 0.00 0.00 1.23 3.69 5.49 6.96 8.07 8.28 7.54 6.08 4.09 1.64 0.00 0.00 0.00 0.00 0.00
0.00 0.00 0.00 0.00 0.00 0.00 0.00 0.00 0.00 1.14 3.80 5.75 7.53 8.94 9.37 8.79 7.17 4.91 2.28 0.00 0.00 0.00 0.00 0.00
0.00 0.00 0.00 0.00 0.00 0.00 0.00 0.00 0.00 10.28 36.53 56.27 78.98 93.57 97.96 93.74 78.57 54.23 28.46 0.00 0.00 0.00 0.00 0.00
0.00 0.00 0.00 0.00 0.00 0.00 0.00 0.00 0.00 1.39 5.38 8.37 11.47 13.75 14.41 13.70 11.34 7.93 3.76 0.00 0.00 0.00 0.00 0.00
0.00 0.00 0.00 0.00 0.00 0.00 0.00 0.00 0.00 2.29 8.13 12.44 17.05 20.41 20.95 19.85 16.29 11.23 5.13 0.00 0.00 0.00 0.00 0.00
0.00 0.00 0.00 0.00 0.00 0.00 0.00 0.00 0.00 1.05 3.73 5.70 7.81 9.35 9.60 9.10 7.47 5.15 2.35 0.00 0.00 0.00 0.00 0.00
0.00 0.00 0.00 0.00 0.00 0.00 0.00 0.00 0.00 1.73 6.70 10.43 14.20 16.94 17.69 16.83 13.91 9.79 4.62 0.00 0.00 0.00 0.00 0.00
0.00 0.00 0.00 0.00 0.00 0.00 0.00 0.00 0.00 0.76 2.82 4.36 5.90 6.90 7.18 6.80 5.38 3.70 1.67 0.00 0.00 0.00 0.00 0.00
0.00 0.00 0.00 0.00 0.00 0.00 0.00 0.00 0.00 6.38 31.54 50.86 69.45 85.34 92.34 89.02 74.49 55.23 28.48 0.00 0.00 0.00 0.00 0.00
0.00 0.00 0.00 0.00 0.00 0.00 0.00 0.00 0.00 0.90 6.11 10.33 14.53 18.59 19.04 17.74 16.75 11.66 5.41 0.00 0.00 0.00 0.00 0.00
0.00 0.00 0.00 0.00 0.00 0.00 0.00 0.00 0.00 0.24 1.56 2.62 3.67 4.48 4.57 4.26 4.00 2.78 1.31 0.00 0.00 0.00 0.00 0.00
0.00 0.00 0.00 0.00 0.00 0.00 0.00 0.00 0.00 0.45 2.50 4.15 5.79 6.28 6.53 6.11 5.52 3.81 1.82 0.00 0.00 0.00 0.00 0.00
0.00 0.00 0.00 0.00 0.00 0.00 0.00 0.00 0.00 0.72 4.00 6.64 9.26 10.05 10.45 9.78 8.84 6.09 2.91 0.00 0.00 0.00 0.00 0.00
0.00 0.00 0.00 0.00 0.00 0.00 0.00 0.00 0.00 9.77 114.29 198.32 286.58 354.71 373.86 352.17 291.05 201.44 108.88 0.03 0.00 0.00 0.00 0.00
