0.00 0.00 0.00 0.00 0.00 0.00 0.00 0.00 0.69 1.53 2.74 3.78 4.56 4.95 4.98 4.78 3.35 2.65 1.79 0.58 0.12 0.00 0.00 0.00
0.00 0.00 0.00 0.00 0.00 0.00 0.00 0.00 12.27 24.17 36.30 48.82 58.96 68.79 68.89 64.60 52.65 40.68 25.71 9.81 0.00 0.00 0.00 0.00
0.00 0.00 0.00 0.00 0.00 0.00 0.00 0.00 15.69 34.95 62.65 86.40 104.18 113.22 113.94 109.19 76.58 60.57 40.89 13.17 2.78 0.00 0.00 0.00
0.00 0.00 0.00 0.00 0.00 0.00 0.00 0.00 55.77 124.22 222.65 307.07 370.25 402.39 404.93 388.07 272.16 215.26 145.31 46.79 9.86 0.00 0.00 0.00
0.00 0.00 0.00 0.00 0.00 0.00 0.00 0.35 2.41 4.33 5.52 7.26 8.29 6.55 6.48 6.10 7.13 5.37 3.27 1.44 0.00 0.00 0.00 0.00
0.00 0.00 0.00 0.00 0.00 0.00 0.00 0.00 103.45 243.62 418.50 578.52 696.09 883.68 896.47 846.70 643.44 511.17 355.45 128.84 30.30 0.00 0.00 0.00
0.00 0.00 0.00 0.00 0.00 0.00 0.00 0.16 1.78 3.32 5.39 7.22 8.29 8.00 7.91 7.44 4.71 3.52 2.23 0.71 0.00 0.00 0.00 0.00
0.00 0.00 0.00 0.00 0.00 0.00 0.00 0.00 0.73 1.42 1.94 2.63 3.10 3.74 3.84 3.62 3.24 2.54 1.61 0.69 0.00 0.00 0.00 0.00
0.00 0.00 0.00 0.00 0.00 0.00 0.00 0.00 1.17 2.27 3.10 4.21 4.96 5.99 6.14 5.79 5.18 4.07 2.58 1.11 0.00 0.00 0.00 0.00
0.00 0.00 0.00 0.00 0.00 0.00 0.00 0.00 1.17 2.27 3.10 4.21 4.96 5.99 6.14 5.79 5.18 4.07 2.58 1.11 0.00 0.00 0.00 0.00
0.00 0.00 0.00 0.00 0.00 0.00 0.00 0.00 3.08 6.14 7.96 10.89 13.15 15.97 16.02 15.41 13.99 10.79 7.07 2.94 0.02 0.00 0.00 0.00
0.00 0.00 0.00 0.00 0.00 0.00 0.00 0.00 1.45 2.87 3.97 5.34 6.38 7.63 7.67 7.43 6.61 5.12 3.26 1.31 0.00 0.00 0.00 0.00
0.00 0.00 0.00 0.00 0.00 0.00 0.00 0.00 1.86 3.70 5.10 6.86 8.21 9.80 9.86 9.55 8.50 6.59 4.19 1.68 0.00 0.00 0.00 0.00
0.00 0.00 0.00 0.00 0.00 0.00 0.00 0.00 1.24 2.46 3.40 4.57 5.47 6.54 6.58 6.36 5.67 4.39 2.80 1.12 0.00 0.00 0.00 0.00
0.00 0.00 0.00 0.00 0.00 0.00 0.00 0.00 1.24 2.46 3.40 4.57 5.47 6.54 6.58 6.36 5.67 4.39 2.80 1.12 0.00 0.00 0.00 0.00
0.00 0.00 0.00 0.00 0.00 0.00 0.00 0.00 13.67 29.15 49.72 68.82 84.41 92.29 95.58 91.65 76.48 59.37 37.62 17.26 0.03 0.00 0.00 0.00
0.00 0.00 0.00 0.00 0.00 0.00 0.00 0.00 9.85 19.35 24.91 34.52 41.64 47.94 47.08 44.70 41.43 31.93 20.94 8.53 0.00 0.00 0.00 0.00
0.00 0.00 0.00 0.00 0.00 0.00 0.00 0.00 8.81 17.42 20.93 27.79 33.38 35.42 35.48 33.98 31.09 24.04 15.69 6.95 0.21 0.00 0.00 0.00
0.00 0.00 0.00 0.00 0.00 0.00 0.00 0.00 30.51 71.86 123.44 170.64 205.32 260.65 264.43 249.75 189.79 150.78 104.84 38.00 8.94 0.00 0.00 0.00
0.00 0.00 0.00 0.00 0.00 0.00 0.00 0.00 29.03 68.35 117.42 162.32 195.31 247.94 251.53 237.56 180.53 143.42 99.73 36.15 8.50 0.00 0.00 0.00
0.00 0.00 0.00 0.00 0.00 0.00 0.00 0.00 55.82 131.45 225.81 312.15 375.59 476.81 483.71 456.85 347.18 275.81 191.79 69.52 16.35 0.00 0.00 0.00
0.00 0.00 0.00 0.00 0.00 0.00 0.00 0.00 54.89 129.26 222.05 306.95 369.33 468.86 475.65 449.24 341.39 271.22 188.59 68.36 16.08 0.00 0.00 0.00
0.00 0.00 0.00 0.00 0.00 0.00 0.00 0.00 67.05 149.97 256.18 346.81 410.75 549.78 550.36 520.82 399.24 314.68 215.03 72.11 16.71 0.00 0.00 0.00
0.00 0.00 0.00 0.00 0.00 0.00 0.00 0.00 0.73 1.42 1.94 2.63 3.10 3.74 3.84 3.62 3.24 2.54 1.61 0.69 0.00 0.00 0.00 0.00
0.00 0.00 0.00 0.00 0.00 0.00 0.00 0.00 3.71 7.19 9.83 13.34 15.72 18.97 19.44 18.33 16.39 12.88 8.18 3.51 0.00 0.00 0.00 0.00
0.00 0.00 0.00 0.00 0.00 0.00 0.00 0.00 18.92 36.70 50.16 68.08 80.26 96.82 99.22 93.57 83.70 65.73 41.75 17.93 0.00 0.00 0.00 0.00
0.00 0.00 0.00 0.00 0.00 0.00 0.00 0.00 2.08 4.91 8.43 11.65 14.02 17.80 18.06 17.06 12.96 10.30 7.16 2.60 0.61 0.00 0.00 0.00
0.00 0.00 0.00 0.00 0.00 0.00 0.00 0.00 54.90 122.28 219.18 302.28 364.48 396.12 398.62 382.02 267.91 211.90 143.05 46.06 9.71 0.00 0.00 0.00
0.00 0.00 0.00 0.00 0.00 0.00 0.00 0.00 4.22 9.09 14.29 19.96 25.09 27.16 27.87 26.63 22.74 17.92 12.32 5.89 0.68 0.00 0.00 0.00
0.00 0.00 0.00 0.00 0.00 0.00 0.00 0.00 20.14 41.34 68.69 94.25 109.76 164.63 163.94 154.82 151.20 117.69 78.24 30.15 4.87 0.00 0.00 0.00
0.00 0.00 0.00 0.00 0.00 0.00 0.00 0.00 0.91 2.04 3.65 5.04 6.07 6.60 6.64 6.37 4.47 3.53 2.38 0.77 0.16 0.00 0.00 0.00
0.00 0.00 0.00 0.00 0.00 0.00 0.00 0.00 41.17 91.71 164.38 226.71 273.36 297.09 298.96 286.52 200.94 158.93 107.28 34.55 7.28 0.00 0.00 0.00
0.00 0.00 0.00 0.00 0.00 0.00 0.00 0.00 52.84 117.69 210.96 290.95 350.81 381.27 383.67 367.70 257.87 203.96 137.68 44.34 9.35 0.00 0.00 0.00
0.00 0.00 0.00 0.00 0.00 0.00 0.00 0.00 88.42 197.78 337.84 457.35 541.68 725.03 725.79 686.83 526.50 414.99 283.57 95.09 22.03 0.00 0.00 0.00
0.00 0.00 0.00 0.00 0.00 0.00 0.00 0.00 2.15 4.35 6.43 8.76 10.43 11.73 12.04 11.50 10.10 7.82 5.08 2.38 0.04 0.00 0.00 0.00
0.00 0.00 0.00 0.00 0.00 0.00 0.00 0.00 2.72 5.49 7.85 10.72 12.78 14.86 15.09 14.51 12.62 9.73 6.34 2.97 0.03 0.00 0.00 0.00
0.00 0.00 0.00 0.00 0.00 0.00 0.00 0.00 17.43 37.48 58.94 82.33 103.48 112.02 114.96 109.84 93.79 73.94 50.83 24.32 2.79 0.00 0.00 0.00
0.00 0.00 0.00 0.00 0.00 0.00 0.00 0.00 31.30 71.35 110.52 147.41 180.76 154.74 156.07 148.50 146.90 119.04 83.82 84.40 25.53 0.00 0.00 0.00
0.00 0.00 0.00 0.00 0.00 0.00 0.00 0.00 0.79 1.53 2.11 2.89 3.45 3.64 3.59 3.33 3.18 2.48 1.61 0.69 0.00 0.00 0.00 0.00
0.00 0.00 0.00 0.00 0.00 0.00 0.00 0.00 15.35 33.07 48.78 66.11 79.79 101.40 102.34 95.93 65.66 52.27 34.92 11.26 2.18 0.00 0.00 0.00
0.00 0.00 0.00 0.00 0.00 0.00 0.00 0.00 4.35 11.09 18.93 26.34 31.78 34.28 33.73 31.92 25.17 20.40 14.22 5.25 1.41 0.00 0.00 0.00
0.00 0.00 0.00 0.00 0.00 0.00 0.00 0.23 2.00 3.67 6.06 8.11 9.41 8.89 8.82 8.19 5.45 4.06 2.55 0.89 0.00 0.00 0.00 0.00
0.00 0.00 0.00 0.00 0.00 0.00 0.00 0.12 1.00 1.84 3.03 4.05 4.70 4.45 4.41 4.10 2.72 2.03 1.27 0.44 0.00 0.00 0.00 0.00
0.00 0.00 0.00 0.00 0.00 0.00 0.00 0.25 2.19 4.02 6.63 8.87 10.29 9.72 9.65 8.96 5.96 4.44 2.79 0.97 0.00 0.00 0.00 0.00
0.00 0.00 0.00 0.00 0.00 0.00 0.00 0.28 2.68 4.95 8.13 10.99 12.88 12.29 12.10 11.27 7.50 5.53 3.50 1.10 0.00 0.00 0.00 0.00
0.00 0.00 0.00 0.00 0.00 0.00 0.00 0.43 4.09 7.54 12.39 16.75 19.62 18.74 18.44 17.18 11.43 8.43 5.34 1.67 0.00 0.00 0.00 0.00
0.00 0.00 0.00 0.00 0.00 0.00 0.00 0.32 3.73 6.96 10.99 14.70 17.09 16.18 16.08 14.93 9.45 7.13 4.54 1.46 0.00 0.00 0.00 0.00
0.00 0.00 0.00 0.00 0.00 0.00 0.00 0.00 1.97 3.89 5.41 7.26 8.71 10.55 10.32 9.69 9.73 7.57 4.92 2.10 0.26 0.00 0.00 0.00
0.00 0.00 0.00 0.00 0.00 0.00 0.00 0.00 5.09 10.06 13.98 18.74 22.50 27.25 26.67 25.03 25.13 19.56 12.71 5.42 0.68 0.00 0.00 0.00
0.00 0.00 0.00 0.00 0.00 0.00 0.00 0.00 1.20 2.42 3.74 5.12 6.13 6.64 6.54 6.17 6.63 5.06 3.30 1.16 0.15 0.00 0.00 0.00
0.00 0.00 0.00 0.00 0.00 0.00 0.00 0.17 3.63 6.88 9.84 13.16 15.68 15.38 15.17 14.12 13.61 10.62 6.81 2.92 0.00 0.00 0.00 0.00
0.00 0.00 0.00 0.00 0.00 0.00 0.00 0.44 7.03 13.25 19.54 25.95 30.40 28.11 27.93 26.35 21.20 16.21 10.08 3.32 0.00 0.00 0.00 0.00
0.00 0.00 0.00 0.00 0.00 0.00 0.00 0.11 0.80 1.44 1.71 2.25 2.59 2.57 2.53 2.42 2.74 2.05 1.28 0.55 0.00 0.00 0.00 0.00
0.00 0.00 0.00 0.00 0.00 0.00 0.00 0.36 4.29 7.97 8.87 11.65 13.71 15.33 15.24 14.38 15.79 12.03 7.61 3.21 0.00 0.00 0.00 0.00
0.00 0.00 0.00 0.00 0.00 0.00 0.00 0.34 2.99 5.46 6.31 8.29 9.51 8.81 8.89 8.49 10.58 8.01 4.98 2.07 0.00 0.00 0.00 0.00
0.00 0.00 0.00 0.00 0.00 0.00 0.00 0.47 4.13 7.54 8.70 11.44 13.12 12.15 12.27 11.72 14.60 11.06 6.87 2.86 0.00 0.00 0.00 0.00
0.00 0.00 0.00 0.00 0.00 0.00 0.00 0.32 2.81 5.14 5.93 7.79 8.94 8.28 8.36 7.98 9.94 7.53 4.68 1.95 0.00 0.00 0.00 0.00
0.00 0.00 0.00 0.00 0.00 0.00 0.00 0.19 2.29 4.25 4.73 6.21 7.31 8.18 8.13 7.67 8.42 6.42 4.06 1.71 0.00 0.00 0.00 0.00
0.00 0.00 0.00 0.00 0.00 0.00 0.00 0.29 2.19 3.97 4.65 6.12 6.94 6.00 5.88 5.52 7.19 5.44 3.34 1.40 0.00 0.00 0.00 0.00
0.00 0.00 0.00 0.00 0.00 0.00 0.00 0.00 2.10 4.07 5.56 7.55 8.89 10.73 11.00 10.37 9.28 7.28 4.63 1.99 0.00 0.00 0.00 0.00
0.00 0.00 0.00 0.00 0.00 0.00 0.00 0.00 17.79 37.94 64.72 89.57 109.87 120.12 124.41 119.29 99.54 77.28 48.97 22.47 0.05 0.00 0.00 0.00
0.00 0.00 0.00 0.00 0.00 0.00 0.00 0.00 3.49 6.96 9.02 12.34 14.90 18.10 18.16 17.46 15.85 12.23 8.01 3.34 0.02 0.00 0.00 0.00
0.00 0.00 0.00 0.00 0.00 0.00 0.00 0.01 5.29 10.25 13.36 17.94 21.55 25.92 25.60 24.21 21.88 17.14 11.20 4.93 0.00 0.00 0.00 0.00
0.00 0.00 0.00 0.00 0.00 0.00 0.00 0.01 2.43 4.70 6.12 8.22 9.88 11.88 11.73 11.10 10.03 7.85 5.13 2.26 0.00 0.00 0.00 0.00
0.00 0.00 0.00 0.00 0.00 0.00 0.00 0.00 4.35 8.65 10.76 14.87 18.00 22.19 22.17 21.22 19.46 15.01 9.94 4.21 0.02 0.00 0.00 0.00
0.00 0.00 0.00 0.00 0.00 0.00 0.00 0.01 1.92 3.72 5.11 7.01 8.39 8.85 8.71 8.08 7.71 6.02 3.92 1.69 0.00 0.00 0.00 0.00
0.00 0.00 0.00 0.00 0.00 0.00 0.00 0.00 18.04 38.81 61.02 85.24 107.14 115.98 119.02 113.72 97.11 76.55 52.62 25.18 2.89 0.00 0.00 0.00
0.00 0.00 0.00 0.00 0.00 0.00 0.00 0.00 4.82 9.89 16.43 22.54 26.25 39.37 39.20 37.02 36.16 28.14 18.71 7.21 1.17 0.00 0.00 0.00
0.00 0.00 0.00 0.00 0.00 0.00 0.00 0.00 1.32 2.72 3.51 4.85 5.73 6.26 6.38 6.00 7.37 5.78 3.86 1.16 0.18 0.00 0.00 0.00
0.00 0.00 0.00 0.00 0.00 0.00 0.00 0.00 1.61 3.33 4.98 6.81 8.19 7.86 7.90 7.45 7.41 5.75 3.82 1.12 0.16 0.00 0.00 0.00
0.00 0.00 0.00 0.00 0.00 0.00 0.00 0.00 2.58 5.32 7.97 10.89 13.11 12.57 12.63 11.93 11.85 9.20 6.12 1.79 0.26 0.00 0.00 0.00
0.00 0.00 0.00 0.00 0.00 0.00 0.00 0.00 56.75 133.64 229.57 317.36 381.85 484.75 491.77 464.47 352.97 280.41 194.98 70.68 16.62 0.00 0.00 0.00
