0.00 0.00 0.00 0.00 0.00 0.00 0.00 0.00 0.00 0.55 1.73 2.62 3.53 4.16 4.35 4.19 3.51 2.62 1.70 0.34 0.00 0.00 0.00 0.00
0.00 0.00 0.00 0.00 0.00 0.00 0.00 0.00 0.00 6.66 14.07 21.48 27.23 29.56 30.58 29.37 33.38 25.00 15.21 3.05 0.00 0.00 0.00 0.00
0.00 0.00 0.00 0.00 0.00 0.00 0.00 0.00 0.00 12.51 39.54 59.91 80.77 95.07 99.53 95.77 80.28 59.89 38.84 7.79 0.00 0.00 0.00 0.00
0.00 0.00 0.00 0.00 0.00 0.00 0.00 0.00 0.00 44.45 140.54 212.93 287.04 337.86 353.73 340.35 285.31 212.86 138.04 27.70 0.00 0.00 0.00 0.00
0.00 0.00 0.00 0.00 0.00 0.00 0.00 0.00 0.07 2.31 4.29 6.33 7.92 6.15 6.11 5.81 5.16 3.73 2.12 0.14 0.00 0.00 0.00 0.00
0.00 0.00 0.00 0.00 0.00 0.00 0.00 0.00 0.00 97.34 319.00 487.83 656.82 775.19 829.29 799.25 689.88 510.79 333.00 75.98 0.00 0.00 0.00 0.00
0.00 0.00 0.00 0.00 0.00 0.00 0.00 0.00 0.00 0.82 2.22 3.40 4.44 3.54 3.57 3.46 3.06 2.14 1.25 0.22 0.00 0.00 0.00 0.00
0.00 0.00 0.00 0.00 0.00 0.00 0.00 0.00 0.00 0.35 0.56 0.87 1.16 2.35 2.39 2.33 2.88 2.13 1.28 0.15 0.00 0.00 0.00 0.00
0.00 0.00 0.00 0.00 0.00 0.00 0.00 0.00 0.00 0.56 0.90 1.39 1.85 3.76 3.82 3.73 4.60 3.40 2.06 0.25 0.00 0.00 0.00 0.00
0.00 0.00 0.00 0.00 0.00 0.00 0.00 0.00 0.00 0.56 0.90 1.39 1.85 3.76 3.82 3.73 4.60 3.40 2.06 0.25 0.00 0.00 0.00 0.00
0.00 0.00 0.00 0.00 0.00 0.00 0.00 0.00 0.00 1.74 3.39 5.17 7.04 12.21 12.54 12.22 13.00 9.48 5.82 0.87 0.00 0.00 0.00 0.00
0.00 0.00 0.00 0.00 0.00 0.00 0.00 0.00 0.00 0.76 1.55 2.41 3.26 5.62 5.75 5.59 6.10 4.48 2.75 0.41 0.00 0.00 0.00 0.00
0.00 0.00 0.00 0.00 0.00 0.00 0.00 0.00 0.00 0.97 1.99 3.09 4.19 7.22 7.40 7.19 7.84 5.76 3.54 0.52 0.00 0.00 0.00 0.00
0.00 0.00 0.00 0.00 0.00 0.00 0.00 0.00 0.00 0.65 1.33 2.06 2.79 4.81 4.93 4.79 5.23 3.84 2.36 0.35 0.00 0.00 0.00 0.00
0.00 0.00 0.00 0.00 0.00 0.00 0.00 0.00 0.00 0.65 1.33 2.06 2.79 4.81 4.93 4.79 5.23 3.84 2.36 0.35 0.00 0.00 0.00 0.00
0.00 0.00 0.00 0.00 0.00 0.00 0.00 0.00 0.00 8.81 22.92 35.56 46.24 66.42 69.98 67.68 64.51 47.62 30.13 8.34 0.00 0.00 0.00 0.00
0.00 0.00 0.00 0.00 0.00 0.00 0.00 0.00 0.00 5.58 9.76 15.09 20.77 32.19 32.50 31.74 37.64 27.50 16.74 2.44 0.00 0.00 0.00 0.00
0.00 0.00 0.00 0.00 0.00 0.00 0.00 0.00 0.00 6.44 8.46 13.05 17.28 24.41 24.99 24.16 29.40 21.50 13.15 2.10 0.00 0.00 0.00 0.00
0.00 0.00 0.00 0.00 0.00 0.00 0.00 0.00 0.00 28.71 94.09 143.89 193.74 228.65 244.61 235.75 203.49 150.67 98.22 22.41 0.00 0.00 0.00 0.00
0.00 0.00 0.00 0.00 0.00 0.00 0.00 0.00 0.00 27.31 89.50 136.87 184.29 217.50 232.68 224.25 193.56 143.32 93.43 21.32 0.00 0.00 0.00 0.00
0.00 0.00 0.00 0.00 0.00 0.00 0.00 0.00 0.00 52.52 172.12 263.22 354.40 418.27 447.46 431.25 372.24 275.61 179.68 41.00 0.00 0.00 0.00 0.00
0.00 0.00 0.00 0.00 0.00 0.00 0.00 0.00 0.00 51.65 169.25 258.83 348.49 411.29 440.00 424.06 366.03 271.01 176.68 40.31 0.00 0.00 0.00 0.00
0.00 0.00 0.00 0.00 0.00 0.00 0.00 0.00 0.00 54.48 183.26 279.40 376.25 444.11 460.19 445.19 373.97 278.03 180.70 37.48 0.00 0.00 0.00 0.00
0.00 0.00 0.00 0.00 0.00 0.00 0.00 0.00 0.00 0.35 0.56 0.87 1.16 2.35 2.39 2.33 2.88 2.13 1.28 0.15 0.00 0.00 0.00 0.00
0.00 0.00 0.00 0.00 0.00 0.00 0.00 0.00 0.00 1.78 2.84 4.39 5.86 11.89 12.11 11.81 14.58 10.77 6.51 0.78 0.00 0.00 0.00 0.00
0.00 0.00 0.00 0.00 0.00 0.00 0.00 0.00 0.00 9.10 14.49 22.41 29.92 60.72 61.81 60.29 74.41 54.97 33.23 3.97 0.00 0.00 0.00 0.00
0.00 0.00 0.00 0.00 0.00 0.00 0.00 0.00 0.00 1.96 6.43 9.83 13.23 15.62 16.71 16.10 13.90 10.29 6.71 1.53 0.00 0.00 0.00 0.00
0.00 0.00 0.00 0.00 0.00 0.00 0.00 0.00 0.00 43.75 138.35 209.61 282.56 332.60 348.21 335.04 280.86 209.54 135.89 27.27 0.00 0.00 0.00 0.00
0.00 0.00 0.00 0.00 0.00 0.00 0.00 0.00 0.00 3.42 10.30 15.49 20.98 24.72 26.44 25.49 22.06 17.03 10.90 1.94 0.00 0.00 0.00 0.00
0.00 0.00 0.00 0.00 0.00 0.00 0.00 0.00 0.00 21.19 51.11 76.27 99.35 69.11 70.51 67.92 68.72 50.81 31.75 9.69 0.00 0.00 0.00 0.00
0.00 0.00 0.00 0.00 0.00 0.00 0.00 0.00 0.00 0.73 2.31 3.49 4.71 5.54 5.80 5.58 4.68 3.49 2.26 0.45 0.00 0.00 0.00 0.00
0.00 0.00 0.00 0.00 0.00 0.00 0.00 0.00 0.00 32.81 103.76 157.21 211.92 249.45 261.16 251.28 210.64 157.15 101.92 20.45 0.00 0.00 0.00 0.00
0.00 0.00 0.00 0.00 0.00 0.00 0.00 0.00 0.00 42.11 133.16 201.75 271.97 320.12 335.15 322.48 270.33 201.68 130.79 26.24 0.00 0.00 0.00 0.00
0.00 0.00 0.00 0.00 0.00 0.00 0.00 0.00 0.00 71.85 241.68 368.46 496.18 585.66 606.87 587.09 493.17 366.65 238.29 49.43 0.00 0.00 0.00 0.00
0.00 0.00 0.00 0.00 0.00 0.00 0.00 0.00 0.00 1.10 2.71 4.27 5.85 8.95 9.39 9.06 9.67 7.14 4.43 0.66 0.00 0.00 0.00 0.00
0.00 0.00 0.00 0.00 0.00 0.00 0.00 0.00 0.00 1.35 3.25 5.16 7.02 11.10 11.67 11.28 11.89 8.76 5.42 0.79 0.00 0.00 0.00 0.00
0.00 0.00 0.00 0.00 0.00 0.00 0.00 0.00 0.00 14.10 42.48 63.91 86.55 101.99 109.08 105.17 91.00 70.27 44.95 7.98 0.00 0.00 0.00 0.00
0.00 0.00 0.00 0.00 0.00 0.00 0.00 0.00 0.00 37.78 156.93 248.35 343.02 415.77 442.09 423.83 355.02 269.67 177.06 58.72 0.00 0.00 0.00 0.00
0.00 0.00 0.00 0.00 0.00 0.00 0.00 0.00 0.00 0.48 0.77 1.19 1.63 2.28 2.30 2.20 2.68 1.97 1.19 0.17 0.00 0.00 0.00 0.00
0.00 0.00 0.00 0.00 0.00 0.00 0.00 0.00 0.00 11.45 34.90 52.44 70.82 79.63 82.54 79.11 66.94 49.28 31.56 6.11 0.00 0.00 0.00 0.00
0.00 0.00 0.00 0.00 0.00 0.00 0.00 0.00 0.00 3.43 11.93 18.71 26.07 31.16 33.33 31.53 26.80 20.01 12.83 3.30 0.00 0.00 0.00 0.00
0.00 0.00 0.00 0.00 0.00 0.00 0.00 0.00 0.00 0.95 2.61 3.90 5.03 4.11 4.22 4.01 3.37 2.38 1.38 0.18 0.00 0.00 0.00 0.00
0.00 0.00 0.00 0.00 0.00 0.00 0.00 0.00 0.00 0.48 1.31 1.95 2.52 2.06 2.11 2.00 1.68 1.19 0.69 0.09 0.00 0.00 0.00 0.00
0.00 0.00 0.00 0.00 0.00 0.00 0.00 0.00 0.00 1.04 2.86 4.27 5.50 4.50 4.61 4.39 3.68 2.60 1.51 0.20 0.00 0.00 0.00 0.00
0.00 0.00 0.00 0.00 0.00 0.00 0.00 0.00 0.00 1.45 3.25 4.89 6.37 4.97 5.08 4.89 4.38 3.09 1.80 0.25 0.00 0.00 0.00 0.00
0.00 0.00 0.00 0.00 0.00 0.00 0.00 0.00 0.00 2.21 4.95 7.45 9.71 7.57 7.74 7.44 6.68 4.71 2.75 0.38 0.00 0.00 0.00 0.00
0.00 0.00 0.00 0.00 0.00 0.00 0.00 0.00 0.00 1.73 4.49 6.83 8.92 7.08 7.14 6.95 6.01 4.16 2.45 0.43 0.00 0.00 0.00 0.00
0.00 0.00 0.00 0.00 0.00 0.00 0.00 0.00 0.00 1.56 3.65 5.44 7.12 6.33 6.39 6.04 4.55 3.29 2.01 0.56 0.00 0.00 0.00 0.00
0.00 0.00 0.00 0.00 0.00 0.00 0.00 0.00 0.00 4.03 9.42 14.04 18.40 16.35 16.50 15.61 11.75 8.49 5.19 1.44 0.00 0.00 0.00 0.00
0.00 0.00 0.00 0.00 0.00 0.00 0.00 0.00 0.00 1.32 2.89 4.33 5.71 3.26 3.31 3.16 4.09 3.02 1.86 0.54 0.00 0.00 0.00 0.00
0.00 0.00 0.00 0.00 0.00 0.00 0.00 0.00 0.00 1.87 2.77 4.33 5.67 9.39 9.69 9.35 9.70 7.02 4.17 0.63 0.00 0.00 0.00 0.00
0.00 0.00 0.00 0.00 0.00 0.00 0.00 0.00 0.00 3.86 5.43 8.37 10.95 13.32 13.55 13.11 12.46 8.99 5.32 0.93 0.00 0.00 0.00 0.00
0.00 0.00 0.00 0.00 0.00 0.00 0.00 0.00 0.01 0.60 1.21 1.76 2.17 1.89 1.88 1.81 1.76 1.28 0.73 0.07 0.00 0.00 0.00 0.00
0.00 0.00 0.00 0.00 0.00 0.00 0.00 0.00 0.00 2.43 5.05 7.71 9.74 12.60 12.58 12.26 13.84 9.95 5.83 0.60 0.00 0.00 0.00 0.00
0.00 0.00 0.00 0.00 0.00 0.00 0.00 0.00 0.00 1.77 4.30 6.51 8.04 7.34 7.44 7.16 8.89 6.34 3.67 0.45 0.00 0.00 0.00 0.00
0.00 0.00 0.00 0.00 0.00 0.00 0.00 0.00 0.00 2.45 5.94 8.98 11.09 10.13 10.27 9.89 12.27 8.75 5.06 0.62 0.00 0.00 0.00 0.00
0.00 0.00 0.00 0.00 0.00 0.00 0.00 0.00 0.00 1.67 4.05 6.12 7.55 6.90 6.99 6.73 8.36 5.96 3.45 0.43 0.00 0.00 0.00 0.00
0.00 0.00 0.00 0.00 0.00 0.00 0.00 0.00 0.00 1.30 2.70 4.11 5.20 6.72 6.71 6.54 7.38 5.31 3.11 0.32 0.00 0.00 0.00 0.00
0.00 0.00 0.00 0.00 0.00 0.00 0.00 0.00 0.03 1.70 3.86 5.78 7.00 5.44 5.49 5.16 5.25 3.82 2.19 0.20 0.00 0.00 0.00 0.00
0.00 0.00 0.00 0.00 0.00 0.00 0.00 0.00 0.00 1.01 1.61 2.48 3.32 6.73 6.85 6.68 8.25 6.09 3.68 0.44 0.00 0.00 0.00 0.00
0.00 0.00 0.00 0.00 0.00 0.00 0.00 0.00 0.00 11.46 29.84 46.28 60.19 86.46 91.08 88.09 83.96 61.98 39.22 10.85 0.00 0.00 0.00 0.00
0.00 0.00 0.00 0.00 0.00 0.00 0.00 0.00 0.00 1.97 3.84 5.85 7.98 13.84 14.21 13.85 14.73 10.74 6.60 0.98 0.00 0.00 0.00 0.00
0.00 0.00 0.00 0.00 0.00 0.00 0.00 0.00 0.00 2.26 5.08 8.08 10.82 13.22 13.33 13.20 20.90 15.10 9.12 1.01 0.00 0.00 0.00 0.00
0.00 0.00 0.00 0.00 0.00 0.00 0.00 0.00 0.00 1.04 2.33 3.71 4.96 6.06 6.11 6.05 9.58 6.92 4.18 0.46 0.00 0.00 0.00 0.00
0.00 0.00 0.00 0.00 0.00 0.00 0.00 0.00 0.00 2.53 4.60 6.97 9.55 16.83 17.23 16.69 18.07 13.23 8.12 1.20 0.00 0.00 0.00 0.00
0.00 0.00 0.00 0.00 0.00 0.00 0.00 0.00 0.00 1.17 1.86 2.89 3.95 5.54 5.60 5.34 6.50 4.79 2.89 0.42 0.00 0.00 0.00 0.00
0.00 0.00 0.00 0.00 0.00 0.00 0.00 0.00 0.00 14.60 43.98 66.17 89.61 105.59 112.94 108.88 94.22 72.75 46.54 8.27 0.00 0.00 0.00 0.00
0.00 0.00 0.00 0.00 0.00 0.00 0.00 0.00 0.00 5.07 12.22 18.24 23.76 16.53 16.86 16.24 16.43 12.15 7.59 2.32 0.00 0.00 0.00 0.00
0.00 0.00 0.00 0.00 0.00 0.00 0.00 0.00 0.00 1.28 3.53 5.27 6.93 3.97 4.09 3.96 4.45 3.26 2.05 0.53 0.00 0.00 0.00 0.00
0.00 0.00 0.00 0.00 0.00 0.00 0.00 0.00 0.00 1.69 4.03 6.06 7.83 6.06 6.23 5.96 7.00 5.23 3.28 0.67 0.00 0.00 0.00 0.00
0.00 0.00 0.00 0.00 0.00 0.00 0.00 0.00 0.00 2.70 6.45 9.70 12.52 9.70 9.97 9.53 11.20 8.37 5.25 1.07 0.00 0.00 0.00 0.00
0.00 0.00 0.00 0.00 0.00 0.00 0.00 0.00 0.00 53.40 174.99 267.61 360.31 425.24 454.92 438.44 378.44 280.20 182.67 41.68 0.00 0.00 0.00 0.00
