0.00 0.00 0.00 0.00 0.00 0.00 0.00 0.15 1.09 2.00 3.10 4.02 4.65 5.10 5.25 5.06 4.60 3.80 2.74 1.63 0.75 0.00 0.00 0.00
0.00 0.00 0.00 0.00 0.00 0.00 0.00 4.51 21.44 37.51 55.40 71.17 81.94 91.17 92.59 88.05 73.74 58.39 39.71 18.02 5.27 0.00 0.00 0.00
0.00 0.00 0.00 0.00 0.00 0.00 0.00 3.46 24.93 45.70 70.77 91.87 106.34 116.69 120.16 115.79 105.23 86.96 62.60 37.32 17.20 0.00 0.00 0.00
0.00 0.00 0.00 0.00 0.00 0.00 0.00 12.29 88.60 162.43 251.53 326.48 377.92 414.69 427.03 411.52 373.97 309.03 222.48 132.63 61.14 0.00 0.00 0.00
0.00 0.00 0.00 0.00 0.00 0.00 0.00 1.41 4.28 6.96 9.72 12.11 13.68 15.03 15.04 14.15 12.98 10.16 6.71 2.86 0.70 0.00 0.00 0.00
0.00 0.00 0.00 0.00 0.00 0.00 0.00 11.48 179.91 343.22 532.69 696.34 810.36 896.71 926.19 914.84 858.24 710.51 521.27 313.55 146.34 0.00 0.00 0.00
0.00 0.00 0.00 0.00 0.00 0.00 0.00 0.88 2.69 4.40 6.35 7.95 9.08 9.51 9.48 9.06 8.29 6.69 4.65 2.35 0.87 0.00 0.00 0.00
0.00 0.00 0.00 0.00 0.00 0.00 0.00 0.30 1.28 2.19 3.30 4.27 4.91 5.65 5.68 5.36 4.68 3.78 2.57 1.20 0.37 0.00 0.00 0.00
0.00 0.00 0.00 0.00 0.00 0.00 0.00 0.48 2.04 3.51 5.28 6.83 7.86 9.04 9.08 8.57 7.49 6.05 4.11 1.92 0.60 0.00 0.00 0.00
0.00 0.00 0.00 0.00 0.00 0.00 0.00 0.48 2.04 3.51 5.28 6.83 7.86 9.04 9.08 8.57 7.49 6.05 4.11 1.92 0.60 0.00 0.00 0.00
0.00 0.00 0.00 0.00 0.00 0.00 0.00 1.05 4.74 8.25 12.56 16.55 19.12 20.96 21.10 19.98 18.02 14.30 9.81 5.12 1.83 0.00 0.00 0.00
0.00 0.00 0.00 0.00 0.00 0.00 0.00 0.49 2.22 3.86 5.97 7.81 9.02 9.94 10.07 9.53 8.61 6.84 4.66 2.38 0.84 0.00 0.00 0.00
0.00 0.00 0.00 0.00 0.00 0.00 0.00 0.63 2.86 4.97 7.68 10.04 11.59 12.78 12.95 12.26 11.07 8.79 5.99 3.06 1.08 0.00 0.00 0.00
0.00 0.00 0.00 0.00 0.00 0.00 0.00 0.42 1.91 3.31 5.12 6.69 7.73 8.52 8.63 8.17 7.38 5.86 3.99 2.04 0.72 0.00 0.00 0.00
0.00 0.00 0.00 0.00 0.00 0.00 0.00 0.42 1.91 3.31 5.12 6.69 7.73 8.52 8.63 8.17 7.38 5.86 3.99 2.04 0.72 0.00 0.00 0.00
0.00 0.00 0.00 0.00 0.00 0.00 0.00 2.35 23.63 43.91 67.96 87.37 100.87 112.47 113.87 108.29 100.22 78.24 54.33 27.30 9.01 0.00 0.00 0.00
0.00 0.00 0.00 0.00 0.00 0.00 0.00 3.55 14.81 25.50 38.97 50.96 59.49 64.03 63.29 59.05 53.94 42.89 29.53 15.12 5.34 0.00 0.00 0.00
0.00 0.00 0.00 0.00 0.00 0.00 0.00 3.11 12.95 22.32 32.57 42.08 49.08 52.96 52.43 48.65 45.15 36.15 24.82 13.25 4.92 0.00 0.00 0.00
0.00 0.00 0.00 0.00 0.00 0.00 0.00 3.38 53.07 101.24 157.12 205.40 239.03 264.50 273.19 269.84 253.15 209.57 153.76 92.49 43.16 0.00 0.00 0.00
0.00 0.00 0.00 0.00 0.00 0.00 0.00 3.22 50.48 96.30 149.46 195.38 227.37 251.60 259.87 256.68 240.80 199.35 146.26 87.97 41.06 0.00 0.00 0.00
0.00 0.00 0.00 0.00 0.00 0.00 0.00 6.19 97.08 185.19 287.42 375.72 437.24 483.84 499.74 493.62 463.08 383.37 281.26 169.18 78.96 0.00 0.00 0.00
0.00 0.00 0.00 0.00 0.00 0.00 0.00 6.09 95.46 182.10 282.63 369.46 429.95 475.77 491.41 485.39 455.36 376.98 276.57 166.36 77.64 0.00 0.00 0.00
0.00 0.00 0.00 0.00 0.00 0.00 0.00 17.58 116.52 211.88 325.06 425.68 498.22 536.98 552.42 535.65 491.15 405.14 295.28 175.74 83.59 0.00 0.00 0.00
0.00 0.00 0.00 0.00 0.00 0.00 0.00 0.30 1.28 2.19 3.30 4.27 4.91 5.65 5.68 5.36 4.68 3.78 2.57 1.20 0.37 0.00 0.00 0.00
0.00 0.00 0.00 0.00 0.00 0.00 0.00 1.54 6.47 11.11 16.73 21.64 24.90 28.63 28.76 27.15 23.72 19.15 13.02 6.08 1.89 0.00 0.00 0.00
0.00 0.00 0.00 0.00 0.00 0.00 0.00 7.84 33.03 56.74 85.41 110.47 127.11 146.18 146.81 138.62 121.08 97.77 66.48 31.05 9.65 0.00 0.00 0.00
0.00 0.00 0.00 0.00 0.00 0.00 0.00 0.23 3.62 6.91 10.73 14.03 16.32 18.06 18.66 18.43 17.29 14.31 10.50 6.32 2.95 0.00 0.00 0.00
0.00 0.00 0.00 0.00 0.00 0.00 0.00 12.10 87.22 159.89 247.61 321.39 372.03 408.23 420.38 405.11 368.15 304.22 219.02 130.56 60.19 0.00 0.00 0.00
0.00 0.00 0.00 0.00 0.00 0.00 0.00 0.84 6.32 11.59 17.72 24.02 28.69 30.97 30.96 29.45 27.00 21.88 15.23 9.78 3.93 0.00 0.00 0.00
0.00 0.00 0.00 0.00 0.00 0.00 0.00 11.72 48.95 84.62 129.23 166.52 192.58 200.28 202.50 190.52 174.68 143.93 103.65 60.01 26.75 0.00 0.00 0.00
0.00 0.00 0.00 0.00 0.00 0.00 0.00 0.20 1.45 2.66 4.13 5.36 6.20 6.80 7.01 6.75 6.14 5.07 3.65 2.18 1.00 0.00 0.00 0.00
0.00 0.00 0.00 0.00 0.00 0.00 0.00 9.07 65.41 119.92 185.71 241.05 279.02 306.17 315.28 303.83 276.11 228.16 164.26 97.92 45.14 0.00 0.00 0.00
0.00 0.00 0.00 0.00 0.00 0.00 0.00 11.64 83.95 153.90 238.32 309.34 358.08 392.92 404.61 389.92 354.34 292.81 210.80 125.66 57.93 0.00 0.00 0.00
0.00 0.00 0.00 0.00 0.00 0.00 0.00 23.18 153.66 279.42 428.67 561.37 657.03 708.14 728.51 706.39 647.70 534.28 389.40 231.76 110.23 0.00 0.00 0.00
0.00 0.00 0.00 0.00 0.00 0.00 0.00 0.66 3.38 5.96 9.32 12.13 14.22 15.67 15.73 14.63 13.53 10.83 7.44 3.84 1.37 0.00 0.00 0.00
0.00 0.00 0.00 0.00 0.00 0.00 0.00 0.86 4.25 7.46 11.67 15.22 17.65 19.58 19.66 18.42 16.87 13.47 9.30 4.79 1.70 0.00 0.00 0.00
0.00 0.00 0.00 0.00 0.00 0.00 0.00 3.47 26.08 47.83 73.10 99.07 118.36 127.74 127.72 121.49 111.39 90.26 62.81 40.33 16.20 0.00 0.00 0.00
0.00 0.00 0.00 0.00 0.00 0.00 0.00 19.81 119.56 216.79 321.84 430.47 515.43 563.63 576.02 551.12 504.83 418.75 304.34 188.14 97.73 6.10 0.00 0.00
0.00 0.00 0.00 0.00 0.00 0.00 0.00 0.31 1.22 2.08 3.08 4.02 4.67 5.10 5.05 4.67 4.24 3.37 2.32 1.16 0.40 0.00 0.00 0.00
0.00 0.00 0.00 0.00 0.00 0.00 0.00 4.23 23.30 41.72 63.49 82.83 95.35 102.03 103.69 98.87 90.69 75.01 53.64 31.73 14.46 0.00 0.00 0.00
0.00 0.00 0.00 0.00 0.00 0.00 0.00 0.00 5.85 11.74 18.43 24.79 29.30 32.04 32.78 31.71 28.36 23.56 17.33 10.72 5.15 0.00 0.00 0.00
0.00 0.00 0.00 0.00 0.00 0.00 0.00 1.06 3.11 5.04 7.27 9.17 10.35 10.98 10.81 10.29 9.37 7.44 5.22 2.60 0.94 0.00 0.00 0.00
0.00 0.00 0.00 0.00 0.00 0.00 0.00 0.53 1.55 2.52 3.64 4.58 5.17 5.49 5.41 5.15 4.69 3.72 2.61 1.30 0.47 0.00 0.00 0.00
0.00 0.00 0.00 0.00 0.00 0.00 0.00 1.16 3.40 5.52 7.96 10.03 11.32 12.01 11.83 11.26 10.25 8.14 5.71 2.84 1.03 0.00 0.00 0.00
0.00 0.00 0.00 0.00 0.00 0.00 0.00 1.37 4.14 6.75 9.67 12.21 13.87 14.51 14.24 13.55 12.37 9.96 6.91 3.40 1.21 0.00 0.00 0.00
0.00 0.00 0.00 0.00 0.00 0.00 0.00 2.10 6.30 10.29 14.74 18.60 21.14 22.11 21.70 20.65 18.85 15.18 10.52 5.18 1.85 0.00 0.00 0.00
0.00 0.00 0.00 0.00 0.00 0.00 0.00 1.78 5.51 9.04 13.03 16.17 18.52 19.43 19.43 18.41 16.80 13.36 9.40 4.83 1.78 0.00 0.00 0.00
0.00 0.00 0.00 0.00 0.00 0.00 0.00 1.17 4.13 6.96 10.37 13.52 15.65 16.46 16.39 15.62 14.18 11.46 8.14 4.65 2.02 0.00 0.00 0.00
0.00 0.00 0.00 0.00 0.00 0.00 0.00 3.03 10.67 17.97 26.80 34.93 40.42 42.53 42.35 40.36 36.63 29.60 21.04 12.02 5.21 0.00 0.00 0.00
0.00 0.00 0.00 0.00 0.00 0.00 0.00 0.71 2.76 4.72 7.14 9.22 10.67 11.17 11.04 10.39 9.57 7.72 5.51 3.19 1.37 0.00 0.00 0.00
0.00 0.00 0.00 0.00 0.00 0.00 0.00 1.54 5.50 9.24 13.76 17.72 20.30 22.21 22.05 20.58 18.89 15.24 10.52 5.01 1.67 0.00 0.00 0.00
0.00 0.00 0.00 0.00 0.00 0.00 0.00 2.93 9.79 16.29 23.71 30.17 34.50 36.52 36.82 34.44 31.49 24.91 17.08 8.40 2.95 0.00 0.00 0.00
0.00 0.00 0.00 0.00 0.00 0.00 0.00 0.45 1.36 2.21 3.16 3.91 4.34 4.76 4.70 4.36 4.09 3.23 2.21 0.98 0.26 0.00 0.00 0.00
0.00 0.00 0.00 0.00 0.00 0.00 0.00 2.11 7.21 11.99 17.62 22.25 25.01 28.69 28.26 26.58 23.42 18.91 13.00 5.88 1.66 0.00 0.00 0.00
0.00 0.00 0.00 0.00 0.00 0.00 0.00 1.56 5.02 8.25 11.94 14.91 16.63 19.06 18.61 17.86 15.71 12.58 8.60 3.84 1.03 0.00 0.00 0.00
0.00 0.00 0.00 0.00 0.00 0.00 0.00 2.16 6.92 11.38 16.47 20.57 22.95 26.30 25.68 24.65 21.68 17.35 11.86 5.30 1.42 0.00 0.00 0.00
0.00 0.00 0.00 0.00 0.00 0.00 0.00 1.47 4.71 7.75 11.22 14.01 15.63 17.91 17.49 16.79 14.76 11.82 8.08 3.61 0.97 0.00 0.00 0.00
0.00 0.00 0.00 0.00 0.00 0.00 0.00 1.13 3.85 6.40 9.40 11.87 13.34 15.30 15.07 14.18 12.49 10.09 6.93 3.14 0.88 0.00 0.00 0.00
0.00 0.00 0.00 0.00 0.00 0.00 0.00 1.20 3.73 6.10 8.80 10.97 12.34 14.09 14.16 13.45 11.92 9.40 6.23 2.69 0.67 0.00 0.00 0.00
0.00 0.00 0.00 0.00 0.00 0.00 0.00 0.87 3.66 6.29 9.47 12.24 14.09 16.20 16.27 15.36 13.42 10.84 7.37 3.44 1.07 0.00 0.00 0.00
0.00 0.00 0.00 0.00 0.00 0.00 0.00 3.06 30.75 57.15 88.45 113.72 131.29 146.39 148.21 140.95 130.45 101.84 70.72 35.53 11.73 0.00 0.00 0.00
0.00 0.00 0.00 0.00 0.00 0.00 0.00 1.19 5.38 9.35 14.24 18.76 21.67 23.76 23.92 22.64 20.42 16.21 11.12 5.81 2.07 0.00 0.00 0.00
0.00 0.00 0.00 0.00 0.00 0.00 0.00 2.10 8.38 14.28 21.26 27.51 31.98 35.58 35.22 32.94 30.04 23.58 16.15 7.84 2.65 0.00 0.00 0.00
0.00 0.00 0.00 0.00 0.00 0.00 0.00 0.96 3.84 6.54 9.74 12.61 14.66 16.31 16.14 15.10 13.77 10.81 7.40 3.60 1.21 0.00 0.00 0.00
0.00 0.00 0.00 0.00 0.00 0.00 0.00 1.51 6.75 11.73 17.74 23.35 27.03 29.39 29.53 27.88 25.17 20.01 13.71 7.17 2.56 0.00 0.00 0.00
0.00 0.00 0.00 0.00 0.00 0.00 0.00 0.75 2.96 5.04 7.48 9.76 11.34 12.38 12.27 11.34 10.30 8.19 5.64 2.82 0.98 0.00 0.00 0.00
0.00 0.00 0.00 0.00 0.00 0.00 0.00 3.59 27.00 49.52 75.68 102.58 122.55 132.26 132.24 125.78 115.33 93.45 65.03 41.76 16.77 0.00 0.00 0.00
0.00 0.00 0.00 0.00 0.00 0.00 0.00 2.80 11.70 20.24 30.90 39.82 46.05 47.89 48.42 45.56 41.77 34.42 24.79 14.35 6.40 0.00 0.00 0.00
0.00 0.00 0.00 0.00 0.00 0.00 0.00 0.60 2.63 4.59 6.97 8.98 10.41 10.90 10.96 10.30 9.30 7.55 5.43 3.30 1.46 0.00 0.00 0.00
0.00 0.00 0.00 0.00 0.00 0.00 0.00 0.72 3.37 5.91 8.75 11.27 12.95 13.66 13.62 12.96 11.91 9.83 7.11 4.31 1.86 0.00 0.00 0.00
0.00 0.00 0.00 0.00 0.00 0.00 0.00 1.16 5.39 9.46 13.99 18.03 20.72 21.86 21.80 20.73 19.06 15.72 11.37 6.89 2.98 0.00 0.00 0.00
0.00 0.00 0.00 0.00 0.00 0.00 0.00 6.30 98.69 188.28 292.21 381.99 444.53 491.90 508.07 501.84 470.80 389.76 285.95 172.00 80.27 0.00 0.00 0.00
