0.00 0.00 0.00 0.00 0.00 0.00 0.00 0.24 1.10 1.94 2.89 3.81 4.62 5.16 5.31 5.00 4.41 3.59 2.59 1.44 0.65 0.00 0.00 0.00
0.00 0.00 0.00 0.00 0.00 0.00 0.00 5.24 19.07 32.22 56.63 73.06 85.04 92.47 92.01 85.28 70.55 55.97 37.50 16.63 4.61 0.00 0.00 0.00
0.00 0.00 0.00 0.00 0.00 0.00 0.00 5.54 25.26 44.26 66.09 87.21 105.58 117.94 121.41 114.37 100.92 82.02 59.28 32.91 14.89 0.00 0.00 0.00
0.00 0.00 0.00 0.00 0.00 0.00 0.00 19.67 89.79 157.30 234.89 309.94 375.21 419.15 431.49 406.45 358.66 291.50 210.67 116.97 52.91 0.00 0.00 0.00
0.00 0.00 0.00 0.00 0.00 0.00 0.00 1.02 2.71 4.51 9.78 12.30 13.92 16.73 16.58 14.91 9.67 7.59 5.08 2.14 0.49 0.00 0.00 0.00
0.00 0.00 0.00 0.00 0.00 0.00 0.00 29.90 190.78 346.22 525.02 697.17 841.65 910.20 931.42 883.93 778.80 633.34 449.16 274.45 125.86 0.00 0.00 0.00
0.00 0.00 0.00 0.00 0.00 0.00 0.00 0.97 2.58 4.27 6.04 7.75 8.92 9.65 9.71 9.05 8.02 6.39 4.40 2.28 0.82 0.00 0.00 0.00
0.00 0.00 0.00 0.00 0.00 0.00 0.00 0.40 1.35 2.25 3.03 3.86 4.42 5.54 5.63 5.27 4.60 3.58 2.43 1.12 0.33 0.00 0.00 0.00
0.00 0.00 0.00 0.00 0.00 0.00 0.00 0.64 2.16 3.60 4.85 6.18 7.07 8.86 9.01 8.44 7.36 5.73 3.89 1.79 0.53 0.00 0.00 0.00
0.00 0.00 0.00 0.00 0.00 0.00 0.00 0.64 2.16 3.60 4.85 6.18 7.07 8.86 9.01 8.44 7.36 5.73 3.89 1.79 0.53 0.00 0.00 0.00
0.00 0.00 0.00 0.00 0.00 0.00 0.00 0.70 2.47 4.17 8.89 11.96 14.20 21.63 21.55 20.36 19.13 15.44 10.71 5.36 1.83 0.00 0.00 0.00
0.00 0.00 0.00 0.00 0.00 0.00 0.00 0.37 1.29 2.18 3.75 5.05 5.99 10.40 10.45 9.80 9.13 7.30 5.04 2.51 0.85 0.00 0.00 0.00
0.00 0.00 0.00 0.00 0.00 0.00 0.00 0.47 1.66 2.81 4.82 6.49 7.70 13.37 13.44 12.60 11.74 9.39 6.48 3.22 1.09 0.00 0.00 0.00
0.00 0.00 0.00 0.00 0.00 0.00 0.00 0.31 1.11 1.87 3.22 4.33 5.13 8.91 8.96 8.40 7.82 6.26 4.32 2.15 0.73 0.00 0.00 0.00
0.00 0.00 0.00 0.00 0.00 0.00 0.00 0.31 1.11 1.87 3.22 4.33 5.13 8.91 8.96 8.40 7.82 6.26 4.32 2.15 0.73 0.00 0.00 0.00
0.00 0.00 0.00 0.00 0.00 0.00 0.00 4.44 24.51 43.61 67.24 87.80 100.06 108.62 110.47 105.23 99.66 78.54 53.41 25.18 7.86 0.00 0.00 0.00
0.00 0.00 0.00 0.00 0.00 0.00 0.00 2.72 9.05 15.09 31.95 42.24 50.30 64.28 64.78 60.65 57.22 45.92 32.35 16.04 5.42 0.00 0.00 0.00
0.00 0.00 0.00 0.00 0.00 0.00 0.00 3.38 11.18 18.64 30.54 38.97 45.84 52.63 53.18 50.68 46.86 37.18 25.69 13.46 4.81 0.00 0.00 0.00
0.00 0.00 0.00 0.00 0.00 0.00 0.00 8.82 56.27 102.12 154.86 205.64 248.26 268.48 274.73 260.73 229.72 186.81 132.49 80.95 37.13 0.00 0.00 0.00
0.00 0.00 0.00 0.00 0.00 0.00 0.00 8.39 53.53 97.14 147.31 195.61 236.15 255.38 261.33 248.01 218.51 177.70 126.02 77.00 35.31 0.00 0.00 0.00
0.00 0.00 0.00 0.00 0.00 0.00 0.00 16.13 102.94 186.81 283.28 376.17 454.13 491.11 502.56 476.94 420.22 341.73 242.35 148.08 67.91 0.00 0.00 0.00
0.00 0.00 0.00 0.00 0.00 0.00 0.00 15.86 101.22 183.70 278.56 369.90 446.56 482.93 494.19 468.99 413.21 336.04 238.31 145.62 66.78 0.00 0.00 0.00
0.00 0.00 0.00 0.00 0.00 0.00 0.00 28.24 122.86 213.90 309.98 410.29 497.10 537.98 549.66 539.67 486.83 393.45 285.78 172.96 80.94 0.00 0.00 0.00
0.00 0.00 0.00 0.00 0.00 0.00 0.00 0.40 1.35 2.25 3.03 3.86 4.42 5.54 5.63 5.27 4.60 3.58 2.43 1.12 0.33 0.00 0.00 0.00
0.00 0.00 0.00 0.00 0.00 0.00 0.00 2.04 6.84 11.40 15.37 19.57 22.40 28.07 28.55 26.72 23.30 18.14 12.30 5.67 1.68 0.00 0.00 0.00
0.00 0.00 0.00 0.00 0.00 0.00 0.00 10.40 34.94 58.21 78.49 99.90 114.36 143.29 145.74 136.41 118.95 92.60 62.81 28.95 8.58 0.00 0.00 0.00
0.00 0.00 0.00 0.00 0.00 0.00 0.00 0.60 3.84 6.97 10.58 14.04 16.95 18.33 18.76 17.81 15.69 12.76 9.05 5.53 2.54 0.00 0.00 0.00
0.00 0.00 0.00 0.00 0.00 0.00 0.00 19.37 88.39 154.84 231.23 305.11 369.36 412.61 424.76 400.12 353.07 286.96 207.38 115.15 52.08 0.00 0.00 0.00
0.00 0.00 0.00 0.00 0.00 0.00 0.00 1.12 5.30 9.34 14.90 20.69 26.21 30.93 31.75 30.70 28.19 22.72 15.87 9.13 3.55 0.00 0.00 0.00
0.00 0.00 0.00 0.00 0.00 0.00 0.00 15.40 50.63 84.24 123.27 157.80 184.41 204.54 213.87 203.50 178.06 145.40 104.35 62.43 27.27 0.00 0.00 0.00
0.00 0.00 0.00 0.00 0.00 0.00 0.00 0.32 1.47 2.58 3.85 5.09 6.16 6.88 7.08 6.67 5.88 4.78 3.46 1.92 0.87 0.00 0.00 0.00
0.00 0.00 0.00 0.00 0.00 0.00 0.00 14.53 66.29 116.13 173.42 228.83 277.02 309.46 318.57 300.09 264.81 215.22 155.54 86.36 39.06 0.00 0.00 0.00
0.00 0.00 0.00 0.00 0.00 0.00 0.00 18.64 85.07 149.04 222.56 293.67 355.51 397.14 408.83 385.11 339.83 276.19 199.61 110.83 50.13 0.00 0.00 0.00
0.00 0.00 0.00 0.00 0.00 0.00 0.00 37.25 162.03 282.08 408.79 541.08 655.55 709.46 724.86 711.68 642.01 518.86 376.87 228.09 106.74 0.00 0.00 0.00
0.00 0.00 0.00 0.00 0.00 0.00 0.00 0.70 2.67 4.56 3.98 5.27 6.28 16.48 16.47 15.51 14.52 11.38 7.90 3.96 1.35 0.00 0.00 0.00
0.00 0.00 0.00 0.00 0.00 0.00 0.00 0.88 3.28 5.58 5.33 7.01 8.41 20.33 20.42 19.32 18.10 14.12 9.95 4.97 1.69 0.00 0.00 0.00
0.00 0.00 0.00 0.00 0.00 0.00 0.00 4.62 21.88 38.51 61.47 85.35 108.11 127.58 130.98 126.62 116.28 93.71 65.47 37.67 14.63 0.00 0.00 0.00
0.00 0.00 0.00 0.00 0.00 0.00 0.00 30.27 123.93 214.97 333.90 433.25 515.98 542.26 553.81 519.61 451.25 366.89 270.42 117.34 60.44 3.11 0.00 0.00
0.00 0.00 0.00 0.00 0.00 0.00 0.00 0.34 1.07 1.77 2.93 3.83 4.49 5.08 5.09 4.81 4.48 3.59 2.52 1.22 0.41 0.00 0.00 0.00
0.00 0.00 0.00 0.00 0.00 0.00 0.00 6.19 24.26 41.60 60.96 78.71 93.81 103.15 104.31 98.45 87.50 71.23 52.46 33.22 14.88 0.00 0.00 0.00
0.00 0.00 0.00 0.00 0.00 0.00 0.00 0.53 6.91 13.12 19.44 26.00 31.34 33.31 33.75 30.98 27.80 22.31 16.06 5.85 2.76 0.00 0.00 0.00
0.00 0.00 0.00 0.00 0.00 0.00 0.00 1.19 3.06 5.06 6.93 8.82 10.13 11.25 11.21 10.52 9.09 7.15 4.88 2.55 0.89 0.00 0.00 0.00
0.00 0.00 0.00 0.00 0.00 0.00 0.00 0.60 1.53 2.53 3.47 4.41 5.07 5.62 5.61 5.26 4.54 3.58 2.44 1.27 0.45 0.00 0.00 0.00
0.00 0.00 0.00 0.00 0.00 0.00 0.00 1.31 3.35 5.53 7.58 9.64 11.08 12.30 12.26 11.51 9.94 7.83 5.34 2.79 0.97 0.00 0.00 0.00
0.00 0.00 0.00 0.00 0.00 0.00 0.00 1.55 4.04 6.69 9.12 11.45 13.21 14.40 14.41 13.49 11.87 9.29 6.42 3.39 1.17 0.00 0.00 0.00
0.00 0.00 0.00 0.00 0.00 0.00 0.00 2.36 6.16 10.19 13.90 17.45 20.12 21.95 21.96 20.55 18.09 14.15 9.79 5.16 1.78 0.00 0.00 0.00
0.00 0.00 0.00 0.00 0.00 0.00 0.00 1.96 5.25 8.65 12.34 15.97 18.17 19.53 19.55 18.32 16.56 13.27 9.05 4.70 1.68 0.00 0.00 0.00
0.00 0.00 0.00 0.00 0.00 0.00 0.00 1.48 4.34 7.05 10.15 12.78 14.80 15.46 16.11 15.73 14.29 11.38 8.06 4.83 2.04 0.00 0.00 0.00
0.00 0.00 0.00 0.00 0.00 0.00 0.00 3.83 11.20 18.21 26.23 33.01 38.23 39.94 41.62 40.64 36.91 29.41 20.82 12.47 5.27 0.00 0.00 0.00
0.00 0.00 0.00 0.00 0.00 0.00 0.00 0.89 2.81 4.64 6.71 8.58 10.04 10.98 11.22 10.80 9.77 7.88 5.52 3.28 1.38 0.00 0.00 0.00
0.00 0.00 0.00 0.00 0.00 0.00 0.00 1.80 5.36 8.81 12.49 16.60 19.31 22.45 22.75 21.07 19.95 15.82 11.01 5.16 1.65 0.00 0.00 0.00
0.00 0.00 0.00 0.00 0.00 0.00 0.00 3.47 9.82 16.05 22.10 28.43 33.79 37.38 38.06 35.68 32.98 26.00 17.68 8.57 2.89 0.00 0.00 0.00
0.00 0.00 0.00 0.00 0.00 0.00 0.00 0.41 1.08 1.74 3.13 3.93 4.38 5.20 5.09 4.71 3.64 2.86 1.89 0.80 0.20 0.00 0.00 0.00
0.00 0.00 0.00 0.00 0.00 0.00 0.00 1.66 4.80 7.92 17.92 22.14 24.78 29.88 30.03 27.71 22.82 17.57 11.60 4.50 1.20 0.00 0.00 0.00
0.00 0.00 0.00 0.00 0.00 0.00 0.00 1.12 3.10 5.10 11.66 14.55 15.88 19.71 19.19 17.97 14.73 11.39 7.63 3.29 0.83 0.00 0.00 0.00
0.00 0.00 0.00 0.00 0.00 0.00 0.00 1.55 4.28 7.04 16.09 20.08 21.92 27.20 26.48 24.80 20.32 15.72 10.53 4.54 1.15 0.00 0.00 0.00
0.00 0.00 0.00 0.00 0.00 0.00 0.00 1.05 2.91 4.79 10.96 13.68 14.93 18.53 18.04 16.90 13.84 10.71 7.18 3.09 0.78 0.00 0.00 0.00
0.00 0.00 0.00 0.00 0.00 0.00 0.00 0.88 2.56 4.22 9.56 11.81 13.22 15.94 16.02 14.78 12.17 9.37 6.19 2.40 0.64 0.00 0.00 0.00
0.00 0.00 0.00 0.00 0.00 0.00 0.00 0.82 2.21 3.65 8.53 10.62 11.85 14.58 14.54 13.37 9.97 7.84 5.39 2.27 0.53 0.00 0.00 0.00
0.00 0.00 0.00 0.00 0.00 0.00 0.00 1.15 3.87 6.45 8.70 11.07 12.67 15.88 16.15 15.12 13.18 10.26 6.96 3.21 0.95 0.00 0.00 0.00
0.00 0.00 0.00 0.00 0.00 0.00 0.00 5.78 31.90 56.76 87.51 114.28 130.24 141.38 143.79 136.96 129.72 102.22 69.52 32.78 10.24 0.00 0.00 0.00
0.00 0.00 0.00 0.00 0.00 0.00 0.00 0.80 2.80 4.72 10.08 13.55 16.09 24.51 24.43 23.08 21.68 17.49 12.14 6.08 2.08 0.00 0.00 0.00
0.00 0.00 0.00 0.00 0.00 0.00 0.00 2.15 6.96 11.55 16.07 21.15 25.25 36.88 37.44 34.83 30.31 24.17 16.81 8.35 2.69 0.00 0.00 0.00
0.00 0.00 0.00 0.00 0.00 0.00 0.00 0.98 3.19 5.29 7.37 9.69 11.57 16.90 17.16 15.96 13.89 11.08 7.70 3.83 1.23 0.00 0.00 0.00
0.00 0.00 0.00 0.00 0.00 0.00 0.00 0.99 3.46 5.82 13.38 17.91 21.30 29.85 29.58 27.95 26.39 21.20 14.89 7.46 2.56 0.00 0.00 0.00
0.00 0.00 0.00 0.00 0.00 0.00 0.00 0.81 2.59 4.29 7.13 9.31 10.91 12.34 12.37 11.68 10.89 8.71 6.11 2.97 0.98 0.00 0.00 0.00
0.00 0.00 0.00 0.00 0.00 0.00 0.00 4.79 22.65 39.87 63.65 88.37 111.93 132.09 135.61 131.10 120.39 97.02 67.79 39.00 15.15 0.00 0.00 0.00
0.00 0.00 0.00 0.00 0.00 0.00 0.00 3.68 12.11 20.14 29.48 37.73 44.10 48.91 51.14 48.66 42.58 34.77 24.95 14.93 6.52 0.00 0.00 0.00
0.00 0.00 0.00 0.00 0.00 0.00 0.00 0.79 2.69 4.50 6.69 8.55 10.09 10.91 11.10 10.58 9.54 7.74 5.50 3.42 1.48 0.00 0.00 0.00
0.00 0.00 0.00 0.00 0.00 0.00 0.00 0.89 3.16 5.34 7.49 9.62 11.32 13.31 13.73 13.35 12.25 9.69 6.89 4.23 1.78 0.00 0.00 0.00
0.00 0.00 0.00 0.00 0.00 0.00 0.00 1.43 5.06 8.54 11.99 15.39 18.11 21.30 21.97 21.37 19.61 15.51 11.03 6.76 2.85 0.00 0.00 0.00
0.00 0.00 0.00 0.00 0.00 0.00 0.00 16.40 104.65 189.93 288.00 382.44 461.70 499.30 510.94 484.89 427.22 347.43 246.39 150.55 69.04 0.00 0.00 0.00
