0.00 0.00 0.00 0.00 0.00 0.00 0.00 0.00 0.00 0.13 1.06 1.82 2.59 3.25 3.38 3.19 2.66 1.83 0.96 0.00 0.00 0.00 0.00 0.00
0.00 0.00 0.00 0.00 0.00 0.00 0.00 0.00 0.00 2.69 7.42 11.33 14.92 13.10 13.28 12.73 8.68 5.96 2.90 0.00 0.00 0.00 0.00 0.00
0.00 0.00 0.00 0.00 0.00 0.00 0.00 0.00 0.00 3.00 24.25 41.52 59.29 74.23 77.39 72.86 60.82 41.75 22.00 0.00 0.00 0.00 0.00 0.00
0.00 0.00 0.00 0.00 0.00 0.00 0.00 0.00 0.00 10.65 86.17 147.57 210.73 263.79 275.05 258.94 216.16 148.38 78.18 0.00 0.00 0.00 0.00 0.00
0.00 0.00 0.00 0.00 0.00 0.00 0.00 0.00 0.00 0.87 1.72 2.55 3.31 3.28 3.34 3.03 1.96 1.32 0.54 0.00 0.00 0.00 0.00 0.00
0.00 0.00 0.00 0.00 0.00 0.00 0.00 0.00 0.00 20.72 195.89 339.09 489.53 640.14 669.46 626.16 515.54 359.00 197.88 4.29 0.00 0.00 0.00 0.00
0.00 0.00 0.00 0.00 0.00 0.00 0.00 0.00 0.00 0.58 2.20 3.41 4.59 4.93 5.03 4.59 3.90 2.66 1.10 0.00 0.00 0.00 0.00 0.00
0.00 0.00 0.00 0.00 0.00 0.00 0.00 0.00 0.00 0.17 0.46 0.71 0.93 1.05 1.10 1.03 0.96 0.66 0.31 0.00 0.00 0.00 0.00 0.00
0.00 0.00 0.00 0.00 0.00 0.00 0.00 0.00 0.00 0.27 0.74 1.13 1.49 1.67 1.75 1.65 1.53 1.05 0.50 0.00 0.00 0.00 0.00 0.00
0.00 0.00 0.00 0.00 0.00 0.00 0.00 0.00 0.00 0.27 0.74 1.13 1.49 1.67 1.75 1.65 1.53 1.05 0.50 0.00 0.00 0.00 0.00 0.00
0.00 0.00 0.00 0.00 0.00 0.00 0.00 0.00 0.00 0.83 3.14 4.87 6.67 9.20 9.60 9.11 7.43 5.22 2.53 0.00 0.00 0.00 0.00 0.00
0.00 0.00 0.00 0.00 0.00 0.00 0.00 0.00 0.00 0.38 1.42 2.21 3.07 4.12 4.26 4.03 3.42 2.36 1.15 0.00 0.00 0.00 0.00 0.00
0.00 0.00 0.00 0.00 0.00 0.00 0.00 0.00 0.00 0.49 1.83 2.84 3.94 5.30 5.47 5.18 4.40 3.04 1.47 0.00 0.00 0.00 0.00 0.00
0.00 0.00 0.00 0.00 0.00 0.00 0.00 0.00 0.00 0.33 1.22 1.89 2.63 3.53 3.65 3.45 2.93 2.03 0.98 0.00 0.00 0.00 0.00 0.00
0.00 0.00 0.00 0.00 0.00 0.00 0.00 0.00 0.00 0.33 1.22 1.89 2.63 3.53 3.65 3.45 2.93 2.03 0.98 0.00 0.00 0.00 0.00 0.00
0.00 0.00 0.00 0.00 0.00 0.00 0.00 0.00 0.00 3.03 7.46 11.60 16.44 18.51 19.53 18.86 14.35 9.90 5.27 0.00 0.00 0.00 0.00 0.00
0.00 0.00 0.00 0.00 0.00 0.00 0.00 0.00 0.00 2.47 9.18 14.22 19.14 26.68 27.90 26.24 23.43 16.05 7.64 0.00 0.00 0.00 0.00 0.00
0.00 0.00 0.00 0.00 0.00 0.00 0.00 0.00 0.00 2.43 8.92 13.99 18.81 26.89 27.63 25.91 19.18 13.44 6.41 0.00 0.00 0.00 0.00 0.00
0.00 0.00 0.00 0.00 0.00 0.00 0.00 0.00 0.00 6.11 57.78 100.02 144.39 188.82 197.47 184.70 152.07 105.89 58.37 1.26 0.00 0.00 0.00 0.00
0.00 0.00 0.00 0.00 0.00 0.00 0.00 0.00 0.00 5.81 54.96 95.14 137.35 179.61 187.83 175.69 144.65 100.73 55.52 1.20 0.00 0.00 0.00 0.00
0.00 0.00 0.00 0.00 0.00 0.00 0.00 0.00 0.00 11.18 105.69 182.96 264.13 345.40 361.22 337.86 278.17 193.71 106.77 2.31 0.00 0.00 0.00 0.00
0.00 0.00 0.00 0.00 0.00 0.00 0.00 0.00 0.00 11.00 103.93 179.91 259.73 339.64 355.20 332.23 273.53 190.48 104.99 2.27 0.00 0.00 0.00 0.00
0.00 0.00 0.00 0.00 0.00 0.00 0.00 0.00 0.00 10.03 110.59 192.93 274.11 346.15 358.65 335.70 276.31 190.59 99.83 0.00 0.00 0.00 0.00 0.00
0.00 0.00 0.00 0.00 0.00 0.00 0.00 0.00 0.00 0.17 0.46 0.71 0.93 1.05 1.10 1.03 0.96 0.66 0.31 0.00 0.00 0.00 0.00 0.00
0.00 0.00 0.00 0.00 0.00 0.00 0.00 0.00 0.00 0.85 2.35 3.58 4.71 5.30 5.55 5.21 4.86 3.34 1.59 0.00 0.00 0.00 0.00 0.00
0.00 0.00 0.00 0.00 0.00 0.00 0.00 0.00 0.00 4.34 11.99 18.25 24.07 27.05 28.34 26.60 24.79 17.04 8.11 0.00 0.00 0.00 0.00 0.00
0.00 0.00 0.00 0.00 0.00 0.00 0.00 0.00 0.00 0.42 3.95 6.83 9.86 12.89 13.49 12.61 10.38 7.23 3.99 0.09 0.00 0.00 0.00 0.00
0.00 0.00 0.00 0.00 0.00 0.00 0.00 0.00 0.00 10.48 84.83 145.27 207.44 259.68 270.76 254.90 212.79 146.07 76.97 0.00 0.00 0.00 0.00 0.00
0.00 0.00 0.00 0.00 0.00 0.00 0.00 0.00 0.00 1.50 5.97 9.62 13.15 10.25 11.11 10.74 6.50 4.83 2.53 0.00 0.00 0.00 0.00 0.00
0.00 0.00 0.00 0.00 0.00 0.00 0.00 0.00 0.00 7.03 43.87 73.25 102.02 123.83 126.36 117.45 96.18 67.81 32.65 0.00 0.00 0.00 0.00 0.00
0.00 0.00 0.00 0.00 0.00 0.00 0.00 0.00 0.00 0.17 1.41 2.42 3.46 4.33 4.51 4.25 3.55 2.43 1.28 0.00 0.00 0.00 0.00 0.00
0.00 0.00 0.00 0.00 0.00 0.00 0.00 0.00 0.00 7.86 63.62 108.95 155.58 194.76 203.07 191.17 159.59 109.55 57.72 0.00 0.00 0.00 0.00 0.00
0.00 0.00 0.00 0.00 0.00 0.00 0.00 0.00 0.00 10.09 81.65 139.82 199.66 249.94 260.61 245.34 204.81 140.59 74.08 0.00 0.00 0.00 0.00 0.00
0.00 0.00 0.00 0.00 0.00 0.00 0.00 0.00 0.00 13.23 145.83 254.42 361.48 456.49 472.97 442.71 364.39 251.34 131.65 0.00 0.00 0.00 0.00 0.00
0.00 0.00 0.00 0.00 0.00 0.00 0.00 0.00 0.00 0.59 2.01 3.12 4.38 5.51 5.90 5.53 4.55 3.14 1.56 0.00 0.00 0.00 0.00 0.00
0.00 0.00 0.00 0.00 0.00 0.00 0.00 0.00 0.00 0.72 2.59 4.03 5.67 7.38 7.82 7.37 6.10 4.21 2.08 0.00 0.00 0.00 0.00 0.00
0.00 0.00 0.00 0.00 0.00 0.00 0.00 0.00 0.00 6.19 24.61 39.69 54.25 42.29 45.83 44.29 26.80 19.91 10.44 0.00 0.00 0.00 0.00 0.00
0.00 0.00 0.00 0.00 0.00 0.00 0.00 0.00 0.00 0.00 93.93 178.39 252.84 317.94 339.19 320.02 262.45 183.09 95.45 0.00 0.00 0.00 0.00 0.00
0.00 0.00 0.00 0.00 0.00 0.00 0.00 0.00 0.00 0.20 0.67 1.04 1.41 1.94 2.01 1.89 1.74 1.20 0.56 0.00 0.00 0.00 0.00 0.00
0.00 0.00 0.00 0.00 0.00 0.00 0.00 0.00 0.00 2.94 21.14 35.89 50.72 64.86 66.37 61.51 51.85 36.15 18.43 0.00 0.00 0.00 0.00 0.00
0.00 0.00 0.00 0.00 0.00 0.00 0.00 0.00 0.00 0.49 5.74 10.18 14.72 23.54 25.33 23.75 19.46 13.94 8.05 0.43 0.00 0.00 0.00 0.00
0.00 0.00 0.00 0.00 0.00 0.00 0.00 0.00 0.00 0.71 2.60 4.01 5.36 5.80 5.79 5.29 4.55 3.08 1.24 0.00 0.00 0.00 0.00 0.00
0.00 0.00 0.00 0.00 0.00 0.00 0.00 0.00 0.00 0.35 1.30 2.00 2.68 2.90 2.90 2.65 2.28 1.54 0.62 0.00 0.00 0.00 0.00 0.00
0.00 0.00 0.00 0.00 0.00 0.00 0.00 0.00 0.00 0.77 2.84 4.39 5.86 6.34 6.34 5.79 4.98 3.37 1.36 0.00 0.00 0.00 0.00 0.00
0.00 0.00 0.00 0.00 0.00 0.00 0.00 0.00 0.00 0.93 3.39 5.22 6.91 7.43 7.52 6.98 5.74 3.90 1.60 0.00 0.00 0.00 0.00 0.00
0.00 0.00 0.00 0.00 0.00 0.00 0.00 0.00 0.00 1.42 5.17 7.96 10.52 11.31 11.46 10.64 8.74 5.94 2.44 0.00 0.00 0.00 0.00 0.00
0.00 0.00 0.00 0.00 0.00 0.00 0.00 0.00 0.00 1.17 4.47 6.93 9.45 9.87 9.90 9.00 7.63 5.20 2.18 0.00 0.00 0.00 0.00 0.00
0.00 0.00 0.00 0.00 0.00 0.00 0.00 0.00 0.00 0.66 3.48 5.71 7.86 9.45 9.56 9.02 7.49 5.20 2.36 0.00 0.00 0.00 0.00 0.00
0.00 0.00 0.00 0.00 0.00 0.00 0.00 0.00 0.00 1.72 8.98 14.74 20.32 24.42 24.70 23.30 19.34 13.43 6.09 0.00 0.00 0.00 0.00 0.00
0.00 0.00 0.00 0.00 0.00 0.00 0.00 0.00 0.00 0.47 2.41 3.96 5.41 6.50 6.57 6.18 5.06 3.55 1.67 0.00 0.00 0.00 0.00 0.00
0.00 0.00 0.00 0.00 0.00 0.00 0.00 0.00 0.00 0.94 2.70 4.12 5.46 7.16 7.36 6.93 6.19 4.26 1.91 0.00 0.00 0.00 0.00 0.00
0.00 0.00 0.00 0.00 0.00 0.00 0.00 0.00 0.00 2.24 7.31 11.23 15.24 13.92 14.27 13.09 11.27 7.74 3.38 0.00 0.00 0.00 0.00 0.00
0.00 0.00 0.00 0.00 0.00 0.00 0.00 0.00 0.00 0.35 0.66 0.98 1.26 1.12 1.13 1.04 0.69 0.47 0.19 0.00 0.00 0.00 0.00 0.00
0.00 0.00 0.00 0.00 0.00 0.00 0.00 0.00 0.00 0.99 2.47 3.71 4.92 6.36 6.41 5.87 4.68 3.19 1.40 0.00 0.00 0.00 0.00 0.00
0.00 0.00 0.00 0.00 0.00 0.00 0.00 0.00 0.00 0.80 1.84 2.76 3.61 4.23 4.27 3.91 2.91 1.95 0.83 0.00 0.00 0.00 0.00 0.00
0.00 0.00 0.00 0.00 0.00 0.00 0.00 0.00 0.00 1.11 2.54 3.81 4.98 5.83 5.89 5.39 4.01 2.70 1.14 0.00 0.00 0.00 0.00 0.00
0.00 0.00 0.00 0.00 0.00 0.00 0.00 0.00 0.00 0.76 1.73 2.60 3.39 3.97 4.01 3.67 2.73 1.84 0.78 0.00 0.00 0.00 0.00 0.00
0.00 0.00 0.00 0.00 0.00 0.00 0.00 0.00 0.00 0.53 1.32 1.98 2.63 3.39 3.42 3.13 2.49 1.70 0.75 0.00 0.00 0.00 0.00 0.00
0.00 0.00 0.00 0.00 0.00 0.00 0.00 0.00 0.00 0.71 1.42 2.12 2.70 2.89 2.96 2.69 1.80 1.21 0.50 0.00 0.00 0.00 0.00 0.00
0.00 0.00 0.00 0.00 0.00 0.00 0.00 0.00 0.00 0.48 1.33 2.02 2.67 3.00 3.14 2.95 2.75 1.89 0.90 0.00 0.00 0.00 0.00 0.00
0.00 0.00 0.00 0.00 0.00 0.00 0.00 0.00 0.00 3.94 9.71 15.09 21.39 24.09 25.42 24.54 18.68 12.89 6.85 0.00 0.00 0.00 0.00 0.00
0.00 0.00 0.00 0.00 0.00 0.00 0.00 0.00 0.00 0.94 3.56 5.52 7.56 10.42 10.88 10.32 8.42 5.92 2.87 0.00 0.00 0.00 0.00 0.00
0.00 0.00 0.00 0.00 0.00 0.00 0.00 0.00 0.00 1.22 4.07 6.24 8.59 12.09 12.37 11.69 10.92 7.55 3.54 0.00 0.00 0.00 0.00 0.00
0.00 0.00 0.00 0.00 0.00 0.00 0.00 0.00 0.00 0.56 1.86 2.86 3.94 5.54 5.67 5.36 5.00 3.46 1.62 0.00 0.00 0.00 0.00 0.00
0.00 0.00 0.00 0.00 0.00 0.00 0.00 0.00 0.00 1.15 4.37 6.80 9.24 13.07 13.61 12.90 10.46 7.39 3.58 0.00 0.00 0.00 0.00 0.00
0.00 0.00 0.00 0.00 0.00 0.00 0.00 0.00 0.00 0.48 1.64 2.53 3.42 4.70 4.87 4.60 4.23 2.93 1.36 0.00 0.00 0.00 0.00 0.00
0.00 0.00 0.00 0.00 0.00 0.00 0.00 0.00 0.00 6.41 25.48 41.09 56.17 43.78 47.46 45.85 27.74 20.61 10.81 0.00 0.00 0.00 0.00 0.00
0.00 0.00 0.00 0.00 0.00 0.00 0.00 0.00 0.00 1.68 10.49 17.52 24.40 29.61 30.22 28.09 23.00 16.22 7.81 0.00 0.00 0.00 0.00 0.00
0.00 0.00 0.00 0.00 0.00 0.00 0.00 0.00 0.00 0.40 2.36 3.92 5.44 6.76 6.87 6.39 5.30 3.73 1.81 0.00 0.00 0.00 0.00 0.00
0.00 0.00 0.00 0.00 0.00 0.00 0.00 0.00 0.00 0.53 2.84 4.68 6.48 8.29 8.59 8.01 6.77 4.72 2.32 0.00 0.00 0.00 0.00 0.00
0.00 0.00 0.00 0.00 0.00 0.00 0.00 0.00 0.00 0.85 4.54 7.48 10.37 13.27 13.74 12.82 10.83 7.55 3.72 0.00 0.00 0.00 0.00 0.00
0.00 0.00 0.00 0.00 0.00 0.00 0.00 0.00 0.00 11.37 107.45 186.01 268.54 351.16 367.24 343.49 282.81 196.93 108.55 2.35 0.00 0.00 0.00 0.00
