0.00 0.00 0.00 0.00 0.00 0.00 0.00 0.00 0.89 1.81 2.89 3.83 4.50 4.95 5.11 4.93 4.34 3.57 2.53 1.36 0.55 0.00 0.00 0.00
0.00 0.00 0.00 0.00 0.00 0.00 0.00 1.32 18.58 34.93 52.52 68.34 79.22 89.42 90.86 86.28 71.53 56.34 37.81 15.55 3.30 0.00 0.00 0.00
0.00 0.00 0.00 0.00 0.00 0.00 0.00 0.00 20.40 41.42 66.02 87.63 102.98 113.08 116.84 112.71 99.27 81.54 57.94 30.99 12.55 0.00 0.00 0.00
0.00 0.00 0.00 0.00 0.00 0.00 0.00 0.00 72.49 147.22 234.63 311.44 365.99 401.86 415.23 400.58 352.79 289.79 205.91 110.13 44.62 0.00 0.00 0.00
0.00 0.00 0.00 0.00 0.00 0.00 0.00 0.67 3.01 5.21 7.15 9.01 10.24 12.24 12.24 11.49 11.35 8.80 5.71 2.37 0.34 0.00 0.00 0.00
0.00 0.00 0.00 0.00 0.00 0.00 0.00 0.00 147.47 315.28 507.87 678.17 800.09 881.39 912.56 901.48 835.86 688.13 498.69 266.63 110.80 0.00 0.00 0.00
0.00 0.00 0.00 0.00 0.00 0.00 0.00 0.49 2.35 4.11 5.91 7.49 8.61 9.32 9.31 8.91 7.96 6.37 4.35 1.90 0.54 0.00 0.00 0.00
0.00 0.00 0.00 0.00 0.00 0.00 0.00 0.11 1.11 2.05 3.19 4.18 4.84 5.59 5.62 5.30 4.24 3.40 2.27 1.03 0.24 0.00 0.00 0.00
0.00 0.00 0.00 0.00 0.00 0.00 0.00 0.18 1.78 3.28 5.10 6.68 7.74 8.94 8.99 8.48 6.79 5.43 3.63 1.65 0.38 0.00 0.00 0.00
0.00 0.00 0.00 0.00 0.00 0.00 0.00 0.18 1.78 3.28 5.10 6.68 7.74 8.94 8.99 8.48 6.79 5.43 3.63 1.65 0.38 0.00 0.00 0.00
0.00 0.00 0.00 0.00 0.00 0.00 0.00 0.30 4.12 7.73 12.27 16.41 19.10 21.01 21.20 20.07 18.02 14.19 9.59 4.27 1.20 0.00 0.00 0.00
0.00 0.00 0.00 0.00 0.00 0.00 0.00 0.14 1.93 3.63 5.81 7.70 8.97 9.95 10.10 9.56 8.56 6.75 4.53 1.98 0.55 0.00 0.00 0.00
0.00 0.00 0.00 0.00 0.00 0.00 0.00 0.18 2.49 4.67 7.47 9.90 11.53 12.79 12.99 12.30 11.01 8.68 5.82 2.55 0.70 0.00 0.00 0.00
0.00 0.00 0.00 0.00 0.00 0.00 0.00 0.12 1.66 3.11 4.98 6.60 7.68 8.52 8.66 8.20 7.34 5.79 3.88 1.70 0.47 0.00 0.00 0.00
0.00 0.00 0.00 0.00 0.00 0.00 0.00 0.12 1.66 3.11 4.98 6.60 7.68 8.52 8.66 8.20 7.34 5.79 3.88 1.70 0.47 0.00 0.00 0.00
0.00 0.00 0.00 0.00 0.00 0.00 0.00 0.00 20.32 41.21 65.67 85.81 100.07 112.50 114.12 108.55 99.90 77.50 53.09 23.90 6.24 0.00 0.00 0.00
0.00 0.00 0.00 0.00 0.00 0.00 0.00 1.25 12.86 23.86 37.67 49.95 58.76 63.58 63.00 58.79 53.37 42.12 28.55 12.82 3.52 0.00 0.00 0.00
0.00 0.00 0.00 0.00 0.00 0.00 0.00 1.07 11.27 20.94 31.62 41.48 48.81 52.81 52.43 48.69 44.64 35.48 23.98 11.08 3.28 0.00 0.00 0.00
0.00 0.00 0.00 0.00 0.00 0.00 0.00 0.00 43.50 93.00 149.80 200.03 236.00 259.98 269.17 265.90 246.55 202.97 147.10 78.65 32.68 0.00 0.00 0.00
0.00 0.00 0.00 0.00 0.00 0.00 0.00 0.00 41.38 88.46 142.50 190.28 224.49 247.30 256.04 252.93 234.52 193.07 139.92 74.81 31.09 0.00 0.00 0.00
0.00 0.00 0.00 0.00 0.00 0.00 0.00 0.00 79.57 170.11 274.03 365.92 431.70 475.57 492.39 486.41 451.00 371.29 269.08 143.87 59.78 0.00 0.00 0.00
0.00 0.00 0.00 0.00 0.00 0.00 0.00 0.00 78.25 167.28 269.46 359.82 424.51 467.64 484.18 478.30 443.49 365.10 264.59 141.47 58.79 0.00 0.00 0.00
0.00 0.00 0.00 0.00 0.00 0.00 0.00 0.00 94.20 190.38 298.92 400.59 476.28 510.91 527.34 511.81 471.99 386.93 278.29 145.70 61.35 0.00 0.00 0.00
0.00 0.00 0.00 0.00 0.00 0.00 0.00 0.11 1.11 2.05 3.19 4.18 4.84 5.59 5.62 5.30 4.24 3.40 2.27 1.03 0.24 0.00 0.00 0.00
0.00 0.00 0.00 0.00 0.00 0.00 0.00 0.57 5.64 10.40 16.15 21.16 24.50 28.30 28.47 26.86 21.49 17.21 11.51 5.21 1.19 0.00 0.00 0.00
0.00 0.00 0.00 0.00 0.00 0.00 0.00 2.91 28.80 53.09 82.47 108.00 125.09 144.50 145.33 137.12 109.70 87.85 58.75 26.62 6.09 0.00 0.00 0.00
0.00 0.00 0.00 0.00 0.00 0.00 0.00 0.00 2.97 6.35 10.23 13.66 16.12 17.75 18.38 18.16 16.84 13.86 10.05 5.37 2.23 0.00 0.00 0.00
0.00 0.00 0.00 0.00 0.00 0.00 0.00 0.00 71.36 144.92 230.98 306.59 360.29 395.60 408.76 394.33 347.29 285.27 202.70 108.41 43.92 0.00 0.00 0.00
0.00 0.00 0.00 0.00 0.00 0.00 0.00 0.00 5.50 11.07 17.89 24.67 29.80 32.71 32.80 31.23 28.56 23.01 15.81 7.54 2.54 0.00 0.00 0.00
0.00 0.00 0.00 0.00 0.00 0.00 0.00 3.16 41.31 77.83 117.55 154.11 180.10 194.75 197.97 186.83 173.26 141.86 100.72 49.31 18.71 0.00 0.00 0.00
0.00 0.00 0.00 0.00 0.00 0.00 0.00 0.00 1.19 2.42 3.85 5.11 6.00 6.59 6.81 6.57 5.79 4.75 3.38 1.81 0.73 0.00 0.00 0.00
0.00 0.00 0.00 0.00 0.00 0.00 0.00 0.00 53.52 108.69 173.23 229.94 270.21 296.70 306.57 295.75 260.47 213.95 152.03 81.31 32.94 0.00 0.00 0.00
0.00 0.00 0.00 0.00 0.00 0.00 0.00 0.00 68.69 139.49 222.31 295.09 346.78 380.77 393.43 379.55 334.26 274.57 195.10 104.35 42.28 0.00 0.00 0.00
0.00 0.00 0.00 0.00 0.00 0.00 0.00 0.00 124.22 251.07 394.20 528.28 628.09 673.76 695.43 674.95 622.44 510.26 366.99 192.14 80.91 0.00 0.00 0.00
0.00 0.00 0.00 0.00 0.00 0.00 0.00 0.12 2.93 5.59 9.08 11.98 14.17 15.64 15.73 14.63 13.46 10.70 7.24 3.19 0.90 0.00 0.00 0.00
0.00 0.00 0.00 0.00 0.00 0.00 0.00 0.18 3.68 7.00 11.42 15.11 17.67 19.56 19.69 18.44 16.80 13.32 9.06 3.96 1.11 0.00 0.00 0.00
0.00 0.00 0.00 0.00 0.00 0.00 0.00 0.00 22.67 45.67 73.78 101.78 122.91 134.92 135.31 128.82 117.79 94.91 65.20 31.11 10.48 0.00 0.00 0.00
0.00 0.00 0.00 0.00 0.00 0.00 0.00 0.00 92.45 187.12 292.68 399.86 485.14 533.06 546.09 522.43 480.85 396.83 284.97 160.71 75.69 0.00 0.00 0.00
0.00 0.00 0.00 0.00 0.00 0.00 0.00 0.12 1.06 1.94 2.97 3.93 4.60 5.05 5.01 4.64 3.92 3.10 2.10 0.93 0.25 0.00 0.00 0.00
0.00 0.00 0.00 0.00 0.00 0.00 0.00 0.01 19.20 37.79 58.52 78.04 91.18 97.38 99.42 95.03 87.14 71.61 50.51 25.65 10.11 0.00 0.00 0.00
0.00 0.00 0.00 0.00 0.00 0.00 0.00 0.00 4.78 10.94 17.82 24.43 29.17 31.74 32.53 31.45 28.97 23.89 17.33 9.95 4.31 0.00 0.00 0.00
0.00 0.00 0.00 0.00 0.00 0.00 0.00 0.60 2.67 4.62 6.35 8.10 9.19 10.78 10.65 10.14 9.12 7.19 4.96 2.12 0.58 0.00 0.00 0.00
0.00 0.00 0.00 0.00 0.00 0.00 0.00 0.30 1.34 2.31 3.17 4.05 4.60 5.39 5.32 5.07 4.56 3.59 2.48 1.06 0.29 0.00 0.00 0.00
0.00 0.00 0.00 0.00 0.00 0.00 0.00 0.66 2.92 5.05 6.94 8.85 10.05 11.80 11.65 11.09 9.98 7.86 5.42 2.32 0.64 0.00 0.00 0.00
0.00 0.00 0.00 0.00 0.00 0.00 0.00 0.76 3.55 6.16 8.81 11.25 12.86 14.20 13.97 13.29 11.58 9.26 6.31 2.81 0.76 0.00 0.00 0.00
0.00 0.00 0.00 0.00 0.00 0.00 0.00 1.16 5.41 9.39 13.42 17.14 19.59 21.64 21.28 20.25 17.65 14.10 9.61 4.29 1.16 0.00 0.00 0.00
0.00 0.00 0.00 0.00 0.00 0.00 0.00 0.97 4.82 8.43 12.32 15.48 17.83 19.00 19.06 18.07 16.04 12.66 8.76 3.95 1.13 0.00 0.00 0.00
0.00 0.00 0.00 0.00 0.00 0.00 0.00 0.49 3.53 6.44 9.83 12.99 15.13 15.95 15.96 15.25 13.81 11.09 7.77 3.67 1.33 0.00 0.00 0.00
0.00 0.00 0.00 0.00 0.00 0.00 0.00 1.26 9.13 16.62 25.39 33.55 39.09 41.22 41.24 39.39 35.69 28.65 20.06 9.48 3.43 0.00 0.00 0.00
0.00 0.00 0.00 0.00 0.00 0.00 0.00 0.24 2.35 4.36 6.65 8.71 10.17 10.84 10.78 10.17 9.37 7.51 5.28 2.48 0.89 0.00 0.00 0.00
0.00 0.00 0.00 0.00 0.00 0.00 0.00 0.73 4.79 8.61 13.22 17.24 19.87 21.82 21.70 20.25 16.05 12.87 8.75 3.78 0.94 0.00 0.00 0.00
0.00 0.00 0.00 0.00 0.00 0.00 0.00 1.48 8.54 15.18 22.77 29.36 33.82 35.92 36.29 33.93 30.66 24.06 16.22 7.18 1.92 0.00 0.00 0.00
0.00 0.00 0.00 0.00 0.00 0.00 0.00 0.27 1.18 2.04 2.96 3.70 4.13 4.42 4.37 4.05 3.44 2.69 1.80 0.76 0.12 0.00 0.00 0.00
0.00 0.00 0.00 0.00 0.00 0.00 0.00 0.97 5.59 9.93 15.81 20.17 22.78 26.67 26.29 24.69 17.94 14.40 9.75 3.99 0.76 0.00 0.00 0.00
0.00 0.00 0.00 0.00 0.00 0.00 0.00 0.81 4.06 7.12 10.30 13.01 14.59 16.92 16.53 15.84 11.51 9.17 6.17 2.75 0.47 0.00 0.00 0.00
0.00 0.00 0.00 0.00 0.00 0.00 0.00 1.11 5.60 9.83 14.22 17.95 20.13 23.35 22.82 21.86 15.89 12.65 8.52 3.80 0.65 0.00 0.00 0.00
0.00 0.00 0.00 0.00 0.00 0.00 0.00 0.76 3.81 6.69 9.69 12.23 13.71 15.91 15.54 14.89 10.82 8.62 5.80 2.59 0.44 0.00 0.00 0.00
0.00 0.00 0.00 0.00 0.00 0.00 0.00 0.52 2.98 5.30 8.43 10.76 12.15 14.22 14.02 13.17 9.57 7.68 5.20 2.13 0.40 0.00 0.00 0.00
0.00 0.00 0.00 0.00 0.00 0.00 0.00 0.57 2.68 4.67 6.42 8.10 9.17 11.85 11.90 11.27 9.93 7.77 5.06 2.15 0.32 0.00 0.00 0.00
0.00 0.00 0.00 0.00 0.00 0.00 0.00 0.32 3.19 5.88 9.14 11.97 13.86 16.01 16.11 15.20 12.16 9.74 6.51 2.95 0.68 0.00 0.00 0.00
0.00 0.00 0.00 0.00 0.00 0.00 0.00 0.00 26.44 53.64 85.48 111.69 130.25 146.43 148.54 141.29 130.03 100.87 69.11 31.11 8.13 0.00 0.00 0.00
0.00 0.00 0.00 0.00 0.00 0.00 0.00 0.34 4.67 8.77 13.91 18.59 21.65 23.81 24.02 22.75 20.42 16.08 10.87 4.84 1.35 0.00 0.00 0.00
0.00 0.00 0.00 0.00 0.00 0.00 0.00 0.82 7.32 13.43 20.69 27.13 31.77 35.54 35.26 32.98 24.11 18.82 12.71 4.83 1.24 0.00 0.00 0.00
0.00 0.00 0.00 0.00 0.00 0.00 0.00 0.38 3.35 6.16 9.48 12.44 14.56 16.29 16.16 15.11 11.05 8.63 5.83 2.21 0.57 0.00 0.00 0.00
0.00 0.00 0.00 0.00 0.00 0.00 0.00 0.45 5.86 10.99 17.23 23.01 26.86 29.30 29.51 27.87 25.05 19.76 13.33 6.00 1.69 0.00 0.00 0.00
0.00 0.00 0.00 0.00 0.00 0.00 0.00 0.30 2.57 4.71 7.22 9.55 11.18 12.25 12.18 11.26 9.53 7.52 5.11 2.26 0.60 0.00 0.00 0.00
0.00 0.00 0.00 0.00 0.00 0.00 0.00 0.00 23.47 47.29 76.39 105.37 127.26 139.69 140.09 133.37 121.96 98.26 67.50 32.21 10.85 0.00 0.00 0.00
0.00 0.00 0.00 0.00 0.00 0.00 0.00 0.76 9.88 18.61 28.11 36.85 43.07 46.57 47.34 44.68 41.43 33.92 24.08 11.79 4.47 0.00 0.00 0.00
0.00 0.00 0.00 0.00 0.00 0.00 0.00 0.14 2.22 4.22 6.42 8.41 9.85 10.55 10.65 10.04 9.17 7.40 5.25 2.63 0.99 0.00 0.00 0.00
0.00 0.00 0.00 0.00 0.00 0.00 0.00 0.14 2.86 5.46 8.25 10.82 12.59 13.31 13.34 12.72 11.64 9.53 6.79 3.21 1.17 0.00 0.00 0.00
0.00 0.00 0.00 0.00 0.00 0.00 0.00 0.22 4.58 8.74 13.20 17.32 20.14 21.29 21.34 20.36 18.62 15.25 10.86 5.14 1.87 0.00 0.00 0.00
0.00 0.00 0.00 0.00 0.00 0.00 0.00 0.00 80.90 172.95 278.60 372.02 438.90 483.50 500.59 494.52 458.52 377.48 273.56 146.26 60.78 0.00 0.00 0.00
