0.00 0.00 0.00 0.00 0.00 0.00 0.00 0.00 0.53 1.07 1.25 1.66 1.96 2.86 2.95 2.84 3.87 3.17 2.25 1.48 0.61 0.00 0.00 0.00
0.00 0.00 0.00 0.00 0.00 0.00 0.00 1.76 18.78 34.97 45.59 59.39 69.01 87.82 89.28 84.85 71.04 55.98 37.65 16.56 3.80 0.00 0.00 0.00
0.00 0.00 0.00 0.00 0.00 0.00 0.00 0.00 12.16 24.37 28.56 37.97 44.74 65.39 67.40 64.89 88.45 72.54 51.56 33.95 14.05 0.00 0.00 0.00
0.00 0.00 0.00 0.00 0.00 0.00 0.00 0.00 43.20 86.59 101.50 134.93 159.01 232.40 239.54 230.63 314.33 257.82 183.24 120.67 49.93 0.00 0.00 0.00
0.00 0.00 0.00 0.00 0.00 0.00 0.00 0.87 3.60 6.16 7.07 8.94 10.20 8.68 8.70 8.19 10.76 8.34 5.41 2.50 0.42 0.00 0.00 0.00
0.00 0.00 0.00 0.00 0.00 0.00 0.00 0.00 77.17 162.68 201.06 268.99 318.40 419.42 433.41 427.48 566.48 465.10 336.64 277.87 117.76 0.00 0.00 0.00
0.00 0.00 0.00 0.00 0.00 0.00 0.00 0.54 2.37 4.11 6.22 7.89 9.08 9.18 9.18 8.79 6.80 5.46 3.75 1.96 0.59 0.00 0.00 0.00
0.00 0.00 0.00 0.00 0.00 0.00 0.00 0.14 1.13 2.06 2.60 3.41 3.96 3.97 4.00 3.78 4.14 3.32 2.23 1.07 0.26 0.00 0.00 0.00
0.00 0.00 0.00 0.00 0.00 0.00 0.00 0.22 1.80 3.29 4.15 5.45 6.34 6.35 6.40 6.05 6.62 5.31 3.57 1.71 0.42 0.00 0.00 0.00
0.00 0.00 0.00 0.00 0.00 0.00 0.00 0.22 1.80 3.29 4.15 5.45 6.34 6.35 6.40 6.05 6.62 5.31 3.57 1.71 0.42 0.00 0.00 0.00
0.00 0.00 0.00 0.00 0.00 0.00 0.00 0.41 4.20 7.81 11.52 15.40 17.94 17.89 18.08 17.14 12.57 9.94 6.75 3.92 1.16 0.00 0.00 0.00
0.00 0.00 0.00 0.00 0.00 0.00 0.00 0.19 1.97 3.66 5.19 6.89 8.03 7.79 7.93 7.52 5.77 4.57 3.08 1.84 0.54 0.00 0.00 0.00
0.00 0.00 0.00 0.00 0.00 0.00 0.00 0.25 2.53 4.70 6.68 8.86 10.33 10.02 10.20 9.67 7.42 5.87 3.96 2.37 0.69 0.00 0.00 0.00
0.00 0.00 0.00 0.00 0.00 0.00 0.00 0.17 1.69 3.14 4.45 5.90 6.88 6.68 6.80 6.45 4.95 3.92 2.64 1.58 0.46 0.00 0.00 0.00
0.00 0.00 0.00 0.00 0.00 0.00 0.00 0.17 1.69 3.14 4.45 5.90 6.88 6.68 6.80 6.45 4.95 3.92 2.64 1.58 0.46 0.00 0.00 0.00
0.00 0.00 0.00 0.00 0.00 0.00 0.00 0.00 20.46 41.04 65.63 85.65 99.85 111.85 113.56 108.14 96.99 75.39 51.84 25.31 7.02 0.00 0.00 0.00
0.00 0.00 0.00 0.00 0.00 0.00 0.00 1.59 13.14 24.12 36.71 48.65 57.26 55.94 55.49 51.87 36.29 28.75 19.59 10.96 3.19 0.00 0.00 0.00
0.00 0.00 0.00 0.00 0.00 0.00 0.00 1.38 11.58 21.31 31.99 41.93 49.33 50.60 50.23 46.66 35.01 27.92 18.97 9.99 3.11 0.00 0.00 0.00
0.00 0.00 0.00 0.00 0.00 0.00 0.00 0.00 22.76 47.98 59.30 79.34 93.92 123.71 127.84 126.09 167.09 137.19 99.30 81.96 34.73 0.00 0.00 0.00
0.00 0.00 0.00 0.00 0.00 0.00 0.00 0.00 21.65 45.64 56.41 75.47 89.33 117.68 121.60 119.94 158.94 130.50 94.45 77.96 33.04 0.00 0.00 0.00
0.00 0.00 0.00 0.00 0.00 0.00 0.00 0.00 41.64 87.78 108.48 145.14 171.80 226.30 233.85 230.65 305.66 250.96 181.64 149.93 63.54 0.00 0.00 0.00
0.00 0.00 0.00 0.00 0.00 0.00 0.00 0.00 40.94 86.31 106.68 142.72 168.93 222.53 229.96 226.81 300.56 246.77 178.61 147.43 62.48 0.00 0.00 0.00
0.00 0.00 0.00 0.00 0.00 0.00 0.00 0.00 48.79 97.25 142.90 191.58 228.15 447.47 460.05 444.94 483.32 396.00 285.08 161.87 69.50 0.00 0.00 0.00
0.00 0.00 0.00 0.00 0.00 0.00 0.00 0.14 1.13 2.06 2.60 3.41 3.96 3.97 4.00 3.78 4.14 3.32 2.23 1.07 0.26 0.00 0.00 0.00
0.00 0.00 0.00 0.00 0.00 0.00 0.00 0.71 5.71 10.42 13.16 17.27 20.08 20.12 20.28 19.17 20.97 16.83 11.29 5.42 1.34 0.00 0.00 0.00
0.00 0.00 0.00 0.00 0.00 0.00 0.00 3.61 29.16 53.19 67.16 88.18 102.50 102.73 103.51 97.89 107.08 85.90 57.65 27.67 6.82 0.00 0.00 0.00
0.00 0.00 0.00 0.00 0.00 0.00 0.00 0.00 1.55 3.28 4.05 5.42 6.41 8.45 8.73 8.61 11.41 9.37 6.78 5.60 2.37 0.00 0.00 0.00
0.00 0.00 0.00 0.00 0.00 0.00 0.00 0.00 42.53 85.24 99.92 132.83 156.54 228.78 235.81 227.04 309.43 253.80 180.39 118.79 49.15 0.00 0.00 0.00
0.00 0.00 0.00 0.00 0.00 0.00 0.00 0.00 5.67 11.27 18.13 24.95 30.09 32.89 32.97 31.39 27.00 21.80 15.03 8.81 3.09 0.00 0.00 0.00
0.00 0.00 0.00 0.00 0.00 0.00 0.00 3.56 33.90 63.06 85.22 111.86 131.03 142.68 145.09 137.03 137.75 112.75 80.16 52.01 20.42 0.00 0.00 0.00
0.00 0.00 0.00 0.00 0.00 0.00 0.00 0.00 0.71 1.42 1.67 2.21 2.61 3.81 3.93 3.78 5.16 4.23 3.01 1.98 0.82 0.00 0.00 0.00
0.00 0.00 0.00 0.00 0.00 0.00 0.00 0.00 31.90 63.93 74.94 99.62 117.40 171.58 176.86 170.28 232.07 190.35 135.29 89.09 36.86 0.00 0.00 0.00
0.00 0.00 0.00 0.00 0.00 0.00 0.00 0.00 40.93 82.05 96.17 127.85 150.67 220.20 226.97 218.52 297.83 244.28 173.62 114.34 47.31 0.00 0.00 0.00
0.00 0.00 0.00 0.00 0.00 0.00 0.00 0.00 64.34 128.25 188.44 252.65 300.88 590.10 606.69 586.77 637.38 522.23 375.95 213.46 91.65 0.00 0.00 0.00
0.00 0.00 0.00 0.00 0.00 0.00 0.00 0.20 2.98 5.62 8.28 10.93 12.94 12.32 12.42 11.58 9.41 7.50 5.10 2.89 0.86 0.00 0.00 0.00
0.00 0.00 0.00 0.00 0.00 0.00 0.00 0.28 3.74 7.04 10.45 13.83 16.20 15.18 15.30 14.37 11.52 9.16 6.26 3.71 1.10 0.00 0.00 0.00
0.00 0.00 0.00 0.00 0.00 0.00 0.00 0.00 23.38 46.48 74.78 102.91 124.12 135.66 136.00 129.49 111.38 89.94 62.01 36.33 12.73 0.00 0.00 0.00
0.00 0.00 0.00 0.00 0.00 0.00 0.00 0.00 97.13 192.99 294.31 400.24 483.97 546.98 560.09 535.85 467.37 385.86 277.62 130.79 62.42 0.00 0.00 0.00
0.00 0.00 0.00 0.00 0.00 0.00 0.00 0.15 1.08 1.96 2.78 3.67 4.31 4.28 4.26 3.94 2.75 2.18 1.49 0.82 0.23 0.00 0.00 0.00
0.00 0.00 0.00 0.00 0.00 0.00 0.00 0.36 12.49 24.29 29.02 38.75 45.40 63.45 64.64 61.67 79.35 65.14 45.97 29.23 11.88 0.00 0.00 0.00
0.00 0.00 0.00 0.00 0.00 0.00 0.00 0.00 3.19 7.15 8.83 12.08 14.43 19.19 19.64 18.97 20.71 17.07 12.39 9.53 4.20 0.00 0.00 0.00
0.00 0.00 0.00 0.00 0.00 0.00 0.00 0.68 2.77 4.76 7.13 9.10 10.35 10.53 10.42 9.93 7.51 5.94 4.11 2.01 0.59 0.00 0.00 0.00
0.00 0.00 0.00 0.00 0.00 0.00 0.00 0.34 1.39 2.38 3.57 4.55 5.18 5.27 5.21 4.97 3.76 2.97 2.06 1.00 0.29 0.00 0.00 0.00
0.00 0.00 0.00 0.00 0.00 0.00 0.00 0.74 3.03 5.20 7.80 9.96 11.32 11.52 11.39 10.87 8.22 6.49 4.50 2.20 0.64 0.00 0.00 0.00
0.00 0.00 0.00 0.00 0.00 0.00 0.00 0.86 3.68 6.35 9.44 12.06 13.80 13.72 13.51 12.88 9.04 7.25 4.97 2.36 0.68 0.00 0.00 0.00
0.00 0.00 0.00 0.00 0.00 0.00 0.00 1.31 5.61 9.67 14.38 18.37 21.04 20.91 20.59 19.63 13.78 11.05 7.57 3.60 1.04 0.00 0.00 0.00
0.00 0.00 0.00 0.00 0.00 0.00 0.00 1.08 4.87 8.48 12.73 16.01 18.49 18.80 18.87 17.92 13.78 10.90 7.58 4.02 1.22 0.00 0.00 0.00
0.00 0.00 0.00 0.00 0.00 0.00 0.00 0.55 3.39 6.09 8.66 11.46 13.39 13.40 13.42 12.84 10.80 8.68 6.09 3.48 1.31 0.00 0.00 0.00
0.00 0.00 0.00 0.00 0.00 0.00 0.00 1.43 8.76 15.74 22.37 29.60 34.60 34.62 34.68 33.17 27.89 22.41 15.74 8.98 3.38 0.00 0.00 0.00
0.00 0.00 0.00 0.00 0.00 0.00 0.00 0.29 2.26 4.13 5.71 7.50 8.79 9.01 8.96 8.46 7.35 5.90 4.16 2.34 0.88 0.00 0.00 0.00
0.00 0.00 0.00 0.00 0.00 0.00 0.00 0.85 4.89 8.70 11.62 15.16 17.51 16.71 16.63 15.55 10.86 8.74 5.97 3.39 0.90 0.00 0.00 0.00
0.00 0.00 0.00 0.00 0.00 0.00 0.00 1.70 8.74 15.43 22.92 29.54 34.04 32.22 32.60 30.53 20.80 16.39 11.12 5.28 1.50 0.00 0.00 0.00
0.00 0.00 0.00 0.00 0.00 0.00 0.00 0.30 1.22 2.08 2.26 2.84 3.18 2.97 2.95 2.75 2.68 2.09 1.41 0.52 0.09 0.00 0.00 0.00
0.00 0.00 0.00 0.00 0.00 0.00 0.00 1.25 6.41 11.22 13.51 17.36 19.77 13.04 12.93 12.22 18.54 14.79 9.98 5.49 1.15 0.00 0.00 0.00
0.00 0.00 0.00 0.00 0.00 0.00 0.00 0.98 4.48 7.73 8.97 11.40 12.88 11.06 10.84 10.43 13.60 10.78 7.24 3.56 0.69 0.00 0.00 0.00
0.00 0.00 0.00 0.00 0.00 0.00 0.00 1.35 6.18 10.67 12.38 15.74 17.78 15.27 14.97 14.39 18.77 14.87 9.99 4.91 0.95 0.00 0.00 0.00
0.00 0.00 0.00 0.00 0.00 0.00 0.00 0.92 4.21 7.27 8.44 10.72 12.11 10.40 10.19 9.80 12.79 10.13 6.80 3.35 0.65 0.00 0.00 0.00
0.00 0.00 0.00 0.00 0.00 0.00 0.00 0.66 3.42 5.98 7.20 9.26 10.55 6.96 6.89 6.52 9.89 7.89 5.32 2.93 0.61 0.00 0.00 0.00
0.00 0.00 0.00 0.00 0.00 0.00 0.00 0.74 3.18 5.46 6.15 7.79 8.86 7.99 8.03 7.63 10.30 8.05 5.25 2.43 0.42 0.00 0.00 0.00
0.00 0.00 0.00 0.00 0.00 0.00 0.00 0.40 3.23 5.89 7.44 9.77 11.36 11.39 11.47 10.85 11.87 9.52 6.39 3.07 0.76 0.00 0.00 0.00
0.00 0.00 0.00 0.00 0.00 0.00 0.00 0.00 26.64 53.42 85.42 111.48 129.96 145.59 147.81 140.75 126.23 98.13 67.47 32.94 9.13 0.00 0.00 0.00
0.00 0.00 0.00 0.00 0.00 0.00 0.00 0.47 4.76 8.85 13.05 17.45 20.33 20.28 20.49 19.43 14.25 11.26 7.65 4.44 1.32 0.00 0.00 0.00
0.00 0.00 0.00 0.00 0.00 0.00 0.00 1.01 7.45 13.52 16.28 21.39 25.11 24.64 24.50 22.97 19.43 15.18 10.28 5.72 1.57 0.00 0.00 0.00
0.00 0.00 0.00 0.00 0.00 0.00 0.00 0.46 3.41 6.20 7.46 9.80 11.51 11.29 11.23 10.53 8.91 6.96 4.71 2.62 0.72 0.00 0.00 0.00
0.00 0.00 0.00 0.00 0.00 0.00 0.00 0.61 5.98 11.11 16.60 22.15 25.86 26.12 26.34 24.90 17.76 14.07 9.54 5.49 1.63 0.00 0.00 0.00
0.00 0.00 0.00 0.00 0.00 0.00 0.00 0.37 2.62 4.76 6.74 8.92 10.46 10.39 10.34 9.57 6.69 5.30 3.62 1.99 0.56 0.00 0.00 0.00
0.00 0.00 0.00 0.00 0.00 0.00 0.00 0.00 24.21 48.12 77.43 106.55 128.51 140.45 140.81 134.07 115.32 93.12 64.20 37.62 13.18 0.00 0.00 0.00
0.00 0.00 0.00 0.00 0.00 0.00 0.00 0.85 8.11 15.08 20.38 26.75 31.33 34.12 34.70 32.77 32.94 26.96 19.17 12.44 4.88 0.00 0.00 0.00
0.00 0.00 0.00 0.00 0.00 0.00 0.00 0.17 1.88 3.53 4.43 5.81 6.83 7.68 7.76 7.31 6.94 5.59 3.98 2.59 1.00 0.00 0.00 0.00
0.00 0.00 0.00 0.00 0.00 0.00 0.00 0.21 2.73 5.15 6.08 7.97 9.28 10.11 10.12 9.65 8.57 7.02 5.02 2.77 1.05 0.00 0.00 0.00
0.00 0.00 0.00 0.00 0.00 0.00 0.00 0.34 4.37 8.24 9.72 12.76 14.85 16.18 16.19 15.44 13.71 11.24 8.03 4.43 1.68 0.00 0.00 0.00
0.00 0.00 0.00 0.00 0.00 0.00 0.00 0.00 42.33 89.24 110.29 147.56 174.66 230.08 237.75 234.50 310.75 255.14 184.67 152.43 64.60 0.00 0.00 0.00
