0.00 0.00 0.00 0.00 0.00 0.00 0.00 0.00 0.00 0.62 1.24 1.79 2.29 3.21 3.25 2.95 2.63 1.83 0.89 0.00 0.00 0.00 0.00 0.00
0.00 0.00 0.00 0.00 0.00 0.00 0.00 0.00 3.95 19.17 35.46 49.57 59.79 55.68 53.99 48.52 31.65 21.33 9.10 0.00 0.00 0.00 0.00 0.00
0.00 0.00 0.00 0.00 0.00 0.00 0.00 0.00 0.00 14.25 28.39 40.99 52.40 73.30 74.38 67.39 60.15 41.75 20.43 0.00 0.00 0.00 0.00 0.00
0.00 0.00 0.00 0.00 0.00 0.00 0.00 0.00 0.00 50.63 100.91 145.68 186.22 260.50 264.36 239.52 213.75 148.39 72.60 0.00 0.00 0.00 0.00 0.00
0.00 0.00 0.00 0.00 0.00 0.00 0.00 0.00 1.04 3.76 6.71 9.22 10.62 10.90 10.56 9.42 7.23 4.67 1.60 0.00 0.00 0.00 0.00 0.00
0.00 0.00 0.00 0.00 0.00 0.00 0.00 0.00 0.00 87.72 282.15 408.57 532.11 681.74 697.24 640.80 500.75 336.54 172.94 0.00 0.00 0.00 0.00 0.00
0.00 0.00 0.00 0.00 0.00 0.00 0.00 0.00 0.23 1.73 3.35 4.93 5.90 6.31 6.25 5.53 4.27 2.81 1.04 0.00 0.00 0.00 0.00 0.00
0.00 0.00 0.00 0.00 0.00 0.00 0.00 0.00 0.22 1.15 2.14 3.02 3.58 3.76 3.73 3.32 2.55 1.72 0.72 0.00 0.00 0.00 0.00 0.00
0.00 0.00 0.00 0.00 0.00 0.00 0.00 0.00 0.36 1.85 3.42 4.84 5.73 6.01 5.97 5.31 4.08 2.75 1.15 0.00 0.00 0.00 0.00 0.00
0.00 0.00 0.00 0.00 0.00 0.00 0.00 0.00 0.36 1.85 3.42 4.84 5.73 6.01 5.97 5.31 4.08 2.75 1.15 0.00 0.00 0.00 0.00 0.00
0.00 0.00 0.00 0.00 0.00 0.00 0.00 0.00 0.46 3.57 7.07 10.17 12.78 14.29 14.41 13.14 10.42 7.10 3.08 0.00 0.00 0.00 0.00 0.00
0.00 0.00 0.00 0.00 0.00 0.00 0.00 0.00 0.23 1.75 3.41 4.95 6.26 6.82 6.84 6.24 4.88 3.32 1.44 0.00 0.00 0.00 0.00 0.00
0.00 0.00 0.00 0.00 0.00 0.00 0.00 0.00 0.30 2.25 4.39 6.36 8.05 8.77 8.80 8.02 6.28 4.27 1.85 0.00 0.00 0.00 0.00 0.00
0.00 0.00 0.00 0.00 0.00 0.00 0.00 0.00 0.20 1.50 2.92 4.24 5.37 5.85 5.86 5.35 4.18 2.84 1.23 0.00 0.00 0.00 0.00 0.00
0.00 0.00 0.00 0.00 0.00 0.00 0.00 0.00 0.20 1.50 2.92 4.24 5.37 5.85 5.86 5.35 4.18 2.84 1.23 0.00 0.00 0.00 0.00 0.00
0.00 0.00 0.00 0.00 0.00 0.00 0.00 0.00 2.09 14.82 24.72 37.09 46.85 49.78 51.50 46.93 41.09 26.76 12.73 0.00 0.00 0.00 0.00 0.00
0.00 0.00 0.00 0.00 0.00 0.00 0.00 0.00 1.48 10.79 21.15 29.80 37.88 43.00 44.00 39.87 31.09 21.07 8.93 0.00 0.00 0.00 0.00 0.00
0.00 0.00 0.00 0.00 0.00 0.00 0.00 0.00 0.78 7.21 13.91 19.63 25.05 31.28 30.72 27.76 25.54 17.39 7.43 0.00 0.00 0.00 0.00 0.00
0.00 0.00 0.00 0.00 0.00 0.00 0.00 0.00 0.00 25.88 83.23 120.51 156.95 201.09 205.66 189.01 147.70 99.27 51.01 0.00 0.00 0.00 0.00 0.00
0.00 0.00 0.00 0.00 0.00 0.00 0.00 0.00 0.00 24.61 79.17 114.63 149.30 191.28 195.63 179.79 140.50 94.43 48.52 0.00 0.00 0.00 0.00 0.00
0.00 0.00 0.00 0.00 0.00 0.00 0.00 0.00 0.00 47.33 152.24 220.45 287.11 367.84 376.21 345.76 270.19 181.59 93.31 0.00 0.00 0.00 0.00 0.00
0.00 0.00 0.00 0.00 0.00 0.00 0.00 0.00 0.00 46.54 149.70 216.78 282.33 361.71 369.94 339.99 265.68 178.56 91.76 0.00 0.00 0.00 0.00 0.00
0.00 0.00 0.00 0.00 0.00 0.00 0.00 0.00 0.00 77.86 163.08 231.73 299.60 337.53 341.48 309.82 279.18 193.79 94.57 0.00 0.00 0.00 0.00 0.00
0.00 0.00 0.00 0.00 0.00 0.00 0.00 0.00 0.22 1.15 2.14 3.02 3.58 3.76 3.73 3.32 2.55 1.72 0.72 0.00 0.00 0.00 0.00 0.00
0.00 0.00 0.00 0.00 0.00 0.00 0.00 0.00 1.13 5.85 10.84 15.32 18.16 19.04 18.89 16.81 12.93 8.72 3.65 0.00 0.00 0.00 0.00 0.00
0.00 0.00 0.00 0.00 0.00 0.00 0.00 0.00 5.77 29.86 55.34 78.24 92.70 97.23 96.46 85.82 65.99 44.52 18.62 0.00 0.00 0.00 0.00 0.00
0.00 0.00 0.00 0.00 0.00 0.00 0.00 0.00 0.00 1.77 5.68 8.23 10.72 13.73 14.05 12.91 10.09 6.78 3.48 0.00 0.00 0.00 0.00 0.00
0.00 0.00 0.00 0.00 0.00 0.00 0.00 0.00 0.00 49.84 99.34 143.41 183.32 256.44 260.24 235.78 210.42 146.07 71.47 0.00 0.00 0.00 0.00 0.00
0.00 0.00 0.00 0.00 0.00 0.00 0.00 0.00 0.10 4.43 9.80 14.11 18.11 22.13 22.38 20.88 16.74 11.79 5.64 0.00 0.00 0.00 0.00 0.00
0.00 0.00 0.00 0.00 0.00 0.00 0.00 0.00 0.00 32.89 70.39 99.65 124.13 136.96 135.25 119.90 90.25 62.31 27.62 0.00 0.00 0.00 0.00 0.00
0.00 0.00 0.00 0.00 0.00 0.00 0.00 0.00 0.00 0.83 1.66 2.39 3.06 4.27 4.34 3.93 3.51 2.43 1.19 0.00 0.00 0.00 0.00 0.00
0.00 0.00 0.00 0.00 0.00 0.00 0.00 0.00 0.00 37.38 74.51 107.56 137.49 192.33 195.18 176.84 157.82 109.56 53.60 0.00 0.00 0.00 0.00 0.00
0.00 0.00 0.00 0.00 0.00 0.00 0.00 0.00 0.00 47.97 95.62 138.03 176.44 246.83 250.48 226.94 202.53 140.60 68.79 0.00 0.00 0.00 0.00 0.00
0.00 0.00 0.00 0.00 0.00 0.00 0.00 0.00 0.00 102.68 215.07 305.59 395.10 445.12 450.32 408.58 368.17 255.56 124.72 0.00 0.00 0.00 0.00 0.00
0.00 0.00 0.00 0.00 0.00 0.00 0.00 0.00 0.34 2.76 5.38 7.93 9.98 10.80 10.93 9.90 7.76 5.27 2.35 0.00 0.00 0.00 0.00 0.00
0.00 0.00 0.00 0.00 0.00 0.00 0.00 0.00 0.43 3.43 6.68 9.85 12.49 13.50 13.61 12.38 9.69 6.59 2.92 0.00 0.00 0.00 0.00 0.00
0.00 0.00 0.00 0.00 0.00 0.00 0.00 0.00 0.42 18.29 40.41 58.20 74.72 91.27 92.31 86.13 69.07 48.65 23.25 0.00 0.00 0.00 0.00 0.00
0.00 0.00 0.00 0.00 0.00 0.00 0.00 0.00 0.00 67.26 182.23 262.81 344.43 384.12 395.18 357.74 282.23 199.74 98.47 0.00 0.00 0.00 0.00 0.00
0.00 0.00 0.00 0.00 0.00 0.00 0.00 0.00 0.13 0.85 1.64 2.32 2.86 3.26 3.31 3.00 2.39 1.61 0.67 0.00 0.00 0.00 0.00 0.00
0.00 0.00 0.00 0.00 0.00 0.00 0.00 0.00 0.00 14.88 30.26 43.29 55.17 61.67 62.58 55.96 49.01 33.96 16.02 0.00 0.00 0.00 0.00 0.00
0.00 0.00 0.00 0.00 0.00 0.00 0.00 0.00 0.00 4.30 11.76 17.09 21.79 24.97 25.87 23.63 18.50 12.47 6.71 0.00 0.00 0.00 0.00 0.00
0.00 0.00 0.00 0.00 0.00 0.00 0.00 0.00 0.32 2.10 4.04 5.67 6.83 7.37 7.22 6.50 4.99 3.26 1.16 0.00 0.00 0.00 0.00 0.00
0.00 0.00 0.00 0.00 0.00 0.00 0.00 0.00 0.16 1.05 2.02 2.83 3.41 3.68 3.61 3.25 2.50 1.63 0.58 0.00 0.00 0.00 0.00 0.00
0.00 0.00 0.00 0.00 0.00 0.00 0.00 0.00 0.35 2.30 4.41 6.20 7.47 8.06 7.90 7.11 5.46 3.56 1.26 0.00 0.00 0.00 0.00 0.00
0.00 0.00 0.00 0.00 0.00 0.00 0.00 0.00 0.43 2.73 5.24 7.35 8.91 9.48 9.45 8.50 6.51 4.26 1.54 0.00 0.00 0.00 0.00 0.00
0.00 0.00 0.00 0.00 0.00 0.00 0.00 0.00 0.65 4.16 7.99 11.20 13.58 14.45 14.40 12.95 9.93 6.50 2.35 0.00 0.00 0.00 0.00 0.00
0.00 0.00 0.00 0.00 0.00 0.00 0.00 0.00 0.47 3.50 6.83 9.86 11.99 12.87 12.75 11.18 8.59 5.66 2.11 0.00 0.00 0.00 0.00 0.00
0.00 0.00 0.00 0.00 0.00 0.00 0.00 0.00 0.00 2.76 5.83 8.19 10.12 11.08 10.97 9.65 7.41 5.03 2.09 0.00 0.00 0.00 0.00 0.00
0.00 0.00 0.00 0.00 0.00 0.00 0.00 0.00 0.00 7.12 15.06 21.16 26.14 28.62 28.35 24.93 19.13 12.99 5.39 0.00 0.00 0.00 0.00 0.00
0.00 0.00 0.00 0.00 0.00 0.00 0.00 0.00 0.00 1.81 3.83 5.39 6.68 7.16 7.12 6.28 4.80 3.29 1.42 0.00 0.00 0.00 0.00 0.00
0.00 0.00 0.00 0.00 0.00 0.00 0.00 0.00 0.68 3.86 7.29 10.33 12.91 14.14 14.18 12.74 9.99 6.67 2.64 0.00 0.00 0.00 0.00 0.00
0.00 0.00 0.00 0.00 0.00 0.00 0.00 0.00 0.89 5.76 10.47 14.79 17.90 19.25 19.66 18.11 15.71 10.43 4.02 0.00 0.00 0.00 0.00 0.00
0.00 0.00 0.00 0.00 0.00 0.00 0.00 0.00 0.29 1.08 1.94 2.63 3.10 3.29 3.26 2.87 2.24 1.45 0.50 0.00 0.00 0.00 0.00 0.00
0.00 0.00 0.00 0.00 0.00 0.00 0.00 0.00 1.49 6.31 11.52 15.95 18.48 18.99 18.60 16.39 12.15 8.00 3.03 0.00 0.00 0.00 0.00 0.00
0.00 0.00 0.00 0.00 0.00 0.00 0.00 0.00 1.07 4.22 7.64 10.68 12.26 13.04 12.55 11.05 8.34 5.45 1.98 0.00 0.00 0.00 0.00 0.00
0.00 0.00 0.00 0.00 0.00 0.00 0.00 0.00 1.48 5.82 10.54 14.73 16.93 17.99 17.32 15.25 11.51 7.52 2.73 0.00 0.00 0.00 0.00 0.00
0.00 0.00 0.00 0.00 0.00 0.00 0.00 0.00 1.01 3.96 7.18 10.04 11.53 12.25 11.80 10.39 7.84 5.12 1.86 0.00 0.00 0.00 0.00 0.00
0.00 0.00 0.00 0.00 0.00 0.00 0.00 0.00 0.80 3.37 6.14 8.51 9.85 10.13 9.92 8.74 6.48 4.27 1.62 0.00 0.00 0.00 0.00 0.00
0.00 0.00 0.00 0.00 0.00 0.00 0.00 0.00 0.91 3.33 5.95 8.06 9.40 9.63 9.46 8.46 6.32 4.09 1.43 0.00 0.00 0.00 0.00 0.00
0.00 0.00 0.00 0.00 0.00 0.00 0.00 0.00 0.64 3.31 6.13 8.67 10.27 10.78 10.69 9.51 7.31 4.93 2.06 0.00 0.00 0.00 0.00 0.00
0.00 0.00 0.00 0.00 0.00 0.00 0.00 0.00 2.71 19.28 32.17 48.28 60.98 64.79 67.03 61.09 53.49 34.83 16.57 0.00 0.00 0.00 0.00 0.00
0.00 0.00 0.00 0.00 0.00 0.00 0.00 0.00 0.52 4.04 8.01 11.52 14.48 16.19 16.33 14.89 11.81 8.04 3.49 0.00 0.00 0.00 0.00 0.00
0.00 0.00 0.00 0.00 0.00 0.00 0.00 0.00 1.12 6.91 13.13 18.52 22.73 24.11 24.03 22.19 17.39 11.75 4.89 0.00 0.00 0.00 0.00 0.00
0.00 0.00 0.00 0.00 0.00 0.00 0.00 0.00 0.51 3.17 6.02 8.49 10.42 11.05 11.01 10.17 7.97 5.38 2.24 0.00 0.00 0.00 0.00 0.00
0.00 0.00 0.00 0.00 0.00 0.00 0.00 0.00 0.63 4.94 9.84 14.04 17.61 19.91 20.17 18.32 14.60 9.95 4.30 0.00 0.00 0.00 0.00 0.00
0.00 0.00 0.00 0.00 0.00 0.00 0.00 0.00 0.31 2.06 3.98 5.62 6.94 7.91 8.04 7.28 5.79 3.91 1.62 0.00 0.00 0.00 0.00 0.00
0.00 0.00 0.00 0.00 0.00 0.00 0.00 0.00 0.44 18.94 41.84 60.25 77.36 94.49 95.58 89.18 71.51 50.37 24.07 0.00 0.00 0.00 0.00 0.00
0.00 0.00 0.00 0.00 0.00 0.00 0.00 0.00 0.00 7.86 16.83 23.83 29.68 32.75 32.34 28.67 21.58 14.90 6.60 0.00 0.00 0.00 0.00 0.00
0.00 0.00 0.00 0.00 0.00 0.00 0.00 0.00 0.00 1.74 3.68 5.19 6.56 6.88 6.92 6.13 4.83 3.34 1.50 0.00 0.00 0.00 0.00 0.00
0.00 0.00 0.00 0.00 0.00 0.00 0.00 0.00 0.00 2.03 4.02 5.76 7.21 8.43 8.43 7.61 6.42 4.44 2.01 0.00 0.00 0.00 0.00 0.00
0.00 0.00 0.00 0.00 0.00 0.00 0.00 0.00 0.00 3.24 6.42 9.22 11.53 13.49 13.49 12.18 10.27 7.11 3.21 0.00 0.00 0.00 0.00 0.00
0.00 0.00 0.00 0.00 0.00 0.00 0.00 0.00 0.00 48.12 154.78 224.12 291.90 373.98 382.48 351.52 274.69 184.62 94.87 0.00 0.00 0.00 0.00 0.00
