0.00 0.00 0.00 0.00 0.00 0.00 0.00 0.00 0.40 1.28 2.29 3.17 3.92 4.41 4.52 4.29 3.70 2.78 1.70 0.41 0.00 0.00 0.00 0.00
0.00 0.00 0.00 0.00 0.00 0.00 0.00 0.00 11.15 26.68 47.95 61.82 74.82 84.27 81.95 75.80 61.45 44.62 27.06 4.39 0.00 0.00 0.00 0.00
0.00 0.00 0.00 0.00 0.00 0.00 0.00 0.00 9.09 29.36 52.29 72.54 89.68 100.76 103.29 98.01 84.71 63.59 38.83 9.45 0.00 0.00 0.00 0.00
0.00 0.00 0.00 0.00 0.00 0.00 0.00 0.00 32.31 104.34 185.85 257.81 318.71 358.08 367.09 348.33 301.06 225.99 138.00 33.60 0.00 0.00 0.00 0.00
0.00 0.00 0.00 0.00 0.00 0.00 0.00 0.00 1.20 2.56 4.37 5.59 6.45 6.90 6.65 6.03 4.56 3.24 1.92 0.23 0.00 0.00 0.00 0.00
0.00 0.00 0.00 0.00 0.00 0.00 0.00 0.00 62.21 224.47 413.89 577.90 713.35 795.47 815.32 792.74 693.85 522.53 322.16 88.43 0.00 0.00 0.00 0.00
0.00 0.00 0.00 0.00 0.00 0.00 0.00 0.00 1.15 2.64 3.71 4.91 5.89 8.00 8.06 7.44 6.35 4.62 2.77 0.42 0.00 0.00 0.00 0.00
0.00 0.00 0.00 0.00 0.00 0.00 0.00 0.00 0.54 1.29 2.31 3.06 3.58 3.90 3.84 3.58 3.00 2.20 1.29 0.26 0.00 0.00 0.00 0.00
0.00 0.00 0.00 0.00 0.00 0.00 0.00 0.00 0.87 2.06 3.70 4.90 5.73 6.24 6.14 5.73 4.80 3.52 2.07 0.41 0.00 0.00 0.00 0.00
0.00 0.00 0.00 0.00 0.00 0.00 0.00 0.00 0.87 2.06 3.70 4.90 5.73 6.24 6.14 5.73 4.80 3.52 2.07 0.41 0.00 0.00 0.00 0.00
0.00 0.00 0.00 0.00 0.00 0.00 0.00 0.00 2.58 6.44 10.77 14.48 17.53 17.27 17.40 16.19 12.29 8.85 5.18 1.03 0.00 0.00 0.00 0.00
0.00 0.00 0.00 0.00 0.00 0.00 0.00 0.00 1.19 2.98 5.02 6.81 8.24 7.64 7.60 7.05 5.61 4.04 2.34 0.46 0.00 0.00 0.00 0.00
0.00 0.00 0.00 0.00 0.00 0.00 0.00 0.00 1.54 3.83 6.45 8.76 10.60 9.82 9.77 9.07 7.22 5.19 3.01 0.60 0.00 0.00 0.00 0.00
0.00 0.00 0.00 0.00 0.00 0.00 0.00 0.00 1.02 2.55 4.30 5.84 7.07 6.55 6.51 6.04 4.81 3.46 2.01 0.40 0.00 0.00 0.00 0.00
0.00 0.00 0.00 0.00 0.00 0.00 0.00 0.00 1.02 2.55 4.30 5.84 7.07 6.55 6.51 6.04 4.81 3.46 2.01 0.40 0.00 0.00 0.00 0.00
0.00 0.00 0.00 0.00 0.00 0.00 0.00 0.00 13.53 36.37 62.26 83.43 99.39 111.82 111.96 104.64 88.20 64.93 37.51 8.00 0.00 0.00 0.00 0.00
0.00 0.00 0.00 0.00 0.00 0.00 0.00 0.00 7.94 19.46 32.28 43.10 51.93 52.03 52.32 48.40 36.58 26.34 15.51 3.03 0.00 0.00 0.00 0.00
0.00 0.00 0.00 0.00 0.00 0.00 0.00 0.00 6.44 16.10 26.94 35.90 42.92 47.56 46.97 44.02 36.45 26.86 16.12 2.82 0.00 0.00 0.00 0.00
0.00 0.00 0.00 0.00 0.00 0.00 0.00 0.00 18.35 66.21 122.08 170.46 210.41 234.64 240.49 233.83 204.66 154.13 95.03 26.08 0.00 0.00 0.00 0.00
0.00 0.00 0.00 0.00 0.00 0.00 0.00 0.00 17.45 62.98 116.13 162.15 200.15 223.19 228.76 222.42 194.68 146.61 90.39 24.81 0.00 0.00 0.00 0.00
0.00 0.00 0.00 0.00 0.00 0.00 0.00 0.00 33.57 121.12 223.32 311.82 384.90 429.21 439.92 427.74 374.38 281.94 173.83 47.72 0.00 0.00 0.00 0.00
0.00 0.00 0.00 0.00 0.00 0.00 0.00 0.00 33.01 119.10 219.60 306.62 378.48 422.06 432.59 420.61 368.14 277.24 170.93 46.92 0.00 0.00 0.00 0.00
0.00 0.00 0.00 0.00 0.00 0.00 0.00 0.00 40.51 133.92 240.71 332.97 414.94 462.63 474.89 449.05 389.86 294.98 181.30 45.85 0.00 0.00 0.00 0.00
0.00 0.00 0.00 0.00 0.00 0.00 0.00 0.00 0.54 1.29 2.31 3.06 3.58 3.90 3.84 3.58 3.00 2.20 1.29 0.26 0.00 0.00 0.00 0.00
0.00 0.00 0.00 0.00 0.00 0.00 0.00 0.00 2.75 6.52 11.73 15.53 18.15 19.75 19.46 18.13 15.20 11.14 6.55 1.31 0.00 0.00 0.00 0.00
0.00 0.00 0.00 0.00 0.00 0.00 0.00 0.00 14.02 33.26 59.88 79.27 92.67 100.81 99.34 92.57 77.60 56.86 33.46 6.68 0.00 0.00 0.00 0.00
0.00 0.00 0.00 0.00 0.00 0.00 0.00 0.00 1.25 4.52 8.34 11.64 14.37 16.02 16.42 15.97 13.98 10.53 6.49 1.78 0.00 0.00 0.00 0.00
0.00 0.00 0.00 0.00 0.00 0.00 0.00 0.00 31.81 102.71 182.95 253.79 313.74 352.50 361.37 342.90 296.37 222.47 135.85 33.08 0.00 0.00 0.00 0.00
0.00 0.00 0.00 0.00 0.00 0.00 0.00 0.00 3.26 9.41 16.02 22.08 27.21 30.54 30.49 28.31 24.38 17.85 11.21 2.44 0.00 0.00 0.00 0.00
0.00 0.00 0.00 0.00 0.00 0.00 0.00 0.00 19.79 55.02 94.42 129.26 156.94 173.86 178.01 165.72 138.46 104.52 62.60 12.70 0.00 0.00 0.00 0.00
0.00 0.00 0.00 0.00 0.00 0.00 0.00 0.00 0.53 1.71 3.05 4.23 5.23 5.87 6.02 5.72 4.94 3.71 2.26 0.55 0.00 0.00 0.00 0.00
0.00 0.00 0.00 0.00 0.00 0.00 0.00 0.00 23.85 77.03 137.21 190.34 235.31 264.37 271.03 257.18 222.28 166.85 101.88 24.81 0.00 0.00 0.00 0.00
0.00 0.00 0.00 0.00 0.00 0.00 0.00 0.00 30.61 98.86 176.09 244.28 301.98 339.28 347.82 330.05 285.25 214.13 130.75 31.84 0.00 0.00 0.00 0.00
0.00 0.00 0.00 0.00 0.00 0.00 0.00 0.00 53.42 176.60 317.44 439.11 547.20 610.09 626.26 592.18 514.12 389.01 239.09 60.46 0.00 0.00 0.00 0.00
0.00 0.00 0.00 0.00 0.00 0.00 0.00 0.00 1.81 4.62 7.96 10.80 13.14 13.08 13.07 12.10 8.98 6.53 3.82 0.84 0.00 0.00 0.00 0.00
0.00 0.00 0.00 0.00 0.00 0.00 0.00 0.00 2.28 5.80 9.89 13.43 16.32 15.96 15.92 14.68 11.02 8.02 4.67 0.99 0.00 0.00 0.00 0.00
0.00 0.00 0.00 0.00 0.00 0.00 0.00 0.00 13.46 38.80 66.09 91.09 112.25 125.97 125.77 116.77 100.56 73.64 46.23 10.06 0.00 0.00 0.00 0.00
0.00 0.00 0.00 0.00 0.00 0.00 0.00 0.00 31.66 119.90 221.71 305.23 379.85 415.51 429.65 406.55 354.25 271.83 171.60 55.58 0.00 0.00 0.00 0.00
0.00 0.00 0.00 0.00 0.00 0.00 0.00 0.00 0.64 1.53 2.52 3.42 4.12 4.20 4.20 3.84 2.83 2.06 1.22 0.22 0.00 0.00 0.00 0.00
0.00 0.00 0.00 0.00 0.00 0.00 0.00 0.00 8.70 26.38 45.96 63.20 77.32 86.73 87.91 83.20 72.89 54.28 32.47 7.63 0.00 0.00 0.00 0.00
0.00 0.00 0.00 0.00 0.00 0.00 0.00 0.00 1.81 7.78 14.66 20.86 25.98 29.01 29.53 27.73 24.17 18.34 11.78 3.47 0.00 0.00 0.00 0.00
0.00 0.00 0.00 0.00 0.00 0.00 0.00 0.00 1.27 2.86 4.08 5.31 6.34 8.60 8.69 8.07 6.57 4.71 2.83 0.44 0.00 0.00 0.00 0.00
0.00 0.00 0.00 0.00 0.00 0.00 0.00 0.00 0.64 1.43 2.04 2.66 3.17 4.30 4.35 4.03 3.28 2.35 1.42 0.22 0.00 0.00 0.00 0.00
0.00 0.00 0.00 0.00 0.00 0.00 0.00 0.00 1.39 3.13 4.46 5.81 6.93 9.41 9.51 8.82 7.18 5.15 3.10 0.48 0.00 0.00 0.00 0.00
0.00 0.00 0.00 0.00 0.00 0.00 0.00 0.00 1.33 3.02 5.17 6.75 7.99 10.77 10.72 10.09 8.63 6.25 3.76 0.57 0.00 0.00 0.00 0.00
0.00 0.00 0.00 0.00 0.00 0.00 0.00 0.00 2.03 4.60 7.87 10.29 12.18 16.41 16.33 15.37 13.15 9.52 5.72 0.86 0.00 0.00 0.00 0.00
0.00 0.00 0.00 0.00 0.00 0.00 0.00 0.00 2.39 5.50 7.83 10.39 12.37 15.74 15.76 14.66 13.04 9.47 5.70 0.97 0.00 0.00 0.00 0.00
0.00 0.00 0.00 0.00 0.00 0.00 0.00 0.00 1.79 4.64 7.80 10.53 12.84 13.94 14.16 13.43 11.07 8.06 4.77 0.92 0.00 0.00 0.00 0.00
0.00 0.00 0.00 0.00 0.00 0.00 0.00 0.00 4.62 11.98 20.16 27.19 33.17 36.02 36.58 34.69 28.61 20.82 12.32 2.39 0.00 0.00 0.00 0.00
0.00 0.00 0.00 0.00 0.00 0.00 0.00 0.00 1.18 3.13 5.22 7.15 8.71 9.43 9.44 8.77 7.38 5.46 3.25 0.64 0.00 0.00 0.00 0.00
0.00 0.00 0.00 0.00 0.00 0.00 0.00 0.00 2.73 6.35 10.60 14.28 16.93 19.00 19.02 17.17 12.63 9.04 5.32 0.83 0.00 0.00 0.00 0.00
0.00 0.00 0.00 0.00 0.00 0.00 0.00 0.00 3.66 8.53 12.07 16.09 19.46 24.53 24.35 22.41 23.66 17.18 10.13 1.48 0.00 0.00 0.00 0.00
0.00 0.00 0.00 0.00 0.00 0.00 0.00 0.00 0.37 0.79 1.29 1.64 1.91 1.92 1.89 1.73 1.29 0.90 0.53 0.08 0.00 0.00 0.00 0.00
0.00 0.00 0.00 0.00 0.00 0.00 0.00 0.00 3.42 7.62 10.50 13.60 16.11 18.85 18.44 16.90 9.40 6.65 3.95 0.54 0.00 0.00 0.00 0.00
0.00 0.00 0.00 0.00 0.00 0.00 0.00 0.00 1.84 4.02 7.19 9.20 10.61 11.17 10.90 10.11 6.44 4.63 2.75 0.33 0.00 0.00 0.00 0.00
0.00 0.00 0.00 0.00 0.00 0.00 0.00 0.00 2.54 5.54 9.92 12.70 14.64 15.42 15.04 13.95 8.89 6.39 3.79 0.45 0.00 0.00 0.00 0.00
0.00 0.00 0.00 0.00 0.00 0.00 0.00 0.00 1.73 3.78 6.76 8.65 9.97 10.50 10.25 9.50 6.06 4.35 2.58 0.31 0.00 0.00 0.00 0.00
0.00 0.00 0.00 0.00 0.00 0.00 0.00 0.00 1.83 4.06 5.60 7.25 8.59 10.06 9.83 9.01 5.01 3.55 2.11 0.29 0.00 0.00 0.00 0.00
0.00 0.00 0.00 0.00 0.00 0.00 0.00 0.00 1.27 2.72 3.85 5.00 5.79 7.30 7.10 6.47 4.82 3.44 2.03 0.19 0.00 0.00 0.00 0.00
0.00 0.00 0.00 0.00 0.00 0.00 0.00 0.00 1.55 3.69 6.64 8.78 10.27 11.17 11.01 10.26 8.60 6.30 3.71 0.74 0.00 0.00 0.00 0.00
0.00 0.00 0.00 0.00 0.00 0.00 0.00 0.00 17.61 47.34 81.04 108.59 129.36 145.55 145.73 136.19 114.79 84.52 48.82 10.42 0.00 0.00 0.00 0.00
0.00 0.00 0.00 0.00 0.00 0.00 0.00 0.00 2.92 7.30 12.20 16.42 19.86 19.57 19.72 18.35 13.93 10.02 5.87 1.17 0.00 0.00 0.00 0.00
0.00 0.00 0.00 0.00 0.00 0.00 0.00 0.00 4.09 9.81 14.42 19.45 23.16 23.47 23.21 21.44 16.50 11.74 6.97 1.32 0.00 0.00 0.00 0.00
0.00 0.00 0.00 0.00 0.00 0.00 0.00 0.00 1.87 4.50 6.61 8.92 10.61 10.76 10.64 9.83 7.56 5.38 3.20 0.60 0.00 0.00 0.00 0.00
0.00 0.00 0.00 0.00 0.00 0.00 0.00 0.00 3.62 9.03 15.08 20.19 24.41 24.93 25.21 23.41 17.25 12.46 7.34 1.44 0.00 0.00 0.00 0.00
0.00 0.00 0.00 0.00 0.00 0.00 0.00 0.00 1.55 3.71 6.13 8.30 10.01 10.20 10.20 9.33 6.88 5.00 2.95 0.54 0.00 0.00 0.00 0.00
0.00 0.00 0.00 0.00 0.00 0.00 0.00 0.00 13.94 40.17 68.43 94.31 116.22 130.42 130.22 120.90 104.12 76.24 47.86 10.41 0.00 0.00 0.00 0.00
0.00 0.00 0.00 0.00 0.00 0.00 0.00 0.00 4.73 13.16 22.58 30.91 37.53 41.58 42.57 39.63 33.11 24.99 14.97 3.04 0.00 0.00 0.00 0.00
0.00 0.00 0.00 0.00 0.00 0.00 0.00 0.00 1.07 2.99 5.10 6.92 8.40 9.31 9.53 9.00 7.47 5.52 3.36 0.69 0.00 0.00 0.00 0.00
0.00 0.00 0.00 0.00 0.00 0.00 0.00 0.00 1.35 3.75 6.43 8.87 10.89 12.15 12.04 11.16 9.54 6.97 4.22 0.84 0.00 0.00 0.00 0.00
0.00 0.00 0.00 0.00 0.00 0.00 0.00 0.00 2.16 6.01 10.30 14.18 17.43 19.43 19.27 17.86 15.27 11.16 6.75 1.35 0.00 0.00 0.00 0.00
0.00 0.00 0.00 0.00 0.00 0.00 0.00 0.00 34.12 123.14 227.05 317.01 391.31 436.36 447.25 434.87 380.62 286.64 176.73 48.51 0.00 0.00 0.00 0.00
