0.00 0.00 0.00 0.00 0.00 0.00 0.00 0.00 0.00 0.17 1.12 1.76 2.32 2.98 3.05 2.77 2.29 1.52 0.62 0.00 0.00 0.00 0.00 0.00
0.00 0.00 0.00 0.00 0.00 0.00 0.00 0.00 0.00 7.72 19.20 28.25 34.96 38.06 37.07 33.24 30.99 20.15 7.18 0.00 0.00 0.00 0.00 0.00
0.00 0.00 0.00 0.00 0.00 0.00 0.00 0.00 0.00 3.87 25.63 40.15 53.14 68.09 69.78 63.30 52.45 34.76 14.24 0.00 0.00 0.00 0.00 0.00
0.00 0.00 0.00 0.00 0.00 0.00 0.00 0.00 0.00 13.76 91.10 142.68 188.86 241.98 247.98 224.97 186.40 123.54 50.62 0.00 0.00 0.00 0.00 0.00
0.00 0.00 0.00 0.00 0.00 0.00 0.00 0.00 0.01 1.79 4.25 6.13 7.23 7.52 7.31 6.49 5.44 3.32 0.79 0.00 0.00 0.00 0.00 0.00
0.00 0.00 0.00 0.00 0.00 0.00 0.00 0.00 0.00 43.85 232.56 366.25 495.14 569.25 585.80 537.35 440.12 284.13 126.55 0.00 0.00 0.00 0.00 0.00
0.00 0.00 0.00 0.00 0.00 0.00 0.00 0.00 0.00 0.25 0.59 0.93 1.15 1.79 1.78 1.57 1.42 0.87 0.21 0.00 0.00 0.00 0.00 0.00
0.00 0.00 0.00 0.00 0.00 0.00 0.00 0.00 0.00 0.51 1.16 1.73 2.10 2.63 2.62 2.32 1.72 1.11 0.37 0.00 0.00 0.00 0.00 0.00
0.00 0.00 0.00 0.00 0.00 0.00 0.00 0.00 0.00 0.81 1.85 2.76 3.36 4.20 4.19 3.72 2.75 1.77 0.60 0.00 0.00 0.00 0.00 0.00
0.00 0.00 0.00 0.00 0.00 0.00 0.00 0.00 0.00 0.81 1.85 2.76 3.36 4.20 4.19 3.72 2.75 1.77 0.60 0.00 0.00 0.00 0.00 0.00
0.00 0.00 0.00 0.00 0.00 0.00 0.00 0.00 0.00 1.15 3.56 5.43 7.01 11.30 11.43 10.37 8.56 5.57 1.96 0.00 0.00 0.00 0.00 0.00
0.00 0.00 0.00 0.00 0.00 0.00 0.00 0.00 0.00 0.58 1.52 2.34 3.05 4.94 4.97 4.51 3.93 2.55 0.90 0.00 0.00 0.00 0.00 0.00
0.00 0.00 0.00 0.00 0.00 0.00 0.00 0.00 0.00 0.74 1.96 3.01 3.92 6.35 6.39 5.80 5.05 3.28 1.16 0.00 0.00 0.00 0.00 0.00
0.00 0.00 0.00 0.00 0.00 0.00 0.00 0.00 0.00 0.50 1.31 2.01 2.62 4.23 4.26 3.87 3.37 2.19 0.77 0.00 0.00 0.00 0.00 0.00
0.00 0.00 0.00 0.00 0.00 0.00 0.00 0.00 0.00 0.50 1.31 2.01 2.62 4.23 4.26 3.87 3.37 2.19 0.77 0.00 0.00 0.00 0.00 0.00
0.00 0.00 0.00 0.00 0.00 0.00 0.00 0.00 0.00 7.77 20.77 32.83 42.49 46.79 48.62 44.23 40.02 25.31 10.66 0.00 0.00 0.00 0.00 0.00
0.00 0.00 0.00 0.00 0.00 0.00 0.00 0.00 0.00 3.85 10.05 15.05 19.70 30.61 31.43 28.36 25.55 16.50 5.56 0.00 0.00 0.00 0.00 0.00
0.00 0.00 0.00 0.00 0.00 0.00 0.00 0.00 0.00 3.03 8.13 12.26 16.18 27.04 26.69 24.05 19.30 12.49 4.21 0.00 0.00 0.00 0.00 0.00
0.00 0.00 0.00 0.00 0.00 0.00 0.00 0.00 0.00 12.93 68.60 108.03 146.05 167.91 172.79 158.50 129.82 83.81 37.33 0.00 0.00 0.00 0.00 0.00
0.00 0.00 0.00 0.00 0.00 0.00 0.00 0.00 0.00 12.30 65.25 102.76 138.92 159.72 164.36 150.77 123.49 79.72 35.51 0.00 0.00 0.00 0.00 0.00
0.00 0.00 0.00 0.00 0.00 0.00 0.00 0.00 0.00 23.66 125.48 197.62 267.16 307.15 316.08 289.94 237.47 153.31 68.28 0.00 0.00 0.00 0.00 0.00
0.00 0.00 0.00 0.00 0.00 0.00 0.00 0.00 0.00 23.27 123.39 194.32 262.71 302.03 310.81 285.11 233.52 150.75 67.15 0.00 0.00 0.00 0.00 0.00
0.00 0.00 0.00 0.00 0.00 0.00 0.00 0.00 0.00 13.08 105.81 165.38 223.68 296.95 303.77 276.20 249.86 165.15 66.70 0.00 0.00 0.00 0.00 0.00
0.00 0.00 0.00 0.00 0.00 0.00 0.00 0.00 0.00 0.51 1.16 1.73 2.10 2.63 2.62 2.32 1.72 1.11 0.37 0.00 0.00 0.00 0.00 0.00
0.00 0.00 0.00 0.00 0.00 0.00 0.00 0.00 0.00 2.58 5.86 8.74 10.65 13.31 13.27 11.78 8.71 5.62 1.90 0.00 0.00 0.00 0.00 0.00
0.00 0.00 0.00 0.00 0.00 0.00 0.00 0.00 0.00 13.15 29.90 44.64 54.36 67.93 67.73 60.13 44.48 28.69 9.69 0.00 0.00 0.00 0.00 0.00
0.00 0.00 0.00 0.00 0.00 0.00 0.00 0.00 0.00 0.88 4.68 7.38 9.97 11.47 11.80 10.82 8.87 5.72 2.55 0.00 0.00 0.00 0.00 0.00
0.00 0.00 0.00 0.00 0.00 0.00 0.00 0.00 0.00 13.54 89.68 140.45 185.91 238.20 244.11 221.46 183.50 121.62 49.83 0.00 0.00 0.00 0.00 0.00
0.00 0.00 0.00 0.00 0.00 0.00 0.00 0.00 0.00 2.53 6.97 10.69 14.12 9.73 9.93 9.28 5.95 4.02 1.64 0.00 0.00 0.00 0.00 0.00
0.00 0.00 0.00 0.00 0.00 0.00 0.00 0.00 0.00 4.77 16.07 24.99 32.70 63.34 63.21 56.11 67.82 44.04 15.00 0.00 0.00 0.00 0.00 0.00
0.00 0.00 0.00 0.00 0.00 0.00 0.00 0.00 0.00 0.23 1.49 2.34 3.10 3.97 4.07 3.69 3.06 2.03 0.83 0.00 0.00 0.00 0.00 0.00
0.00 0.00 0.00 0.00 0.00 0.00 0.00 0.00 0.00 10.16 67.26 105.34 139.44 178.65 183.08 166.10 137.62 91.21 37.37 0.00 0.00 0.00 0.00 0.00
0.00 0.00 0.00 0.00 0.00 0.00 0.00 0.00 0.00 13.04 86.32 135.19 178.94 229.27 234.96 213.16 176.62 117.06 47.96 0.00 0.00 0.00 0.00 0.00
0.00 0.00 0.00 0.00 0.00 0.00 0.00 0.00 0.00 17.25 139.53 218.09 294.98 391.61 400.60 364.24 329.51 217.79 87.96 0.00 0.00 0.00 0.00 0.00
0.00 0.00 0.00 0.00 0.00 0.00 0.00 0.00 0.00 0.84 2.37 3.71 4.80 7.11 7.22 6.52 6.56 4.27 1.58 0.00 0.00 0.00 0.00 0.00
0.00 0.00 0.00 0.00 0.00 0.00 0.00 0.00 0.00 1.00 2.88 4.51 5.89 9.08 9.19 8.32 8.09 5.27 1.93 0.00 0.00 0.00 0.00 0.00
0.00 0.00 0.00 0.00 0.00 0.00 0.00 0.00 0.00 10.43 28.74 44.10 58.24 40.12 40.96 38.29 24.55 16.58 6.76 0.00 0.00 0.00 0.00 0.00
0.00 0.00 0.00 0.00 0.00 0.00 0.00 0.00 0.00 10.94 52.76 86.26 119.92 130.81 137.11 125.17 97.43 65.25 25.94 0.00 0.00 0.00 0.00 0.00
0.00 0.00 0.00 0.00 0.00 0.00 0.00 0.00 0.00 0.29 0.67 1.00 1.28 1.88 1.92 1.73 1.76 1.12 0.36 0.00 0.00 0.00 0.00 0.00
0.00 0.00 0.00 0.00 0.00 0.00 0.00 0.00 0.00 2.55 18.36 28.68 38.13 59.31 60.80 54.44 45.32 29.84 11.46 0.00 0.00 0.00 0.00 0.00
0.00 0.00 0.00 0.00 0.00 0.00 0.00 0.00 0.00 2.51 8.83 13.96 18.47 21.01 21.94 20.04 16.60 10.82 5.20 0.00 0.00 0.00 0.00 0.00
0.00 0.00 0.00 0.00 0.00 0.00 0.00 0.00 0.00 0.31 0.65 0.99 1.24 2.18 2.15 1.92 1.56 0.94 0.21 0.00 0.00 0.00 0.00 0.00
0.00 0.00 0.00 0.00 0.00 0.00 0.00 0.00 0.00 0.15 0.33 0.49 0.62 1.09 1.07 0.96 0.78 0.47 0.11 0.00 0.00 0.00 0.00 0.00
0.00 0.00 0.00 0.00 0.00 0.00 0.00 0.00 0.00 0.34 0.71 1.08 1.35 2.38 2.35 2.10 1.70 1.03 0.23 0.00 0.00 0.00 0.00 0.00
0.00 0.00 0.00 0.00 0.00 0.00 0.00 0.00 0.00 0.44 0.97 1.47 1.85 2.70 2.70 2.42 2.74 1.67 0.39 0.00 0.00 0.00 0.00 0.00
0.00 0.00 0.00 0.00 0.00 0.00 0.00 0.00 0.00 0.66 1.48 2.24 2.82 4.11 4.11 3.68 4.18 2.55 0.60 0.00 0.00 0.00 0.00 0.00
0.00 0.00 0.00 0.00 0.00 0.00 0.00 0.00 0.00 0.52 1.26 1.96 2.47 3.70 3.68 3.22 3.35 2.06 0.51 0.00 0.00 0.00 0.00 0.00
0.00 0.00 0.00 0.00 0.00 0.00 0.00 0.00 0.00 0.41 1.13 1.74 2.25 2.42 2.43 2.14 2.55 1.61 0.48 0.00 0.00 0.00 0.00 0.00
0.00 0.00 0.00 0.00 0.00 0.00 0.00 0.00 0.00 1.07 2.91 4.49 5.82 6.26 6.28 5.53 6.58 4.17 1.25 0.00 0.00 0.00 0.00 0.00
0.00 0.00 0.00 0.00 0.00 0.00 0.00 0.00 0.00 0.32 0.94 1.45 1.88 2.86 2.87 2.53 3.54 2.28 0.74 0.00 0.00 0.00 0.00 0.00
0.00 0.00 0.00 0.00 0.00 0.00 0.00 0.00 0.00 1.15 2.86 4.32 5.57 6.03 6.08 5.46 5.72 3.60 1.07 0.00 0.00 0.00 0.00 0.00
0.00 0.00 0.00 0.00 0.00 0.00 0.00 0.00 0.00 1.56 3.23 4.90 6.16 9.15 9.38 8.60 9.90 6.16 1.71 0.00 0.00 0.00 0.00 0.00
0.00 0.00 0.00 0.00 0.00 0.00 0.00 0.00 0.00 0.50 1.27 1.81 2.18 2.39 2.38 2.08 1.52 0.93 0.22 0.00 0.00 0.00 0.00 0.00
0.00 0.00 0.00 0.00 0.00 0.00 0.00 0.00 0.00 3.02 7.52 10.95 12.99 12.79 12.58 11.05 7.70 4.82 1.37 0.00 0.00 0.00 0.00 0.00
0.00 0.00 0.00 0.00 0.00 0.00 0.00 0.00 0.00 1.88 5.10 7.50 8.82 9.42 9.10 7.98 5.55 3.44 0.90 0.00 0.00 0.00 0.00 0.00
0.00 0.00 0.00 0.00 0.00 0.00 0.00 0.00 0.00 2.60 7.04 10.35 12.17 13.00 12.56 11.01 7.66 4.75 1.24 0.00 0.00 0.00 0.00 0.00
0.00 0.00 0.00 0.00 0.00 0.00 0.00 0.00 0.00 1.77 4.79 7.05 8.29 8.86 8.55 7.50 5.22 3.23 0.85 0.00 0.00 0.00 0.00 0.00
0.00 0.00 0.00 0.00 0.00 0.00 0.00 0.00 0.00 1.61 4.01 5.84 6.93 6.82 6.71 5.89 4.11 2.57 0.73 0.00 0.00 0.00 0.00 0.00
0.00 0.00 0.00 0.00 0.00 0.00 0.00 0.00 0.00 1.79 3.95 5.62 6.71 6.94 6.84 6.09 4.80 2.95 0.73 0.00 0.00 0.00 0.00 0.00
0.00 0.00 0.00 0.00 0.00 0.00 0.00 0.00 0.00 1.46 3.31 4.95 6.02 7.53 7.51 6.66 4.93 3.18 1.07 0.00 0.00 0.00 0.00 0.00
0.00 0.00 0.00 0.00 0.00 0.00 0.00 0.00 0.00 10.12 27.04 42.73 55.30 60.91 63.28 57.56 52.09 32.94 13.87 0.00 0.00 0.00 0.00 0.00
0.00 0.00 0.00 0.00 0.00 0.00 0.00 0.00 0.00 1.31 4.04 6.15 7.94 12.80 12.96 11.76 9.71 6.32 2.22 0.00 0.00 0.00 0.00 0.00
0.00 0.00 0.00 0.00 0.00 0.00 0.00 0.00 0.00 2.58 4.83 7.25 9.17 11.58 11.60 10.67 9.58 6.14 2.01 0.00 0.00 0.00 0.00 0.00
0.00 0.00 0.00 0.00 0.00 0.00 0.00 0.00 0.00 1.18 2.21 3.32 4.20 5.31 5.31 4.89 4.39 2.81 0.92 0.00 0.00 0.00 0.00 0.00
0.00 0.00 0.00 0.00 0.00 0.00 0.00 0.00 0.00 1.50 5.29 7.99 10.30 16.12 16.39 14.82 11.99 7.81 2.73 0.00 0.00 0.00 0.00 0.00
0.00 0.00 0.00 0.00 0.00 0.00 0.00 0.00 0.00 0.71 1.62 2.44 3.10 4.57 4.67 4.21 4.26 2.73 0.88 0.00 0.00 0.00 0.00 0.00
0.00 0.00 0.00 0.00 0.00 0.00 0.00 0.00 0.00 10.80 29.75 45.66 60.30 41.54 42.41 39.64 25.42 17.17 7.00 0.00 0.00 0.00 0.00 0.00
0.00 0.00 0.00 0.00 0.00 0.00 0.00 0.00 0.00 1.14 3.84 5.98 7.82 15.15 15.11 13.42 16.22 10.53 3.59 0.00 0.00 0.00 0.00 0.00
0.00 0.00 0.00 0.00 0.00 0.00 0.00 0.00 0.00 0.30 1.10 1.70 2.25 3.95 4.01 3.55 4.08 2.66 0.93 0.00 0.00 0.00 0.00 0.00
0.00 0.00 0.00 0.00 0.00 0.00 0.00 0.00 0.00 0.50 1.64 2.56 3.33 5.79 5.83 5.26 5.54 3.64 1.31 0.00 0.00 0.00 0.00 0.00
0.00 0.00 0.00 0.00 0.00 0.00 0.00 0.00 0.00 0.80 2.62 4.09 5.33 9.26 9.32 8.41 8.86 5.82 2.09 0.00 0.00 0.00 0.00 0.00
0.00 0.00 0.00 0.00 0.00 0.00 0.00 0.00 0.00 24.05 127.57 200.91 271.61 312.27 321.35 294.77 241.43 155.86 69.42 0.00 0.00 0.00 0.00 0.00
