0.00 0.00 0.00 0.00 0.00 0.00 0.00 0.21 1.07 1.89 2.84 3.76 4.56 5.12 5.29 4.99 4.45 3.63 2.63 1.61 0.75 0.00 0.00 0.00
0.00 0.00 0.00 0.00 0.00 0.00 0.00 5.38 21.29 36.33 55.76 72.29 84.48 91.93 92.00 85.76 71.35 56.75 38.20 17.57 5.20 0.00 0.00 0.00
0.00 0.00 0.00 0.00 0.00 0.00 0.00 4.70 24.36 43.33 64.92 85.95 104.28 117.12 120.89 114.18 101.66 82.92 60.23 36.85 17.08 0.00 0.00 0.00
0.00 0.00 0.00 0.00 0.00 0.00 0.00 16.72 86.59 153.98 230.70 305.44 370.61 416.24 429.63 405.78 361.30 294.71 214.06 130.98 60.69 0.00 0.00 0.00
0.00 0.00 0.00 0.00 0.00 0.00 0.00 1.48 4.08 6.86 10.12 12.80 14.55 15.68 15.61 14.11 10.99 8.66 5.83 2.47 0.62 0.00 0.00 0.00
0.00 0.00 0.00 0.00 0.00 0.00 0.00 23.38 184.96 341.17 520.49 693.80 839.77 918.95 944.32 899.97 830.90 678.70 484.10 284.95 134.01 0.00 0.00 0.00
0.00 0.00 0.00 0.00 0.00 0.00 0.00 0.90 2.48 4.14 6.00 7.72 8.91 9.51 9.60 8.98 8.17 6.54 4.53 2.30 0.86 0.00 0.00 0.00
0.00 0.00 0.00 0.00 0.00 0.00 0.00 0.38 1.35 2.27 3.39 4.33 4.98 5.18 5.31 5.00 3.44 2.70 1.84 1.04 0.33 0.00 0.00 0.00
0.00 0.00 0.00 0.00 0.00 0.00 0.00 0.60 2.16 3.63 5.43 6.93 7.96 8.29 8.49 8.01 5.50 4.31 2.95 1.66 0.52 0.00 0.00 0.00
0.00 0.00 0.00 0.00 0.00 0.00 0.00 0.60 2.16 3.63 5.43 6.93 7.96 8.29 8.49 8.01 5.50 4.31 2.95 1.66 0.52 0.00 0.00 0.00
0.00 0.00 0.00 0.00 0.00 0.00 0.00 1.17 4.44 7.53 11.65 15.75 18.78 20.76 20.81 19.77 17.97 14.58 10.19 4.60 1.64 0.00 0.00 0.00
0.00 0.00 0.00 0.00 0.00 0.00 0.00 0.56 2.13 3.61 5.51 7.44 8.86 9.91 10.02 9.46 8.32 6.70 4.66 2.00 0.71 0.00 0.00 0.00
0.00 0.00 0.00 0.00 0.00 0.00 0.00 0.72 2.74 4.65 7.09 9.57 11.39 12.74 12.89 12.16 10.70 8.62 5.99 2.57 0.91 0.00 0.00 0.00
0.00 0.00 0.00 0.00 0.00 0.00 0.00 0.48 1.83 3.10 4.72 6.38 7.59 8.49 8.59 8.11 7.13 5.74 4.00 1.71 0.60 0.00 0.00 0.00
0.00 0.00 0.00 0.00 0.00 0.00 0.00 0.48 1.83 3.10 4.72 6.38 7.59 8.49 8.59 8.11 7.13 5.74 4.00 1.71 0.60 0.00 0.00 0.00
0.00 0.00 0.00 0.00 0.00 0.00 0.00 3.61 23.65 42.77 66.87 87.79 100.48 111.56 113.92 108.95 102.27 80.92 55.35 27.34 9.00 0.00 0.00 0.00
0.00 0.00 0.00 0.00 0.00 0.00 0.00 3.96 14.12 23.74 36.08 47.98 57.39 61.72 62.50 58.80 51.56 41.59 29.50 14.88 5.26 0.00 0.00 0.00
0.00 0.00 0.00 0.00 0.00 0.00 0.00 3.55 12.59 21.16 30.94 39.67 46.86 52.18 52.95 50.68 46.74 37.28 25.93 13.83 5.15 0.00 0.00 0.00
0.00 0.00 0.00 0.00 0.00 0.00 0.00 6.90 54.56 100.63 153.53 204.65 247.70 271.06 278.54 265.46 245.09 200.19 142.79 84.05 39.53 0.00 0.00 0.00
0.00 0.00 0.00 0.00 0.00 0.00 0.00 6.56 51.90 95.72 146.04 194.66 235.62 257.83 264.95 252.51 233.13 190.43 135.83 79.95 37.60 0.00 0.00 0.00
0.00 0.00 0.00 0.00 0.00 0.00 0.00 12.61 99.80 184.08 280.84 374.35 453.11 495.84 509.53 485.60 448.33 366.21 261.20 153.75 72.31 0.00 0.00 0.00
0.00 0.00 0.00 0.00 0.00 0.00 0.00 12.40 98.14 181.01 276.16 368.11 445.56 487.57 501.03 477.50 440.86 360.10 256.85 151.19 71.10 0.00 0.00 0.00
0.00 0.00 0.00 0.00 0.00 0.00 0.00 23.80 116.47 205.90 300.97 399.93 485.92 529.21 541.93 533.35 485.78 394.00 287.57 176.20 84.20 0.00 0.00 0.00
0.00 0.00 0.00 0.00 0.00 0.00 0.00 0.38 1.35 2.27 3.39 4.33 4.98 5.18 5.31 5.00 3.44 2.70 1.84 1.04 0.33 0.00 0.00 0.00
0.00 0.00 0.00 0.00 0.00 0.00 0.00 1.91 6.85 11.50 17.19 21.96 25.21 26.25 26.89 25.35 17.43 13.66 9.35 5.27 1.65 0.00 0.00 0.00
0.00 0.00 0.00 0.00 0.00 0.00 0.00 9.73 34.99 58.71 87.75 112.10 128.70 134.00 137.28 129.44 88.99 69.75 47.72 26.90 8.43 0.00 0.00 0.00
0.00 0.00 0.00 0.00 0.00 0.00 0.00 0.47 3.73 6.87 10.48 13.98 16.92 18.51 19.02 18.13 16.74 13.67 9.75 5.74 2.70 0.00 0.00 0.00
0.00 0.00 0.00 0.00 0.00 0.00 0.00 16.45 85.24 151.58 227.11 300.68 364.83 409.75 422.93 399.46 355.67 290.11 210.72 128.93 59.74 0.00 0.00 0.00
0.00 0.00 0.00 0.00 0.00 0.00 0.00 1.03 5.57 9.93 15.05 21.00 26.71 31.12 32.08 31.14 28.61 23.16 16.28 9.55 3.83 0.00 0.00 0.00
0.00 0.00 0.00 0.00 0.00 0.00 0.00 13.35 47.10 79.36 117.99 151.46 177.30 197.96 207.43 197.79 173.72 142.43 102.79 61.60 27.60 0.00 0.00 0.00
0.00 0.00 0.00 0.00 0.00 0.00 0.00 0.27 1.42 2.53 3.79 5.01 6.08 6.83 7.05 6.66 5.93 4.84 3.51 2.15 1.00 0.00 0.00 0.00
0.00 0.00 0.00 0.00 0.00 0.00 0.00 12.34 63.93 113.68 170.33 225.51 273.62 307.31 317.20 299.59 266.75 217.59 158.04 96.70 44.81 0.00 0.00 0.00
0.00 0.00 0.00 0.00 0.00 0.00 0.00 15.84 82.04 145.89 218.59 289.41 351.15 394.38 407.07 384.48 342.33 279.23 202.82 124.10 57.50 0.00 0.00 0.00
0.00 0.00 0.00 0.00 0.00 0.00 0.00 31.38 153.59 271.53 396.91 527.41 640.80 697.89 714.66 703.35 640.63 519.59 379.24 232.36 111.04 0.00 0.00 0.00
0.00 0.00 0.00 0.00 0.00 0.00 0.00 0.79 3.27 5.63 8.65 11.46 13.64 15.83 15.96 15.16 11.41 9.02 6.33 2.46 0.87 0.00 0.00 0.00
0.00 0.00 0.00 0.00 0.00 0.00 0.00 1.02 4.16 7.13 10.87 14.30 17.15 19.64 19.89 18.99 15.18 11.93 8.49 3.44 1.22 0.00 0.00 0.00
0.00 0.00 0.00 0.00 0.00 0.00 0.00 4.26 22.96 40.95 62.08 86.64 110.19 128.38 132.32 128.44 118.03 95.55 67.17 39.40 15.82 0.00 0.00 0.00
0.00 0.00 0.00 0.00 0.00 0.00 0.00 26.60 120.68 211.86 320.43 416.56 496.46 532.74 545.43 513.01 465.70 379.78 281.06 175.61 92.26 7.38 0.00 0.00
0.00 0.00 0.00 0.00 0.00 0.00 0.00 0.34 1.16 1.93 2.95 3.88 4.56 4.84 4.87 4.62 3.86 3.10 2.19 1.13 0.39 0.00 0.00 0.00
0.00 0.00 0.00 0.00 0.00 0.00 0.00 5.32 23.01 40.02 59.16 76.59 91.46 101.07 102.42 96.88 86.60 70.74 52.37 32.93 15.09 0.00 0.00 0.00
0.00 0.00 0.00 0.00 0.00 0.00 0.00 0.27 6.58 12.72 19.19 25.76 31.11 33.75 34.31 31.61 28.74 23.10 16.68 10.03 4.83 0.00 0.00 0.00
0.00 0.00 0.00 0.00 0.00 0.00 0.00 1.11 2.97 4.94 6.98 8.91 10.27 11.08 11.08 10.43 9.61 7.60 5.22 2.60 0.95 0.00 0.00 0.00
0.00 0.00 0.00 0.00 0.00 0.00 0.00 0.56 1.48 2.47 3.49 4.46 5.13 5.54 5.54 5.21 4.80 3.80 2.61 1.30 0.47 0.00 0.00 0.00
0.00 0.00 0.00 0.00 0.00 0.00 0.00 1.22 3.25 5.40 7.64 9.75 11.23 12.12 12.12 11.40 10.51 8.31 5.71 2.85 1.04 0.00 0.00 0.00
0.00 0.00 0.00 0.00 0.00 0.00 0.00 1.43 3.91 6.50 9.27 11.68 13.51 14.66 14.71 13.81 12.74 10.01 6.97 3.43 1.24 0.00 0.00 0.00
0.00 0.00 0.00 0.00 0.00 0.00 0.00 2.19 5.95 9.91 14.13 17.81 20.59 22.34 22.42 21.05 19.42 15.25 10.62 5.23 1.88 0.00 0.00 0.00
0.00 0.00 0.00 0.00 0.00 0.00 0.00 1.81 5.03 8.35 12.10 15.71 17.93 19.30 19.38 18.21 16.67 13.41 9.21 4.72 1.76 0.00 0.00 0.00
0.00 0.00 0.00 0.00 0.00 0.00 0.00 1.31 4.04 6.65 9.74 12.28 14.24 15.11 15.78 15.45 13.97 11.18 7.96 4.82 2.10 0.00 0.00 0.00
0.00 0.00 0.00 0.00 0.00 0.00 0.00 3.38 10.45 17.17 25.15 31.72 36.78 39.02 40.76 39.90 36.10 28.88 20.56 12.46 5.43 0.00 0.00 0.00
0.00 0.00 0.00 0.00 0.00 0.00 0.00 0.78 2.63 4.38 6.44 8.26 9.67 10.66 10.91 10.53 9.55 7.73 5.45 3.26 1.41 0.00 0.00 0.00
0.00 0.00 0.00 0.00 0.00 0.00 0.00 1.68 5.27 8.73 12.87 17.18 20.07 21.74 22.12 20.56 17.02 13.57 9.50 4.84 1.63 0.00 0.00 0.00
0.00 0.00 0.00 0.00 0.00 0.00 0.00 3.15 9.38 15.46 21.95 28.37 33.86 37.07 37.88 35.64 33.22 26.32 18.02 8.85 3.13 0.00 0.00 0.00
0.00 0.00 0.00 0.00 0.00 0.00 0.00 0.49 1.35 2.18 3.11 3.93 4.40 4.97 4.88 4.53 3.33 2.63 1.76 0.86 0.23 0.00 0.00 0.00
0.00 0.00 0.00 0.00 0.00 0.00 0.00 2.46 7.49 12.42 18.10 22.51 25.32 28.69 28.96 26.85 22.50 17.41 11.58 4.92 1.41 0.00 0.00 0.00
0.00 0.00 0.00 0.00 0.00 0.00 0.00 1.79 5.18 8.57 12.30 15.44 16.94 18.70 18.28 17.21 14.64 11.37 7.67 3.16 0.86 0.00 0.00 0.00
0.00 0.00 0.00 0.00 0.00 0.00 0.00 2.47 7.15 11.83 16.97 21.30 23.37 25.80 25.23 23.75 20.20 15.70 10.59 4.36 1.19 0.00 0.00 0.00
0.00 0.00 0.00 0.00 0.00 0.00 0.00 1.68 4.87 8.06 11.56 14.51 15.92 17.57 17.19 16.18 13.76 10.69 7.21 2.97 0.81 0.00 0.00 0.00
0.00 0.00 0.00 0.00 0.00 0.00 0.00 1.31 3.99 6.63 9.65 12.00 13.50 15.30 15.45 14.32 12.00 9.29 6.17 2.63 0.75 0.00 0.00 0.00
0.00 0.00 0.00 0.00 0.00 0.00 0.00 1.33 3.75 6.21 9.14 11.45 12.85 13.22 13.25 12.26 9.89 7.81 5.40 2.32 0.59 0.00 0.00 0.00
0.00 0.00 0.00 0.00 0.00 0.00 0.00 1.08 3.88 6.51 9.73 12.42 14.26 14.85 15.21 14.34 9.86 7.73 5.29 2.98 0.93 0.00 0.00 0.00
0.00 0.00 0.00 0.00 0.00 0.00 0.00 4.69 30.79 55.66 87.04 114.27 130.78 145.20 148.27 141.81 133.12 105.32 72.05 35.59 11.71 0.00 0.00 0.00
0.00 0.00 0.00 0.00 0.00 0.00 0.00 1.33 5.03 8.54 13.21 17.86 21.28 23.53 23.58 22.41 20.36 16.52 11.55 5.22 1.86 0.00 0.00 0.00
0.00 0.00 0.00 0.00 0.00 0.00 0.00 2.28 7.87 13.14 20.32 26.83 32.12 31.27 31.91 29.86 27.92 22.38 15.66 7.50 2.54 0.00 0.00 0.00
0.00 0.00 0.00 0.00 0.00 0.00 0.00 1.05 3.61 6.02 9.31 12.30 14.72 14.33 14.63 13.68 12.80 10.26 7.18 3.44 1.16 0.00 0.00 0.00
0.00 0.00 0.00 0.00 0.00 0.00 0.00 1.67 6.25 10.60 16.36 22.03 26.32 28.83 28.72 27.28 24.86 20.08 14.21 6.62 2.37 0.00 0.00 0.00
0.00 0.00 0.00 0.00 0.00 0.00 0.00 0.83 2.81 4.69 7.17 9.42 11.08 11.75 11.82 11.21 9.36 7.52 5.31 2.75 0.96 0.00 0.00 0.00
0.00 0.00 0.00 0.00 0.00 0.00 0.00 4.41 23.78 42.40 64.27 89.71 114.08 132.92 137.00 132.98 122.20 98.92 69.54 40.80 16.38 0.00 0.00 0.00
0.00 0.00 0.00 0.00 0.00 0.00 0.00 3.19 11.26 18.98 28.22 36.22 42.40 47.34 49.60 47.30 41.54 34.06 24.58 14.73 6.60 0.00 0.00 0.00
0.00 0.00 0.00 0.00 0.00 0.00 0.00 0.69 2.51 4.26 6.43 8.24 9.75 10.61 10.81 10.33 9.36 7.62 5.44 3.39 1.51 0.00 0.00 0.00
0.00 0.00 0.00 0.00 0.00 0.00 0.00 0.80 3.07 5.25 7.75 9.97 11.74 13.09 13.53 13.19 12.14 9.64 6.90 4.26 1.84 0.00 0.00 0.00
0.00 0.00 0.00 0.00 0.00 0.00 0.00 1.28 4.92 8.40 12.39 15.95 18.79 20.95 21.65 21.10 19.42 15.42 11.03 6.82 2.95 0.00 0.00 0.00
0.00 0.00 0.00 0.00 0.00 0.00 0.00 12.82 101.46 187.15 285.52 380.59 460.67 504.10 518.02 493.69 455.80 372.31 265.56 156.32 73.51 0.00 0.00 0.00
