0.00 0.00 0.00 0.00 0.00 0.00 0.00 0.00 0.96 1.89 2.96 3.96 4.76 5.22 5.32 5.02 4.27 3.39 2.27 0.98 0.28 0.00 0.00 0.00
0.00 0.00 0.00 0.00 0.00 0.00 0.00 2.24 17.33 31.50 48.39 64.37 76.59 84.18 84.63 79.15 67.19 51.73 33.35 11.18 0.27 0.00 0.00 0.00
0.00 0.00 0.00 0.00 0.00 0.00 0.00 0.00 21.96 43.13 67.68 90.45 108.93 119.42 121.76 114.82 97.65 77.63 51.99 22.50 6.49 0.00 0.00 0.00
0.00 0.00 0.00 0.00 0.00 0.00 0.00 0.00 78.06 153.28 240.52 321.46 387.12 424.42 432.72 408.08 347.06 275.89 184.77 79.96 23.05 0.00 0.00 0.00
0.00 0.00 0.00 0.00 0.00 0.00 0.00 0.96 3.67 6.26 9.38 12.02 13.69 14.81 14.73 13.36 11.09 8.30 5.14 1.61 0.00 0.00 0.00 0.00
0.00 0.00 0.00 0.00 0.00 0.00 0.00 0.00 168.86 346.46 555.19 745.51 896.99 976.53 986.76 925.53 736.17 572.36 393.52 167.76 51.20 0.00 0.00 0.00
0.00 0.00 0.00 0.00 0.00 0.00 0.00 0.54 2.26 3.88 5.79 7.40 8.64 9.24 9.48 8.89 7.79 5.99 3.83 1.48 0.18 0.00 0.00 0.00
0.00 0.00 0.00 0.00 0.00 0.00 0.00 0.16 1.03 1.84 2.88 3.83 4.53 5.11 5.13 4.89 4.25 3.31 2.14 0.78 0.04 0.00 0.00 0.00
0.00 0.00 0.00 0.00 0.00 0.00 0.00 0.25 1.64 2.94 4.61 6.13 7.25 8.17 8.21 7.82 6.80 5.29 3.43 1.24 0.06 0.00 0.00 0.00
0.00 0.00 0.00 0.00 0.00 0.00 0.00 0.25 1.64 2.94 4.61 6.13 7.25 8.17 8.21 7.82 6.80 5.29 3.43 1.24 0.06 0.00 0.00 0.00
0.00 0.00 0.00 0.00 0.00 0.00 0.00 0.44 3.51 6.42 10.15 13.93 17.04 19.10 19.90 18.99 17.07 13.29 8.63 3.42 0.41 0.00 0.00 0.00
0.00 0.00 0.00 0.00 0.00 0.00 0.00 0.21 1.67 3.04 4.83 6.62 8.05 9.15 9.47 8.99 8.08 6.27 4.04 1.58 0.18 0.00 0.00 0.00
0.00 0.00 0.00 0.00 0.00 0.00 0.00 0.27 2.15 3.91 6.21 8.52 10.36 11.77 12.18 11.56 10.39 8.07 5.20 2.04 0.23 0.00 0.00 0.00
0.00 0.00 0.00 0.00 0.00 0.00 0.00 0.18 1.43 2.61 4.14 5.68 6.90 7.85 8.12 7.71 6.93 5.38 3.46 1.36 0.16 0.00 0.00 0.00
0.00 0.00 0.00 0.00 0.00 0.00 0.00 0.18 1.43 2.61 4.14 5.68 6.90 7.85 8.12 7.71 6.93 5.38 3.46 1.36 0.16 0.00 0.00 0.00
0.00 0.00 0.00 0.00 0.00 0.00 0.00 0.09 19.94 38.67 61.06 80.58 95.16 104.92 107.22 103.36 90.18 69.36 43.91 17.00 1.71 0.00 0.00 0.00
0.00 0.00 0.00 0.00 0.00 0.00 0.00 1.62 11.17 20.16 31.52 42.20 51.43 57.22 58.44 56.57 51.05 39.66 25.85 10.12 1.12 0.00 0.00 0.00
0.00 0.00 0.00 0.00 0.00 0.00 0.00 1.43 10.17 18.42 27.75 36.67 44.51 47.72 48.96 47.08 42.26 33.03 21.43 8.55 1.20 0.00 0.00 0.00
0.00 0.00 0.00 0.00 0.00 0.00 0.00 0.00 49.81 102.19 163.76 219.90 264.58 288.04 291.06 273.00 217.14 168.83 116.07 49.48 15.10 0.00 0.00 0.00
0.00 0.00 0.00 0.00 0.00 0.00 0.00 0.00 47.38 97.21 155.77 209.17 251.67 273.99 276.86 259.68 206.55 160.59 110.41 47.07 14.37 0.00 0.00 0.00
0.00 0.00 0.00 0.00 0.00 0.00 0.00 0.00 91.11 186.94 299.56 402.26 483.99 526.90 532.43 499.39 397.21 308.83 212.33 90.52 27.63 0.00 0.00 0.00
0.00 0.00 0.00 0.00 0.00 0.00 0.00 0.00 89.59 183.82 294.57 395.55 475.92 518.12 523.55 491.07 390.59 303.68 208.79 89.01 27.17 0.00 0.00 0.00
0.00 0.00 0.00 0.00 0.00 0.00 0.00 0.10 105.66 206.66 318.56 426.10 509.25 552.77 563.81 532.39 450.65 357.73 240.87 88.49 27.29 0.00 0.00 0.00
0.00 0.00 0.00 0.00 0.00 0.00 0.00 0.16 1.03 1.84 2.88 3.83 4.53 5.11 5.13 4.89 4.25 3.31 2.14 0.78 0.04 0.00 0.00 0.00
0.00 0.00 0.00 0.00 0.00 0.00 0.00 0.80 5.20 9.31 14.60 19.42 22.96 25.89 25.99 24.75 21.53 16.76 10.85 3.93 0.18 0.00 0.00 0.00
0.00 0.00 0.00 0.00 0.00 0.00 0.00 4.06 26.56 47.51 74.53 99.15 117.19 132.15 132.69 126.37 109.92 85.55 55.39 20.08 0.91 0.00 0.00 0.00
0.00 0.00 0.00 0.00 0.00 0.00 0.00 0.00 3.40 6.98 11.18 15.02 18.07 19.67 19.88 18.64 14.83 11.53 7.93 3.38 1.03 0.00 0.00 0.00
0.00 0.00 0.00 0.00 0.00 0.00 0.00 0.00 76.84 150.89 236.77 316.45 381.09 417.81 425.97 401.71 341.65 271.59 181.89 78.71 22.69 0.00 0.00 0.00
0.00 0.00 0.00 0.00 0.00 0.00 0.00 0.06 4.25 8.25 13.60 19.83 25.39 29.27 30.99 29.79 26.23 20.71 14.00 6.10 1.24 0.00 0.00 0.00
0.00 0.00 0.00 0.00 0.00 0.00 0.00 5.09 44.33 81.57 123.70 161.56 189.00 202.85 205.07 193.72 167.72 133.51 90.32 38.46 9.81 0.00 0.00 0.00
0.00 0.00 0.00 0.00 0.00 0.00 0.00 0.00 1.28 2.51 3.95 5.27 6.35 6.96 7.10 6.70 5.69 4.53 3.03 1.31 0.38 0.00 0.00 0.00
0.00 0.00 0.00 0.00 0.00 0.00 0.00 0.00 57.63 113.17 177.58 237.34 285.82 313.36 319.48 301.29 256.23 203.69 136.42 59.03 17.02 0.00 0.00 0.00
0.00 0.00 0.00 0.00 0.00 0.00 0.00 0.00 73.96 145.23 227.89 304.58 366.80 402.14 410.00 386.65 328.83 261.41 175.07 75.76 21.84 0.00 0.00 0.00
0.00 0.00 0.00 0.00 0.00 0.00 0.00 0.13 139.34 272.53 420.10 561.92 671.57 728.97 743.52 702.09 594.29 471.76 317.65 116.70 35.99 0.00 0.00 0.00
0.00 0.00 0.00 0.00 0.00 0.00 0.00 0.25 2.56 4.73 7.45 10.33 12.75 14.32 14.56 14.02 12.66 9.84 6.50 2.59 0.32 0.00 0.00 0.00
0.00 0.00 0.00 0.00 0.00 0.00 0.00 0.33 3.21 5.92 9.25 12.75 15.96 17.92 18.41 17.65 16.01 12.32 8.05 3.18 0.39 0.00 0.00 0.00
0.00 0.00 0.00 0.00 0.00 0.00 0.00 0.24 17.52 34.02 56.10 81.79 104.75 120.74 127.82 122.88 108.21 85.41 57.73 25.18 5.10 0.00 0.00 0.00
0.00 0.00 0.00 0.00 0.00 0.00 0.00 0.00 98.67 195.15 314.08 420.52 501.76 556.83 568.62 548.25 430.02 342.73 241.59 166.52 62.29 0.00 0.00 0.00
0.00 0.00 0.00 0.00 0.00 0.00 0.00 0.15 0.91 1.63 2.47 3.40 4.11 4.56 4.68 4.44 3.96 3.07 2.01 0.77 0.07 0.00 0.00 0.00
0.00 0.00 0.00 0.00 0.00 0.00 0.00 0.91 20.56 39.26 60.06 79.72 94.78 103.22 104.58 98.17 85.54 68.26 47.22 17.48 4.82 0.00 0.00 0.00
0.00 0.00 0.00 0.00 0.00 0.00 0.00 0.00 5.65 12.32 20.13 27.54 32.87 35.37 35.34 32.55 21.08 16.66 11.69 5.86 1.93 0.00 0.00 0.00
0.00 0.00 0.00 0.00 0.00 0.00 0.00 0.64 2.54 4.34 6.52 8.54 9.89 10.49 10.61 10.09 8.91 6.85 4.42 1.69 0.17 0.00 0.00 0.00
0.00 0.00 0.00 0.00 0.00 0.00 0.00 0.32 1.27 2.17 3.26 4.27 4.94 5.24 5.31 5.05 4.45 3.43 2.21 0.84 0.09 0.00 0.00 0.00
0.00 0.00 0.00 0.00 0.00 0.00 0.00 0.71 2.78 4.74 7.13 9.34 10.81 11.47 11.61 11.04 9.74 7.49 4.84 1.85 0.19 0.00 0.00 0.00
0.00 0.00 0.00 0.00 0.00 0.00 0.00 0.82 3.34 5.69 8.49 11.14 12.88 13.68 13.93 13.43 11.78 8.97 5.88 2.22 0.22 0.00 0.00 0.00
0.00 0.00 0.00 0.00 0.00 0.00 0.00 1.24 5.09 8.68 12.94 16.98 19.63 20.84 21.22 20.47 17.95 13.67 8.96 3.39 0.33 0.00 0.00 0.00
0.00 0.00 0.00 0.00 0.00 0.00 0.00 1.06 4.56 7.83 11.80 15.09 17.59 18.91 19.11 18.03 15.70 12.11 7.90 3.10 0.37 0.00 0.00 0.00
0.00 0.00 0.00 0.00 0.00 0.00 0.00 0.65 3.81 6.80 10.22 13.26 15.46 16.38 16.27 15.17 13.16 10.27 6.93 2.99 0.69 0.00 0.00 0.00
0.00 0.00 0.00 0.00 0.00 0.00 0.00 1.67 9.84 17.58 26.40 34.26 39.95 42.32 42.03 39.19 34.00 26.54 17.89 7.73 1.77 0.00 0.00 0.00
0.00 0.00 0.00 0.00 0.00 0.00 0.00 0.34 2.45 4.45 6.72 8.78 10.24 10.96 11.08 10.31 8.82 6.91 4.66 2.06 0.47 0.00 0.00 0.00
0.00 0.00 0.00 0.00 0.00 0.00 0.00 0.84 4.35 7.62 11.58 15.35 18.20 20.02 20.59 19.44 17.21 13.19 8.60 3.15 0.22 0.00 0.00 0.00
0.00 0.00 0.00 0.00 0.00 0.00 0.00 1.55 7.37 12.82 19.59 26.10 31.77 34.05 34.33 32.54 29.37 22.45 14.37 5.52 0.53 0.00 0.00 0.00
0.00 0.00 0.00 0.00 0.00 0.00 0.00 0.31 1.16 1.96 2.88 3.67 4.17 4.50 4.48 4.22 3.61 2.72 1.73 0.57 0.00 0.00 0.00 0.00
0.00 0.00 0.00 0.00 0.00 0.00 0.00 1.37 6.29 10.83 16.21 21.04 24.30 26.27 26.26 24.77 21.00 16.06 10.28 3.58 0.00 0.00 0.00 0.00
0.00 0.00 0.00 0.00 0.00 0.00 0.00 1.03 4.30 7.35 11.03 14.26 16.28 17.67 17.63 16.46 13.73 10.50 6.65 2.26 0.00 0.00 0.00 0.00
0.00 0.00 0.00 0.00 0.00 0.00 0.00 1.42 5.93 10.15 15.22 19.68 22.47 24.38 24.33 22.71 18.94 14.49 9.17 3.12 0.00 0.00 0.00 0.00
0.00 0.00 0.00 0.00 0.00 0.00 0.00 0.97 4.04 6.91 10.37 13.40 15.30 16.61 16.57 15.47 12.90 9.87 6.25 2.13 0.00 0.00 0.00 0.00
0.00 0.00 0.00 0.00 0.00 0.00 0.00 0.73 3.35 5.78 8.64 11.22 12.96 14.01 14.00 13.21 11.20 8.57 5.48 1.91 0.00 0.00 0.00 0.00
0.00 0.00 0.00 0.00 0.00 0.00 0.00 0.83 3.28 5.62 8.40 10.72 12.32 13.43 13.37 12.21 10.18 7.60 4.70 1.50 0.00 0.00 0.00 0.00
0.00 0.00 0.00 0.00 0.00 0.00 0.00 0.45 2.94 5.27 8.26 10.99 12.99 14.65 14.70 14.00 12.18 9.48 6.14 2.23 0.10 0.00 0.00 0.00
0.00 0.00 0.00 0.00 0.00 0.00 0.00 0.12 25.95 50.33 79.47 104.88 123.85 136.57 139.55 134.53 117.38 90.28 57.15 22.12 2.22 0.00 0.00 0.00
0.00 0.00 0.00 0.00 0.00 0.00 0.00 0.50 3.98 7.27 11.51 15.78 19.31 21.65 22.56 21.52 19.35 15.07 9.78 3.87 0.46 0.00 0.00 0.00
0.00 0.00 0.00 0.00 0.00 0.00 0.00 0.97 6.06 10.82 17.29 23.89 28.48 32.27 32.38 30.72 27.55 21.18 13.72 5.12 0.43 0.00 0.00 0.00
0.00 0.00 0.00 0.00 0.00 0.00 0.00 0.44 2.78 4.96 7.93 10.95 13.05 14.79 14.84 14.08 12.63 9.71 6.29 2.35 0.20 0.00 0.00 0.00
0.00 0.00 0.00 0.00 0.00 0.00 0.00 0.63 4.96 9.05 14.24 19.44 23.84 26.58 27.67 26.45 23.74 18.49 12.05 4.77 0.58 0.00 0.00 0.00
0.00 0.00 0.00 0.00 0.00 0.00 0.00 0.36 2.22 3.96 6.01 8.27 9.98 11.09 11.36 10.78 9.62 7.46 4.87 1.86 0.18 0.00 0.00 0.00
0.00 0.00 0.00 0.00 0.00 0.00 0.00 0.25 18.14 35.22 58.08 84.68 108.45 125.01 132.34 127.22 112.03 88.43 59.77 26.07 5.28 0.00 0.00 0.00
0.00 0.00 0.00 0.00 0.00 0.00 0.00 1.22 10.60 19.51 29.58 38.63 45.20 48.51 49.04 46.32 40.11 31.93 21.60 9.20 2.35 0.00 0.00 0.00
0.00 0.00 0.00 0.00 0.00 0.00 0.00 0.24 2.33 4.31 6.62 8.66 10.14 10.93 11.15 10.42 9.07 7.15 4.84 2.05 0.52 0.00 0.00 0.00
0.00 0.00 0.00 0.00 0.00 0.00 0.00 0.26 2.80 5.21 7.91 10.50 12.58 13.82 13.84 12.94 11.32 8.83 5.96 2.65 0.63 0.00 0.00 0.00
0.00 0.00 0.00 0.00 0.00 0.00 0.00 0.42 4.47 8.33 12.66 16.81 20.13 22.12 22.14 20.70 18.12 14.13 9.54 4.23 1.00 0.00 0.00 0.00
0.00 0.00 0.00 0.00 0.00 0.00 0.00 0.00 92.63 190.05 304.55 408.96 492.05 535.68 541.30 507.71 403.83 313.97 215.87 92.03 28.09 0.00 0.00 0.00
