0.00 0.00 0.00 0.00 0.00 0.00 0.00 0.00 0.00 0.45 1.34 2.04 2.66 3.04 3.11 2.83 2.22 1.49 0.63 0.00 0.00 0.00 0.00 0.00
0.00 0.00 0.00 0.00 0.00 0.00 0.00 0.00 0.13 13.10 27.34 39.59 48.62 43.67 42.59 38.30 20.72 13.54 4.97 0.00 0.00 0.00 0.00 0.00
0.00 0.00 0.00 0.00 0.00 0.00 0.00 0.00 0.00 10.20 30.60 46.59 60.86 69.41 71.21 64.81 50.74 33.98 14.44 0.00 0.00 0.00 0.00 0.00
0.00 0.00 0.00 0.00 0.00 0.00 0.00 0.00 0.00 36.25 108.76 165.59 216.30 246.67 253.07 230.32 180.31 120.77 51.30 0.00 0.00 0.00 0.00 0.00
0.00 0.00 0.00 0.00 0.00 0.00 0.00 0.00 0.24 2.44 5.07 7.22 8.46 8.66 8.44 7.53 5.60 3.45 0.88 0.00 0.00 0.00 0.00 0.00
0.00 0.00 0.00 0.00 0.00 0.00 0.00 0.00 0.00 80.68 254.84 390.31 520.93 606.56 626.24 577.44 441.38 287.35 131.55 0.00 0.00 0.00 0.00 0.00
0.00 0.00 0.00 0.00 0.00 0.00 0.00 0.00 0.00 1.08 2.51 3.87 4.74 4.85 4.81 4.24 2.51 1.57 0.42 0.00 0.00 0.00 0.00 0.00
0.00 0.00 0.00 0.00 0.00 0.00 0.00 0.00 0.00 0.73 1.59 2.34 2.84 2.80 2.80 2.49 1.42 0.92 0.32 0.00 0.00 0.00 0.00 0.00
0.00 0.00 0.00 0.00 0.00 0.00 0.00 0.00 0.00 1.16 2.55 3.75 4.54 4.49 4.48 3.99 2.27 1.48 0.52 0.00 0.00 0.00 0.00 0.00
0.00 0.00 0.00 0.00 0.00 0.00 0.00 0.00 0.00 1.16 2.55 3.75 4.54 4.49 4.48 3.99 2.27 1.48 0.52 0.00 0.00 0.00 0.00 0.00
0.00 0.00 0.00 0.00 0.00 0.00 0.00 0.00 0.00 2.34 5.29 7.92 10.13 11.14 11.28 10.26 7.59 4.97 1.82 0.00 0.00 0.00 0.00 0.00
0.00 0.00 0.00 0.00 0.00 0.00 0.00 0.00 0.00 1.12 2.52 3.80 4.90 5.19 5.23 4.77 3.41 2.23 0.81 0.00 0.00 0.00 0.00 0.00
0.00 0.00 0.00 0.00 0.00 0.00 0.00 0.00 0.00 1.44 3.24 4.89 6.30 6.68 6.73 6.13 4.38 2.87 1.05 0.00 0.00 0.00 0.00 0.00
0.00 0.00 0.00 0.00 0.00 0.00 0.00 0.00 0.00 0.96 2.16 3.26 4.20 4.45 4.49 4.09 2.92 1.91 0.70 0.00 0.00 0.00 0.00 0.00
0.00 0.00 0.00 0.00 0.00 0.00 0.00 0.00 0.00 0.96 2.16 3.26 4.20 4.45 4.49 4.09 2.92 1.91 0.70 0.00 0.00 0.00 0.00 0.00
0.00 0.00 0.00 0.00 0.00 0.00 0.00 0.00 0.00 13.51 22.66 35.14 45.03 37.73 39.16 35.62 30.29 19.28 8.29 0.00 0.00 0.00 0.00 0.00
0.00 0.00 0.00 0.00 0.00 0.00 0.00 0.00 0.00 7.23 16.38 24.02 31.11 34.24 35.17 31.81 24.23 15.78 5.55 0.00 0.00 0.00 0.00 0.00
0.00 0.00 0.00 0.00 0.00 0.00 0.00 0.00 0.00 5.99 13.71 20.18 26.23 27.28 26.93 24.31 19.32 12.64 4.46 0.00 0.00 0.00 0.00 0.00
0.00 0.00 0.00 0.00 0.00 0.00 0.00 0.00 0.00 23.80 75.17 115.13 153.66 178.91 184.72 170.32 130.19 84.76 38.80 0.00 0.00 0.00 0.00 0.00
0.00 0.00 0.00 0.00 0.00 0.00 0.00 0.00 0.00 22.64 71.50 109.51 146.16 170.19 175.71 162.01 123.84 80.62 36.91 0.00 0.00 0.00 0.00 0.00
0.00 0.00 0.00 0.00 0.00 0.00 0.00 0.00 0.00 43.53 137.51 210.60 281.08 327.28 337.90 311.57 238.15 155.04 70.98 0.00 0.00 0.00 0.00 0.00
0.00 0.00 0.00 0.00 0.00 0.00 0.00 0.00 0.00 42.81 135.21 207.09 276.39 321.83 332.27 306.37 234.18 152.46 69.80 0.00 0.00 0.00 0.00 0.00
0.00 0.00 0.00 0.00 0.00 0.00 0.00 0.00 0.00 45.18 126.55 191.50 254.87 328.90 335.83 305.43 236.52 157.94 66.29 0.00 0.00 0.00 0.00 0.00
0.00 0.00 0.00 0.00 0.00 0.00 0.00 0.00 0.00 0.73 1.59 2.34 2.84 2.80 2.80 2.49 1.42 0.92 0.32 0.00 0.00 0.00 0.00 0.00
0.00 0.00 0.00 0.00 0.00 0.00 0.00 0.00 0.00 3.68 8.07 11.87 14.38 14.21 14.19 12.63 7.19 4.68 1.64 0.00 0.00 0.00 0.00 0.00
0.00 0.00 0.00 0.00 0.00 0.00 0.00 0.00 0.00 18.80 41.18 60.62 73.40 72.54 72.43 64.50 36.73 23.89 8.38 0.00 0.00 0.00 0.00 0.00
0.00 0.00 0.00 0.00 0.00 0.00 0.00 0.00 0.00 1.63 5.13 7.86 10.49 12.22 12.61 11.63 8.89 5.79 2.65 0.00 0.00 0.00 0.00 0.00
0.00 0.00 0.00 0.00 0.00 0.00 0.00 0.00 0.00 35.68 107.07 163.01 212.93 242.82 249.13 226.73 177.50 118.89 50.50 0.00 0.00 0.00 0.00 0.00
0.00 0.00 0.00 0.00 0.00 0.00 0.00 0.00 0.00 3.26 6.83 10.29 13.49 13.81 14.01 13.04 9.31 6.36 2.68 0.00 0.00 0.00 0.00 0.00
0.00 0.00 0.00 0.00 0.00 0.00 0.00 0.00 0.00 18.92 48.79 73.44 94.35 101.21 100.79 89.47 59.93 39.48 14.24 0.00 0.00 0.00 0.00 0.00
0.00 0.00 0.00 0.00 0.00 0.00 0.00 0.00 0.00 0.59 1.78 2.72 3.55 4.05 4.15 3.78 2.96 1.98 0.84 0.00 0.00 0.00 0.00 0.00
0.00 0.00 0.00 0.00 0.00 0.00 0.00 0.00 0.00 26.76 80.30 122.26 159.70 182.12 186.85 170.05 133.13 89.17 37.88 0.00 0.00 0.00 0.00 0.00
0.00 0.00 0.00 0.00 0.00 0.00 0.00 0.00 0.00 34.35 103.05 156.90 204.95 233.72 239.78 218.23 170.85 114.43 48.61 0.00 0.00 0.00 0.00 0.00
0.00 0.00 0.00 0.00 0.00 0.00 0.00 0.00 0.00 59.58 166.89 252.54 336.11 433.74 442.87 402.78 311.91 208.28 87.42 0.00 0.00 0.00 0.00 0.00
0.00 0.00 0.00 0.00 0.00 0.00 0.00 0.00 0.00 1.78 3.85 5.90 7.56 7.29 7.43 6.73 5.30 3.48 1.33 0.00 0.00 0.00 0.00 0.00
0.00 0.00 0.00 0.00 0.00 0.00 0.00 0.00 0.00 2.20 4.68 7.18 9.28 9.18 9.31 8.47 6.60 4.34 1.64 0.00 0.00 0.00 0.00 0.00
0.00 0.00 0.00 0.00 0.00 0.00 0.00 0.00 0.00 13.46 28.19 42.45 55.63 56.96 57.80 53.80 38.42 26.25 11.04 0.00 0.00 0.00 0.00 0.00
0.00 0.00 0.00 0.00 0.00 0.00 0.00 0.00 0.00 32.54 134.43 211.54 289.29 237.34 248.35 226.88 155.43 105.22 43.80 0.00 0.00 0.00 0.00 0.00
0.00 0.00 0.00 0.00 0.00 0.00 0.00 0.00 0.00 0.54 1.23 1.81 2.27 2.41 2.47 2.23 1.53 0.99 0.34 0.00 0.00 0.00 0.00 0.00
0.00 0.00 0.00 0.00 0.00 0.00 0.00 0.00 0.00 8.82 24.55 37.19 48.64 59.12 60.46 54.12 41.78 27.79 11.12 0.00 0.00 0.00 0.00 0.00
0.00 0.00 0.00 0.00 0.00 0.00 0.00 0.00 0.00 3.10 10.13 15.63 20.47 23.46 24.49 22.40 17.28 11.33 5.56 0.00 0.00 0.00 0.00 0.00
0.00 0.00 0.00 0.00 0.00 0.00 0.00 0.00 0.00 1.30 3.02 4.44 5.47 5.58 5.48 4.90 2.54 1.56 0.39 0.00 0.00 0.00 0.00 0.00
0.00 0.00 0.00 0.00 0.00 0.00 0.00 0.00 0.00 0.65 1.51 2.22 2.74 2.79 2.74 2.45 1.27 0.78 0.19 0.00 0.00 0.00 0.00 0.00
0.00 0.00 0.00 0.00 0.00 0.00 0.00 0.00 0.00 1.42 3.30 4.86 5.99 6.10 5.99 5.36 2.78 1.71 0.43 0.00 0.00 0.00 0.00 0.00
0.00 0.00 0.00 0.00 0.00 0.00 0.00 0.00 0.00 1.71 3.76 5.51 6.84 7.18 7.17 6.41 3.67 2.27 0.59 0.00 0.00 0.00 0.00 0.00
0.00 0.00 0.00 0.00 0.00 0.00 0.00 0.00 0.00 2.60 5.73 8.40 10.42 10.94 10.92 9.77 5.59 3.46 0.90 0.00 0.00 0.00 0.00 0.00
0.00 0.00 0.00 0.00 0.00 0.00 0.00 0.00 0.00 2.18 5.12 7.74 9.61 9.93 9.85 8.59 5.33 3.33 0.91 0.00 0.00 0.00 0.00 0.00
0.00 0.00 0.00 0.00 0.00 0.00 0.00 0.00 0.00 1.62 3.88 5.79 7.37 5.74 5.75 5.07 4.30 2.77 0.89 0.00 0.00 0.00 0.00 0.00
0.00 0.00 0.00 0.00 0.00 0.00 0.00 0.00 0.00 4.17 10.02 14.96 19.05 14.83 14.85 13.09 11.11 7.15 2.30 0.00 0.00 0.00 0.00 0.00
0.00 0.00 0.00 0.00 0.00 0.00 0.00 0.00 0.00 1.07 2.69 4.01 5.12 4.79 4.80 4.23 2.90 1.89 0.66 0.00 0.00 0.00 0.00 0.00
0.00 0.00 0.00 0.00 0.00 0.00 0.00 0.00 0.00 1.94 5.39 7.96 10.14 10.80 10.88 9.77 7.05 4.50 1.42 0.00 0.00 0.00 0.00 0.00
0.00 0.00 0.00 0.00 0.00 0.00 0.00 0.00 0.00 4.22 8.07 11.88 14.66 16.21 16.61 15.25 11.81 7.47 2.22 0.00 0.00 0.00 0.00 0.00
0.00 0.00 0.00 0.00 0.00 0.00 0.00 0.00 0.05 0.64 1.42 1.99 2.39 2.43 2.42 2.13 1.57 0.96 0.24 0.00 0.00 0.00 0.00 0.00
0.00 0.00 0.00 0.00 0.00 0.00 0.00 0.00 0.17 4.07 8.45 12.17 14.39 13.83 13.63 12.01 7.83 4.95 1.48 0.00 0.00 0.00 0.00 0.00
0.00 0.00 0.00 0.00 0.00 0.00 0.00 0.00 0.18 2.73 5.75 8.34 9.78 9.83 9.52 8.38 5.60 3.50 0.97 0.00 0.00 0.00 0.00 0.00
0.00 0.00 0.00 0.00 0.00 0.00 0.00 0.00 0.24 3.76 7.93 11.51 13.49 13.57 13.14 11.56 7.73 4.83 1.34 0.00 0.00 0.00 0.00 0.00
0.00 0.00 0.00 0.00 0.00 0.00 0.00 0.00 0.17 2.56 5.40 7.84 9.19 9.24 8.95 7.87 5.27 3.29 0.91 0.00 0.00 0.00 0.00 0.00
0.00 0.00 0.00 0.00 0.00 0.00 0.00 0.00 0.09 2.17 4.51 6.49 7.68 7.38 7.27 6.40 4.17 2.64 0.79 0.00 0.00 0.00 0.00 0.00
0.00 0.00 0.00 0.00 0.00 0.00 0.00 0.00 0.20 2.14 4.47 6.27 7.45 7.73 7.63 6.83 4.97 3.08 0.81 0.00 0.00 0.00 0.00 0.00
0.00 0.00 0.00 0.00 0.00 0.00 0.00 0.00 0.00 2.08 4.56 6.72 8.13 8.04 8.03 7.15 4.07 2.65 0.93 0.00 0.00 0.00 0.00 0.00
0.00 0.00 0.00 0.00 0.00 0.00 0.00 0.00 0.00 17.58 29.49 45.74 58.61 49.11 50.97 46.37 39.43 25.10 10.79 0.00 0.00 0.00 0.00 0.00
0.00 0.00 0.00 0.00 0.00 0.00 0.00 0.00 0.00 2.66 6.00 8.97 11.48 12.62 12.78 11.63 8.60 5.64 2.06 0.00 0.00 0.00 0.00 0.00
0.00 0.00 0.00 0.00 0.00 0.00 0.00 0.00 0.00 3.12 8.91 13.08 16.37 18.00 18.05 16.66 9.51 6.17 2.12 0.00 0.00 0.00 0.00 0.00
0.00 0.00 0.00 0.00 0.00 0.00 0.00 0.00 0.00 1.43 4.08 6.00 7.50 8.25 8.27 7.63 4.36 2.83 0.97 0.00 0.00 0.00 0.00 0.00
0.00 0.00 0.00 0.00 0.00 0.00 0.00 0.00 0.00 3.29 7.44 11.04 14.10 15.68 15.95 14.46 10.98 7.20 2.62 0.00 0.00 0.00 0.00 0.00
0.00 0.00 0.00 0.00 0.00 0.00 0.00 0.00 0.00 1.31 2.98 4.39 5.52 5.86 5.99 5.42 3.72 2.41 0.82 0.00 0.00 0.00 0.00 0.00
0.00 0.00 0.00 0.00 0.00 0.00 0.00 0.00 0.00 13.93 29.18 43.95 57.60 58.97 59.84 55.70 39.78 27.18 11.43 0.00 0.00 0.00 0.00 0.00
0.00 0.00 0.00 0.00 0.00 0.00 0.00 0.00 0.00 4.52 11.67 17.56 22.56 24.20 24.10 21.40 14.33 9.44 3.41 0.00 0.00 0.00 0.00 0.00
0.00 0.00 0.00 0.00 0.00 0.00 0.00 0.00 0.00 1.02 2.68 4.01 5.22 5.89 5.96 5.27 3.49 2.30 0.85 0.00 0.00 0.00 0.00 0.00
0.00 0.00 0.00 0.00 0.00 0.00 0.00 0.00 0.00 1.29 3.32 5.02 6.43 7.15 7.19 6.48 5.18 3.44 1.29 0.00 0.00 0.00 0.00 0.00
0.00 0.00 0.00 0.00 0.00 0.00 0.00 0.00 0.00 2.07 5.31 8.03 10.30 11.44 11.50 10.37 8.29 5.50 2.07 0.00 0.00 0.00 0.00 0.00
0.00 0.00 0.00 0.00 0.00 0.00 0.00 0.00 0.00 44.26 139.80 214.11 285.76 332.74 343.53 316.76 242.12 157.63 72.16 0.00 0.00 0.00 0.00 0.00
