0.00 0.00 0.00 0.00 0.00 0.00 0.00 0.00 0.33 1.20 2.20 3.07 3.80 4.30 4.40 4.15 3.49 2.58 1.53 0.31 0.00 0.00 0.00 0.00
0.00 0.00 0.00 0.00 0.00 0.00 0.00 0.00 7.22 17.95 45.40 58.62 70.87 71.08 69.12 63.82 52.17 37.26 21.78 2.30 0.00 0.00 0.00 0.00
0.00 0.00 0.00 0.00 0.00 0.00 0.00 0.00 7.60 27.41 50.25 70.16 86.98 98.42 100.56 94.92 79.75 59.10 35.06 7.17 0.00 0.00 0.00 0.00
0.00 0.00 0.00 0.00 0.00 0.00 0.00 0.00 26.99 97.43 178.58 249.35 309.14 349.78 357.40 337.34 283.44 210.05 124.58 25.48 0.00 0.00 0.00 0.00
0.00 0.00 0.00 0.00 0.00 0.00 0.00 0.00 2.54 5.52 8.00 10.24 11.81 13.59 13.15 11.93 9.28 6.52 3.70 0.20 0.00 0.00 0.00 0.00
0.00 0.00 0.00 0.00 0.00 0.00 0.00 0.00 51.33 210.45 399.06 561.41 695.69 777.82 794.49 768.43 638.49 475.05 285.15 68.49 0.00 0.00 0.00 0.00
0.00 0.00 0.00 0.00 0.00 0.00 0.00 0.00 1.15 2.78 4.66 6.17 7.38 6.85 6.90 6.36 4.26 3.05 1.76 0.19 0.00 0.00 0.00 0.00
0.00 0.00 0.00 0.00 0.00 0.00 0.00 0.00 0.52 1.28 1.78 2.37 2.78 4.50 4.41 4.09 3.47 2.51 1.42 0.15 0.00 0.00 0.00 0.00
0.00 0.00 0.00 0.00 0.00 0.00 0.00 0.00 0.83 2.05 2.85 3.80 4.45 7.20 7.06 6.54 5.56 4.01 2.28 0.25 0.00 0.00 0.00 0.00
0.00 0.00 0.00 0.00 0.00 0.00 0.00 0.00 0.83 2.05 2.85 3.80 4.45 7.20 7.06 6.54 5.56 4.01 2.28 0.25 0.00 0.00 0.00 0.00
0.00 0.00 0.00 0.00 0.00 0.00 0.00 0.00 2.37 6.25 10.59 14.30 17.32 18.93 19.05 17.66 13.74 9.77 5.55 0.85 0.00 0.00 0.00 0.00
0.00 0.00 0.00 0.00 0.00 0.00 0.00 0.00 1.11 2.92 4.98 6.78 8.21 8.82 8.76 8.10 6.53 4.64 2.61 0.38 0.00 0.00 0.00 0.00
0.00 0.00 0.00 0.00 0.00 0.00 0.00 0.00 1.43 3.75 6.40 8.71 10.56 11.34 11.26 10.41 8.40 5.97 3.36 0.49 0.00 0.00 0.00 0.00
0.00 0.00 0.00 0.00 0.00 0.00 0.00 0.00 0.95 2.50 4.27 5.81 7.04 7.56 7.51 6.94 5.60 3.98 2.24 0.32 0.00 0.00 0.00 0.00
0.00 0.00 0.00 0.00 0.00 0.00 0.00 0.00 0.95 2.50 4.27 5.81 7.04 7.56 7.51 6.94 5.60 3.98 2.24 0.32 0.00 0.00 0.00 0.00
0.00 0.00 0.00 0.00 0.00 0.00 0.00 0.00 12.42 35.07 60.95 81.99 97.82 106.32 106.18 98.81 73.74 53.64 30.10 5.16 0.00 0.00 0.00 0.00
0.00 0.00 0.00 0.00 0.00 0.00 0.00 0.00 7.20 18.55 31.57 42.29 51.01 56.03 56.31 51.96 41.28 29.39 16.75 2.50 0.00 0.00 0.00 0.00
0.00 0.00 0.00 0.00 0.00 0.00 0.00 0.00 5.84 15.40 26.13 34.93 41.78 46.45 45.87 42.91 33.34 24.28 14.11 1.96 0.00 0.00 0.00 0.00
0.00 0.00 0.00 0.00 0.00 0.00 0.00 0.00 15.14 62.07 117.71 165.60 205.20 229.43 234.35 226.66 188.33 140.12 84.11 20.20 0.00 0.00 0.00 0.00
0.00 0.00 0.00 0.00 0.00 0.00 0.00 0.00 14.40 59.05 111.97 157.52 195.19 218.24 222.92 215.60 179.14 133.29 80.01 19.22 0.00 0.00 0.00 0.00
0.00 0.00 0.00 0.00 0.00 0.00 0.00 0.00 27.70 113.55 215.32 302.92 375.37 419.69 428.68 414.62 344.51 256.32 153.86 36.96 0.00 0.00 0.00 0.00
0.00 0.00 0.00 0.00 0.00 0.00 0.00 0.00 27.24 111.66 211.73 297.87 369.12 412.69 421.54 407.71 338.77 252.05 151.29 36.34 0.00 0.00 0.00 0.00
0.00 0.00 0.00 0.00 0.00 0.00 0.00 0.00 32.73 122.14 232.64 324.41 405.96 449.59 460.15 432.93 373.52 278.88 166.39 32.58 0.00 0.00 0.00 0.00
0.00 0.00 0.00 0.00 0.00 0.00 0.00 0.00 0.52 1.28 1.78 2.37 2.78 4.50 4.41 4.09 3.47 2.51 1.42 0.15 0.00 0.00 0.00 0.00
0.00 0.00 0.00 0.00 0.00 0.00 0.00 0.00 2.63 6.50 9.04 12.02 14.08 22.79 22.36 20.71 17.60 12.71 7.22 0.78 0.00 0.00 0.00 0.00
0.00 0.00 0.00 0.00 0.00 0.00 0.00 0.00 13.42 33.17 46.15 61.36 71.87 116.35 114.16 105.72 89.83 64.89 36.85 3.99 0.00 0.00 0.00 0.00
0.00 0.00 0.00 0.00 0.00 0.00 0.00 0.00 1.03 4.24 8.04 11.31 14.01 15.67 16.00 15.48 12.86 9.57 5.74 1.38 0.00 0.00 0.00 0.00
0.00 0.00 0.00 0.00 0.00 0.00 0.00 0.00 26.57 95.91 175.79 245.46 304.32 344.33 351.83 332.08 279.02 206.77 122.64 25.08 0.00 0.00 0.00 0.00
0.00 0.00 0.00 0.00 0.00 0.00 0.00 0.00 2.93 9.09 15.79 21.82 26.88 30.12 30.00 27.73 22.92 16.60 10.13 1.83 0.00 0.00 0.00 0.00
0.00 0.00 0.00 0.00 0.00 0.00 0.00 0.00 14.87 45.25 75.56 104.33 127.29 152.93 156.29 144.93 127.65 95.00 55.03 9.06 0.00 0.00 0.00 0.00
0.00 0.00 0.00 0.00 0.00 0.00 0.00 0.00 0.44 1.60 2.93 4.09 5.07 5.74 5.86 5.53 4.65 3.45 2.04 0.42 0.00 0.00 0.00 0.00
0.00 0.00 0.00 0.00 0.00 0.00 0.00 0.00 19.93 71.93 131.84 184.10 228.24 258.25 263.87 249.06 209.26 155.08 91.98 18.81 0.00 0.00 0.00 0.00
0.00 0.00 0.00 0.00 0.00 0.00 0.00 0.00 25.58 92.31 169.20 236.26 292.91 331.42 338.63 319.62 268.56 199.02 118.04 24.14 0.00 0.00 0.00 0.00
0.00 0.00 0.00 0.00 0.00 0.00 0.00 0.00 43.16 161.07 306.79 427.82 535.36 592.90 606.83 570.93 492.58 367.77 219.42 42.96 0.00 0.00 0.00 0.00
0.00 0.00 0.00 0.00 0.00 0.00 0.00 0.00 1.70 4.58 7.92 10.78 13.12 13.65 13.60 12.54 9.48 6.82 3.87 0.61 0.00 0.00 0.00 0.00
0.00 0.00 0.00 0.00 0.00 0.00 0.00 0.00 2.15 5.76 9.93 13.52 16.44 17.64 17.55 16.13 12.37 8.90 5.03 0.78 0.00 0.00 0.00 0.00
0.00 0.00 0.00 0.00 0.00 0.00 0.00 0.00 12.09 37.48 65.12 90.01 110.90 124.25 123.73 114.37 94.54 68.46 41.78 7.57 0.00 0.00 0.00 0.00
0.00 0.00 0.00 0.00 0.00 0.00 0.00 0.00 24.82 112.64 215.66 300.22 375.96 429.90 442.91 416.67 363.66 275.23 168.70 45.03 0.00 0.00 0.00 0.00
0.00 0.00 0.00 0.00 0.00 0.00 0.00 0.00 0.58 1.47 2.42 3.29 3.97 4.15 4.15 3.79 3.01 2.16 1.23 0.16 0.00 0.00 0.00 0.00
0.00 0.00 0.00 0.00 0.00 0.00 0.00 0.00 7.39 24.79 44.24 61.24 75.15 84.27 85.21 80.30 68.80 50.55 29.32 5.56 0.00 0.00 0.00 0.00
0.00 0.00 0.00 0.00 0.00 0.00 0.00 0.00 1.46 7.35 14.28 20.43 25.50 28.51 28.92 27.02 23.15 17.38 10.89 2.68 0.00 0.00 0.00 0.00
0.00 0.00 0.00 0.00 0.00 0.00 0.00 0.00 1.37 3.24 5.35 6.98 8.31 7.74 7.83 7.26 4.78 3.36 1.94 0.21 0.00 0.00 0.00 0.00
0.00 0.00 0.00 0.00 0.00 0.00 0.00 0.00 0.68 1.62 2.68 3.49 4.15 3.87 3.92 3.63 2.39 1.68 0.97 0.11 0.00 0.00 0.00 0.00
0.00 0.00 0.00 0.00 0.00 0.00 0.00 0.00 1.50 3.54 5.86 7.64 9.08 8.47 8.56 7.94 5.22 3.68 2.12 0.23 0.00 0.00 0.00 0.00
0.00 0.00 0.00 0.00 0.00 0.00 0.00 0.00 1.83 4.34 7.18 9.40 11.09 10.86 10.81 10.15 7.57 5.38 3.10 0.32 0.00 0.00 0.00 0.00
0.00 0.00 0.00 0.00 0.00 0.00 0.00 0.00 2.79 6.62 10.94 14.32 16.91 16.55 16.47 15.47 11.54 8.20 4.72 0.48 0.00 0.00 0.00 0.00
0.00 0.00 0.00 0.00 0.00 0.00 0.00 0.00 2.33 5.66 9.41 12.50 14.84 14.07 14.10 13.10 9.25 6.61 3.82 0.46 0.00 0.00 0.00 0.00
0.00 0.00 0.00 0.00 0.00 0.00 0.00 0.00 1.27 3.56 6.18 8.39 10.27 9.47 9.61 9.09 9.92 7.11 4.06 0.58 0.00 0.00 0.00 0.00
0.00 0.00 0.00 0.00 0.00 0.00 0.00 0.00 3.28 9.19 15.97 21.68 26.52 24.47 24.83 23.49 25.62 18.36 10.48 1.51 0.00 0.00 0.00 0.00
0.00 0.00 0.00 0.00 0.00 0.00 0.00 0.00 0.69 1.98 3.50 4.83 5.91 7.94 7.94 7.34 6.38 4.65 2.67 0.46 0.00 0.00 0.00 0.00
0.00 0.00 0.00 0.00 0.00 0.00 0.00 0.00 2.80 6.79 9.43 12.78 15.22 12.84 12.84 11.55 12.91 9.11 5.17 0.55 0.00 0.00 0.00 0.00
0.00 0.00 0.00 0.00 0.00 0.00 0.00 0.00 4.39 10.67 17.73 23.60 28.42 25.92 25.81 23.77 20.81 14.88 8.44 0.98 0.00 0.00 0.00 0.00
0.00 0.00 0.00 0.00 0.00 0.00 0.00 0.00 0.78 1.71 2.62 3.32 3.82 4.14 4.06 3.72 2.99 2.08 1.18 0.07 0.00 0.00 0.00 0.00
0.00 0.00 0.00 0.00 0.00 0.00 0.00 0.00 4.01 9.20 15.12 19.65 23.30 23.50 23.00 21.06 16.76 11.65 6.64 0.56 0.00 0.00 0.00 0.00
0.00 0.00 0.00 0.00 0.00 0.00 0.00 0.00 2.91 6.51 10.23 13.14 15.16 16.13 15.78 14.64 12.34 8.72 4.96 0.30 0.00 0.00 0.00 0.00
0.00 0.00 0.00 0.00 0.00 0.00 0.00 0.00 4.01 8.99 14.12 18.13 20.92 22.26 21.78 20.21 17.02 12.04 6.85 0.41 0.00 0.00 0.00 0.00
0.00 0.00 0.00 0.00 0.00 0.00 0.00 0.00 2.73 6.12 9.62 12.35 14.25 15.16 14.84 13.77 11.60 8.20 4.67 0.28 0.00 0.00 0.00 0.00
0.00 0.00 0.00 0.00 0.00 0.00 0.00 0.00 2.14 4.91 8.07 10.48 12.42 12.54 12.27 11.23 8.94 6.21 3.54 0.30 0.00 0.00 0.00 0.00
0.00 0.00 0.00 0.00 0.00 0.00 0.00 0.00 2.25 4.93 7.41 9.66 11.19 12.44 12.13 11.05 9.05 6.36 3.61 0.19 0.00 0.00 0.00 0.00
0.00 0.00 0.00 0.00 0.00 0.00 0.00 0.00 1.49 3.68 5.11 6.80 7.96 12.89 12.65 11.72 9.96 7.19 4.08 0.44 0.00 0.00 0.00 0.00
0.00 0.00 0.00 0.00 0.00 0.00 0.00 0.00 16.17 45.64 79.33 106.71 127.32 138.39 138.20 128.61 95.98 69.82 39.18 6.72 0.00 0.00 0.00 0.00
0.00 0.00 0.00 0.00 0.00 0.00 0.00 0.00 2.69 7.08 12.00 16.20 19.63 21.45 21.59 20.02 15.57 11.08 6.29 0.97 0.00 0.00 0.00 0.00
0.00 0.00 0.00 0.00 0.00 0.00 0.00 0.00 3.68 9.25 15.03 20.33 24.20 24.34 24.09 22.21 19.92 13.98 8.02 1.05 0.00 0.00 0.00 0.00
0.00 0.00 0.00 0.00 0.00 0.00 0.00 0.00 1.69 4.24 6.89 9.32 11.09 11.16 11.04 10.18 9.13 6.41 3.68 0.48 0.00 0.00 0.00 0.00
0.00 0.00 0.00 0.00 0.00 0.00 0.00 0.00 3.32 8.73 14.79 19.88 24.05 26.65 26.93 24.94 19.16 13.69 7.81 1.25 0.00 0.00 0.00 0.00
0.00 0.00 0.00 0.00 0.00 0.00 0.00 0.00 1.42 3.57 5.88 8.00 9.65 10.08 10.07 9.20 7.31 5.25 3.00 0.39 0.00 0.00 0.00 0.00
0.00 0.00 0.00 0.00 0.00 0.00 0.00 0.00 12.52 38.80 67.43 93.19 114.82 128.64 128.10 118.42 97.88 70.88 43.26 7.84 0.00 0.00 0.00 0.00
0.00 0.00 0.00 0.00 0.00 0.00 0.00 0.00 3.56 10.82 18.07 24.95 30.44 36.57 37.37 34.66 30.53 22.72 13.16 2.17 0.00 0.00 0.00 0.00
0.00 0.00 0.00 0.00 0.00 0.00 0.00 0.00 0.84 2.57 4.50 6.16 7.52 8.62 8.80 8.29 6.95 5.07 2.98 0.48 0.00 0.00 0.00 0.00
0.00 0.00 0.00 0.00 0.00 0.00 0.00 0.00 1.13 3.42 6.05 8.39 10.34 11.74 11.61 10.72 8.40 6.05 3.54 0.64 0.00 0.00 0.00 0.00
0.00 0.00 0.00 0.00 0.00 0.00 0.00 0.00 1.81 5.47 9.69 13.43 16.55 18.78 18.58 17.15 13.45 9.69 5.67 1.02 0.00 0.00 0.00 0.00
0.00 0.00 0.00 0.00 0.00 0.00 0.00 0.00 28.16 115.44 218.91 307.97 381.63 426.68 435.83 421.53 350.25 260.59 156.42 37.57 0.00 0.00 0.00 0.00
