0.00 0.00 0.00 0.00 0.00 0.00 0.00 0.00 0.00 0.85 1.91 3.05 4.01 4.76 4.96 4.75 4.17 3.19 1.92 0.52 0.00 0.00 0.00 0.00
0.00 0.00 0.00 0.00 0.00 0.00 0.00 0.00 1.03 13.43 32.12 47.68 60.20 70.20 71.80 69.44 59.01 43.33 25.80 5.04 0.00 0.00 0.00 0.00
0.00 0.00 0.00 0.00 0.00 0.00 0.00 0.00 0.00 19.37 43.68 69.65 91.79 108.89 113.33 108.52 95.42 72.84 43.84 11.87 0.00 0.00 0.00 0.00
0.00 0.00 0.00 0.00 0.00 0.00 0.00 0.00 0.00 68.83 155.22 247.53 326.22 386.97 402.76 385.66 339.12 258.86 155.80 42.17 0.00 0.00 0.00 0.00
0.00 0.00 0.00 0.00 0.00 0.00 0.00 0.00 0.59 3.21 5.92 9.04 11.22 12.20 12.22 11.15 9.05 6.46 3.81 0.49 0.00 0.00 0.00 0.00
0.00 0.00 0.00 0.00 0.00 0.00 0.00 0.00 0.00 143.24 345.24 559.94 732.76 876.23 936.03 906.28 721.87 554.75 346.68 118.37 0.00 0.00 0.00 0.00
0.00 0.00 0.00 0.00 0.00 0.00 0.00 0.00 0.11 1.97 4.07 6.15 7.62 8.56 8.55 8.04 6.88 5.10 3.05 0.46 0.00 0.00 0.00 0.00
0.00 0.00 0.00 0.00 0.00 0.00 0.00 0.00 0.07 0.92 1.78 2.67 3.50 4.03 4.10 4.02 3.45 2.53 1.51 0.37 0.00 0.00 0.00 0.00
0.00 0.00 0.00 0.00 0.00 0.00 0.00 0.00 0.11 1.46 2.85 4.28 5.60 6.45 6.56 6.44 5.51 4.05 2.41 0.60 0.00 0.00 0.00 0.00
0.00 0.00 0.00 0.00 0.00 0.00 0.00 0.00 0.11 1.46 2.85 4.28 5.60 6.45 6.56 6.44 5.51 4.05 2.41 0.60 0.00 0.00 0.00 0.00
0.00 0.00 0.00 0.00 0.00 0.00 0.00 0.00 0.01 3.59 7.17 11.03 14.60 15.96 16.59 15.99 14.16 10.70 6.48 1.82 0.00 0.00 0.00 0.00
0.00 0.00 0.00 0.00 0.00 0.00 0.00 0.00 0.01 1.71 3.40 5.26 6.98 7.72 7.82 7.57 6.75 5.10 3.00 0.84 0.00 0.00 0.00 0.00
0.00 0.00 0.00 0.00 0.00 0.00 0.00 0.00 0.02 2.20 4.37 6.76 8.97 9.93 10.06 9.74 8.68 6.56 3.86 1.07 0.00 0.00 0.00 0.00
0.00 0.00 0.00 0.00 0.00 0.00 0.00 0.00 0.01 1.47 2.91 4.51 5.98 6.62 6.71 6.49 5.79 4.37 2.57 0.72 0.00 0.00 0.00 0.00
0.00 0.00 0.00 0.00 0.00 0.00 0.00 0.00 0.01 1.47 2.91 4.51 5.98 6.62 6.71 6.49 5.79 4.37 2.57 0.72 0.00 0.00 0.00 0.00
0.00 0.00 0.00 0.00 0.00 0.00 0.00 0.00 0.00 11.87 19.05 30.82 41.69 48.57 50.51 48.69 48.06 35.90 20.61 7.34 0.00 0.00 0.00 0.00
0.00 0.00 0.00 0.00 0.00 0.00 0.00 0.00 0.22 11.09 22.02 33.76 44.33 49.50 50.81 47.94 42.85 32.58 19.15 5.21 0.00 0.00 0.00 0.00
0.00 0.00 0.00 0.00 0.00 0.00 0.00 0.00 0.00 9.96 20.03 30.23 39.15 43.27 43.99 42.18 36.06 27.20 16.54 4.05 0.00 0.00 0.00 0.00
0.00 0.00 0.00 0.00 0.00 0.00 0.00 0.00 0.00 42.25 101.83 165.16 216.14 258.46 276.09 267.32 212.93 163.63 102.26 34.92 0.00 0.00 0.00 0.00
0.00 0.00 0.00 0.00 0.00 0.00 0.00 0.00 0.00 40.19 96.86 157.11 205.59 245.85 262.63 254.28 202.54 155.65 97.27 33.21 0.00 0.00 0.00 0.00
0.00 0.00 0.00 0.00 0.00 0.00 0.00 0.00 0.00 77.29 186.28 302.13 395.37 472.78 505.05 489.00 389.50 299.33 187.06 63.87 0.00 0.00 0.00 0.00
0.00 0.00 0.00 0.00 0.00 0.00 0.00 0.00 0.00 76.00 183.17 297.09 388.78 464.90 496.63 480.85 383.01 294.34 183.94 62.81 0.00 0.00 0.00 0.00
0.00 0.00 0.00 0.00 0.00 0.00 0.00 0.00 0.00 86.83 200.61 324.93 432.32 509.74 519.80 491.62 426.23 321.28 197.28 52.32 0.00 0.00 0.00 0.00
0.00 0.00 0.00 0.00 0.00 0.00 0.00 0.00 0.07 0.92 1.78 2.67 3.50 4.03 4.10 4.02 3.45 2.53 1.51 0.37 0.00 0.00 0.00 0.00
0.00 0.00 0.00 0.00 0.00 0.00 0.00 0.00 0.34 4.64 9.04 13.54 17.75 20.42 20.77 20.38 17.46 12.81 7.64 1.89 0.00 0.00 0.00 0.00
0.00 0.00 0.00 0.00 0.00 0.00 0.00 0.00 1.71 23.68 46.13 69.11 90.60 104.24 106.05 104.05 89.15 65.42 38.98 9.63 0.00 0.00 0.00 0.00
0.00 0.00 0.00 0.00 0.00 0.00 0.00 0.00 0.00 2.89 6.95 11.28 14.76 17.65 18.86 18.26 14.54 11.17 6.98 2.38 0.00 0.00 0.00 0.00
0.00 0.00 0.00 0.00 0.00 0.00 0.00 0.00 0.00 67.75 152.80 243.67 321.13 380.94 396.48 379.65 333.83 254.82 153.38 41.51 0.00 0.00 0.00 0.00
0.00 0.00 0.00 0.00 0.00 0.00 0.00 0.00 0.00 4.82 10.21 16.03 22.08 26.49 27.71 27.02 23.06 17.85 11.39 3.91 0.00 0.00 0.00 0.00
0.00 0.00 0.00 0.00 0.00 0.00 0.00 0.00 0.00 34.78 78.97 124.02 162.19 188.59 197.12 188.91 161.27 120.50 72.22 16.13 0.00 0.00 0.00 0.00
0.00 0.00 0.00 0.00 0.00 0.00 0.00 0.00 0.00 1.13 2.55 4.06 5.35 6.35 6.61 6.33 5.56 4.25 2.56 0.69 0.00 0.00 0.00 0.00
0.00 0.00 0.00 0.00 0.00 0.00 0.00 0.00 0.00 50.82 114.60 182.75 240.85 285.70 297.36 284.74 250.37 191.12 115.03 31.14 0.00 0.00 0.00 0.00
0.00 0.00 0.00 0.00 0.00 0.00 0.00 0.00 0.00 65.21 147.07 234.53 309.09 366.65 381.61 365.41 321.31 245.27 147.62 39.96 0.00 0.00 0.00 0.00
0.00 0.00 0.00 0.00 0.00 0.00 0.00 0.00 0.00 114.50 264.55 428.50 570.12 672.22 685.48 648.33 562.09 423.69 260.16 69.00 0.00 0.00 0.00 0.00
0.00 0.00 0.00 0.00 0.00 0.00 0.00 0.00 0.00 2.58 5.20 8.08 10.71 11.83 12.19 11.83 10.55 7.91 4.74 1.39 0.00 0.00 0.00 0.00
0.00 0.00 0.00 0.00 0.00 0.00 0.00 0.00 0.00 3.31 6.62 10.05 13.40 14.83 15.20 14.70 13.13 9.87 5.89 1.68 0.00 0.00 0.00 0.00
0.00 0.00 0.00 0.00 0.00 0.00 0.00 0.00 0.00 19.90 42.14 66.12 91.06 109.26 114.30 111.45 95.11 73.61 46.98 16.15 0.00 0.00 0.00 0.00
0.00 0.00 0.00 0.00 0.00 0.00 0.00 0.00 0.00 66.89 190.02 311.50 420.65 496.29 514.25 493.80 427.25 337.90 210.58 61.83 0.00 0.00 0.00 0.00
0.00 0.00 0.00 0.00 0.00 0.00 0.00 0.00 0.03 0.90 1.77 2.75 3.59 3.91 4.05 3.86 3.34 2.51 1.50 0.38 0.00 0.00 0.00 0.00
0.00 0.00 0.00 0.00 0.00 0.00 0.00 0.00 0.00 17.23 38.28 61.43 80.63 95.24 98.16 93.80 79.99 60.04 36.58 9.29 0.00 0.00 0.00 0.00
0.00 0.00 0.00 0.00 0.00 0.00 0.00 0.00 0.00 4.97 12.02 19.17 25.69 30.02 30.72 30.13 28.02 21.58 13.89 4.66 0.00 0.00 0.00 0.00
0.00 0.00 0.00 0.00 0.00 0.00 0.00 0.00 0.17 2.27 4.65 7.07 8.93 10.16 10.06 9.25 7.61 5.70 3.44 0.51 0.00 0.00 0.00 0.00
0.00 0.00 0.00 0.00 0.00 0.00 0.00 0.00 0.09 1.14 2.33 3.53 4.46 5.08 5.03 4.62 3.81 2.85 1.72 0.25 0.00 0.00 0.00 0.00
0.00 0.00 0.00 0.00 0.00 0.00 0.00 0.00 0.19 2.49 5.09 7.73 9.77 11.11 11.01 10.12 8.33 6.24 3.76 0.55 0.00 0.00 0.00 0.00
0.00 0.00 0.00 0.00 0.00 0.00 0.00 0.00 0.23 3.02 6.15 9.46 11.73 13.18 13.11 12.26 10.18 7.65 4.56 0.67 0.00 0.00 0.00 0.00
0.00 0.00 0.00 0.00 0.00 0.00 0.00 0.00 0.35 4.60 9.38 14.42 17.88 20.08 19.98 18.68 15.51 11.65 6.95 1.02 0.00 0.00 0.00 0.00
0.00 0.00 0.00 0.00 0.00 0.00 0.00 0.00 0.21 3.98 8.28 12.55 15.48 17.27 17.40 16.46 13.95 10.54 6.30 0.99 0.00 0.00 0.00 0.00
0.00 0.00 0.00 0.00 0.00 0.00 0.00 0.00 0.00 2.98 6.69 10.25 13.02 15.05 15.77 15.17 12.68 9.49 5.56 1.05 0.00 0.00 0.00 0.00
0.00 0.00 0.00 0.00 0.00 0.00 0.00 0.00 0.00 7.70 17.28 26.47 33.63 38.87 40.73 39.18 32.75 24.50 14.36 2.71 0.00 0.00 0.00 0.00
0.00 0.00 0.00 0.00 0.00 0.00 0.00 0.00 0.00 1.93 4.30 6.70 8.85 10.29 10.65 10.07 8.40 6.28 3.76 0.81 0.00 0.00 0.00 0.00
0.00 0.00 0.00 0.00 0.00 0.00 0.00 0.00 0.30 4.13 7.91 12.07 15.39 16.93 17.49 16.76 14.44 10.84 6.56 1.44 0.00 0.00 0.00 0.00
0.00 0.00 0.00 0.00 0.00 0.00 0.00 0.00 0.44 7.33 14.72 21.90 27.48 30.83 31.37 29.80 25.89 19.34 11.41 1.71 0.00 0.00 0.00 0.00
0.00 0.00 0.00 0.00 0.00 0.00 0.00 0.00 0.18 1.02 1.86 2.77 3.46 3.78 3.76 3.56 3.01 2.20 1.30 0.20 0.00 0.00 0.00 0.00
0.00 0.00 0.00 0.00 0.00 0.00 0.00 0.00 0.69 5.18 9.77 14.79 19.29 20.79 21.04 19.89 16.91 12.50 7.48 1.65 0.00 0.00 0.00 0.00
0.00 0.00 0.00 0.00 0.00 0.00 0.00 0.00 0.58 3.69 6.88 10.22 13.01 14.20 14.03 13.20 11.32 8.26 4.88 0.99 0.00 0.00 0.00 0.00
0.00 0.00 0.00 0.00 0.00 0.00 0.00 0.00 0.80 5.10 9.49 14.11 17.96 19.60 19.37 18.22 15.62 11.40 6.73 1.36 0.00 0.00 0.00 0.00
0.00 0.00 0.00 0.00 0.00 0.00 0.00 0.00 0.54 3.47 6.47 9.61 12.23 13.35 13.19 12.41 10.64 7.77 4.58 0.93 0.00 0.00 0.00 0.00
0.00 0.00 0.00 0.00 0.00 0.00 0.00 0.00 0.37 2.76 5.21 7.89 10.29 11.09 11.22 10.61 9.02 6.67 3.99 0.88 0.00 0.00 0.00 0.00
0.00 0.00 0.00 0.00 0.00 0.00 0.00 0.00 0.51 2.89 5.30 7.90 9.91 10.76 10.89 10.02 8.25 5.97 3.53 0.55 0.00 0.00 0.00 0.00
0.00 0.00 0.00 0.00 0.00 0.00 0.00 0.00 0.19 2.62 5.11 7.66 10.04 11.55 11.75 11.53 9.88 7.25 4.32 1.07 0.00 0.00 0.00 0.00
0.00 0.00 0.00 0.00 0.00 0.00 0.00 0.00 0.00 15.45 24.80 40.11 54.26 63.22 65.74 63.38 62.55 46.72 26.83 9.56 0.00 0.00 0.00 0.00
0.00 0.00 0.00 0.00 0.00 0.00 0.00 0.00 0.02 4.07 8.12 12.50 16.55 18.09 18.80 18.13 16.04 12.13 7.34 2.07 0.00 0.00 0.00 0.00
0.00 0.00 0.00 0.00 0.00 0.00 0.00 0.00 0.29 6.04 11.82 18.32 24.56 27.77 27.87 26.73 22.98 17.25 10.55 2.80 0.00 0.00 0.00 0.00
0.00 0.00 0.00 0.00 0.00 0.00 0.00 0.00 0.13 2.77 5.42 8.40 11.26 12.73 12.77 12.25 10.53 7.91 4.84 1.28 0.00 0.00 0.00 0.00
0.00 0.00 0.00 0.00 0.00 0.00 0.00 0.00 0.02 5.04 10.05 15.43 20.25 22.16 23.14 22.18 19.60 14.88 9.13 2.56 0.00 0.00 0.00 0.00
0.00 0.00 0.00 0.00 0.00 0.00 0.00 0.00 0.08 2.19 4.31 6.68 8.71 9.49 9.84 9.38 8.11 6.09 3.64 0.92 0.00 0.00 0.00 0.00
0.00 0.00 0.00 0.00 0.00 0.00 0.00 0.00 0.00 20.60 43.63 68.46 94.28 113.12 118.34 115.39 98.47 76.21 48.64 16.72 0.00 0.00 0.00 0.00
0.00 0.00 0.00 0.00 0.00 0.00 0.00 0.00 0.00 8.32 18.88 29.66 38.79 45.10 47.14 45.17 38.56 28.81 17.27 3.86 0.00 0.00 0.00 0.00
0.00 0.00 0.00 0.00 0.00 0.00 0.00 0.00 0.00 1.86 4.15 6.59 8.65 10.18 10.53 10.21 8.72 6.43 3.87 0.86 0.00 0.00 0.00 0.00
0.00 0.00 0.00 0.00 0.00 0.00 0.00 0.00 0.00 2.38 5.22 8.20 10.69 12.60 13.02 12.51 10.79 8.07 4.89 1.10 0.00 0.00 0.00 0.00
0.00 0.00 0.00 0.00 0.00 0.00 0.00 0.00 0.00 3.82 8.35 13.12 17.11 20.16 20.83 20.01 17.27 12.92 7.83 1.76 0.00 0.00 0.00 0.00
0.00 0.00 0.00 0.00 0.00 0.00 0.00 0.00 0.00 78.57 189.38 307.16 401.96 480.66 513.47 497.15 395.99 304.31 190.18 64.93 0.00 0.00 0.00 0.00
