0.00 0.00 0.00 0.00 0.00 0.00 0.00 0.21 1.17 2.09 3.19 4.13 4.79 5.24 5.39 5.19 4.71 3.90 2.81 1.67 0.77 0.00 0.00 0.00
0.00 0.00 0.00 0.00 0.00 0.00 0.00 5.46 22.44 38.50 56.00 71.75 82.52 89.78 91.07 86.52 71.28 56.38 38.32 18.20 5.39 0.00 0.00 0.00
0.00 0.00 0.00 0.00 0.00 0.00 0.00 4.85 26.75 47.85 72.90 94.52 109.49 119.86 123.32 118.78 107.76 89.08 64.19 38.17 17.69 0.00 0.00 0.00
0.00 0.00 0.00 0.00 0.00 0.00 0.00 17.24 95.08 170.05 259.07 335.92 389.13 425.97 438.26 422.14 382.96 316.60 228.14 135.64 62.87 0.00 0.00 0.00
0.00 0.00 0.00 0.00 0.00 0.00 0.00 1.59 4.46 7.15 9.10 11.31 12.77 14.43 14.42 13.56 12.88 10.08 6.65 2.95 0.74 0.00 0.00 0.00
0.00 0.00 0.00 0.00 0.00 0.00 0.00 21.85 194.16 361.01 553.43 721.20 838.22 923.73 952.26 939.12 877.51 726.60 533.44 323.80 152.01 0.00 0.00 0.00
0.00 0.00 0.00 0.00 0.00 0.00 0.00 0.56 1.57 2.54 4.02 5.03 5.75 7.12 7.10 6.79 6.53 5.27 3.66 1.74 0.65 0.00 0.00 0.00
0.00 0.00 0.00 0.00 0.00 0.00 0.00 0.36 1.34 2.27 3.27 4.22 4.86 4.74 4.76 4.50 4.27 3.44 2.34 1.28 0.40 0.00 0.00 0.00
0.00 0.00 0.00 0.00 0.00 0.00 0.00 0.58 2.15 3.63 5.23 6.75 7.77 7.58 7.62 7.20 6.84 5.51 3.74 2.04 0.64 0.00 0.00 0.00
0.00 0.00 0.00 0.00 0.00 0.00 0.00 0.58 2.15 3.63 5.23 6.75 7.77 7.58 7.62 7.20 6.84 5.51 3.74 2.04 0.64 0.00 0.00 0.00
0.00 0.00 0.00 0.00 0.00 0.00 0.00 1.21 4.77 8.15 13.02 17.15 19.84 21.54 21.69 20.55 15.81 12.55 8.62 4.21 1.51 0.00 0.00 0.00
0.00 0.00 0.00 0.00 0.00 0.00 0.00 0.59 2.33 3.98 6.18 8.07 9.33 9.98 10.12 9.59 6.98 5.54 3.78 1.94 0.69 0.00 0.00 0.00
0.00 0.00 0.00 0.00 0.00 0.00 0.00 0.76 3.00 5.12 7.94 10.38 12.00 12.84 13.02 12.33 8.97 7.13 4.86 2.49 0.89 0.00 0.00 0.00
0.00 0.00 0.00 0.00 0.00 0.00 0.00 0.51 2.00 3.41 5.29 6.92 8.00 8.56 8.68 8.22 5.98 4.75 3.24 1.66 0.59 0.00 0.00 0.00
0.00 0.00 0.00 0.00 0.00 0.00 0.00 0.51 2.00 3.41 5.29 6.92 8.00 8.56 8.68 8.22 5.98 4.75 3.24 1.66 0.59 0.00 0.00 0.00
0.00 0.00 0.00 0.00 0.00 0.00 0.00 3.49 24.84 45.15 69.05 88.69 102.45 112.58 113.92 108.33 86.95 67.83 47.08 24.24 8.05 0.00 0.00 0.00
0.00 0.00 0.00 0.00 0.00 0.00 0.00 3.46 12.78 21.67 35.94 46.97 54.90 65.19 64.46 60.19 45.90 36.51 25.16 12.28 4.37 0.00 0.00 0.00
0.00 0.00 0.00 0.00 0.00 0.00 0.00 3.01 11.08 18.80 27.50 35.57 41.60 45.95 45.49 42.23 45.52 36.42 25.01 12.41 4.65 0.00 0.00 0.00
0.00 0.00 0.00 0.00 0.00 0.00 0.00 6.45 57.27 106.48 163.24 212.73 247.25 272.47 280.88 277.01 258.83 214.32 157.35 95.51 44.84 0.00 0.00 0.00
0.00 0.00 0.00 0.00 0.00 0.00 0.00 6.13 54.48 101.29 155.28 202.35 235.18 259.18 267.18 263.49 246.21 203.87 149.67 90.85 42.65 0.00 0.00 0.00
0.00 0.00 0.00 0.00 0.00 0.00 0.00 11.79 104.76 194.79 298.61 389.14 452.28 498.42 513.81 506.72 473.48 392.05 287.83 174.71 82.02 0.00 0.00 0.00
0.00 0.00 0.00 0.00 0.00 0.00 0.00 11.59 103.02 191.54 293.64 382.65 444.74 490.11 505.25 498.27 465.58 385.52 283.03 171.80 80.65 0.00 0.00 0.00
0.00 0.00 0.00 0.00 0.00 0.00 0.00 23.95 124.26 220.91 334.14 436.97 511.67 550.07 565.28 547.72 500.05 412.41 300.70 178.07 85.14 0.00 0.00 0.00
0.00 0.00 0.00 0.00 0.00 0.00 0.00 0.36 1.34 2.27 3.27 4.22 4.86 4.74 4.76 4.50 4.27 3.44 2.34 1.28 0.40 0.00 0.00 0.00
0.00 0.00 0.00 0.00 0.00 0.00 0.00 1.83 6.81 11.50 16.55 21.38 24.60 23.99 24.12 22.80 21.66 17.45 11.84 6.46 2.03 0.00 0.00 0.00
0.00 0.00 0.00 0.00 0.00 0.00 0.00 9.34 34.78 58.70 84.50 109.13 125.59 122.49 123.12 116.38 110.56 89.06 60.44 32.99 10.37 0.00 0.00 0.00
0.00 0.00 0.00 0.00 0.00 0.00 0.00 0.44 3.91 7.27 11.15 14.53 16.89 18.61 19.18 18.92 17.68 14.64 10.75 6.52 3.06 0.00 0.00 0.00
0.00 0.00 0.00 0.00 0.00 0.00 0.00 16.97 93.60 167.40 255.03 330.68 383.07 419.33 431.43 415.56 376.99 311.66 224.59 133.53 61.89 0.00 0.00 0.00
0.00 0.00 0.00 0.00 0.00 0.00 0.00 1.21 6.96 12.49 19.16 25.95 31.04 33.93 33.91 32.25 28.69 23.25 16.20 9.77 3.95 0.00 0.00 0.00
0.00 0.00 0.00 0.00 0.00 0.00 0.00 14.32 52.27 88.54 133.18 171.42 198.35 208.64 211.24 199.09 182.31 150.29 108.36 61.17 27.45 0.00 0.00 0.00
0.00 0.00 0.00 0.00 0.00 0.00 0.00 0.28 1.56 2.79 4.25 5.51 6.38 6.99 7.19 6.93 6.28 5.19 3.74 2.23 1.03 0.00 0.00 0.00
0.00 0.00 0.00 0.00 0.00 0.00 0.00 12.73 70.20 125.55 191.27 248.01 287.30 314.50 323.57 311.67 282.74 233.75 168.44 100.14 46.42 0.00 0.00 0.00
0.00 0.00 0.00 0.00 0.00 0.00 0.00 16.33 90.09 161.12 245.47 318.28 368.70 403.60 415.25 399.98 362.85 299.98 216.16 128.52 59.57 0.00 0.00 0.00
0.00 0.00 0.00 0.00 0.00 0.00 0.00 31.59 163.87 291.32 440.64 576.26 674.77 725.40 745.46 722.30 659.44 543.86 396.55 234.84 112.28 0.00 0.00 0.00
0.00 0.00 0.00 0.00 0.00 0.00 0.00 0.83 3.61 6.24 9.68 12.58 14.77 16.05 16.12 15.00 11.54 9.24 6.35 3.17 1.13 0.00 0.00 0.00
0.00 0.00 0.00 0.00 0.00 0.00 0.00 1.07 4.53 7.81 12.17 15.86 18.42 19.82 19.92 18.67 14.04 11.22 7.75 3.90 1.40 0.00 0.00 0.00
0.00 0.00 0.00 0.00 0.00 0.00 0.00 4.99 28.73 51.52 79.02 107.04 128.02 139.94 139.87 133.04 118.35 95.93 66.81 40.29 16.28 0.00 0.00 0.00
0.00 0.00 0.00 0.00 0.00 0.00 0.00 25.71 123.19 217.77 320.49 426.76 509.62 559.47 570.56 544.94 459.86 381.69 277.76 161.83 84.93 6.78 0.00 0.00
0.00 0.00 0.00 0.00 0.00 0.00 0.00 0.25 0.89 1.50 2.47 3.23 3.76 4.77 4.74 4.38 3.56 2.83 1.95 1.03 0.36 0.00 0.00 0.00
0.00 0.00 0.00 0.00 0.00 0.00 0.00 5.52 25.00 43.71 65.36 85.24 98.26 105.01 106.71 101.79 93.64 77.47 55.44 32.27 14.79 0.00 0.00 0.00
0.00 0.00 0.00 0.00 0.00 0.00 0.00 0.15 6.35 12.37 19.15 25.64 30.22 32.87 33.57 32.42 29.82 24.71 18.13 11.32 5.46 0.00 0.00 0.00
0.00 0.00 0.00 0.00 0.00 0.00 0.00 0.68 1.87 2.99 4.77 6.01 6.78 7.02 6.93 6.61 6.02 4.78 3.35 1.77 0.65 0.00 0.00 0.00
0.00 0.00 0.00 0.00 0.00 0.00 0.00 0.34 0.93 1.50 2.39 3.00 3.39 3.51 3.46 3.30 3.01 2.39 1.67 0.89 0.32 0.00 0.00 0.00
0.00 0.00 0.00 0.00 0.00 0.00 0.00 0.75 2.04 3.28 5.22 6.57 7.42 7.67 7.58 7.23 6.59 5.23 3.66 1.94 0.71 0.00 0.00 0.00
0.00 0.00 0.00 0.00 0.00 0.00 0.00 0.83 2.32 3.74 5.77 7.28 8.28 9.36 9.19 8.76 9.66 7.77 5.39 2.59 0.94 0.00 0.00 0.00
0.00 0.00 0.00 0.00 0.00 0.00 0.00 1.26 3.53 5.70 8.80 11.09 12.62 14.26 14.01 13.35 14.72 11.84 8.21 3.95 1.43 0.00 0.00 0.00
0.00 0.00 0.00 0.00 0.00 0.00 0.00 1.11 3.19 5.18 8.55 10.60 12.15 15.78 15.78 14.96 13.89 11.05 7.79 3.39 1.27 0.00 0.00 0.00
0.00 0.00 0.00 0.00 0.00 0.00 0.00 1.36 4.34 7.18 10.58 13.78 15.97 16.87 16.83 16.08 14.09 11.40 8.12 4.71 2.06 0.00 0.00 0.00
0.00 0.00 0.00 0.00 0.00 0.00 0.00 3.53 11.21 18.55 27.33 35.60 41.25 43.58 43.48 41.53 36.41 29.45 20.97 12.17 5.32 0.00 0.00 0.00
0.00 0.00 0.00 0.00 0.00 0.00 0.00 0.83 2.86 4.79 7.27 9.37 10.85 11.53 11.42 10.77 9.85 7.95 5.68 3.24 1.41 0.00 0.00 0.00
0.00 0.00 0.00 0.00 0.00 0.00 0.00 1.12 3.64 6.03 9.76 12.56 14.41 19.14 18.98 17.72 16.52 13.33 9.21 4.57 1.54 0.00 0.00 0.00
0.00 0.00 0.00 0.00 0.00 0.00 0.00 2.82 8.64 14.17 22.11 28.14 32.23 34.42 34.72 32.50 29.56 23.37 16.03 8.27 2.94 0.00 0.00 0.00
0.00 0.00 0.00 0.00 0.00 0.00 0.00 0.46 1.28 2.04 2.85 3.51 3.89 3.51 3.47 3.22 3.26 2.57 1.75 0.94 0.25 0.00 0.00 0.00
0.00 0.00 0.00 0.00 0.00 0.00 0.00 2.42 7.54 12.34 17.13 21.61 24.30 25.58 25.19 23.70 21.53 17.35 11.92 6.17 1.77 0.00 0.00 0.00
0.00 0.00 0.00 0.00 0.00 0.00 0.00 1.76 5.21 8.43 11.78 14.69 16.38 16.56 16.17 15.53 14.81 11.84 8.08 4.03 1.10 0.00 0.00 0.00
0.00 0.00 0.00 0.00 0.00 0.00 0.00 2.43 7.18 11.63 16.26 20.27 22.60 22.85 22.32 21.44 20.44 16.34 11.16 5.55 1.52 0.00 0.00 0.00
0.00 0.00 0.00 0.00 0.00 0.00 0.00 1.66 4.89 7.92 11.07 13.80 15.39 15.57 15.20 14.60 13.92 11.13 7.60 3.78 1.03 0.00 0.00 0.00
0.00 0.00 0.00 0.00 0.00 0.00 0.00 1.29 4.02 6.58 9.14 11.52 12.96 13.64 13.44 12.64 11.48 9.26 6.36 3.29 0.94 0.00 0.00 0.00
0.00 0.00 0.00 0.00 0.00 0.00 0.00 1.35 3.89 6.26 8.61 10.71 12.04 13.68 13.73 13.04 11.98 9.44 6.25 2.80 0.72 0.00 0.00 0.00
0.00 0.00 0.00 0.00 0.00 0.00 0.00 1.04 3.85 6.51 9.36 12.09 13.92 13.57 13.64 12.90 12.25 9.87 6.70 3.66 1.15 0.00 0.00 0.00
0.00 0.00 0.00 0.00 0.00 0.00 0.00 4.54 32.33 58.77 89.88 115.43 133.35 146.53 148.28 141.00 113.18 88.29 61.28 31.56 10.48 0.00 0.00 0.00
0.00 0.00 0.00 0.00 0.00 0.00 0.00 1.37 5.40 9.23 14.76 19.44 22.49 24.41 24.59 23.29 17.92 14.23 9.77 4.77 1.71 0.00 0.00 0.00
0.00 0.00 0.00 0.00 0.00 0.00 0.00 2.42 8.64 14.50 21.62 27.98 32.57 31.81 31.54 29.56 25.83 20.25 13.87 7.05 2.41 0.00 0.00 0.00
0.00 0.00 0.00 0.00 0.00 0.00 0.00 1.11 3.96 6.65 9.91 12.82 14.93 14.58 14.46 13.55 11.84 9.28 6.36 3.23 1.10 0.00 0.00 0.00
0.00 0.00 0.00 0.00 0.00 0.00 0.00 1.67 6.52 11.14 18.23 23.98 27.80 30.27 30.43 28.75 22.81 18.13 12.44 5.85 2.11 0.00 0.00 0.00
0.00 0.00 0.00 0.00 0.00 0.00 0.00 0.61 2.16 3.64 6.01 7.84 9.13 11.59 11.50 10.63 8.64 6.87 4.74 2.50 0.87 0.00 0.00 0.00
0.00 0.00 0.00 0.00 0.00 0.00 0.00 5.17 29.74 53.34 81.81 110.82 132.55 144.89 144.81 137.75 122.53 99.32 69.17 41.71 16.86 0.00 0.00 0.00
0.00 0.00 0.00 0.00 0.00 0.00 0.00 3.42 12.50 21.17 31.85 40.99 47.43 49.89 50.51 47.61 43.60 35.94 25.91 14.63 6.56 0.00 0.00 0.00
0.00 0.00 0.00 0.00 0.00 0.00 0.00 0.74 2.82 4.81 7.20 9.25 10.73 11.34 11.41 10.74 9.66 7.84 5.65 3.38 1.51 0.00 0.00 0.00
0.00 0.00 0.00 0.00 0.00 0.00 0.00 0.90 3.60 6.17 8.99 11.57 13.31 14.11 14.09 13.42 12.13 10.01 7.24 4.42 1.92 0.00 0.00 0.00
0.00 0.00 0.00 0.00 0.00 0.00 0.00 1.45 5.76 9.88 14.38 18.51 21.29 22.58 22.54 21.47 19.42 16.02 11.59 7.07 3.08 0.00 0.00 0.00
0.00 0.00 0.00 0.00 0.00 0.00 0.00 11.99 106.51 198.03 303.59 395.62 459.82 506.72 522.38 515.16 481.37 398.59 292.62 177.62 83.39 0.00 0.00 0.00
