0.00 0.00 0.00 0.00 0.00 0.00 0.00 0.00 0.00 0.32 1.43 2.32 3.22 3.94 4.15 4.01 3.41 2.49 1.52 0.22 0.00 0.00 0.00 0.00
0.00 0.00 0.00 0.00 0.00 0.00 0.00 0.00 0.00 9.78 23.36 36.80 47.15 49.28 51.15 49.05 19.65 14.44 8.26 0.55 0.00 0.00 0.00 0.00
0.00 0.00 0.00 0.00 0.00 0.00 0.00 0.00 0.00 7.41 32.64 52.99 73.70 90.01 95.00 91.63 78.03 57.02 34.85 4.94 0.00 0.00 0.00 0.00
0.00 0.00 0.00 0.00 0.00 0.00 0.00 0.00 0.00 26.34 116.01 188.33 261.93 319.88 337.62 325.63 277.33 202.65 123.86 17.55 0.00 0.00 0.00 0.00
0.00 0.00 0.00 0.00 0.00 0.00 0.00 0.00 0.00 1.70 4.10 6.25 7.92 7.90 7.84 7.42 4.43 3.13 1.64 0.00 0.00 0.00 0.00 0.00
0.00 0.00 0.00 0.00 0.00 0.00 0.00 0.00 0.00 47.68 235.24 386.69 538.75 716.13 771.94 745.62 660.50 479.76 296.73 52.50 0.00 0.00 0.00 0.00
0.00 0.00 0.00 0.00 0.00 0.00 0.00 0.00 0.00 0.74 2.16 3.53 4.78 4.86 4.94 4.80 3.12 2.11 1.13 0.01 0.00 0.00 0.00 0.00
0.00 0.00 0.00 0.00 0.00 0.00 0.00 0.00 0.00 0.47 0.92 1.47 1.99 2.44 2.50 2.44 1.70 1.23 0.70 0.07 0.00 0.00 0.00 0.00
0.00 0.00 0.00 0.00 0.00 0.00 0.00 0.00 0.00 0.76 1.47 2.35 3.18 3.91 4.01 3.91 2.72 1.98 1.12 0.12 0.00 0.00 0.00 0.00
0.00 0.00 0.00 0.00 0.00 0.00 0.00 0.00 0.00 0.76 1.47 2.35 3.18 3.91 4.01 3.91 2.72 1.98 1.12 0.12 0.00 0.00 0.00 0.00
0.00 0.00 0.00 0.00 0.00 0.00 0.00 0.00 0.00 1.17 3.23 5.16 7.19 6.85 7.13 7.01 5.71 4.09 2.36 0.50 0.00 0.00 0.00 0.00
0.00 0.00 0.00 0.00 0.00 0.00 0.00 0.00 0.00 0.59 1.64 2.67 3.68 3.53 3.67 3.60 2.85 2.06 1.19 0.23 0.00 0.00 0.00 0.00
0.00 0.00 0.00 0.00 0.00 0.00 0.00 0.00 0.00 0.76 2.11 3.43 4.73 4.54 4.72 4.63 3.67 2.65 1.53 0.30 0.00 0.00 0.00 0.00
0.00 0.00 0.00 0.00 0.00 0.00 0.00 0.00 0.00 0.51 1.41 2.29 3.15 3.03 3.15 3.09 2.44 1.77 1.02 0.20 0.00 0.00 0.00 0.00
0.00 0.00 0.00 0.00 0.00 0.00 0.00 0.00 0.00 0.51 1.41 2.29 3.15 3.03 3.15 3.09 2.44 1.77 1.02 0.20 0.00 0.00 0.00 0.00
0.00 0.00 0.00 0.00 0.00 0.00 0.00 0.00 0.00 11.69 30.39 48.59 63.74 73.33 77.49 74.84 54.57 39.75 24.03 2.65 0.00 0.00 0.00 0.00
0.00 0.00 0.00 0.00 0.00 0.00 0.00 0.00 0.00 3.14 9.84 15.94 22.42 19.94 20.40 20.10 16.46 11.82 6.76 1.25 0.00 0.00 0.00 0.00
0.00 0.00 0.00 0.00 0.00 0.00 0.00 0.00 0.00 2.78 9.25 15.04 20.46 18.33 19.01 18.52 13.66 9.81 5.62 1.02 0.00 0.00 0.00 0.00
0.00 0.00 0.00 0.00 0.00 0.00 0.00 0.00 0.00 14.06 69.39 114.06 158.91 211.23 227.69 219.93 194.83 141.51 87.52 15.48 0.00 0.00 0.00 0.00
0.00 0.00 0.00 0.00 0.00 0.00 0.00 0.00 0.00 13.38 66.00 108.49 151.16 200.93 216.59 209.20 185.32 134.61 83.25 14.73 0.00 0.00 0.00 0.00
0.00 0.00 0.00 0.00 0.00 0.00 0.00 0.00 0.00 25.73 126.93 208.64 290.69 386.40 416.51 402.32 356.39 258.86 160.10 28.33 0.00 0.00 0.00 0.00
0.00 0.00 0.00 0.00 0.00 0.00 0.00 0.00 0.00 25.30 124.81 205.17 285.85 379.96 409.57 395.61 350.45 254.55 157.44 27.85 0.00 0.00 0.00 0.00
0.00 0.00 0.00 0.00 0.00 0.00 0.00 0.00 0.00 30.67 153.77 252.76 352.24 429.52 448.82 435.24 368.40 267.79 163.51 21.53 0.00 0.00 0.00 0.00
0.00 0.00 0.00 0.00 0.00 0.00 0.00 0.00 0.00 0.47 0.92 1.47 1.99 2.44 2.50 2.44 1.70 1.23 0.70 0.07 0.00 0.00 0.00 0.00
0.00 0.00 0.00 0.00 0.00 0.00 0.00 0.00 0.00 2.40 4.66 7.45 10.07 12.39 12.68 12.39 8.60 6.26 3.56 0.38 0.00 0.00 0.00 0.00
0.00 0.00 0.00 0.00 0.00 0.00 0.00 0.00 0.00 12.26 23.78 38.03 51.39 63.24 64.75 63.24 43.91 31.94 18.16 1.93 0.00 0.00 0.00 0.00
0.00 0.00 0.00 0.00 0.00 0.00 0.00 0.00 0.00 0.96 4.74 7.79 10.85 14.43 15.55 15.02 13.31 9.66 5.98 1.06 0.00 0.00 0.00 0.00
0.00 0.00 0.00 0.00 0.00 0.00 0.00 0.00 0.00 25.93 114.20 185.39 257.84 314.89 332.36 320.56 273.00 199.49 121.93 17.27 0.00 0.00 0.00 0.00
0.00 0.00 0.00 0.00 0.00 0.00 0.00 0.00 0.00 1.42 4.73 7.57 10.58 9.68 10.44 10.10 12.46 9.43 5.70 1.65 0.00 0.00 0.00 0.00
0.00 0.00 0.00 0.00 0.00 0.00 0.00 0.00 0.00 16.06 59.45 94.99 127.80 153.15 157.21 151.46 126.61 91.77 53.53 3.86 0.00 0.00 0.00 0.00
0.00 0.00 0.00 0.00 0.00 0.00 0.00 0.00 0.00 0.43 1.90 3.09 4.30 5.25 5.54 5.34 4.55 3.32 2.03 0.29 0.00 0.00 0.00 0.00
0.00 0.00 0.00 0.00 0.00 0.00 0.00 0.00 0.00 19.45 85.65 139.04 193.38 236.17 249.27 240.42 204.75 149.62 91.44 12.95 0.00 0.00 0.00 0.00
0.00 0.00 0.00 0.00 0.00 0.00 0.00 0.00 0.00 24.96 109.92 178.44 248.17 303.08 319.89 308.54 262.77 192.01 117.35 16.62 0.00 0.00 0.00 0.00
0.00 0.00 0.00 0.00 0.00 0.00 0.00 0.00 0.00 40.45 202.79 333.33 464.52 566.43 591.88 573.98 485.83 353.15 215.63 28.39 0.00 0.00 0.00 0.00
0.00 0.00 0.00 0.00 0.00 0.00 0.00 0.00 0.00 1.03 2.80 4.61 6.41 5.39 5.73 5.59 4.90 3.56 2.09 0.42 0.00 0.00 0.00 0.00
0.00 0.00 0.00 0.00 0.00 0.00 0.00 0.00 0.00 1.24 3.43 5.69 7.89 6.88 7.34 7.16 5.92 4.29 2.51 0.48 0.00 0.00 0.00 0.00
0.00 0.00 0.00 0.00 0.00 0.00 0.00 0.00 0.00 5.87 19.53 31.21 43.65 39.94 43.07 41.65 51.41 38.90 23.51 6.80 0.00 0.00 0.00 0.00
0.00 0.00 0.00 0.00 0.00 0.00 0.00 0.00 0.00 14.47 132.59 229.44 328.08 413.65 444.58 427.94 368.78 273.69 168.26 22.72 0.00 0.00 0.00 0.00
0.00 0.00 0.00 0.00 0.00 0.00 0.00 0.00 0.00 0.23 0.86 1.40 1.94 1.73 1.77 1.70 1.26 0.92 0.52 0.06 0.00 0.00 0.00 0.00
0.00 0.00 0.00 0.00 0.00 0.00 0.00 0.00 0.00 7.04 29.49 47.47 66.18 79.71 83.26 79.95 67.72 48.73 29.24 3.44 0.00 0.00 0.00 0.00
0.00 0.00 0.00 0.00 0.00 0.00 0.00 0.00 0.00 1.63 8.74 14.65 20.97 28.29 30.39 28.72 25.14 18.45 11.30 2.59 0.00 0.00 0.00 0.00
0.00 0.00 0.00 0.00 0.00 0.00 0.00 0.00 0.00 0.80 2.26 3.60 4.82 5.51 5.70 5.44 3.57 2.44 1.28 0.00 0.00 0.00 0.00 0.00
0.00 0.00 0.00 0.00 0.00 0.00 0.00 0.00 0.00 0.40 1.13 1.80 2.41 2.75 2.85 2.72 1.78 1.22 0.64 0.00 0.00 0.00 0.00 0.00
0.00 0.00 0.00 0.00 0.00 0.00 0.00 0.00 0.00 0.88 2.48 3.94 5.27 6.02 6.24 5.95 3.90 2.67 1.40 0.00 0.00 0.00 0.00 0.00
0.00 0.00 0.00 0.00 0.00 0.00 0.00 0.00 0.00 0.86 3.08 4.91 6.61 6.97 7.21 6.98 3.99 2.74 1.45 0.00 0.00 0.00 0.00 0.00
0.00 0.00 0.00 0.00 0.00 0.00 0.00 0.00 0.00 1.31 4.69 7.49 10.07 10.62 10.99 10.64 6.08 4.17 2.21 0.00 0.00 0.00 0.00 0.00
0.00 0.00 0.00 0.00 0.00 0.00 0.00 0.00 0.00 1.50 4.47 7.23 9.78 9.67 9.86 9.64 6.17 4.15 2.22 0.05 0.00 0.00 0.00 0.00
0.00 0.00 0.00 0.00 0.00 0.00 0.00 0.00 0.00 1.20 4.91 7.79 10.51 12.46 12.64 11.94 10.30 7.26 4.09 0.18 0.00 0.00 0.00 0.00
0.00 0.00 0.00 0.00 0.00 0.00 0.00 0.00 0.00 3.11 12.68 20.13 27.16 32.20 32.67 30.84 26.60 18.74 10.56 0.46 0.00 0.00 0.00 0.00
0.00 0.00 0.00 0.00 0.00 0.00 0.00 0.00 0.00 0.87 2.80 4.50 6.14 7.98 8.15 7.79 6.83 4.95 2.84 0.20 0.00 0.00 0.00 0.00
0.00 0.00 0.00 0.00 0.00 0.00 0.00 0.00 0.00 1.25 3.90 6.34 8.41 8.14 8.53 8.30 5.29 3.78 2.11 0.15 0.00 0.00 0.00 0.00
0.00 0.00 0.00 0.00 0.00 0.00 0.00 0.00 0.00 2.29 6.42 10.37 13.86 18.31 18.91 18.47 8.16 5.78 3.18 0.13 0.00 0.00 0.00 0.00
0.00 0.00 0.00 0.00 0.00 0.00 0.00 0.00 0.00 0.53 1.00 1.51 1.89 1.99 1.99 1.91 1.71 1.22 0.64 0.00 0.00 0.00 0.00 0.00
0.00 0.00 0.00 0.00 0.00 0.00 0.00 0.00 0.00 2.96 5.87 9.27 11.89 10.03 10.06 9.79 8.03 5.67 3.09 0.08 0.00 0.00 0.00 0.00
0.00 0.00 0.00 0.00 0.00 0.00 0.00 0.00 0.00 2.05 3.90 6.11 7.67 7.07 7.18 6.89 5.69 3.98 2.13 0.00 0.00 0.00 0.00 0.00
0.00 0.00 0.00 0.00 0.00 0.00 0.00 0.00 0.00 2.83 5.38 8.43 10.58 9.76 9.91 9.51 7.85 5.49 2.94 0.00 0.00 0.00 0.00 0.00
0.00 0.00 0.00 0.00 0.00 0.00 0.00 0.00 0.00 1.92 3.67 5.75 7.21 6.65 6.75 6.48 5.35 3.74 2.00 0.00 0.00 0.00 0.00 0.00
0.00 0.00 0.00 0.00 0.00 0.00 0.00 0.00 0.00 1.58 3.13 4.94 6.34 5.35 5.37 5.22 4.28 3.02 1.65 0.04 0.00 0.00 0.00 0.00
0.00 0.00 0.00 0.00 0.00 0.00 0.00 0.00 0.00 1.57 3.72 5.75 7.07 6.60 6.66 6.24 4.19 2.99 1.58 0.00 0.00 0.00 0.00 0.00
0.00 0.00 0.00 0.00 0.00 0.00 0.00 0.00 0.00 1.36 2.64 4.21 5.70 7.01 7.18 7.01 4.87 3.54 2.01 0.21 0.00 0.00 0.00 0.00
0.00 0.00 0.00 0.00 0.00 0.00 0.00 0.00 0.00 15.21 39.55 63.24 82.96 95.45 100.86 97.42 71.03 51.74 31.28 3.45 0.00 0.00 0.00 0.00
0.00 0.00 0.00 0.00 0.00 0.00 0.00 0.00 0.00 1.32 3.66 5.85 8.15 7.76 8.08 7.95 6.47 4.64 2.68 0.56 0.00 0.00 0.00 0.00
0.00 0.00 0.00 0.00 0.00 0.00 0.00 0.00 0.00 1.80 6.11 10.10 13.71 14.41 14.72 14.68 9.26 6.60 3.75 0.41 0.00 0.00 0.00 0.00
0.00 0.00 0.00 0.00 0.00 0.00 0.00 0.00 0.00 0.83 2.80 4.63 6.29 6.61 6.74 6.73 4.25 3.03 1.72 0.19 0.00 0.00 0.00 0.00
0.00 0.00 0.00 0.00 0.00 0.00 0.00 0.00 0.00 1.56 4.40 7.00 9.81 9.24 9.59 9.37 7.66 5.51 3.18 0.67 0.00 0.00 0.00 0.00
0.00 0.00 0.00 0.00 0.00 0.00 0.00 0.00 0.00 0.56 2.09 3.39 4.71 4.20 4.29 4.13 3.07 2.23 1.26 0.15 0.00 0.00 0.00 0.00
0.00 0.00 0.00 0.00 0.00 0.00 0.00 0.00 0.00 6.07 20.22 32.31 45.19 41.35 44.59 43.13 53.23 40.28 24.35 7.04 0.00 0.00 0.00 0.00
0.00 0.00 0.00 0.00 0.00 0.00 0.00 0.00 0.00 3.84 14.22 22.72 30.56 36.62 37.59 36.22 30.28 21.94 12.80 0.92 0.00 0.00 0.00 0.00
0.00 0.00 0.00 0.00 0.00 0.00 0.00 0.00 0.00 0.85 2.81 4.50 6.12 8.02 8.31 8.05 6.89 4.95 2.90 0.23 0.00 0.00 0.00 0.00
0.00 0.00 0.00 0.00 0.00 0.00 0.00 0.00 0.00 1.02 2.88 4.64 6.19 8.86 9.16 8.75 8.47 6.21 3.65 0.33 0.00 0.00 0.00 0.00
0.00 0.00 0.00 0.00 0.00 0.00 0.00 0.00 0.00 1.63 4.61 7.42 9.91 14.18 14.65 14.01 13.56 9.93 5.85 0.53 0.00 0.00 0.00 0.00
0.00 0.00 0.00 0.00 0.00 0.00 0.00 0.00 0.00 26.16 129.04 212.12 295.54 392.84 423.45 409.02 362.33 263.18 162.77 28.80 0.00 0.00 0.00 0.00
