0.00 0.00 0.00 0.00 0.00 0.00 0.00 0.00 0.00 0.82 1.69 2.62 3.39 3.38 3.52 3.38 2.81 2.16 1.33 0.58 0.00 0.00 0.00 0.00
0.00 0.00 0.00 0.00 0.00 0.00 0.00 0.00 2.96 16.85 30.69 44.73 55.95 60.92 62.47 60.67 54.13 40.21 24.49 4.57 0.00 0.00 0.00 0.00
0.00 0.00 0.00 0.00 0.00 0.00 0.00 0.00 0.00 18.86 38.67 59.80 77.53 77.38 80.50 77.22 64.35 49.50 30.33 13.33 0.00 0.00 0.00 0.00
0.00 0.00 0.00 0.00 0.00 0.00 0.00 0.00 0.00 67.02 137.42 212.52 275.54 275.01 286.08 274.44 228.71 175.93 107.81 47.37 0.00 0.00 0.00 0.00
0.00 0.00 0.00 0.00 0.00 0.00 0.00 0.00 0.77 2.89 5.09 7.63 9.37 10.45 10.49 9.61 8.39 6.06 3.67 0.60 0.00 0.00 0.00 0.00
0.00 0.00 0.00 0.00 0.00 0.00 0.00 0.00 0.00 144.74 306.48 483.89 625.60 688.19 734.90 712.93 490.52 379.84 241.36 127.04 0.00 0.00 0.00 0.00
0.00 0.00 0.00 0.00 0.00 0.00 0.00 0.00 0.26 1.52 2.09 3.10 3.80 5.58 5.52 5.16 5.79 4.31 2.62 0.71 0.00 0.00 0.00 0.00
0.00 0.00 0.00 0.00 0.00 0.00 0.00 0.00 0.15 0.87 1.68 2.46 3.19 3.67 3.73 3.68 3.17 2.35 1.43 0.35 0.00 0.00 0.00 0.00
0.00 0.00 0.00 0.00 0.00 0.00 0.00 0.00 0.24 1.39 2.68 3.94 5.10 5.86 5.98 5.88 5.07 3.76 2.29 0.56 0.00 0.00 0.00 0.00
0.00 0.00 0.00 0.00 0.00 0.00 0.00 0.00 0.24 1.39 2.68 3.94 5.10 5.86 5.98 5.88 5.07 3.76 2.29 0.56 0.00 0.00 0.00 0.00
0.00 0.00 0.00 0.00 0.00 0.00 0.00 0.00 0.35 2.84 6.51 9.78 12.77 13.62 14.13 13.64 11.92 9.10 5.62 1.90 0.00 0.00 0.00 0.00
0.00 0.00 0.00 0.00 0.00 0.00 0.00 0.00 0.19 1.46 3.12 4.70 6.16 6.40 6.48 6.28 5.75 4.38 2.63 0.87 0.00 0.00 0.00 0.00
0.00 0.00 0.00 0.00 0.00 0.00 0.00 0.00 0.24 1.88 4.01 6.05 7.92 8.23 8.33 8.08 7.39 5.63 3.39 1.11 0.00 0.00 0.00 0.00
0.00 0.00 0.00 0.00 0.00 0.00 0.00 0.00 0.16 1.25 2.67 4.03 5.28 5.49 5.55 5.38 4.93 3.76 2.26 0.74 0.00 0.00 0.00 0.00
0.00 0.00 0.00 0.00 0.00 0.00 0.00 0.00 0.16 1.25 2.67 4.03 5.28 5.49 5.55 5.38 4.93 3.76 2.26 0.74 0.00 0.00 0.00 0.00
0.00 0.00 0.00 0.00 0.00 0.00 0.00 0.00 1.67 18.32 36.84 57.96 76.99 87.02 90.17 86.81 74.40 56.11 32.81 9.04 0.00 0.00 0.00 0.00
0.00 0.00 0.00 0.00 0.00 0.00 0.00 0.00 1.25 9.13 19.62 29.34 37.97 43.83 44.91 42.38 35.06 26.91 16.16 5.49 0.00 0.00 0.00 0.00
0.00 0.00 0.00 0.00 0.00 0.00 0.00 0.00 0.80 6.84 15.94 23.44 29.91 30.65 31.08 29.79 26.12 19.87 12.33 4.56 0.00 0.00 0.00 0.00
0.00 0.00 0.00 0.00 0.00 0.00 0.00 0.00 0.00 42.69 90.40 142.73 184.53 202.99 216.77 210.29 144.69 112.04 71.19 37.47 0.00 0.00 0.00 0.00
0.00 0.00 0.00 0.00 0.00 0.00 0.00 0.00 0.00 40.61 85.99 135.77 175.53 193.09 206.20 200.03 137.63 106.57 67.72 35.64 0.00 0.00 0.00 0.00
0.00 0.00 0.00 0.00 0.00 0.00 0.00 0.00 0.00 78.10 165.37 261.09 337.55 371.33 396.53 384.67 264.67 204.95 130.23 68.55 0.00 0.00 0.00 0.00
0.00 0.00 0.00 0.00 0.00 0.00 0.00 0.00 0.00 76.80 162.61 256.74 331.93 365.14 389.92 378.26 260.26 201.53 128.06 67.40 0.00 0.00 0.00 0.00
0.00 0.00 0.00 0.00 0.00 0.00 0.00 0.00 0.00 80.69 177.36 277.96 363.29 386.83 393.33 371.89 343.90 260.98 163.04 55.57 0.00 0.00 0.00 0.00
0.00 0.00 0.00 0.00 0.00 0.00 0.00 0.00 0.15 0.87 1.68 2.46 3.19 3.67 3.73 3.68 3.17 2.35 1.43 0.35 0.00 0.00 0.00 0.00
0.00 0.00 0.00 0.00 0.00 0.00 0.00 0.00 0.77 4.40 8.50 12.46 16.14 18.57 18.92 18.63 16.05 11.91 7.26 1.78 0.00 0.00 0.00 0.00
0.00 0.00 0.00 0.00 0.00 0.00 0.00 0.00 3.93 22.46 43.40 63.64 82.42 94.80 96.60 95.12 81.94 60.83 37.09 9.09 0.00 0.00 0.00 0.00
0.00 0.00 0.00 0.00 0.00 0.00 0.00 0.00 0.00 2.92 6.17 9.75 12.60 13.86 14.80 14.36 9.88 7.65 4.86 2.56 0.00 0.00 0.00 0.00
0.00 0.00 0.00 0.00 0.00 0.00 0.00 0.00 0.00 65.97 135.28 209.20 271.24 270.72 281.62 270.16 225.14 173.19 106.13 46.63 0.00 0.00 0.00 0.00
0.00 0.00 0.00 0.00 0.00 0.00 0.00 0.00 0.06 3.93 7.54 11.59 15.82 21.38 22.32 21.77 20.56 16.01 10.38 3.16 0.00 0.00 0.00 0.00
0.00 0.00 0.00 0.00 0.00 0.00 0.00 0.00 0.26 27.72 51.44 78.79 101.89 128.64 133.49 127.30 127.96 96.14 58.67 19.49 0.00 0.00 0.00 0.00
0.00 0.00 0.00 0.00 0.00 0.00 0.00 0.00 0.00 1.10 2.25 3.49 4.52 4.51 4.69 4.50 3.75 2.89 1.77 0.78 0.00 0.00 0.00 0.00
0.00 0.00 0.00 0.00 0.00 0.00 0.00 0.00 0.00 49.48 101.46 156.90 203.43 203.04 211.22 202.62 168.86 129.89 79.59 34.97 0.00 0.00 0.00 0.00
0.00 0.00 0.00 0.00 0.00 0.00 0.00 0.00 0.00 63.50 130.21 201.36 261.07 260.57 271.06 260.03 216.70 166.70 102.15 44.88 0.00 0.00 0.00 0.00
0.00 0.00 0.00 0.00 0.00 0.00 0.00 0.00 0.00 106.41 233.89 366.56 479.10 510.13 518.71 490.43 453.52 344.17 215.01 73.29 0.00 0.00 0.00 0.00
0.00 0.00 0.00 0.00 0.00 0.00 0.00 0.00 0.27 2.47 4.91 7.46 9.74 10.25 10.56 10.27 9.20 6.95 4.25 1.30 0.00 0.00 0.00 0.00
0.00 0.00 0.00 0.00 0.00 0.00 0.00 0.00 0.35 3.10 6.21 9.21 12.10 12.60 12.91 12.50 11.46 8.69 5.29 1.63 0.00 0.00 0.00 0.00
0.00 0.00 0.00 0.00 0.00 0.00 0.00 0.00 0.26 16.23 31.11 47.81 65.27 88.19 92.07 89.79 84.80 66.05 42.84 13.02 0.00 0.00 0.00 0.00
0.00 0.00 0.00 0.00 0.00 0.00 0.00 0.00 0.00 70.62 109.05 173.95 232.84 419.84 431.04 411.17 351.53 280.29 178.03 68.59 0.00 0.00 0.00 0.00
0.00 0.00 0.00 0.00 0.00 0.00 0.00 0.00 0.12 0.77 1.55 2.34 3.01 3.36 3.47 3.31 2.68 2.03 1.24 0.40 0.00 0.00 0.00 0.00
0.00 0.00 0.00 0.00 0.00 0.00 0.00 0.00 0.00 16.44 33.23 51.69 66.73 77.50 79.50 75.79 63.15 47.78 29.66 10.27 0.00 0.00 0.00 0.00
0.00 0.00 0.00 0.00 0.00 0.00 0.00 0.00 0.00 5.10 11.58 18.09 24.12 23.03 23.42 22.87 23.57 18.14 11.76 4.87 0.00 0.00 0.00 0.00
0.00 0.00 0.00 0.00 0.00 0.00 0.00 0.00 0.34 1.77 2.50 3.73 4.66 7.08 6.95 6.35 6.39 4.80 2.95 0.77 0.00 0.00 0.00 0.00
0.00 0.00 0.00 0.00 0.00 0.00 0.00 0.00 0.17 0.89 1.25 1.86 2.33 3.54 3.48 3.17 3.19 2.40 1.47 0.39 0.00 0.00 0.00 0.00
0.00 0.00 0.00 0.00 0.00 0.00 0.00 0.00 0.37 1.94 2.74 4.08 5.10 7.75 7.60 6.94 6.98 5.25 3.23 0.84 0.00 0.00 0.00 0.00
0.00 0.00 0.00 0.00 0.00 0.00 0.00 0.00 0.44 2.34 3.50 5.26 6.44 9.12 8.99 8.36 8.39 6.33 3.85 0.99 0.00 0.00 0.00 0.00
0.00 0.00 0.00 0.00 0.00 0.00 0.00 0.00 0.67 3.57 5.33 8.01 9.82 13.90 13.70 12.73 12.79 9.65 5.87 1.51 0.00 0.00 0.00 0.00
0.00 0.00 0.00 0.00 0.00 0.00 0.00 0.00 0.52 3.03 4.17 6.19 7.55 11.10 11.09 10.43 11.75 8.90 5.43 1.50 0.00 0.00 0.00 0.00
0.00 0.00 0.00 0.00 0.00 0.00 0.00 0.00 0.15 2.38 5.27 7.88 9.90 11.62 12.10 11.59 10.14 7.62 4.55 1.51 0.00 0.00 0.00 0.00
0.00 0.00 0.00 0.00 0.00 0.00 0.00 0.00 0.39 6.14 13.61 20.36 25.57 30.03 31.25 29.94 26.19 19.69 11.76 3.91 0.00 0.00 0.00 0.00
0.00 0.00 0.00 0.00 0.00 0.00 0.00 0.00 0.09 1.85 3.25 4.93 6.43 7.34 7.55 7.11 6.84 5.14 3.14 1.01 0.00 0.00 0.00 0.00
0.00 0.00 0.00 0.00 0.00 0.00 0.00 0.00 0.65 3.59 6.96 10.36 13.01 14.73 15.16 14.52 11.56 8.77 5.44 1.52 0.00 0.00 0.00 0.00
0.00 0.00 0.00 0.00 0.00 0.00 0.00 0.00 1.12 6.45 11.60 16.83 20.80 23.64 23.91 22.63 19.39 14.58 8.78 1.74 0.00 0.00 0.00 0.00
0.00 0.00 0.00 0.00 0.00 0.00 0.00 0.00 0.24 0.92 1.65 2.40 2.96 3.20 3.19 3.03 2.55 1.89 1.15 0.24 0.00 0.00 0.00 0.00
0.00 0.00 0.00 0.00 0.00 0.00 0.00 0.00 1.13 4.99 8.78 13.02 16.77 18.30 18.54 17.59 14.80 11.08 6.80 1.55 0.00 0.00 0.00 0.00
0.00 0.00 0.00 0.00 0.00 0.00 0.00 0.00 0.85 3.48 6.07 8.84 11.11 12.35 12.21 11.53 9.92 7.34 4.45 0.99 0.00 0.00 0.00 0.00
0.00 0.00 0.00 0.00 0.00 0.00 0.00 0.00 1.18 4.81 8.38 12.19 15.33 17.04 16.86 15.91 13.69 10.13 6.14 1.36 0.00 0.00 0.00 0.00
0.00 0.00 0.00 0.00 0.00 0.00 0.00 0.00 0.80 3.28 5.70 8.31 10.44 11.61 11.48 10.84 9.33 6.90 4.18 0.93 0.00 0.00 0.00 0.00
0.00 0.00 0.00 0.00 0.00 0.00 0.00 0.00 0.60 2.66 4.68 6.94 8.94 9.76 9.89 9.38 7.89 5.91 3.63 0.83 0.00 0.00 0.00 0.00
0.00 0.00 0.00 0.00 0.00 0.00 0.00 0.00 0.70 2.67 4.56 6.68 8.29 9.36 9.49 8.78 7.61 5.58 3.39 0.62 0.00 0.00 0.00 0.00
0.00 0.00 0.00 0.00 0.00 0.00 0.00 0.00 0.44 2.49 4.81 7.05 9.13 10.51 10.71 10.54 9.08 6.74 4.11 1.01 0.00 0.00 0.00 0.00
0.00 0.00 0.00 0.00 0.00 0.00 0.00 0.00 2.17 23.85 47.95 75.43 100.21 113.27 117.37 112.99 96.84 73.04 42.70 11.76 0.00 0.00 0.00 0.00
0.00 0.00 0.00 0.00 0.00 0.00 0.00 0.00 0.40 3.21 7.38 11.08 14.47 15.44 16.02 15.46 13.51 10.31 6.37 2.15 0.00 0.00 0.00 0.00
0.00 0.00 0.00 0.00 0.00 0.00 0.00 0.00 0.93 5.89 10.68 16.17 21.37 24.71 24.78 23.81 20.13 15.27 9.55 2.85 0.00 0.00 0.00 0.00
0.00 0.00 0.00 0.00 0.00 0.00 0.00 0.00 0.43 2.70 4.90 7.41 9.79 11.32 11.36 10.91 9.23 7.00 4.38 1.31 0.00 0.00 0.00 0.00
0.00 0.00 0.00 0.00 0.00 0.00 0.00 0.00 0.48 3.85 9.07 13.59 17.59 19.31 20.12 19.30 16.36 12.53 7.85 2.66 0.00 0.00 0.00 0.00
0.00 0.00 0.00 0.00 0.00 0.00 0.00 0.00 0.28 1.86 3.76 5.69 7.31 8.15 8.42 8.03 6.51 4.94 3.02 0.98 0.00 0.00 0.00 0.00
0.00 0.00 0.00 0.00 0.00 0.00 0.00 0.00 0.27 16.80 32.21 49.50 67.58 91.30 95.33 92.97 87.80 68.39 44.35 13.48 0.00 0.00 0.00 0.00
0.00 0.00 0.00 0.00 0.00 0.00 0.00 0.00 0.06 6.63 12.30 18.84 24.37 30.76 31.92 30.44 30.60 22.99 14.03 4.66 0.00 0.00 0.00 0.00
0.00 0.00 0.00 0.00 0.00 0.00 0.00 0.00 0.01 1.76 3.19 4.94 6.40 7.57 7.78 7.51 6.50 4.83 2.96 0.94 0.00 0.00 0.00 0.00
0.00 0.00 0.00 0.00 0.00 0.00 0.00 0.00 0.04 2.35 4.64 7.08 9.08 10.07 10.38 9.97 8.01 6.04 3.73 1.04 0.00 0.00 0.00 0.00
0.00 0.00 0.00 0.00 0.00 0.00 0.00 0.00 0.07 3.76 7.43 11.33 14.52 16.12 16.60 15.95 12.82 9.67 5.97 1.67 0.00 0.00 0.00 0.00
0.00 0.00 0.00 0.00 0.00 0.00 0.00 0.00 0.00 79.40 168.12 265.44 343.18 377.52 403.14 391.08 269.08 208.37 132.40 69.69 0.00 0.00 0.00 0.00
