0.00 0.00 0.00 0.00 0.00 0.00 0.00 0.00 0.77 1.68 2.74 3.65 4.30 4.75 4.78 4.62 4.19 3.45 2.42 1.18 0.41 0.00 0.00 0.00
0.00 0.00 0.00 0.00 0.00 0.00 0.00 0.00 17.29 33.99 53.60 68.06 79.22 90.94 90.17 84.12 68.25 53.00 35.87 15.52 1.99 0.00 0.00 0.00
0.00 0.00 0.00 0.00 0.00 0.00 0.00 0.00 17.69 38.44 62.66 83.52 98.24 108.51 109.20 105.62 95.78 78.84 55.44 26.90 9.37 0.00 0.00 0.00
0.00 0.00 0.00 0.00 0.00 0.00 0.00 0.00 62.88 136.62 222.68 296.84 349.15 385.65 388.08 375.36 340.38 280.18 197.04 95.60 33.28 0.00 0.00 0.00
0.00 0.00 0.00 0.00 0.00 0.00 0.00 0.56 3.49 6.23 9.37 11.78 13.29 15.11 14.72 13.55 11.73 9.10 5.86 2.10 0.07 0.00 0.00 0.00
0.00 0.00 0.00 0.00 0.00 0.00 0.00 0.00 121.19 279.63 467.66 628.64 756.80 838.77 870.51 867.95 808.39 662.88 460.58 233.32 84.63 0.00 0.00 0.00
0.00 0.00 0.00 0.00 0.00 0.00 0.00 0.25 2.01 3.67 5.71 7.38 8.54 9.17 9.05 8.49 7.52 5.80 3.83 1.60 0.32 0.00 0.00 0.00
0.00 0.00 0.00 0.00 0.00 0.00 0.00 0.02 1.04 2.00 3.07 3.98 4.62 5.40 5.23 4.97 4.41 3.45 2.31 1.11 0.16 0.00 0.00 0.00
0.00 0.00 0.00 0.00 0.00 0.00 0.00 0.03 1.66 3.20 4.91 6.37 7.39 8.64 8.38 7.95 7.06 5.52 3.70 1.78 0.26 0.00 0.00 0.00
0.00 0.00 0.00 0.00 0.00 0.00 0.00 0.03 1.66 3.20 4.91 6.37 7.39 8.64 8.38 7.95 7.06 5.52 3.70 1.78 0.26 0.00 0.00 0.00
0.00 0.00 0.00 0.00 0.00 0.00 0.00 0.00 3.88 7.63 12.17 16.16 18.72 20.28 20.22 19.07 17.58 13.83 8.93 4.20 0.86 0.00 0.00 0.00
0.00 0.00 0.00 0.00 0.00 0.00 0.00 0.00 1.81 3.56 5.69 7.57 8.74 9.60 9.56 8.96 8.38 6.62 4.27 2.07 0.41 0.00 0.00 0.00
0.00 0.00 0.00 0.00 0.00 0.00 0.00 0.00 2.32 4.57 7.32 9.73 11.24 12.35 12.30 11.51 10.78 8.51 5.49 2.66 0.53 0.00 0.00 0.00
0.00 0.00 0.00 0.00 0.00 0.00 0.00 0.00 1.55 3.05 4.88 6.49 7.49 8.23 8.20 7.68 7.18 5.68 3.66 1.78 0.35 0.00 0.00 0.00
0.00 0.00 0.00 0.00 0.00 0.00 0.00 0.00 1.55 3.05 4.88 6.49 7.49 8.23 8.20 7.68 7.18 5.68 3.66 1.78 0.35 0.00 0.00 0.00
0.00 0.00 0.00 0.00 0.00 0.00 0.00 0.00 19.03 40.65 65.49 86.46 100.59 113.47 112.91 106.26 97.14 75.62 50.51 21.14 4.05 0.00 0.00 0.00
0.00 0.00 0.00 0.00 0.00 0.00 0.00 0.08 12.00 23.31 36.28 48.26 56.02 61.30 61.10 56.69 51.45 40.43 26.52 12.10 2.38 0.00 0.00 0.00
0.00 0.00 0.00 0.00 0.00 0.00 0.00 0.02 10.35 20.19 31.34 41.69 47.86 51.64 51.34 48.17 43.05 33.99 22.29 9.76 2.15 0.00 0.00 0.00
0.00 0.00 0.00 0.00 0.00 0.00 0.00 0.00 35.75 82.48 137.94 185.43 223.23 247.41 256.77 256.02 238.45 195.53 135.86 68.82 24.96 0.00 0.00 0.00
0.00 0.00 0.00 0.00 0.00 0.00 0.00 0.00 34.00 78.46 131.21 176.38 212.34 235.34 244.24 243.53 226.81 185.99 129.23 65.46 23.75 0.00 0.00 0.00
0.00 0.00 0.00 0.00 0.00 0.00 0.00 0.00 65.39 150.88 252.33 339.20 408.35 452.58 469.70 468.32 436.18 357.67 248.52 125.89 45.66 0.00 0.00 0.00
0.00 0.00 0.00 0.00 0.00 0.00 0.00 0.00 64.30 148.37 248.13 333.54 401.54 445.03 461.87 460.52 428.91 351.71 244.37 123.80 44.90 0.00 0.00 0.00
0.00 0.00 0.00 0.00 0.00 0.00 0.00 0.00 80.73 174.57 282.08 382.03 460.80 512.81 527.66 506.91 464.96 370.84 259.11 129.01 47.08 0.00 0.00 0.00
0.00 0.00 0.00 0.00 0.00 0.00 0.00 0.02 1.04 2.00 3.07 3.98 4.62 5.40 5.23 4.97 4.41 3.45 2.31 1.11 0.16 0.00 0.00 0.00
0.00 0.00 0.00 0.00 0.00 0.00 0.00 0.09 5.26 10.15 15.55 20.17 23.39 27.35 26.52 25.17 22.34 17.47 11.72 5.62 0.81 0.00 0.00 0.00
0.00 0.00 0.00 0.00 0.00 0.00 0.00 0.44 26.85 51.81 79.38 102.99 119.44 139.61 135.40 128.48 114.07 89.19 59.85 28.70 4.15 0.00 0.00 0.00
0.00 0.00 0.00 0.00 0.00 0.00 0.00 0.00 2.44 5.63 9.42 12.66 15.24 16.90 17.54 17.48 16.28 13.35 9.28 4.70 1.70 0.00 0.00 0.00
0.00 0.00 0.00 0.00 0.00 0.00 0.00 0.00 61.90 134.49 219.21 292.21 343.71 379.64 382.04 369.51 335.07 275.81 193.97 94.11 32.77 0.00 0.00 0.00
0.00 0.00 0.00 0.00 0.00 0.00 0.00 0.00 5.17 11.03 18.04 24.54 29.17 32.07 31.77 29.90 27.23 21.70 14.66 6.75 1.84 0.00 0.00 0.00
0.00 0.00 0.00 0.00 0.00 0.00 0.00 0.00 34.10 67.94 110.40 148.99 176.22 192.51 194.10 184.18 164.73 132.76 92.29 43.05 13.58 0.00 0.00 0.00
0.00 0.00 0.00 0.00 0.00 0.00 0.00 0.00 1.03 2.24 3.65 4.87 5.73 6.33 6.37 6.16 5.58 4.60 3.23 1.57 0.55 0.00 0.00 0.00
0.00 0.00 0.00 0.00 0.00 0.00 0.00 0.00 46.43 100.87 164.41 219.16 257.78 284.73 286.53 277.13 251.31 206.86 145.48 70.59 24.57 0.00 0.00 0.00
0.00 0.00 0.00 0.00 0.00 0.00 0.00 0.00 59.58 129.45 210.99 281.25 330.82 365.40 367.71 355.65 322.51 265.47 186.70 90.58 31.54 0.00 0.00 0.00
0.00 0.00 0.00 0.00 0.00 0.00 0.00 0.00 106.46 230.21 371.99 503.80 607.68 676.27 695.85 668.49 613.16 489.05 341.70 170.13 62.09 0.00 0.00 0.00
0.00 0.00 0.00 0.00 0.00 0.00 0.00 0.00 2.67 5.35 8.86 11.82 13.69 15.22 15.15 14.11 13.00 9.90 6.70 3.07 0.64 0.00 0.00 0.00
0.00 0.00 0.00 0.00 0.00 0.00 0.00 0.00 3.41 6.80 11.17 14.89 17.26 19.15 19.09 17.79 16.37 12.53 8.35 3.95 0.81 0.00 0.00 0.00
0.00 0.00 0.00 0.00 0.00 0.00 0.00 0.00 21.33 45.49 74.41 101.23 120.34 132.30 131.03 123.36 112.34 89.53 60.46 27.86 7.60 0.00 0.00 0.00
0.00 0.00 0.00 0.00 0.00 0.00 0.00 0.00 77.62 169.90 275.76 379.07 461.80 513.51 521.11 489.85 456.96 370.47 261.58 144.82 60.81 0.00 0.00 0.00
0.00 0.00 0.00 0.00 0.00 0.00 0.00 0.03 0.98 1.88 2.87 3.80 4.36 4.74 4.74 4.44 3.99 3.05 2.05 0.90 0.17 0.00 0.00 0.00
0.00 0.00 0.00 0.00 0.00 0.00 0.00 0.00 16.23 34.01 54.48 73.32 88.05 96.78 98.03 93.98 83.82 66.80 47.00 22.53 7.54 0.00 0.00 0.00
0.00 0.00 0.00 0.00 0.00 0.00 0.00 0.00 3.63 9.05 14.19 19.68 23.67 24.37 24.91 24.24 23.71 18.71 13.46 7.53 2.90 0.00 0.00 0.00
0.00 0.00 0.00 0.00 0.00 0.00 0.00 0.36 2.42 4.36 6.50 8.42 9.68 10.30 10.25 9.64 8.45 6.59 4.28 1.76 0.33 0.00 0.00 0.00
0.00 0.00 0.00 0.00 0.00 0.00 0.00 0.18 1.21 2.18 3.25 4.21 4.84 5.15 5.12 4.82 4.22 3.29 2.14 0.88 0.16 0.00 0.00 0.00
0.00 0.00 0.00 0.00 0.00 0.00 0.00 0.39 2.64 4.77 7.11 9.21 10.58 11.27 11.21 10.54 9.24 7.20 4.68 1.92 0.36 0.00 0.00 0.00
0.00 0.00 0.00 0.00 0.00 0.00 0.00 0.43 3.15 5.71 8.65 11.13 12.94 13.89 13.62 12.85 11.39 8.77 5.70 2.32 0.43 0.00 0.00 0.00
0.00 0.00 0.00 0.00 0.00 0.00 0.00 0.66 4.80 8.71 13.17 16.96 19.72 21.16 20.76 19.58 17.36 13.37 8.69 3.54 0.65 0.00 0.00 0.00
0.00 0.00 0.00 0.00 0.00 0.00 0.00 0.49 4.10 7.50 11.62 14.88 17.28 18.46 18.11 17.08 15.25 11.87 7.90 3.33 0.67 0.00 0.00 0.00
0.00 0.00 0.00 0.00 0.00 0.00 0.00 0.12 3.00 5.73 8.93 12.05 14.19 15.15 15.33 14.67 13.20 10.43 7.07 3.21 0.94 0.00 0.00 0.00
0.00 0.00 0.00 0.00 0.00 0.00 0.00 0.30 7.74 14.81 23.06 31.13 36.65 39.15 39.60 37.89 34.11 26.95 18.26 8.30 2.43 0.00 0.00 0.00
0.00 0.00 0.00 0.00 0.00 0.00 0.00 0.00 1.96 3.85 5.98 8.07 9.57 10.32 10.26 9.63 8.57 6.76 4.69 2.17 0.63 0.00 0.00 0.00
0.00 0.00 0.00 0.00 0.00 0.00 0.00 0.33 4.61 8.63 12.75 16.66 19.09 20.79 20.68 18.98 17.34 13.33 8.66 3.56 0.58 0.00 0.00 0.00
0.00 0.00 0.00 0.00 0.00 0.00 0.00 0.70 7.60 14.13 21.46 28.15 32.46 34.43 34.70 32.47 28.61 22.09 14.39 5.89 1.08 0.00 0.00 0.00
0.00 0.00 0.00 0.00 0.00 0.00 0.00 0.18 1.11 1.98 2.96 3.73 4.19 4.72 4.54 4.22 3.71 2.87 1.85 0.71 0.04 0.00 0.00 0.00
0.00 0.00 0.00 0.00 0.00 0.00 0.00 0.60 5.93 10.92 16.85 21.20 23.68 27.40 26.37 24.68 22.20 17.17 11.26 4.91 0.46 0.00 0.00 0.00
0.00 0.00 0.00 0.00 0.00 0.00 0.00 0.52 4.00 7.25 11.27 14.12 15.71 18.20 17.29 16.41 14.87 11.46 7.55 3.04 0.22 0.00 0.00 0.00
0.00 0.00 0.00 0.00 0.00 0.00 0.00 0.72 5.52 10.00 15.55 19.48 21.67 25.11 23.86 22.65 20.52 15.81 10.42 4.20 0.30 0.00 0.00 0.00
0.00 0.00 0.00 0.00 0.00 0.00 0.00 0.49 3.76 6.81 10.59 13.27 14.76 17.10 16.25 15.43 13.98 10.77 7.10 2.86 0.20 0.00 0.00 0.00
0.00 0.00 0.00 0.00 0.00 0.00 0.00 0.32 3.16 5.82 8.98 11.31 12.63 14.61 14.06 13.16 11.84 9.16 6.01 2.62 0.25 0.00 0.00 0.00
0.00 0.00 0.00 0.00 0.00 0.00 0.00 0.46 3.09 5.55 8.38 10.50 11.83 13.64 13.44 12.54 10.89 8.47 5.44 2.02 0.09 0.00 0.00 0.00
0.00 0.00 0.00 0.00 0.00 0.00 0.00 0.05 2.98 5.74 8.80 11.41 13.24 15.47 15.01 14.24 12.64 9.88 6.63 3.18 0.46 0.00 0.00 0.00
0.00 0.00 0.00 0.00 0.00 0.00 0.00 0.00 24.77 52.91 85.24 112.53 130.92 147.69 146.96 138.31 126.44 98.42 65.75 27.51 5.27 0.00 0.00 0.00
0.00 0.00 0.00 0.00 0.00 0.00 0.00 0.00 4.39 8.65 13.80 18.31 21.21 22.99 22.92 21.61 19.93 15.67 10.12 4.76 0.97 0.00 0.00 0.00
0.00 0.00 0.00 0.00 0.00 0.00 0.00 0.17 6.55 12.56 19.52 25.84 30.20 34.08 33.92 31.39 28.92 22.17 14.60 7.00 1.23 0.00 0.00 0.00
0.00 0.00 0.00 0.00 0.00 0.00 0.00 0.08 3.00 5.76 8.95 11.85 13.84 15.62 15.55 14.38 13.26 10.16 6.69 3.21 0.56 0.00 0.00 0.00
0.00 0.00 0.00 0.00 0.00 0.00 0.00 0.00 5.47 10.76 17.07 22.60 26.23 28.35 28.24 26.62 24.42 19.17 12.43 5.73 1.17 0.00 0.00 0.00
0.00 0.00 0.00 0.00 0.00 0.00 0.00 0.07 2.39 4.57 6.98 9.22 10.59 11.51 11.52 10.78 9.69 7.40 4.98 2.20 0.41 0.00 0.00 0.00
0.00 0.00 0.00 0.00 0.00 0.00 0.00 0.00 22.08 47.10 77.04 104.81 124.60 136.98 135.67 127.72 116.31 92.70 62.60 28.85 7.87 0.00 0.00 0.00
0.00 0.00 0.00 0.00 0.00 0.00 0.00 0.00 8.15 16.25 26.40 35.63 42.14 46.04 46.42 44.04 39.39 31.75 22.07 10.30 3.25 0.00 0.00 0.00
0.00 0.00 0.00 0.00 0.00 0.00 0.00 0.00 1.86 3.74 5.92 7.93 9.58 10.48 10.37 9.80 8.82 7.08 4.93 2.29 0.72 0.00 0.00 0.00
0.00 0.00 0.00 0.00 0.00 0.00 0.00 0.00 2.36 4.78 7.68 10.15 11.76 12.69 12.83 12.32 10.97 8.83 6.11 2.82 0.84 0.00 0.00 0.00
0.00 0.00 0.00 0.00 0.00 0.00 0.00 0.00 3.78 7.65 12.29 16.24 18.81 20.31 20.52 19.70 17.56 14.13 9.78 4.50 1.35 0.00 0.00 0.00
0.00 0.00 0.00 0.00 0.00 0.00 0.00 0.00 66.48 153.39 256.54 344.85 415.15 460.12 477.53 476.13 443.45 363.63 252.66 127.99 46.43 0.00 0.00 0.00
