0.00 0.00 0.00 0.00 0.00 0.00 0.00 0.00 0.00 0.24 1.40 2.28 3.05 3.48 3.60 3.25 2.57 1.77 0.75 0.00 0.00 0.00 0.00 0.00
0.00 0.00 0.00 0.00 0.00 0.00 0.00 0.00 0.00 10.96 27.38 40.85 51.10 57.13 58.82 52.15 41.59 27.58 10.37 0.00 0.00 0.00 0.00 0.00
0.00 0.00 0.00 0.00 0.00 0.00 0.00 0.00 0.00 5.55 31.95 52.19 69.66 79.60 82.34 74.27 58.82 40.43 17.04 0.00 0.00 0.00 0.00 0.00
0.00 0.00 0.00 0.00 0.00 0.00 0.00 0.00 0.00 19.71 113.56 185.47 247.57 282.89 292.61 263.96 209.05 143.69 60.54 0.00 0.00 0.00 0.00 0.00
0.00 0.00 0.00 0.00 0.00 0.00 0.00 0.00 0.00 2.06 4.86 7.11 8.70 9.76 9.64 8.29 6.57 4.08 1.05 0.00 0.00 0.00 0.00 0.00
0.00 0.00 0.00 0.00 0.00 0.00 0.00 0.00 0.00 40.19 251.11 415.01 556.45 649.04 681.61 628.94 502.41 345.44 157.64 0.00 0.00 0.00 0.00 0.00
0.00 0.00 0.00 0.00 0.00 0.00 0.00 0.00 0.00 0.85 2.86 4.28 5.42 6.06 6.03 5.34 4.02 2.50 0.64 0.00 0.00 0.00 0.00 0.00
0.00 0.00 0.00 0.00 0.00 0.00 0.00 0.00 0.00 0.63 1.70 2.54 3.18 3.57 3.63 3.22 2.50 1.65 0.59 0.00 0.00 0.00 0.00 0.00
0.00 0.00 0.00 0.00 0.00 0.00 0.00 0.00 0.00 1.01 2.71 4.06 5.09 5.71 5.81 5.15 4.01 2.63 0.94 0.00 0.00 0.00 0.00 0.00
0.00 0.00 0.00 0.00 0.00 0.00 0.00 0.00 0.00 1.01 2.71 4.06 5.09 5.71 5.81 5.15 4.01 2.63 0.94 0.00 0.00 0.00 0.00 0.00
0.00 0.00 0.00 0.00 0.00 0.00 0.00 0.00 0.00 1.96 6.24 9.30 11.98 13.54 13.65 12.17 9.89 6.56 2.42 0.00 0.00 0.00 0.00 0.00
0.00 0.00 0.00 0.00 0.00 0.00 0.00 0.00 0.00 0.94 2.95 4.39 5.65 6.39 6.47 5.77 4.58 3.04 1.12 0.00 0.00 0.00 0.00 0.00
0.00 0.00 0.00 0.00 0.00 0.00 0.00 0.00 0.00 1.21 3.79 5.64 7.26 8.22 8.31 7.41 5.89 3.91 1.44 0.00 0.00 0.00 0.00 0.00
0.00 0.00 0.00 0.00 0.00 0.00 0.00 0.00 0.00 0.81 2.53 3.76 4.84 5.48 5.54 4.94 3.93 2.61 0.96 0.00 0.00 0.00 0.00 0.00
0.00 0.00 0.00 0.00 0.00 0.00 0.00 0.00 0.00 0.81 2.53 3.76 4.84 5.48 5.54 4.94 3.93 2.61 0.96 0.00 0.00 0.00 0.00 0.00
0.00 0.00 0.00 0.00 0.00 0.00 0.00 0.00 0.00 11.35 27.74 42.75 55.59 68.36 72.18 65.01 56.10 36.95 16.28 0.00 0.00 0.00 0.00 0.00
0.00 0.00 0.00 0.00 0.00 0.00 0.00 0.00 0.00 5.91 18.65 27.72 36.18 41.85 41.79 36.66 29.20 19.21 6.79 0.00 0.00 0.00 0.00 0.00
0.00 0.00 0.00 0.00 0.00 0.00 0.00 0.00 0.00 4.60 15.39 23.13 29.23 33.81 34.46 30.07 24.26 15.98 5.65 0.00 0.00 0.00 0.00 0.00
0.00 0.00 0.00 0.00 0.00 0.00 0.00 0.00 0.00 11.85 74.07 122.41 164.13 191.44 201.05 185.51 148.19 101.89 46.50 0.00 0.00 0.00 0.00 0.00
0.00 0.00 0.00 0.00 0.00 0.00 0.00 0.00 0.00 11.28 70.45 116.44 156.13 182.10 191.24 176.46 140.96 96.92 44.23 0.00 0.00 0.00 0.00 0.00
0.00 0.00 0.00 0.00 0.00 0.00 0.00 0.00 0.00 21.69 135.49 223.93 300.24 350.20 367.77 339.36 271.08 186.39 85.06 0.00 0.00 0.00 0.00 0.00
0.00 0.00 0.00 0.00 0.00 0.00 0.00 0.00 0.00 21.32 133.23 220.20 295.24 344.36 361.64 333.70 266.57 183.28 83.64 0.00 0.00 0.00 0.00 0.00
0.00 0.00 0.00 0.00 0.00 0.00 0.00 0.00 0.00 20.23 141.00 234.36 315.56 359.15 375.55 337.29 266.31 182.44 75.61 0.00 0.00 0.00 0.00 0.00
0.00 0.00 0.00 0.00 0.00 0.00 0.00 0.00 0.00 0.63 1.70 2.54 3.18 3.57 3.63 3.22 2.50 1.65 0.59 0.00 0.00 0.00 0.00 0.00
0.00 0.00 0.00 0.00 0.00 0.00 0.00 0.00 0.00 3.20 8.60 12.87 16.12 18.10 18.39 16.32 12.69 8.34 2.98 0.00 0.00 0.00 0.00 0.00
0.00 0.00 0.00 0.00 0.00 0.00 0.00 0.00 0.00 16.31 43.88 65.68 82.31 92.39 93.89 83.33 64.79 42.59 15.19 0.00 0.00 0.00 0.00 0.00
0.00 0.00 0.00 0.00 0.00 0.00 0.00 0.00 0.00 0.81 5.06 8.36 11.21 13.07 13.73 12.67 10.12 6.96 3.18 0.00 0.00 0.00 0.00 0.00
0.00 0.00 0.00 0.00 0.00 0.00 0.00 0.00 0.00 19.41 111.79 182.58 243.71 278.48 288.05 259.85 205.79 141.46 59.60 0.00 0.00 0.00 0.00 0.00
0.00 0.00 0.00 0.00 0.00 0.00 0.00 0.00 0.00 2.48 9.38 14.45 18.55 21.36 22.35 20.14 16.69 11.48 4.89 0.00 0.00 0.00 0.00 0.00
0.00 0.00 0.00 0.00 0.00 0.00 0.00 0.00 0.00 11.18 56.40 90.09 118.36 132.71 134.51 120.95 91.76 60.66 21.38 0.00 0.00 0.00 0.00 0.00
0.00 0.00 0.00 0.00 0.00 0.00 0.00 0.00 0.00 0.32 1.86 3.04 4.06 4.64 4.80 4.33 3.43 2.36 0.99 0.00 0.00 0.00 0.00 0.00
0.00 0.00 0.00 0.00 0.00 0.00 0.00 0.00 0.00 14.55 83.84 136.94 182.78 208.86 216.04 194.89 154.35 106.09 44.70 0.00 0.00 0.00 0.00 0.00
0.00 0.00 0.00 0.00 0.00 0.00 0.00 0.00 0.00 18.68 107.60 175.74 234.57 268.04 277.25 250.11 198.08 136.15 57.37 0.00 0.00 0.00 0.00 0.00
0.00 0.00 0.00 0.00 0.00 0.00 0.00 0.00 0.00 26.68 185.94 309.07 416.15 473.63 495.26 444.81 351.20 240.60 99.71 0.00 0.00 0.00 0.00 0.00
0.00 0.00 0.00 0.00 0.00 0.00 0.00 0.00 0.00 1.48 4.59 6.84 8.79 10.00 10.30 9.32 7.33 4.92 1.90 0.00 0.00 0.00 0.00 0.00
0.00 0.00 0.00 0.00 0.00 0.00 0.00 0.00 0.00 1.83 5.69 8.48 10.90 12.42 12.86 11.57 9.15 6.12 2.35 0.00 0.00 0.00 0.00 0.00
0.00 0.00 0.00 0.00 0.00 0.00 0.00 0.00 0.00 10.25 38.69 59.60 76.54 88.12 92.18 83.09 68.84 47.35 20.15 0.00 0.00 0.00 0.00 0.00
0.00 0.00 0.00 0.00 0.00 0.00 0.00 0.00 0.00 2.22 112.85 202.75 279.29 331.69 341.48 305.70 244.34 167.47 67.95 0.00 0.00 0.00 0.00 0.00
0.00 0.00 0.00 0.00 0.00 0.00 0.00 0.00 0.00 0.47 1.46 2.16 2.78 3.18 3.22 2.83 2.22 1.45 0.49 0.00 0.00 0.00 0.00 0.00
0.00 0.00 0.00 0.00 0.00 0.00 0.00 0.00 0.00 4.91 27.24 44.17 59.18 67.99 69.81 62.54 48.44 32.80 12.97 0.00 0.00 0.00 0.00 0.00
0.00 0.00 0.00 0.00 0.00 0.00 0.00 0.00 0.00 1.25 9.09 15.31 20.91 24.84 26.23 24.48 19.71 13.47 6.63 0.00 0.00 0.00 0.00 0.00
0.00 0.00 0.00 0.00 0.00 0.00 0.00 0.00 0.00 1.03 3.38 5.03 6.29 7.00 7.03 6.05 4.69 2.89 0.69 0.00 0.00 0.00 0.00 0.00
0.00 0.00 0.00 0.00 0.00 0.00 0.00 0.00 0.00 0.51 1.69 2.51 3.15 3.50 3.51 3.03 2.35 1.45 0.34 0.00 0.00 0.00 0.00 0.00
0.00 0.00 0.00 0.00 0.00 0.00 0.00 0.00 0.00 1.13 3.69 5.50 6.88 7.65 7.69 6.62 5.13 3.16 0.75 0.00 0.00 0.00 0.00 0.00
0.00 0.00 0.00 0.00 0.00 0.00 0.00 0.00 0.00 1.36 4.38 6.50 8.17 9.17 9.25 8.07 6.20 3.85 0.96 0.00 0.00 0.00 0.00 0.00
0.00 0.00 0.00 0.00 0.00 0.00 0.00 0.00 0.00 2.07 6.67 9.91 12.45 13.98 14.10 12.30 9.44 5.86 1.47 0.00 0.00 0.00 0.00 0.00
0.00 0.00 0.00 0.00 0.00 0.00 0.00 0.00 0.00 1.71 5.77 8.64 10.99 12.49 12.41 11.07 8.30 5.19 1.37 0.00 0.00 0.00 0.00 0.00
0.00 0.00 0.00 0.00 0.00 0.00 0.00 0.00 0.00 0.99 4.53 7.14 9.26 10.60 10.58 9.37 7.01 4.51 1.40 0.00 0.00 0.00 0.00 0.00
0.00 0.00 0.00 0.00 0.00 0.00 0.00 0.00 0.00 2.56 11.71 18.43 23.91 27.38 27.34 24.21 18.10 11.66 3.61 0.00 0.00 0.00 0.00 0.00
0.00 0.00 0.00 0.00 0.00 0.00 0.00 0.00 0.00 0.67 3.02 4.74 6.32 7.22 7.33 6.40 4.99 3.26 1.10 0.00 0.00 0.00 0.00 0.00
0.00 0.00 0.00 0.00 0.00 0.00 0.00 0.00 0.00 2.22 6.59 9.68 12.17 13.69 14.06 12.12 9.58 6.16 1.94 0.00 0.00 0.00 0.00 0.00
0.00 0.00 0.00 0.00 0.00 0.00 0.00 0.00 0.00 3.42 10.75 15.93 20.11 22.72 22.83 20.24 15.66 9.96 2.93 0.00 0.00 0.00 0.00 0.00
0.00 0.00 0.00 0.00 0.00 0.00 0.00 0.00 0.00 0.63 1.57 2.27 2.75 3.00 3.05 2.65 2.04 1.27 0.32 0.00 0.00 0.00 0.00 0.00
0.00 0.00 0.00 0.00 0.00 0.00 0.00 0.00 0.00 3.45 8.78 13.00 15.86 17.59 17.92 15.84 12.00 7.64 2.31 0.00 0.00 0.00 0.00 0.00
0.00 0.00 0.00 0.00 0.00 0.00 0.00 0.00 0.00 2.32 5.73 8.54 10.51 11.72 11.81 10.38 7.81 4.91 1.38 0.00 0.00 0.00 0.00 0.00
0.00 0.00 0.00 0.00 0.00 0.00 0.00 0.00 0.00 3.20 7.91 11.78 14.50 16.18 16.30 14.32 10.78 6.77 1.90 0.00 0.00 0.00 0.00 0.00
0.00 0.00 0.00 0.00 0.00 0.00 0.00 0.00 0.00 2.18 5.39 8.03 9.88 11.02 11.10 9.76 7.34 4.61 1.30 0.00 0.00 0.00 0.00 0.00
0.00 0.00 0.00 0.00 0.00 0.00 0.00 0.00 0.00 1.84 4.68 6.94 8.46 9.38 9.56 8.45 6.40 4.07 1.23 0.00 0.00 0.00 0.00 0.00
0.00 0.00 0.00 0.00 0.00 0.00 0.00 0.00 0.00 1.83 4.34 6.32 7.86 8.85 8.77 7.57 5.91 3.68 0.98 0.00 0.00 0.00 0.00 0.00
0.00 0.00 0.00 0.00 0.00 0.00 0.00 0.00 0.00 1.81 4.86 7.28 9.12 10.24 10.41 9.24 7.18 4.72 1.68 0.00 0.00 0.00 0.00 0.00
0.00 0.00 0.00 0.00 0.00 0.00 0.00 0.00 0.00 14.77 36.10 55.65 72.35 88.98 93.95 84.62 73.03 48.09 21.19 0.00 0.00 0.00 0.00 0.00
0.00 0.00 0.00 0.00 0.00 0.00 0.00 0.00 0.00 2.22 7.07 10.54 13.58 15.34 15.47 13.79 11.21 7.43 2.74 0.00 0.00 0.00 0.00 0.00
0.00 0.00 0.00 0.00 0.00 0.00 0.00 0.00 0.00 3.54 10.55 15.58 20.24 22.74 22.65 19.98 15.93 10.42 3.60 0.00 0.00 0.00 0.00 0.00
0.00 0.00 0.00 0.00 0.00 0.00 0.00 0.00 0.00 1.62 4.84 7.14 9.27 10.42 10.38 9.16 7.30 4.77 1.65 0.00 0.00 0.00 0.00 0.00
0.00 0.00 0.00 0.00 0.00 0.00 0.00 0.00 0.00 2.74 8.76 13.06 16.77 19.01 19.21 16.96 13.89 9.20 3.37 0.00 0.00 0.00 0.00 0.00
0.00 0.00 0.00 0.00 0.00 0.00 0.00 0.00 0.00 1.15 3.55 5.26 6.75 7.73 7.82 6.87 5.39 3.51 1.19 0.00 0.00 0.00 0.00 0.00
0.00 0.00 0.00 0.00 0.00 0.00 0.00 0.00 0.00 10.61 40.06 61.71 79.24 91.23 95.44 86.03 71.28 49.02 20.87 0.00 0.00 0.00 0.00 0.00
0.00 0.00 0.00 0.00 0.00 0.00 0.00 0.00 0.00 2.67 13.49 21.54 28.30 31.74 32.16 28.92 21.94 14.50 5.11 0.00 0.00 0.00 0.00 0.00
0.00 0.00 0.00 0.00 0.00 0.00 0.00 0.00 0.00 0.62 3.01 4.80 6.38 7.22 7.19 6.53 5.03 3.34 1.21 0.00 0.00 0.00 0.00 0.00
0.00 0.00 0.00 0.00 0.00 0.00 0.00 0.00 0.00 0.83 3.70 5.85 7.60 8.85 9.00 8.13 6.35 4.24 1.58 0.00 0.00 0.00 0.00 0.00
0.00 0.00 0.00 0.00 0.00 0.00 0.00 0.00 0.00 1.33 5.93 9.35 12.16 14.16 14.40 13.00 10.16 6.78 2.52 0.00 0.00 0.00 0.00 0.00
0.00 0.00 0.00 0.00 0.00 0.00 0.00 0.00 0.00 22.05 137.75 227.66 305.25 356.04 373.90 345.01 275.60 189.49 86.48 0.00 0.00 0.00 0.00 0.00
