0.00 0.00 0.00 0.00 0.00 0.00 0.00 0.02 0.93 1.80 2.82 3.76 4.53 5.15 5.25 4.96 4.39 3.50 2.35 1.13 0.34 0.00 0.00 0.00
0.00 0.00 0.00 0.00 0.00 0.00 0.00 1.87 12.69 22.94 45.99 61.27 73.06 83.06 83.43 77.99 63.68 49.05 31.69 11.07 0.47 0.00 0.00 0.00
0.00 0.00 0.00 0.00 0.00 0.00 0.00 0.44 21.22 41.15 64.55 86.08 103.55 117.76 120.10 113.32 100.44 79.96 53.70 25.84 7.72 0.00 0.00 0.00
0.00 0.00 0.00 0.00 0.00 0.00 0.00 1.56 75.41 146.24 229.39 305.93 368.03 418.51 426.81 402.75 356.96 284.18 190.85 91.84 27.45 0.00 0.00 0.00
0.00 0.00 0.00 0.00 0.00 0.00 0.00 0.96 3.47 5.90 5.66 7.32 8.41 5.68 5.67 5.16 4.29 3.21 1.99 0.64 0.00 0.00 0.00 0.00
0.00 0.00 0.00 0.00 0.00 0.00 0.00 0.00 153.57 311.09 549.23 735.64 883.75 889.82 900.75 846.60 742.58 577.14 397.17 134.19 42.26 0.00 0.00 0.00
0.00 0.00 0.00 0.00 0.00 0.00 0.00 0.57 2.25 3.81 5.68 7.24 8.43 6.41 6.61 6.23 4.24 3.27 2.10 0.95 0.13 0.00 0.00 0.00
0.00 0.00 0.00 0.00 0.00 0.00 0.00 0.15 0.90 1.60 2.58 3.43 4.07 4.86 4.88 4.64 3.60 2.81 1.82 0.66 0.04 0.00 0.00 0.00
0.00 0.00 0.00 0.00 0.00 0.00 0.00 0.24 1.44 2.56 4.12 5.49 6.51 7.77 7.80 7.43 5.76 4.49 2.92 1.05 0.07 0.00 0.00 0.00
0.00 0.00 0.00 0.00 0.00 0.00 0.00 0.24 1.44 2.56 4.12 5.49 6.51 7.77 7.80 7.43 5.76 4.49 2.92 1.05 0.07 0.00 0.00 0.00
0.00 0.00 0.00 0.00 0.00 0.00 0.00 0.50 3.46 6.25 8.50 11.68 14.35 14.85 15.46 14.75 14.99 11.71 7.64 2.61 0.35 0.00 0.00 0.00
0.00 0.00 0.00 0.00 0.00 0.00 0.00 0.24 1.62 2.93 3.87 5.32 6.50 7.06 7.30 6.92 6.75 5.25 3.40 1.26 0.16 0.00 0.00 0.00
0.00 0.00 0.00 0.00 0.00 0.00 0.00 0.30 2.09 3.77 4.97 6.85 8.35 9.07 9.38 8.90 8.67 6.76 4.37 1.62 0.21 0.00 0.00 0.00
0.00 0.00 0.00 0.00 0.00 0.00 0.00 0.20 1.39 2.51 3.32 4.56 5.57 6.05 6.25 5.93 5.78 4.50 2.92 1.08 0.14 0.00 0.00 0.00
0.00 0.00 0.00 0.00 0.00 0.00 0.00 0.20 1.39 2.51 3.32 4.56 5.57 6.05 6.25 5.93 5.78 4.50 2.92 1.08 0.14 0.00 0.00 0.00
0.00 0.00 0.00 0.00 0.00 0.00 0.00 0.55 20.25 38.88 61.29 80.61 94.96 94.43 96.38 92.82 78.86 60.62 38.41 15.43 1.77 0.00 0.00 0.00
0.00 0.00 0.00 0.00 0.00 0.00 0.00 1.77 10.79 19.28 27.64 37.10 45.37 42.75 43.71 42.38 40.36 31.45 20.59 6.66 0.85 0.00 0.00 0.00
0.00 0.00 0.00 0.00 0.00 0.00 0.00 1.61 10.01 17.93 26.89 35.57 43.27 46.69 48.00 46.26 41.25 32.36 21.10 6.50 1.01 0.00 0.00 0.00
0.00 0.00 0.00 0.00 0.00 0.00 0.00 0.00 45.30 91.76 162.00 216.99 260.67 262.46 265.69 249.72 219.03 170.24 117.15 39.58 12.47 0.00 0.00 0.00
0.00 0.00 0.00 0.00 0.00 0.00 0.00 0.00 43.09 87.28 154.10 206.40 247.96 249.66 252.73 237.54 208.35 161.93 111.44 37.65 11.86 0.00 0.00 0.00
0.00 0.00 0.00 0.00 0.00 0.00 0.00 0.00 82.86 167.85 296.35 396.93 476.84 480.12 486.02 456.80 400.67 311.41 214.30 72.40 22.80 0.00 0.00 0.00
0.00 0.00 0.00 0.00 0.00 0.00 0.00 0.00 81.48 165.05 291.41 390.31 468.90 472.12 477.92 449.19 393.99 306.22 210.73 71.20 22.42 0.00 0.00 0.00
0.00 0.00 0.00 0.00 0.00 0.00 0.00 2.73 100.85 194.99 298.69 399.36 477.58 542.21 553.39 523.08 467.32 371.38 250.69 108.91 34.68 0.00 0.00 0.00
0.00 0.00 0.00 0.00 0.00 0.00 0.00 0.15 0.90 1.60 2.58 3.43 4.07 4.86 4.88 4.64 3.60 2.81 1.82 0.66 0.04 0.00 0.00 0.00
0.00 0.00 0.00 0.00 0.00 0.00 0.00 0.78 4.55 8.11 13.06 17.40 20.61 24.62 24.71 23.53 18.24 14.23 9.24 3.34 0.21 0.00 0.00 0.00
0.00 0.00 0.00 0.00 0.00 0.00 0.00 3.96 23.25 41.41 66.66 88.81 105.20 125.69 126.15 120.14 93.14 72.64 47.18 17.03 1.07 0.00 0.00 0.00
0.00 0.00 0.00 0.00 0.00 0.00 0.00 0.00 3.09 6.27 11.06 14.82 17.80 17.92 18.14 17.05 14.96 11.63 8.00 2.70 0.85 0.00 0.00 0.00
0.00 0.00 0.00 0.00 0.00 0.00 0.00 1.54 74.23 143.97 225.82 301.16 362.29 411.99 420.16 396.47 351.39 279.75 187.87 90.41 27.02 0.00 0.00 0.00
0.00 0.00 0.00 0.00 0.00 0.00 0.00 0.17 4.29 8.23 13.54 19.68 25.15 28.89 30.56 29.37 25.54 20.19 13.69 6.15 1.32 0.00 0.00 0.00
0.00 0.00 0.00 0.00 0.00 0.00 0.00 6.21 44.98 81.76 121.14 158.34 185.57 201.44 204.08 193.26 165.37 132.01 89.69 35.53 9.51 0.00 0.00 0.00
0.00 0.00 0.00 0.00 0.00 0.00 0.00 0.03 1.24 2.40 3.76 5.02 6.04 6.87 7.00 6.61 5.86 4.66 3.13 1.51 0.45 0.00 0.00 0.00
0.00 0.00 0.00 0.00 0.00 0.00 0.00 1.15 55.67 107.97 169.36 225.87 271.72 308.99 315.12 297.35 263.54 209.81 140.91 67.81 20.26 0.00 0.00 0.00
0.00 0.00 0.00 0.00 0.00 0.00 0.00 1.48 71.45 138.57 217.35 289.87 348.70 396.54 404.40 381.60 338.21 269.26 180.83 87.02 26.01 0.00 0.00 0.00
0.00 0.00 0.00 0.00 0.00 0.00 0.00 3.60 132.99 257.15 393.90 526.66 629.81 715.03 729.78 689.82 616.28 489.76 330.60 143.62 45.74 0.00 0.00 0.00
0.00 0.00 0.00 0.00 0.00 0.00 0.00 0.25 2.09 3.83 4.93 6.85 8.47 12.36 12.54 12.05 10.44 8.13 5.39 2.30 0.32 0.00 0.00 0.00
0.00 0.00 0.00 0.00 0.00 0.00 0.00 0.35 2.79 5.10 6.00 8.29 10.40 15.07 15.44 14.78 13.09 10.10 6.62 2.80 0.38 0.00 0.00 0.00
0.00 0.00 0.00 0.00 0.00 0.00 0.00 0.69 17.71 33.94 55.84 81.18 103.74 119.16 126.07 121.16 105.34 83.27 56.45 25.36 5.46 0.00 0.00 0.00
0.00 0.00 0.00 0.00 0.00 0.00 0.00 2.07 102.44 199.81 217.87 292.83 351.20 402.75 411.50 397.10 396.32 316.48 223.79 157.72 60.36 0.00 0.00 0.00
0.00 0.00 0.00 0.00 0.00 0.00 0.00 0.14 0.75 1.33 1.74 2.40 2.91 3.26 3.35 3.19 2.60 2.03 1.33 0.41 0.05 0.00 0.00 0.00
0.00 0.00 0.00 0.00 0.00 0.00 0.00 1.44 20.40 38.51 57.93 76.90 91.51 102.05 103.44 97.17 83.33 66.61 46.22 23.21 6.67 0.00 0.00 0.00
0.00 0.00 0.00 0.00 0.00 0.00 0.00 0.00 5.68 12.18 19.70 26.93 32.15 34.08 34.07 31.40 28.06 22.15 15.54 8.98 3.05 0.00 0.00 0.00
0.00 0.00 0.00 0.00 0.00 0.00 0.00 0.68 2.53 4.27 6.40 8.36 9.66 7.66 7.79 7.44 4.72 3.65 2.37 1.04 0.13 0.00 0.00 0.00
0.00 0.00 0.00 0.00 0.00 0.00 0.00 0.34 1.27 2.13 3.20 4.18 4.83 3.83 3.89 3.72 2.36 1.82 1.18 0.52 0.06 0.00 0.00 0.00
0.00 0.00 0.00 0.00 0.00 0.00 0.00 0.75 2.77 4.67 7.00 9.14 10.56 8.38 8.52 8.13 5.17 3.99 2.59 1.14 0.14 0.00 0.00 0.00
0.00 0.00 0.00 0.00 0.00 0.00 0.00 0.87 3.31 5.58 8.31 10.87 12.55 9.23 9.44 9.15 6.60 5.04 3.32 1.48 0.17 0.00 0.00 0.00
0.00 0.00 0.00 0.00 0.00 0.00 0.00 1.32 5.04 8.51 12.66 16.57 19.12 14.06 14.39 13.94 10.05 7.68 5.06 2.26 0.26 0.00 0.00 0.00
0.00 0.00 0.00 0.00 0.00 0.00 0.00 1.13 4.53 7.70 11.57 14.76 17.17 12.52 12.72 12.07 8.61 6.66 4.37 2.08 0.29 0.00 0.00 0.00
0.00 0.00 0.00 0.00 0.00 0.00 0.00 0.73 3.84 6.78 10.11 13.11 15.30 16.19 16.12 15.07 13.08 10.24 6.94 3.06 0.75 0.00 0.00 0.00
0.00 0.00 0.00 0.00 0.00 0.00 0.00 1.89 9.93 17.52 26.11 33.87 39.53 41.84 41.64 38.93 33.78 26.47 17.94 7.91 1.93 0.00 0.00 0.00
0.00 0.00 0.00 0.00 0.00 0.00 0.00 0.40 2.49 4.46 6.62 8.66 10.12 10.86 11.01 10.26 8.63 6.78 4.60 1.82 0.44 0.00 0.00 0.00
0.00 0.00 0.00 0.00 0.00 0.00 0.00 0.70 3.30 5.74 7.62 10.11 12.01 12.59 12.99 12.31 9.73 7.50 4.92 1.47 0.13 0.00 0.00 0.00
0.00 0.00 0.00 0.00 0.00 0.00 0.00 1.70 7.49 12.90 16.94 22.61 27.59 20.88 21.14 20.14 22.30 17.11 11.00 4.78 0.54 0.00 0.00 0.00
0.00 0.00 0.00 0.00 0.00 0.00 0.00 0.31 1.12 1.87 2.24 2.88 3.29 1.78 1.78 1.69 1.49 1.12 0.72 0.27 0.00 0.00 0.00 0.00
0.00 0.00 0.00 0.00 0.00 0.00 0.00 1.01 4.36 7.49 10.26 13.37 15.52 14.62 14.67 13.90 7.78 5.96 3.83 1.44 0.00 0.00 0.00 0.00
0.00 0.00 0.00 0.00 0.00 0.00 0.00 1.01 3.96 6.74 6.97 9.07 10.44 9.39 9.41 8.82 4.96 3.81 2.42 0.92 0.00 0.00 0.00 0.00
0.00 0.00 0.00 0.00 0.00 0.00 0.00 1.39 5.46 9.30 9.61 12.52 14.41 12.96 12.98 12.17 6.85 5.25 3.34 1.27 0.00 0.00 0.00 0.00
0.00 0.00 0.00 0.00 0.00 0.00 0.00 0.95 3.72 6.33 6.55 8.53 9.81 8.83 8.84 8.29 4.67 3.58 2.27 0.87 0.00 0.00 0.00 0.00
0.00 0.00 0.00 0.00 0.00 0.00 0.00 0.54 2.33 4.00 5.47 7.13 8.28 7.80 7.83 7.41 4.15 3.18 2.04 0.77 0.00 0.00 0.00 0.00
0.00 0.00 0.00 0.00 0.00 0.00 0.00 0.82 3.08 5.25 5.31 6.82 7.91 5.59 5.58 5.12 3.85 2.88 1.78 0.60 0.00 0.00 0.00 0.00
0.00 0.00 0.00 0.00 0.00 0.00 0.00 0.44 2.58 4.59 7.39 9.84 11.66 13.93 13.98 13.31 10.32 8.05 5.23 1.89 0.12 0.00 0.00 0.00
0.00 0.00 0.00 0.00 0.00 0.00 0.00 0.72 26.36 50.61 79.77 104.93 123.60 122.91 125.45 120.81 102.65 78.90 49.99 20.08 2.30 0.00 0.00 0.00
0.00 0.00 0.00 0.00 0.00 0.00 0.00 0.57 3.92 7.08 9.63 13.24 16.26 16.83 17.52 16.72 16.99 13.27 8.66 2.96 0.40 0.00 0.00 0.00
0.00 0.00 0.00 0.00 0.00 0.00 0.00 0.82 4.63 8.21 10.83 15.00 17.94 17.14 17.22 16.36 18.13 13.98 9.10 2.72 0.28 0.00 0.00 0.00
0.00 0.00 0.00 0.00 0.00 0.00 0.00 0.38 2.12 3.76 4.97 6.88 8.22 7.86 7.89 7.50 8.31 6.41 4.17 1.25 0.13 0.00 0.00 0.00
0.00 0.00 0.00 0.00 0.00 0.00 0.00 0.72 4.88 8.80 11.97 16.39 20.19 20.51 21.34 20.40 21.11 16.50 10.81 3.50 0.48 0.00 0.00 0.00
0.00 0.00 0.00 0.00 0.00 0.00 0.00 0.33 1.82 3.22 4.23 5.84 7.07 7.93 8.15 7.74 6.32 4.92 3.23 0.98 0.11 0.00 0.00 0.00
0.00 0.00 0.00 0.00 0.00 0.00 0.00 0.71 18.34 35.14 57.82 84.04 107.41 123.38 130.53 125.44 109.06 86.22 58.45 26.26 5.65 0.00 0.00 0.00
0.00 0.00 0.00 0.00 0.00 0.00 0.00 1.48 10.76 19.55 28.97 37.86 44.37 48.17 48.80 46.22 39.55 31.57 21.45 8.50 2.28 0.00 0.00 0.00
0.00 0.00 0.00 0.00 0.00 0.00 0.00 0.30 2.36 4.32 6.49 8.50 9.97 10.86 11.10 10.40 8.71 6.88 4.67 1.77 0.47 0.00 0.00 0.00
0.00 0.00 0.00 0.00 0.00 0.00 0.00 0.33 2.85 5.23 7.85 10.42 12.49 13.71 13.73 12.85 9.97 7.80 5.28 1.88 0.47 0.00 0.00 0.00
0.00 0.00 0.00 0.00 0.00 0.00 0.00 0.53 4.55 8.37 12.55 16.67 19.98 21.93 21.97 20.56 15.95 12.48 8.45 3.01 0.75 0.00 0.00 0.00
0.00 0.00 0.00 0.00 0.00 0.00 0.00 0.00 84.24 170.65 301.29 403.54 484.79 488.12 494.12 464.41 407.35 316.60 217.87 73.61 23.18 0.00 0.00 0.00
