0.00 0.00 0.00 0.00 0.00 0.00 0.00 0.00 0.00 0.79 1.62 2.51 3.27 3.64 3.77 3.60 3.07 2.35 1.43 0.60 0.00 0.00 0.00 0.00
0.00 0.00 0.00 0.00 0.00 0.00 0.00 0.00 2.63 16.17 30.15 43.92 54.84 61.39 62.91 61.06 51.12 38.00 23.12 4.93 0.00 0.00 0.00 0.00
0.00 0.00 0.00 0.00 0.00 0.00 0.00 0.00 0.00 18.06 36.95 57.45 74.75 83.23 86.25 82.40 70.13 53.78 32.81 13.77 0.00 0.00 0.00 0.00
0.00 0.00 0.00 0.00 0.00 0.00 0.00 0.00 0.00 64.17 131.31 204.18 265.64 295.78 306.53 292.84 249.23 191.13 116.60 48.94 0.00 0.00 0.00 0.00
0.00 0.00 0.00 0.00 0.00 0.00 0.00 0.00 0.76 2.96 5.29 7.94 9.75 10.91 10.94 10.02 8.09 5.83 3.52 0.47 0.00 0.00 0.00 0.00
0.00 0.00 0.00 0.00 0.00 0.00 0.00 0.00 0.00 131.95 291.10 460.31 594.81 675.80 718.50 693.71 608.79 469.74 297.06 120.29 0.00 0.00 0.00 0.00
0.00 0.00 0.00 0.00 0.00 0.00 0.00 0.00 0.16 0.99 2.46 3.65 4.49 5.65 5.63 5.29 4.54 3.38 2.05 0.52 0.00 0.00 0.00 0.00
0.00 0.00 0.00 0.00 0.00 0.00 0.00 0.00 0.14 0.89 1.57 2.31 2.99 3.43 3.49 3.43 3.07 2.27 1.38 0.30 0.00 0.00 0.00 0.00
0.00 0.00 0.00 0.00 0.00 0.00 0.00 0.00 0.23 1.42 2.52 3.69 4.78 5.49 5.59 5.49 4.92 3.64 2.21 0.48 0.00 0.00 0.00 0.00
0.00 0.00 0.00 0.00 0.00 0.00 0.00 0.00 0.23 1.42 2.52 3.69 4.78 5.49 5.59 5.49 4.92 3.64 2.21 0.48 0.00 0.00 0.00 0.00
0.00 0.00 0.00 0.00 0.00 0.00 0.00 0.00 0.33 3.04 5.31 8.03 10.56 11.66 12.09 11.66 11.22 8.52 5.23 1.50 0.00 0.00 0.00 0.00
0.00 0.00 0.00 0.00 0.00 0.00 0.00 0.00 0.16 1.43 2.51 3.82 5.03 5.63 5.69 5.51 5.58 4.23 2.53 0.69 0.00 0.00 0.00 0.00
0.00 0.00 0.00 0.00 0.00 0.00 0.00 0.00 0.21 1.84 3.23 4.91 6.47 7.23 7.32 7.08 7.17 5.44 3.25 0.88 0.00 0.00 0.00 0.00
0.00 0.00 0.00 0.00 0.00 0.00 0.00 0.00 0.14 1.23 2.15 3.27 4.31 4.82 4.88 4.72 4.78 3.63 2.17 0.59 0.00 0.00 0.00 0.00
0.00 0.00 0.00 0.00 0.00 0.00 0.00 0.00 0.14 1.23 2.15 3.27 4.31 4.82 4.88 4.72 4.78 3.63 2.17 0.59 0.00 0.00 0.00 0.00
0.00 0.00 0.00 0.00 0.00 0.00 0.00 0.00 1.36 17.90 35.81 56.41 74.92 83.98 86.99 83.69 72.06 54.29 31.67 10.82 0.00 0.00 0.00 0.00
0.00 0.00 0.00 0.00 0.00 0.00 0.00 0.00 1.11 9.13 15.64 23.61 30.79 32.70 33.50 31.61 29.25 22.35 13.34 4.31 0.00 0.00 0.00 0.00
0.00 0.00 0.00 0.00 0.00 0.00 0.00 0.00 0.78 7.69 13.27 19.71 25.38 26.89 27.29 26.18 21.38 16.20 10.00 3.43 0.00 0.00 0.00 0.00
0.00 0.00 0.00 0.00 0.00 0.00 0.00 0.00 0.00 38.92 85.86 135.77 175.45 199.34 211.93 204.62 179.57 138.56 87.62 35.48 0.00 0.00 0.00 0.00
0.00 0.00 0.00 0.00 0.00 0.00 0.00 0.00 0.00 37.02 81.68 129.15 166.89 189.61 201.59 194.64 170.81 131.80 83.35 33.75 0.00 0.00 0.00 0.00
0.00 0.00 0.00 0.00 0.00 0.00 0.00 0.00 0.00 71.19 157.07 248.37 320.94 364.64 387.68 374.31 328.48 253.46 160.29 64.90 0.00 0.00 0.00 0.00
0.00 0.00 0.00 0.00 0.00 0.00 0.00 0.00 0.00 70.01 154.45 244.23 315.59 358.56 381.22 368.07 323.01 249.23 157.61 63.82 0.00 0.00 0.00 0.00
0.00 0.00 0.00 0.00 0.00 0.00 0.00 0.00 0.00 81.95 175.70 277.33 364.37 387.26 393.25 371.18 306.31 232.17 144.67 39.84 0.00 0.00 0.00 0.00
0.00 0.00 0.00 0.00 0.00 0.00 0.00 0.00 0.14 0.89 1.57 2.31 2.99 3.43 3.49 3.43 3.07 2.27 1.38 0.30 0.00 0.00 0.00 0.00
0.00 0.00 0.00 0.00 0.00 0.00 0.00 0.00 0.73 4.50 7.97 11.69 15.13 17.40 17.70 17.40 15.57 11.52 6.99 1.50 0.00 0.00 0.00 0.00
0.00 0.00 0.00 0.00 0.00 0.00 0.00 0.00 3.71 22.96 40.67 59.68 77.25 88.83 90.37 88.82 79.47 58.82 35.71 7.68 0.00 0.00 0.00 0.00
0.00 0.00 0.00 0.00 0.00 0.00 0.00 0.00 0.00 2.66 5.86 9.27 11.98 13.61 14.47 13.97 12.26 9.46 5.98 2.42 0.00 0.00 0.00 0.00
0.00 0.00 0.00 0.00 0.00 0.00 0.00 0.00 0.00 63.17 129.27 200.99 261.50 291.17 301.75 288.28 245.34 188.15 114.78 48.18 0.00 0.00 0.00 0.00
0.00 0.00 0.00 0.00 0.00 0.00 0.00 0.00 0.00 4.52 8.31 12.77 17.42 20.97 21.93 21.42 19.83 15.44 10.00 3.69 0.00 0.00 0.00 0.00
0.00 0.00 0.00 0.00 0.00 0.00 0.00 0.00 0.00 25.28 56.29 86.53 112.08 129.22 134.61 128.85 111.10 83.38 50.73 10.48 0.00 0.00 0.00 0.00
0.00 0.00 0.00 0.00 0.00 0.00 0.00 0.00 0.00 1.05 2.15 3.35 4.36 4.85 5.03 4.80 4.09 3.14 1.91 0.80 0.00 0.00 0.00 0.00
0.00 0.00 0.00 0.00 0.00 0.00 0.00 0.00 0.00 47.38 96.95 150.74 196.12 218.38 226.31 216.21 184.01 141.11 86.08 36.14 0.00 0.00 0.00 0.00
0.00 0.00 0.00 0.00 0.00 0.00 0.00 0.00 0.00 60.80 124.42 193.46 251.69 280.25 290.44 277.47 236.14 181.10 110.47 46.38 0.00 0.00 0.00 0.00
0.00 0.00 0.00 0.00 0.00 0.00 0.00 0.00 0.00 108.07 231.70 365.72 480.51 510.70 518.60 489.49 403.94 306.17 190.79 52.54 0.00 0.00 0.00 0.00
0.00 0.00 0.00 0.00 0.00 0.00 0.00 0.00 0.22 2.33 4.14 6.31 8.28 9.07 9.34 9.07 8.95 6.74 4.10 1.08 0.00 0.00 0.00 0.00
0.00 0.00 0.00 0.00 0.00 0.00 0.00 0.00 0.29 2.97 5.26 7.84 10.36 11.20 11.47 11.10 11.01 8.32 5.04 1.36 0.00 0.00 0.00 0.00
0.00 0.00 0.00 0.00 0.00 0.00 0.00 0.00 0.00 18.65 34.26 52.70 71.87 86.51 90.47 88.35 81.80 63.70 41.25 15.23 0.00 0.00 0.00 0.00
0.00 0.00 0.00 0.00 0.00 0.00 0.00 0.00 0.00 80.10 181.25 287.70 382.17 405.07 417.33 399.36 322.67 256.67 162.42 61.41 0.00 0.00 0.00 0.00
0.00 0.00 0.00 0.00 0.00 0.00 0.00 0.00 0.10 0.72 1.13 1.73 2.24 2.50 2.59 2.47 2.17 1.64 0.99 0.31 0.00 0.00 0.00 0.00
0.00 0.00 0.00 0.00 0.00 0.00 0.00 0.00 0.00 15.98 33.34 52.24 67.79 72.63 74.55 71.09 61.82 46.61 28.80 7.52 0.00 0.00 0.00 0.00
0.00 0.00 0.00 0.00 0.00 0.00 0.00 0.00 0.00 4.71 10.76 16.83 22.45 25.37 25.76 25.12 23.53 18.16 11.78 4.95 0.00 0.00 0.00 0.00
0.00 0.00 0.00 0.00 0.00 0.00 0.00 0.00 0.20 1.13 2.61 3.90 4.90 6.51 6.43 5.91 4.91 3.69 2.26 0.55 0.00 0.00 0.00 0.00
0.00 0.00 0.00 0.00 0.00 0.00 0.00 0.00 0.10 0.56 1.31 1.95 2.45 3.25 3.22 2.96 2.46 1.85 1.13 0.27 0.00 0.00 0.00 0.00
0.00 0.00 0.00 0.00 0.00 0.00 0.00 0.00 0.22 1.23 2.86 4.27 5.36 7.12 7.04 6.47 5.37 4.04 2.48 0.60 0.00 0.00 0.00 0.00
0.00 0.00 0.00 0.00 0.00 0.00 0.00 0.00 0.28 1.64 3.96 5.99 7.37 8.45 8.39 7.85 6.16 4.65 2.82 0.66 0.00 0.00 0.00 0.00
0.00 0.00 0.00 0.00 0.00 0.00 0.00 0.00 0.43 2.50 6.03 9.13 11.23 12.88 12.79 11.96 9.38 7.08 4.30 1.01 0.00 0.00 0.00 0.00
0.00 0.00 0.00 0.00 0.00 0.00 0.00 0.00 0.32 2.05 5.22 7.78 9.51 11.43 11.49 10.87 8.85 6.71 4.09 1.01 0.00 0.00 0.00 0.00
0.00 0.00 0.00 0.00 0.00 0.00 0.00 0.00 0.09 2.01 4.28 6.43 8.10 10.18 10.63 10.22 9.40 7.07 4.21 1.22 0.00 0.00 0.00 0.00
0.00 0.00 0.00 0.00 0.00 0.00 0.00 0.00 0.22 5.19 11.07 16.62 20.92 26.29 27.46 26.39 24.29 18.25 10.88 3.15 0.00 0.00 0.00 0.00
0.00 0.00 0.00 0.00 0.00 0.00 0.00 0.00 0.04 1.39 3.48 5.31 6.95 7.32 7.55 7.13 5.93 4.45 2.71 0.59 0.00 0.00 0.00 0.00
0.00 0.00 0.00 0.00 0.00 0.00 0.00 0.00 0.53 3.21 5.26 7.89 10.00 10.52 10.85 10.39 10.44 7.89 4.86 1.26 0.00 0.00 0.00 0.00
0.00 0.00 0.00 0.00 0.00 0.00 0.00 0.00 0.80 5.07 9.51 13.93 17.35 18.13 18.43 17.52 13.80 10.36 6.22 1.33 0.00 0.00 0.00 0.00
0.00 0.00 0.00 0.00 0.00 0.00 0.00 0.00 0.23 0.91 1.50 2.20 2.73 3.21 3.20 3.03 2.37 1.75 1.05 0.17 0.00 0.00 0.00 0.00
0.00 0.00 0.00 0.00 0.00 0.00 0.00 0.00 1.04 4.87 8.94 13.28 17.10 18.65 18.87 17.87 15.01 11.20 6.84 1.18 0.00 0.00 0.00 0.00
0.00 0.00 0.00 0.00 0.00 0.00 0.00 0.00 0.79 3.40 6.15 8.97 11.29 12.56 12.41 11.70 9.92 7.32 4.41 0.70 0.00 0.00 0.00 0.00
0.00 0.00 0.00 0.00 0.00 0.00 0.00 0.00 1.10 4.69 8.49 12.38 15.58 17.33 17.13 16.15 13.69 10.09 6.09 0.97 0.00 0.00 0.00 0.00
0.00 0.00 0.00 0.00 0.00 0.00 0.00 0.00 0.75 3.20 5.78 8.43 10.61 11.81 11.67 11.00 9.33 6.88 4.15 0.66 0.00 0.00 0.00 0.00
0.00 0.00 0.00 0.00 0.00 0.00 0.00 0.00 0.56 2.60 4.77 7.08 9.12 9.95 10.06 9.53 8.00 5.97 3.65 0.63 0.00 0.00 0.00 0.00
0.00 0.00 0.00 0.00 0.00 0.00 0.00 0.00 0.66 2.62 4.77 6.98 8.66 9.66 9.79 9.04 7.38 5.40 3.27 0.47 0.00 0.00 0.00 0.00
0.00 0.00 0.00 0.00 0.00 0.00 0.00 0.00 0.41 2.55 4.51 6.61 8.56 9.84 10.02 9.84 8.81 6.52 3.96 0.85 0.00 0.00 0.00 0.00
0.00 0.00 0.00 0.00 0.00 0.00 0.00 0.00 1.76 23.30 46.61 73.42 97.52 109.31 113.22 108.93 93.80 70.66 41.22 14.08 0.00 0.00 0.00 0.00
0.00 0.00 0.00 0.00 0.00 0.00 0.00 0.00 0.37 3.44 6.01 9.11 11.97 13.21 13.71 13.22 12.71 9.66 5.93 1.69 0.00 0.00 0.00 0.00
0.00 0.00 0.00 0.00 0.00 0.00 0.00 0.00 0.66 4.60 7.61 11.60 15.44 17.64 17.66 16.94 18.62 14.06 8.74 1.92 0.00 0.00 0.00 0.00
0.00 0.00 0.00 0.00 0.00 0.00 0.00 0.00 0.30 2.11 3.49 5.32 7.08 8.09 8.10 7.76 8.53 6.44 4.00 0.88 0.00 0.00 0.00 0.00
0.00 0.00 0.00 0.00 0.00 0.00 0.00 0.00 0.46 4.26 7.42 11.22 14.62 15.98 16.66 15.97 14.81 11.30 7.04 2.10 0.00 0.00 0.00 0.00
0.00 0.00 0.00 0.00 0.00 0.00 0.00 0.00 0.24 1.75 2.75 4.20 5.45 6.08 6.28 5.99 5.26 3.97 2.41 0.76 0.00 0.00 0.00 0.00
0.00 0.00 0.00 0.00 0.00 0.00 0.00 0.00 0.00 19.31 35.48 54.56 74.41 89.57 93.67 91.47 84.69 65.95 42.71 15.77 0.00 0.00 0.00 0.00
0.00 0.00 0.00 0.00 0.00 0.00 0.00 0.00 0.00 6.05 13.46 20.69 26.80 30.90 32.19 30.81 26.57 19.94 12.13 2.51 0.00 0.00 0.00 0.00
0.00 0.00 0.00 0.00 0.00 0.00 0.00 0.00 0.00 1.35 3.24 5.04 6.55 7.14 7.36 7.12 6.06 4.49 2.74 0.66 0.00 0.00 0.00 0.00
0.00 0.00 0.00 0.00 0.00 0.00 0.00 0.00 0.00 1.98 4.29 6.59 8.50 9.65 9.94 9.55 8.00 6.01 3.69 0.90 0.00 0.00 0.00 0.00
0.00 0.00 0.00 0.00 0.00 0.00 0.00 0.00 0.00 3.17 6.87 10.55 13.60 15.44 15.91 15.28 12.79 9.61 5.91 1.44 0.00 0.00 0.00 0.00
0.00 0.00 0.00 0.00 0.00 0.00 0.00 0.00 0.00 72.38 159.69 252.51 326.29 370.72 394.14 380.54 333.96 257.68 162.96 65.99 0.00 0.00 0.00 0.00
