0.00 0.00 0.00 0.00 0.00 0.00 0.00 0.25 1.14 1.99 2.94 3.88 4.70 5.24 5.40 5.09 4.51 3.65 2.62 1.56 0.67 0.00 0.00 0.00
0.00 0.00 0.00 0.00 0.00 0.00 0.00 6.09 21.97 36.94 56.47 72.78 84.61 91.59 91.13 84.40 67.43 53.24 35.36 13.77 3.29 0.00 0.00 0.00
0.00 0.00 0.00 0.00 0.00 0.00 0.00 5.64 25.98 45.52 67.27 88.77 107.46 119.88 123.47 116.32 103.02 83.49 59.98 35.68 15.31 0.00 0.00 0.00
0.00 0.00 0.00 0.00 0.00 0.00 0.00 20.05 92.34 161.79 239.06 315.49 381.91 426.03 438.82 413.39 366.13 296.71 213.16 126.79 54.39 0.00 0.00 0.00
0.00 0.00 0.00 0.00 0.00 0.00 0.00 1.62 4.28 7.10 10.47 13.16 14.87 16.63 16.46 14.77 12.03 9.38 6.21 2.34 0.43 0.00 0.00 0.00
0.00 0.00 0.00 0.00 0.00 0.00 0.00 30.96 198.98 360.40 539.81 716.99 865.63 939.46 963.13 915.34 840.40 681.43 480.42 274.21 119.66 0.00 0.00 0.00
0.00 0.00 0.00 0.00 0.00 0.00 0.00 0.96 2.54 4.20 6.16 7.90 9.10 9.13 9.19 8.56 6.28 4.98 3.40 1.71 0.55 0.00 0.00 0.00
0.00 0.00 0.00 0.00 0.00 0.00 0.00 0.34 1.13 1.87 3.31 4.20 4.78 5.51 5.60 5.24 3.60 2.80 1.89 0.66 0.17 0.00 0.00 0.00
0.00 0.00 0.00 0.00 0.00 0.00 0.00 0.54 1.81 3.00 5.30 6.71 7.65 8.82 8.97 8.39 5.76 4.48 3.03 1.06 0.27 0.00 0.00 0.00
0.00 0.00 0.00 0.00 0.00 0.00 0.00 0.54 1.81 3.00 5.30 6.71 7.65 8.82 8.97 8.39 5.76 4.48 3.03 1.06 0.27 0.00 0.00 0.00
0.00 0.00 0.00 0.00 0.00 0.00 0.00 1.33 4.63 7.76 11.60 15.57 18.45 19.34 19.30 18.25 11.37 9.15 6.30 3.58 1.11 0.00 0.00 0.00
0.00 0.00 0.00 0.00 0.00 0.00 0.00 0.63 2.22 3.71 5.41 7.26 8.59 9.50 9.56 8.97 5.51 4.40 3.02 1.45 0.44 0.00 0.00 0.00
0.00 0.00 0.00 0.00 0.00 0.00 0.00 0.81 2.85 4.77 6.96 9.33 11.04 12.21 12.30 11.54 7.08 5.65 3.88 1.86 0.57 0.00 0.00 0.00
0.00 0.00 0.00 0.00 0.00 0.00 0.00 0.54 1.90 3.18 4.64 6.22 7.36 8.14 8.20 7.69 4.72 3.77 2.59 1.24 0.38 0.00 0.00 0.00
0.00 0.00 0.00 0.00 0.00 0.00 0.00 0.54 1.90 3.18 4.64 6.22 7.36 8.14 8.20 7.69 4.72 3.77 2.59 1.24 0.38 0.00 0.00 0.00
0.00 0.00 0.00 0.00 0.00 0.00 0.00 4.57 24.70 43.67 67.33 87.83 99.99 111.72 113.40 107.75 97.04 76.18 51.41 22.25 6.22 0.00 0.00 0.00
0.00 0.00 0.00 0.00 0.00 0.00 0.00 4.45 14.76 24.51 36.80 48.61 57.82 57.18 57.66 53.98 30.21 24.13 16.86 11.86 3.62 0.00 0.00 0.00
0.00 0.00 0.00 0.00 0.00 0.00 0.00 3.91 12.93 21.48 31.47 40.08 47.04 49.93 50.39 47.95 38.10 30.13 20.66 10.68 3.50 0.00 0.00 0.00
0.00 0.00 0.00 0.00 0.00 0.00 0.00 9.13 58.69 106.31 159.22 211.49 255.33 277.11 284.09 269.99 247.89 201.00 141.71 80.88 35.30 0.00 0.00 0.00
0.00 0.00 0.00 0.00 0.00 0.00 0.00 8.69 55.83 101.12 151.46 201.17 242.87 263.59 270.23 256.82 235.79 191.19 134.80 76.94 33.57 0.00 0.00 0.00
0.00 0.00 0.00 0.00 0.00 0.00 0.00 16.70 107.36 194.46 291.26 386.87 467.07 506.90 519.68 493.89 453.45 367.68 259.22 147.96 64.57 0.00 0.00 0.00
0.00 0.00 0.00 0.00 0.00 0.00 0.00 16.43 105.58 191.22 286.41 380.42 459.28 498.45 511.01 485.66 445.89 361.55 254.90 145.49 63.49 0.00 0.00 0.00
0.00 0.00 0.00 0.00 0.00 0.00 0.00 27.86 122.91 214.48 310.82 412.19 500.23 542.74 554.81 544.77 451.79 364.11 262.93 173.09 77.00 0.00 0.00 0.00
0.00 0.00 0.00 0.00 0.00 0.00 0.00 0.34 1.13 1.87 3.31 4.20 4.78 5.51 5.60 5.24 3.60 2.80 1.89 0.66 0.17 0.00 0.00 0.00
0.00 0.00 0.00 0.00 0.00 0.00 0.00 1.71 5.72 9.49 16.78 21.26 24.24 27.93 28.40 26.56 18.24 14.20 9.59 3.36 0.87 0.00 0.00 0.00
0.00 0.00 0.00 0.00 0.00 0.00 0.00 8.75 29.21 48.47 85.67 108.56 123.73 142.60 144.98 135.59 93.13 72.48 48.95 17.16 4.44 0.00 0.00 0.00
0.00 0.00 0.00 0.00 0.00 0.00 0.00 0.62 4.01 7.26 10.87 14.44 17.44 18.92 19.40 18.44 16.93 13.73 9.68 5.52 2.41 0.00 0.00 0.00
0.00 0.00 0.00 0.00 0.00 0.00 0.00 19.74 90.91 159.27 235.34 310.57 375.96 419.39 431.98 406.95 360.43 292.08 209.84 124.82 53.55 0.00 0.00 0.00
0.00 0.00 0.00 0.00 0.00 0.00 0.00 1.23 5.80 10.16 15.50 21.49 27.16 31.07 31.84 30.70 28.04 22.56 15.68 9.00 3.26 0.00 0.00 0.00
0.00 0.00 0.00 0.00 0.00 0.00 0.00 14.95 49.66 82.84 122.22 156.46 182.81 179.54 187.96 178.97 137.23 111.62 79.55 53.40 21.94 0.00 0.00 0.00
0.00 0.00 0.00 0.00 0.00 0.00 0.00 0.33 1.52 2.65 3.92 5.18 6.27 6.99 7.20 6.78 6.01 4.87 3.50 2.08 0.89 0.00 0.00 0.00
0.00 0.00 0.00 0.00 0.00 0.00 0.00 14.80 68.18 119.45 176.50 232.93 281.97 314.54 323.98 305.21 270.32 219.06 157.38 93.61 40.16 0.00 0.00 0.00
0.00 0.00 0.00 0.00 0.00 0.00 0.00 19.00 87.50 153.29 226.51 298.92 361.86 403.66 415.78 391.68 346.91 281.13 201.97 120.14 51.54 0.00 0.00 0.00
0.00 0.00 0.00 0.00 0.00 0.00 0.00 36.74 162.08 282.85 409.90 543.57 659.68 715.73 731.65 718.42 595.80 480.17 346.75 228.26 101.54 0.00 0.00 0.00
0.00 0.00 0.00 0.00 0.00 0.00 0.00 0.90 3.42 5.79 8.82 11.59 13.71 15.83 15.85 14.95 12.99 10.17 7.03 2.70 0.83 0.00 0.00 0.00
0.00 0.00 0.00 0.00 0.00 0.00 0.00 1.17 4.34 7.35 10.87 14.20 16.91 19.55 19.67 18.63 14.75 11.50 8.07 3.04 0.93 0.00 0.00 0.00
0.00 0.00 0.00 0.00 0.00 0.00 0.00 5.09 23.94 41.93 63.94 88.63 112.05 128.16 131.33 126.66 115.68 93.04 64.66 37.13 13.45 0.00 0.00 0.00
0.00 0.00 0.00 0.00 0.00 0.00 0.00 26.34 110.15 191.50 308.57 400.94 478.00 522.75 533.81 500.51 479.84 388.26 284.01 178.36 88.38 0.00 0.00 0.00
0.00 0.00 0.00 0.00 0.00 0.00 0.00 0.38 1.20 1.98 2.92 3.82 4.47 4.68 4.69 4.42 2.23 1.77 1.23 0.96 0.28 0.00 0.00 0.00
0.00 0.00 0.00 0.00 0.00 0.00 0.00 6.12 24.23 41.66 61.14 78.93 94.05 102.96 104.11 98.21 80.10 65.01 47.58 31.38 13.27 0.00 0.00 0.00
0.00 0.00 0.00 0.00 0.00 0.00 0.00 0.54 7.02 13.31 19.76 26.41 31.81 34.44 34.90 32.04 29.02 23.15 16.53 9.70 4.37 0.00 0.00 0.00
0.00 0.00 0.00 0.00 0.00 0.00 0.00 1.13 2.91 4.80 7.15 9.11 10.47 10.79 10.76 10.09 7.65 5.99 4.05 2.10 0.66 0.00 0.00 0.00
0.00 0.00 0.00 0.00 0.00 0.00 0.00 0.56 1.45 2.40 3.58 4.55 5.24 5.40 5.38 5.04 3.82 3.00 2.03 1.05 0.33 0.00 0.00 0.00
0.00 0.00 0.00 0.00 0.00 0.00 0.00 1.24 3.18 5.25 7.82 9.96 11.45 11.81 11.77 11.03 8.37 6.55 4.43 2.30 0.73 0.00 0.00 0.00
0.00 0.00 0.00 0.00 0.00 0.00 0.00 1.43 3.75 6.21 9.48 11.91 13.74 14.63 14.63 13.68 10.38 8.08 5.54 2.73 0.85 0.00 0.00 0.00
0.00 0.00 0.00 0.00 0.00 0.00 0.00 2.18 5.72 9.46 14.45 18.15 20.93 22.30 22.29 20.84 15.82 12.31 8.44 4.16 1.29 0.00 0.00 0.00
0.00 0.00 0.00 0.00 0.00 0.00 0.00 1.95 5.22 8.60 12.44 16.10 18.33 18.02 18.04 16.89 12.21 9.73 6.58 3.44 1.12 0.00 0.00 0.00
0.00 0.00 0.00 0.00 0.00 0.00 0.00 1.43 4.22 6.87 9.79 12.33 14.28 12.71 13.26 12.96 10.16 8.05 5.66 4.06 1.61 0.00 0.00 0.00
0.00 0.00 0.00 0.00 0.00 0.00 0.00 3.69 10.89 17.76 25.29 31.84 36.89 32.83 34.25 33.47 26.24 20.81 14.61 10.49 4.15 0.00 0.00 0.00
0.00 0.00 0.00 0.00 0.00 0.00 0.00 0.87 2.77 4.57 6.66 8.52 9.95 9.68 9.90 9.54 7.09 5.69 3.96 2.67 1.05 0.00 0.00 0.00
0.00 0.00 0.00 0.00 0.00 0.00 0.00 1.83 5.45 8.92 13.21 17.53 20.37 22.05 22.32 20.63 10.43 8.25 5.70 3.40 0.96 0.00 0.00 0.00
0.00 0.00 0.00 0.00 0.00 0.00 0.00 3.46 9.82 16.01 22.66 29.15 34.65 36.70 37.33 34.93 22.90 17.99 12.14 5.78 1.75 0.00 0.00 0.00
0.00 0.00 0.00 0.00 0.00 0.00 0.00 0.54 1.41 2.26 3.19 4.01 4.47 5.14 5.01 4.63 3.53 2.75 1.81 0.63 0.13 0.00 0.00 0.00
0.00 0.00 0.00 0.00 0.00 0.00 0.00 2.51 7.23 11.85 18.39 22.72 25.41 29.81 29.90 27.53 19.70 15.14 9.93 1.99 0.45 0.00 0.00 0.00
0.00 0.00 0.00 0.00 0.00 0.00 0.00 1.91 5.26 8.59 12.53 15.63 17.04 19.48 18.92 17.68 12.78 9.86 6.56 1.46 0.31 0.00 0.00 0.00
0.00 0.00 0.00 0.00 0.00 0.00 0.00 2.64 7.25 11.86 17.29 21.56 23.52 26.88 26.11 24.40 17.64 13.60 9.05 2.01 0.42 0.00 0.00 0.00
0.00 0.00 0.00 0.00 0.00 0.00 0.00 1.80 4.94 8.08 11.78 14.69 16.02 18.31 17.79 16.62 12.02 9.27 6.16 1.37 0.29 0.00 0.00 0.00
0.00 0.00 0.00 0.00 0.00 0.00 0.00 1.34 3.85 6.32 9.81 12.12 13.55 15.90 15.95 14.69 10.51 8.08 5.30 1.06 0.24 0.00 0.00 0.00
0.00 0.00 0.00 0.00 0.00 0.00 0.00 1.35 3.61 5.92 8.86 11.02 12.29 13.92 13.85 12.72 10.71 8.37 5.70 1.67 0.32 0.00 0.00 0.00
0.00 0.00 0.00 0.00 0.00 0.00 0.00 0.97 3.24 5.37 9.49 12.03 13.71 15.80 16.07 15.03 10.32 8.03 5.42 1.90 0.49 0.00 0.00 0.00
0.00 0.00 0.00 0.00 0.00 0.00 0.00 5.95 32.15 56.85 87.64 114.32 130.15 145.42 147.60 140.25 126.30 99.16 66.92 28.96 8.09 0.00 0.00 0.00
0.00 0.00 0.00 0.00 0.00 0.00 0.00 1.50 5.25 8.79 13.15 17.65 20.91 21.92 21.88 20.68 12.88 10.37 7.14 4.05 1.26 0.00 0.00 0.00
0.00 0.00 0.00 0.00 0.00 0.00 0.00 2.38 7.67 12.67 20.87 27.40 32.64 36.08 36.59 33.99 17.13 13.66 9.46 7.28 2.09 0.00 0.00 0.00
0.00 0.00 0.00 0.00 0.00 0.00 0.00 1.09 3.52 5.81 9.57 12.56 14.96 16.54 16.77 15.58 7.85 6.26 4.33 3.34 0.96 0.00 0.00 0.00
0.00 0.00 0.00 0.00 0.00 0.00 0.00 1.88 6.53 10.92 16.47 22.03 26.16 26.58 26.36 24.91 15.07 12.06 8.40 5.26 1.64 0.00 0.00 0.00
0.00 0.00 0.00 0.00 0.00 0.00 0.00 0.92 2.93 4.82 7.09 9.27 10.86 11.36 11.38 10.74 5.41 4.31 3.00 2.32 0.69 0.00 0.00 0.00
0.00 0.00 0.00 0.00 0.00 0.00 0.00 5.27 24.78 43.41 66.20 91.77 116.01 132.69 135.97 131.14 119.77 96.33 66.95 38.45 13.92 0.00 0.00 0.00
0.00 0.00 0.00 0.00 0.00 0.00 0.00 3.57 11.87 19.81 29.23 37.41 43.71 42.93 44.95 42.80 32.81 26.69 19.02 12.77 5.25 0.00 0.00 0.00
0.00 0.00 0.00 0.00 0.00 0.00 0.00 0.77 2.65 4.45 6.65 8.49 10.02 9.77 9.94 9.48 6.56 5.30 3.74 2.82 1.15 0.00 0.00 0.00
0.00 0.00 0.00 0.00 0.00 0.00 0.00 0.91 3.22 5.44 7.97 10.22 12.00 12.75 13.15 12.78 9.19 7.25 5.13 3.43 1.35 0.00 0.00 0.00
0.00 0.00 0.00 0.00 0.00 0.00 0.00 1.45 5.16 8.70 12.76 16.35 19.20 20.40 21.03 20.45 14.71 11.61 8.21 5.49 2.17 0.00 0.00 0.00
0.00 0.00 0.00 0.00 0.00 0.00 0.00 16.98 109.15 197.70 296.12 393.31 474.85 515.35 528.34 502.12 461.01 373.80 263.54 150.42 65.64 0.00 0.00 0.00
