0.00 0.00 0.00 0.00 0.00 0.00 0.00 0.00 0.40 1.45 2.57 3.68 4.51 3.89 3.95 3.81 4.27 3.33 2.17 0.80 0.02 0.00 0.00 0.00
0.00 0.00 0.00 0.00 0.00 0.00 0.00 0.00 10.00 25.78 40.79 56.46 69.11 60.26 60.55 56.73 39.80 30.35 18.57 4.91 0.00 0.00 0.00 0.00
0.00 0.00 0.00 0.00 0.00 0.00 0.00 0.00 9.13 33.15 58.71 84.08 103.11 88.90 90.36 87.03 97.73 76.10 49.70 18.24 0.55 0.00 0.00 0.00
0.00 0.00 0.00 0.00 0.00 0.00 0.00 0.00 32.44 117.80 208.64 298.81 366.44 315.94 321.15 309.30 347.32 270.47 176.65 64.83 1.94 0.00 0.00 0.00
0.00 0.00 0.00 0.00 0.00 0.00 0.00 0.00 2.36 5.20 8.33 11.22 12.97 13.29 13.13 12.31 10.18 7.57 4.44 1.02 0.00 0.00 0.00 0.00
0.00 0.00 0.00 0.00 0.00 0.00 0.00 0.00 61.42 257.97 460.29 662.56 812.89 920.82 938.01 885.34 769.55 606.06 411.13 165.61 12.66 0.00 0.00 0.00
0.00 0.00 0.00 0.00 0.00 0.00 0.00 0.00 1.37 3.31 5.01 6.96 8.13 8.48 8.41 7.91 7.13 5.25 3.20 0.91 0.00 0.00 0.00 0.00
0.00 0.00 0.00 0.00 0.00 0.00 0.00 0.00 0.62 1.56 2.51 3.50 4.18 4.47 4.58 4.31 3.37 2.61 1.60 0.48 0.00 0.00 0.00 0.00
0.00 0.00 0.00 0.00 0.00 0.00 0.00 0.00 0.99 2.50 4.01 5.60 6.68 7.15 7.33 6.89 5.40 4.18 2.57 0.76 0.00 0.00 0.00 0.00
0.00 0.00 0.00 0.00 0.00 0.00 0.00 0.00 0.99 2.50 4.01 5.60 6.68 7.15 7.33 6.89 5.40 4.18 2.57 0.76 0.00 0.00 0.00 0.00
0.00 0.00 0.00 0.00 0.00 0.00 0.00 0.00 2.18 5.87 10.07 14.23 17.44 18.74 18.88 18.15 15.94 12.13 7.68 2.44 0.00 0.00 0.00 0.00
0.00 0.00 0.00 0.00 0.00 0.00 0.00 0.00 1.05 2.81 4.84 6.72 8.17 8.74 8.81 8.51 7.47 5.71 3.52 1.11 0.00 0.00 0.00 0.00
0.00 0.00 0.00 0.00 0.00 0.00 0.00 0.00 1.34 3.61 6.22 8.64 10.50 11.23 11.33 10.95 9.61 7.35 4.52 1.43 0.00 0.00 0.00 0.00
0.00 0.00 0.00 0.00 0.00 0.00 0.00 0.00 0.90 2.41 4.15 5.76 7.00 7.49 7.55 7.30 6.41 4.90 3.01 0.95 0.00 0.00 0.00 0.00
0.00 0.00 0.00 0.00 0.00 0.00 0.00 0.00 0.90 2.41 4.15 5.76 7.00 7.49 7.55 7.30 6.41 4.90 3.01 0.95 0.00 0.00 0.00 0.00
0.00 0.00 0.00 0.00 0.00 0.00 0.00 0.00 8.42 25.31 41.24 59.25 74.25 70.04 73.01 70.18 58.46 44.92 27.73 10.97 0.00 0.00 0.00 0.00
0.00 0.00 0.00 0.00 0.00 0.00 0.00 0.00 6.93 18.27 30.75 43.96 53.80 57.91 57.12 54.21 48.04 36.50 23.12 7.36 0.00 0.00 0.00 0.00
0.00 0.00 0.00 0.00 0.00 0.00 0.00 0.00 5.98 16.07 27.43 37.60 45.85 48.80 49.11 47.05 41.06 31.34 19.77 6.20 0.00 0.00 0.00 0.00
0.00 0.00 0.00 0.00 0.00 0.00 0.00 0.00 18.12 76.09 135.77 195.43 239.77 271.61 276.68 261.14 226.99 178.77 121.27 48.85 3.73 0.00 0.00 0.00
0.00 0.00 0.00 0.00 0.00 0.00 0.00 0.00 17.23 72.38 129.15 185.90 228.08 258.36 263.18 248.40 215.92 170.05 115.35 46.47 3.55 0.00 0.00 0.00
0.00 0.00 0.00 0.00 0.00 0.00 0.00 0.00 33.14 139.19 248.36 357.50 438.61 496.85 506.12 477.70 415.23 327.01 221.83 89.36 6.83 0.00 0.00 0.00
0.00 0.00 0.00 0.00 0.00 0.00 0.00 0.00 32.59 136.87 244.22 351.54 431.30 488.57 497.68 469.74 408.31 321.56 218.14 87.87 6.72 0.00 0.00 0.00
0.00 0.00 0.00 0.00 0.00 0.00 0.00 0.00 42.62 157.98 264.19 372.15 449.04 502.89 509.18 484.92 443.43 344.59 228.04 86.71 4.49 0.00 0.00 0.00
0.00 0.00 0.00 0.00 0.00 0.00 0.00 0.00 0.62 1.56 2.51 3.50 4.18 4.47 4.58 4.31 3.37 2.61 1.60 0.48 0.00 0.00 0.00 0.00
0.00 0.00 0.00 0.00 0.00 0.00 0.00 0.00 3.13 7.92 12.69 17.72 21.17 22.63 23.21 21.82 17.09 13.24 8.13 2.42 0.00 0.00 0.00 0.00
0.00 0.00 0.00 0.00 0.00 0.00 0.00 0.00 15.97 40.44 64.80 90.49 108.07 115.54 118.51 111.39 87.23 67.60 41.50 12.35 0.00 0.00 0.00 0.00
0.00 0.00 0.00 0.00 0.00 0.00 0.00 0.00 1.24 5.20 9.27 13.35 16.37 18.55 18.90 17.83 15.50 12.21 8.28 3.34 0.25 0.00 0.00 0.00
0.00 0.00 0.00 0.00 0.00 0.00 0.00 0.00 31.93 115.96 205.38 294.15 360.73 311.02 316.14 304.48 341.91 266.25 173.89 63.82 1.91 0.00 0.00 0.00
0.00 0.00 0.00 0.00 0.00 0.00 0.00 0.00 2.61 8.37 14.04 20.37 26.11 30.45 31.35 29.92 25.51 19.87 13.27 5.57 0.00 0.00 0.00 0.00
0.00 0.00 0.00 0.00 0.00 0.00 0.00 0.00 21.10 63.23 108.02 153.00 180.40 189.65 190.61 180.74 157.02 120.50 77.38 25.68 0.00 0.00 0.00 0.00
0.00 0.00 0.00 0.00 0.00 0.00 0.00 0.00 0.53 1.93 3.42 4.90 6.01 5.18 5.27 5.07 5.70 4.44 2.90 1.06 0.03 0.00 0.00 0.00
0.00 0.00 0.00 0.00 0.00 0.00 0.00 0.00 23.95 86.97 154.04 220.61 270.55 233.26 237.11 228.36 256.43 199.69 130.42 47.87 1.43 0.00 0.00 0.00
0.00 0.00 0.00 0.00 0.00 0.00 0.00 0.00 30.74 111.61 197.68 283.12 347.20 299.35 304.29 293.06 329.09 256.27 167.37 61.43 1.84 0.00 0.00 0.00
0.00 0.00 0.00 0.00 0.00 0.00 0.00 0.00 56.21 208.34 348.40 490.78 592.17 663.19 671.48 639.49 584.78 454.42 300.72 114.35 5.93 0.00 0.00 0.00
0.00 0.00 0.00 0.00 0.00 0.00 0.00 0.00 1.55 4.30 7.30 10.30 12.48 13.47 13.84 13.18 11.58 8.85 5.57 1.92 0.00 0.00 0.00 0.00
0.00 0.00 0.00 0.00 0.00 0.00 0.00 0.00 1.97 5.41 9.21 13.01 15.78 17.00 17.29 16.57 14.49 11.01 6.95 2.32 0.00 0.00 0.00 0.00
0.00 0.00 0.00 0.00 0.00 0.00 0.00 0.00 10.78 34.52 57.91 84.02 107.70 125.61 129.33 123.41 105.24 81.97 54.72 22.96 0.00 0.00 0.00 0.00
0.00 0.00 0.00 0.00 0.00 0.00 0.00 0.00 33.84 144.22 250.38 347.53 433.09 461.50 466.98 443.27 405.04 324.65 222.06 99.75 13.48 0.00 0.00 0.00
0.00 0.00 0.00 0.00 0.00 0.00 0.00 0.00 0.57 1.47 2.49 3.52 4.28 4.63 4.57 4.23 3.69 2.84 1.78 0.55 0.00 0.00 0.00 0.00
0.00 0.00 0.00 0.00 0.00 0.00 0.00 0.00 8.94 29.97 52.41 73.36 89.61 61.28 63.15 60.13 85.12 66.11 42.29 15.42 0.00 0.00 0.00 0.00
0.00 0.00 0.00 0.00 0.00 0.00 0.00 0.00 1.74 9.26 16.68 24.20 29.77 32.53 32.18 30.47 27.83 22.36 15.23 6.90 0.91 0.00 0.00 0.00
0.00 0.00 0.00 0.00 0.00 0.00 0.00 0.00 1.65 3.89 5.83 8.08 9.55 9.78 9.74 9.03 8.30 6.10 3.68 1.00 0.00 0.00 0.00 0.00
0.00 0.00 0.00 0.00 0.00 0.00 0.00 0.00 0.82 1.95 2.91 4.04 4.78 4.89 4.87 4.52 4.15 3.05 1.84 0.50 0.00 0.00 0.00 0.00
0.00 0.00 0.00 0.00 0.00 0.00 0.00 0.00 1.80 4.26 6.38 8.83 10.45 10.70 10.65 9.88 9.08 6.67 4.02 1.09 0.00 0.00 0.00 0.00
0.00 0.00 0.00 0.00 0.00 0.00 0.00 0.00 2.10 4.99 7.61 10.64 12.69 13.27 13.12 12.21 11.01 8.00 4.87 1.33 0.00 0.00 0.00 0.00
0.00 0.00 0.00 0.00 0.00 0.00 0.00 0.00 3.20 7.60 11.59 16.22 19.34 20.23 19.99 18.61 16.78 12.19 7.42 2.02 0.00 0.00 0.00 0.00
0.00 0.00 0.00 0.00 0.00 0.00 0.00 0.00 2.77 6.73 10.08 13.96 16.53 17.63 17.58 16.30 14.42 10.72 6.56 1.91 0.00 0.00 0.00 0.00
0.00 0.00 0.00 0.00 0.00 0.00 0.00 0.00 1.87 5.15 8.52 11.82 14.40 15.63 15.31 14.31 12.54 9.62 6.03 2.01 0.00 0.00 0.00 0.00
0.00 0.00 0.00 0.00 0.00 0.00 0.00 0.00 4.82 13.29 22.01 30.53 37.19 40.37 39.56 36.98 32.39 24.86 15.59 5.20 0.00 0.00 0.00 0.00
0.00 0.00 0.00 0.00 0.00 0.00 0.00 0.00 1.20 3.42 4.71 6.67 8.11 10.44 10.32 9.71 7.85 5.92 3.72 1.35 0.00 0.00 0.00 0.00
0.00 0.00 0.00 0.00 0.00 0.00 0.00 0.00 2.78 6.86 11.33 15.64 18.92 20.39 20.15 18.70 15.59 11.99 7.41 2.08 0.00 0.00 0.00 0.00
0.00 0.00 0.00 0.00 0.00 0.00 0.00 0.00 4.97 12.21 20.03 27.51 32.80 33.88 33.78 31.81 28.15 21.23 12.72 3.45 0.00 0.00 0.00 0.00
0.00 0.00 0.00 0.00 0.00 0.00 0.00 0.00 0.72 1.58 2.56 3.46 4.04 4.15 4.08 3.89 3.31 2.45 1.46 0.35 0.00 0.00 0.00 0.00
0.00 0.00 0.00 0.00 0.00 0.00 0.00 0.00 3.73 8.73 14.02 18.91 22.52 23.74 23.62 22.20 18.41 13.83 8.43 2.24 0.00 0.00 0.00 0.00
0.00 0.00 0.00 0.00 0.00 0.00 0.00 0.00 2.65 6.03 9.55 12.89 14.98 15.53 15.69 14.91 12.37 9.24 5.52 1.37 0.00 0.00 0.00 0.00
0.00 0.00 0.00 0.00 0.00 0.00 0.00 0.00 3.66 8.32 13.19 17.79 20.67 21.44 21.65 20.58 17.06 12.75 7.62 1.89 0.00 0.00 0.00 0.00
0.00 0.00 0.00 0.00 0.00 0.00 0.00 0.00 2.49 5.67 8.98 12.12 14.08 14.60 14.75 14.02 11.62 8.68 5.19 1.29 0.00 0.00 0.00 0.00
0.00 0.00 0.00 0.00 0.00 0.00 0.00 0.00 1.99 4.65 7.48 10.08 12.01 12.66 12.59 11.84 9.82 7.38 4.50 1.20 0.00 0.00 0.00 0.00
0.00 0.00 0.00 0.00 0.00 0.00 0.00 0.00 2.08 4.64 7.43 10.02 11.49 11.93 11.70 10.94 9.14 6.83 4.04 0.94 0.00 0.00 0.00 0.00
0.00 0.00 0.00 0.00 0.00 0.00 0.00 0.00 1.77 4.48 7.18 10.03 11.98 12.80 13.13 12.34 9.67 7.49 4.60 1.37 0.00 0.00 0.00 0.00
0.00 0.00 0.00 0.00 0.00 0.00 0.00 0.00 10.96 32.94 53.67 77.12 96.64 91.17 95.03 91.35 76.09 58.47 36.09 14.27 0.00 0.00 0.00 0.00
0.00 0.00 0.00 0.00 0.00 0.00 0.00 0.00 2.47 6.65 11.42 16.12 19.76 21.23 21.40 20.57 18.07 13.75 8.71 2.76 0.00 0.00 0.00 0.00
0.00 0.00 0.00 0.00 0.00 0.00 0.00 0.00 4.12 10.54 17.15 23.75 28.95 30.81 30.47 28.74 24.61 18.99 11.98 3.59 0.00 0.00 0.00 0.00
0.00 0.00 0.00 0.00 0.00 0.00 0.00 0.00 1.89 4.83 7.86 10.89 13.27 14.12 13.97 13.17 11.28 8.70 5.49 1.64 0.00 0.00 0.00 0.00
0.00 0.00 0.00 0.00 0.00 0.00 0.00 0.00 3.04 8.18 14.07 20.06 24.62 26.46 26.57 25.44 22.35 17.00 10.89 3.44 0.00 0.00 0.00 0.00
0.00 0.00 0.00 0.00 0.00 0.00 0.00 0.00 1.39 3.58 6.04 8.55 10.39 11.24 11.11 10.28 8.97 6.90 4.33 1.33 0.00 0.00 0.00 0.00
0.00 0.00 0.00 0.00 0.00 0.00 0.00 0.00 11.16 35.74 59.96 86.99 111.51 130.05 133.90 127.77 108.96 84.87 56.66 23.77 0.00 0.00 0.00 0.00
0.00 0.00 0.00 0.00 0.00 0.00 0.00 0.00 5.04 15.12 25.83 36.59 43.14 45.35 45.58 43.22 37.55 28.82 18.50 6.14 0.00 0.00 0.00 0.00
0.00 0.00 0.00 0.00 0.00 0.00 0.00 0.00 1.09 3.30 5.77 8.21 9.82 9.40 9.68 9.15 8.06 6.23 4.01 1.45 0.00 0.00 0.00 0.00
0.00 0.00 0.00 0.00 0.00 0.00 0.00 0.00 1.35 4.10 7.08 9.99 12.19 11.28 11.44 10.84 8.85 6.76 4.33 1.81 0.00 0.00 0.00 0.00
0.00 0.00 0.00 0.00 0.00 0.00 0.00 0.00 2.17 6.56 11.32 15.98 19.51 18.05 18.31 17.35 14.16 10.82 6.93 2.89 0.00 0.00 0.00 0.00
0.00 0.00 0.00 0.00 0.00 0.00 0.00 0.00 33.69 141.51 252.50 363.46 445.92 505.13 514.55 485.66 422.15 332.46 225.53 90.85 6.94 0.00 0.00 0.00
