0.00 0.00 0.00 0.00 0.00 0.00 0.00 0.00 0.00 0.05 0.53 0.91 1.31 2.18 2.28 2.15 2.35 1.59 0.81 0.00 0.00 0.00 0.00 0.00
0.00 0.00 0.00 0.00 0.00 0.00 0.00 0.00 0.00 3.71 9.42 14.37 18.89 20.00 20.21 19.28 19.39 13.18 6.20 0.00 0.00 0.00 0.00 0.00
0.00 0.00 0.00 0.00 0.00 0.00 0.00 0.00 0.00 1.18 12.14 20.92 29.98 49.90 52.16 49.17 53.63 36.42 18.57 0.00 0.00 0.00 0.00 0.00
0.00 0.00 0.00 0.00 0.00 0.00 0.00 0.00 0.00 4.19 43.16 74.35 106.55 177.34 185.37 174.76 190.61 129.43 66.00 0.00 0.00 0.00 0.00 0.00
0.00 0.00 0.00 0.00 0.00 0.00 0.00 0.00 0.00 1.34 2.72 4.03 5.20 4.72 4.78 4.32 3.37 2.23 0.86 0.00 0.00 0.00 0.00 0.00
0.00 0.00 0.00 0.00 0.00 0.00 0.00 0.00 0.00 8.06 82.28 143.48 208.27 426.52 445.95 416.58 470.50 324.92 174.41 0.00 0.00 0.00 0.00 0.00
0.00 0.00 0.00 0.00 0.00 0.00 0.00 0.00 0.00 0.15 0.54 0.84 1.14 1.23 1.25 1.14 1.06 0.71 0.28 0.00 0.00 0.00 0.00 0.00
0.00 0.00 0.00 0.00 0.00 0.00 0.00 0.00 0.00 0.21 0.52 0.78 1.03 1.01 1.05 0.99 0.78 0.53 0.24 0.00 0.00 0.00 0.00 0.00
0.00 0.00 0.00 0.00 0.00 0.00 0.00 0.00 0.00 0.33 0.82 1.25 1.64 1.61 1.68 1.58 1.25 0.85 0.39 0.00 0.00 0.00 0.00 0.00
0.00 0.00 0.00 0.00 0.00 0.00 0.00 0.00 0.00 0.33 0.82 1.25 1.64 1.61 1.68 1.58 1.25 0.85 0.39 0.00 0.00 0.00 0.00 0.00
0.00 0.00 0.00 0.00 0.00 0.00 0.00 0.00 0.00 0.52 1.54 2.40 3.28 2.62 2.74 2.60 2.31 1.60 0.74 0.00 0.00 0.00 0.00 0.00
0.00 0.00 0.00 0.00 0.00 0.00 0.00 0.00 0.00 0.26 0.72 1.11 1.55 1.28 1.32 1.25 1.09 0.74 0.35 0.00 0.00 0.00 0.00 0.00
0.00 0.00 0.00 0.00 0.00 0.00 0.00 0.00 0.00 0.33 0.92 1.43 1.99 1.65 1.70 1.61 1.40 0.96 0.45 0.00 0.00 0.00 0.00 0.00
0.00 0.00 0.00 0.00 0.00 0.00 0.00 0.00 0.00 0.22 0.62 0.96 1.33 1.10 1.13 1.07 0.94 0.64 0.30 0.00 0.00 0.00 0.00 0.00
0.00 0.00 0.00 0.00 0.00 0.00 0.00 0.00 0.00 0.22 0.62 0.96 1.33 1.10 1.13 1.07 0.94 0.64 0.30 0.00 0.00 0.00 0.00 0.00
0.00 0.00 0.00 0.00 0.00 0.00 0.00 0.00 0.00 8.15 25.43 39.16 54.94 64.75 67.68 64.66 47.93 32.90 17.10 0.00 0.00 0.00 0.00 0.00
0.00 0.00 0.00 0.00 0.00 0.00 0.00 0.00 0.00 1.54 4.80 7.45 10.02 7.60 7.95 7.46 6.59 4.45 2.02 0.00 0.00 0.00 0.00 0.00
0.00 0.00 0.00 0.00 0.00 0.00 0.00 0.00 0.00 1.15 4.28 6.73 9.06 7.80 8.02 7.51 6.03 4.16 1.89 0.00 0.00 0.00 0.00 0.00
0.00 0.00 0.00 0.00 0.00 0.00 0.00 0.00 0.00 2.38 24.27 42.32 61.43 125.81 131.54 122.88 138.78 95.84 51.44 0.00 0.00 0.00 0.00 0.00
0.00 0.00 0.00 0.00 0.00 0.00 0.00 0.00 0.00 2.26 23.09 40.26 58.43 119.67 125.12 116.88 132.01 91.16 48.93 0.00 0.00 0.00 0.00 0.00
0.00 0.00 0.00 0.00 0.00 0.00 0.00 0.00 0.00 4.35 44.40 77.42 112.37 230.14 240.62 224.77 253.87 175.31 94.10 0.00 0.00 0.00 0.00 0.00
0.00 0.00 0.00 0.00 0.00 0.00 0.00 0.00 0.00 4.28 43.66 76.13 110.50 226.30 236.61 221.03 249.64 172.39 92.54 0.00 0.00 0.00 0.00 0.00
0.00 0.00 0.00 0.00 0.00 0.00 0.00 0.00 0.00 3.35 63.73 111.87 159.49 272.20 282.64 264.83 248.85 169.85 86.02 0.00 0.00 0.00 0.00 0.00
0.00 0.00 0.00 0.00 0.00 0.00 0.00 0.00 0.00 0.21 0.52 0.78 1.03 1.01 1.05 0.99 0.78 0.53 0.24 0.00 0.00 0.00 0.00 0.00
0.00 0.00 0.00 0.00 0.00 0.00 0.00 0.00 0.00 1.05 2.61 3.96 5.21 5.11 5.34 4.99 3.95 2.68 1.22 0.00 0.00 0.00 0.00 0.00
0.00 0.00 0.00 0.00 0.00 0.00 0.00 0.00 0.00 5.37 13.32 20.23 26.57 26.07 27.24 25.48 20.15 13.66 6.24 0.00 0.00 0.00 0.00 0.00
0.00 0.00 0.00 0.00 0.00 0.00 0.00 0.00 0.00 0.16 1.66 2.89 4.20 8.59 8.98 8.39 9.48 6.55 3.51 0.00 0.00 0.00 0.00 0.00
0.00 0.00 0.00 0.00 0.00 0.00 0.00 0.00 0.00 4.12 42.49 73.19 104.88 174.57 182.48 172.03 187.64 127.42 64.97 0.00 0.00 0.00 0.00 0.00
0.00 0.00 0.00 0.00 0.00 0.00 0.00 0.00 0.00 1.31 4.70 7.59 10.36 11.32 12.23 11.77 6.63 4.89 2.49 0.00 0.00 0.00 0.00 0.00
0.00 0.00 0.00 0.00 0.00 0.00 0.00 0.00 0.00 3.16 14.67 24.73 34.67 61.76 62.99 58.45 76.64 53.18 24.43 0.00 0.00 0.00 0.00 0.00
0.00 0.00 0.00 0.00 0.00 0.00 0.00 0.00 0.00 0.07 0.71 1.22 1.75 2.91 3.04 2.87 3.13 2.12 1.08 0.00 0.00 0.00 0.00 0.00
0.00 0.00 0.00 0.00 0.00 0.00 0.00 0.00 0.00 3.09 31.86 54.89 78.66 130.93 136.86 129.02 140.73 95.56 48.73 0.00 0.00 0.00 0.00 0.00
0.00 0.00 0.00 0.00 0.00 0.00 0.00 0.00 0.00 3.97 40.89 70.44 100.95 168.03 175.64 165.58 180.60 122.64 62.54 0.00 0.00 0.00 0.00 0.00
0.00 0.00 0.00 0.00 0.00 0.00 0.00 0.00 0.00 4.42 84.05 147.53 210.32 358.97 372.74 349.25 328.18 223.99 113.44 0.00 0.00 0.00 0.00 0.00
0.00 0.00 0.00 0.00 0.00 0.00 0.00 0.00 0.00 0.38 1.02 1.59 2.23 1.97 2.11 1.97 2.05 1.40 0.67 0.00 0.00 0.00 0.00 0.00
0.00 0.00 0.00 0.00 0.00 0.00 0.00 0.00 0.00 0.48 1.30 2.02 2.85 2.48 2.63 2.47 2.34 1.59 0.76 0.00 0.00 0.00 0.00 0.00
0.00 0.00 0.00 0.00 0.00 0.00 0.00 0.00 0.00 5.38 19.39 31.29 42.75 46.70 50.45 48.56 27.33 20.15 10.28 0.00 0.00 0.00 0.00 0.00
0.00 0.00 0.00 0.00 0.00 0.00 0.00 0.00 0.00 0.00 56.07 107.77 153.84 141.04 151.88 144.40 77.42 53.32 26.76 0.00 0.00 0.00 0.00 0.00
0.00 0.00 0.00 0.00 0.00 0.00 0.00 0.00 0.00 0.12 0.38 0.59 0.79 0.65 0.67 0.63 0.48 0.33 0.15 0.00 0.00 0.00 0.00 0.00
0.00 0.00 0.00 0.00 0.00 0.00 0.00 0.00 0.00 1.03 9.57 16.35 23.20 45.33 46.44 43.05 45.15 31.09 15.26 0.00 0.00 0.00 0.00 0.00
0.00 0.00 0.00 0.00 0.00 0.00 0.00 0.00 0.00 0.24 4.97 8.84 12.80 19.40 20.89 19.59 19.40 13.76 7.76 0.26 0.00 0.00 0.00 0.00
0.00 0.00 0.00 0.00 0.00 0.00 0.00 0.00 0.00 0.18 0.50 0.78 1.06 1.39 1.39 1.27 1.18 0.78 0.29 0.00 0.00 0.00 0.00 0.00
0.00 0.00 0.00 0.00 0.00 0.00 0.00 0.00 0.00 0.09 0.25 0.39 0.53 0.70 0.69 0.63 0.59 0.39 0.15 0.00 0.00 0.00 0.00 0.00
0.00 0.00 0.00 0.00 0.00 0.00 0.00 0.00 0.00 0.19 0.55 0.86 1.16 1.52 1.52 1.39 1.29 0.86 0.32 0.00 0.00 0.00 0.00 0.00
0.00 0.00 0.00 0.00 0.00 0.00 0.00 0.00 0.00 0.23 0.74 1.14 1.52 1.83 1.86 1.72 1.61 1.07 0.41 0.00 0.00 0.00 0.00 0.00
0.00 0.00 0.00 0.00 0.00 0.00 0.00 0.00 0.00 0.35 1.12 1.74 2.32 2.79 2.83 2.62 2.45 1.63 0.63 0.00 0.00 0.00 0.00 0.00
0.00 0.00 0.00 0.00 0.00 0.00 0.00 0.00 0.00 0.30 1.16 1.81 2.49 2.44 2.45 2.23 2.17 1.45 0.57 0.00 0.00 0.00 0.00 0.00
0.00 0.00 0.00 0.00 0.00 0.00 0.00 0.00 0.00 0.24 1.12 1.86 2.58 2.58 2.61 2.46 3.91 2.66 1.14 0.00 0.00 0.00 0.00 0.00
0.00 0.00 0.00 0.00 0.00 0.00 0.00 0.00 0.00 0.63 2.89 4.79 6.66 6.66 6.75 6.36 10.10 6.88 2.94 0.00 0.00 0.00 0.00 0.00
0.00 0.00 0.00 0.00 0.00 0.00 0.00 0.00 0.00 0.22 1.10 1.83 2.52 2.15 2.18 2.05 2.76 1.90 0.85 0.00 0.00 0.00 0.00 0.00
0.00 0.00 0.00 0.00 0.00 0.00 0.00 0.00 0.00 0.56 1.69 2.58 3.42 3.36 3.44 3.23 2.16 1.47 0.63 0.00 0.00 0.00 0.00 0.00
0.00 0.00 0.00 0.00 0.00 0.00 0.00 0.00 0.00 0.60 1.64 2.54 3.47 4.17 4.27 3.90 3.65 2.47 1.02 0.00 0.00 0.00 0.00 0.00
0.00 0.00 0.00 0.00 0.00 0.00 0.00 0.00 0.00 0.31 0.67 0.99 1.28 1.30 1.31 1.20 0.94 0.63 0.24 0.00 0.00 0.00 0.00 0.00
0.00 0.00 0.00 0.00 0.00 0.00 0.00 0.00 0.00 1.38 3.45 5.16 6.82 7.15 7.19 6.57 4.36 2.94 1.23 0.00 0.00 0.00 0.00 0.00
0.00 0.00 0.00 0.00 0.00 0.00 0.00 0.00 0.00 1.01 2.51 3.76 4.89 5.27 5.31 4.84 3.50 2.33 0.94 0.00 0.00 0.00 0.00 0.00
0.00 0.00 0.00 0.00 0.00 0.00 0.00 0.00 0.00 1.39 3.46 5.19 6.75 7.27 7.33 6.68 4.83 3.21 1.29 0.00 0.00 0.00 0.00 0.00
0.00 0.00 0.00 0.00 0.00 0.00 0.00 0.00 0.00 0.95 2.36 3.54 4.60 4.95 4.99 4.55 3.29 2.19 0.88 0.00 0.00 0.00 0.00 0.00
0.00 0.00 0.00 0.00 0.00 0.00 0.00 0.00 0.00 0.74 1.84 2.75 3.64 3.82 3.83 3.50 2.32 1.57 0.66 0.00 0.00 0.00 0.00 0.00
0.00 0.00 0.00 0.00 0.00 0.00 0.00 0.00 0.00 1.06 2.20 3.28 4.16 4.11 4.20 3.81 2.92 1.94 0.76 0.00 0.00 0.00 0.00 0.00
0.00 0.00 0.00 0.00 0.00 0.00 0.00 0.00 0.00 0.60 1.48 2.24 2.95 2.89 3.02 2.82 2.23 1.51 0.69 0.00 0.00 0.00 0.00 0.00
0.00 0.00 0.00 0.00 0.00 0.00 0.00 0.00 0.00 10.60 33.10 50.97 71.51 84.27 88.10 84.16 62.38 42.82 22.25 0.00 0.00 0.00 0.00 0.00
0.00 0.00 0.00 0.00 0.00 0.00 0.00 0.00 0.00 0.59 1.75 2.72 3.72 2.97 3.11 2.94 2.62 1.81 0.84 0.00 0.00 0.00 0.00 0.00
0.00 0.00 0.00 0.00 0.00 0.00 0.00 0.00 0.00 1.02 2.90 4.44 6.09 5.17 5.28 4.98 3.78 2.58 1.16 0.00 0.00 0.00 0.00 0.00
0.00 0.00 0.00 0.00 0.00 0.00 0.00 0.00 0.00 0.47 1.33 2.03 2.79 2.37 2.42 2.28 1.73 1.18 0.53 0.00 0.00 0.00 0.00 0.00
0.00 0.00 0.00 0.00 0.00 0.00 0.00 0.00 0.00 0.69 2.13 3.32 4.52 3.47 3.61 3.43 3.15 2.19 1.02 0.00 0.00 0.00 0.00 0.00
0.00 0.00 0.00 0.00 0.00 0.00 0.00 0.00 0.00 0.29 0.92 1.42 1.93 1.57 1.63 1.53 1.17 0.80 0.36 0.00 0.00 0.00 0.00 0.00
0.00 0.00 0.00 0.00 0.00 0.00 0.00 0.00 0.00 5.57 20.08 32.40 44.26 48.35 52.24 50.28 28.30 20.86 10.64 0.00 0.00 0.00 0.00 0.00
0.00 0.00 0.00 0.00 0.00 0.00 0.00 0.00 0.00 0.76 3.51 5.91 8.29 14.77 15.06 13.98 18.33 12.72 5.84 0.00 0.00 0.00 0.00 0.00
0.00 0.00 0.00 0.00 0.00 0.00 0.00 0.00 0.00 0.23 0.90 1.51 2.11 2.92 2.97 2.76 3.59 2.48 1.16 0.00 0.00 0.00 0.00 0.00
0.00 0.00 0.00 0.00 0.00 0.00 0.00 0.00 0.00 0.34 1.74 2.88 4.01 2.45 2.54 2.37 3.00 2.05 0.97 0.00 0.00 0.00 0.00 0.00
0.00 0.00 0.00 0.00 0.00 0.00 0.00 0.00 0.00 0.55 2.78 4.61 6.42 3.93 4.07 3.80 4.79 3.29 1.55 0.00 0.00 0.00 0.00 0.00
0.00 0.00 0.00 0.00 0.00 0.00 0.00 0.00 0.00 4.42 45.14 78.71 114.25 233.97 244.63 228.52 258.10 178.24 95.67 0.00 0.00 0.00 0.00 0.00
