0.00 0.00 0.00 0.00 0.00 0.00 0.00 0.00 0.13 0.82 1.88 2.67 3.31 4.39 4.48 4.26 3.64 2.60 1.52 0.11 0.00 0.00 0.00 0.00
0.00 0.00 0.00 0.00 0.00 0.00 0.00 0.00 8.60 24.96 30.72 42.37 49.32 29.51 29.34 27.16 28.55 19.56 10.44 0.00 0.00 0.00 0.00 0.00
0.00 0.00 0.00 0.00 0.00 0.00 0.00 0.00 3.01 18.82 43.09 61.08 75.73 100.50 102.45 97.38 83.34 59.40 34.84 2.58 0.00 0.00 0.00 0.00
0.00 0.00 0.00 0.00 0.00 0.00 0.00 0.00 10.68 66.88 153.12 217.06 269.14 357.16 364.09 346.07 296.20 211.11 123.81 9.17 0.00 0.00 0.00 0.00
0.00 0.00 0.00 0.00 0.00 0.00 0.00 0.00 1.56 3.88 3.96 5.28 6.05 9.00 8.74 7.79 6.38 4.23 2.05 0.00 0.00 0.00 0.00 0.00
0.00 0.00 0.00 0.00 0.00 0.00 0.00 0.00 16.15 131.81 272.02 388.04 486.52 669.64 694.19 665.35 681.37 487.93 292.81 30.91 0.00 0.00 0.00 0.00
0.00 0.00 0.00 0.00 0.00 0.00 0.00 0.00 0.24 0.73 2.26 3.10 3.65 7.01 7.01 6.40 6.14 4.07 2.08 0.00 0.00 0.00 0.00 0.00
0.00 0.00 0.00 0.00 0.00 0.00 0.00 0.00 0.29 0.85 1.60 2.21 2.54 2.93 2.90 2.69 2.68 1.83 0.97 0.00 0.00 0.00 0.00 0.00
0.00 0.00 0.00 0.00 0.00 0.00 0.00 0.00 0.46 1.36 2.56 3.54 4.07 4.68 4.63 4.31 4.29 2.93 1.55 0.00 0.00 0.00 0.00 0.00
0.00 0.00 0.00 0.00 0.00 0.00 0.00 0.00 0.46 1.36 2.56 3.54 4.07 4.68 4.63 4.31 4.29 2.93 1.55 0.00 0.00 0.00 0.00 0.00
0.00 0.00 0.00 0.00 0.00 0.00 0.00 0.00 1.00 3.34 6.63 9.52 11.36 9.98 9.87 9.31 10.21 7.00 3.77 0.05 0.00 0.00 0.00 0.00
0.00 0.00 0.00 0.00 0.00 0.00 0.00 0.00 0.53 1.75 3.11 4.47 5.29 5.40 5.36 5.11 5.23 3.58 1.93 0.02 0.00 0.00 0.00 0.00
0.00 0.00 0.00 0.00 0.00 0.00 0.00 0.00 0.68 2.25 3.99 5.75 6.80 6.94 6.90 6.56 6.73 4.60 2.48 0.03 0.00 0.00 0.00 0.00
0.00 0.00 0.00 0.00 0.00 0.00 0.00 0.00 0.45 1.50 2.66 3.83 4.53 4.63 4.60 4.38 4.48 3.07 1.65 0.02 0.00 0.00 0.00 0.00
0.00 0.00 0.00 0.00 0.00 0.00 0.00 0.00 0.45 1.50 2.66 3.83 4.53 4.63 4.60 4.38 4.48 3.07 1.65 0.02 0.00 0.00 0.00 0.00
0.00 0.00 0.00 0.00 0.00 0.00 0.00 0.00 8.26 28.27 51.20 72.71 85.35 56.79 57.37 53.89 28.53 20.05 11.44 0.89 0.00 0.00 0.00 0.00
0.00 0.00 0.00 0.00 0.00 0.00 0.00 0.00 2.80 9.15 17.75 25.23 29.78 22.33 22.32 20.75 27.20 18.68 9.95 0.04 0.00 0.00 0.00 0.00
0.00 0.00 0.00 0.00 0.00 0.00 0.00 0.00 1.90 6.46 7.87 11.19 13.72 18.17 18.03 16.81 21.10 14.50 7.78 0.09 0.00 0.00 0.00 0.00
0.00 0.00 0.00 0.00 0.00 0.00 0.00 0.00 4.76 38.88 80.24 114.46 143.51 197.52 204.76 196.25 200.98 143.92 86.37 9.12 0.00 0.00 0.00 0.00
0.00 0.00 0.00 0.00 0.00 0.00 0.00 0.00 4.53 36.98 76.32 108.87 136.51 187.88 194.77 186.68 191.18 136.90 82.15 8.67 0.00 0.00 0.00 0.00
0.00 0.00 0.00 0.00 0.00 0.00 0.00 0.00 8.71 71.12 146.77 209.37 262.51 361.32 374.56 359.00 367.65 263.27 157.99 16.68 0.00 0.00 0.00 0.00
0.00 0.00 0.00 0.00 0.00 0.00 0.00 0.00 8.57 69.93 144.33 205.88 258.14 355.29 368.32 353.02 361.52 258.89 155.36 16.40 0.00 0.00 0.00 0.00
0.00 0.00 0.00 0.00 0.00 0.00 0.00 0.00 16.50 117.29 236.91 332.38 418.65 472.63 485.59 457.51 391.57 278.70 164.03 13.34 0.00 0.00 0.00 0.00
0.00 0.00 0.00 0.00 0.00 0.00 0.00 0.00 0.29 0.85 1.60 2.21 2.54 2.93 2.90 2.69 2.68 1.83 0.97 0.00 0.00 0.00 0.00 0.00
0.00 0.00 0.00 0.00 0.00 0.00 0.00 0.00 1.47 4.30 8.11 11.21 12.87 14.83 14.68 13.64 13.57 9.26 4.90 0.00 0.00 0.00 0.00 0.00
0.00 0.00 0.00 0.00 0.00 0.00 0.00 0.00 7.48 21.97 41.39 57.21 65.73 75.72 74.93 69.61 69.28 47.30 25.03 0.00 0.00 0.00 0.00 0.00
0.00 0.00 0.00 0.00 0.00 0.00 0.00 0.00 0.33 2.66 5.48 7.82 9.80 13.49 13.98 13.40 13.73 9.83 5.90 0.62 0.00 0.00 0.00 0.00
0.00 0.00 0.00 0.00 0.00 0.00 0.00 0.00 10.52 65.84 150.74 213.67 264.95 351.60 358.42 340.68 291.59 207.82 121.88 9.03 0.00 0.00 0.00 0.00
0.00 0.00 0.00 0.00 0.00 0.00 0.00 0.00 0.85 3.67 7.12 10.59 13.59 15.19 16.06 15.59 14.68 10.61 6.05 0.51 0.00 0.00 0.00 0.00
0.00 0.00 0.00 0.00 0.00 0.00 0.00 0.00 10.29 46.86 94.69 132.45 157.86 178.54 184.58 170.98 144.53 99.07 55.60 1.92 0.00 0.00 0.00 0.00
0.00 0.00 0.00 0.00 0.00 0.00 0.00 0.00 0.18 1.10 2.51 3.56 4.42 5.86 5.97 5.68 4.86 3.46 2.03 0.15 0.00 0.00 0.00 0.00
0.00 0.00 0.00 0.00 0.00 0.00 0.00 0.00 7.89 49.38 113.05 160.26 198.71 263.70 268.81 255.51 218.69 155.87 91.41 6.77 0.00 0.00 0.00 0.00
0.00 0.00 0.00 0.00 0.00 0.00 0.00 0.00 10.12 63.37 145.08 205.66 255.01 338.41 344.98 327.90 280.65 200.03 117.31 8.69 0.00 0.00 0.00 0.00
0.00 0.00 0.00 0.00 0.00 0.00 0.00 0.00 21.76 154.67 312.43 438.33 552.09 623.28 640.37 603.34 516.38 367.54 216.31 17.59 0.00 0.00 0.00 0.00
0.00 0.00 0.00 0.00 0.00 0.00 0.00 0.00 0.65 2.20 4.30 6.20 7.45 8.27 8.20 7.59 7.12 4.97 2.72 0.07 0.00 0.00 0.00 0.00
0.00 0.00 0.00 0.00 0.00 0.00 0.00 0.00 0.93 3.14 5.62 8.06 9.75 10.86 10.73 10.16 9.51 6.63 3.62 0.07 0.00 0.00 0.00 0.00
0.00 0.00 0.00 0.00 0.00 0.00 0.00 0.00 3.50 15.13 29.38 43.70 56.07 62.65 66.23 64.31 60.56 43.76 24.96 2.09 0.00 0.00 0.00 0.00
0.00 0.00 0.00 0.00 0.00 0.00 0.00 0.00 5.73 112.19 239.27 342.17 428.26 481.28 496.87 465.47 394.48 284.63 170.65 18.77 0.00 0.00 0.00 0.00
0.00 0.00 0.00 0.00 0.00 0.00 0.00 0.00 0.23 0.74 1.21 1.66 1.98 1.67 1.64 1.51 1.98 1.35 0.71 0.00 0.00 0.00 0.00 0.00
0.00 0.00 0.00 0.00 0.00 0.00 0.00 0.00 3.93 21.40 44.78 63.16 77.44 89.67 92.18 85.90 72.29 51.01 29.41 2.03 0.00 0.00 0.00 0.00
0.00 0.00 0.00 0.00 0.00 0.00 0.00 0.00 0.49 7.27 15.29 22.26 27.33 31.45 32.48 30.66 25.60 18.53 11.45 1.49 0.00 0.00 0.00 0.00
0.00 0.00 0.00 0.00 0.00 0.00 0.00 0.00 0.36 1.07 2.70 3.71 4.42 8.27 8.04 7.38 6.90 4.59 2.31 0.00 0.00 0.00 0.00 0.00
0.00 0.00 0.00 0.00 0.00 0.00 0.00 0.00 0.18 0.54 1.35 1.86 2.21 4.14 4.02 3.69 3.45 2.30 1.16 0.00 0.00 0.00 0.00 0.00
0.00 0.00 0.00 0.00 0.00 0.00 0.00 0.00 0.40 1.18 2.96 4.06 4.83 9.05 8.80 8.07 7.54 5.03 2.53 0.00 0.00 0.00 0.00 0.00
0.00 0.00 0.00 0.00 0.00 0.00 0.00 0.00 0.44 1.32 2.41 3.28 3.90 7.24 7.12 6.52 8.76 5.79 2.93 0.00 0.00 0.00 0.00 0.00
0.00 0.00 0.00 0.00 0.00 0.00 0.00 0.00 0.68 2.01 3.67 5.00 5.94 11.03 10.86 9.94 13.35 8.83 4.46 0.00 0.00 0.00 0.00 0.00
0.00 0.00 0.00 0.00 0.00 0.00 0.00 0.00 0.44 1.36 4.16 5.64 6.72 13.74 13.77 12.58 12.34 8.32 4.27 0.00 0.00 0.00 0.00 0.00
0.00 0.00 0.00 0.00 0.00 0.00 0.00 0.00 1.02 4.04 7.85 10.78 12.76 13.98 14.20 13.15 10.98 7.55 4.12 0.05 0.00 0.00 0.00 0.00
0.00 0.00 0.00 0.00 0.00 0.00 0.00 0.00 2.64 10.44 20.28 27.85 32.97 36.12 36.67 33.97 28.37 19.51 10.65 0.12 0.00 0.00 0.00 0.00
0.00 0.00 0.00 0.00 0.00 0.00 0.00 0.00 0.47 1.93 4.79 6.54 7.87 9.51 9.73 8.89 7.50 5.07 2.80 0.08 0.00 0.00 0.00 0.00
0.00 0.00 0.00 0.00 0.00 0.00 0.00 0.00 0.88 2.64 4.94 6.83 7.96 5.94 5.93 5.41 6.92 4.63 2.39 0.00 0.00 0.00 0.00 0.00
0.00 0.00 0.00 0.00 0.00 0.00 0.00 0.00 1.11 3.40 4.99 6.83 8.12 7.82 7.95 7.27 16.21 10.67 5.48 0.00 0.00 0.00 0.00 0.00
0.00 0.00 0.00 0.00 0.00 0.00 0.00 0.00 0.32 0.82 1.20 1.63 1.84 2.68 2.64 2.38 1.42 0.95 0.46 0.00 0.00 0.00 0.00 0.00
0.00 0.00 0.00 0.00 0.00 0.00 0.00 0.00 1.94 5.18 7.95 10.83 12.50 14.35 13.99 12.76 9.22 6.24 3.14 0.00 0.00 0.00 0.00 0.00
0.00 0.00 0.00 0.00 0.00 0.00 0.00 0.00 1.33 3.45 5.33 7.18 8.11 9.61 9.50 8.59 5.71 3.76 1.86 0.00 0.00 0.00 0.00 0.00
0.00 0.00 0.00 0.00 0.00 0.00 0.00 0.00 1.84 4.76 7.35 9.90 11.19 13.26 13.11 11.85 7.88 5.19 2.57 0.00 0.00 0.00 0.00 0.00
0.00 0.00 0.00 0.00 0.00 0.00 0.00 0.00 1.25 3.25 5.01 6.75 7.62 9.03 8.93 8.07 5.37 3.53 1.75 0.00 0.00 0.00 0.00 0.00
0.00 0.00 0.00 0.00 0.00 0.00 0.00 0.00 1.03 2.76 4.24 5.78 6.67 7.66 7.46 6.81 4.92 3.33 1.67 0.00 0.00 0.00 0.00 0.00
0.00 0.00 0.00 0.00 0.00 0.00 0.00 0.00 1.33 3.34 3.44 4.64 5.32 7.65 7.56 6.83 5.80 3.80 1.85 0.00 0.00 0.00 0.00 0.00
0.00 0.00 0.00 0.00 0.00 0.00 0.00 0.00 0.83 2.44 4.59 6.34 7.28 8.39 8.30 7.71 7.68 5.24 2.77 0.00 0.00 0.00 0.00 0.00
0.00 0.00 0.00 0.00 0.00 0.00 0.00 0.00 10.76 36.79 66.64 94.63 111.10 73.92 74.67 70.14 37.14 26.09 14.89 1.16 0.00 0.00 0.00 0.00
0.00 0.00 0.00 0.00 0.00 0.00 0.00 0.00 1.13 3.79 7.52 10.79 12.88 11.31 11.18 10.55 11.57 7.93 4.28 0.06 0.00 0.00 0.00 0.00
0.00 0.00 0.00 0.00 0.00 0.00 0.00 0.00 2.20 6.83 8.66 12.01 14.23 16.42 16.49 15.44 17.21 11.84 6.25 0.00 0.00 0.00 0.00 0.00
0.00 0.00 0.00 0.00 0.00 0.00 0.00 0.00 1.01 3.13 3.97 5.50 6.52 7.52 7.56 7.08 7.89 5.43 2.86 0.00 0.00 0.00 0.00 0.00
0.00 0.00 0.00 0.00 0.00 0.00 0.00 0.00 1.27 4.26 8.98 12.84 15.32 11.81 11.70 10.97 12.90 8.91 4.80 0.07 0.00 0.00 0.00 0.00
0.00 0.00 0.00 0.00 0.00 0.00 0.00 0.00 0.57 1.80 2.94 4.04 4.80 4.05 3.99 3.67 4.82 3.27 1.72 0.00 0.00 0.00 0.00 0.00
0.00 0.00 0.00 0.00 0.00 0.00 0.00 0.00 3.63 15.66 30.41 45.24 58.05 64.87 68.57 66.59 62.70 45.31 25.84 2.17 0.00 0.00 0.00 0.00
0.00 0.00 0.00 0.00 0.00 0.00 0.00 0.00 2.46 11.21 22.64 31.67 37.75 42.69 44.14 40.89 34.56 23.69 13.29 0.46 0.00 0.00 0.00 0.00
0.00 0.00 0.00 0.00 0.00 0.00 0.00 0.00 0.38 1.73 4.66 6.56 7.86 9.59 9.76 9.02 7.55 5.30 2.98 0.10 0.00 0.00 0.00 0.00
0.00 0.00 0.00 0.00 0.00 0.00 0.00 0.00 0.33 1.45 4.30 5.97 7.24 11.67 11.78 10.86 9.29 6.55 3.68 0.12 0.00 0.00 0.00 0.00
0.00 0.00 0.00 0.00 0.00 0.00 0.00 0.00 0.53 2.32 6.88 9.56 11.59 18.66 18.84 17.37 14.87 10.47 5.89 0.19 0.00 0.00 0.00 0.00
0.00 0.00 0.00 0.00 0.00 0.00 0.00 0.00 8.86 72.30 149.22 212.86 266.89 367.34 380.81 364.98 373.78 267.66 160.62 16.96 0.00 0.00 0.00 0.00
