0.00 0.00 0.00 0.00 0.00 0.00 0.00 0.20 1.09 1.95 2.88 3.81 4.56 4.85 4.94 4.67 4.13 3.32 2.27 1.37 0.53 0.00 0.00 0.00
0.00 0.00 0.00 0.00 0.00 0.00 0.00 5.04 19.69 33.49 48.94 64.61 76.74 84.15 84.76 79.64 68.45 53.39 35.41 15.00 2.74 0.00 0.00 0.00
0.00 0.00 0.00 0.00 0.00 0.00 0.00 4.58 24.97 44.60 65.91 87.01 104.29 110.83 113.00 106.88 94.44 75.89 52.01 31.25 12.18 0.00 0.00 0.00
0.00 0.00 0.00 0.00 0.00 0.00 0.00 16.26 88.73 158.50 234.26 309.23 370.65 393.88 401.59 379.83 335.62 269.71 184.86 111.07 43.27 0.00 0.00 0.00
0.00 0.00 0.00 0.00 0.00 0.00 0.00 1.45 4.00 6.44 9.36 11.90 13.52 14.64 14.61 13.33 11.14 8.48 5.44 2.13 0.25 0.00 0.00 0.00
0.00 0.00 0.00 0.00 0.00 0.00 0.00 22.56 191.19 354.55 537.48 712.03 851.78 932.71 940.60 883.08 760.12 596.35 418.56 248.63 99.35 0.00 0.00 0.00
0.00 0.00 0.00 0.00 0.00 0.00 0.00 0.89 2.50 4.01 5.82 7.34 8.50 8.99 9.25 8.72 7.69 6.02 3.97 1.91 0.52 0.00 0.00 0.00
0.00 0.00 0.00 0.00 0.00 0.00 0.00 0.32 1.15 1.92 2.89 3.82 4.50 5.07 5.10 4.87 4.31 3.40 2.27 1.02 0.21 0.00 0.00 0.00
0.00 0.00 0.00 0.00 0.00 0.00 0.00 0.51 1.84 3.07 4.63 6.11 7.19 8.11 8.15 7.80 6.89 5.45 3.64 1.63 0.33 0.00 0.00 0.00
0.00 0.00 0.00 0.00 0.00 0.00 0.00 0.51 1.84 3.07 4.63 6.11 7.19 8.11 8.15 7.80 6.89 5.45 3.64 1.63 0.33 0.00 0.00 0.00
0.00 0.00 0.00 0.00 0.00 0.00 0.00 1.02 3.89 6.59 10.11 13.69 16.65 18.62 19.39 18.55 16.98 13.42 8.98 4.20 1.10 0.00 0.00 0.00
0.00 0.00 0.00 0.00 0.00 0.00 0.00 0.49 1.85 3.12 4.80 6.51 7.86 8.90 9.22 8.77 8.03 6.33 4.21 1.96 0.51 0.00 0.00 0.00
0.00 0.00 0.00 0.00 0.00 0.00 0.00 0.62 2.37 4.01 6.17 8.36 10.10 11.45 11.85 11.28 10.33 8.14 5.41 2.52 0.65 0.00 0.00 0.00
0.00 0.00 0.00 0.00 0.00 0.00 0.00 0.42 1.58 2.67 4.11 5.58 6.74 7.63 7.90 7.52 6.89 5.43 3.60 1.68 0.43 0.00 0.00 0.00
0.00 0.00 0.00 0.00 0.00 0.00 0.00 0.42 1.58 2.67 4.11 5.58 6.74 7.63 7.90 7.52 6.89 5.43 3.60 1.68 0.43 0.00 0.00 0.00
0.00 0.00 0.00 0.00 0.00 0.00 0.00 3.63 22.69 40.67 61.72 80.44 94.38 103.50 105.66 102.01 90.49 70.47 45.77 21.10 4.91 0.00 0.00 0.00
0.00 0.00 0.00 0.00 0.00 0.00 0.00 3.44 12.34 20.70 31.40 41.53 50.31 55.80 57.01 55.37 50.85 40.12 26.95 12.56 3.23 0.00 0.00 0.00
0.00 0.00 0.00 0.00 0.00 0.00 0.00 3.15 11.32 18.99 27.63 36.08 43.56 46.63 47.87 46.19 41.99 33.29 22.23 10.51 2.95 0.00 0.00 0.00
0.00 0.00 0.00 0.00 0.00 0.00 0.00 6.65 56.40 104.58 158.54 210.02 251.25 275.12 277.44 260.48 224.21 175.90 123.46 73.34 29.30 0.00 0.00 0.00
0.00 0.00 0.00 0.00 0.00 0.00 0.00 6.33 53.64 99.48 150.80 199.78 238.99 261.70 263.91 247.77 213.27 167.32 117.44 69.76 27.87 0.00 0.00 0.00
0.00 0.00 0.00 0.00 0.00 0.00 0.00 12.17 103.16 191.31 290.01 384.19 459.59 503.26 507.52 476.48 410.14 321.77 225.84 134.15 53.60 0.00 0.00 0.00
0.00 0.00 0.00 0.00 0.00 0.00 0.00 11.97 101.44 188.12 285.17 377.79 451.93 494.87 499.06 468.54 403.30 316.41 222.08 131.92 52.71 0.00 0.00 0.00
0.00 0.00 0.00 0.00 0.00 0.00 0.00 23.02 119.67 212.74 306.62 405.37 482.57 473.87 484.17 459.33 452.21 363.16 250.45 147.12 59.86 0.00 0.00 0.00
0.00 0.00 0.00 0.00 0.00 0.00 0.00 0.32 1.15 1.92 2.89 3.82 4.50 5.07 5.10 4.87 4.31 3.40 2.27 1.02 0.21 0.00 0.00 0.00
0.00 0.00 0.00 0.00 0.00 0.00 0.00 1.62 5.82 9.72 14.67 19.33 22.78 25.67 25.82 24.69 21.82 17.25 11.51 5.15 1.05 0.00 0.00 0.00
0.00 0.00 0.00 0.00 0.00 0.00 0.00 8.29 29.69 49.60 74.87 98.70 116.29 131.08 131.80 126.07 111.38 88.04 58.78 26.28 5.37 0.00 0.00 0.00
0.00 0.00 0.00 0.00 0.00 0.00 0.00 0.45 3.85 7.14 10.83 14.34 17.16 18.79 18.95 17.79 15.31 12.01 8.43 5.01 2.00 0.00 0.00 0.00
0.00 0.00 0.00 0.00 0.00 0.00 0.00 16.01 87.35 156.03 230.61 304.41 364.87 387.74 395.33 373.91 330.39 265.51 181.98 109.34 42.60 0.00 0.00 0.00
0.00 0.00 0.00 0.00 0.00 0.00 0.00 0.80 4.36 7.74 11.88 17.06 21.67 27.46 28.98 27.85 25.46 20.32 14.07 6.88 2.20 0.00 0.00 0.00
0.00 0.00 0.00 0.00 0.00 0.00 0.00 13.65 50.11 84.90 122.85 158.71 185.00 122.31 124.57 118.92 69.52 56.12 39.02 51.69 19.16 0.00 0.00 0.00
0.00 0.00 0.00 0.00 0.00 0.00 0.00 0.27 1.46 2.60 3.84 5.07 6.08 6.46 6.59 6.23 5.51 4.43 3.03 1.82 0.71 0.00 0.00 0.00
0.00 0.00 0.00 0.00 0.00 0.00 0.00 12.01 65.51 117.02 172.95 228.31 273.65 290.81 296.50 280.43 247.79 199.13 136.48 82.00 31.95 0.00 0.00 0.00
0.00 0.00 0.00 0.00 0.00 0.00 0.00 15.41 84.07 150.18 221.96 293.00 351.19 373.20 380.50 359.89 318.00 255.55 175.15 105.24 41.00 0.00 0.00 0.00
0.00 0.00 0.00 0.00 0.00 0.00 0.00 30.35 157.82 280.55 404.36 534.58 636.39 624.92 638.50 605.74 596.35 478.92 330.28 194.01 78.94 0.00 0.00 0.00
0.00 0.00 0.00 0.00 0.00 0.00 0.00 0.69 2.84 4.85 7.41 10.14 12.43 13.89 14.11 13.61 12.50 9.86 6.71 3.13 0.82 0.00 0.00 0.00
0.00 0.00 0.00 0.00 0.00 0.00 0.00 0.87 3.55 6.06 9.20 12.51 15.55 17.38 17.85 17.15 15.82 12.37 8.32 3.87 1.01 0.00 0.00 0.00
0.00 0.00 0.00 0.00 0.00 0.00 0.00 3.30 17.98 31.93 48.99 70.36 89.37 113.28 119.55 114.88 105.02 83.83 58.05 28.38 9.09 0.00 0.00 0.00
0.00 0.00 0.00 0.00 0.00 0.00 0.00 24.55 121.94 215.94 322.10 424.66 503.25 451.71 462.32 448.18 435.57 351.74 254.17 166.66 77.06 0.00 0.00 0.00
0.00 0.00 0.00 0.00 0.00 0.00 0.00 0.29 1.01 1.67 2.47 3.36 4.03 4.46 4.58 4.36 3.96 3.12 2.10 0.97 0.24 0.00 0.00 0.00
0.00 0.00 0.00 0.00 0.00 0.00 0.00 5.17 23.37 40.84 58.76 77.15 91.39 76.72 78.00 73.70 79.59 64.22 45.49 26.91 10.29 0.00 0.00 0.00
0.00 0.00 0.00 0.00 0.00 0.00 0.00 0.22 6.52 12.63 19.80 26.67 31.59 35.09 34.97 32.20 27.72 22.09 15.80 9.44 3.94 0.00 0.00 0.00
0.00 0.00 0.00 0.00 0.00 0.00 0.00 1.03 2.81 4.49 6.55 8.47 9.74 10.23 10.38 9.93 8.93 6.99 4.66 2.20 0.58 0.00 0.00 0.00
0.00 0.00 0.00 0.00 0.00 0.00 0.00 0.52 1.40 2.24 3.28 4.24 4.87 5.12 5.19 4.96 4.46 3.49 2.33 1.10 0.29 0.00 0.00 0.00
0.00 0.00 0.00 0.00 0.00 0.00 0.00 1.13 3.07 4.91 7.17 9.27 10.66 11.19 11.36 10.86 9.76 7.64 5.10 2.41 0.64 0.00 0.00 0.00
0.00 0.00 0.00 0.00 0.00 0.00 0.00 1.33 3.68 5.89 8.53 11.05 12.68 13.39 13.67 13.26 11.81 9.14 6.20 2.88 0.75 0.00 0.00 0.00
0.00 0.00 0.00 0.00 0.00 0.00 0.00 2.03 5.61 8.97 13.00 16.84 19.33 20.41 20.84 20.20 17.99 13.93 9.44 4.38 1.14 0.00 0.00 0.00
0.00 0.00 0.00 0.00 0.00 0.00 0.00 1.77 5.04 8.11 11.84 14.95 17.30 18.39 18.64 17.69 15.29 12.00 8.09 3.95 1.09 0.00 0.00 0.00
0.00 0.00 0.00 0.00 0.00 0.00 0.00 1.34 4.29 7.09 10.19 13.09 15.21 12.50 12.47 11.72 7.10 5.63 3.92 3.49 1.24 0.00 0.00 0.00
0.00 0.00 0.00 0.00 0.00 0.00 0.00 3.46 11.07 18.31 26.33 33.81 39.28 32.28 32.21 30.28 18.33 14.55 10.12 9.02 3.20 0.00 0.00 0.00
0.00 0.00 0.00 0.00 0.00 0.00 0.00 0.80 2.77 4.65 6.68 8.65 10.05 6.44 6.55 6.15 3.71 2.95 2.05 2.52 0.88 0.00 0.00 0.00
0.00 0.00 0.00 0.00 0.00 0.00 0.00 1.51 4.77 7.81 11.61 15.21 17.94 19.71 20.30 19.26 17.29 13.47 9.07 4.09 0.94 0.00 0.00 0.00
0.00 0.00 0.00 0.00 0.00 0.00 0.00 2.80 8.44 13.71 19.61 25.83 31.25 34.26 34.62 32.98 29.83 23.16 15.29 7.02 1.78 0.00 0.00 0.00
0.00 0.00 0.00 0.00 0.00 0.00 0.00 0.47 1.27 2.02 2.88 3.64 4.12 4.46 4.45 4.21 3.65 2.80 1.84 0.76 0.10 0.00 0.00 0.00
0.00 0.00 0.00 0.00 0.00 0.00 0.00 2.29 6.95 11.25 16.33 21.02 24.21 26.27 26.32 24.95 21.34 16.59 10.97 4.64 0.77 0.00 0.00 0.00
0.00 0.00 0.00 0.00 0.00 0.00 0.00 1.64 4.72 7.61 11.05 14.17 16.14 17.54 17.55 16.48 13.87 10.79 7.07 2.94 0.43 0.00 0.00 0.00
0.00 0.00 0.00 0.00 0.00 0.00 0.00 2.26 6.52 10.50 15.25 19.56 22.27 24.20 24.22 22.74 19.15 14.89 9.75 4.05 0.60 0.00 0.00 0.00
0.00 0.00 0.00 0.00 0.00 0.00 0.00 1.54 4.44 7.15 10.39 13.32 15.17 16.49 16.50 15.49 13.04 10.14 6.64 2.76 0.41 0.00 0.00 0.00
0.00 0.00 0.00 0.00 0.00 0.00 0.00 1.22 3.71 6.00 8.71 11.21 12.91 14.01 14.03 13.31 11.38 8.85 5.85 2.48 0.41 0.00 0.00 0.00
0.00 0.00 0.00 0.00 0.00 0.00 0.00 1.28 3.58 5.79 8.40 10.64 12.19 13.29 13.27 12.20 10.24 7.77 4.98 1.97 0.24 0.00 0.00 0.00
0.00 0.00 0.00 0.00 0.00 0.00 0.00 0.92 3.29 5.50 8.30 10.94 12.89 14.53 14.61 13.97 12.34 9.76 6.51 2.91 0.59 0.00 0.00 0.00
0.00 0.00 0.00 0.00 0.00 0.00 0.00 4.72 29.53 52.94 80.34 104.70 122.84 134.71 137.52 132.77 117.78 91.73 59.58 27.47 6.39 0.00 0.00 0.00
0.00 0.00 0.00 0.00 0.00 0.00 0.00 1.16 4.41 7.47 11.46 15.52 18.87 21.10 21.98 21.03 19.25 15.21 10.17 4.76 1.25 0.00 0.00 0.00
0.00 0.00 0.00 0.00 0.00 0.00 0.00 1.93 6.67 11.06 17.21 23.49 27.82 31.40 31.54 30.05 27.44 21.45 14.34 6.50 1.55 0.00 0.00 0.00
0.00 0.00 0.00 0.00 0.00 0.00 0.00 0.89 3.06 5.07 7.89 10.77 12.75 14.39 14.46 13.77 12.58 9.83 6.57 2.98 0.71 0.00 0.00 0.00
0.00 0.00 0.00 0.00 0.00 0.00 0.00 1.45 5.49 9.29 14.18 19.12 23.32 25.94 27.00 25.87 23.63 18.69 12.55 5.87 1.54 0.00 0.00 0.00
0.00 0.00 0.00 0.00 0.00 0.00 0.00 0.72 2.45 4.06 6.00 8.16 9.79 10.84 11.13 10.59 9.62 7.57 5.10 2.36 0.59 0.00 0.00 0.00
0.00 0.00 0.00 0.00 0.00 0.00 0.00 3.42 18.62 33.06 50.72 72.85 92.53 117.28 123.77 118.94 108.73 86.79 60.10 29.39 9.41 0.00 0.00 0.00
0.00 0.00 0.00 0.00 0.00 0.00 0.00 3.26 11.98 20.30 29.38 37.95 44.24 29.25 29.79 28.44 16.63 13.42 9.33 12.36 4.58 0.00 0.00 0.00
0.00 0.00 0.00 0.00 0.00 0.00 0.00 0.69 2.64 4.50 6.57 8.51 9.92 6.00 6.16 5.82 4.31 3.44 2.39 2.77 1.02 0.00 0.00 0.00
0.00 0.00 0.00 0.00 0.00 0.00 0.00 0.81 3.19 5.46 7.28 9.56 11.42 7.28 7.32 6.89 5.29 4.18 2.89 3.37 1.19 0.00 0.00 0.00
0.00 0.00 0.00 0.00 0.00 0.00 0.00 1.29 5.11 8.74 11.64 15.30 18.27 11.65 11.71 11.02 8.47 6.69 4.63 5.40 1.91 0.00 0.00 0.00
0.00 0.00 0.00 0.00 0.00 0.00 0.00 12.37 104.88 194.49 294.84 390.59 467.25 511.65 515.98 484.43 416.97 327.13 229.61 136.39 54.50 0.00 0.00 0.00
