0.00 0.00 0.00 0.00 0.00 0.00 0.00 0.00 0.00 0.65 1.73 2.77 3.64 4.06 4.23 4.05 3.52 2.68 1.60 0.41 0.00 0.00 0.00 0.00
0.00 0.00 0.00 0.00 0.00 0.00 0.00 0.00 0.17 12.46 25.75 38.59 48.91 52.27 53.61 51.92 50.78 37.27 22.03 3.17 0.00 0.00 0.00 0.00
0.00 0.00 0.00 0.00 0.00 0.00 0.00 0.00 0.00 14.86 39.56 63.40 83.20 92.88 96.75 92.57 80.52 61.27 36.52 9.30 0.00 0.00 0.00 0.00
0.00 0.00 0.00 0.00 0.00 0.00 0.00 0.00 0.00 52.82 140.61 225.33 295.69 330.10 343.83 329.00 286.15 217.74 129.78 33.05 0.00 0.00 0.00 0.00
0.00 0.00 0.00 0.00 0.00 0.00 0.00 0.00 0.33 2.50 5.38 8.26 10.28 11.38 11.41 10.42 8.19 5.83 3.39 0.27 0.00 0.00 0.00 0.00
0.00 0.00 0.00 0.00 0.00 0.00 0.00 0.00 0.00 114.55 320.26 523.22 683.18 793.00 849.27 823.27 696.85 534.45 331.40 87.33 0.00 0.00 0.00 0.00
0.00 0.00 0.00 0.00 0.00 0.00 0.00 0.00 0.00 1.21 2.73 4.17 5.18 6.66 6.63 6.21 5.51 4.04 2.37 0.38 0.00 0.00 0.00 0.00
0.00 0.00 0.00 0.00 0.00 0.00 0.00 0.00 0.00 0.68 1.69 2.54 3.33 3.31 3.37 3.30 3.03 2.22 1.31 0.19 0.00 0.00 0.00 0.00
0.00 0.00 0.00 0.00 0.00 0.00 0.00 0.00 0.01 1.09 2.70 4.07 5.33 5.29 5.39 5.28 4.85 3.55 2.09 0.30 0.00 0.00 0.00 0.00
0.00 0.00 0.00 0.00 0.00 0.00 0.00 0.00 0.01 1.09 2.70 4.07 5.33 5.29 5.39 5.28 4.85 3.55 2.09 0.30 0.00 0.00 0.00 0.00
0.00 0.00 0.00 0.00 0.00 0.00 0.00 0.00 0.00 2.78 6.23 9.63 12.74 15.00 15.55 14.93 12.94 9.75 5.83 0.94 0.00 0.00 0.00 0.00
0.00 0.00 0.00 0.00 0.00 0.00 0.00 0.00 0.00 1.23 2.75 4.27 5.67 7.25 7.33 7.06 6.18 4.65 2.71 0.43 0.00 0.00 0.00 0.00
0.00 0.00 0.00 0.00 0.00 0.00 0.00 0.00 0.00 1.58 3.53 5.50 7.29 9.32 9.42 9.08 7.95 5.98 3.48 0.55 0.00 0.00 0.00 0.00
0.00 0.00 0.00 0.00 0.00 0.00 0.00 0.00 0.00 1.05 2.35 3.66 4.86 6.21 6.28 6.05 5.30 3.99 2.32 0.37 0.00 0.00 0.00 0.00
0.00 0.00 0.00 0.00 0.00 0.00 0.00 0.00 0.00 1.05 2.35 3.66 4.86 6.21 6.28 6.05 5.30 3.99 2.32 0.37 0.00 0.00 0.00 0.00
0.00 0.00 0.00 0.00 0.00 0.00 0.00 0.00 0.00 15.32 35.31 57.26 77.18 86.27 89.56 86.11 75.01 56.10 32.07 6.43 0.00 0.00 0.00 0.00
0.00 0.00 0.00 0.00 0.00 0.00 0.00 0.00 0.00 8.85 19.53 30.07 39.39 46.42 47.52 44.66 38.86 29.45 17.10 2.64 0.00 0.00 0.00 0.00
0.00 0.00 0.00 0.00 0.00 0.00 0.00 0.00 0.00 7.84 17.53 26.55 34.28 39.29 39.81 37.98 30.86 23.18 13.93 2.13 0.00 0.00 0.00 0.00
0.00 0.00 0.00 0.00 0.00 0.00 0.00 0.00 0.00 33.79 94.46 154.33 201.51 233.91 250.50 242.84 205.54 157.64 97.75 25.76 0.00 0.00 0.00 0.00
0.00 0.00 0.00 0.00 0.00 0.00 0.00 0.00 0.00 32.14 89.86 146.80 191.68 222.50 238.28 230.99 195.52 149.95 92.98 24.50 0.00 0.00 0.00 0.00
0.00 0.00 0.00 0.00 0.00 0.00 0.00 0.00 0.00 61.81 172.80 282.31 368.62 427.88 458.24 444.21 376.00 288.37 178.81 47.12 0.00 0.00 0.00 0.00
0.00 0.00 0.00 0.00 0.00 0.00 0.00 0.00 0.00 60.78 169.92 277.61 362.48 420.75 450.60 436.81 369.73 283.57 175.83 46.33 0.00 0.00 0.00 0.00
0.00 0.00 0.00 0.00 0.00 0.00 0.00 0.00 0.00 66.42 181.57 294.80 389.32 417.94 425.91 401.95 360.52 270.78 164.54 40.04 0.00 0.00 0.00 0.00
0.00 0.00 0.00 0.00 0.00 0.00 0.00 0.00 0.00 0.68 1.69 2.54 3.33 3.31 3.37 3.30 3.03 2.22 1.31 0.19 0.00 0.00 0.00 0.00
0.00 0.00 0.00 0.00 0.00 0.00 0.00 0.00 0.02 3.44 8.55 12.88 16.88 16.75 17.06 16.73 15.35 11.24 6.63 0.94 0.00 0.00 0.00 0.00
0.00 0.00 0.00 0.00 0.00 0.00 0.00 0.00 0.10 17.58 43.67 65.78 86.20 85.53 87.10 85.43 78.38 57.38 33.85 4.80 0.00 0.00 0.00 0.00
0.00 0.00 0.00 0.00 0.00 0.00 0.00 0.00 0.00 2.31 6.45 10.54 13.76 15.97 17.11 16.58 14.04 10.77 6.68 1.76 0.00 0.00 0.00 0.00
0.00 0.00 0.00 0.00 0.00 0.00 0.00 0.00 0.00 51.99 138.41 221.82 291.08 324.96 338.48 323.88 281.69 214.35 127.76 32.54 0.00 0.00 0.00 0.00
0.00 0.00 0.00 0.00 0.00 0.00 0.00 0.00 0.00 3.75 9.31 14.76 20.38 24.35 25.42 24.70 21.31 16.44 10.40 2.20 0.00 0.00 0.00 0.00
0.00 0.00 0.00 0.00 0.00 0.00 0.00 0.00 0.00 29.45 71.26 113.08 148.15 138.90 144.93 138.45 105.64 78.40 46.29 12.03 0.00 0.00 0.00 0.00
0.00 0.00 0.00 0.00 0.00 0.00 0.00 0.00 0.00 0.87 2.31 3.70 4.85 5.42 5.64 5.40 4.69 3.57 2.13 0.54 0.00 0.00 0.00 0.00
0.00 0.00 0.00 0.00 0.00 0.00 0.00 0.00 0.00 38.99 103.81 166.36 218.31 243.72 253.86 242.91 211.27 160.76 95.82 24.40 0.00 0.00 0.00 0.00
0.00 0.00 0.00 0.00 0.00 0.00 0.00 0.00 0.00 50.04 133.22 213.50 280.16 312.77 325.78 311.73 271.13 206.31 122.96 31.32 0.00 0.00 0.00 0.00
0.00 0.00 0.00 0.00 0.00 0.00 0.00 0.00 0.00 87.60 239.44 388.77 513.41 551.16 561.67 530.07 475.43 357.09 216.99 52.80 0.00 0.00 0.00 0.00
0.00 0.00 0.00 0.00 0.00 0.00 0.00 0.00 0.00 1.72 4.25 6.66 8.82 11.27 11.58 11.20 9.71 7.25 4.30 0.72 0.00 0.00 0.00 0.00
0.00 0.00 0.00 0.00 0.00 0.00 0.00 0.00 0.00 2.20 5.36 8.20 10.92 14.12 14.44 13.92 12.08 9.04 5.34 0.88 0.00 0.00 0.00 0.00
0.00 0.00 0.00 0.00 0.00 0.00 0.00 0.00 0.00 15.48 38.39 60.87 84.08 100.44 104.85 101.88 87.90 67.82 42.88 9.05 0.00 0.00 0.00 0.00
0.00 0.00 0.00 0.00 0.00 0.00 0.00 0.00 0.00 53.83 151.08 251.69 341.36 431.17 446.73 428.25 369.90 291.88 180.16 55.75 0.00 0.00 0.00 0.00
0.00 0.00 0.00 0.00 0.00 0.00 0.00 0.00 0.00 0.67 1.45 2.26 2.94 3.59 3.71 3.52 2.97 2.22 1.31 0.18 0.00 0.00 0.00 0.00
0.00 0.00 0.00 0.00 0.00 0.00 0.00 0.00 0.00 13.07 35.04 56.35 73.45 73.02 75.10 71.48 62.76 46.98 28.33 7.09 0.00 0.00 0.00 0.00
0.00 0.00 0.00 0.00 0.00 0.00 0.00 0.00 0.00 3.87 11.49 18.72 25.39 29.37 30.02 29.36 25.84 19.79 12.59 3.93 0.00 0.00 0.00 0.00
0.00 0.00 0.00 0.00 0.00 0.00 0.00 0.00 0.00 1.34 2.84 4.36 5.53 7.29 7.21 6.59 5.91 4.38 2.58 0.41 0.00 0.00 0.00 0.00
0.00 0.00 0.00 0.00 0.00 0.00 0.00 0.00 0.00 0.67 1.42 2.18 2.77 3.65 3.60 3.30 2.96 2.19 1.29 0.21 0.00 0.00 0.00 0.00
0.00 0.00 0.00 0.00 0.00 0.00 0.00 0.00 0.00 1.46 3.11 4.77 6.05 7.98 7.88 7.21 6.47 4.79 2.82 0.45 0.00 0.00 0.00 0.00
0.00 0.00 0.00 0.00 0.00 0.00 0.00 0.00 0.00 1.77 3.83 5.94 7.39 9.68 9.59 8.93 7.57 5.63 3.29 0.57 0.00 0.00 0.00 0.00
0.00 0.00 0.00 0.00 0.00 0.00 0.00 0.00 0.00 2.70 5.83 9.05 11.26 14.74 14.62 13.60 11.54 8.58 5.01 0.87 0.00 0.00 0.00 0.00
0.00 0.00 0.00 0.00 0.00 0.00 0.00 0.00 0.00 2.44 5.86 8.96 11.07 13.74 13.80 12.99 11.00 8.23 4.83 0.84 0.00 0.00 0.00 0.00
0.00 0.00 0.00 0.00 0.00 0.00 0.00 0.00 0.00 2.54 5.71 8.86 11.32 12.29 12.84 12.31 9.78 7.26 4.18 0.85 0.00 0.00 0.00 0.00
0.00 0.00 0.00 0.00 0.00 0.00 0.00 0.00 0.00 6.56 14.74 22.89 29.23 31.74 33.18 31.80 25.26 18.76 10.81 2.20 0.00 0.00 0.00 0.00
0.00 0.00 0.00 0.00 0.00 0.00 0.00 0.00 0.00 1.63 3.87 6.09 8.07 8.39 8.65 8.14 5.91 4.39 2.59 0.61 0.00 0.00 0.00 0.00
0.00 0.00 0.00 0.00 0.00 0.00 0.00 0.00 0.00 2.84 5.67 8.71 11.10 14.27 14.69 14.01 11.79 8.81 5.26 0.74 0.00 0.00 0.00 0.00
0.00 0.00 0.00 0.00 0.00 0.00 0.00 0.00 0.00 4.88 10.90 16.33 20.49 26.49 26.86 25.38 20.78 15.40 8.93 1.63 0.00 0.00 0.00 0.00
0.00 0.00 0.00 0.00 0.00 0.00 0.00 0.00 0.10 0.83 1.63 2.44 3.06 3.43 3.42 3.23 2.54 1.85 1.07 0.11 0.00 0.00 0.00 0.00
0.00 0.00 0.00 0.00 0.00 0.00 0.00 0.00 0.28 3.86 9.03 13.74 17.92 19.73 19.96 18.85 13.80 10.17 6.02 0.69 0.00 0.00 0.00 0.00
0.00 0.00 0.00 0.00 0.00 0.00 0.00 0.00 0.24 2.38 6.26 9.35 11.90 13.27 13.11 12.32 9.38 6.83 3.98 0.40 0.00 0.00 0.00 0.00
0.00 0.00 0.00 0.00 0.00 0.00 0.00 0.00 0.32 3.28 8.64 12.91 16.43 18.31 18.09 16.99 12.95 9.43 5.50 0.55 0.00 0.00 0.00 0.00
0.00 0.00 0.00 0.00 0.00 0.00 0.00 0.00 0.22 2.23 5.88 8.79 11.19 12.47 12.32 11.58 8.82 6.42 3.75 0.38 0.00 0.00 0.00 0.00
0.00 0.00 0.00 0.00 0.00 0.00 0.00 0.00 0.15 2.06 4.81 7.33 9.56 10.52 10.65 10.05 7.36 5.43 3.21 0.37 0.00 0.00 0.00 0.00
0.00 0.00 0.00 0.00 0.00 0.00 0.00 0.00 0.26 2.10 4.82 7.24 9.09 10.12 10.26 9.45 7.50 5.42 3.16 0.27 0.00 0.00 0.00 0.00
0.00 0.00 0.00 0.00 0.00 0.00 0.00 0.00 0.01 1.95 4.84 7.29 9.55 9.48 9.65 9.47 8.69 6.36 3.75 0.53 0.00 0.00 0.00 0.00
0.00 0.00 0.00 0.00 0.00 0.00 0.00 0.00 0.00 19.94 45.96 74.52 100.46 112.29 116.56 112.08 97.63 73.02 41.74 8.37 0.00 0.00 0.00 0.00
0.00 0.00 0.00 0.00 0.00 0.00 0.00 0.00 0.00 3.15 7.06 10.92 14.44 17.00 17.62 16.92 14.66 11.05 6.61 1.07 0.00 0.00 0.00 0.00
0.00 0.00 0.00 0.00 0.00 0.00 0.00 0.00 0.00 3.40 7.64 11.92 15.98 24.33 24.32 23.21 20.41 15.27 9.23 1.26 0.00 0.00 0.00 0.00
0.00 0.00 0.00 0.00 0.00 0.00 0.00 0.00 0.00 1.56 3.50 5.46 7.32 11.15 11.15 10.64 9.35 7.00 4.23 0.58 0.00 0.00 0.00 0.00
0.00 0.00 0.00 0.00 0.00 0.00 0.00 0.00 0.00 3.98 8.92 13.77 18.04 20.85 21.71 20.73 17.86 13.51 8.20 1.32 0.00 0.00 0.00 0.00
0.00 0.00 0.00 0.00 0.00 0.00 0.00 0.00 0.00 1.62 3.52 5.48 7.14 8.72 9.01 8.55 7.22 5.40 3.19 0.45 0.00 0.00 0.00 0.00
0.00 0.00 0.00 0.00 0.00 0.00 0.00 0.00 0.00 16.03 39.75 63.02 87.05 103.99 108.55 105.49 91.00 70.22 44.40 9.37 0.00 0.00 0.00 0.00
0.00 0.00 0.00 0.00 0.00 0.00 0.00 0.00 0.00 7.04 17.04 27.04 35.43 33.21 34.66 33.11 25.26 18.75 11.07 2.88 0.00 0.00 0.00 0.00
0.00 0.00 0.00 0.00 0.00 0.00 0.00 0.00 0.00 1.55 3.80 6.09 7.98 7.95 8.20 7.91 5.41 3.97 2.36 0.65 0.00 0.00 0.00 0.00
0.00 0.00 0.00 0.00 0.00 0.00 0.00 0.00 0.00 1.90 4.74 7.44 9.62 8.97 9.29 8.92 5.89 4.39 2.63 0.78 0.00 0.00 0.00 0.00
0.00 0.00 0.00 0.00 0.00 0.00 0.00 0.00 0.00 3.03 7.58 11.90 15.39 14.36 14.86 14.28 9.43 7.03 4.21 1.24 0.00 0.00 0.00 0.00
0.00 0.00 0.00 0.00 0.00 0.00 0.00 0.00 0.00 62.84 175.68 287.02 374.77 435.01 465.87 451.62 382.26 293.18 181.79 47.90 0.00 0.00 0.00 0.00
