0.00 0.00 0.00 0.00 0.00 0.00 0.00 0.24 1.13 1.99 2.95 3.88 4.69 5.22 5.37 5.06 4.47 3.61 2.59 1.53 0.65 0.00 0.00 0.00
0.00 0.00 0.00 0.00 0.00 0.00 0.00 3.39 12.25 20.60 35.89 46.16 53.51 69.82 69.26 63.97 58.95 46.28 30.54 15.21 3.57 0.00 0.00 0.00
0.00 0.00 0.00 0.00 0.00 0.00 0.00 5.57 25.89 45.44 67.38 88.77 107.25 119.33 122.81 115.60 102.12 82.61 59.22 35.01 14.88 0.00 0.00 0.00
0.00 0.00 0.00 0.00 0.00 0.00 0.00 19.80 92.00 161.50 239.46 315.47 381.17 424.08 436.48 410.82 362.94 293.58 210.45 124.43 52.87 0.00 0.00 0.00
0.00 0.00 0.00 0.00 0.00 0.00 0.00 0.40 1.08 1.81 3.11 3.95 4.51 8.42 8.36 7.53 7.84 6.10 4.03 1.71 0.31 0.00 0.00 0.00
0.00 0.00 0.00 0.00 0.00 0.00 0.00 30.25 197.22 358.51 540.28 715.40 860.96 931.27 953.59 905.06 768.59 622.62 438.39 231.97 100.25 0.00 0.00 0.00
0.00 0.00 0.00 0.00 0.00 0.00 0.00 0.84 2.23 3.70 4.00 5.17 5.99 6.29 6.34 5.91 6.37 5.04 3.43 1.92 0.62 0.00 0.00 0.00
0.00 0.00 0.00 0.00 0.00 0.00 0.00 0.24 0.81 1.35 2.14 2.72 3.10 3.41 3.46 3.23 4.50 3.47 2.32 1.10 0.28 0.00 0.00 0.00
0.00 0.00 0.00 0.00 0.00 0.00 0.00 0.38 1.29 2.16 3.43 4.35 4.96 5.46 5.54 5.16 7.20 5.56 3.72 1.76 0.45 0.00 0.00 0.00
0.00 0.00 0.00 0.00 0.00 0.00 0.00 0.38 1.29 2.16 3.43 4.35 4.96 5.46 5.54 5.16 7.20 5.56 3.72 1.76 0.45 0.00 0.00 0.00
0.00 0.00 0.00 0.00 0.00 0.00 0.00 1.14 4.02 6.76 7.63 10.30 12.27 17.33 17.25 16.27 19.26 15.49 10.67 4.40 1.34 0.00 0.00 0.00
0.00 0.00 0.00 0.00 0.00 0.00 0.00 0.51 1.81 3.05 3.51 4.73 5.62 8.30 8.33 7.80 9.14 7.29 5.00 1.94 0.58 0.00 0.00 0.00
0.00 0.00 0.00 0.00 0.00 0.00 0.00 0.66 2.33 3.92 4.51 6.08 7.23 10.67 10.72 10.03 11.76 9.38 6.42 2.49 0.75 0.00 0.00 0.00
0.00 0.00 0.00 0.00 0.00 0.00 0.00 0.44 1.55 2.61 3.01 4.05 4.82 7.11 7.14 6.69 7.84 6.25 4.28 1.66 0.50 0.00 0.00 0.00
0.00 0.00 0.00 0.00 0.00 0.00 0.00 0.44 1.55 2.61 3.01 4.05 4.82 7.11 7.14 6.69 7.84 6.25 4.28 1.66 0.50 0.00 0.00 0.00
0.00 0.00 0.00 0.00 0.00 0.00 0.00 4.22 23.02 40.89 54.77 71.51 81.46 107.68 109.04 103.34 90.44 70.84 47.68 22.25 6.12 0.00 0.00 0.00
0.00 0.00 0.00 0.00 0.00 0.00 0.00 3.33 11.12 18.55 23.77 31.60 37.84 47.24 47.47 44.29 55.79 44.52 31.05 15.77 4.74 0.00 0.00 0.00
0.00 0.00 0.00 0.00 0.00 0.00 0.00 3.06 10.19 16.98 21.96 28.08 33.10 49.79 50.25 47.81 46.74 36.93 25.30 13.22 4.26 0.00 0.00 0.00
0.00 0.00 0.00 0.00 0.00 0.00 0.00 8.92 58.17 105.75 159.36 211.02 253.95 274.69 281.27 266.96 226.71 183.65 129.31 68.42 29.57 0.00 0.00 0.00
0.00 0.00 0.00 0.00 0.00 0.00 0.00 8.49 55.34 100.59 151.59 200.72 241.56 261.29 267.55 253.94 215.65 174.69 123.00 65.08 28.13 0.00 0.00 0.00
0.00 0.00 0.00 0.00 0.00 0.00 0.00 16.32 106.41 193.44 291.52 386.01 464.55 502.48 514.53 488.34 414.71 335.95 236.54 125.16 54.09 0.00 0.00 0.00
0.00 0.00 0.00 0.00 0.00 0.00 0.00 16.05 104.64 190.21 286.66 379.57 456.80 494.11 505.95 480.20 407.80 330.35 232.60 123.08 53.19 0.00 0.00 0.00
0.00 0.00 0.00 0.00 0.00 0.00 0.00 27.56 122.49 213.93 310.57 410.92 497.50 537.81 549.48 539.22 488.16 392.66 282.90 122.76 54.08 0.00 0.00 0.00
0.00 0.00 0.00 0.00 0.00 0.00 0.00 0.24 0.81 1.35 2.14 2.72 3.10 3.41 3.46 3.23 4.50 3.47 2.32 1.10 0.28 0.00 0.00 0.00
0.00 0.00 0.00 0.00 0.00 0.00 0.00 1.22 4.10 6.84 10.85 13.77 15.71 17.28 17.53 16.36 22.81 17.59 11.77 5.56 1.41 0.00 0.00 0.00
0.00 0.00 0.00 0.00 0.00 0.00 0.00 6.22 20.93 34.93 55.39 70.28 80.22 88.20 89.49 83.50 116.43 89.82 60.11 28.39 7.21 0.00 0.00 0.00
0.00 0.00 0.00 0.00 0.00 0.00 0.00 0.61 3.97 7.22 10.88 14.41 17.34 18.76 19.21 18.23 15.48 12.54 8.83 4.67 2.02 0.00 0.00 0.00
0.00 0.00 0.00 0.00 0.00 0.00 0.00 19.49 90.57 158.99 235.72 310.55 375.23 417.47 429.67 404.41 357.28 289.00 207.17 122.49 52.04 0.00 0.00 0.00
0.00 0.00 0.00 0.00 0.00 0.00 0.00 1.24 5.88 10.29 15.52 21.50 27.17 31.22 32.06 30.99 28.29 22.73 15.77 8.86 3.17 0.00 0.00 0.00
0.00 0.00 0.00 0.00 0.00 0.00 0.00 14.50 48.46 80.98 120.79 154.66 180.73 166.17 174.20 166.08 105.52 85.83 61.15 58.60 23.89 0.00 0.00 0.00
0.00 0.00 0.00 0.00 0.00 0.00 0.00 0.32 1.51 2.65 3.93 5.18 6.25 6.96 7.16 6.74 5.95 4.82 3.45 2.04 0.87 0.00 0.00 0.00
0.00 0.00 0.00 0.00 0.00 0.00 0.00 14.62 67.93 119.24 176.79 232.91 281.42 313.10 322.25 303.31 267.96 216.75 155.38 91.87 39.03 0.00 0.00 0.00
0.00 0.00 0.00 0.00 0.00 0.00 0.00 18.76 87.17 153.02 226.88 298.90 361.16 401.82 413.56 389.25 343.88 278.16 199.40 117.90 50.09 0.00 0.00 0.00
0.00 0.00 0.00 0.00 0.00 0.00 0.00 36.34 161.54 282.12 409.56 541.90 656.08 709.24 724.62 711.10 643.76 517.82 373.08 161.89 71.32 0.00 0.00 0.00
0.00 0.00 0.00 0.00 0.00 0.00 0.00 0.74 2.83 4.82 6.89 9.09 10.78 15.35 15.39 14.52 13.59 10.64 7.35 2.83 0.86 0.00 0.00 0.00
0.00 0.00 0.00 0.00 0.00 0.00 0.00 0.92 3.45 5.88 7.48 9.80 11.72 18.45 18.57 17.59 17.26 13.45 9.42 3.39 1.03 0.00 0.00 0.00
0.00 0.00 0.00 0.00 0.00 0.00 0.00 5.12 24.24 42.46 64.02 88.70 112.07 128.80 132.26 127.82 116.69 93.75 65.05 36.57 13.06 0.00 0.00 0.00
0.00 0.00 0.00 0.00 0.00 0.00 0.00 29.64 125.02 217.61 334.73 435.31 519.35 555.08 567.76 533.22 356.48 290.04 213.21 90.75 44.68 0.00 0.00 0.00
0.00 0.00 0.00 0.00 0.00 0.00 0.00 0.23 0.75 1.24 1.82 2.39 2.81 3.48 3.48 3.29 4.05 3.21 2.23 1.19 0.35 0.00 0.00 0.00
0.00 0.00 0.00 0.00 0.00 0.00 0.00 6.06 24.15 41.53 61.00 78.69 93.68 102.84 103.92 97.96 86.93 70.43 51.45 29.91 12.58 0.00 0.00 0.00
0.00 0.00 0.00 0.00 0.00 0.00 0.00 0.52 6.96 13.21 18.87 25.20 30.31 33.93 34.38 31.56 25.94 20.68 14.75 6.72 3.00 0.00 0.00 0.00
0.00 0.00 0.00 0.00 0.00 0.00 0.00 0.97 2.51 4.15 4.16 5.34 6.18 5.81 5.80 5.45 7.09 5.54 3.73 1.93 0.60 0.00 0.00 0.00
0.00 0.00 0.00 0.00 0.00 0.00 0.00 0.49 1.26 2.08 2.08 2.67 3.09 2.91 2.90 2.72 3.54 2.77 1.87 0.96 0.30 0.00 0.00 0.00
0.00 0.00 0.00 0.00 0.00 0.00 0.00 1.06 2.75 4.54 4.55 5.84 6.76 6.35 6.35 5.96 7.75 6.06 4.08 2.11 0.66 0.00 0.00 0.00
0.00 0.00 0.00 0.00 0.00 0.00 0.00 0.99 2.61 4.33 4.18 5.30 6.16 6.80 6.81 6.37 9.58 7.43 5.07 2.74 0.84 0.00 0.00 0.00
0.00 0.00 0.00 0.00 0.00 0.00 0.00 1.51 3.98 6.60 6.37 8.07 9.38 10.36 10.37 9.70 14.61 11.32 7.73 4.17 1.28 0.00 0.00 0.00
0.00 0.00 0.00 0.00 0.00 0.00 0.00 1.57 4.22 6.97 7.80 10.16 11.64 14.13 14.16 13.26 14.70 11.69 7.89 4.16 1.34 0.00 0.00 0.00
0.00 0.00 0.00 0.00 0.00 0.00 0.00 0.71 2.11 3.46 8.96 11.25 13.00 14.87 15.50 15.14 8.45 6.71 4.71 3.02 1.19 0.00 0.00 0.00
0.00 0.00 0.00 0.00 0.00 0.00 0.00 1.83 5.46 8.94 23.15 29.07 33.57 38.41 40.04 39.11 21.83 17.33 12.18 7.80 3.07 0.00 0.00 0.00
0.00 0.00 0.00 0.00 0.00 0.00 0.00 0.75 2.38 3.95 5.75 7.36 8.61 9.79 10.00 9.63 5.12 4.12 2.87 2.28 0.89 0.00 0.00 0.00
0.00 0.00 0.00 0.00 0.00 0.00 0.00 0.87 2.61 4.33 6.81 9.05 10.53 14.15 14.27 13.15 16.05 12.63 8.69 4.86 1.35 0.00 0.00 0.00
0.00 0.00 0.00 0.00 0.00 0.00 0.00 1.83 5.26 8.64 11.44 14.80 17.68 24.55 24.92 23.29 27.17 21.27 14.29 6.46 1.94 0.00 0.00 0.00
0.00 0.00 0.00 0.00 0.00 0.00 0.00 0.19 0.49 0.80 0.70 0.89 1.01 3.13 3.05 2.81 2.89 2.26 1.48 0.64 0.13 0.00 0.00 0.00
0.00 0.00 0.00 0.00 0.00 0.00 0.00 1.06 3.10 5.17 9.00 11.16 12.54 13.75 13.74 12.61 14.44 11.02 7.17 4.06 0.89 0.00 0.00 0.00
0.00 0.00 0.00 0.00 0.00 0.00 0.00 0.74 2.06 3.42 5.56 7.00 7.71 8.32 8.10 7.59 7.33 5.62 3.72 2.47 0.51 0.00 0.00 0.00
0.00 0.00 0.00 0.00 0.00 0.00 0.00 1.02 2.85 4.71 7.67 9.66 10.65 11.48 11.18 10.47 10.12 7.76 5.13 3.41 0.70 0.00 0.00 0.00
0.00 0.00 0.00 0.00 0.00 0.00 0.00 0.70 1.94 3.21 5.22 6.58 7.25 7.82 7.62 7.13 6.89 5.28 3.49 2.32 0.48 0.00 0.00 0.00
0.00 0.00 0.00 0.00 0.00 0.00 0.00 0.56 1.65 2.76 4.80 5.95 6.69 7.33 7.33 6.73 7.70 5.88 3.82 2.17 0.48 0.00 0.00 0.00
0.00 0.00 0.00 0.00 0.00 0.00 0.00 0.38 1.03 1.70 3.46 4.34 4.88 7.06 7.06 6.51 6.61 5.14 3.48 1.72 0.32 0.00 0.00 0.00
0.00 0.00 0.00 0.00 0.00 0.00 0.00 0.69 2.32 3.87 6.14 7.79 8.89 9.77 9.92 9.25 12.90 9.95 6.66 3.15 0.80 0.00 0.00 0.00
0.00 0.00 0.00 0.00 0.00 0.00 0.00 5.50 29.97 53.22 71.28 93.07 106.03 140.16 141.92 134.51 117.72 92.20 62.06 28.96 7.97 0.00 0.00 0.00
0.00 0.00 0.00 0.00 0.00 0.00 0.00 1.29 4.55 7.66 8.65 11.68 13.90 19.64 19.55 18.44 21.83 17.56 12.10 4.99 1.52 0.00 0.00 0.00
0.00 0.00 0.00 0.00 0.00 0.00 0.00 1.50 4.89 8.13 14.81 19.53 23.37 22.82 23.17 21.56 26.26 20.77 14.26 8.14 2.30 0.00 0.00 0.00
0.00 0.00 0.00 0.00 0.00 0.00 0.00 0.69 2.24 3.73 6.79 8.95 10.71 10.46 10.62 9.88 12.03 9.52 6.54 3.73 1.06 0.00 0.00 0.00
0.00 0.00 0.00 0.00 0.00 0.00 0.00 1.64 5.72 9.62 10.85 14.59 17.41 23.23 23.00 21.68 26.70 21.37 14.90 6.70 2.05 0.00 0.00 0.00
0.00 0.00 0.00 0.00 0.00 0.00 0.00 0.57 1.82 3.02 4.43 5.80 6.83 8.46 8.46 7.98 9.83 7.80 5.41 2.88 0.85 0.00 0.00 0.00
0.00 0.00 0.00 0.00 0.00 0.00 0.00 5.30 25.10 43.96 66.28 91.83 116.03 133.35 136.94 132.34 120.81 97.06 67.35 37.86 13.52 0.00 0.00 0.00
0.00 0.00 0.00 0.00 0.00 0.00 0.00 3.47 11.59 19.37 28.89 36.98 43.22 39.74 41.66 39.71 25.23 20.52 14.62 14.01 5.71 0.00 0.00 0.00
0.00 0.00 0.00 0.00 0.00 0.00 0.00 0.75 2.60 4.37 6.60 8.43 9.95 10.43 10.61 10.11 7.11 5.76 4.07 2.51 1.01 0.00 0.00 0.00
0.00 0.00 0.00 0.00 0.00 0.00 0.00 0.89 3.20 5.40 7.95 10.21 12.00 13.30 13.71 13.32 8.63 6.82 4.84 2.31 0.90 0.00 0.00 0.00
0.00 0.00 0.00 0.00 0.00 0.00 0.00 1.43 5.11 8.65 12.73 16.33 19.20 21.28 21.93 21.31 13.80 10.92 7.74 3.70 1.44 0.00 0.00 0.00
0.00 0.00 0.00 0.00 0.00 0.00 0.00 16.59 108.19 196.66 296.37 392.44 472.29 510.86 523.10 496.48 421.62 341.55 240.48 127.25 54.99 0.00 0.00 0.00
