0.00 0.00 0.00 0.00 0.00 0.00 0.00 0.00 0.00 0.40 1.48 2.28 2.95 3.25 3.33 2.97 2.30 1.57 0.64 0.00 0.00 0.00 0.00 0.00
0.00 0.00 0.00 0.00 0.00 0.00 0.00 0.00 0.00 13.06 30.79 44.24 54.16 58.97 60.25 53.04 39.26 25.74 9.18 0.00 0.00 0.00 0.00 0.00
0.00 0.00 0.00 0.00 0.00 0.00 0.00 0.00 0.00 9.19 33.90 52.07 67.46 74.42 76.12 68.01 52.49 35.81 14.63 0.00 0.00 0.00 0.00 0.00
0.00 0.00 0.00 0.00 0.00 0.00 0.00 0.00 0.00 32.65 120.46 185.07 239.74 264.48 270.54 241.71 186.54 127.25 51.98 0.00 0.00 0.00 0.00 0.00
0.00 0.00 0.00 0.00 0.00 0.00 0.00 0.00 0.00 2.51 5.53 7.80 9.32 9.80 9.61 8.21 6.14 3.77 0.88 0.00 0.00 0.00 0.00 0.00
0.00 0.00 0.00 0.00 0.00 0.00 0.00 0.00 0.00 67.06 269.40 417.48 541.75 606.80 628.67 573.12 461.37 315.44 140.32 0.00 0.00 0.00 0.00 0.00
0.00 0.00 0.00 0.00 0.00 0.00 0.00 0.00 0.00 1.15 3.03 4.32 5.34 5.80 5.71 5.01 3.64 2.24 0.53 0.00 0.00 0.00 0.00 0.00
0.00 0.00 0.00 0.00 0.00 0.00 0.00 0.00 0.00 0.77 1.84 2.63 3.21 3.45 3.47 3.05 2.28 1.49 0.50 0.00 0.00 0.00 0.00 0.00
0.00 0.00 0.00 0.00 0.00 0.00 0.00 0.00 0.00 1.23 2.94 4.21 5.14 5.52 5.55 4.88 3.65 2.38 0.80 0.00 0.00 0.00 0.00 0.00
0.00 0.00 0.00 0.00 0.00 0.00 0.00 0.00 0.00 1.23 2.94 4.21 5.14 5.52 5.55 4.88 3.65 2.38 0.80 0.00 0.00 0.00 0.00 0.00
0.00 0.00 0.00 0.00 0.00 0.00 0.00 0.00 0.00 2.52 6.59 9.40 11.82 12.88 12.84 11.33 8.88 5.83 2.04 0.00 0.00 0.00 0.00 0.00
0.00 0.00 0.00 0.00 0.00 0.00 0.00 0.00 0.00 1.21 3.14 4.46 5.60 6.12 6.12 5.40 4.12 2.71 0.95 0.00 0.00 0.00 0.00 0.00
0.00 0.00 0.00 0.00 0.00 0.00 0.00 0.00 0.00 1.56 4.04 5.74 7.20 7.87 7.87 6.94 5.30 3.48 1.22 0.00 0.00 0.00 0.00 0.00
0.00 0.00 0.00 0.00 0.00 0.00 0.00 0.00 0.00 1.04 2.69 3.83 4.80 5.25 5.25 4.63 3.54 2.32 0.82 0.00 0.00 0.00 0.00 0.00
0.00 0.00 0.00 0.00 0.00 0.00 0.00 0.00 0.00 1.04 2.69 3.83 4.80 5.25 5.25 4.63 3.54 2.32 0.82 0.00 0.00 0.00 0.00 0.00
0.00 0.00 0.00 0.00 0.00 0.00 0.00 0.00 0.00 13.57 34.46 50.94 64.64 73.19 76.50 68.25 51.83 33.75 14.27 0.00 0.00 0.00 0.00 0.00
0.00 0.00 0.00 0.00 0.00 0.00 0.00 0.00 0.00 7.60 19.75 28.07 35.73 39.70 39.18 34.01 26.14 17.01 5.71 0.00 0.00 0.00 0.00 0.00
0.00 0.00 0.00 0.00 0.00 0.00 0.00 0.00 0.00 6.03 16.23 23.23 28.55 31.57 31.76 27.39 21.47 13.95 4.66 0.00 0.00 0.00 0.00 0.00
0.00 0.00 0.00 0.00 0.00 0.00 0.00 0.00 0.00 19.78 79.46 123.14 159.80 178.99 185.43 169.05 136.09 93.04 41.39 0.00 0.00 0.00 0.00 0.00
0.00 0.00 0.00 0.00 0.00 0.00 0.00 0.00 0.00 18.82 75.59 117.13 152.00 170.25 176.39 160.80 129.45 88.51 39.37 0.00 0.00 0.00 0.00 0.00
0.00 0.00 0.00 0.00 0.00 0.00 0.00 0.00 0.00 36.18 145.36 225.26 292.31 327.41 339.21 309.24 248.94 170.20 75.71 0.00 0.00 0.00 0.00 0.00
0.00 0.00 0.00 0.00 0.00 0.00 0.00 0.00 0.00 35.58 142.94 221.50 287.44 321.96 333.56 304.08 244.79 167.37 74.45 0.00 0.00 0.00 0.00 0.00
0.00 0.00 0.00 0.00 0.00 0.00 0.00 0.00 0.00 38.21 148.58 232.35 304.60 337.98 349.53 310.97 240.46 163.43 65.68 0.00 0.00 0.00 0.00 0.00
0.00 0.00 0.00 0.00 0.00 0.00 0.00 0.00 0.00 0.77 1.84 2.63 3.21 3.45 3.47 3.05 2.28 1.49 0.50 0.00 0.00 0.00 0.00 0.00
0.00 0.00 0.00 0.00 0.00 0.00 0.00 0.00 0.00 3.89 9.31 13.34 16.27 17.47 17.57 15.44 11.56 7.53 2.54 0.00 0.00 0.00 0.00 0.00
0.00 0.00 0.00 0.00 0.00 0.00 0.00 0.00 0.00 19.87 47.55 68.10 83.07 89.20 89.70 78.84 59.01 38.43 12.98 0.00 0.00 0.00 0.00 0.00
0.00 0.00 0.00 0.00 0.00 0.00 0.00 0.00 0.00 1.35 5.43 8.41 10.91 12.22 12.66 11.54 9.29 6.35 2.83 0.00 0.00 0.00 0.00 0.00
0.00 0.00 0.00 0.00 0.00 0.00 0.00 0.00 0.00 32.14 118.59 182.19 236.00 260.36 266.32 237.95 183.64 125.27 51.17 0.00 0.00 0.00 0.00 0.00
0.00 0.00 0.00 0.00 0.00 0.00 0.00 0.00 0.00 3.32 9.85 14.48 18.16 20.41 21.09 18.79 15.06 10.23 4.18 0.00 0.00 0.00 0.00 0.00
0.00 0.00 0.00 0.00 0.00 0.00 0.00 0.00 0.00 18.39 59.94 90.67 116.27 125.70 126.45 113.04 84.40 55.20 18.64 0.00 0.00 0.00 0.00 0.00
0.00 0.00 0.00 0.00 0.00 0.00 0.00 0.00 0.00 0.54 1.98 3.04 3.93 4.34 4.44 3.97 3.06 2.09 0.85 0.00 0.00 0.00 0.00 0.00
0.00 0.00 0.00 0.00 0.00 0.00 0.00 0.00 0.00 24.10 88.94 136.64 177.00 195.27 199.74 178.46 137.73 93.95 38.38 0.00 0.00 0.00 0.00 0.00
0.00 0.00 0.00 0.00 0.00 0.00 0.00 0.00 0.00 30.93 114.14 175.35 227.15 250.60 256.33 229.02 176.75 120.57 49.25 0.00 0.00 0.00 0.00 0.00
0.00 0.00 0.00 0.00 0.00 0.00 0.00 0.00 0.00 50.39 195.94 306.41 401.69 445.71 460.94 410.09 317.11 215.52 86.62 0.00 0.00 0.00 0.00 0.00
0.00 0.00 0.00 0.00 0.00 0.00 0.00 0.00 0.00 1.87 4.90 6.98 8.74 9.62 9.78 8.76 6.64 4.40 1.63 0.00 0.00 0.00 0.00 0.00
0.00 0.00 0.00 0.00 0.00 0.00 0.00 0.00 0.00 2.33 6.07 8.65 10.84 11.92 12.20 10.85 8.26 5.47 2.00 0.00 0.00 0.00 0.00 0.00
0.00 0.00 0.00 0.00 0.00 0.00 0.00 0.00 0.00 13.68 40.64 59.73 74.91 84.21 86.99 77.52 62.12 42.19 17.25 0.00 0.00 0.00 0.00 0.00
0.00 0.00 0.00 0.00 0.00 0.00 0.00 0.00 0.00 17.39 123.54 205.51 275.03 314.86 320.14 283.65 223.75 151.41 59.57 0.00 0.00 0.00 0.00 0.00
0.00 0.00 0.00 0.00 0.00 0.00 0.00 0.00 0.00 0.61 1.56 2.21 2.76 3.02 3.02 2.62 1.98 1.28 0.41 0.00 0.00 0.00 0.00 0.00
0.00 0.00 0.00 0.00 0.00 0.00 0.00 0.00 0.00 8.29 28.54 43.71 57.06 63.15 64.22 57.08 43.94 29.46 11.24 0.00 0.00 0.00 0.00 0.00
0.00 0.00 0.00 0.00 0.00 0.00 0.00 0.00 0.00 2.23 9.61 15.20 20.17 23.15 24.17 22.34 17.43 11.84 5.70 0.00 0.00 0.00 0.00 0.00
0.00 0.00 0.00 0.00 0.00 0.00 0.00 0.00 0.00 1.38 3.58 5.09 6.21 6.72 6.68 5.69 4.27 2.60 0.56 0.00 0.00 0.00 0.00 0.00
0.00 0.00 0.00 0.00 0.00 0.00 0.00 0.00 0.00 0.69 1.79 2.55 3.11 3.36 3.34 2.85 2.13 1.30 0.28 0.00 0.00 0.00 0.00 0.00
0.00 0.00 0.00 0.00 0.00 0.00 0.00 0.00 0.00 1.51 3.92 5.57 6.79 7.35 7.30 6.23 4.67 2.84 0.62 0.00 0.00 0.00 0.00 0.00
0.00 0.00 0.00 0.00 0.00 0.00 0.00 0.00 0.00 1.82 4.66 6.61 8.09 8.80 8.77 7.57 5.61 3.44 0.79 0.00 0.00 0.00 0.00 0.00
0.00 0.00 0.00 0.00 0.00 0.00 0.00 0.00 0.00 2.77 7.10 10.06 12.32 13.40 13.36 11.54 8.55 5.24 1.21 0.00 0.00 0.00 0.00 0.00
0.00 0.00 0.00 0.00 0.00 0.00 0.00 0.00 0.00 2.32 6.13 8.74 10.82 11.93 11.73 10.36 7.52 4.65 1.13 0.00 0.00 0.00 0.00 0.00
0.00 0.00 0.00 0.00 0.00 0.00 0.00 0.00 0.00 1.52 4.26 6.39 8.11 10.30 10.18 8.93 6.50 4.13 1.21 0.00 0.00 0.00 0.00 0.00
0.00 0.00 0.00 0.00 0.00 0.00 0.00 0.00 0.00 3.94 11.01 16.50 20.96 26.61 26.29 23.08 16.78 10.66 3.12 0.00 0.00 0.00 0.00 0.00
0.00 0.00 0.00 0.00 0.00 0.00 0.00 0.00 0.00 1.03 3.21 4.78 6.22 6.82 6.88 5.97 4.58 2.97 0.96 0.00 0.00 0.00 0.00 0.00
0.00 0.00 0.00 0.00 0.00 0.00 0.00 0.00 0.00 2.88 7.09 9.95 12.18 13.06 13.26 11.30 8.66 5.51 1.63 0.00 0.00 0.00 0.00 0.00
0.00 0.00 0.00 0.00 0.00 0.00 0.00 0.00 0.00 4.50 11.42 16.15 19.83 21.28 21.11 18.50 14.23 8.92 2.44 0.00 0.00 0.00 0.00 0.00
0.00 0.00 0.00 0.00 0.00 0.00 0.00 0.00 0.00 0.78 1.74 2.42 2.85 2.94 2.96 2.55 1.93 1.18 0.27 0.00 0.00 0.00 0.00 0.00
0.00 0.00 0.00 0.00 0.00 0.00 0.00 0.00 0.00 4.28 9.74 13.82 16.41 17.18 17.32 15.17 11.07 6.97 1.97 0.00 0.00 0.00 0.00 0.00
0.00 0.00 0.00 0.00 0.00 0.00 0.00 0.00 0.00 2.84 6.37 9.10 10.92 11.50 11.48 10.00 7.25 4.50 1.17 0.00 0.00 0.00 0.00 0.00
0.00 0.00 0.00 0.00 0.00 0.00 0.00 0.00 0.00 3.92 8.79 12.56 15.07 15.87 15.84 13.80 10.00 6.22 1.61 0.00 0.00 0.00 0.00 0.00
0.00 0.00 0.00 0.00 0.00 0.00 0.00 0.00 0.00 2.67 5.99 8.56 10.27 10.81 10.79 9.40 6.81 4.23 1.10 0.00 0.00 0.00 0.00 0.00
0.00 0.00 0.00 0.00 0.00 0.00 0.00 0.00 0.00 2.28 5.20 7.37 8.75 9.16 9.24 8.09 5.91 3.72 1.05 0.00 0.00 0.00 0.00 0.00
0.00 0.00 0.00 0.00 0.00 0.00 0.00 0.00 0.00 2.19 4.85 6.80 8.27 8.85 8.70 7.46 5.51 3.40 0.83 0.00 0.00 0.00 0.00 0.00
0.00 0.00 0.00 0.00 0.00 0.00 0.00 0.00 0.00 2.20 5.27 7.55 9.21 9.89 9.94 8.74 6.54 4.26 1.44 0.00 0.00 0.00 0.00 0.00
0.00 0.00 0.00 0.00 0.00 0.00 0.00 0.00 0.00 17.66 44.85 66.30 84.14 95.26 99.57 88.83 67.46 43.93 18.58 0.00 0.00 0.00 0.00 0.00
0.00 0.00 0.00 0.00 0.00 0.00 0.00 0.00 0.00 2.85 7.47 10.65 13.40 14.60 14.55 12.84 10.06 6.61 2.32 0.00 0.00 0.00 0.00 0.00
0.00 0.00 0.00 0.00 0.00 0.00 0.00 0.00 0.00 4.59 11.41 16.08 20.29 21.87 21.52 18.77 14.33 9.28 3.03 0.00 0.00 0.00 0.00 0.00
0.00 0.00 0.00 0.00 0.00 0.00 0.00 0.00 0.00 2.10 5.23 7.37 9.30 10.02 9.86 8.60 6.57 4.25 1.39 0.00 0.00 0.00 0.00 0.00
0.00 0.00 0.00 0.00 0.00 0.00 0.00 0.00 0.00 3.52 9.23 13.17 16.51 18.03 18.01 15.74 12.45 8.16 2.85 0.00 0.00 0.00 0.00 0.00
0.00 0.00 0.00 0.00 0.00 0.00 0.00 0.00 0.00 1.48 3.79 5.36 6.70 7.34 7.34 6.37 4.81 3.11 1.00 0.00 0.00 0.00 0.00 0.00
0.00 0.00 0.00 0.00 0.00 0.00 0.00 0.00 0.00 14.16 42.08 61.85 77.56 87.18 90.06 80.26 64.31 43.68 17.86 0.00 0.00 0.00 0.00 0.00
0.00 0.00 0.00 0.00 0.00 0.00 0.00 0.00 0.00 4.40 14.33 21.68 27.80 30.06 30.24 27.03 20.18 13.20 4.46 0.00 0.00 0.00 0.00 0.00
0.00 0.00 0.00 0.00 0.00 0.00 0.00 0.00 0.00 1.00 3.16 4.77 6.18 6.71 6.63 5.99 4.60 3.03 1.05 0.00 0.00 0.00 0.00 0.00
0.00 0.00 0.00 0.00 0.00 0.00 0.00 0.00 0.00 1.24 3.82 5.72 7.26 8.16 8.23 7.39 5.83 3.85 1.38 0.00 0.00 0.00 0.00 0.00
0.00 0.00 0.00 0.00 0.00 0.00 0.00 0.00 0.00 1.99 6.12 9.16 11.61 13.06 13.17 11.82 9.32 6.17 2.20 0.00 0.00 0.00 0.00 0.00
0.00 0.00 0.00 0.00 0.00 0.00 0.00 0.00 0.00 36.79 147.78 229.01 297.18 332.87 344.86 314.39 253.09 173.04 76.98 0.00 0.00 0.00 0.00 0.00
