0.00 0.00 0.00 0.00 0.00 0.00 0.00 0.14 0.62 1.09 2.10 2.77 3.36 4.98 5.12 4.81 4.61 3.74 2.69 1.62 0.71 0.00 0.00 0.00
0.00 0.00 0.00 0.00 0.00 0.00 0.00 4.25 15.29 25.80 38.83 50.20 58.56 58.46 58.25 54.08 46.19 36.43 24.23 9.57 2.47 0.00 0.00 0.00
0.00 0.00 0.00 0.00 0.00 0.00 0.00 3.13 14.15 24.82 47.92 63.30 76.73 113.91 116.99 109.91 105.48 85.45 61.47 37.04 16.33 0.00 0.00 0.00
0.00 0.00 0.00 0.00 0.00 0.00 0.00 11.11 50.27 88.20 170.32 224.98 272.68 404.83 415.77 390.62 374.89 303.70 218.45 131.63 58.02 0.00 0.00 0.00
0.00 0.00 0.00 0.00 0.00 0.00 0.00 1.57 4.13 6.89 9.83 12.38 14.02 13.72 13.61 12.25 6.93 5.41 3.60 1.62 0.34 0.00 0.00 0.00
0.00 0.00 0.00 0.00 0.00 0.00 0.00 7.91 49.64 90.34 248.32 330.78 400.60 764.76 780.69 739.00 868.62 702.65 495.00 283.97 127.00 0.00 0.00 0.00
0.00 0.00 0.00 0.00 0.00 0.00 0.00 0.93 2.45 4.03 5.50 7.06 8.13 8.39 8.45 7.87 8.18 6.50 4.45 2.32 0.79 0.00 0.00 0.00
0.00 0.00 0.00 0.00 0.00 0.00 0.00 0.26 0.88 1.47 2.12 2.70 3.10 2.99 3.05 2.87 2.72 2.10 1.42 0.66 0.18 0.00 0.00 0.00
0.00 0.00 0.00 0.00 0.00 0.00 0.00 0.42 1.41 2.34 3.39 4.33 4.96 4.78 4.89 4.60 4.35 3.37 2.27 1.06 0.29 0.00 0.00 0.00
0.00 0.00 0.00 0.00 0.00 0.00 0.00 0.42 1.41 2.34 3.39 4.33 4.96 4.78 4.89 4.60 4.35 3.37 2.27 1.06 0.29 0.00 0.00 0.00
0.00 0.00 0.00 0.00 0.00 0.00 0.00 1.24 4.28 7.17 7.79 10.53 12.56 9.23 9.25 8.79 5.35 4.31 2.98 2.92 0.95 0.00 0.00 0.00
0.00 0.00 0.00 0.00 0.00 0.00 0.00 0.59 2.05 3.43 3.91 5.28 6.29 4.91 4.97 4.69 2.44 1.95 1.34 1.37 0.44 0.00 0.00 0.00
0.00 0.00 0.00 0.00 0.00 0.00 0.00 0.76 2.63 4.41 5.03 6.79 8.09 6.32 6.40 6.03 3.14 2.51 1.73 1.76 0.56 0.00 0.00 0.00
0.00 0.00 0.00 0.00 0.00 0.00 0.00 0.51 1.76 2.94 3.35 4.53 5.39 4.21 4.26 4.02 2.09 1.67 1.15 1.17 0.38 0.00 0.00 0.00
0.00 0.00 0.00 0.00 0.00 0.00 0.00 0.51 1.76 2.94 3.35 4.53 5.39 4.21 4.26 4.02 2.09 1.67 1.15 1.17 0.38 0.00 0.00 0.00
0.00 0.00 0.00 0.00 0.00 0.00 0.00 3.10 16.72 29.82 56.16 73.50 83.99 93.02 94.68 90.25 71.25 56.02 37.94 15.19 4.49 0.00 0.00 0.00
0.00 0.00 0.00 0.00 0.00 0.00 0.00 4.10 13.49 22.37 25.00 33.20 39.71 26.79 27.11 25.48 16.95 13.58 9.53 8.80 2.82 0.00 0.00 0.00
0.00 0.00 0.00 0.00 0.00 0.00 0.00 3.64 11.92 19.76 19.00 24.35 28.74 24.09 24.41 23.32 25.44 20.13 13.84 9.27 3.16 0.00 0.00 0.00
0.00 0.00 0.00 0.00 0.00 0.00 0.00 2.33 14.64 26.65 73.25 97.57 118.16 225.58 230.28 217.98 256.21 207.26 146.01 83.76 37.46 0.00 0.00 0.00
0.00 0.00 0.00 0.00 0.00 0.00 0.00 2.22 13.93 25.35 69.67 92.81 112.40 214.57 219.04 207.35 243.71 197.15 138.89 79.68 35.63 0.00 0.00 0.00
0.00 0.00 0.00 0.00 0.00 0.00 0.00 4.27 26.79 48.74 133.99 178.48 216.15 412.64 421.24 398.74 468.68 379.13 267.09 153.22 68.53 0.00 0.00 0.00
0.00 0.00 0.00 0.00 0.00 0.00 0.00 4.20 26.34 47.93 131.75 175.50 212.55 405.76 414.22 392.10 460.87 372.81 262.64 150.67 67.38 0.00 0.00 0.00
0.00 0.00 0.00 0.00 0.00 0.00 0.00 16.18 69.93 121.88 249.26 329.97 399.86 551.54 562.04 550.29 501.41 403.83 291.87 176.15 80.44 0.00 0.00 0.00
0.00 0.00 0.00 0.00 0.00 0.00 0.00 0.26 0.88 1.47 2.12 2.70 3.10 2.99 3.05 2.87 2.72 2.10 1.42 0.66 0.18 0.00 0.00 0.00
0.00 0.00 0.00 0.00 0.00 0.00 0.00 1.34 4.46 7.43 10.75 13.70 15.71 15.13 15.48 14.56 13.76 10.66 7.19 3.35 0.93 0.00 0.00 0.00
0.00 0.00 0.00 0.00 0.00 0.00 0.00 6.84 22.77 37.91 54.86 69.94 80.22 77.23 79.01 74.35 70.25 54.44 36.69 17.09 4.74 0.00 0.00 0.00
0.00 0.00 0.00 0.00 0.00 0.00 0.00 0.16 1.00 1.82 5.00 6.66 8.07 15.41 15.73 14.89 17.50 14.15 9.97 5.72 2.56 0.00 0.00 0.00
0.00 0.00 0.00 0.00 0.00 0.00 0.00 10.94 49.49 86.83 167.66 221.47 268.43 398.52 409.29 384.53 369.04 298.96 215.04 129.58 57.12 0.00 0.00 0.00
0.00 0.00 0.00 0.00 0.00 0.00 0.00 0.59 2.76 4.87 4.95 6.94 8.89 15.87 16.42 16.00 14.15 11.33 7.86 7.63 2.84 0.00 0.00 0.00
0.00 0.00 0.00 0.00 0.00 0.00 0.00 12.25 40.11 66.72 93.88 120.14 140.37 200.87 209.31 198.43 181.38 147.69 105.53 61.94 26.28 0.00 0.00 0.00
0.00 0.00 0.00 0.00 0.00 0.00 0.00 0.18 0.82 1.45 2.79 3.69 4.47 6.64 6.82 6.41 6.15 4.98 3.58 2.16 0.95 0.00 0.00 0.00
0.00 0.00 0.00 0.00 0.00 0.00 0.00 8.20 37.12 65.12 125.75 166.11 201.32 298.89 306.97 288.40 276.78 224.22 161.28 97.18 42.84 0.00 0.00 0.00
0.00 0.00 0.00 0.00 0.00 0.00 0.00 10.53 47.63 83.57 161.38 213.17 258.36 383.57 393.95 370.11 355.20 287.75 206.98 124.72 54.97 0.00 0.00 0.00
0.00 0.00 0.00 0.00 0.00 0.00 0.00 21.33 92.23 160.73 328.71 435.15 527.31 727.35 741.19 725.70 661.23 532.55 384.91 232.29 106.08 0.00 0.00 0.00
0.00 0.00 0.00 0.00 0.00 0.00 0.00 0.74 2.76 4.68 6.06 8.03 9.58 8.49 8.56 8.13 4.01 3.14 2.18 2.32 0.75 0.00 0.00 0.00
0.00 0.00 0.00 0.00 0.00 0.00 0.00 1.02 3.74 6.32 7.48 9.84 11.82 10.18 10.31 9.83 4.84 3.78 2.66 3.00 0.97 0.00 0.00 0.00
0.00 0.00 0.00 0.00 0.00 0.00 0.00 2.44 11.40 20.09 20.40 28.63 36.66 65.46 67.73 65.99 58.35 46.75 32.42 31.47 11.71 0.00 0.00 0.00
0.00 0.00 0.00 0.00 0.00 0.00 0.00 32.88 133.24 229.51 341.31 441.23 523.49 554.24 564.29 527.69 478.88 387.90 284.45 175.52 89.10 1.41 0.00 0.00
0.00 0.00 0.00 0.00 0.00 0.00 0.00 0.32 1.01 1.67 2.13 2.79 3.28 2.85 2.86 2.71 1.89 1.51 1.05 0.80 0.25 0.00 0.00 0.00
0.00 0.00 0.00 0.00 0.00 0.00 0.00 4.12 16.06 27.57 38.79 50.11 59.75 95.45 96.15 90.38 89.87 72.90 53.43 33.18 14.45 0.00 0.00 0.00
0.00 0.00 0.00 0.00 0.00 0.00 0.00 0.38 4.63 8.77 15.76 21.05 25.33 34.85 35.18 32.18 29.30 23.36 16.69 9.77 4.50 0.00 0.00 0.00
0.00 0.00 0.00 0.00 0.00 0.00 0.00 1.16 2.94 4.83 6.53 8.31 9.54 10.05 10.02 9.39 9.47 7.43 5.05 2.63 0.88 0.00 0.00 0.00
0.00 0.00 0.00 0.00 0.00 0.00 0.00 0.58 1.47 2.42 3.26 4.15 4.77 5.03 5.01 4.70 4.74 3.72 2.53 1.32 0.44 0.00 0.00 0.00
0.00 0.00 0.00 0.00 0.00 0.00 0.00 1.26 3.22 5.28 7.14 9.08 10.44 10.99 10.96 10.28 10.36 8.13 5.52 2.88 0.96 0.00 0.00 0.00
0.00 0.00 0.00 0.00 0.00 0.00 0.00 1.50 3.90 6.42 8.62 10.82 12.48 13.28 13.28 12.43 12.08 9.42 6.49 3.46 1.14 0.00 0.00 0.00
0.00 0.00 0.00 0.00 0.00 0.00 0.00 2.29 5.95 9.78 13.13 16.49 19.02 20.23 20.24 18.94 18.40 14.35 9.88 5.28 1.74 0.00 0.00 0.00
0.00 0.00 0.00 0.00 0.00 0.00 0.00 1.87 4.96 8.13 10.88 14.08 16.03 17.20 17.21 16.11 16.55 13.22 8.98 4.76 1.63 0.00 0.00 0.00
0.00 0.00 0.00 0.00 0.00 0.00 0.00 1.25 3.65 5.93 8.48 10.66 12.33 16.02 16.65 16.21 14.66 11.65 8.21 4.84 1.99 0.00 0.00 0.00
0.00 0.00 0.00 0.00 0.00 0.00 0.00 3.23 9.43 15.31 21.91 27.54 31.86 41.39 43.00 41.87 37.88 30.09 21.21 12.51 5.14 0.00 0.00 0.00
0.00 0.00 0.00 0.00 0.00 0.00 0.00 0.83 2.60 4.27 5.07 6.49 7.60 10.30 10.49 10.06 10.00 8.04 5.61 3.28 1.33 0.00 0.00 0.00
0.00 0.00 0.00 0.00 0.00 0.00 0.00 1.27 3.76 6.17 9.63 12.81 14.92 16.79 17.04 15.79 11.77 9.31 6.45 3.98 1.20 0.00 0.00 0.00
0.00 0.00 0.00 0.00 0.00 0.00 0.00 3.36 9.43 15.31 19.89 25.62 30.50 31.72 32.30 30.28 23.40 18.42 12.48 7.67 2.46 0.00 0.00 0.00
0.00 0.00 0.00 0.00 0.00 0.00 0.00 0.43 1.13 1.82 2.39 3.01 3.36 3.86 3.77 3.49 2.71 2.12 1.39 0.71 0.16 0.00 0.00 0.00
0.00 0.00 0.00 0.00 0.00 0.00 0.00 1.86 5.37 8.84 12.45 15.45 17.35 20.25 20.36 18.80 13.90 10.66 7.00 2.94 0.73 0.00 0.00 0.00
0.00 0.00 0.00 0.00 0.00 0.00 0.00 1.47 4.03 6.62 8.99 11.26 12.33 13.13 12.79 11.99 9.03 6.96 4.63 2.92 0.68 0.00 0.00 0.00
0.00 0.00 0.00 0.00 0.00 0.00 0.00 2.02 5.57 9.14 12.41 15.54 17.01 18.12 17.65 16.55 12.46 9.60 6.39 4.03 0.94 0.00 0.00 0.00
0.00 0.00 0.00 0.00 0.00 0.00 0.00 1.38 3.79 6.23 8.45 10.58 11.59 12.34 12.02 11.27 8.49 6.54 4.36 2.75 0.64 0.00 0.00 0.00
0.00 0.00 0.00 0.00 0.00 0.00 0.00 0.99 2.86 4.72 6.64 8.24 9.26 10.80 10.86 10.02 7.41 5.69 3.73 1.57 0.39 0.00 0.00 0.00
0.00 0.00 0.00 0.00 0.00 0.00 0.00 1.32 3.54 5.83 8.29 10.34 11.57 11.00 10.98 10.10 6.29 4.92 3.36 1.67 0.36 0.00 0.00 0.00
0.00 0.00 0.00 0.00 0.00 0.00 0.00 0.76 2.52 4.20 6.08 7.75 8.89 8.56 8.76 8.24 7.79 6.03 4.07 1.89 0.53 0.00 0.00 0.00
0.00 0.00 0.00 0.00 0.00 0.00 0.00 4.03 21.77 38.82 73.10 95.67 109.32 121.07 123.23 117.47 92.74 72.92 49.39 19.77 5.84 0.00 0.00 0.00
0.00 0.00 0.00 0.00 0.00 0.00 0.00 1.40 4.85 8.12 8.83 11.94 14.23 10.46 10.48 9.96 6.06 4.89 3.38 3.31 1.07 0.00 0.00 0.00
0.00 0.00 0.00 0.00 0.00 0.00 0.00 1.77 5.69 9.40 14.19 18.73 22.43 25.07 25.52 23.80 12.93 10.31 7.15 5.21 1.59 0.00 0.00 0.00
0.00 0.00 0.00 0.00 0.00 0.00 0.00 0.81 2.61 4.31 6.50 8.58 10.28 11.49 11.70 10.91 5.92 4.72 3.28 2.39 0.73 0.00 0.00 0.00
0.00 0.00 0.00 0.00 0.00 0.00 0.00 1.77 6.09 10.18 10.84 14.58 17.42 12.88 12.82 12.17 7.47 5.99 4.19 3.93 1.28 0.00 0.00 0.00
0.00 0.00 0.00 0.00 0.00 0.00 0.00 0.78 2.46 4.05 5.17 6.78 7.97 6.91 6.94 6.57 4.59 3.66 2.56 1.94 0.61 0.00 0.00 0.00
0.00 0.00 0.00 0.00 0.00 0.00 0.00 2.53 11.80 20.80 21.12 29.64 37.96 67.77 70.13 68.33 60.41 48.40 33.56 32.58 12.12 0.00 0.00 0.00
0.00 0.00 0.00 0.00 0.00 0.00 0.00 2.93 9.59 15.95 22.45 28.73 33.57 48.03 50.05 47.45 43.37 35.32 25.24 14.81 6.29 0.00 0.00 0.00
0.00 0.00 0.00 0.00 0.00 0.00 0.00 0.59 1.99 3.32 4.53 5.78 6.83 9.77 9.91 9.41 9.78 7.90 5.58 3.40 1.43 0.00 0.00 0.00
0.00 0.00 0.00 0.00 0.00 0.00 0.00 0.82 2.89 4.86 4.98 6.41 7.56 11.24 11.56 11.21 12.69 10.00 7.08 4.29 1.75 0.00 0.00 0.00
0.00 0.00 0.00 0.00 0.00 0.00 0.00 1.32 4.63 7.78 7.97 10.25 12.09 17.98 18.49 17.94 20.30 16.00 11.32 6.87 2.80 0.00 0.00 0.00
0.00 0.00 0.00 0.00 0.00 0.00 0.00 4.34 27.23 49.56 136.22 181.45 219.76 419.52 428.26 405.39 476.49 385.45 271.54 155.78 69.67 0.00 0.00 0.00
