0.00 0.00 0.00 0.00 0.00 0.00 0.00 0.00 0.73 1.64 2.70 3.61 4.26 4.71 4.75 4.60 4.16 3.41 2.38 1.14 0.36 0.00 0.00 0.00
0.00 0.00 0.00 0.00 0.00 0.00 0.00 0.00 16.90 33.79 52.90 67.24 78.26 89.09 88.39 82.46 66.94 51.78 34.76 14.53 1.20 0.00 0.00 0.00
0.00 0.00 0.00 0.00 0.00 0.00 0.00 0.00 16.75 37.51 61.65 82.55 97.35 107.80 108.64 105.14 95.19 78.03 54.47 26.08 8.29 0.00 0.00 0.00
0.00 0.00 0.00 0.00 0.00 0.00 0.00 0.00 59.53 133.30 219.10 293.36 345.99 383.13 386.08 373.66 338.30 277.32 193.58 92.69 29.47 0.00 0.00 0.00
0.00 0.00 0.00 0.00 0.00 0.00 0.00 0.39 2.97 5.38 8.76 11.01 12.41 12.45 12.13 11.16 8.46 6.54 4.17 1.21 0.00 0.00 0.00 0.00
0.00 0.00 0.00 0.00 0.00 0.00 0.00 0.00 114.85 273.57 460.33 621.67 750.52 831.38 864.43 862.80 766.99 626.35 432.12 223.43 74.72 0.00 0.00 0.00
0.00 0.00 0.00 0.00 0.00 0.00 0.00 0.10 1.14 2.13 4.94 6.41 7.45 7.04 6.95 6.53 6.04 4.64 3.04 1.36 0.21 0.00 0.00 0.00
0.00 0.00 0.00 0.00 0.00 0.00 0.00 0.00 1.02 2.00 2.95 3.84 4.45 4.98 4.84 4.59 3.90 3.04 2.02 0.99 0.10 0.00 0.00 0.00
0.00 0.00 0.00 0.00 0.00 0.00 0.00 0.00 1.63 3.20 4.72 6.14 7.12 7.97 7.74 7.35 6.25 4.86 3.23 1.59 0.16 0.00 0.00 0.00
0.00 0.00 0.00 0.00 0.00 0.00 0.00 0.00 1.63 3.20 4.72 6.14 7.12 7.97 7.74 7.35 6.25 4.86 3.23 1.59 0.16 0.00 0.00 0.00
0.00 0.00 0.00 0.00 0.00 0.00 0.00 0.00 3.66 7.36 11.88 15.80 18.32 19.86 19.84 18.73 14.99 11.77 7.56 2.72 0.44 0.00 0.00 0.00
0.00 0.00 0.00 0.00 0.00 0.00 0.00 0.00 1.72 3.45 5.57 7.42 8.58 9.42 9.40 8.81 7.36 5.80 3.71 1.44 0.23 0.00 0.00 0.00
0.00 0.00 0.00 0.00 0.00 0.00 0.00 0.00 2.21 4.43 7.16 9.54 11.03 12.12 12.09 11.33 9.47 7.46 4.78 1.85 0.29 0.00 0.00 0.00
0.00 0.00 0.00 0.00 0.00 0.00 0.00 0.00 1.47 2.96 4.77 6.36 7.35 8.08 8.06 7.55 6.31 4.97 3.18 1.23 0.19 0.00 0.00 0.00
0.00 0.00 0.00 0.00 0.00 0.00 0.00 0.00 1.47 2.96 4.77 6.36 7.35 8.08 8.06 7.55 6.31 4.97 3.18 1.23 0.19 0.00 0.00 0.00
0.00 0.00 0.00 0.00 0.00 0.00 0.00 0.00 18.45 40.22 65.10 86.11 100.24 112.46 111.93 105.31 87.59 67.86 44.95 21.24 3.24 0.00 0.00 0.00
0.00 0.00 0.00 0.00 0.00 0.00 0.00 0.00 11.27 22.35 35.38 47.16 54.78 59.95 59.88 55.63 46.09 36.15 23.56 7.81 1.20 0.00 0.00 0.00
0.00 0.00 0.00 0.00 0.00 0.00 0.00 0.00 9.54 18.99 30.30 40.44 46.51 49.39 49.22 46.28 35.54 28.01 18.26 7.44 1.33 0.00 0.00 0.00
0.00 0.00 0.00 0.00 0.00 0.00 0.00 0.00 33.88 80.69 135.78 183.37 221.38 245.23 254.98 254.50 226.24 184.75 127.46 65.90 22.04 0.00 0.00 0.00
0.00 0.00 0.00 0.00 0.00 0.00 0.00 0.00 32.22 76.76 129.16 174.42 210.58 233.26 242.54 242.08 215.20 175.74 121.24 62.69 20.97 0.00 0.00 0.00
0.00 0.00 0.00 0.00 0.00 0.00 0.00 0.00 61.97 147.61 248.38 335.43 404.96 448.59 466.42 465.54 413.84 337.96 233.16 120.56 40.32 0.00 0.00 0.00
0.00 0.00 0.00 0.00 0.00 0.00 0.00 0.00 60.94 145.15 244.24 329.84 398.21 441.11 458.65 457.78 406.95 332.33 229.27 118.55 39.65 0.00 0.00 0.00
0.00 0.00 0.00 0.00 0.00 0.00 0.00 0.00 76.59 170.69 278.10 378.27 457.40 510.04 525.45 505.03 461.90 366.86 254.40 125.28 42.05 0.00 0.00 0.00
0.00 0.00 0.00 0.00 0.00 0.00 0.00 0.00 1.02 2.00 2.95 3.84 4.45 4.98 4.84 4.59 3.90 3.04 2.02 0.99 0.10 0.00 0.00 0.00
0.00 0.00 0.00 0.00 0.00 0.00 0.00 0.00 5.17 10.14 14.96 19.44 22.55 25.25 24.51 23.26 19.78 15.38 10.23 5.03 0.49 0.00 0.00 0.00
0.00 0.00 0.00 0.00 0.00 0.00 0.00 0.00 26.38 51.75 76.35 99.24 115.12 128.90 125.12 118.75 100.99 78.54 52.21 25.69 2.52 0.00 0.00 0.00
0.00 0.00 0.00 0.00 0.00 0.00 0.00 0.00 2.31 5.51 9.27 12.52 15.12 16.75 17.41 17.38 15.45 12.62 8.70 4.50 1.51 0.00 0.00 0.00
0.00 0.00 0.00 0.00 0.00 0.00 0.00 0.00 58.60 131.22 215.68 288.79 340.60 377.16 380.07 367.83 333.03 272.99 190.56 91.25 29.01 0.00 0.00 0.00
0.00 0.00 0.00 0.00 0.00 0.00 0.00 0.00 4.87 10.65 17.57 23.97 28.53 31.37 31.14 29.36 19.02 15.13 10.16 4.04 0.96 0.00 0.00 0.00
0.00 0.00 0.00 0.00 0.00 0.00 0.00 0.00 32.56 66.60 109.72 148.63 176.16 192.62 194.34 184.40 164.41 132.06 91.16 41.08 11.53 0.00 0.00 0.00
0.00 0.00 0.00 0.00 0.00 0.00 0.00 0.00 0.98 2.19 3.59 4.81 5.68 6.29 6.33 6.13 5.55 4.55 3.18 1.52 0.48 0.00 0.00 0.00
0.00 0.00 0.00 0.00 0.00 0.00 0.00 0.00 43.95 98.42 161.76 216.59 255.45 282.87 285.05 275.87 249.77 204.74 142.92 68.44 21.76 0.00 0.00 0.00
0.00 0.00 0.00 0.00 0.00 0.00 0.00 0.00 56.41 126.30 207.60 277.96 327.83 363.01 365.81 354.04 320.54 262.76 183.41 87.83 27.92 0.00 0.00 0.00
0.00 0.00 0.00 0.00 0.00 0.00 0.00 0.00 101.00 225.10 366.74 498.85 603.20 672.62 692.94 666.01 609.13 483.79 335.49 165.22 55.45 0.00 0.00 0.00
0.00 0.00 0.00 0.00 0.00 0.00 0.00 0.00 2.55 5.22 8.69 11.62 13.47 14.99 14.94 13.92 11.80 8.95 6.02 2.59 0.43 0.00 0.00 0.00
0.00 0.00 0.00 0.00 0.00 0.00 0.00 0.00 3.24 6.61 10.94 14.62 16.96 18.84 18.81 17.55 14.18 10.82 7.16 3.01 0.50 0.00 0.00 0.00
0.00 0.00 0.00 0.00 0.00 0.00 0.00 0.00 20.10 43.93 72.46 98.87 117.69 129.41 128.44 121.10 78.46 62.40 41.90 16.67 3.98 0.00 0.00 0.00
0.00 0.00 0.00 0.00 0.00 0.00 0.00 0.00 57.08 130.10 264.54 364.86 445.07 522.37 529.00 495.78 439.32 354.47 248.33 142.36 55.98 0.00 0.00 0.00
0.00 0.00 0.00 0.00 0.00 0.00 0.00 0.00 0.91 1.77 2.80 3.71 4.27 4.61 4.62 4.33 3.49 2.66 1.77 0.59 0.08 0.00 0.00 0.00
0.00 0.00 0.00 0.00 0.00 0.00 0.00 0.00 15.38 33.14 53.66 72.54 87.35 96.23 97.60 93.61 83.19 66.05 46.13 21.62 6.55 0.00 0.00 0.00
0.00 0.00 0.00 0.00 0.00 0.00 0.00 0.00 3.61 9.35 16.16 22.51 27.16 30.58 31.33 30.53 28.77 22.62 16.17 8.63 3.11 0.00 0.00 0.00
0.00 0.00 0.00 0.00 0.00 0.00 0.00 0.18 1.56 2.88 5.60 7.29 8.40 8.09 8.06 7.59 6.76 5.26 3.39 1.50 0.21 0.00 0.00 0.00
0.00 0.00 0.00 0.00 0.00 0.00 0.00 0.09 0.78 1.44 2.80 3.64 4.20 4.04 4.03 3.80 3.38 2.63 1.69 0.75 0.10 0.00 0.00 0.00
0.00 0.00 0.00 0.00 0.00 0.00 0.00 0.19 1.71 3.16 6.12 7.97 9.19 8.85 8.82 8.30 7.39 5.75 3.71 1.64 0.23 0.00 0.00 0.00
0.00 0.00 0.00 0.00 0.00 0.00 0.00 0.21 2.05 3.80 6.19 8.01 9.35 9.41 9.25 8.73 8.11 6.22 4.01 1.81 0.24 0.00 0.00 0.00
0.00 0.00 0.00 0.00 0.00 0.00 0.00 0.32 3.12 5.79 9.43 12.20 14.24 14.35 14.09 13.30 12.35 9.48 6.11 2.75 0.37 0.00 0.00 0.00
0.00 0.00 0.00 0.00 0.00 0.00 0.00 0.18 2.22 4.16 10.10 12.98 15.11 14.58 14.32 13.51 12.16 9.43 6.23 2.75 0.43 0.00 0.00 0.00
0.00 0.00 0.00 0.00 0.00 0.00 0.00 0.00 2.77 5.45 8.04 10.91 12.90 14.25 14.41 13.77 12.94 10.19 6.85 3.07 0.78 0.00 0.00 0.00
0.00 0.00 0.00 0.00 0.00 0.00 0.00 0.00 7.15 14.09 20.78 28.19 33.32 36.82 37.23 35.58 33.44 26.32 17.71 7.93 2.02 0.00 0.00 0.00
0.00 0.00 0.00 0.00 0.00 0.00 0.00 0.00 1.70 3.42 5.93 8.04 9.55 10.31 10.26 9.63 8.54 6.72 4.64 2.05 0.53 0.00 0.00 0.00
0.00 0.00 0.00 0.00 0.00 0.00 0.00 0.14 4.12 7.89 12.34 16.16 18.52 20.18 20.11 18.48 14.68 11.26 7.27 2.40 0.28 0.00 0.00 0.00
0.00 0.00 0.00 0.00 0.00 0.00 0.00 0.38 6.97 13.19 20.80 27.41 31.69 28.20 28.62 26.96 16.35 12.59 8.13 3.93 0.54 0.00 0.00 0.00
0.00 0.00 0.00 0.00 0.00 0.00 0.00 0.10 0.77 1.40 2.32 2.92 3.28 4.39 4.22 3.92 2.81 2.17 1.39 0.41 0.00 0.00 0.00 0.00
0.00 0.00 0.00 0.00 0.00 0.00 0.00 0.39 5.67 10.60 16.36 20.62 23.05 22.79 21.95 20.54 15.99 12.30 8.00 3.37 0.14 0.00 0.00 0.00
0.00 0.00 0.00 0.00 0.00 0.00 0.00 0.36 3.62 6.65 10.87 13.65 15.19 15.47 14.71 13.96 11.20 8.59 5.62 1.73 0.03 0.00 0.00 0.00
0.00 0.00 0.00 0.00 0.00 0.00 0.00 0.50 4.99 9.18 15.00 18.83 20.96 21.34 20.29 19.26 15.45 11.86 7.75 2.39 0.04 0.00 0.00 0.00
0.00 0.00 0.00 0.00 0.00 0.00 0.00 0.34 3.40 6.26 10.22 12.83 14.28 14.54 13.82 13.12 10.52 8.08 5.28 1.63 0.02 0.00 0.00 0.00
0.00 0.00 0.00 0.00 0.00 0.00 0.00 0.21 3.02 5.66 8.72 11.00 12.30 12.16 11.71 10.96 8.53 6.56 4.26 1.80 0.07 0.00 0.00 0.00
0.00 0.00 0.00 0.00 0.00 0.00 0.00 0.34 2.84 5.18 7.97 9.99 11.26 11.13 10.96 10.21 7.86 6.09 3.87 1.29 0.00 0.00 0.00 0.00
0.00 0.00 0.00 0.00 0.00 0.00 0.00 0.00 2.92 5.74 8.46 11.00 12.76 14.28 13.87 13.16 11.19 8.70 5.79 2.85 0.28 0.00 0.00 0.00
0.00 0.00 0.00 0.00 0.00 0.00 0.00 0.00 24.01 52.35 84.73 112.08 130.48 146.37 145.69 137.07 114.01 88.32 58.51 27.64 4.22 0.00 0.00 0.00
0.00 0.00 0.00 0.00 0.00 0.00 0.00 0.00 4.15 8.34 13.46 17.91 20.76 22.51 22.49 21.23 16.99 13.34 8.57 3.09 0.50 0.00 0.00 0.00
0.00 0.00 0.00 0.00 0.00 0.00 0.00 0.00 6.21 12.17 19.10 25.32 29.60 33.47 33.36 30.89 28.32 21.62 14.12 5.35 0.70 0.00 0.00 0.00
0.00 0.00 0.00 0.00 0.00 0.00 0.00 0.00 2.85 5.58 8.75 11.61 13.57 15.34 15.29 14.16 12.98 9.91 6.47 2.45 0.32 0.00 0.00 0.00
0.00 0.00 0.00 0.00 0.00 0.00 0.00 0.00 5.15 10.34 16.64 22.08 25.64 27.73 27.69 26.13 21.18 16.61 10.71 3.73 0.61 0.00 0.00 0.00
0.00 0.00 0.00 0.00 0.00 0.00 0.00 0.00 2.20 4.30 6.81 9.01 10.36 11.19 11.22 10.51 8.47 6.45 4.31 1.43 0.20 0.00 0.00 0.00
0.00 0.00 0.00 0.00 0.00 0.00 0.00 0.00 20.81 45.48 75.02 102.36 121.85 133.98 132.98 125.38 81.23 64.60 43.38 17.26 4.12 0.00 0.00 0.00
0.00 0.00 0.00 0.00 0.00 0.00 0.00 0.00 7.79 15.93 26.24 35.54 42.12 46.06 46.47 44.10 39.32 31.58 21.80 9.82 2.76 0.00 0.00 0.00
0.00 0.00 0.00 0.00 0.00 0.00 0.00 0.00 1.78 3.66 5.86 7.88 9.53 10.43 10.33 9.77 8.76 7.01 4.85 2.18 0.61 0.00 0.00 0.00
0.00 0.00 0.00 0.00 0.00 0.00 0.00 0.00 2.24 4.63 7.49 9.95 11.58 12.55 12.70 12.21 10.85 8.71 5.98 2.65 0.70 0.00 0.00 0.00
0.00 0.00 0.00 0.00 0.00 0.00 0.00 0.00 3.58 7.41 11.98 15.93 18.53 20.08 20.33 19.54 17.36 13.93 9.57 4.25 1.13 0.00 0.00 0.00
0.00 0.00 0.00 0.00 0.00 0.00 0.00 0.00 63.00 150.07 252.52 341.02 411.71 456.06 474.20 473.30 420.74 343.59 237.05 122.57 40.99 0.00 0.00 0.00
