0.00 0.00 0.00 0.00 0.00 0.00 0.00 0.19 1.12 2.03 3.08 3.99 4.62 5.07 5.22 5.03 4.63 3.83 2.76 1.60 0.74 0.00 0.00 0.00
0.00 0.00 0.00 0.00 0.00 0.00 0.00 5.08 21.55 37.18 47.12 60.52 69.75 77.22 78.39 74.53 69.17 54.68 37.14 12.76 3.77 0.00 0.00 0.00
0.00 0.00 0.00 0.00 0.00 0.00 0.00 4.41 25.72 46.42 70.45 91.33 105.74 115.89 119.29 114.96 105.93 87.53 63.04 36.51 16.90 0.00 0.00 0.00
0.00 0.00 0.00 0.00 0.00 0.00 0.00 15.67 91.42 164.97 250.38 324.59 375.80 411.87 423.97 408.54 376.48 311.08 224.03 129.76 60.06 0.00 0.00 0.00
0.00 0.00 0.00 0.00 0.00 0.00 0.00 1.31 3.74 6.02 6.49 8.10 9.17 11.37 11.36 10.68 11.86 9.25 6.09 2.87 0.72 0.00 0.00 0.00
0.00 0.00 0.00 0.00 0.00 0.00 0.00 18.95 186.54 350.16 537.18 699.64 812.41 890.93 918.42 905.71 862.19 713.54 523.56 299.26 140.45 0.00 0.00 0.00
0.00 0.00 0.00 0.00 0.00 0.00 0.00 1.00 2.86 4.62 6.59 8.22 9.36 8.57 8.56 8.20 6.62 5.35 3.73 1.95 0.73 0.00 0.00 0.00
0.00 0.00 0.00 0.00 0.00 0.00 0.00 0.34 1.32 2.25 2.16 2.80 3.23 4.87 4.89 4.62 2.78 2.24 1.52 0.76 0.24 0.00 0.00 0.00
0.00 0.00 0.00 0.00 0.00 0.00 0.00 0.55 2.11 3.59 3.45 4.47 5.17 7.79 7.82 7.39 4.45 3.59 2.44 1.22 0.38 0.00 0.00 0.00
0.00 0.00 0.00 0.00 0.00 0.00 0.00 0.55 2.11 3.59 3.45 4.47 5.17 7.79 7.82 7.39 4.45 3.59 2.44 1.22 0.38 0.00 0.00 0.00
0.00 0.00 0.00 0.00 0.00 0.00 0.00 1.17 4.75 8.15 12.43 16.37 18.92 19.59 19.79 18.80 11.83 9.43 6.50 4.49 1.61 0.00 0.00 0.00
0.00 0.00 0.00 0.00 0.00 0.00 0.00 0.54 2.20 3.78 5.82 7.61 8.80 8.55 8.70 8.28 5.23 4.17 2.85 2.09 0.74 0.00 0.00 0.00
0.00 0.00 0.00 0.00 0.00 0.00 0.00 0.70 2.83 4.86 7.48 9.78 11.31 10.99 11.19 10.64 6.73 5.36 3.67 2.68 0.95 0.00 0.00 0.00
0.00 0.00 0.00 0.00 0.00 0.00 0.00 0.47 1.89 3.24 4.99 6.52 7.54 7.33 7.46 7.10 4.48 3.57 2.44 1.79 0.63 0.00 0.00 0.00
0.00 0.00 0.00 0.00 0.00 0.00 0.00 0.47 1.89 3.24 4.99 6.52 7.54 7.33 7.46 7.10 4.48 3.57 2.44 1.79 0.63 0.00 0.00 0.00
0.00 0.00 0.00 0.00 0.00 0.00 0.00 3.16 24.06 44.02 67.75 87.10 100.68 98.95 100.26 95.47 90.55 70.56 48.92 26.71 8.88 0.00 0.00 0.00
0.00 0.00 0.00 0.00 0.00 0.00 0.00 4.10 15.52 26.36 39.82 52.03 60.77 58.60 58.17 54.52 32.39 25.87 17.90 11.01 3.91 0.00 0.00 0.00
0.00 0.00 0.00 0.00 0.00 0.00 0.00 3.66 13.78 23.40 33.77 43.60 50.88 52.47 52.08 48.46 35.44 28.50 19.66 12.77 4.78 0.00 0.00 0.00
0.00 0.00 0.00 0.00 0.00 0.00 0.00 5.59 55.02 103.28 158.45 206.37 239.63 262.79 270.90 267.15 254.32 210.47 154.43 88.27 41.43 0.00 0.00 0.00
0.00 0.00 0.00 0.00 0.00 0.00 0.00 5.32 52.34 98.25 150.72 196.30 227.94 249.97 257.69 254.12 241.91 200.20 146.90 83.97 39.41 0.00 0.00 0.00
0.00 0.00 0.00 0.00 0.00 0.00 0.00 10.23 100.65 188.93 289.85 377.51 438.35 480.72 495.55 488.69 465.21 385.00 282.50 161.47 75.78 0.00 0.00 0.00
0.00 0.00 0.00 0.00 0.00 0.00 0.00 10.06 98.97 185.79 285.01 371.21 431.04 472.71 487.29 480.55 457.46 378.59 277.79 158.78 74.52 0.00 0.00 0.00
0.00 0.00 0.00 0.00 0.00 0.00 0.00 21.93 119.73 214.59 327.82 428.81 502.08 540.40 555.57 538.52 492.51 406.09 296.02 174.38 83.35 0.00 0.00 0.00
0.00 0.00 0.00 0.00 0.00 0.00 0.00 0.34 1.32 2.25 2.16 2.80 3.23 4.87 4.89 4.62 2.78 2.24 1.52 0.76 0.24 0.00 0.00 0.00
0.00 0.00 0.00 0.00 0.00 0.00 0.00 1.74 6.69 11.38 10.93 14.17 16.37 24.66 24.78 23.41 14.11 11.36 7.71 3.85 1.20 0.00 0.00 0.00
0.00 0.00 0.00 0.00 0.00 0.00 0.00 8.90 34.13 58.08 55.79 72.34 83.56 125.91 126.50 119.53 72.01 58.02 39.38 19.65 6.14 0.00 0.00 0.00
0.00 0.00 0.00 0.00 0.00 0.00 0.00 0.38 3.76 7.05 10.82 14.09 16.37 17.95 18.50 18.24 17.37 14.37 10.55 6.03 2.83 0.00 0.00 0.00
0.00 0.00 0.00 0.00 0.00 0.00 0.00 15.43 90.00 162.40 246.47 319.53 369.94 405.45 417.36 402.18 370.62 306.23 220.54 127.74 59.13 0.00 0.00 0.00
0.00 0.00 0.00 0.00 0.00 0.00 0.00 1.12 6.81 12.27 18.88 25.58 30.59 33.16 33.17 31.57 23.35 18.97 13.25 7.86 3.18 0.00 0.00 0.00
0.00 0.00 0.00 0.00 0.00 0.00 0.00 13.64 51.26 87.36 130.55 167.90 194.06 202.71 205.46 193.84 178.24 146.94 105.94 60.11 26.95 0.00 0.00 0.00
0.00 0.00 0.00 0.00 0.00 0.00 0.00 0.26 1.50 2.71 4.11 5.33 6.17 6.76 6.96 6.70 6.18 5.10 3.68 2.13 0.99 0.00 0.00 0.00
0.00 0.00 0.00 0.00 0.00 0.00 0.00 11.57 67.50 121.80 184.86 239.65 277.46 304.08 313.02 301.63 277.96 229.67 165.41 95.80 44.35 0.00 0.00 0.00
0.00 0.00 0.00 0.00 0.00 0.00 0.00 14.85 86.62 156.31 237.23 307.55 356.07 390.24 401.71 387.09 356.72 294.75 212.27 122.95 56.91 0.00 0.00 0.00
0.00 0.00 0.00 0.00 0.00 0.00 0.00 28.91 157.89 282.99 432.31 565.49 662.12 712.65 732.66 710.18 649.50 535.54 390.37 229.97 109.91 0.00 0.00 0.00
0.00 0.00 0.00 0.00 0.00 0.00 0.00 0.74 3.30 5.75 8.73 11.35 13.33 12.15 12.25 11.45 9.11 7.31 5.03 2.66 0.95 0.00 0.00 0.00
0.00 0.00 0.00 0.00 0.00 0.00 0.00 0.95 4.16 7.21 11.02 14.38 16.70 15.47 15.61 14.70 10.62 8.49 5.87 3.47 1.24 0.00 0.00 0.00
0.00 0.00 0.00 0.00 0.00 0.00 0.00 4.64 28.11 50.62 77.88 105.51 126.16 136.79 136.82 130.22 96.31 78.27 54.64 32.43 13.11 0.00 0.00 0.00
0.00 0.00 0.00 0.00 0.00 0.00 0.00 24.12 120.99 215.15 318.96 424.44 506.33 555.51 566.98 541.93 481.83 399.73 290.73 177.04 92.81 7.23 0.00 0.00
0.00 0.00 0.00 0.00 0.00 0.00 0.00 0.36 1.27 2.14 3.05 3.98 4.62 4.13 4.12 3.84 2.92 2.33 1.61 0.80 0.28 0.00 0.00 0.00
0.00 0.00 0.00 0.00 0.00 0.00 0.00 5.09 24.05 42.37 62.96 82.09 94.57 100.44 102.16 97.54 90.93 75.20 53.79 30.52 13.97 0.00 0.00 0.00
0.00 0.00 0.00 0.00 0.00 0.00 0.00 0.07 5.88 11.54 18.49 24.72 29.08 31.78 32.47 31.38 29.28 24.27 17.81 9.04 4.36 0.00 0.00 0.00
0.00 0.00 0.00 0.00 0.00 0.00 0.00 1.19 3.30 5.29 7.47 9.39 10.57 7.64 7.55 7.21 6.80 5.40 3.80 2.00 0.73 0.00 0.00 0.00
0.00 0.00 0.00 0.00 0.00 0.00 0.00 0.60 1.65 2.65 3.74 4.69 5.28 3.82 3.77 3.60 3.40 2.70 1.90 1.00 0.37 0.00 0.00 0.00
0.00 0.00 0.00 0.00 0.00 0.00 0.00 1.30 3.61 5.79 8.17 10.27 11.56 8.35 8.26 7.88 7.43 5.91 4.15 2.19 0.80 0.00 0.00 0.00
0.00 0.00 0.00 0.00 0.00 0.00 0.00 1.55 4.39 7.07 9.99 12.56 14.24 12.12 11.93 11.39 9.53 7.69 5.35 2.56 0.92 0.00 0.00 0.00
0.00 0.00 0.00 0.00 0.00 0.00 0.00 2.36 6.69 10.78 15.23 19.14 21.70 18.47 18.18 17.36 14.52 11.72 8.15 3.90 1.41 0.00 0.00 0.00
0.00 0.00 0.00 0.00 0.00 0.00 0.00 2.02 5.86 9.49 13.52 16.72 19.09 18.68 18.72 17.78 13.47 10.75 7.59 4.11 1.54 0.00 0.00 0.00
0.00 0.00 0.00 0.00 0.00 0.00 0.00 1.32 4.29 7.13 10.54 13.70 15.83 16.67 16.64 15.90 14.45 11.69 8.32 4.72 2.06 0.00 0.00 0.00
0.00 0.00 0.00 0.00 0.00 0.00 0.00 3.41 11.09 18.43 27.22 35.39 40.90 43.08 43.00 41.08 37.32 30.19 21.49 12.19 5.33 0.00 0.00 0.00
0.00 0.00 0.00 0.00 0.00 0.00 0.00 0.81 2.88 4.86 7.27 9.36 10.81 11.36 11.26 10.63 9.72 7.85 5.61 3.19 1.38 0.00 0.00 0.00
0.00 0.00 0.00 0.00 0.00 0.00 0.00 1.74 5.72 9.49 12.80 16.50 18.94 11.13 11.13 10.48 9.61 7.74 5.33 3.48 1.17 0.00 0.00 0.00
0.00 0.00 0.00 0.00 0.00 0.00 0.00 3.32 10.32 16.94 24.38 30.96 35.37 34.12 34.52 32.41 24.76 19.66 13.54 7.19 2.55 0.00 0.00 0.00
0.00 0.00 0.00 0.00 0.00 0.00 0.00 0.44 1.25 2.02 2.46 3.04 3.39 3.45 3.41 3.17 3.94 3.10 2.11 0.86 0.23 0.00 0.00 0.00
0.00 0.00 0.00 0.00 0.00 0.00 0.00 2.33 7.43 12.23 8.95 11.37 12.87 19.34 19.00 17.84 21.83 17.56 12.03 4.45 1.27 0.00 0.00 0.00
0.00 0.00 0.00 0.00 0.00 0.00 0.00 1.61 4.85 7.89 8.29 10.39 11.63 14.96 14.59 13.99 14.17 11.31 7.72 2.44 0.66 0.00 0.00 0.00
0.00 0.00 0.00 0.00 0.00 0.00 0.00 2.22 6.69 10.89 11.45 14.34 16.05 20.64 20.14 19.31 19.55 15.61 10.65 3.36 0.92 0.00 0.00 0.00
0.00 0.00 0.00 0.00 0.00 0.00 0.00 1.51 4.56 7.42 7.80 9.76 10.94 14.06 13.72 13.15 13.32 10.64 7.26 2.29 0.62 0.00 0.00 0.00
0.00 0.00 0.00 0.00 0.00 0.00 0.00 1.24 3.97 6.52 4.77 6.06 6.87 10.31 10.13 9.52 11.64 9.37 6.42 2.37 0.68 0.00 0.00 0.00
0.00 0.00 0.00 0.00 0.00 0.00 0.00 1.05 3.06 4.96 5.33 6.65 7.49 9.25 9.28 8.81 10.50 8.25 5.45 2.22 0.56 0.00 0.00 0.00
0.00 0.00 0.00 0.00 0.00 0.00 0.00 0.99 3.78 6.44 6.18 8.02 9.26 13.95 14.02 13.25 7.98 6.43 4.36 2.18 0.68 0.00 0.00 0.00
0.00 0.00 0.00 0.00 0.00 0.00 0.00 4.11 31.32 57.29 88.19 113.37 131.05 128.79 130.50 124.26 117.85 91.84 63.67 34.76 11.56 0.00 0.00 0.00
0.00 0.00 0.00 0.00 0.00 0.00 0.00 1.33 5.38 9.24 14.08 18.56 21.45 22.21 22.43 21.31 13.41 10.68 7.36 5.09 1.83 0.00 0.00 0.00
0.00 0.00 0.00 0.00 0.00 0.00 0.00 2.39 8.74 14.71 20.38 26.42 30.79 27.07 27.01 25.47 17.36 13.61 9.32 5.07 1.73 0.00 0.00 0.00
0.00 0.00 0.00 0.00 0.00 0.00 0.00 1.10 4.00 6.74 9.34 12.11 14.11 12.41 12.38 11.68 7.96 6.24 4.27 2.33 0.79 0.00 0.00 0.00
0.00 0.00 0.00 0.00 0.00 0.00 0.00 1.73 6.93 11.88 17.84 23.48 27.20 28.29 28.51 27.01 16.91 13.50 9.29 5.99 2.15 0.00 0.00 0.00
0.00 0.00 0.00 0.00 0.00 0.00 0.00 0.86 3.09 5.20 7.40 9.66 11.23 10.03 10.01 9.32 7.10 5.65 3.90 1.94 0.68 0.00 0.00 0.00
0.00 0.00 0.00 0.00 0.00 0.00 0.00 4.80 29.10 52.40 80.63 109.24 130.62 141.62 141.65 134.83 99.72 81.03 56.58 33.58 13.57 0.00 0.00 0.00
0.00 0.00 0.00 0.00 0.00 0.00 0.00 3.26 12.26 20.89 31.22 40.15 46.41 48.47 49.13 46.35 42.62 35.14 25.33 14.37 6.44 0.00 0.00 0.00
0.00 0.00 0.00 0.00 0.00 0.00 0.00 0.70 2.74 4.70 6.99 8.98 10.40 10.95 11.03 10.39 9.41 7.64 5.51 2.93 1.30 0.00 0.00 0.00
0.00 0.00 0.00 0.00 0.00 0.00 0.00 0.86 3.54 6.11 8.86 11.39 13.08 13.69 13.68 13.04 11.70 9.65 6.98 3.32 1.44 0.00 0.00 0.00
0.00 0.00 0.00 0.00 0.00 0.00 0.00 1.38 5.66 9.77 14.18 18.22 20.93 21.90 21.88 20.87 18.72 15.44 11.17 5.31 2.31 0.00 0.00 0.00
0.00 0.00 0.00 0.00 0.00 0.00 0.00 10.40 102.33 192.08 294.68 383.80 445.66 488.73 503.81 496.84 472.96 391.42 287.21 164.16 77.05 0.00 0.00 0.00
