0.00 0.00 0.00 0.00 0.00 0.00 0.00 0.00 0.00 0.45 1.40 2.16 2.83 2.61 2.67 2.43 1.63 1.09 0.45 0.00 0.00 0.00 0.00 0.00
0.00 0.00 0.00 0.00 0.00 0.00 0.00 0.00 0.00 13.29 29.62 43.07 52.84 56.98 55.33 49.48 38.75 25.42 9.21 0.00 0.00 0.00 0.00 0.00
0.00 0.00 0.00 0.00 0.00 0.00 0.00 0.00 0.00 10.32 32.12 49.42 64.68 59.58 61.16 55.64 37.32 24.85 10.32 0.00 0.00 0.00 0.00 0.00
0.00 0.00 0.00 0.00 0.00 0.00 0.00 0.00 0.00 36.68 114.14 175.62 229.87 211.75 217.38 197.74 132.62 88.31 36.69 0.00 0.00 0.00 0.00 0.00
0.00 0.00 0.00 0.00 0.00 0.00 0.00 0.00 0.12 2.52 5.29 7.56 8.87 9.20 8.94 7.95 5.88 3.60 0.88 0.00 0.00 0.00 0.00 0.00
0.00 0.00 0.00 0.00 0.00 0.00 0.00 0.00 0.00 78.15 252.57 391.60 524.60 427.33 442.21 408.28 267.94 173.23 77.79 0.00 0.00 0.00 0.00 0.00
0.00 0.00 0.00 0.00 0.00 0.00 0.00 0.00 0.00 1.10 2.72 4.23 5.18 5.55 5.51 4.85 3.40 2.10 0.53 0.00 0.00 0.00 0.00 0.00
0.00 0.00 0.00 0.00 0.00 0.00 0.00 0.00 0.00 0.76 1.71 2.52 3.05 3.33 3.31 2.93 2.22 1.45 0.50 0.00 0.00 0.00 0.00 0.00
0.00 0.00 0.00 0.00 0.00 0.00 0.00 0.00 0.00 1.21 2.74 4.04 4.88 5.33 5.30 4.69 3.55 2.31 0.80 0.00 0.00 0.00 0.00 0.00
0.00 0.00 0.00 0.00 0.00 0.00 0.00 0.00 0.00 1.21 2.74 4.04 4.88 5.33 5.30 4.69 3.55 2.31 0.80 0.00 0.00 0.00 0.00 0.00
0.00 0.00 0.00 0.00 0.00 0.00 0.00 0.00 0.00 2.37 5.75 8.65 11.07 12.56 12.70 11.53 8.78 5.77 2.07 0.00 0.00 0.00 0.00 0.00
0.00 0.00 0.00 0.00 0.00 0.00 0.00 0.00 0.00 1.14 2.74 4.16 5.37 5.96 5.99 5.44 4.12 2.70 0.97 0.00 0.00 0.00 0.00 0.00
0.00 0.00 0.00 0.00 0.00 0.00 0.00 0.00 0.00 1.47 3.53 5.35 6.91 7.67 7.70 6.99 5.29 3.47 1.25 0.00 0.00 0.00 0.00 0.00
0.00 0.00 0.00 0.00 0.00 0.00 0.00 0.00 0.00 0.98 2.35 3.57 4.60 5.11 5.14 4.66 3.53 2.31 0.83 0.00 0.00 0.00 0.00 0.00
0.00 0.00 0.00 0.00 0.00 0.00 0.00 0.00 0.00 0.98 2.35 3.57 4.60 5.11 5.14 4.66 3.53 2.31 0.83 0.00 0.00 0.00 0.00 0.00
0.00 0.00 0.00 0.00 0.00 0.00 0.00 0.00 0.00 13.95 31.83 49.55 63.40 72.39 74.89 67.87 53.17 33.86 14.42 0.00 0.00 0.00 0.00 0.00
0.00 0.00 0.00 0.00 0.00 0.00 0.00 0.00 0.00 7.32 17.69 26.08 33.75 38.05 39.01 35.19 26.15 17.06 5.87 0.00 0.00 0.00 0.00 0.00
0.00 0.00 0.00 0.00 0.00 0.00 0.00 0.00 0.00 6.09 15.05 22.25 28.90 31.73 31.29 28.19 21.45 14.05 4.85 0.00 0.00 0.00 0.00 0.00
0.00 0.00 0.00 0.00 0.00 0.00 0.00 0.00 0.00 23.05 74.50 115.51 154.74 126.05 130.44 120.43 79.03 51.10 22.95 0.00 0.00 0.00 0.00 0.00
0.00 0.00 0.00 0.00 0.00 0.00 0.00 0.00 0.00 21.93 70.87 109.87 147.19 119.90 124.07 114.55 75.18 48.60 21.83 0.00 0.00 0.00 0.00 0.00
0.00 0.00 0.00 0.00 0.00 0.00 0.00 0.00 0.00 42.17 136.28 211.30 283.06 230.57 238.60 220.29 144.57 93.47 41.97 0.00 0.00 0.00 0.00 0.00
0.00 0.00 0.00 0.00 0.00 0.00 0.00 0.00 0.00 41.47 134.01 207.77 278.34 226.73 234.62 216.62 142.16 91.91 41.27 0.00 0.00 0.00 0.00 0.00
0.00 0.00 0.00 0.00 0.00 0.00 0.00 0.00 0.00 44.66 146.97 225.31 301.00 283.70 289.82 263.37 216.23 144.06 59.26 0.00 0.00 0.00 0.00 0.00
0.00 0.00 0.00 0.00 0.00 0.00 0.00 0.00 0.00 0.76 1.71 2.52 3.05 3.33 3.31 2.93 2.22 1.45 0.50 0.00 0.00 0.00 0.00 0.00
0.00 0.00 0.00 0.00 0.00 0.00 0.00 0.00 0.00 3.83 8.66 12.79 15.45 16.87 16.77 14.85 11.24 7.33 2.52 0.00 0.00 0.00 0.00 0.00
0.00 0.00 0.00 0.00 0.00 0.00 0.00 0.00 0.00 19.57 44.22 65.28 78.86 86.13 85.63 75.84 57.38 37.40 12.89 0.00 0.00 0.00 0.00 0.00
0.00 0.00 0.00 0.00 0.00 0.00 0.00 0.00 0.00 1.57 5.09 7.89 10.57 8.61 8.91 8.22 5.40 3.49 1.57 0.00 0.00 0.00 0.00 0.00
0.00 0.00 0.00 0.00 0.00 0.00 0.00 0.00 0.00 36.11 112.36 172.89 226.28 208.45 213.99 194.66 130.56 86.94 36.12 0.00 0.00 0.00 0.00 0.00
0.00 0.00 0.00 0.00 0.00 0.00 0.00 0.00 0.00 3.28 8.51 12.89 16.88 19.32 19.64 18.29 14.11 9.64 4.00 0.00 0.00 0.00 0.00 0.00
0.00 0.00 0.00 0.00 0.00 0.00 0.00 0.00 0.00 19.62 57.34 87.27 112.43 124.43 123.73 109.54 78.23 51.27 17.91 0.00 0.00 0.00 0.00 0.00
0.00 0.00 0.00 0.00 0.00 0.00 0.00 0.00 0.00 0.60 1.87 2.88 3.77 3.47 3.57 3.24 2.18 1.45 0.60 0.00 0.00 0.00 0.00 0.00
0.00 0.00 0.00 0.00 0.00 0.00 0.00 0.00 0.00 27.08 84.27 129.66 169.71 156.34 160.49 145.99 97.92 65.20 27.09 0.00 0.00 0.00 0.00 0.00
0.00 0.00 0.00 0.00 0.00 0.00 0.00 0.00 0.00 34.75 108.15 166.40 217.80 200.63 205.96 187.36 125.66 83.68 34.76 0.00 0.00 0.00 0.00 0.00
0.00 0.00 0.00 0.00 0.00 0.00 0.00 0.00 0.00 58.90 193.81 297.12 396.95 374.13 382.20 347.32 285.16 189.98 78.15 0.00 0.00 0.00 0.00 0.00
0.00 0.00 0.00 0.00 0.00 0.00 0.00 0.00 0.00 1.81 4.37 6.73 8.64 9.52 9.65 8.69 6.62 4.35 1.64 0.00 0.00 0.00 0.00 0.00
0.00 0.00 0.00 0.00 0.00 0.00 0.00 0.00 0.00 2.24 5.39 8.33 10.76 11.86 11.98 10.84 8.25 5.42 2.02 0.00 0.00 0.00 0.00 0.00
0.00 0.00 0.00 0.00 0.00 0.00 0.00 0.00 0.00 13.52 35.12 53.17 69.61 79.70 81.01 75.45 58.20 39.78 16.52 0.00 0.00 0.00 0.00 0.00
0.00 0.00 0.00 0.00 0.00 0.00 0.00 0.00 0.00 28.68 136.10 216.78 296.36 340.07 354.23 321.65 245.74 166.74 68.06 0.00 0.00 0.00 0.00 0.00
0.00 0.00 0.00 0.00 0.00 0.00 0.00 0.00 0.00 0.59 1.41 2.09 2.62 2.93 2.98 2.69 2.03 1.32 0.44 0.00 0.00 0.00 0.00 0.00
0.00 0.00 0.00 0.00 0.00 0.00 0.00 0.00 0.00 9.04 27.74 42.53 55.82 56.15 57.44 51.38 37.33 24.78 9.70 0.00 0.00 0.00 0.00 0.00
0.00 0.00 0.00 0.00 0.00 0.00 0.00 0.00 0.00 2.81 9.39 14.71 19.42 16.38 17.19 15.80 8.20 5.35 2.59 0.00 0.00 0.00 0.00 0.00
0.00 0.00 0.00 0.00 0.00 0.00 0.00 0.00 0.00 1.33 3.25 4.83 5.96 6.46 6.35 5.68 4.11 2.52 0.59 0.00 0.00 0.00 0.00 0.00
0.00 0.00 0.00 0.00 0.00 0.00 0.00 0.00 0.00 0.67 1.63 2.41 2.98 3.23 3.18 2.84 2.06 1.26 0.30 0.00 0.00 0.00 0.00 0.00
0.00 0.00 0.00 0.00 0.00 0.00 0.00 0.00 0.00 1.46 3.56 5.28 6.51 7.07 6.95 6.21 4.50 2.76 0.65 0.00 0.00 0.00 0.00 0.00
0.00 0.00 0.00 0.00 0.00 0.00 0.00 0.00 0.00 1.74 4.21 6.22 7.73 8.28 8.27 7.39 5.30 3.27 0.81 0.00 0.00 0.00 0.00 0.00
0.00 0.00 0.00 0.00 0.00 0.00 0.00 0.00 0.00 2.66 6.42 9.48 11.78 12.61 12.60 11.26 8.08 4.98 1.23 0.00 0.00 0.00 0.00 0.00
0.00 0.00 0.00 0.00 0.00 0.00 0.00 0.00 0.00 2.24 5.56 8.47 10.54 11.33 11.25 9.81 6.72 4.17 1.08 0.00 0.00 0.00 0.00 0.00
0.00 0.00 0.00 0.00 0.00 0.00 0.00 0.00 0.00 1.67 4.68 7.06 9.02 9.95 9.92 8.71 6.38 4.08 1.26 0.00 0.00 0.00 0.00 0.00
0.00 0.00 0.00 0.00 0.00 0.00 0.00 0.00 0.00 4.31 12.10 18.25 23.31 25.70 25.63 22.49 16.48 10.55 3.25 0.00 0.00 0.00 0.00 0.00
0.00 0.00 0.00 0.00 0.00 0.00 0.00 0.00 0.00 1.11 3.14 4.73 6.06 6.58 6.58 5.79 3.88 2.52 0.84 0.00 0.00 0.00 0.00 0.00
0.00 0.00 0.00 0.00 0.00 0.00 0.00 0.00 0.00 2.68 6.23 9.23 11.75 12.70 12.75 11.39 8.62 5.51 1.69 0.00 0.00 0.00 0.00 0.00
0.00 0.00 0.00 0.00 0.00 0.00 0.00 0.00 0.00 4.29 10.27 15.21 18.77 20.37 20.83 19.07 14.05 8.89 2.55 0.00 0.00 0.00 0.00 0.00
0.00 0.00 0.00 0.00 0.00 0.00 0.00 0.00 0.02 0.73 1.53 2.15 2.58 2.76 2.74 2.40 1.82 1.12 0.27 0.00 0.00 0.00 0.00 0.00
0.00 0.00 0.00 0.00 0.00 0.00 0.00 0.00 0.00 4.20 9.08 13.11 15.47 16.20 15.89 13.93 10.38 6.56 1.90 0.00 0.00 0.00 0.00 0.00
0.00 0.00 0.00 0.00 0.00 0.00 0.00 0.00 0.03 2.81 6.02 8.77 10.26 11.06 10.67 9.34 6.86 4.28 1.15 0.00 0.00 0.00 0.00 0.00
0.00 0.00 0.00 0.00 0.00 0.00 0.00 0.00 0.04 3.88 8.30 12.10 14.16 15.26 14.72 12.90 9.47 5.90 1.58 0.00 0.00 0.00 0.00 0.00
0.00 0.00 0.00 0.00 0.00 0.00 0.00 0.00 0.03 2.65 5.66 8.24 9.65 10.39 10.03 8.78 6.45 4.02 1.08 0.00 0.00 0.00 0.00 0.00
0.00 0.00 0.00 0.00 0.00 0.00 0.00 0.00 0.00 2.24 4.84 6.99 8.25 8.64 8.48 7.43 5.54 3.50 1.02 0.00 0.00 0.00 0.00 0.00
0.00 0.00 0.00 0.00 0.00 0.00 0.00 0.00 0.10 2.25 4.72 6.66 7.91 8.22 8.10 7.22 5.25 3.23 0.82 0.00 0.00 0.00 0.00 0.00
0.00 0.00 0.00 0.00 0.00 0.00 0.00 0.00 0.00 2.17 4.90 7.23 8.74 9.55 9.49 8.40 6.36 4.14 1.43 0.00 0.00 0.00 0.00 0.00
0.00 0.00 0.00 0.00 0.00 0.00 0.00 0.00 0.00 18.16 41.42 64.49 82.53 94.22 97.48 88.34 69.21 44.08 18.77 0.00 0.00 0.00 0.00 0.00
0.00 0.00 0.00 0.00 0.00 0.00 0.00 0.00 0.00 2.69 6.51 9.80 12.55 14.24 14.39 13.06 9.95 6.53 2.34 0.00 0.00 0.00 0.00 0.00
0.00 0.00 0.00 0.00 0.00 0.00 0.00 0.00 0.00 4.48 10.43 15.38 19.21 20.75 20.71 19.02 14.63 9.51 3.19 0.00 0.00 0.00 0.00 0.00
0.00 0.00 0.00 0.00 0.00 0.00 0.00 0.00 0.00 2.05 4.78 7.05 8.81 9.51 9.49 8.72 6.71 4.36 1.46 0.00 0.00 0.00 0.00 0.00
0.00 0.00 0.00 0.00 0.00 0.00 0.00 0.00 0.00 3.32 8.05 12.03 15.36 17.58 17.86 16.15 12.30 8.07 2.88 0.00 0.00 0.00 0.00 0.00
0.00 0.00 0.00 0.00 0.00 0.00 0.00 0.00 0.00 1.44 3.44 5.08 6.37 7.11 7.24 6.53 4.93 3.20 1.06 0.00 0.00 0.00 0.00 0.00
0.00 0.00 0.00 0.00 0.00 0.00 0.00 0.00 0.00 14.00 36.36 55.05 72.07 82.52 83.88 78.12 60.26 41.18 17.10 0.00 0.00 0.00 0.00 0.00
0.00 0.00 0.00 0.00 0.00 0.00 0.00 0.00 0.00 4.69 13.71 20.87 26.89 29.76 29.59 26.19 18.71 12.26 4.28 0.00 0.00 0.00 0.00 0.00
0.00 0.00 0.00 0.00 0.00 0.00 0.00 0.00 0.00 1.06 3.06 4.63 6.04 6.45 6.53 5.76 3.80 2.50 0.89 0.00 0.00 0.00 0.00 0.00
0.00 0.00 0.00 0.00 0.00 0.00 0.00 0.00 0.00 1.35 3.77 5.78 7.43 8.12 8.17 7.36 4.49 2.97 1.09 0.00 0.00 0.00 0.00 0.00
0.00 0.00 0.00 0.00 0.00 0.00 0.00 0.00 0.00 2.16 6.04 9.25 11.89 12.99 13.07 11.78 7.19 4.76 1.75 0.00 0.00 0.00 0.00 0.00
0.00 0.00 0.00 0.00 0.00 0.00 0.00 0.00 0.00 42.87 138.55 214.82 287.77 234.41 242.58 223.96 146.98 95.03 42.67 0.00 0.00 0.00 0.00 0.00
