0.00 0.00 0.00 0.00 0.00 0.00 0.00 0.00 0.00 0.93 2.09 3.05 3.83 4.23 4.29 4.02 3.28 2.23 1.11 0.00 0.00 0.00 0.00 0.00
0.00 0.00 0.00 0.00 0.00 0.00 0.00 0.00 3.64 15.95 38.39 53.69 62.56 79.35 76.68 68.53 53.00 34.28 15.09 0.00 0.00 0.00 0.00 0.00
0.00 0.00 0.00 0.00 0.00 0.00 0.00 0.00 0.00 21.24 47.70 69.82 87.49 96.71 98.04 91.93 74.95 50.88 25.49 0.00 0.00 0.00 0.00 0.00
0.00 0.00 0.00 0.00 0.00 0.00 0.00 0.00 0.00 75.50 169.53 248.13 310.94 343.69 348.42 326.71 266.38 180.83 90.60 0.00 0.00 0.00 0.00 0.00
0.00 0.00 0.00 0.00 0.00 0.00 0.00 0.00 1.34 4.52 7.86 10.54 11.98 13.01 12.35 10.65 8.20 5.07 1.83 0.00 0.00 0.00 0.00 0.00
0.00 0.00 0.00 0.00 0.00 0.00 0.00 0.00 0.00 161.18 370.67 545.18 689.17 794.12 819.42 775.79 632.64 433.54 226.93 0.00 0.00 0.00 0.00 0.00
0.00 0.00 0.00 0.00 0.00 0.00 0.00 0.00 0.37 2.19 4.17 5.91 7.08 7.81 7.78 7.02 5.48 3.38 1.30 0.00 0.00 0.00 0.00 0.00
0.00 0.00 0.00 0.00 0.00 0.00 0.00 0.00 0.27 1.26 2.61 3.63 4.13 4.58 4.44 4.02 3.27 2.11 0.91 0.00 0.00 0.00 0.00 0.00
0.00 0.00 0.00 0.00 0.00 0.00 0.00 0.00 0.44 2.02 4.18 5.81 6.61 7.33 7.11 6.43 5.23 3.38 1.46 0.00 0.00 0.00 0.00 0.00
0.00 0.00 0.00 0.00 0.00 0.00 0.00 0.00 0.44 2.02 4.18 5.81 6.61 7.33 7.11 6.43 5.23 3.38 1.46 0.00 0.00 0.00 0.00 0.00
0.00 0.00 0.00 0.00 0.00 0.00 0.00 0.00 0.73 4.58 8.81 12.81 15.24 17.41 17.02 15.73 12.99 8.49 3.80 0.00 0.00 0.00 0.00 0.00
0.00 0.00 0.00 0.00 0.00 0.00 0.00 0.00 0.36 2.21 4.23 6.16 7.24 8.24 8.08 7.53 6.17 4.01 1.79 0.00 0.00 0.00 0.00 0.00
0.00 0.00 0.00 0.00 0.00 0.00 0.00 0.00 0.46 2.84 5.44 7.92 9.31 10.60 10.38 9.68 7.93 5.16 2.31 0.00 0.00 0.00 0.00 0.00
0.00 0.00 0.00 0.00 0.00 0.00 0.00 0.00 0.31 1.89 3.62 5.28 6.21 7.06 6.92 6.45 5.29 3.44 1.54 0.00 0.00 0.00 0.00 0.00
0.00 0.00 0.00 0.00 0.00 0.00 0.00 0.00 0.31 1.89 3.62 5.28 6.21 7.06 6.92 6.45 5.29 3.44 1.54 0.00 0.00 0.00 0.00 0.00
0.00 0.00 0.00 0.00 0.00 0.00 0.00 0.00 2.99 18.01 38.46 56.20 67.00 94.73 94.04 86.26 73.00 48.42 23.61 0.00 0.00 0.00 0.00 0.00
0.00 0.00 0.00 0.00 0.00 0.00 0.00 0.00 2.39 14.26 27.34 39.35 46.29 51.65 51.07 46.61 38.42 25.12 11.00 0.00 0.00 0.00 0.00 0.00
0.00 0.00 0.00 0.00 0.00 0.00 0.00 0.00 1.58 11.19 21.82 31.30 38.09 43.09 42.72 39.46 32.23 21.08 9.29 0.00 0.00 0.00 0.00 0.00
0.00 0.00 0.00 0.00 0.00 0.00 0.00 0.00 0.00 47.54 109.33 160.81 203.28 234.24 241.70 228.83 186.61 127.88 66.94 0.00 0.00 0.00 0.00 0.00
0.00 0.00 0.00 0.00 0.00 0.00 0.00 0.00 0.00 45.22 104.00 152.96 193.36 222.81 229.91 217.67 177.50 121.64 63.67 0.00 0.00 0.00 0.00 0.00
0.00 0.00 0.00 0.00 0.00 0.00 0.00 0.00 0.00 86.97 200.00 294.16 371.85 428.48 442.13 418.59 341.35 233.93 122.44 0.00 0.00 0.00 0.00 0.00
0.00 0.00 0.00 0.00 0.00 0.00 0.00 0.00 0.00 85.52 196.67 289.26 365.66 421.34 434.76 411.61 335.67 230.03 120.40 0.00 0.00 0.00 0.00 0.00
0.00 0.00 0.00 0.00 0.00 0.00 0.00 0.00 0.00 93.97 215.52 312.79 398.02 444.19 453.77 421.58 343.54 232.56 116.44 0.00 0.00 0.00 0.00 0.00
0.00 0.00 0.00 0.00 0.00 0.00 0.00 0.00 0.27 1.26 2.61 3.63 4.13 4.58 4.44 4.02 3.27 2.11 0.91 0.00 0.00 0.00 0.00 0.00
0.00 0.00 0.00 0.00 0.00 0.00 0.00 0.00 1.39 6.41 13.23 18.39 20.94 23.21 22.51 20.37 16.58 10.71 4.63 0.00 0.00 0.00 0.00 0.00
0.00 0.00 0.00 0.00 0.00 0.00 0.00 0.00 7.10 32.70 67.55 93.89 106.92 118.47 114.94 103.99 84.62 54.67 23.63 0.00 0.00 0.00 0.00 0.00
0.00 0.00 0.00 0.00 0.00 0.00 0.00 0.00 0.00 3.25 7.47 10.98 13.88 16.00 16.51 15.63 12.74 8.73 4.57 0.00 0.00 0.00 0.00 0.00
0.00 0.00 0.00 0.00 0.00 0.00 0.00 0.00 0.00 74.33 166.89 244.26 306.09 338.33 342.99 321.62 262.22 178.01 89.18 0.00 0.00 0.00 0.00 0.00
0.00 0.00 0.00 0.00 0.00 0.00 0.00 0.00 0.35 5.78 11.97 18.07 23.14 26.15 27.41 26.19 20.85 14.40 7.04 0.00 0.00 0.00 0.00 0.00
0.00 0.00 0.00 0.00 0.00 0.00 0.00 0.00 0.00 40.61 86.86 125.40 150.93 167.65 171.95 156.64 124.82 80.66 36.97 0.00 0.00 0.00 0.00 0.00
0.00 0.00 0.00 0.00 0.00 0.00 0.00 0.00 0.00 1.24 2.78 4.07 5.10 5.64 5.72 5.36 4.37 2.97 1.49 0.00 0.00 0.00 0.00 0.00
0.00 0.00 0.00 0.00 0.00 0.00 0.00 0.00 0.00 55.74 125.16 183.20 229.57 253.75 257.24 241.21 196.67 133.51 66.89 0.00 0.00 0.00 0.00 0.00
0.00 0.00 0.00 0.00 0.00 0.00 0.00 0.00 0.00 71.54 160.63 235.10 294.61 325.65 330.13 309.55 252.39 171.34 85.84 0.00 0.00 0.00 0.00 0.00
0.00 0.00 0.00 0.00 0.00 0.00 0.00 0.00 0.00 123.92 284.22 412.49 524.89 585.78 598.41 555.95 453.05 306.69 153.55 0.00 0.00 0.00 0.00 0.00
0.00 0.00 0.00 0.00 0.00 0.00 0.00 0.00 0.52 3.37 6.52 9.48 11.31 13.22 12.91 11.69 9.83 6.53 2.99 0.00 0.00 0.00 0.00 0.00
0.00 0.00 0.00 0.00 0.00 0.00 0.00 0.00 0.66 4.28 8.25 11.92 14.34 16.40 15.96 14.79 12.23 8.11 3.70 0.00 0.00 0.00 0.00 0.00
0.00 0.00 0.00 0.00 0.00 0.00 0.00 0.00 1.45 23.85 49.36 74.55 95.46 107.88 113.06 108.04 85.99 59.39 29.06 0.00 0.00 0.00 0.00 0.00
0.00 0.00 0.00 0.00 0.00 0.00 0.00 0.00 0.00 78.21 201.89 302.11 384.01 429.94 441.32 407.29 326.53 223.83 113.73 0.00 0.00 0.00 0.00 0.00
0.00 0.00 0.00 0.00 0.00 0.00 0.00 0.00 0.21 1.18 2.24 3.10 3.67 4.08 3.99 3.61 2.94 1.90 0.81 0.00 0.00 0.00 0.00 0.00
0.00 0.00 0.00 0.00 0.00 0.00 0.00 0.00 0.00 19.12 42.39 61.74 76.49 85.13 86.92 79.79 63.79 42.75 20.73 0.00 0.00 0.00 0.00 0.00
0.00 0.00 0.00 0.00 0.00 0.00 0.00 0.00 0.00 5.97 14.27 21.45 26.58 30.08 30.99 28.97 23.23 16.13 8.83 0.02 0.00 0.00 0.00 0.00
0.00 0.00 0.00 0.00 0.00 0.00 0.00 0.00 0.48 2.59 4.91 6.99 8.46 9.17 8.88 8.04 6.15 3.80 1.42 0.00 0.00 0.00 0.00 0.00
0.00 0.00 0.00 0.00 0.00 0.00 0.00 0.00 0.24 1.29 2.46 3.49 4.23 4.58 4.44 4.02 3.07 1.90 0.71 0.00 0.00 0.00 0.00 0.00
0.00 0.00 0.00 0.00 0.00 0.00 0.00 0.00 0.52 2.83 5.37 7.64 9.25 10.03 9.71 8.80 6.72 4.15 1.55 0.00 0.00 0.00 0.00 0.00
0.00 0.00 0.00 0.00 0.00 0.00 0.00 0.00 0.65 3.45 6.48 9.08 10.92 11.94 11.73 10.62 8.16 5.03 1.91 0.00 0.00 0.00 0.00 0.00
0.00 0.00 0.00 0.00 0.00 0.00 0.00 0.00 0.99 5.26 9.88 13.84 16.64 18.19 17.87 16.19 12.44 7.66 2.91 0.00 0.00 0.00 0.00 0.00
0.00 0.00 0.00 0.00 0.00 0.00 0.00 0.00 0.75 4.45 8.51 11.90 14.38 15.95 15.93 14.38 11.06 6.93 2.70 0.00 0.00 0.00 0.00 0.00
0.00 0.00 0.00 0.00 0.00 0.00 0.00 0.00 0.13 3.42 7.13 10.11 12.10 13.05 13.15 11.97 9.36 6.01 2.60 0.00 0.00 0.00 0.00 0.00
0.00 0.00 0.00 0.00 0.00 0.00 0.00 0.00 0.33 8.84 18.41 26.11 31.25 33.70 33.96 30.93 24.18 15.54 6.71 0.00 0.00 0.00 0.00 0.00
0.00 0.00 0.00 0.00 0.00 0.00 0.00 0.00 0.08 2.27 4.77 6.73 8.18 9.02 9.16 8.23 6.57 4.18 1.87 0.00 0.00 0.00 0.00 0.00
0.00 0.00 0.00 0.00 0.00 0.00 0.00 0.00 1.10 5.38 10.01 13.99 16.21 17.81 17.62 15.80 12.51 7.95 3.27 0.00 0.00 0.00 0.00 0.00
0.00 0.00 0.00 0.00 0.00 0.00 0.00 0.00 1.58 8.46 16.00 22.36 26.65 30.06 30.48 27.55 21.58 13.42 5.41 0.00 0.00 0.00 0.00 0.00
0.00 0.00 0.00 0.00 0.00 0.00 0.00 0.00 0.40 1.41 2.41 3.27 3.66 3.90 3.77 3.31 2.63 1.65 0.60 0.00 0.00 0.00 0.00 0.00
0.00 0.00 0.00 0.00 0.00 0.00 0.00 0.00 2.03 7.85 13.91 18.97 21.61 24.03 22.89 20.25 15.82 10.07 3.98 0.00 0.00 0.00 0.00 0.00
0.00 0.00 0.00 0.00 0.00 0.00 0.00 0.00 1.45 5.28 9.29 12.54 14.01 15.61 15.10 13.24 10.31 6.37 2.42 0.00 0.00 0.00 0.00 0.00
0.00 0.00 0.00 0.00 0.00 0.00 0.00 0.00 2.00 7.29 12.81 17.30 19.33 21.54 20.84 18.27 14.22 8.78 3.34 0.00 0.00 0.00 0.00 0.00
0.00 0.00 0.00 0.00 0.00 0.00 0.00 0.00 1.36 4.97 8.73 11.78 13.17 14.67 14.19 12.45 9.69 5.98 2.27 0.00 0.00 0.00 0.00 0.00
0.00 0.00 0.00 0.00 0.00 0.00 0.00 0.00 1.08 4.19 7.42 10.12 11.53 12.81 12.21 10.80 8.43 5.37 2.12 0.00 0.00 0.00 0.00 0.00
0.00 0.00 0.00 0.00 0.00 0.00 0.00 0.00 1.10 3.78 6.87 9.32 10.58 11.58 11.17 9.77 7.51 4.59 1.69 0.00 0.00 0.00 0.00 0.00
0.00 0.00 0.00 0.00 0.00 0.00 0.00 0.00 0.79 3.62 7.49 10.40 11.85 13.13 12.74 11.52 9.38 6.06 2.62 0.00 0.00 0.00 0.00 0.00
0.00 0.00 0.00 0.00 0.00 0.00 0.00 0.00 3.89 23.44 50.07 73.15 87.21 123.30 122.40 112.27 95.01 63.02 30.73 0.00 0.00 0.00 0.00 0.00
0.00 0.00 0.00 0.00 0.00 0.00 0.00 0.00 0.82 5.19 9.99 14.51 17.27 19.73 19.29 17.83 14.72 9.62 4.30 0.00 0.00 0.00 0.00 0.00
0.00 0.00 0.00 0.00 0.00 0.00 0.00 0.00 1.58 8.30 15.58 21.74 25.55 28.42 28.16 25.80 20.87 13.64 5.87 0.00 0.00 0.00 0.00 0.00
0.00 0.00 0.00 0.00 0.00 0.00 0.00 0.00 0.72 3.80 7.14 9.96 11.71 13.02 12.91 11.83 9.57 6.25 2.69 0.00 0.00 0.00 0.00 0.00
0.00 0.00 0.00 0.00 0.00 0.00 0.00 0.00 1.01 6.37 12.26 17.77 21.15 24.19 23.69 21.81 17.96 11.84 5.29 0.00 0.00 0.00 0.00 0.00
0.00 0.00 0.00 0.00 0.00 0.00 0.00 0.00 0.52 2.86 5.43 7.53 8.91 9.90 9.69 8.76 7.15 4.62 1.98 0.00 0.00 0.00 0.00 0.00
0.00 0.00 0.00 0.00 0.00 0.00 0.00 0.00 1.50 24.70 51.11 77.18 98.83 111.70 117.06 111.86 89.03 61.49 30.09 0.00 0.00 0.00 0.00 0.00
0.00 0.00 0.00 0.00 0.00 0.00 0.00 0.00 0.00 9.71 20.77 29.99 36.09 40.09 41.12 37.46 29.85 19.29 8.84 0.00 0.00 0.00 0.00 0.00
0.00 0.00 0.00 0.00 0.00 0.00 0.00 0.00 0.00 2.17 4.64 6.74 8.17 9.12 9.21 8.37 6.65 4.41 2.04 0.00 0.00 0.00 0.00 0.00
0.00 0.00 0.00 0.00 0.00 0.00 0.00 0.00 0.05 2.70 5.68 8.15 10.01 11.30 11.35 10.32 8.40 5.60 2.60 0.00 0.00 0.00 0.00 0.00
0.00 0.00 0.00 0.00 0.00 0.00 0.00 0.00 0.08 4.32 9.09 13.04 16.01 18.08 18.15 16.51 13.44 8.96 4.17 0.00 0.00 0.00 0.00 0.00
0.00 0.00 0.00 0.00 0.00 0.00 0.00 0.00 0.00 88.41 203.34 299.06 378.05 435.62 449.50 425.57 347.04 237.83 124.48 0.00 0.00 0.00 0.00 0.00
