0.00 0.00 0.00 0.00 0.00 0.00 0.00 0.18 0.92 1.63 1.36 1.81 2.19 3.08 3.15 2.99 4.00 3.21 2.20 1.41 0.57 0.00 0.00 0.00
0.00 0.00 0.00 0.00 0.00 0.00 0.00 5.10 19.29 32.62 47.54 62.73 74.49 81.85 82.33 77.29 65.72 51.30 34.10 14.15 2.83 0.00 0.00 0.00
0.00 0.00 0.00 0.00 0.00 0.00 0.00 4.10 20.96 37.20 31.17 41.44 50.06 70.46 72.11 68.48 91.38 73.43 50.41 32.25 12.94 0.00 0.00 0.00
0.00 0.00 0.00 0.00 0.00 0.00 0.00 14.58 74.49 132.21 110.76 147.27 177.92 250.43 256.26 243.37 324.75 260.98 179.16 114.63 45.97 0.00 0.00 0.00
0.00 0.00 0.00 0.00 0.00 0.00 0.00 1.45 3.92 6.32 9.23 11.76 13.38 14.50 14.48 13.21 11.11 8.47 5.44 2.10 0.29 0.00 0.00 0.00
0.00 0.00 0.00 0.00 0.00 0.00 0.00 23.74 179.59 330.17 547.99 727.32 872.26 882.28 893.67 843.15 787.52 618.62 435.29 260.45 107.01 0.00 0.00 0.00
0.00 0.00 0.00 0.00 0.00 0.00 0.00 0.85 2.34 3.75 3.72 4.71 5.48 3.94 4.07 3.85 4.05 3.16 2.09 1.40 0.41 0.00 0.00 0.00
0.00 0.00 0.00 0.00 0.00 0.00 0.00 0.32 1.12 1.87 2.81 3.71 4.38 4.96 4.99 4.77 4.17 3.29 2.20 0.94 0.21 0.00 0.00 0.00
0.00 0.00 0.00 0.00 0.00 0.00 0.00 0.51 1.79 2.98 4.50 5.93 7.00 7.93 7.98 7.63 6.67 5.27 3.52 1.51 0.33 0.00 0.00 0.00
0.00 0.00 0.00 0.00 0.00 0.00 0.00 0.51 1.79 2.98 4.50 5.93 7.00 7.93 7.98 7.63 6.67 5.27 3.52 1.51 0.33 0.00 0.00 0.00
0.00 0.00 0.00 0.00 0.00 0.00 0.00 1.05 3.84 6.48 9.78 13.25 16.12 16.75 17.48 16.75 14.55 11.49 7.69 3.94 1.09 0.00 0.00 0.00
0.00 0.00 0.00 0.00 0.00 0.00 0.00 0.49 1.82 3.06 4.60 6.23 7.54 8.12 8.42 8.03 7.18 5.66 3.76 1.84 0.50 0.00 0.00 0.00
0.00 0.00 0.00 0.00 0.00 0.00 0.00 0.64 2.34 3.93 5.91 8.01 9.69 10.45 10.83 10.32 9.23 7.27 4.83 2.37 0.65 0.00 0.00 0.00
0.00 0.00 0.00 0.00 0.00 0.00 0.00 0.42 1.56 2.62 3.94 5.34 6.46 6.96 7.22 6.88 6.15 4.85 3.22 1.58 0.43 0.00 0.00 0.00
0.00 0.00 0.00 0.00 0.00 0.00 0.00 0.42 1.56 2.62 3.94 5.34 6.46 6.96 7.22 6.88 6.15 4.85 3.22 1.58 0.43 0.00 0.00 0.00
0.00 0.00 0.00 0.00 0.00 0.00 0.00 3.79 22.31 39.80 57.98 75.50 88.54 102.47 104.51 100.85 88.96 69.29 45.08 20.09 4.96 0.00 0.00 0.00
0.00 0.00 0.00 0.00 0.00 0.00 0.00 3.50 12.18 20.35 30.50 40.32 48.88 48.47 49.61 48.29 44.05 34.73 23.34 11.83 3.22 0.00 0.00 0.00
0.00 0.00 0.00 0.00 0.00 0.00 0.00 3.17 11.02 18.42 26.93 35.16 42.48 40.10 41.24 39.86 29.94 23.74 15.88 6.84 2.01 0.00 0.00 0.00
0.00 0.00 0.00 0.00 0.00 0.00 0.00 7.00 52.97 97.39 161.64 214.53 257.29 260.24 263.60 248.70 232.29 182.47 128.40 76.82 31.56 0.00 0.00 0.00
0.00 0.00 0.00 0.00 0.00 0.00 0.00 6.66 50.39 92.64 153.75 204.07 244.74 247.55 250.74 236.57 220.96 173.57 122.13 73.08 30.02 0.00 0.00 0.00
0.00 0.00 0.00 0.00 0.00 0.00 0.00 12.81 96.90 178.15 295.68 392.44 470.65 476.05 482.19 454.93 424.92 333.79 234.87 140.53 57.74 0.00 0.00 0.00
0.00 0.00 0.00 0.00 0.00 0.00 0.00 12.60 95.29 175.18 290.75 385.90 462.80 468.12 474.16 447.35 417.84 328.22 230.96 138.19 56.77 0.00 0.00 0.00
0.00 0.00 0.00 0.00 0.00 0.00 0.00 17.29 84.28 148.81 213.10 283.36 339.47 437.83 448.78 427.31 428.03 343.95 237.68 155.54 64.93 0.00 0.00 0.00
0.00 0.00 0.00 0.00 0.00 0.00 0.00 0.32 1.12 1.87 2.81 3.71 4.38 4.96 4.99 4.77 4.17 3.29 2.20 0.94 0.21 0.00 0.00 0.00
0.00 0.00 0.00 0.00 0.00 0.00 0.00 1.63 5.68 9.45 14.24 18.79 22.17 25.12 25.26 24.16 21.11 16.67 11.15 4.78 1.06 0.00 0.00 0.00
0.00 0.00 0.00 0.00 0.00 0.00 0.00 8.32 28.97 48.25 72.70 95.92 113.17 128.25 128.95 123.36 107.75 85.12 56.90 24.41 5.40 0.00 0.00 0.00
0.00 0.00 0.00 0.00 0.00 0.00 0.00 0.48 3.62 6.65 11.04 14.65 17.57 17.77 18.00 16.98 15.86 12.46 8.77 5.25 2.16 0.00 0.00 0.00
0.00 0.00 0.00 0.00 0.00 0.00 0.00 14.35 73.33 130.15 109.03 144.97 175.15 246.52 252.27 239.58 319.69 256.91 176.37 112.84 45.26 0.00 0.00 0.00
0.00 0.00 0.00 0.00 0.00 0.00 0.00 0.93 4.78 8.44 13.42 19.24 24.42 28.09 29.68 28.56 24.13 19.28 13.39 6.45 2.14 0.00 0.00 0.00
0.00 0.00 0.00 0.00 0.00 0.00 0.00 6.77 23.99 40.55 62.23 80.96 95.09 161.83 164.19 156.21 135.01 109.09 76.06 41.09 15.76 0.00 0.00 0.00
0.00 0.00 0.00 0.00 0.00 0.00 0.00 0.24 1.22 2.17 1.82 2.42 2.92 4.11 4.20 3.99 5.33 4.28 2.94 1.88 0.75 0.00 0.00 0.00
0.00 0.00 0.00 0.00 0.00 0.00 0.00 10.76 54.99 97.61 81.78 108.73 131.36 184.89 189.20 179.69 239.76 192.68 132.28 84.63 33.94 0.00 0.00 0.00
0.00 0.00 0.00 0.00 0.00 0.00 0.00 13.81 70.58 125.27 104.94 139.53 168.58 237.28 242.81 230.60 307.70 247.28 169.76 108.61 43.56 0.00 0.00 0.00
0.00 0.00 0.00 0.00 0.00 0.00 0.00 22.80 111.14 196.24 281.02 373.68 447.68 577.39 591.82 563.51 564.47 453.58 313.43 205.11 85.63 0.00 0.00 0.00
0.00 0.00 0.00 0.00 0.00 0.00 0.00 0.70 2.80 4.76 7.18 9.82 12.05 13.00 13.22 12.77 11.74 9.25 6.30 2.88 0.80 0.00 0.00 0.00
0.00 0.00 0.00 0.00 0.00 0.00 0.00 0.90 3.50 5.95 8.83 12.02 14.95 16.07 16.53 15.91 14.91 11.64 7.83 3.58 0.99 0.00 0.00 0.00
0.00 0.00 0.00 0.00 0.00 0.00 0.00 3.84 19.70 34.80 55.35 79.38 100.72 115.88 122.42 117.79 99.52 79.54 55.23 26.59 8.84 0.00 0.00 0.00
0.00 0.00 0.00 0.00 0.00 0.00 0.00 25.08 116.93 206.49 274.46 363.62 433.38 395.78 405.33 393.31 516.12 416.32 300.92 199.14 93.90 0.00 0.00 0.00
0.00 0.00 0.00 0.00 0.00 0.00 0.00 0.30 0.98 1.63 2.39 3.25 3.90 3.85 3.96 3.78 3.53 2.78 1.87 0.91 0.24 0.00 0.00 0.00
0.00 0.00 0.00 0.00 0.00 0.00 0.00 3.23 13.90 24.21 31.95 42.24 50.43 68.18 69.38 65.62 75.85 61.27 43.51 27.65 10.90 0.00 0.00 0.00
0.00 0.00 0.00 0.00 0.00 0.00 0.00 0.35 6.91 13.26 21.17 28.59 33.96 37.78 37.71 34.80 29.72 23.76 17.06 10.42 4.45 0.00 0.00 0.00
0.00 0.00 0.00 0.00 0.00 0.00 0.00 1.02 2.71 4.31 4.66 6.05 7.00 4.29 4.37 4.19 3.79 2.96 1.97 1.33 0.37 0.00 0.00 0.00
0.00 0.00 0.00 0.00 0.00 0.00 0.00 0.51 1.35 2.16 2.33 3.03 3.50 2.14 2.18 2.10 1.89 1.48 0.99 0.66 0.19 0.00 0.00 0.00
0.00 0.00 0.00 0.00 0.00 0.00 0.00 1.11 2.96 4.72 5.09 6.62 7.66 4.69 4.78 4.59 4.14 3.24 2.16 1.45 0.41 0.00 0.00 0.00
0.00 0.00 0.00 0.00 0.00 0.00 0.00 1.16 3.15 5.02 5.19 6.74 7.77 6.86 7.02 6.83 5.69 4.40 2.99 1.55 0.43 0.00 0.00 0.00
0.00 0.00 0.00 0.00 0.00 0.00 0.00 1.77 4.80 7.65 7.91 10.28 11.84 10.45 10.70 10.41 8.68 6.71 4.55 2.36 0.65 0.00 0.00 0.00
0.00 0.00 0.00 0.00 0.00 0.00 0.00 1.69 4.71 7.54 7.10 9.00 10.47 8.36 8.50 8.09 8.80 6.89 4.64 2.80 0.81 0.00 0.00 0.00
0.00 0.00 0.00 0.00 0.00 0.00 0.00 0.81 2.52 4.15 4.70 6.07 7.10 10.80 10.76 10.11 10.65 8.43 5.87 3.37 1.24 0.00 0.00 0.00
0.00 0.00 0.00 0.00 0.00 0.00 0.00 2.09 6.50 10.73 12.13 15.67 18.34 27.89 27.80 26.11 27.50 21.79 15.15 8.71 3.21 0.00 0.00 0.00
0.00 0.00 0.00 0.00 0.00 0.00 0.00 0.40 1.36 2.27 3.06 3.99 4.67 7.41 7.53 7.05 7.18 5.70 3.97 2.00 0.73 0.00 0.00 0.00
0.00 0.00 0.00 0.00 0.00 0.00 0.00 1.50 4.64 7.59 11.07 14.52 17.16 18.03 18.60 17.68 16.68 13.00 8.77 3.84 0.95 0.00 0.00 0.00
0.00 0.00 0.00 0.00 0.00 0.00 0.00 2.82 8.32 13.49 16.42 21.68 26.32 29.93 30.23 28.80 21.06 16.37 10.84 3.72 1.00 0.00 0.00 0.00
0.00 0.00 0.00 0.00 0.00 0.00 0.00 0.46 1.24 1.97 2.82 3.57 4.06 4.41 4.40 4.18 3.64 2.79 1.84 0.74 0.12 0.00 0.00 0.00
0.00 0.00 0.00 0.00 0.00 0.00 0.00 2.26 6.74 10.91 15.36 19.81 22.88 24.03 24.08 22.85 21.05 16.37 10.86 4.47 0.82 0.00 0.00 0.00
0.00 0.00 0.00 0.00 0.00 0.00 0.00 1.62 4.60 7.40 10.81 13.89 15.85 16.90 16.92 15.90 13.76 10.71 7.04 2.85 0.48 0.00 0.00 0.00
0.00 0.00 0.00 0.00 0.00 0.00 0.00 2.24 6.34 10.22 14.92 19.17 21.88 23.32 23.35 21.94 18.99 14.78 9.71 3.94 0.66 0.00 0.00 0.00
0.00 0.00 0.00 0.00 0.00 0.00 0.00 1.52 4.32 6.96 10.16 13.06 14.90 15.88 15.90 14.94 12.94 10.07 6.61 2.68 0.45 0.00 0.00 0.00
0.00 0.00 0.00 0.00 0.00 0.00 0.00 1.21 3.60 5.82 8.19 10.57 12.20 12.81 12.84 12.19 11.22 8.73 5.79 2.38 0.44 0.00 0.00 0.00
0.00 0.00 0.00 0.00 0.00 0.00 0.00 1.27 3.51 5.67 8.27 10.49 12.05 13.16 13.14 12.08 10.19 7.74 4.97 1.94 0.28 0.00 0.00 0.00
0.00 0.00 0.00 0.00 0.00 0.00 0.00 0.92 3.21 5.35 8.06 10.63 12.54 14.21 14.29 13.67 11.94 9.43 6.31 2.70 0.60 0.00 0.00 0.00
0.00 0.00 0.00 0.00 0.00 0.00 0.00 4.93 29.04 51.80 75.47 98.27 115.24 133.37 136.03 131.26 115.79 90.19 58.67 26.14 6.46 0.00 0.00 0.00
0.00 0.00 0.00 0.00 0.00 0.00 0.00 1.18 4.36 7.34 11.09 15.01 18.26 18.99 19.81 18.98 16.49 13.03 8.72 4.46 1.24 0.00 0.00 0.00
0.00 0.00 0.00 0.00 0.00 0.00 0.00 1.94 6.51 10.76 16.04 21.93 26.02 29.96 30.13 28.75 26.70 20.86 13.97 6.07 1.54 0.00 0.00 0.00
0.00 0.00 0.00 0.00 0.00 0.00 0.00 0.89 2.98 4.93 7.35 10.05 11.93 13.73 13.81 13.18 12.24 9.56 6.40 2.78 0.71 0.00 0.00 0.00
0.00 0.00 0.00 0.00 0.00 0.00 0.00 1.49 5.43 9.15 13.80 18.61 22.70 23.24 24.23 23.26 19.97 15.78 10.60 5.51 1.53 0.00 0.00 0.00
0.00 0.00 0.00 0.00 0.00 0.00 0.00 0.72 2.39 3.96 5.80 7.88 9.47 9.35 9.61 9.17 8.56 6.74 4.55 2.21 0.58 0.00 0.00 0.00
0.00 0.00 0.00 0.00 0.00 0.00 0.00 3.97 20.40 36.03 57.31 82.19 104.28 119.98 126.75 121.96 103.04 82.36 57.18 27.53 9.15 0.00 0.00 0.00
0.00 0.00 0.00 0.00 0.00 0.00 0.00 1.62 5.74 9.70 14.88 19.36 22.74 38.70 39.26 37.35 32.29 26.09 18.19 9.83 3.77 0.00 0.00 0.00
0.00 0.00 0.00 0.00 0.00 0.00 0.00 0.32 1.19 2.03 3.05 3.98 4.67 8.47 8.66 8.14 7.38 5.90 4.11 2.19 0.83 0.00 0.00 0.00
0.00 0.00 0.00 0.00 0.00 0.00 0.00 0.35 1.34 2.28 3.20 4.24 5.09 8.30 8.31 7.80 10.54 8.33 5.78 3.06 1.13 0.00 0.00 0.00
0.00 0.00 0.00 0.00 0.00 0.00 0.00 0.56 2.14 3.65 5.13 6.78 8.14 13.28 13.30 12.48 16.86 13.32 9.24 4.90 1.80 0.00 0.00 0.00
0.00 0.00 0.00 0.00 0.00 0.00 0.00 13.02 98.52 181.12 300.61 398.98 478.49 483.99 490.23 462.52 432.00 339.35 238.79 142.87 58.70 0.00 0.00 0.00
