0.00 0.00 0.00 0.00 0.00 0.00 0.00 0.09 1.07 2.02 3.14 4.18 5.03 5.50 5.61 5.29 4.64 3.70 2.49 1.28 0.42 0.00 0.00 0.00
0.00 0.00 0.00 0.00 0.00 0.00 0.00 3.54 18.95 33.47 49.89 65.95 78.16 85.32 85.49 79.77 67.16 51.78 33.62 12.34 1.04 0.00 0.00 0.00
0.00 0.00 0.00 0.00 0.00 0.00 0.00 1.99 24.58 46.23 71.86 95.63 115.05 125.84 128.24 121.02 106.18 84.60 57.05 29.33 9.58 0.00 0.00 0.00
0.00 0.00 0.00 0.00 0.00 0.00 0.00 7.06 87.36 164.31 255.40 339.86 408.88 447.23 455.76 430.09 377.37 300.68 202.74 104.24 34.04 0.00 0.00 0.00
0.00 0.00 0.00 0.00 0.00 0.00 0.00 1.16 3.80 6.36 9.25 11.79 13.37 14.84 14.76 13.39 9.59 7.20 4.50 1.46 0.00 0.00 0.00 0.00
0.00 0.00 0.00 0.00 0.00 0.00 0.00 0.54 157.32 308.46 530.00 707.24 848.46 979.33 988.52 927.33 652.03 507.93 351.37 223.59 76.09 0.00 0.00 0.00
0.00 0.00 0.00 0.00 0.00 0.00 0.00 0.70 2.44 4.08 6.12 7.79 9.08 9.71 9.98 9.37 8.24 6.36 4.10 1.72 0.31 0.00 0.00 0.00
0.00 0.00 0.00 0.00 0.00 0.00 0.00 0.23 1.11 1.92 2.99 3.95 4.66 5.24 5.25 4.99 4.30 3.35 2.19 0.84 0.09 0.00 0.00 0.00
0.00 0.00 0.00 0.00 0.00 0.00 0.00 0.37 1.77 3.08 4.78 6.32 7.45 8.39 8.39 7.98 6.88 5.37 3.50 1.35 0.14 0.00 0.00 0.00
0.00 0.00 0.00 0.00 0.00 0.00 0.00 0.37 1.77 3.08 4.78 6.32 7.45 8.39 8.39 7.98 6.88 5.37 3.50 1.35 0.14 0.00 0.00 0.00
0.00 0.00 0.00 0.00 0.00 0.00 0.00 0.66 3.53 6.23 10.03 13.69 16.72 19.81 20.62 19.68 17.72 13.83 9.05 3.81 0.66 0.00 0.00 0.00
0.00 0.00 0.00 0.00 0.00 0.00 0.00 0.32 1.70 3.00 4.78 6.53 7.93 9.48 9.81 9.31 8.37 6.52 4.23 1.76 0.30 0.00 0.00 0.00
0.00 0.00 0.00 0.00 0.00 0.00 0.00 0.41 2.18 3.85 6.14 8.40 10.19 12.19 12.61 11.97 10.76 8.38 5.44 2.26 0.38 0.00 0.00 0.00
0.00 0.00 0.00 0.00 0.00 0.00 0.00 0.27 1.45 2.57 4.10 5.60 6.80 8.13 8.40 7.98 7.17 5.59 3.63 1.51 0.25 0.00 0.00 0.00
0.00 0.00 0.00 0.00 0.00 0.00 0.00 0.27 1.45 2.57 4.10 5.60 6.80 8.13 8.40 7.98 7.17 5.59 3.63 1.51 0.25 0.00 0.00 0.00
0.00 0.00 0.00 0.00 0.00 0.00 0.00 1.05 13.93 26.27 47.59 62.58 73.82 106.80 108.75 104.57 92.17 71.00 45.23 18.38 2.74 0.00 0.00 0.00
0.00 0.00 0.00 0.00 0.00 0.00 0.00 2.35 11.43 20.00 30.65 40.86 49.74 59.40 60.63 58.73 52.60 40.99 26.93 11.37 1.89 0.00 0.00 0.00
0.00 0.00 0.00 0.00 0.00 0.00 0.00 2.26 11.14 19.54 27.49 36.21 43.95 46.69 47.89 46.09 39.65 31.07 20.32 9.30 1.80 0.00 0.00 0.00
0.00 0.00 0.00 0.00 0.00 0.00 0.00 0.16 46.41 90.99 156.33 208.61 250.27 288.87 291.58 273.53 192.33 149.82 103.64 65.95 22.44 0.00 0.00 0.00
0.00 0.00 0.00 0.00 0.00 0.00 0.00 0.15 44.14 86.55 148.70 198.44 238.06 274.78 277.35 260.18 182.94 142.51 98.59 62.73 21.35 0.00 0.00 0.00
0.00 0.00 0.00 0.00 0.00 0.00 0.00 0.29 84.89 166.44 285.97 381.61 457.80 528.41 533.37 500.36 351.82 274.06 189.59 120.64 41.06 0.00 0.00 0.00
0.00 0.00 0.00 0.00 0.00 0.00 0.00 0.29 83.47 163.66 281.20 375.25 450.17 519.61 524.48 492.02 345.95 269.49 186.43 118.63 40.37 0.00 0.00 0.00
0.00 0.00 0.00 0.00 0.00 0.00 0.00 10.41 118.08 221.18 337.18 449.64 537.58 583.73 595.83 563.67 490.19 389.97 264.36 140.75 48.59 0.00 0.00 0.00
0.00 0.00 0.00 0.00 0.00 0.00 0.00 0.23 1.11 1.92 2.99 3.95 4.66 5.24 5.25 4.99 4.30 3.35 2.19 0.84 0.09 0.00 0.00 0.00
0.00 0.00 0.00 0.00 0.00 0.00 0.00 1.18 5.61 9.75 15.14 20.02 23.59 26.56 26.58 25.26 21.79 16.99 11.08 4.27 0.45 0.00 0.00 0.00
0.00 0.00 0.00 0.00 0.00 0.00 0.00 6.02 28.64 49.76 77.27 102.22 120.45 135.60 135.72 128.98 111.24 86.74 56.57 21.78 2.31 0.00 0.00 0.00
0.00 0.00 0.00 0.00 0.00 0.00 0.00 0.01 3.17 6.21 10.68 14.25 17.09 19.73 19.91 18.68 13.13 10.23 7.08 4.50 1.53 0.00 0.00 0.00
0.00 0.00 0.00 0.00 0.00 0.00 0.00 6.95 85.99 161.75 251.41 334.56 402.51 440.25 448.66 423.38 371.48 295.99 199.58 102.62 33.51 0.00 0.00 0.00
0.00 0.00 0.00 0.00 0.00 0.00 0.00 0.33 3.55 6.64 13.26 19.20 24.50 29.97 31.68 30.44 26.91 21.30 14.51 6.66 1.65 0.00 0.00 0.00
0.00 0.00 0.00 0.00 0.00 0.00 0.00 9.45 50.45 89.28 132.25 172.09 201.23 214.99 217.89 206.60 180.17 143.87 98.12 46.21 13.86 0.00 0.00 0.00
0.00 0.00 0.00 0.00 0.00 0.00 0.00 0.12 1.43 2.70 4.19 5.58 6.71 7.34 7.48 7.06 6.19 4.93 3.33 1.71 0.56 0.00 0.00 0.00
0.00 0.00 0.00 0.00 0.00 0.00 0.00 5.21 64.50 121.31 188.56 250.92 301.88 330.19 336.49 317.54 278.61 221.99 149.68 76.96 25.13 0.00 0.00 0.00
0.00 0.00 0.00 0.00 0.00 0.00 0.00 6.68 82.77 155.68 241.99 322.02 387.42 423.75 431.83 407.51 357.55 284.89 192.09 98.77 32.26 0.00 0.00 0.00
0.00 0.00 0.00 0.00 0.00 0.00 0.00 13.73 155.72 291.68 444.66 592.97 708.94 769.79 785.75 743.34 646.44 514.27 348.63 185.62 64.08 0.00 0.00 0.00
0.00 0.00 0.00 0.00 0.00 0.00 0.00 0.45 2.73 4.89 7.50 10.34 12.74 14.77 14.99 14.43 13.00 10.13 6.75 2.83 0.50 0.00 0.00 0.00
0.00 0.00 0.00 0.00 0.00 0.00 0.00 0.57 3.39 6.04 9.31 12.77 15.94 18.49 18.98 18.20 16.48 12.72 8.37 3.49 0.61 0.00 0.00 0.00
0.00 0.00 0.00 0.00 0.00 0.00 0.00 1.34 14.64 27.38 54.70 79.20 101.05 123.62 130.68 125.58 111.01 87.87 59.85 27.49 6.79 0.00 0.00 0.00
0.00 0.00 0.00 0.00 0.00 0.00 0.00 10.03 115.09 216.61 333.37 444.75 530.74 587.56 599.79 578.82 515.68 412.85 293.61 178.61 72.51 0.00 0.00 0.00
0.00 0.00 0.00 0.00 0.00 0.00 0.00 0.22 0.97 1.68 2.45 3.36 4.06 4.72 4.84 4.59 4.03 3.13 2.06 0.87 0.13 0.00 0.00 0.00
0.00 0.00 0.00 0.00 0.00 0.00 0.00 2.91 23.12 42.41 63.86 84.58 100.65 109.40 110.93 104.32 91.22 72.96 50.84 25.50 8.07 0.00 0.00 0.00
0.00 0.00 0.00 0.00 0.00 0.00 0.00 0.00 4.66 9.63 17.16 23.36 27.83 34.48 34.40 31.67 26.40 20.92 14.77 6.96 2.52 0.00 0.00 0.00
0.00 0.00 0.00 0.00 0.00 0.00 0.00 0.81 2.68 4.47 6.88 8.98 10.39 11.03 11.17 10.63 9.42 7.27 4.74 1.96 0.32 0.00 0.00 0.00
0.00 0.00 0.00 0.00 0.00 0.00 0.00 0.41 1.34 2.23 3.44 4.49 5.20 5.51 5.58 5.32 4.71 3.64 2.37 0.98 0.16 0.00 0.00 0.00
0.00 0.00 0.00 0.00 0.00 0.00 0.00 0.89 2.93 4.89 7.53 9.83 11.37 12.06 12.21 11.63 10.31 7.96 5.19 2.14 0.35 0.00 0.00 0.00
0.00 0.00 0.00 0.00 0.00 0.00 0.00 0.92 3.12 5.20 8.72 11.41 13.18 14.37 14.65 14.16 12.48 9.53 6.31 2.58 0.41 0.00 0.00 0.00
0.00 0.00 0.00 0.00 0.00 0.00 0.00 1.40 4.75 7.92 13.29 17.38 20.08 21.90 22.32 21.57 19.02 14.52 9.61 3.93 0.63 0.00 0.00 0.00
0.00 0.00 0.00 0.00 0.00 0.00 0.00 1.40 4.90 8.21 12.45 15.86 18.48 19.87 20.11 19.02 16.63 12.86 8.47 3.58 0.64 0.00 0.00 0.00
0.00 0.00 0.00 0.00 0.00 0.00 0.00 0.99 4.23 7.29 10.91 14.09 16.41 17.31 17.21 16.08 14.03 10.98 7.47 3.44 0.96 0.00 0.00 0.00
0.00 0.00 0.00 0.00 0.00 0.00 0.00 2.57 10.92 18.82 28.18 36.40 42.39 44.73 44.46 41.55 36.23 28.38 19.30 8.88 2.47 0.00 0.00 0.00
0.00 0.00 0.00 0.00 0.00 0.00 0.00 0.58 2.78 4.86 7.16 9.34 10.89 11.61 11.77 10.98 9.45 7.42 5.05 2.35 0.65 0.00 0.00 0.00
0.00 0.00 0.00 0.00 0.00 0.00 0.00 1.16 4.67 7.96 11.91 15.72 18.63 20.43 21.02 19.89 17.19 13.23 8.71 3.59 0.47 0.00 0.00 0.00
0.00 0.00 0.00 0.00 0.00 0.00 0.00 2.16 8.18 13.82 20.05 26.65 32.42 34.14 34.47 32.75 31.29 23.98 15.47 6.33 0.99 0.00 0.00 0.00
0.00 0.00 0.00 0.00 0.00 0.00 0.00 0.37 1.21 2.01 2.94 3.72 4.21 4.56 4.54 4.28 3.59 2.72 1.75 0.60 0.00 0.00 0.00 0.00
0.00 0.00 0.00 0.00 0.00 0.00 0.00 1.78 6.65 11.18 16.74 21.61 24.88 26.92 26.86 25.33 21.41 16.43 10.61 3.83 0.21 0.00 0.00 0.00
0.00 0.00 0.00 0.00 0.00 0.00 0.00 1.30 4.53 7.58 11.34 14.58 16.60 18.00 17.95 16.76 13.91 10.68 6.82 2.42 0.07 0.00 0.00 0.00
0.00 0.00 0.00 0.00 0.00 0.00 0.00 1.79 6.25 10.47 15.65 20.12 22.90 24.84 24.77 23.13 19.20 14.73 9.42 3.33 0.10 0.00 0.00 0.00
0.00 0.00 0.00 0.00 0.00 0.00 0.00 1.22 4.26 7.13 10.66 13.70 15.60 16.92 16.87 15.75 13.08 10.04 6.41 2.27 0.07 0.00 0.00 0.00
0.00 0.00 0.00 0.00 0.00 0.00 0.00 0.95 3.55 5.97 8.93 11.53 13.27 14.36 14.33 13.51 11.42 8.76 5.66 2.05 0.11 0.00 0.00 0.00
0.00 0.00 0.00 0.00 0.00 0.00 0.00 1.02 3.42 5.74 8.48 10.75 12.30 13.39 13.32 12.17 9.60 7.19 4.49 1.49 0.00 0.00 0.00 0.00
0.00 0.00 0.00 0.00 0.00 0.00 0.00 0.67 3.17 5.51 8.56 11.33 13.35 15.03 15.04 14.29 12.33 9.61 6.27 2.41 0.26 0.00 0.00 0.00
0.00 0.00 0.00 0.00 0.00 0.00 0.00 1.37 18.13 34.19 61.95 81.45 96.08 139.01 141.55 136.11 119.97 92.41 58.87 23.92 3.57 0.00 0.00 0.00
0.00 0.00 0.00 0.00 0.00 0.00 0.00 0.75 4.00 7.06 11.36 15.52 18.95 22.45 23.37 22.31 20.08 15.68 10.26 4.31 0.75 0.00 0.00 0.00
0.00 0.00 0.00 0.00 0.00 0.00 0.00 1.34 6.13 10.61 17.46 24.02 28.60 33.38 33.49 31.80 28.55 22.02 14.39 5.74 0.82 0.00 0.00 0.00
0.00 0.00 0.00 0.00 0.00 0.00 0.00 0.61 2.81 4.87 8.00 11.01 13.11 15.30 15.35 14.57 13.09 10.09 6.60 2.63 0.38 0.00 0.00 0.00
0.00 0.00 0.00 0.00 0.00 0.00 0.00 0.94 4.95 8.75 14.02 19.06 23.34 27.58 28.69 27.43 24.66 19.27 12.66 5.33 0.93 0.00 0.00 0.00
0.00 0.00 0.00 0.00 0.00 0.00 0.00 0.52 2.36 4.09 5.96 8.17 9.85 11.46 11.75 11.15 9.78 7.60 5.01 2.10 0.33 0.00 0.00 0.00
0.00 0.00 0.00 0.00 0.00 0.00 0.00 1.39 15.16 28.35 56.63 82.00 104.63 127.99 135.30 130.02 114.93 90.98 61.96 28.46 7.03 0.00 0.00 0.00
0.00 0.00 0.00 0.00 0.00 0.00 0.00 2.26 12.06 21.35 31.62 41.15 48.12 51.41 52.10 49.40 43.09 34.40 23.46 11.05 3.31 0.00 0.00 0.00
0.00 0.00 0.00 0.00 0.00 0.00 0.00 0.46 2.58 4.60 7.07 9.22 10.80 11.59 11.85 11.11 9.72 7.68 5.24 2.45 0.73 0.00 0.00 0.00
0.00 0.00 0.00 0.00 0.00 0.00 0.00 0.52 3.16 5.66 8.40 11.13 13.35 14.66 14.68 13.75 12.09 9.45 6.42 3.00 0.84 0.00 0.00 0.00
0.00 0.00 0.00 0.00 0.00 0.00 0.00 0.84 5.05 9.06 13.44 17.81 21.37 23.45 23.48 22.00 19.34 15.12 10.28 4.80 1.35 0.00 0.00 0.00
0.00 0.00 0.00 0.00 0.00 0.00 0.00 0.29 86.30 169.21 290.74 387.97 465.43 537.22 542.26 508.69 357.68 278.63 192.75 122.65 41.74 0.00 0.00 0.00
