0.00 0.00 0.00 0.00 0.00 0.00 0.00 0.00 0.80 1.68 2.73 3.72 4.44 4.98 4.99 4.77 4.17 3.30 2.24 0.99 0.24 0.00 0.00 0.00
0.00 0.00 0.00 0.00 0.00 0.00 0.00 0.56 15.78 29.97 45.66 60.85 72.97 78.25 78.26 73.34 61.42 47.69 30.38 9.95 0.00 0.00 0.00 0.00
0.00 0.00 0.00 0.00 0.00 0.00 0.00 0.00 18.24 38.51 62.50 85.10 101.55 113.84 114.18 109.16 95.43 75.49 51.12 22.71 5.44 0.00 0.00 0.00
0.00 0.00 0.00 0.00 0.00 0.00 0.00 0.00 64.81 136.85 222.13 302.42 360.91 404.56 405.79 387.93 339.13 268.28 181.67 80.71 19.32 0.00 0.00 0.00
0.00 0.00 0.00 0.00 0.00 0.00 0.00 0.63 3.32 5.79 8.52 11.12 12.64 13.04 12.88 12.14 10.35 7.86 4.84 1.42 0.00 0.00 0.00 0.00
0.00 0.00 0.00 0.00 0.00 0.00 0.00 0.00 135.74 302.10 518.63 708.19 844.43 920.13 931.32 878.30 762.75 606.94 423.88 193.46 50.47 0.00 0.00 0.00
0.00 0.00 0.00 0.00 0.00 0.00 0.00 0.32 2.16 3.87 5.59 7.43 8.47 9.03 8.92 8.41 7.18 5.39 3.45 1.20 0.04 0.00 0.00 0.00
0.00 0.00 0.00 0.00 0.00 0.00 0.00 0.06 0.93 1.74 2.60 3.51 4.12 4.45 4.55 4.28 3.72 2.94 1.88 0.65 0.00 0.00 0.00 0.00
0.00 0.00 0.00 0.00 0.00 0.00 0.00 0.09 1.49 2.79 4.17 5.61 6.59 7.11 7.27 6.85 5.96 4.70 3.01 1.04 0.00 0.00 0.00 0.00
0.00 0.00 0.00 0.00 0.00 0.00 0.00 0.09 1.49 2.79 4.17 5.61 6.59 7.11 7.27 6.85 5.96 4.70 3.01 1.04 0.00 0.00 0.00 0.00
0.00 0.00 0.00 0.00 0.00 0.00 0.00 0.08 3.43 6.59 10.59 14.39 17.31 18.58 18.62 17.89 15.72 12.15 8.00 2.93 0.15 0.00 0.00 0.00
0.00 0.00 0.00 0.00 0.00 0.00 0.00 0.04 1.64 3.15 5.08 6.79 8.09 8.69 8.72 8.42 7.39 5.74 3.67 1.33 0.06 0.00 0.00 0.00
0.00 0.00 0.00 0.00 0.00 0.00 0.00 0.05 2.11 4.05 6.53 8.72 10.40 11.17 11.21 10.83 9.50 7.38 4.72 1.70 0.07 0.00 0.00 0.00
0.00 0.00 0.00 0.00 0.00 0.00 0.00 0.03 1.41 2.70 4.35 5.82 6.93 7.44 7.47 7.22 6.33 4.92 3.15 1.14 0.05 0.00 0.00 0.00
0.00 0.00 0.00 0.00 0.00 0.00 0.00 0.03 1.41 2.70 4.35 5.82 6.93 7.44 7.47 7.22 6.33 4.92 3.15 1.14 0.05 0.00 0.00 0.00
0.00 0.00 0.00 0.00 0.00 0.00 0.00 0.00 16.41 33.66 56.71 77.67 94.47 105.79 109.29 104.60 88.48 68.92 43.95 16.11 0.63 0.00 0.00 0.00
0.00 0.00 0.00 0.00 0.00 0.00 0.00 0.50 10.82 20.52 32.09 44.20 53.11 56.78 55.72 52.88 47.16 36.42 24.02 8.67 0.33 0.00 0.00 0.00
0.00 0.00 0.00 0.00 0.00 0.00 0.00 0.37 9.60 18.27 28.57 37.69 45.11 47.59 47.61 45.59 39.93 30.96 20.33 7.51 0.52 0.00 0.00 0.00
0.00 0.00 0.00 0.00 0.00 0.00 0.00 0.00 40.04 89.11 152.98 208.89 249.08 271.40 274.70 259.07 224.98 179.02 125.03 57.06 14.89 0.00 0.00 0.00
0.00 0.00 0.00 0.00 0.00 0.00 0.00 0.00 38.09 84.76 145.51 198.70 236.93 258.17 261.30 246.43 214.01 170.29 118.93 54.28 14.16 0.00 0.00 0.00
0.00 0.00 0.00 0.00 0.00 0.00 0.00 0.00 73.24 163.00 279.84 382.12 455.63 496.47 502.51 473.91 411.56 327.48 228.71 104.38 27.23 0.00 0.00 0.00
0.00 0.00 0.00 0.00 0.00 0.00 0.00 0.00 72.02 160.29 275.17 375.75 448.03 488.20 494.13 466.01 404.70 322.03 224.90 102.64 26.78 0.00 0.00 0.00
0.00 0.00 0.00 0.00 0.00 0.00 0.00 0.00 85.61 180.71 303.45 405.39 475.21 529.42 529.25 500.58 441.17 348.17 238.92 108.52 28.22 0.00 0.00 0.00
0.00 0.00 0.00 0.00 0.00 0.00 0.00 0.06 0.93 1.74 2.60 3.51 4.12 4.45 4.55 4.28 3.72 2.94 1.88 0.65 0.00 0.00 0.00 0.00
0.00 0.00 0.00 0.00 0.00 0.00 0.00 0.28 4.72 8.84 13.20 17.78 20.85 22.52 23.03 21.69 18.86 14.87 9.52 3.29 0.00 0.00 0.00 0.00
0.00 0.00 0.00 0.00 0.00 0.00 0.00 1.45 24.10 45.12 67.36 90.77 106.46 114.99 117.58 110.73 96.28 75.92 48.59 16.79 0.00 0.00 0.00 0.00
0.00 0.00 0.00 0.00 0.00 0.00 0.00 0.00 2.73 6.09 10.45 14.27 17.01 18.53 18.76 17.69 15.36 12.23 8.54 3.90 1.02 0.00 0.00 0.00
0.00 0.00 0.00 0.00 0.00 0.00 0.00 0.00 63.80 134.71 218.67 297.71 355.28 398.26 399.46 381.88 333.85 264.09 178.84 79.46 19.02 0.00 0.00 0.00
0.00 0.00 0.00 0.00 0.00 0.00 0.00 0.00 4.66 9.61 15.54 21.58 27.02 30.56 31.26 29.79 25.43 20.06 13.85 5.77 0.84 0.00 0.00 0.00
0.00 0.00 0.00 0.00 0.00 0.00 0.00 0.00 37.74 73.60 113.40 153.06 175.82 193.54 192.56 181.83 157.04 122.57 81.98 26.82 5.25 0.00 0.00 0.00
0.00 0.00 0.00 0.00 0.00 0.00 0.00 0.00 1.06 2.25 3.64 4.96 5.92 6.64 6.66 6.36 5.56 4.40 2.98 1.32 0.32 0.00 0.00 0.00
0.00 0.00 0.00 0.00 0.00 0.00 0.00 0.00 47.85 101.04 164.00 223.28 266.46 298.69 299.60 286.41 250.39 198.07 134.13 59.59 14.26 0.00 0.00 0.00
0.00 0.00 0.00 0.00 0.00 0.00 0.00 0.00 61.41 129.66 210.47 286.55 341.96 383.32 384.48 367.56 321.33 254.19 172.13 76.48 18.30 0.00 0.00 0.00
0.00 0.00 0.00 0.00 0.00 0.00 0.00 0.00 112.90 238.31 400.17 534.61 626.68 698.17 697.94 660.14 581.79 459.14 315.07 143.11 37.22 0.00 0.00 0.00
0.00 0.00 0.00 0.00 0.00 0.00 0.00 0.00 2.47 4.82 7.75 10.50 12.45 13.62 13.92 13.26 11.48 8.91 5.82 2.14 0.12 0.00 0.00 0.00
0.00 0.00 0.00 0.00 0.00 0.00 0.00 0.00 3.12 6.05 9.73 13.21 15.70 17.13 17.33 16.63 14.41 11.12 7.29 2.65 0.14 0.00 0.00 0.00
0.00 0.00 0.00 0.00 0.00 0.00 0.00 0.00 19.23 39.62 64.12 89.01 111.46 126.06 128.94 122.87 104.89 82.76 57.12 23.80 3.47 0.00 0.00 0.00
0.00 0.00 0.00 0.00 0.00 0.00 0.00 0.00 89.24 191.05 297.53 389.89 471.19 502.28 506.83 482.82 439.53 358.12 254.30 110.17 36.30 0.00 0.00 0.00
0.00 0.00 0.00 0.00 0.00 0.00 0.00 0.06 0.88 1.66 2.58 3.52 4.19 4.51 4.44 4.11 3.61 2.82 1.85 0.65 0.01 0.00 0.00 0.00
0.00 0.00 0.00 0.00 0.00 0.00 0.00 0.00 14.79 30.30 54.88 73.13 87.00 98.36 99.17 92.95 81.75 65.09 43.62 15.80 3.53 0.00 0.00 0.00
0.00 0.00 0.00 0.00 0.00 0.00 0.00 0.00 4.84 11.58 19.27 26.51 31.71 34.10 33.46 31.59 28.21 22.92 16.07 7.63 2.22 0.00 0.00 0.00
0.00 0.00 0.00 0.00 0.00 0.00 0.00 0.44 2.56 4.54 6.35 8.43 9.73 10.16 10.07 9.36 8.31 6.22 3.94 1.34 0.01 0.00 0.00 0.00
0.00 0.00 0.00 0.00 0.00 0.00 0.00 0.22 1.28 2.27 3.17 4.21 4.86 5.08 5.04 4.68 4.15 3.11 1.97 0.67 0.01 0.00 0.00 0.00
0.00 0.00 0.00 0.00 0.00 0.00 0.00 0.48 2.80 4.97 6.95 9.22 10.64 11.12 11.02 10.24 9.09 6.80 4.31 1.47 0.01 0.00 0.00 0.00
0.00 0.00 0.00 0.00 0.00 0.00 0.00 0.53 3.27 5.82 8.37 11.22 13.07 13.91 13.70 12.77 10.98 8.14 5.20 1.77 0.00 0.00 0.00 0.00
0.00 0.00 0.00 0.00 0.00 0.00 0.00 0.80 4.98 8.87 12.75 17.10 19.92 21.20 20.87 19.46 16.73 12.40 7.92 2.70 0.00 0.00 0.00 0.00
0.00 0.00 0.00 0.00 0.00 0.00 0.00 0.63 4.37 7.85 11.30 15.00 17.33 18.46 18.35 17.04 14.56 11.03 7.08 2.51 0.09 0.00 0.00 0.00
0.00 0.00 0.00 0.00 0.00 0.00 0.00 0.20 3.25 6.12 9.31 12.28 14.53 15.50 15.13 14.18 12.34 9.64 6.31 2.47 0.41 0.00 0.00 0.00
0.00 0.00 0.00 0.00 0.00 0.00 0.00 0.53 8.41 15.80 24.05 31.72 37.55 40.04 39.09 36.62 31.89 24.91 16.30 6.39 1.05 0.00 0.00 0.00
0.00 0.00 0.00 0.00 0.00 0.00 0.00 0.06 2.14 4.09 5.90 7.96 9.40 10.62 10.43 9.82 8.40 6.44 4.22 1.70 0.28 0.00 0.00 0.00
0.00 0.00 0.00 0.00 0.00 0.00 0.00 0.44 4.20 7.70 11.65 15.51 18.43 19.78 19.48 18.12 15.22 11.92 7.71 2.68 0.00 0.00 0.00 0.00
0.00 0.00 0.00 0.00 0.00 0.00 0.00 0.92 7.56 13.76 20.69 27.35 31.96 33.74 33.50 31.59 27.61 21.20 13.29 4.51 0.04 0.00 0.00 0.00
0.00 0.00 0.00 0.00 0.00 0.00 0.00 0.19 1.02 1.77 2.61 3.41 3.91 4.03 3.96 3.79 3.29 2.49 1.56 0.48 0.00 0.00 0.00 0.00
0.00 0.00 0.00 0.00 0.00 0.00 0.00 0.74 5.39 9.68 14.34 18.71 21.92 23.22 23.06 21.77 18.34 14.04 8.96 2.84 0.00 0.00 0.00 0.00
0.00 0.00 0.00 0.00 0.00 0.00 0.00 0.62 3.77 6.66 9.74 12.72 14.54 15.15 15.28 14.59 12.31 9.38 5.88 1.88 0.00 0.00 0.00 0.00
0.00 0.00 0.00 0.00 0.00 0.00 0.00 0.85 5.20 9.19 13.44 17.56 20.07 20.91 21.09 20.13 16.99 12.94 8.11 2.60 0.00 0.00 0.00 0.00
0.00 0.00 0.00 0.00 0.00 0.00 0.00 0.58 3.54 6.26 9.16 11.96 13.67 14.24 14.36 13.71 11.57 8.81 5.53 1.77 0.00 0.00 0.00 0.00
0.00 0.00 0.00 0.00 0.00 0.00 0.00 0.39 2.88 5.16 7.65 9.98 11.69 12.38 12.30 11.61 9.78 7.49 4.78 1.51 0.00 0.00 0.00 0.00
0.00 0.00 0.00 0.00 0.00 0.00 0.00 0.53 2.94 5.15 7.62 9.94 11.22 11.72 11.48 10.78 9.24 7.03 4.37 1.31 0.00 0.00 0.00 0.00
0.00 0.00 0.00 0.00 0.00 0.00 0.00 0.16 2.67 5.00 7.47 10.06 11.80 12.74 13.03 12.27 10.67 8.41 5.38 1.86 0.00 0.00 0.00 0.00
0.00 0.00 0.00 0.00 0.00 0.00 0.00 0.00 21.37 43.81 73.81 101.09 122.96 137.69 142.25 136.14 115.16 89.71 57.20 20.97 0.81 0.00 0.00 0.00
0.00 0.00 0.00 0.00 0.00 0.00 0.00 0.09 3.89 7.47 12.00 16.31 19.62 21.06 21.10 20.28 17.81 13.77 9.07 3.32 0.16 0.00 0.00 0.00
0.00 0.00 0.00 0.00 0.00 0.00 0.00 0.41 6.31 11.81 17.80 23.75 28.41 30.17 29.74 28.09 24.34 19.12 12.58 4.28 0.00 0.00 0.00 0.00
0.00 0.00 0.00 0.00 0.00 0.00 0.00 0.19 2.89 5.41 8.16 10.89 13.02 13.83 13.63 12.88 11.15 8.76 5.77 1.96 0.00 0.00 0.00 0.00
0.00 0.00 0.00 0.00 0.00 0.00 0.00 0.12 4.80 9.20 14.77 20.28 24.43 26.14 26.10 24.97 21.99 17.00 11.32 4.15 0.21 0.00 0.00 0.00
0.00 0.00 0.00 0.00 0.00 0.00 0.00 0.15 2.15 4.03 6.26 8.54 10.19 10.96 10.78 9.99 8.76 6.86 4.49 1.57 0.03 0.00 0.00 0.00
0.00 0.00 0.00 0.00 0.00 0.00 0.00 0.00 19.91 41.02 66.39 92.16 115.40 130.52 133.49 127.21 108.60 85.69 59.14 24.64 3.60 0.00 0.00 0.00
0.00 0.00 0.00 0.00 0.00 0.00 0.00 0.00 9.03 17.60 27.12 36.60 42.04 46.28 46.05 43.48 37.55 29.31 19.60 6.41 1.25 0.00 0.00 0.00
0.00 0.00 0.00 0.00 0.00 0.00 0.00 0.00 1.87 3.67 5.58 7.58 8.83 10.34 10.50 9.86 8.50 6.69 4.49 1.64 0.32 0.00 0.00 0.00
0.00 0.00 0.00 0.00 0.00 0.00 0.00 0.00 2.40 4.75 6.60 8.91 10.64 13.18 13.19 12.42 10.89 8.46 5.64 2.36 0.42 0.00 0.00 0.00
0.00 0.00 0.00 0.00 0.00 0.00 0.00 0.00 3.84 7.59 10.56 14.26 17.02 21.09 21.11 19.87 17.42 13.53 9.03 3.78 0.67 0.00 0.00 0.00
0.00 0.00 0.00 0.00 0.00 0.00 0.00 0.00 74.46 165.72 284.50 388.49 463.22 504.75 510.88 481.80 418.41 332.94 232.52 106.12 27.68 0.00 0.00 0.00
