0.00 0.00 0.00 0.00 0.00 0.00 0.00 0.00 0.60 1.53 2.60 3.52 4.17 4.61 4.63 4.46 3.97 3.20 2.16 0.86 0.13 0.00 0.00 0.00
0.00 0.00 0.00 0.00 0.00 0.00 0.00 0.00 14.78 31.70 51.59 65.98 76.88 87.04 86.09 79.83 60.52 45.95 29.64 7.84 0.00 0.00 0.00 0.00
0.00 0.00 0.00 0.00 0.00 0.00 0.00 0.00 13.77 34.95 59.42 80.46 95.27 105.47 105.95 101.89 90.82 73.24 49.44 19.76 2.89 0.00 0.00 0.00
0.00 0.00 0.00 0.00 0.00 0.00 0.00 0.00 48.94 124.22 211.18 285.94 338.58 374.82 376.54 362.12 322.78 260.29 175.71 70.24 10.27 0.00 0.00 0.00
0.00 0.00 0.00 0.00 0.00 0.00 0.00 0.03 2.38 4.59 7.61 9.64 10.91 11.39 11.06 10.10 7.69 5.79 3.51 1.15 0.00 0.00 0.00 0.00
0.00 0.00 0.00 0.00 0.00 0.00 0.00 0.00 92.59 254.30 444.87 607.61 736.53 817.38 847.07 840.13 769.76 618.49 413.11 179.08 31.88 0.00 0.00 0.00
0.00 0.00 0.00 0.00 0.00 0.00 0.00 0.00 1.67 3.35 5.45 7.14 8.31 8.79 8.66 8.08 6.04 4.54 2.84 0.99 0.00 0.00 0.00 0.00
0.00 0.00 0.00 0.00 0.00 0.00 0.00 0.00 0.89 1.88 2.96 3.87 4.50 5.11 4.94 4.66 3.38 2.58 1.65 0.55 0.00 0.00 0.00 0.00
0.00 0.00 0.00 0.00 0.00 0.00 0.00 0.00 1.43 3.01 4.73 6.19 7.20 8.17 7.91 7.46 5.40 4.13 2.64 0.88 0.00 0.00 0.00 0.00
0.00 0.00 0.00 0.00 0.00 0.00 0.00 0.00 1.43 3.01 4.73 6.19 7.20 8.17 7.91 7.46 5.40 4.13 2.64 0.88 0.00 0.00 0.00 0.00
0.00 0.00 0.00 0.00 0.00 0.00 0.00 0.00 3.21 7.01 11.55 15.52 18.07 19.60 19.53 18.32 16.16 12.42 7.65 2.46 0.00 0.00 0.00 0.00
0.00 0.00 0.00 0.00 0.00 0.00 0.00 0.00 1.51 3.28 5.42 7.29 8.46 9.31 9.26 8.63 7.67 5.92 3.64 1.14 0.00 0.00 0.00 0.00
0.00 0.00 0.00 0.00 0.00 0.00 0.00 0.00 1.94 4.22 6.97 9.37 10.88 11.97 11.91 11.10 9.86 7.61 4.68 1.46 0.00 0.00 0.00 0.00
0.00 0.00 0.00 0.00 0.00 0.00 0.00 0.00 1.29 2.81 4.64 6.25 7.25 7.98 7.94 7.40 6.57 5.08 3.12 0.98 0.00 0.00 0.00 0.00
0.00 0.00 0.00 0.00 0.00 0.00 0.00 0.00 1.29 2.81 4.64 6.25 7.25 7.98 7.94 7.40 6.57 5.08 3.12 0.98 0.00 0.00 0.00 0.00
0.00 0.00 0.00 0.00 0.00 0.00 0.00 0.00 16.26 38.54 63.93 85.26 99.55 112.18 111.37 104.23 93.34 71.04 45.39 14.49 0.00 0.00 0.00 0.00
0.00 0.00 0.00 0.00 0.00 0.00 0.00 0.00 9.90 21.26 34.33 46.23 53.95 59.06 58.81 54.30 47.71 36.64 22.90 7.05 0.00 0.00 0.00 0.00
0.00 0.00 0.00 0.00 0.00 0.00 0.00 0.00 8.31 18.01 29.54 39.83 46.02 49.63 49.29 46.02 39.86 30.75 19.22 6.14 0.00 0.00 0.00 0.00
0.00 0.00 0.00 0.00 0.00 0.00 0.00 0.00 27.31 75.01 131.22 179.22 217.25 241.10 249.86 247.81 227.05 182.43 121.85 52.82 9.40 0.00 0.00 0.00
0.00 0.00 0.00 0.00 0.00 0.00 0.00 0.00 25.98 71.35 124.82 170.48 206.65 229.34 237.67 235.72 215.98 173.53 115.91 50.25 8.95 0.00 0.00 0.00
0.00 0.00 0.00 0.00 0.00 0.00 0.00 0.00 49.96 137.21 240.04 327.85 397.41 441.03 457.05 453.31 415.34 333.72 222.90 96.63 17.20 0.00 0.00 0.00
0.00 0.00 0.00 0.00 0.00 0.00 0.00 0.00 49.13 134.92 236.04 322.38 390.78 433.68 449.44 445.75 408.42 328.16 219.18 95.02 16.92 0.00 0.00 0.00
0.00 0.00 0.00 0.00 0.00 0.00 0.00 0.00 62.66 159.45 269.24 370.18 449.05 500.30 513.77 490.61 442.20 345.43 231.63 95.95 16.12 0.00 0.00 0.00
0.00 0.00 0.00 0.00 0.00 0.00 0.00 0.00 0.89 1.88 2.96 3.87 4.50 5.11 4.94 4.66 3.38 2.58 1.65 0.55 0.00 0.00 0.00 0.00
0.00 0.00 0.00 0.00 0.00 0.00 0.00 0.00 4.52 9.53 14.97 19.60 22.80 25.87 25.04 23.63 17.11 13.07 8.36 2.79 0.00 0.00 0.00 0.00
0.00 0.00 0.00 0.00 0.00 0.00 0.00 0.00 23.05 48.65 76.44 100.09 116.38 132.05 127.84 120.62 87.33 66.74 42.66 14.24 0.00 0.00 0.00 0.00
0.00 0.00 0.00 0.00 0.00 0.00 0.00 0.00 1.87 5.12 8.96 12.24 14.84 16.47 17.06 16.92 15.51 12.46 8.32 3.61 0.64 0.00 0.00 0.00
0.00 0.00 0.00 0.00 0.00 0.00 0.00 0.00 48.18 122.28 207.89 281.49 333.30 368.98 370.67 356.48 317.75 256.23 172.97 69.15 10.11 0.00 0.00 0.00
0.00 0.00 0.00 0.00 0.00 0.00 0.00 0.00 4.18 10.11 17.12 23.61 28.24 31.11 30.78 28.83 25.78 20.11 13.01 4.62 0.20 0.00 0.00 0.00
0.00 0.00 0.00 0.00 0.00 0.00 0.00 0.00 27.42 62.28 105.36 144.09 171.22 186.89 188.03 177.30 138.42 109.34 72.82 20.88 1.69 0.00 0.00 0.00
0.00 0.00 0.00 0.00 0.00 0.00 0.00 0.00 0.80 2.04 3.46 4.69 5.56 6.15 6.18 5.94 5.30 4.27 2.88 1.15 0.17 0.00 0.00 0.00
0.00 0.00 0.00 0.00 0.00 0.00 0.00 0.00 36.13 91.71 155.91 211.11 249.98 276.74 278.00 267.36 238.31 192.17 129.73 51.86 7.58 0.00 0.00 0.00
0.00 0.00 0.00 0.00 0.00 0.00 0.00 0.00 46.37 117.70 200.09 270.93 320.80 355.14 356.77 343.11 305.84 246.62 166.48 66.55 9.73 0.00 0.00 0.00
0.00 0.00 0.00 0.00 0.00 0.00 0.00 0.00 82.63 210.27 355.06 488.17 592.19 659.77 677.54 646.99 583.16 455.54 305.46 126.54 21.25 0.00 0.00 0.00
0.00 0.00 0.00 0.00 0.00 0.00 0.00 0.00 2.23 4.96 8.45 11.41 13.28 14.81 14.72 13.64 12.18 9.07 5.86 1.85 0.00 0.00 0.00 0.00
0.00 0.00 0.00 0.00 0.00 0.00 0.00 0.00 2.83 6.28 10.65 14.36 16.73 18.62 18.53 17.18 15.20 11.37 7.24 2.28 0.00 0.00 0.00 0.00
0.00 0.00 0.00 0.00 0.00 0.00 0.00 0.00 17.23 41.71 70.62 97.41 116.50 128.34 126.95 118.92 106.33 82.96 53.68 19.06 0.84 0.00 0.00 0.00
0.00 0.00 0.00 0.00 0.00 0.00 0.00 0.00 58.42 155.30 263.06 366.43 447.47 486.47 491.85 458.67 428.36 340.14 230.71 110.12 26.93 0.00 0.00 0.00
0.00 0.00 0.00 0.00 0.00 0.00 0.00 0.00 0.80 1.68 2.72 3.64 4.21 4.58 4.58 4.26 3.50 2.61 1.67 0.51 0.00 0.00 0.00 0.00
0.00 0.00 0.00 0.00 0.00 0.00 0.00 0.00 12.81 31.05 51.84 70.79 85.50 94.09 95.12 90.65 79.35 61.91 41.75 16.21 1.98 0.00 0.00 0.00
0.00 0.00 0.00 0.00 0.00 0.00 0.00 0.00 2.86 8.77 15.73 22.13 26.77 30.21 30.82 29.81 27.73 21.47 14.89 7.04 1.54 0.00 0.00 0.00
0.00 0.00 0.00 0.00 0.00 0.00 0.00 0.00 2.00 3.96 6.24 8.19 9.47 9.52 9.46 8.84 6.71 5.10 3.14 1.08 0.00 0.00 0.00 0.00
0.00 0.00 0.00 0.00 0.00 0.00 0.00 0.00 1.00 1.98 3.12 4.09 4.73 4.76 4.73 4.42 3.36 2.55 1.57 0.54 0.00 0.00 0.00 0.00
0.00 0.00 0.00 0.00 0.00 0.00 0.00 0.00 2.19 4.33 6.82 8.95 10.35 10.41 10.34 9.67 7.34 5.58 3.44 1.18 0.00 0.00 0.00 0.00
0.00 0.00 0.00 0.00 0.00 0.00 0.00 0.00 2.61 5.19 8.26 10.78 12.62 12.73 12.49 11.73 8.22 6.17 3.80 1.40 0.00 0.00 0.00 0.00
0.00 0.00 0.00 0.00 0.00 0.00 0.00 0.00 3.97 7.90 12.59 16.43 19.22 19.40 19.03 17.87 12.53 9.40 5.79 2.13 0.00 0.00 0.00 0.00
0.00 0.00 0.00 0.00 0.00 0.00 0.00 0.00 3.40 6.86 11.10 14.41 16.85 17.91 17.55 16.47 11.66 8.85 5.59 2.07 0.00 0.00 0.00 0.00
0.00 0.00 0.00 0.00 0.00 0.00 0.00 0.00 2.44 5.28 8.57 11.71 13.85 14.77 14.90 14.17 11.73 9.06 5.87 1.66 0.06 0.00 0.00 0.00
0.00 0.00 0.00 0.00 0.00 0.00 0.00 0.00 6.32 13.64 22.15 30.26 35.77 38.14 38.50 36.60 30.30 23.42 15.15 4.29 0.15 0.00 0.00 0.00
0.00 0.00 0.00 0.00 0.00 0.00 0.00 0.00 1.60 3.53 5.72 7.83 9.33 10.06 9.99 9.31 7.90 6.10 4.05 1.30 0.06 0.00 0.00 0.00
0.00 0.00 0.00 0.00 0.00 0.00 0.00 0.00 3.62 7.45 12.11 16.01 18.45 20.18 20.04 18.29 15.50 11.63 7.18 2.16 0.00 0.00 0.00 0.00
0.00 0.00 0.00 0.00 0.00 0.00 0.00 0.00 6.01 12.27 20.31 27.01 31.35 33.42 33.64 31.32 25.63 19.31 11.95 3.81 0.00 0.00 0.00 0.00
0.00 0.00 0.00 0.00 0.00 0.00 0.00 0.01 0.71 1.37 2.03 2.59 2.92 3.61 3.46 3.19 2.34 1.76 1.07 0.37 0.00 0.00 0.00 0.00
0.00 0.00 0.00 0.00 0.00 0.00 0.00 0.00 4.92 9.85 15.67 19.92 22.33 21.82 20.96 19.50 16.13 12.15 7.54 2.39 0.00 0.00 0.00 0.00
0.00 0.00 0.00 0.00 0.00 0.00 0.00 0.00 2.72 5.37 9.43 11.94 13.33 14.53 13.77 12.98 11.02 8.26 5.14 1.58 0.00 0.00 0.00 0.00
0.00 0.00 0.00 0.00 0.00 0.00 0.00 0.00 3.76 7.41 13.01 16.47 18.40 20.06 19.00 17.91 15.21 11.40 7.10 2.18 0.00 0.00 0.00 0.00
0.00 0.00 0.00 0.00 0.00 0.00 0.00 0.00 2.56 5.05 8.86 11.22 12.53 13.66 12.94 12.20 10.36 7.77 4.83 1.48 0.00 0.00 0.00 0.00
0.00 0.00 0.00 0.00 0.00 0.00 0.00 0.00 2.62 5.25 8.35 10.62 11.91 11.64 11.18 10.40 8.60 6.48 4.02 1.27 0.00 0.00 0.00 0.00
0.00 0.00 0.00 0.00 0.00 0.00 0.00 0.00 2.32 4.50 6.68 8.44 9.55 10.86 10.65 9.85 7.55 5.71 3.46 1.07 0.00 0.00 0.00 0.00
0.00 0.00 0.00 0.00 0.00 0.00 0.00 0.00 2.55 5.39 8.47 11.09 12.90 14.63 14.17 13.37 9.68 7.40 4.73 1.58 0.00 0.00 0.00 0.00
0.00 0.00 0.00 0.00 0.00 0.00 0.00 0.00 21.17 50.17 83.22 110.98 129.58 146.01 144.96 135.67 121.49 92.46 59.08 18.86 0.00 0.00 0.00 0.00
0.00 0.00 0.00 0.00 0.00 0.00 0.00 0.00 3.64 7.94 13.09 17.59 20.48 22.22 22.13 20.76 18.31 14.08 8.67 2.79 0.00 0.00 0.00 0.00
0.00 0.00 0.00 0.00 0.00 0.00 0.00 0.00 5.48 11.58 18.63 24.94 29.27 32.29 32.09 29.55 20.68 15.48 9.71 3.33 0.00 0.00 0.00 0.00
0.00 0.00 0.00 0.00 0.00 0.00 0.00 0.00 2.51 5.31 8.54 11.43 13.42 14.80 14.71 13.54 9.48 7.10 4.45 1.53 0.00 0.00 0.00 0.00
0.00 0.00 0.00 0.00 0.00 0.00 0.00 0.00 4.51 9.84 16.16 21.66 25.28 27.34 27.22 25.53 22.41 17.19 10.63 3.45 0.00 0.00 0.00 0.00
0.00 0.00 0.00 0.00 0.00 0.00 0.00 0.00 1.93 4.09 6.61 8.85 10.22 11.12 11.11 10.34 8.49 6.33 4.05 1.23 0.00 0.00 0.00 0.00
0.00 0.00 0.00 0.00 0.00 0.00 0.00 0.00 17.84 43.19 73.12 100.85 120.62 132.88 131.44 123.12 110.09 85.89 55.58 19.74 0.87 0.00 0.00 0.00
0.00 0.00 0.00 0.00 0.00 0.00 0.00 0.00 6.56 14.89 25.19 34.46 40.94 44.69 44.96 42.40 33.10 26.15 17.41 4.99 0.40 0.00 0.00 0.00
0.00 0.00 0.00 0.00 0.00 0.00 0.00 0.00 1.49 3.42 5.62 7.64 9.28 10.15 10.02 9.41 8.17 6.42 4.28 1.42 0.11 0.00 0.00 0.00
0.00 0.00 0.00 0.00 0.00 0.00 0.00 0.00 1.90 4.37 7.30 9.79 11.42 12.35 12.46 11.89 10.38 8.18 5.41 1.91 0.12 0.00 0.00 0.00
0.00 0.00 0.00 0.00 0.00 0.00 0.00 0.00 3.04 7.00 11.68 15.67 18.27 19.76 19.93 19.03 16.61 13.08 8.66 3.06 0.20 0.00 0.00 0.00
0.00 0.00 0.00 0.00 0.00 0.00 0.00 0.00 50.79 139.50 244.04 333.31 404.03 448.38 464.67 460.86 422.26 339.28 226.61 98.24 17.49 0.00 0.00 0.00
