0.00 0.00 0.00 0.00 0.00 0.00 0.00 0.00 0.00 0.12 1.09 1.86 2.64 3.20 3.34 3.15 2.61 1.80 0.96 0.00 0.00 0.00 0.00 0.00
0.00 0.00 0.00 0.00 0.00 0.00 0.00 0.00 0.00 2.05 6.62 10.12 13.33 19.38 19.66 18.86 26.96 18.58 9.14 0.00 0.00 0.00 0.00 0.00
0.00 0.00 0.00 0.00 0.00 0.00 0.00 0.00 0.00 2.65 24.98 42.51 60.37 73.08 76.29 71.93 59.60 41.11 21.88 0.00 0.00 0.00 0.00 0.00
0.00 0.00 0.00 0.00 0.00 0.00 0.00 0.00 0.00 9.43 88.77 151.07 214.54 259.74 271.14 255.65 211.83 146.10 77.76 0.00 0.00 0.00 0.00 0.00
0.00 0.00 0.00 0.00 0.00 0.00 0.00 0.00 0.00 0.53 1.17 1.74 2.26 2.21 2.25 2.04 1.69 1.13 0.47 0.00 0.00 0.00 0.00 0.00
0.00 0.00 0.00 0.00 0.00 0.00 0.00 0.00 0.00 18.38 203.81 350.89 504.16 625.46 655.88 615.28 504.83 353.06 196.29 6.24 0.00 0.00 0.00 0.00
0.00 0.00 0.00 0.00 0.00 0.00 0.00 0.00 0.00 0.55 2.13 3.30 4.44 5.35 5.46 4.98 3.93 2.68 1.13 0.00 0.00 0.00 0.00 0.00
0.00 0.00 0.00 0.00 0.00 0.00 0.00 0.00 0.00 0.12 0.32 0.49 0.64 0.99 1.04 0.97 1.70 1.17 0.56 0.00 0.00 0.00 0.00 0.00
0.00 0.00 0.00 0.00 0.00 0.00 0.00 0.00 0.00 0.19 0.51 0.78 1.02 1.59 1.66 1.55 2.72 1.87 0.90 0.00 0.00 0.00 0.00 0.00
0.00 0.00 0.00 0.00 0.00 0.00 0.00 0.00 0.00 0.19 0.51 0.78 1.02 1.59 1.66 1.55 2.72 1.87 0.90 0.00 0.00 0.00 0.00 0.00
0.00 0.00 0.00 0.00 0.00 0.00 0.00 0.00 0.00 0.72 2.82 4.37 5.98 8.98 9.37 8.89 9.77 6.88 3.37 0.00 0.00 0.00 0.00 0.00
0.00 0.00 0.00 0.00 0.00 0.00 0.00 0.00 0.00 0.26 1.03 1.59 2.22 3.82 3.95 3.73 4.57 3.17 1.55 0.00 0.00 0.00 0.00 0.00
0.00 0.00 0.00 0.00 0.00 0.00 0.00 0.00 0.00 0.34 1.32 2.05 2.85 4.91 5.07 4.79 5.87 4.07 1.99 0.00 0.00 0.00 0.00 0.00
0.00 0.00 0.00 0.00 0.00 0.00 0.00 0.00 0.00 0.23 0.88 1.36 1.90 3.27 3.38 3.20 3.92 2.71 1.33 0.00 0.00 0.00 0.00 0.00
0.00 0.00 0.00 0.00 0.00 0.00 0.00 0.00 0.00 0.23 0.88 1.36 1.90 3.27 3.38 3.20 3.92 2.71 1.33 0.00 0.00 0.00 0.00 0.00
0.00 0.00 0.00 0.00 0.00 0.00 0.00 0.00 0.00 6.21 15.81 24.48 34.56 49.28 51.57 49.38 46.07 31.89 17.08 0.18 0.00 0.00 0.00 0.00
0.00 0.00 0.00 0.00 0.00 0.00 0.00 0.00 0.00 2.54 9.18 14.21 19.10 28.77 30.10 28.32 27.84 19.13 9.19 0.00 0.00 0.00 0.00 0.00
0.00 0.00 0.00 0.00 0.00 0.00 0.00 0.00 0.00 3.07 10.32 16.12 21.58 31.87 32.73 30.68 24.73 17.39 8.37 0.00 0.00 0.00 0.00 0.00
0.00 0.00 0.00 0.00 0.00 0.00 0.00 0.00 0.00 5.42 60.12 103.50 148.71 184.49 193.46 181.49 148.91 104.14 57.90 1.84 0.00 0.00 0.00 0.00
0.00 0.00 0.00 0.00 0.00 0.00 0.00 0.00 0.00 5.16 57.18 98.45 141.45 175.49 184.02 172.63 141.64 99.06 55.07 1.75 0.00 0.00 0.00 0.00
0.00 0.00 0.00 0.00 0.00 0.00 0.00 0.00 0.00 9.92 109.97 189.33 272.03 337.48 353.89 331.99 272.39 190.50 105.91 3.37 0.00 0.00 0.00 0.00
0.00 0.00 0.00 0.00 0.00 0.00 0.00 0.00 0.00 9.75 108.14 186.18 267.49 331.85 348.00 326.45 267.85 187.33 104.15 3.31 0.00 0.00 0.00 0.00
0.00 0.00 0.00 0.00 0.00 0.00 0.00 0.00 0.00 8.66 111.09 192.80 272.74 334.00 346.91 325.62 271.24 187.96 99.45 0.00 0.00 0.00 0.00 0.00
0.00 0.00 0.00 0.00 0.00 0.00 0.00 0.00 0.00 0.12 0.32 0.49 0.64 0.99 1.04 0.97 1.70 1.17 0.56 0.00 0.00 0.00 0.00 0.00
0.00 0.00 0.00 0.00 0.00 0.00 0.00 0.00 0.00 0.61 1.62 2.46 3.24 5.02 5.25 4.92 8.63 5.93 2.84 0.00 0.00 0.00 0.00 0.00
0.00 0.00 0.00 0.00 0.00 0.00 0.00 0.00 0.00 3.13 8.25 12.56 16.56 25.63 26.78 25.11 44.05 30.28 14.52 0.00 0.00 0.00 0.00 0.00
0.00 0.00 0.00 0.00 0.00 0.00 0.00 0.00 0.00 0.37 4.11 7.07 10.16 12.60 13.21 12.39 10.17 7.11 3.95 0.13 0.00 0.00 0.00 0.00
0.00 0.00 0.00 0.00 0.00 0.00 0.00 0.00 0.00 9.29 87.39 148.72 211.20 255.69 266.92 251.66 208.53 143.83 76.55 0.00 0.00 0.00 0.00 0.00
0.00 0.00 0.00 0.00 0.00 0.00 0.00 0.00 0.00 1.51 7.18 11.54 15.73 19.72 21.26 20.43 17.01 12.70 6.73 0.00 0.00 0.00 0.00 0.00
0.00 0.00 0.00 0.00 0.00 0.00 0.00 0.00 0.00 6.22 44.87 74.63 103.62 121.24 123.54 114.69 93.36 66.08 32.17 0.00 0.00 0.00 0.00 0.00
0.00 0.00 0.00 0.00 0.00 0.00 0.00 0.00 0.00 0.15 1.46 2.48 3.52 4.26 4.45 4.19 3.48 2.40 1.28 0.00 0.00 0.00 0.00 0.00
0.00 0.00 0.00 0.00 0.00 0.00 0.00 0.00 0.00 6.96 65.54 111.54 158.40 191.77 200.19 188.75 156.40 107.87 57.41 0.00 0.00 0.00 0.00 0.00
0.00 0.00 0.00 0.00 0.00 0.00 0.00 0.00 0.00 8.94 84.11 143.14 203.28 246.10 256.91 242.23 200.71 138.43 73.68 0.00 0.00 0.00 0.00 0.00
0.00 0.00 0.00 0.00 0.00 0.00 0.00 0.00 0.00 11.43 146.50 254.26 359.68 440.46 457.49 429.41 357.69 247.87 131.15 0.00 0.00 0.00 0.00 0.00
0.00 0.00 0.00 0.00 0.00 0.00 0.00 0.00 0.00 0.46 1.51 2.35 3.30 6.29 6.72 6.28 7.51 5.21 2.61 0.00 0.00 0.00 0.00 0.00
0.00 0.00 0.00 0.00 0.00 0.00 0.00 0.00 0.00 0.58 1.85 2.88 4.06 7.65 8.10 7.62 9.07 6.27 3.13 0.00 0.00 0.00 0.00 0.00
0.00 0.00 0.00 0.00 0.00 0.00 0.00 0.00 0.00 6.25 29.64 47.62 64.88 81.35 87.68 84.27 70.16 52.39 27.76 0.00 0.00 0.00 0.00 0.00
0.00 0.00 0.00 0.00 0.00 0.00 0.00 0.00 0.00 0.00 93.84 177.48 250.94 313.73 336.13 318.62 262.05 183.50 96.60 0.00 0.00 0.00 0.00 0.00
0.00 0.00 0.00 0.00 0.00 0.00 0.00 0.00 0.00 0.20 0.62 0.95 1.28 1.89 1.96 1.85 2.13 1.47 0.69 0.00 0.00 0.00 0.00 0.00
0.00 0.00 0.00 0.00 0.00 0.00 0.00 0.00 0.00 2.57 22.29 37.66 52.98 64.07 65.58 60.83 50.57 35.41 18.23 0.00 0.00 0.00 0.00 0.00
0.00 0.00 0.00 0.00 0.00 0.00 0.00 0.00 0.00 0.46 7.41 13.11 18.93 23.46 25.35 23.87 19.36 13.89 8.07 0.59 0.00 0.00 0.00 0.00
0.00 0.00 0.00 0.00 0.00 0.00 0.00 0.00 0.00 0.66 2.42 3.73 4.98 6.16 6.15 5.61 4.40 2.99 1.22 0.00 0.00 0.00 0.00 0.00
0.00 0.00 0.00 0.00 0.00 0.00 0.00 0.00 0.00 0.33 1.21 1.86 2.49 3.08 3.07 2.81 2.20 1.49 0.61 0.00 0.00 0.00 0.00 0.00
0.00 0.00 0.00 0.00 0.00 0.00 0.00 0.00 0.00 0.73 2.64 4.08 5.44 6.74 6.73 6.14 4.81 3.26 1.33 0.00 0.00 0.00 0.00 0.00
0.00 0.00 0.00 0.00 0.00 0.00 0.00 0.00 0.00 0.89 3.23 4.97 6.56 7.56 7.65 7.10 6.06 4.13 1.72 0.00 0.00 0.00 0.00 0.00
0.00 0.00 0.00 0.00 0.00 0.00 0.00 0.00 0.00 1.36 4.93 7.57 10.00 11.53 11.66 10.82 9.23 6.29 2.62 0.00 0.00 0.00 0.00 0.00
0.00 0.00 0.00 0.00 0.00 0.00 0.00 0.00 0.00 1.10 4.45 6.90 9.39 11.08 11.10 10.08 8.03 5.50 2.34 0.00 0.00 0.00 0.00 0.00
0.00 0.00 0.00 0.00 0.00 0.00 0.00 0.00 0.00 0.59 3.59 5.89 8.09 9.39 9.48 8.92 7.28 5.07 2.33 0.00 0.00 0.00 0.00 0.00
0.00 0.00 0.00 0.00 0.00 0.00 0.00 0.00 0.00 1.51 9.28 15.20 20.91 24.25 24.48 23.04 18.80 13.10 6.01 0.00 0.00 0.00 0.00 0.00
0.00 0.00 0.00 0.00 0.00 0.00 0.00 0.00 0.00 0.41 2.53 4.12 5.63 6.46 6.52 6.13 4.89 3.44 1.64 0.00 0.00 0.00 0.00 0.00
0.00 0.00 0.00 0.00 0.00 0.00 0.00 0.00 0.00 0.92 1.90 2.90 3.85 4.10 4.22 3.97 5.09 3.50 1.59 0.00 0.00 0.00 0.00 0.00
0.00 0.00 0.00 0.00 0.00 0.00 0.00 0.00 0.00 2.25 5.98 9.19 12.48 16.10 16.49 15.11 15.66 10.82 4.79 0.00 0.00 0.00 0.00 0.00
0.00 0.00 0.00 0.00 0.00 0.00 0.00 0.00 0.00 0.22 0.41 0.61 0.79 0.68 0.69 0.63 0.57 0.39 0.16 0.00 0.00 0.00 0.00 0.00
0.00 0.00 0.00 0.00 0.00 0.00 0.00 0.00 0.00 0.72 1.73 2.60 3.46 3.86 3.89 3.57 3.48 2.38 1.05 0.00 0.00 0.00 0.00 0.00
0.00 0.00 0.00 0.00 0.00 0.00 0.00 0.00 0.00 0.60 1.26 1.90 2.48 2.60 2.63 2.41 2.20 1.49 0.64 0.00 0.00 0.00 0.00 0.00
0.00 0.00 0.00 0.00 0.00 0.00 0.00 0.00 0.00 0.83 1.74 2.62 3.42 3.59 3.63 3.32 3.04 2.05 0.88 0.00 0.00 0.00 0.00 0.00
0.00 0.00 0.00 0.00 0.00 0.00 0.00 0.00 0.00 0.56 1.19 1.78 2.33 2.44 2.47 2.26 2.07 1.40 0.60 0.00 0.00 0.00 0.00 0.00
0.00 0.00 0.00 0.00 0.00 0.00 0.00 0.00 0.00 0.38 0.93 1.39 1.84 2.06 2.07 1.90 1.85 1.27 0.56 0.00 0.00 0.00 0.00 0.00
0.00 0.00 0.00 0.00 0.00 0.00 0.00 0.00 0.00 0.46 1.03 1.54 1.96 1.97 2.03 1.85 1.58 1.07 0.45 0.00 0.00 0.00 0.00 0.00
0.00 0.00 0.00 0.00 0.00 0.00 0.00 0.00 0.00 0.35 0.91 1.39 1.84 2.84 2.97 2.78 4.88 3.36 1.61 0.00 0.00 0.00 0.00 0.00
0.00 0.00 0.00 0.00 0.00 0.00 0.00 0.00 0.00 8.09 20.57 31.86 44.98 64.14 67.12 64.27 59.96 41.50 22.23 0.24 0.00 0.00 0.00 0.00
0.00 0.00 0.00 0.00 0.00 0.00 0.00 0.00 0.00 0.82 3.19 4.95 6.78 10.18 10.62 10.08 11.07 7.80 3.82 0.00 0.00 0.00 0.00 0.00
0.00 0.00 0.00 0.00 0.00 0.00 0.00 0.00 0.00 0.93 2.44 3.76 5.18 5.99 6.13 5.80 12.50 8.65 4.08 0.00 0.00 0.00 0.00 0.00
0.00 0.00 0.00 0.00 0.00 0.00 0.00 0.00 0.00 0.42 1.12 1.72 2.38 2.75 2.81 2.66 5.73 3.96 1.87 0.00 0.00 0.00 0.00 0.00
0.00 0.00 0.00 0.00 0.00 0.00 0.00 0.00 0.00 1.15 4.28 6.65 9.03 12.92 13.45 12.76 13.55 9.61 4.70 0.00 0.00 0.00 0.00 0.00
0.00 0.00 0.00 0.00 0.00 0.00 0.00 0.00 0.00 0.48 1.50 2.31 3.12 4.59 4.76 4.50 5.16 3.58 1.69 0.00 0.00 0.00 0.00 0.00
0.00 0.00 0.00 0.00 0.00 0.00 0.00 0.00 0.00 6.47 30.68 49.30 67.17 84.23 90.78 87.25 72.64 54.24 28.74 0.00 0.00 0.00 0.00 0.00
0.00 0.00 0.00 0.00 0.00 0.00 0.00 0.00 0.00 1.49 10.73 17.85 24.78 28.99 29.54 27.43 22.33 15.80 7.69 0.00 0.00 0.00 0.00 0.00
0.00 0.00 0.00 0.00 0.00 0.00 0.00 0.00 0.00 0.35 2.46 4.07 5.63 6.72 6.83 6.33 5.14 3.62 1.79 0.00 0.00 0.00 0.00 0.00
0.00 0.00 0.00 0.00 0.00 0.00 0.00 0.00 0.00 0.50 3.04 5.00 6.91 8.38 8.67 8.08 6.57 4.60 2.29 0.00 0.00 0.00 0.00 0.00
0.00 0.00 0.00 0.00 0.00 0.00 0.00 0.00 0.00 0.79 4.87 8.00 11.06 13.40 13.87 12.93 10.52 7.35 3.66 0.00 0.00 0.00 0.00 0.00
0.00 0.00 0.00 0.00 0.00 0.00 0.00 0.00 0.00 10.08 111.80 192.49 276.56 343.10 359.79 337.52 276.93 193.68 107.68 3.42 0.00 0.00 0.00 0.00
