0.00 0.00 0.00 0.00 0.00 0.00 0.00 0.22 1.08 1.91 2.86 3.77 4.55 5.11 5.28 4.98 4.46 3.64 2.64 1.63 0.75 0.00 0.00 0.00
0.00 0.00 0.00 0.00 0.00 0.00 0.00 5.61 21.16 35.89 54.94 71.15 83.10 90.23 90.21 84.01 70.19 55.74 37.44 16.73 4.84 0.00 0.00 0.00
0.00 0.00 0.00 0.00 0.00 0.00 0.00 5.14 24.70 43.59 65.39 86.13 104.02 116.88 120.65 113.97 102.05 83.14 60.30 37.20 17.15 0.00 0.00 0.00
0.00 0.00 0.00 0.00 0.00 0.00 0.00 18.27 87.77 154.92 232.39 306.10 369.70 415.37 428.77 405.04 362.68 295.48 214.29 132.20 60.94 0.00 0.00 0.00
0.00 0.00 0.00 0.00 0.00 0.00 0.00 1.54 4.13 6.90 8.45 10.71 12.22 14.56 14.50 13.10 10.95 8.61 5.78 2.73 0.66 0.00 0.00 0.00
0.00 0.00 0.00 0.00 0.00 0.00 0.00 27.57 191.00 348.37 528.37 700.72 844.39 923.85 949.40 904.94 841.20 686.14 488.55 288.90 135.18 0.00 0.00 0.00
0.00 0.00 0.00 0.00 0.00 0.00 0.00 0.91 2.46 4.09 5.95 7.64 8.80 7.83 7.91 7.40 7.51 5.99 4.14 1.68 0.62 0.00 0.00 0.00
0.00 0.00 0.00 0.00 0.00 0.00 0.00 0.39 1.34 2.24 3.30 4.21 4.83 5.45 5.58 5.25 4.57 3.57 2.44 1.13 0.35 0.00 0.00 0.00
0.00 0.00 0.00 0.00 0.00 0.00 0.00 0.62 2.15 3.58 5.27 6.73 7.72 8.72 8.92 8.40 7.31 5.72 3.91 1.81 0.56 0.00 0.00 0.00
0.00 0.00 0.00 0.00 0.00 0.00 0.00 0.62 2.15 3.58 5.27 6.73 7.72 8.72 8.92 8.40 7.31 5.72 3.91 1.81 0.56 0.00 0.00 0.00
0.00 0.00 0.00 0.00 0.00 0.00 0.00 1.21 4.37 7.37 11.44 15.41 18.31 19.60 19.63 18.64 16.54 13.41 9.37 5.01 1.76 0.00 0.00 0.00
0.00 0.00 0.00 0.00 0.00 0.00 0.00 0.58 2.10 3.54 5.40 7.26 8.62 9.10 9.20 8.68 7.73 6.22 4.32 2.33 0.81 0.00 0.00 0.00
0.00 0.00 0.00 0.00 0.00 0.00 0.00 0.75 2.70 4.55 6.94 9.34 11.08 11.70 11.83 11.16 9.94 7.99 5.55 2.99 1.04 0.00 0.00 0.00
0.00 0.00 0.00 0.00 0.00 0.00 0.00 0.50 1.80 3.03 4.63 6.23 7.39 7.80 7.89 7.44 6.62 5.33 3.70 1.99 0.69 0.00 0.00 0.00
0.00 0.00 0.00 0.00 0.00 0.00 0.00 0.50 1.80 3.03 4.63 6.23 7.39 7.80 7.89 7.44 6.62 5.33 3.70 1.99 0.69 0.00 0.00 0.00
0.00 0.00 0.00 0.00 0.00 0.00 0.00 3.99 23.69 42.46 66.40 86.82 99.02 110.95 113.02 107.84 99.03 78.22 53.38 26.07 8.45 0.00 0.00 0.00
0.00 0.00 0.00 0.00 0.00 0.00 0.00 4.09 13.99 23.38 35.40 46.89 55.92 58.10 58.80 55.28 48.85 39.39 27.91 15.11 5.27 0.00 0.00 0.00
0.00 0.00 0.00 0.00 0.00 0.00 0.00 3.72 12.66 21.14 30.42 38.88 45.78 46.41 47.03 44.96 43.81 34.91 24.24 12.16 4.47 0.00 0.00 0.00
0.00 0.00 0.00 0.00 0.00 0.00 0.00 8.13 56.34 102.76 155.85 206.69 249.07 272.50 280.04 266.93 248.12 202.39 144.11 85.22 39.87 0.00 0.00 0.00
0.00 0.00 0.00 0.00 0.00 0.00 0.00 7.74 53.59 97.75 148.25 196.61 236.92 259.21 266.38 253.90 236.02 192.51 137.08 81.06 37.93 0.00 0.00 0.00
0.00 0.00 0.00 0.00 0.00 0.00 0.00 14.88 103.06 187.97 285.09 378.09 455.61 498.48 512.27 488.28 453.89 370.22 263.61 155.88 72.94 0.00 0.00 0.00
0.00 0.00 0.00 0.00 0.00 0.00 0.00 14.63 101.34 184.84 280.34 371.79 448.02 490.17 503.73 480.14 446.32 364.05 259.21 153.28 71.72 0.00 0.00 0.00
0.00 0.00 0.00 0.00 0.00 0.00 0.00 26.44 120.36 210.66 305.68 404.55 489.86 533.58 547.00 538.95 493.33 399.72 291.37 181.81 86.43 0.00 0.00 0.00
0.00 0.00 0.00 0.00 0.00 0.00 0.00 0.39 1.34 2.24 3.30 4.21 4.83 5.45 5.58 5.25 4.57 3.57 2.44 1.13 0.35 0.00 0.00 0.00
0.00 0.00 0.00 0.00 0.00 0.00 0.00 1.97 6.80 11.33 16.70 21.31 24.46 27.63 28.26 26.61 23.14 18.11 12.37 5.74 1.77 0.00 0.00 0.00
0.00 0.00 0.00 0.00 0.00 0.00 0.00 10.06 34.71 57.87 85.28 108.81 124.85 141.04 144.28 135.86 118.13 92.46 63.14 29.29 9.01 0.00 0.00 0.00
0.00 0.00 0.00 0.00 0.00 0.00 0.00 0.56 3.85 7.02 10.64 14.12 17.01 18.61 19.12 18.23 16.95 13.82 9.84 5.82 2.72 0.00 0.00 0.00
0.00 0.00 0.00 0.00 0.00 0.00 0.00 17.98 86.40 152.51 228.77 301.33 363.93 408.90 422.09 398.72 357.03 290.88 210.95 130.14 59.99 0.00 0.00 0.00
0.00 0.00 0.00 0.00 0.00 0.00 0.00 1.12 5.59 9.88 14.84 20.62 26.12 30.47 31.34 30.36 27.81 22.47 15.76 9.12 3.63 0.00 0.00 0.00
0.00 0.00 0.00 0.00 0.00 0.00 0.00 14.10 47.77 80.02 118.59 151.54 176.71 194.00 203.41 194.09 169.87 139.04 100.12 58.67 26.14 0.00 0.00 0.00
0.00 0.00 0.00 0.00 0.00 0.00 0.00 0.30 1.44 2.54 3.81 5.02 6.07 6.81 7.03 6.65 5.95 4.85 3.52 2.17 1.00 0.00 0.00 0.00
0.00 0.00 0.00 0.00 0.00 0.00 0.00 13.49 64.80 114.38 171.58 226.00 272.95 306.67 316.56 299.04 267.77 218.16 158.21 97.60 44.99 0.00 0.00 0.00
0.00 0.00 0.00 0.00 0.00 0.00 0.00 17.31 83.16 146.79 220.19 290.03 350.29 393.57 406.26 383.77 343.64 279.97 203.04 125.26 57.74 0.00 0.00 0.00
0.00 0.00 0.00 0.00 0.00 0.00 0.00 34.86 158.72 277.80 403.11 533.50 646.01 703.66 721.35 710.74 650.58 527.13 384.24 239.76 113.99 0.00 0.00 0.00
0.00 0.00 0.00 0.00 0.00 0.00 0.00 0.82 3.24 5.54 8.55 11.28 13.40 14.43 14.55 13.81 12.15 9.57 6.69 3.67 1.29 0.00 0.00 0.00
0.00 0.00 0.00 0.00 0.00 0.00 0.00 1.07 4.12 7.01 10.69 14.02 16.76 17.96 18.18 17.35 15.16 11.89 8.43 4.60 1.61 0.00 0.00 0.00
0.00 0.00 0.00 0.00 0.00 0.00 0.00 4.62 23.06 40.77 61.20 85.04 107.73 125.69 129.29 125.24 114.70 92.67 64.99 37.63 14.97 0.00 0.00 0.00
0.00 0.00 0.00 0.00 0.00 0.00 0.00 29.51 126.38 221.58 336.65 437.47 521.55 562.51 574.08 538.29 488.57 397.15 292.89 188.34 98.36 7.14 0.00 0.00
0.00 0.00 0.00 0.00 0.00 0.00 0.00 0.35 1.16 1.92 2.87 3.76 4.42 4.37 4.39 4.17 3.84 3.09 2.18 1.11 0.38 0.00 0.00 0.00
0.00 0.00 0.00 0.00 0.00 0.00 0.00 5.71 23.31 40.27 59.45 76.65 91.18 100.79 102.17 96.67 86.03 70.20 51.87 32.46 14.80 0.00 0.00 0.00
0.00 0.00 0.00 0.00 0.00 0.00 0.00 0.43 6.89 13.17 19.58 26.24 31.66 34.38 34.96 32.22 29.48 23.66 17.05 10.34 4.96 0.00 0.00 0.00
0.00 0.00 0.00 0.00 0.00 0.00 0.00 1.11 2.89 4.80 6.91 8.81 10.13 9.29 9.30 8.76 9.10 7.18 4.92 1.85 0.66 0.00 0.00 0.00
0.00 0.00 0.00 0.00 0.00 0.00 0.00 0.55 1.45 2.40 3.46 4.40 5.07 4.65 4.65 4.38 4.55 3.59 2.46 0.92 0.33 0.00 0.00 0.00
0.00 0.00 0.00 0.00 0.00 0.00 0.00 1.21 3.16 5.25 7.56 9.63 11.08 10.16 10.17 9.58 9.95 7.85 5.38 2.02 0.73 0.00 0.00 0.00
0.00 0.00 0.00 0.00 0.00 0.00 0.00 1.46 3.88 6.44 9.19 11.56 13.35 12.98 13.03 12.24 12.20 9.57 6.65 2.68 0.95 0.00 0.00 0.00
0.00 0.00 0.00 0.00 0.00 0.00 0.00 2.22 5.92 9.81 14.00 17.61 20.34 19.79 19.86 18.65 18.59 14.58 10.13 4.09 1.45 0.00 0.00 0.00
0.00 0.00 0.00 0.00 0.00 0.00 0.00 1.84 5.00 8.28 12.02 15.57 17.74 16.62 16.69 15.69 15.18 12.18 8.34 3.71 1.36 0.00 0.00 0.00
0.00 0.00 0.00 0.00 0.00 0.00 0.00 1.36 4.07 6.65 9.75 12.25 14.16 13.93 14.57 14.28 9.40 7.52 5.35 3.02 1.30 0.00 0.00 0.00
0.00 0.00 0.00 0.00 0.00 0.00 0.00 3.51 10.50 17.18 25.18 31.64 36.58 36.00 37.63 36.88 24.28 19.41 13.81 7.80 3.37 0.00 0.00 0.00
0.00 0.00 0.00 0.00 0.00 0.00 0.00 0.82 2.66 4.41 6.45 8.23 9.60 9.93 10.17 9.82 8.59 6.94 4.88 2.34 1.00 0.00 0.00 0.00
0.00 0.00 0.00 0.00 0.00 0.00 0.00 1.74 5.30 8.72 12.71 16.92 19.73 19.27 19.61 18.24 17.23 13.73 9.61 5.00 1.65 0.00 0.00 0.00
0.00 0.00 0.00 0.00 0.00 0.00 0.00 3.27 9.46 15.50 21.88 28.20 33.58 34.47 35.20 33.10 30.54 24.20 16.56 8.24 2.87 0.00 0.00 0.00
0.00 0.00 0.00 0.00 0.00 0.00 0.00 0.51 1.35 2.18 3.01 3.81 4.27 3.99 3.93 3.67 3.21 2.52 1.68 0.93 0.24 0.00 0.00 0.00
0.00 0.00 0.00 0.00 0.00 0.00 0.00 2.54 7.48 12.33 15.91 19.82 22.35 22.88 23.14 21.49 22.26 17.18 11.38 5.31 1.48 0.00 0.00 0.00
0.00 0.00 0.00 0.00 0.00 0.00 0.00 1.84 5.18 8.52 10.08 12.70 13.99 12.83 12.56 11.83 15.04 11.64 7.82 3.50 0.93 0.00 0.00 0.00
0.00 0.00 0.00 0.00 0.00 0.00 0.00 2.55 7.15 11.75 13.92 17.53 19.31 17.70 17.33 16.33 20.75 16.07 10.79 4.82 1.28 0.00 0.00 0.00
0.00 0.00 0.00 0.00 0.00 0.00 0.00 1.73 4.87 8.01 9.48 11.94 13.15 12.06 11.80 11.12 14.14 10.94 7.35 3.29 0.87 0.00 0.00 0.00
0.00 0.00 0.00 0.00 0.00 0.00 0.00 1.35 3.99 6.57 8.49 10.57 11.92 12.20 12.34 11.46 11.87 9.16 6.07 2.83 0.79 0.00 0.00 0.00
0.00 0.00 0.00 0.00 0.00 0.00 0.00 1.37 3.75 6.19 7.18 9.01 10.14 12.76 12.76 11.78 10.49 8.27 5.71 2.55 0.63 0.00 0.00 0.00
0.00 0.00 0.00 0.00 0.00 0.00 0.00 1.12 3.85 6.41 9.45 12.06 13.84 15.63 15.99 15.06 13.09 10.25 7.00 3.25 1.00 0.00 0.00 0.00
0.00 0.00 0.00 0.00 0.00 0.00 0.00 5.20 30.83 55.27 86.43 113.01 128.88 144.41 147.11 140.36 128.90 101.81 69.48 33.94 11.00 0.00 0.00 0.00
0.00 0.00 0.00 0.00 0.00 0.00 0.00 1.37 4.95 8.35 12.97 17.46 20.75 22.21 22.25 21.12 18.74 15.20 10.62 5.68 2.00 0.00 0.00 0.00
0.00 0.00 0.00 0.00 0.00 0.00 0.00 2.37 7.84 12.97 18.37 24.23 28.99 29.65 30.24 28.27 25.97 20.83 14.58 7.96 2.66 0.00 0.00 0.00
0.00 0.00 0.00 0.00 0.00 0.00 0.00 1.09 3.60 5.94 8.42 11.10 13.28 13.59 13.86 12.96 11.90 9.55 6.68 3.65 1.22 0.00 0.00 0.00
0.00 0.00 0.00 0.00 0.00 0.00 0.00 1.72 6.15 10.37 16.07 21.56 25.67 27.55 27.42 26.03 23.23 18.75 13.25 7.05 2.49 0.00 0.00 0.00
0.00 0.00 0.00 0.00 0.00 0.00 0.00 0.86 2.81 4.66 6.98 9.14 10.73 10.61 10.67 10.12 9.33 7.49 5.29 2.69 0.92 0.00 0.00 0.00
0.00 0.00 0.00 0.00 0.00 0.00 0.00 4.79 23.88 42.21 63.37 88.05 111.54 130.14 133.86 129.67 118.76 95.95 67.29 38.96 15.50 0.00 0.00 0.00
0.00 0.00 0.00 0.00 0.00 0.00 0.00 3.37 11.42 19.14 28.36 36.24 42.26 46.39 48.64 46.41 40.62 33.25 23.94 14.03 6.25 0.00 0.00 0.00
0.00 0.00 0.00 0.00 0.00 0.00 0.00 0.72 2.54 4.28 6.44 8.21 9.67 10.42 10.63 10.15 8.50 6.92 4.94 2.48 1.09 0.00 0.00 0.00
0.00 0.00 0.00 0.00 0.00 0.00 0.00 0.84 3.09 5.24 7.62 9.76 11.45 12.90 13.32 12.97 10.80 8.58 6.13 2.34 1.00 0.00 0.00 0.00
0.00 0.00 0.00 0.00 0.00 0.00 0.00 1.35 4.94 8.39 12.19 15.62 18.32 20.64 21.31 20.75 17.28 13.72 9.81 3.75 1.60 0.00 0.00 0.00
0.00 0.00 0.00 0.00 0.00 0.00 0.00 15.12 104.78 191.10 289.84 384.39 463.20 506.79 520.80 496.42 461.45 376.39 268.00 158.48 74.15 0.00 0.00 0.00
