0.00 0.00 0.00 0.00 0.00 0.00 0.00 0.00 0.00 0.14 1.25 2.12 2.88 2.84 2.97 2.71 2.06 1.45 0.68 0.00 0.00 0.00 0.00 0.00
0.00 0.00 0.00 0.00 0.00 0.00 0.00 0.00 0.00 4.22 12.24 18.80 23.91 25.03 26.14 23.53 19.31 13.16 5.58 0.00 0.00 0.00 0.00 0.00
0.00 0.00 0.00 0.00 0.00 0.00 0.00 0.00 0.00 3.20 28.61 48.53 65.78 65.05 67.94 61.94 47.06 33.21 15.44 0.00 0.00 0.00 0.00 0.00
0.00 0.00 0.00 0.00 0.00 0.00 0.00 0.00 0.00 11.38 101.69 172.47 233.78 231.19 241.46 220.12 167.26 118.01 54.88 0.00 0.00 0.00 0.00 0.00
0.00 0.00 0.00 0.00 0.00 0.00 0.00 0.00 0.00 1.77 4.86 7.26 8.95 8.70 8.70 7.59 4.63 2.98 0.96 0.00 0.00 0.00 0.00 0.00
0.00 0.00 0.00 0.00 0.00 0.00 0.00 0.00 0.00 22.29 202.73 347.88 473.15 451.53 478.15 445.21 377.67 266.07 131.86 0.00 0.00 0.00 0.00 0.00
0.00 0.00 0.00 0.00 0.00 0.00 0.00 0.00 0.00 0.67 2.62 4.04 5.19 5.86 5.89 5.28 4.06 2.63 0.85 0.00 0.00 0.00 0.00 0.00
0.00 0.00 0.00 0.00 0.00 0.00 0.00 0.00 0.00 0.50 1.09 1.67 2.11 1.90 1.95 1.76 1.35 0.92 0.37 0.00 0.00 0.00 0.00 0.00
0.00 0.00 0.00 0.00 0.00 0.00 0.00 0.00 0.00 0.80 1.74 2.67 3.38 3.04 3.13 2.81 2.16 1.46 0.60 0.00 0.00 0.00 0.00 0.00
0.00 0.00 0.00 0.00 0.00 0.00 0.00 0.00 0.00 0.80 1.74 2.67 3.38 3.04 3.13 2.81 2.16 1.46 0.60 0.00 0.00 0.00 0.00 0.00
0.00 0.00 0.00 0.00 0.00 0.00 0.00 0.00 0.00 1.57 5.68 8.70 11.35 11.09 11.31 10.22 7.06 4.82 2.02 0.00 0.00 0.00 0.00 0.00
0.00 0.00 0.00 0.00 0.00 0.00 0.00 0.00 0.00 0.76 2.70 4.12 5.36 4.99 5.11 4.62 2.96 2.02 0.85 0.00 0.00 0.00 0.00 0.00
0.00 0.00 0.00 0.00 0.00 0.00 0.00 0.00 0.00 0.97 3.47 5.29 6.90 6.42 6.57 5.94 3.81 2.60 1.09 0.00 0.00 0.00 0.00 0.00
0.00 0.00 0.00 0.00 0.00 0.00 0.00 0.00 0.00 0.65 2.31 3.53 4.60 4.28 4.38 3.96 2.54 1.73 0.73 0.00 0.00 0.00 0.00 0.00
0.00 0.00 0.00 0.00 0.00 0.00 0.00 0.00 0.00 0.65 2.31 3.53 4.60 4.28 4.38 3.96 2.54 1.73 0.73 0.00 0.00 0.00 0.00 0.00
0.00 0.00 0.00 0.00 0.00 0.00 0.00 0.00 0.00 4.95 12.51 19.85 26.22 25.21 27.01 24.72 19.05 12.87 6.19 0.00 0.00 0.00 0.00 0.00
0.00 0.00 0.00 0.00 0.00 0.00 0.00 0.00 0.00 4.72 17.12 26.14 34.55 36.92 37.28 33.12 24.14 16.36 6.64 0.00 0.00 0.00 0.00 0.00
0.00 0.00 0.00 0.00 0.00 0.00 0.00 0.00 0.00 3.59 14.13 21.84 27.96 30.71 31.64 27.96 21.37 14.51 5.89 0.00 0.00 0.00 0.00 0.00
0.00 0.00 0.00 0.00 0.00 0.00 0.00 0.00 0.00 6.58 59.80 102.61 139.56 133.19 141.04 131.32 111.40 78.48 38.90 0.00 0.00 0.00 0.00 0.00
0.00 0.00 0.00 0.00 0.00 0.00 0.00 0.00 0.00 6.25 56.88 97.61 132.76 126.69 134.16 124.91 105.96 74.65 37.00 0.00 0.00 0.00 0.00 0.00
0.00 0.00 0.00 0.00 0.00 0.00 0.00 0.00 0.00 12.03 109.39 187.70 255.30 243.63 258.00 240.22 203.78 143.56 71.15 0.00 0.00 0.00 0.00 0.00
0.00 0.00 0.00 0.00 0.00 0.00 0.00 0.00 0.00 11.83 107.56 184.58 251.04 239.57 253.70 236.22 200.38 141.17 69.96 0.00 0.00 0.00 0.00 0.00
0.00 0.00 0.00 0.00 0.00 0.00 0.00 0.00 0.00 9.91 125.52 217.37 297.63 309.16 326.73 296.84 204.81 144.08 66.16 0.00 0.00 0.00 0.00 0.00
0.00 0.00 0.00 0.00 0.00 0.00 0.00 0.00 0.00 0.50 1.09 1.67 2.11 1.90 1.95 1.76 1.35 0.92 0.37 0.00 0.00 0.00 0.00 0.00
0.00 0.00 0.00 0.00 0.00 0.00 0.00 0.00 0.00 2.52 5.51 8.45 10.71 9.62 9.90 8.90 6.85 4.64 1.89 0.00 0.00 0.00 0.00 0.00
0.00 0.00 0.00 0.00 0.00 0.00 0.00 0.00 0.00 12.87 28.13 43.14 54.67 49.12 50.53 45.46 34.99 23.68 9.65 0.00 0.00 0.00 0.00 0.00
0.00 0.00 0.00 0.00 0.00 0.00 0.00 0.00 0.00 0.45 4.08 7.01 9.53 9.10 9.63 8.97 7.61 5.36 2.66 0.00 0.00 0.00 0.00 0.00
0.00 0.00 0.00 0.00 0.00 0.00 0.00 0.00 0.00 11.20 100.10 169.78 230.13 227.59 237.69 216.69 164.66 116.17 54.02 0.00 0.00 0.00 0.00 0.00
0.00 0.00 0.00 0.00 0.00 0.00 0.00 0.00 0.00 1.83 7.75 12.34 16.09 12.40 13.15 12.03 8.86 6.23 2.91 0.00 0.00 0.00 0.00 0.00
0.00 0.00 0.00 0.00 0.00 0.00 0.00 0.00 0.00 7.04 50.37 83.54 111.64 123.09 126.12 114.80 82.71 56.43 22.92 0.00 0.00 0.00 0.00 0.00
0.00 0.00 0.00 0.00 0.00 0.00 0.00 0.00 0.00 0.19 1.67 2.83 3.84 3.79 3.96 3.61 2.74 1.94 0.90 0.00 0.00 0.00 0.00 0.00
0.00 0.00 0.00 0.00 0.00 0.00 0.00 0.00 0.00 8.40 75.08 127.34 172.60 170.69 178.27 162.52 123.49 87.13 40.52 0.00 0.00 0.00 0.00 0.00
0.00 0.00 0.00 0.00 0.00 0.00 0.00 0.00 0.00 10.78 96.35 163.41 221.50 219.05 228.78 208.57 158.48 111.81 52.00 0.00 0.00 0.00 0.00 0.00
0.00 0.00 0.00 0.00 0.00 0.00 0.00 0.00 0.00 13.07 165.53 286.66 392.50 407.70 430.87 391.46 270.10 190.01 87.25 0.00 0.00 0.00 0.00 0.00
0.00 0.00 0.00 0.00 0.00 0.00 0.00 0.00 0.00 1.16 3.98 6.09 7.92 5.72 5.97 5.48 3.91 2.69 1.17 0.00 0.00 0.00 0.00 0.00
0.00 0.00 0.00 0.00 0.00 0.00 0.00 0.00 0.00 1.44 5.06 7.74 10.07 7.87 8.26 7.53 5.00 3.43 1.48 0.00 0.00 0.00 0.00 0.00
0.00 0.00 0.00 0.00 0.00 0.00 0.00 0.00 0.00 7.54 31.98 50.89 66.37 51.14 54.23 49.60 36.54 25.68 11.98 0.00 0.00 0.00 0.00 0.00
0.00 0.00 0.00 0.00 0.00 0.00 0.00 0.00 0.00 0.00 96.45 183.13 257.91 304.09 316.52 286.72 240.38 169.28 76.58 0.00 0.00 0.00 0.00 0.00
0.00 0.00 0.00 0.00 0.00 0.00 0.00 0.00 0.00 0.38 1.35 2.06 2.67 2.92 2.99 2.66 2.00 1.35 0.53 0.00 0.00 0.00 0.00 0.00
0.00 0.00 0.00 0.00 0.00 0.00 0.00 0.00 0.00 2.92 24.35 41.00 55.83 59.33 61.53 55.73 38.21 26.59 11.77 0.00 0.00 0.00 0.00 0.00
0.00 0.00 0.00 0.00 0.00 0.00 0.00 0.00 0.00 0.57 5.53 9.72 13.52 13.08 13.95 13.17 12.70 8.86 4.67 0.00 0.00 0.00 0.00 0.00
0.00 0.00 0.00 0.00 0.00 0.00 0.00 0.00 0.00 0.82 3.12 4.77 6.04 6.79 6.89 6.00 4.78 3.07 0.94 0.00 0.00 0.00 0.00 0.00
0.00 0.00 0.00 0.00 0.00 0.00 0.00 0.00 0.00 0.41 1.56 2.38 3.02 3.39 3.44 3.00 2.39 1.53 0.47 0.00 0.00 0.00 0.00 0.00
0.00 0.00 0.00 0.00 0.00 0.00 0.00 0.00 0.00 0.89 3.41 5.22 6.61 7.42 7.53 6.56 5.22 3.35 1.03 0.00 0.00 0.00 0.00 0.00
0.00 0.00 0.00 0.00 0.00 0.00 0.00 0.00 0.00 1.09 4.04 6.17 7.85 8.90 9.06 8.00 6.22 4.02 1.28 0.00 0.00 0.00 0.00 0.00
0.00 0.00 0.00 0.00 0.00 0.00 0.00 0.00 0.00 1.66 6.16 9.40 11.97 13.56 13.81 12.19 9.49 6.12 1.95 0.00 0.00 0.00 0.00 0.00
0.00 0.00 0.00 0.00 0.00 0.00 0.00 0.00 0.00 1.34 5.30 8.16 10.52 12.06 12.10 10.92 8.34 5.42 1.79 0.00 0.00 0.00 0.00 0.00
0.00 0.00 0.00 0.00 0.00 0.00 0.00 0.00 0.00 0.66 4.06 6.62 8.75 10.13 10.22 9.16 6.77 4.52 1.67 0.00 0.00 0.00 0.00 0.00
0.00 0.00 0.00 0.00 0.00 0.00 0.00 0.00 0.00 1.71 10.48 17.11 22.59 26.16 26.41 23.67 17.48 11.68 4.32 0.00 0.00 0.00 0.00 0.00
0.00 0.00 0.00 0.00 0.00 0.00 0.00 0.00 0.00 0.45 2.71 4.41 5.97 6.79 6.97 6.16 4.44 3.00 1.18 0.00 0.00 0.00 0.00 0.00
0.00 0.00 0.00 0.00 0.00 0.00 0.00 0.00 0.00 1.83 6.13 9.22 11.71 12.98 13.48 11.76 9.09 6.04 2.26 0.00 0.00 0.00 0.00 0.00
0.00 0.00 0.00 0.00 0.00 0.00 0.00 0.00 0.00 2.77 9.97 15.16 19.35 21.91 22.23 19.95 15.48 10.20 3.63 0.00 0.00 0.00 0.00 0.00
0.00 0.00 0.00 0.00 0.00 0.00 0.00 0.00 0.00 0.54 1.53 2.26 2.75 2.90 2.98 2.63 2.01 1.29 0.41 0.00 0.00 0.00 0.00 0.00
0.00 0.00 0.00 0.00 0.00 0.00 0.00 0.00 0.00 2.87 8.30 12.54 15.41 13.01 13.42 12.03 8.43 5.55 2.01 0.00 0.00 0.00 0.00 0.00
0.00 0.00 0.00 0.00 0.00 0.00 0.00 0.00 0.00 1.93 5.53 8.41 10.43 9.75 9.95 8.86 5.66 3.68 1.26 0.00 0.00 0.00 0.00 0.00
0.00 0.00 0.00 0.00 0.00 0.00 0.00 0.00 0.00 2.67 7.64 11.60 14.39 13.46 13.73 12.23 7.81 5.08 1.74 0.00 0.00 0.00 0.00 0.00
0.00 0.00 0.00 0.00 0.00 0.00 0.00 0.00 0.00 1.82 5.20 7.90 9.80 9.17 9.35 8.33 5.32 3.46 1.19 0.00 0.00 0.00 0.00 0.00
0.00 0.00 0.00 0.00 0.00 0.00 0.00 0.00 0.00 1.53 4.42 6.69 8.22 6.94 7.16 6.41 4.50 2.96 1.07 0.00 0.00 0.00 0.00 0.00
0.00 0.00 0.00 0.00 0.00 0.00 0.00 0.00 0.00 1.53 4.25 6.31 7.91 7.03 7.05 6.18 4.12 2.66 0.88 0.00 0.00 0.00 0.00 0.00
0.00 0.00 0.00 0.00 0.00 0.00 0.00 0.00 0.00 1.43 3.12 4.78 6.06 5.44 5.60 5.04 3.88 2.62 1.07 0.00 0.00 0.00 0.00 0.00
0.00 0.00 0.00 0.00 0.00 0.00 0.00 0.00 0.00 6.44 16.28 25.84 34.12 32.82 35.16 32.17 24.79 16.76 8.06 0.00 0.00 0.00 0.00 0.00
0.00 0.00 0.00 0.00 0.00 0.00 0.00 0.00 0.00 1.78 6.44 9.85 12.86 12.56 12.82 11.58 8.00 5.46 2.29 0.00 0.00 0.00 0.00 0.00
0.00 0.00 0.00 0.00 0.00 0.00 0.00 0.00 0.00 2.93 9.85 14.87 19.46 19.82 19.96 17.84 11.20 7.55 3.01 0.00 0.00 0.00 0.00 0.00
0.00 0.00 0.00 0.00 0.00 0.00 0.00 0.00 0.00 1.34 4.51 6.81 8.92 9.09 9.15 8.18 5.13 3.46 1.38 0.00 0.00 0.00 0.00 0.00
0.00 0.00 0.00 0.00 0.00 0.00 0.00 0.00 0.00 2.19 7.97 12.22 15.90 16.09 16.44 14.72 10.52 7.18 2.99 0.00 0.00 0.00 0.00 0.00
0.00 0.00 0.00 0.00 0.00 0.00 0.00 0.00 0.00 0.91 3.29 5.00 6.50 7.09 7.26 6.45 4.87 3.28 1.29 0.00 0.00 0.00 0.00 0.00
0.00 0.00 0.00 0.00 0.00 0.00 0.00 0.00 0.00 7.81 33.11 52.69 68.71 52.95 56.15 51.36 37.83 26.59 12.41 0.00 0.00 0.00 0.00 0.00
0.00 0.00 0.00 0.00 0.00 0.00 0.00 0.00 0.00 1.68 12.04 19.98 26.70 29.43 30.16 27.45 19.78 13.49 5.48 0.00 0.00 0.00 0.00 0.00
0.00 0.00 0.00 0.00 0.00 0.00 0.00 0.00 0.00 0.40 2.70 4.46 6.03 6.68 6.72 6.18 4.33 2.96 1.23 0.00 0.00 0.00 0.00 0.00
0.00 0.00 0.00 0.00 0.00 0.00 0.00 0.00 0.00 0.56 3.32 5.42 7.16 8.09 8.31 7.59 5.62 3.86 1.63 0.00 0.00 0.00 0.00 0.00
0.00 0.00 0.00 0.00 0.00 0.00 0.00 0.00 0.00 0.89 5.30 8.67 11.46 12.94 13.30 12.15 8.99 6.18 2.61 0.00 0.00 0.00 0.00 0.00
0.00 0.00 0.00 0.00 0.00 0.00 0.00 0.00 0.00 12.23 111.21 190.83 259.55 247.69 262.30 244.22 207.17 145.96 72.34 0.00 0.00 0.00 0.00 0.00
