0.00 0.00 0.00 0.00 0.00 0.00 0.00 0.00 0.00 0.12 1.11 1.90 2.73 2.90 3.04 2.87 1.69 1.15 0.60 0.00 0.00 0.00 0.00 0.00
0.00 0.00 0.00 0.00 0.00 0.00 0.00 0.00 0.00 8.09 25.33 38.60 50.70 48.59 49.07 46.80 30.42 20.77 9.94 0.00 0.00 0.00 0.00 0.00
0.00 0.00 0.00 0.00 0.00 0.00 0.00 0.00 0.00 2.72 25.32 43.54 62.36 66.29 69.48 65.72 38.75 26.40 13.66 0.00 0.00 0.00 0.00 0.00
0.00 0.00 0.00 0.00 0.00 0.00 0.00 0.00 0.00 9.66 89.98 154.75 221.62 235.58 246.91 233.55 137.73 93.84 48.55 0.00 0.00 0.00 0.00 0.00
0.00 0.00 0.00 0.00 0.00 0.00 0.00 0.00 0.00 1.46 4.26 6.34 8.21 9.55 9.68 8.75 7.08 4.73 1.88 0.00 0.00 0.00 0.00 0.00
0.00 0.00 0.00 0.00 0.00 0.00 0.00 0.00 0.00 18.54 211.31 366.84 530.52 463.58 487.76 458.75 408.38 282.55 153.35 2.26 0.00 0.00 0.00 0.00
0.00 0.00 0.00 0.00 0.00 0.00 0.00 0.00 0.00 0.52 2.20 3.44 4.65 5.65 5.77 5.26 4.15 2.81 1.13 0.00 0.00 0.00 0.00 0.00
0.00 0.00 0.00 0.00 0.00 0.00 0.00 0.00 0.00 0.43 1.40 2.12 2.79 3.29 3.44 3.22 2.28 1.56 0.73 0.00 0.00 0.00 0.00 0.00
0.00 0.00 0.00 0.00 0.00 0.00 0.00 0.00 0.00 0.68 2.23 3.39 4.46 5.27 5.50 5.15 3.65 2.49 1.16 0.00 0.00 0.00 0.00 0.00
0.00 0.00 0.00 0.00 0.00 0.00 0.00 0.00 0.00 0.68 2.23 3.39 4.46 5.27 5.50 5.15 3.65 2.49 1.16 0.00 0.00 0.00 0.00 0.00
0.00 0.00 0.00 0.00 0.00 0.00 0.00 0.00 0.00 1.32 5.03 7.81 10.68 12.56 13.12 12.44 9.33 6.52 3.10 0.00 0.00 0.00 0.00 0.00
0.00 0.00 0.00 0.00 0.00 0.00 0.00 0.00 0.00 0.63 2.35 3.64 5.05 6.02 6.22 5.88 4.38 3.01 1.43 0.00 0.00 0.00 0.00 0.00
0.00 0.00 0.00 0.00 0.00 0.00 0.00 0.00 0.00 0.81 3.02 4.68 6.49 7.74 8.00 7.56 5.63 3.87 1.84 0.00 0.00 0.00 0.00 0.00
0.00 0.00 0.00 0.00 0.00 0.00 0.00 0.00 0.00 0.54 2.01 3.12 4.33 5.16 5.33 5.04 3.75 2.58 1.23 0.00 0.00 0.00 0.00 0.00
0.00 0.00 0.00 0.00 0.00 0.00 0.00 0.00 0.00 0.54 2.01 3.12 4.33 5.16 5.33 5.04 3.75 2.58 1.23 0.00 0.00 0.00 0.00 0.00
0.00 0.00 0.00 0.00 0.00 0.00 0.00 0.00 0.00 4.13 18.17 28.19 39.84 55.81 58.43 55.94 48.03 33.07 17.39 0.00 0.00 0.00 0.00 0.00
0.00 0.00 0.00 0.00 0.00 0.00 0.00 0.00 0.00 4.16 15.71 24.32 32.68 38.13 39.88 37.49 30.97 21.11 9.85 0.00 0.00 0.00 0.00 0.00
0.00 0.00 0.00 0.00 0.00 0.00 0.00 0.00 0.00 3.34 13.58 21.30 28.61 33.75 34.71 32.56 26.09 18.18 8.49 0.00 0.00 0.00 0.00 0.00
0.00 0.00 0.00 0.00 0.00 0.00 0.00 0.00 0.00 5.47 62.33 108.21 156.48 136.74 143.87 135.31 120.46 83.34 45.23 0.67 0.00 0.00 0.00 0.00
0.00 0.00 0.00 0.00 0.00 0.00 0.00 0.00 0.00 5.20 59.29 102.93 148.85 130.07 136.85 128.71 114.58 79.28 43.03 0.63 0.00 0.00 0.00 0.00
0.00 0.00 0.00 0.00 0.00 0.00 0.00 0.00 0.00 10.00 114.02 197.94 286.25 250.13 263.18 247.53 220.35 152.46 82.74 1.22 0.00 0.00 0.00 0.00
0.00 0.00 0.00 0.00 0.00 0.00 0.00 0.00 0.00 9.84 112.12 194.64 281.48 245.96 258.79 243.40 216.68 149.92 81.37 1.20 0.00 0.00 0.00 0.00
0.00 0.00 0.00 0.00 0.00 0.00 0.00 0.00 0.00 8.49 75.04 131.86 188.42 188.89 196.87 185.27 157.08 107.35 55.08 0.00 0.00 0.00 0.00 0.00
0.00 0.00 0.00 0.00 0.00 0.00 0.00 0.00 0.00 0.43 1.40 2.12 2.79 3.29 3.44 3.22 2.28 1.56 0.73 0.00 0.00 0.00 0.00 0.00
0.00 0.00 0.00 0.00 0.00 0.00 0.00 0.00 0.00 2.16 7.07 10.75 14.13 16.69 17.43 16.31 11.56 7.88 3.67 0.00 0.00 0.00 0.00 0.00
0.00 0.00 0.00 0.00 0.00 0.00 0.00 0.00 0.00 11.02 36.11 54.87 72.15 85.22 88.99 83.25 59.00 40.25 18.76 0.00 0.00 0.00 0.00 0.00
0.00 0.00 0.00 0.00 0.00 0.00 0.00 0.00 0.00 0.37 4.26 7.39 10.69 9.34 9.83 9.24 8.23 5.69 3.09 0.05 0.00 0.00 0.00 0.00
0.00 0.00 0.00 0.00 0.00 0.00 0.00 0.00 0.00 9.51 88.58 152.34 218.17 231.91 243.06 229.91 135.58 92.37 47.79 0.00 0.00 0.00 0.00 0.00
0.00 0.00 0.00 0.00 0.00 0.00 0.00 0.00 0.00 1.56 6.41 10.35 14.13 11.87 12.82 12.33 11.18 8.26 4.26 0.00 0.00 0.00 0.00 0.00
0.00 0.00 0.00 0.00 0.00 0.00 0.00 0.00 0.00 6.26 42.60 71.72 100.57 93.91 96.18 89.68 71.94 50.18 23.54 0.00 0.00 0.00 0.00 0.00
0.00 0.00 0.00 0.00 0.00 0.00 0.00 0.00 0.00 0.16 1.48 2.54 3.64 3.87 4.05 3.83 2.26 1.54 0.80 0.00 0.00 0.00 0.00 0.00
0.00 0.00 0.00 0.00 0.00 0.00 0.00 0.00 0.00 7.13 66.44 114.25 163.63 173.93 182.30 172.43 101.68 69.28 35.84 0.00 0.00 0.00 0.00 0.00
0.00 0.00 0.00 0.00 0.00 0.00 0.00 0.00 0.00 9.15 85.26 146.62 209.99 223.21 233.95 221.29 130.49 88.91 46.00 0.00 0.00 0.00 0.00 0.00
0.00 0.00 0.00 0.00 0.00 0.00 0.00 0.00 0.00 11.19 98.96 173.89 248.48 249.10 259.62 244.32 207.15 141.57 72.63 0.00 0.00 0.00 0.00 0.00
0.00 0.00 0.00 0.00 0.00 0.00 0.00 0.00 0.00 0.93 3.51 5.46 7.66 7.99 8.55 8.00 4.97 3.41 1.67 0.00 0.00 0.00 0.00 0.00
0.00 0.00 0.00 0.00 0.00 0.00 0.00 0.00 0.00 1.18 4.44 6.89 9.69 10.89 11.55 10.87 6.70 4.59 2.23 0.00 0.00 0.00 0.00 0.00
0.00 0.00 0.00 0.00 0.00 0.00 0.00 0.00 0.00 6.44 26.46 42.68 58.31 48.97 52.87 50.87 46.11 34.06 17.59 0.00 0.00 0.00 0.00 0.00
0.00 0.00 0.00 0.00 0.00 0.00 0.00 0.00 0.00 0.00 75.31 144.07 205.11 200.57 215.22 204.15 163.63 113.11 57.70 0.00 0.00 0.00 0.00 0.00
0.00 0.00 0.00 0.00 0.00 0.00 0.00 0.00 0.00 0.34 1.23 1.90 2.57 2.98 3.09 2.91 2.40 1.65 0.75 0.00 0.00 0.00 0.00 0.00
0.00 0.00 0.00 0.00 0.00 0.00 0.00 0.00 0.00 2.66 21.04 35.93 50.98 49.34 50.72 47.21 35.37 24.44 12.20 0.00 0.00 0.00 0.00 0.00
0.00 0.00 0.00 0.00 0.00 0.00 0.00 0.00 0.00 0.45 7.72 13.73 19.89 24.50 26.42 24.81 20.24 14.42 8.23 0.36 0.00 0.00 0.00 0.00
0.00 0.00 0.00 0.00 0.00 0.00 0.00 0.00 0.00 0.64 2.53 3.94 5.28 6.44 6.43 5.88 4.55 3.05 1.19 0.00 0.00 0.00 0.00 0.00
0.00 0.00 0.00 0.00 0.00 0.00 0.00 0.00 0.00 0.32 1.27 1.97 2.64 3.22 3.22 2.94 2.27 1.53 0.59 0.00 0.00 0.00 0.00 0.00
0.00 0.00 0.00 0.00 0.00 0.00 0.00 0.00 0.00 0.70 2.77 4.30 5.78 7.04 7.04 6.43 4.98 3.34 1.30 0.00 0.00 0.00 0.00 0.00
0.00 0.00 0.00 0.00 0.00 0.00 0.00 0.00 0.00 0.89 3.40 5.27 7.00 8.57 8.68 8.05 6.17 4.16 1.66 0.00 0.00 0.00 0.00 0.00
0.00 0.00 0.00 0.00 0.00 0.00 0.00 0.00 0.00 1.36 5.18 8.03 10.67 13.06 13.23 12.27 9.41 6.34 2.52 0.00 0.00 0.00 0.00 0.00
0.00 0.00 0.00 0.00 0.00 0.00 0.00 0.00 0.00 1.07 4.52 7.06 9.68 11.68 11.71 10.65 8.47 5.73 2.33 0.00 0.00 0.00 0.00 0.00
0.00 0.00 0.00 0.00 0.00 0.00 0.00 0.00 0.00 0.55 3.19 5.29 7.35 8.19 8.30 7.84 4.68 3.22 1.42 0.00 0.00 0.00 0.00 0.00
0.00 0.00 0.00 0.00 0.00 0.00 0.00 0.00 0.00 1.42 8.25 13.68 18.99 21.15 21.44 20.25 12.10 8.31 3.66 0.00 0.00 0.00 0.00 0.00
0.00 0.00 0.00 0.00 0.00 0.00 0.00 0.00 0.00 0.42 2.45 4.05 5.59 6.02 6.10 5.75 4.12 2.86 1.31 0.00 0.00 0.00 0.00 0.00
0.00 0.00 0.00 0.00 0.00 0.00 0.00 0.00 0.00 1.59 5.55 8.48 11.24 13.16 13.53 12.71 10.29 7.05 3.10 0.00 0.00 0.00 0.00 0.00
0.00 0.00 0.00 0.00 0.00 0.00 0.00 0.00 0.00 2.38 8.87 13.69 18.64 22.21 22.75 20.84 16.94 11.60 4.95 0.00 0.00 0.00 0.00 0.00
0.00 0.00 0.00 0.00 0.00 0.00 0.00 0.00 0.00 0.42 1.25 1.85 2.38 2.85 2.87 2.63 2.18 1.46 0.58 0.00 0.00 0.00 0.00 0.00
0.00 0.00 0.00 0.00 0.00 0.00 0.00 0.00 0.00 2.34 7.21 10.81 14.32 17.08 17.16 15.69 12.53 8.52 3.66 0.00 0.00 0.00 0.00 0.00
0.00 0.00 0.00 0.00 0.00 0.00 0.00 0.00 0.00 1.55 5.00 7.51 9.78 11.45 11.54 10.53 8.41 5.64 2.34 0.00 0.00 0.00 0.00 0.00
0.00 0.00 0.00 0.00 0.00 0.00 0.00 0.00 0.00 2.14 6.90 10.36 13.50 15.80 15.92 14.54 11.61 7.79 3.23 0.00 0.00 0.00 0.00 0.00
0.00 0.00 0.00 0.00 0.00 0.00 0.00 0.00 0.00 1.46 4.70 7.06 9.20 10.76 10.84 9.90 7.91 5.30 2.20 0.00 0.00 0.00 0.00 0.00
0.00 0.00 0.00 0.00 0.00 0.00 0.00 0.00 0.00 1.25 3.85 5.76 7.64 9.11 9.15 8.37 6.68 4.55 1.95 0.00 0.00 0.00 0.00 0.00
0.00 0.00 0.00 0.00 0.00 0.00 0.00 0.00 0.00 1.35 3.93 5.88 7.47 8.65 8.84 8.02 6.44 4.32 1.75 0.00 0.00 0.00 0.00 0.00
0.00 0.00 0.00 0.00 0.00 0.00 0.00 0.00 0.00 1.22 4.00 6.08 8.00 9.44 9.86 9.23 6.54 4.46 2.08 0.00 0.00 0.00 0.00 0.00
0.00 0.00 0.00 0.00 0.00 0.00 0.00 0.00 0.00 5.38 23.65 36.69 51.86 72.64 76.06 72.81 62.52 43.04 22.63 0.00 0.00 0.00 0.00 0.00
0.00 0.00 0.00 0.00 0.00 0.00 0.00 0.00 0.00 1.49 5.70 8.85 12.10 14.24 14.87 14.10 10.58 7.38 3.52 0.00 0.00 0.00 0.00 0.00
0.00 0.00 0.00 0.00 0.00 0.00 0.00 0.00 0.00 2.43 8.56 13.13 18.04 21.43 21.93 20.70 16.77 11.56 5.32 0.00 0.00 0.00 0.00 0.00
0.00 0.00 0.00 0.00 0.00 0.00 0.00 0.00 0.00 1.12 3.93 6.02 8.27 9.82 10.05 9.49 7.69 5.30 2.44 0.00 0.00 0.00 0.00 0.00
0.00 0.00 0.00 0.00 0.00 0.00 0.00 0.00 0.00 1.85 7.11 11.04 14.99 17.57 18.29 17.34 13.51 9.49 4.51 0.00 0.00 0.00 0.00 0.00
0.00 0.00 0.00 0.00 0.00 0.00 0.00 0.00 0.00 0.81 2.99 4.61 6.24 7.23 7.50 7.07 5.82 4.01 1.83 0.00 0.00 0.00 0.00 0.00
0.00 0.00 0.00 0.00 0.00 0.00 0.00 0.00 0.00 6.67 27.40 44.19 60.37 50.70 54.74 52.67 47.74 35.26 18.21 0.00 0.00 0.00 0.00 0.00
0.00 0.00 0.00 0.00 0.00 0.00 0.00 0.00 0.00 1.50 10.19 17.15 24.05 22.46 23.00 21.45 17.20 12.00 5.63 0.00 0.00 0.00 0.00 0.00
0.00 0.00 0.00 0.00 0.00 0.00 0.00 0.00 0.00 0.36 2.46 4.12 5.75 6.17 6.29 5.85 4.52 3.15 1.50 0.00 0.00 0.00 0.00 0.00
0.00 0.00 0.00 0.00 0.00 0.00 0.00 0.00 0.00 0.51 3.16 5.23 7.27 8.84 9.17 8.56 6.95 4.81 2.32 0.00 0.00 0.00 0.00 0.00
0.00 0.00 0.00 0.00 0.00 0.00 0.00 0.00 0.00 0.82 5.05 8.37 11.63 14.14 14.67 13.70 11.11 7.69 3.71 0.00 0.00 0.00 0.00 0.00
0.00 0.00 0.00 0.00 0.00 0.00 0.00 0.00 0.00 10.17 115.92 201.24 291.02 254.30 267.57 251.65 224.02 155.00 84.12 1.24 0.00 0.00 0.00 0.00
