0.00 0.00 0.00 0.00 0.00 0.00 0.00 0.01 1.02 1.99 3.14 4.15 4.86 5.38 5.55 5.36 4.87 4.01 2.87 1.65 0.70 0.00 0.00 0.00
0.00 0.00 0.00 0.00 0.00 0.00 0.00 2.31 19.98 36.76 55.67 72.12 83.39 91.86 93.10 88.23 74.43 58.63 39.47 17.10 4.22 0.00 0.00 0.00
0.00 0.00 0.00 0.00 0.00 0.00 0.00 0.13 23.26 45.54 71.79 94.79 111.06 122.94 126.99 122.56 111.37 91.72 65.53 37.63 16.02 0.00 0.00 0.00
0.00 0.00 0.00 0.00 0.00 0.00 0.00 0.45 82.65 161.84 255.13 336.87 394.71 436.93 451.30 435.57 395.81 325.97 232.89 133.73 56.95 0.00 0.00 0.00
0.00 0.00 0.00 0.00 0.00 0.00 0.00 1.09 4.19 7.07 10.15 12.72 14.40 16.45 16.45 15.44 12.54 9.76 6.37 2.48 0.46 0.00 0.00 0.00
0.00 0.00 0.00 0.00 0.00 0.00 0.00 0.00 167.24 343.89 544.61 723.90 852.14 949.02 981.91 970.18 907.54 748.67 545.17 319.22 138.77 0.00 0.00 0.00
0.00 0.00 0.00 0.00 0.00 0.00 0.00 0.64 2.62 4.49 6.60 8.35 9.59 10.07 10.06 9.63 8.79 7.06 4.85 2.39 0.76 0.00 0.00 0.00
0.00 0.00 0.00 0.00 0.00 0.00 0.00 0.18 1.24 2.22 3.39 4.42 5.11 5.89 5.92 5.58 4.85 3.89 2.61 1.18 0.31 0.00 0.00 0.00
0.00 0.00 0.00 0.00 0.00 0.00 0.00 0.29 1.98 3.55 5.43 7.08 8.18 9.43 9.47 8.92 7.76 6.22 4.18 1.89 0.50 0.00 0.00 0.00
0.00 0.00 0.00 0.00 0.00 0.00 0.00 0.29 1.98 3.55 5.43 7.08 8.18 9.43 9.47 8.92 7.76 6.22 4.18 1.89 0.50 0.00 0.00 0.00
0.00 0.00 0.00 0.00 0.00 0.00 0.00 0.57 4.64 8.49 13.18 17.56 20.43 22.41 22.61 21.43 19.39 15.32 10.42 5.32 1.66 0.00 0.00 0.00
0.00 0.00 0.00 0.00 0.00 0.00 0.00 0.27 2.18 3.98 6.22 8.23 9.57 10.59 10.76 10.19 9.22 7.29 4.92 2.47 0.76 0.00 0.00 0.00
0.00 0.00 0.00 0.00 0.00 0.00 0.00 0.34 2.80 5.11 8.00 10.58 12.31 13.62 13.83 13.10 11.85 9.37 6.33 3.18 0.98 0.00 0.00 0.00
0.00 0.00 0.00 0.00 0.00 0.00 0.00 0.23 1.86 3.41 5.33 7.05 8.20 9.08 9.22 8.74 7.90 6.25 4.22 2.12 0.66 0.00 0.00 0.00
0.00 0.00 0.00 0.00 0.00 0.00 0.00 0.23 1.86 3.41 5.33 7.05 8.20 9.08 9.22 8.74 7.90 6.25 4.22 2.12 0.66 0.00 0.00 0.00
0.00 0.00 0.00 0.00 0.00 0.00 0.00 0.00 21.83 43.21 68.25 88.97 103.71 116.50 118.19 112.50 102.41 79.56 54.75 26.83 7.78 0.00 0.00 0.00
0.00 0.00 0.00 0.00 0.00 0.00 0.00 2.09 14.49 26.23 40.53 53.57 62.96 67.97 67.34 62.88 57.51 45.52 31.05 15.60 4.81 0.00 0.00 0.00
0.00 0.00 0.00 0.00 0.00 0.00 0.00 1.82 12.75 23.14 34.20 44.73 52.58 56.75 56.33 52.34 48.41 38.59 26.25 13.68 4.49 0.00 0.00 0.00
0.00 0.00 0.00 0.00 0.00 0.00 0.00 0.00 49.33 101.43 160.64 213.52 251.35 279.93 289.63 286.17 267.69 220.83 160.81 94.16 40.93 0.00 0.00 0.00
0.00 0.00 0.00 0.00 0.00 0.00 0.00 0.00 46.92 96.49 152.80 203.11 239.09 266.27 275.50 272.21 254.63 210.06 152.96 89.57 38.93 0.00 0.00 0.00
0.00 0.00 0.00 0.00 0.00 0.00 0.00 0.00 90.24 185.55 293.85 390.59 459.79 512.06 529.81 523.48 489.68 403.96 294.16 172.24 74.87 0.00 0.00 0.00
0.00 0.00 0.00 0.00 0.00 0.00 0.00 0.00 88.73 182.46 288.95 384.08 452.13 503.53 520.98 514.75 481.52 397.23 289.25 169.37 73.63 0.00 0.00 0.00
0.00 0.00 0.00 0.00 0.00 0.00 0.00 1.79 107.20 208.79 325.87 433.94 513.86 557.65 575.02 557.98 511.89 420.79 304.34 174.41 76.94 0.00 0.00 0.00
0.00 0.00 0.00 0.00 0.00 0.00 0.00 0.18 1.24 2.22 3.39 4.42 5.11 5.89 5.92 5.58 4.85 3.89 2.61 1.18 0.31 0.00 0.00 0.00
0.00 0.00 0.00 0.00 0.00 0.00 0.00 0.91 6.26 11.25 17.19 22.41 25.90 29.86 29.98 28.25 24.58 19.71 13.24 5.98 1.58 0.00 0.00 0.00
0.00 0.00 0.00 0.00 0.00 0.00 0.00 4.66 31.96 57.43 87.74 114.42 132.21 152.44 153.03 144.23 125.50 100.60 67.57 30.53 8.06 0.00 0.00 0.00
0.00 0.00 0.00 0.00 0.00 0.00 0.00 0.00 3.37 6.93 10.97 14.58 17.17 19.12 19.78 19.54 18.28 15.08 10.98 6.43 2.80 0.00 0.00 0.00
0.00 0.00 0.00 0.00 0.00 0.00 0.00 0.44 81.36 159.32 251.15 331.62 388.56 430.12 444.26 428.78 389.64 320.89 229.26 131.64 56.06 0.00 0.00 0.00
0.00 0.00 0.00 0.00 0.00 0.00 0.00 0.06 6.17 12.03 18.99 26.13 31.54 34.67 34.79 33.16 30.45 24.59 16.98 10.11 3.68 0.00 0.00 0.00
0.00 0.00 0.00 0.00 0.00 0.00 0.00 6.12 46.45 85.02 131.78 172.15 200.92 212.30 215.82 203.85 186.60 153.24 109.47 60.34 24.51 0.00 0.00 0.00
0.00 0.00 0.00 0.00 0.00 0.00 0.00 0.01 1.36 2.66 4.19 5.53 6.48 7.17 7.40 7.15 6.49 5.35 3.82 2.19 0.93 0.00 0.00 0.00
0.00 0.00 0.00 0.00 0.00 0.00 0.00 0.33 61.02 119.49 188.36 248.71 291.42 322.59 333.20 321.59 292.23 240.67 171.95 98.73 42.04 0.00 0.00 0.00
0.00 0.00 0.00 0.00 0.00 0.00 0.00 0.42 78.31 153.35 241.73 319.18 373.99 413.99 427.60 412.70 375.03 308.86 220.67 126.70 53.96 0.00 0.00 0.00
0.00 0.00 0.00 0.00 0.00 0.00 0.00 2.36 141.37 275.35 429.74 572.26 677.66 735.40 758.30 735.84 675.05 554.92 401.35 230.00 101.46 0.00 0.00 0.00
0.00 0.00 0.00 0.00 0.00 0.00 0.00 0.30 3.28 6.10 9.69 12.75 15.06 16.59 16.69 15.54 14.41 11.48 7.81 3.98 1.25 0.00 0.00 0.00
0.00 0.00 0.00 0.00 0.00 0.00 0.00 0.41 4.13 7.64 12.21 16.10 18.81 20.78 20.91 19.61 18.00 14.31 9.79 4.98 1.56 0.00 0.00 0.00
0.00 0.00 0.00 0.00 0.00 0.00 0.00 0.24 25.46 49.62 78.34 107.78 130.09 143.01 143.49 136.78 125.61 101.45 70.06 41.69 15.19 0.00 0.00 0.00
0.00 0.00 0.00 0.00 0.00 0.00 0.00 2.52 101.41 198.14 303.57 411.78 497.32 548.46 560.93 536.22 490.63 405.71 292.70 174.75 85.46 0.00 0.00 0.00
0.00 0.00 0.00 0.00 0.00 0.00 0.00 0.19 1.19 2.13 3.20 4.22 4.93 5.40 5.37 4.96 4.51 3.57 2.43 1.19 0.36 0.00 0.00 0.00
0.00 0.00 0.00 0.00 0.00 0.00 0.00 1.30 21.81 41.52 64.31 85.28 99.30 107.26 109.43 104.61 96.27 79.36 56.31 31.79 13.32 0.00 0.00 0.00
0.00 0.00 0.00 0.00 0.00 0.00 0.00 0.00 5.42 11.88 19.05 25.97 30.93 33.93 34.74 33.58 30.87 25.51 18.59 11.28 5.08 0.00 0.00 0.00
0.00 0.00 0.00 0.00 0.00 0.00 0.00 0.80 3.04 5.15 7.56 9.63 10.93 11.64 11.49 10.95 9.95 7.86 5.45 2.64 0.82 0.00 0.00 0.00
0.00 0.00 0.00 0.00 0.00 0.00 0.00 0.40 1.52 2.58 3.78 4.81 5.47 5.82 5.75 5.47 4.97 3.93 2.73 1.32 0.41 0.00 0.00 0.00
0.00 0.00 0.00 0.00 0.00 0.00 0.00 0.87 3.32 5.64 8.27 10.53 11.96 12.73 12.57 11.97 10.88 8.60 5.96 2.89 0.90 0.00 0.00 0.00
0.00 0.00 0.00 0.00 0.00 0.00 0.00 1.03 4.05 6.90 10.04 12.79 14.62 15.33 15.08 14.36 13.08 10.48 7.19 3.43 1.05 0.00 0.00 0.00
0.00 0.00 0.00 0.00 0.00 0.00 0.00 1.56 6.17 10.52 15.29 19.49 22.28 23.37 22.97 21.87 19.93 15.97 10.96 5.23 1.60 0.00 0.00 0.00
0.00 0.00 0.00 0.00 0.00 0.00 0.00 1.30 5.37 9.23 13.53 16.97 19.56 20.58 20.63 19.57 17.80 14.10 9.82 4.89 1.57 0.00 0.00 0.00
0.00 0.00 0.00 0.00 0.00 0.00 0.00 0.74 3.94 6.99 10.55 13.93 16.25 17.16 17.17 16.42 14.91 12.00 8.46 4.71 1.84 0.00 0.00 0.00
0.00 0.00 0.00 0.00 0.00 0.00 0.00 1.90 10.17 18.07 27.26 35.99 41.99 44.33 44.36 42.41 38.51 31.01 21.86 12.17 4.76 0.00 0.00 0.00
0.00 0.00 0.00 0.00 0.00 0.00 0.00 0.41 2.64 4.77 7.33 9.58 11.19 11.82 11.75 11.10 10.18 8.19 5.79 3.24 1.26 0.00 0.00 0.00
0.00 0.00 0.00 0.00 0.00 0.00 0.00 1.05 5.41 9.49 14.27 18.54 21.34 23.38 23.24 21.69 19.90 15.98 10.93 5.07 1.44 0.00 0.00 0.00
0.00 0.00 0.00 0.00 0.00 0.00 0.00 2.06 9.58 16.67 24.58 31.60 36.37 38.61 39.00 36.49 33.34 26.25 17.82 8.51 2.58 0.00 0.00 0.00
0.00 0.00 0.00 0.00 0.00 0.00 0.00 0.35 1.34 2.26 3.28 4.09 4.56 5.18 5.12 4.74 4.24 3.33 2.24 0.91 0.18 0.00 0.00 0.00
0.00 0.00 0.00 0.00 0.00 0.00 0.00 1.51 7.04 12.17 18.08 23.00 25.93 29.73 29.26 27.46 24.02 19.25 13.08 5.66 1.30 0.00 0.00 0.00
0.00 0.00 0.00 0.00 0.00 0.00 0.00 1.16 4.91 8.38 12.25 15.40 17.23 19.73 19.26 18.45 15.94 12.68 8.56 3.67 0.78 0.00 0.00 0.00
0.00 0.00 0.00 0.00 0.00 0.00 0.00 1.61 6.77 11.56 16.90 21.25 23.78 27.23 26.58 25.46 22.00 17.50 11.81 5.06 1.08 0.00 0.00 0.00
0.00 0.00 0.00 0.00 0.00 0.00 0.00 1.09 4.61 7.87 11.51 14.48 16.20 18.55 18.10 17.35 14.99 11.92 8.05 3.45 0.73 0.00 0.00 0.00
0.00 0.00 0.00 0.00 0.00 0.00 0.00 0.80 3.75 6.49 9.64 12.26 13.83 15.85 15.60 14.65 12.81 10.27 6.97 3.02 0.69 0.00 0.00 0.00
0.00 0.00 0.00 0.00 0.00 0.00 0.00 0.91 3.64 6.17 9.07 11.38 12.82 14.84 14.90 14.13 11.63 9.11 5.97 2.46 0.47 0.00 0.00 0.00
0.00 0.00 0.00 0.00 0.00 0.00 0.00 0.52 3.54 6.36 9.72 12.68 14.65 16.89 16.96 15.98 13.91 11.15 7.49 3.38 0.89 0.00 0.00 0.00
0.00 0.00 0.00 0.00 0.00 0.00 0.00 0.00 28.41 56.24 88.83 115.80 134.99 151.63 153.84 146.43 133.29 103.55 71.27 34.92 10.13 0.00 0.00 0.00
0.00 0.00 0.00 0.00 0.00 0.00 0.00 0.64 5.25 9.62 14.93 19.91 23.16 25.40 25.63 24.29 21.97 17.36 11.80 6.02 1.89 0.00 0.00 0.00
0.00 0.00 0.00 0.00 0.00 0.00 0.00 1.30 8.26 14.75 22.20 29.03 33.94 37.89 37.57 35.13 32.06 25.03 16.97 8.06 2.35 0.00 0.00 0.00
0.00 0.00 0.00 0.00 0.00 0.00 0.00 0.60 3.78 6.76 10.18 13.30 15.56 17.37 17.22 16.10 14.69 11.47 7.78 3.69 1.08 0.00 0.00 0.00
0.00 0.00 0.00 0.00 0.00 0.00 0.00 0.82 6.60 12.07 18.54 24.68 28.77 31.30 31.53 29.79 26.99 21.35 14.50 7.42 2.33 0.00 0.00 0.00
0.00 0.00 0.00 0.00 0.00 0.00 0.00 0.47 2.89 5.18 7.77 10.25 11.98 13.12 13.03 12.05 10.94 8.66 5.91 2.90 0.87 0.00 0.00 0.00
0.00 0.00 0.00 0.00 0.00 0.00 0.00 0.25 26.36 51.38 81.11 111.59 134.69 148.07 148.56 141.62 130.05 105.03 72.54 43.17 15.73 0.00 0.00 0.00
0.00 0.00 0.00 0.00 0.00 0.00 0.00 1.46 11.11 20.33 31.51 41.17 48.05 50.77 51.61 48.75 44.62 36.64 26.18 14.43 5.86 0.00 0.00 0.00
0.00 0.00 0.00 0.00 0.00 0.00 0.00 0.30 2.50 4.63 7.15 9.32 10.90 11.61 11.73 11.07 9.95 8.05 5.74 3.34 1.34 0.00 0.00 0.00
0.00 0.00 0.00 0.00 0.00 0.00 0.00 0.34 3.24 6.01 9.01 11.77 13.67 14.50 14.53 13.86 12.71 10.44 7.48 4.40 1.73 0.00 0.00 0.00
0.00 0.00 0.00 0.00 0.00 0.00 0.00 0.54 5.18 9.61 14.41 18.84 21.86 23.20 23.24 22.18 20.33 16.70 11.97 7.04 2.76 0.00 0.00 0.00
0.00 0.00 0.00 0.00 0.00 0.00 0.00 0.00 91.74 188.64 298.75 397.10 467.45 520.60 538.64 532.20 497.84 410.69 299.06 175.11 76.12 0.00 0.00 0.00
