0.00 0.00 0.00 0.00 0.00 0.00 0.00 0.00 0.30 1.28 2.33 3.44 4.38 4.92 5.10 4.89 4.35 3.38 2.14 0.94 0.00 0.00 0.00 0.00
0.00 0.00 0.00 0.00 0.00 0.00 0.00 0.00 8.00 21.95 37.01 51.56 62.89 66.67 67.79 65.59 51.89 38.97 24.52 5.81 0.00 0.00 0.00 0.00
0.00 0.00 0.00 0.00 0.00 0.00 0.00 0.00 6.89 29.28 53.32 78.67 100.24 112.49 116.52 111.90 99.42 77.32 48.89 21.39 0.00 0.00 0.00 0.00
0.00 0.00 0.00 0.00 0.00 0.00 0.00 0.00 24.48 104.06 189.50 279.59 356.23 399.79 414.10 397.69 353.33 274.78 173.74 76.00 0.00 0.00 0.00 0.00
0.00 0.00 0.00 0.00 0.00 0.00 0.00 0.00 1.72 3.99 6.34 9.14 11.01 9.12 9.11 8.34 6.95 5.10 3.24 0.46 0.00 0.00 0.00 0.00
0.00 0.00 0.00 0.00 0.00 0.00 0.00 0.00 44.94 228.12 421.33 632.25 800.99 917.69 974.72 945.54 810.89 635.23 415.84 186.88 9.03 0.00 0.00 0.00
0.00 0.00 0.00 0.00 0.00 0.00 0.00 0.00 0.50 1.31 2.97 4.24 5.12 7.66 7.60 7.16 5.60 4.26 2.73 0.80 0.00 0.00 0.00 0.00
0.00 0.00 0.00 0.00 0.00 0.00 0.00 0.00 0.45 1.22 2.03 2.85 3.60 3.40 3.45 3.40 1.82 1.38 0.88 0.31 0.00 0.00 0.00 0.00
0.00 0.00 0.00 0.00 0.00 0.00 0.00 0.00 0.72 1.95 3.25 4.55 5.75 5.44 5.52 5.45 2.92 2.21 1.41 0.49 0.00 0.00 0.00 0.00
0.00 0.00 0.00 0.00 0.00 0.00 0.00 0.00 0.72 1.95 3.25 4.55 5.75 5.44 5.52 5.45 2.92 2.21 1.41 0.49 0.00 0.00 0.00 0.00
0.00 0.00 0.00 0.00 0.00 0.00 0.00 0.00 1.64 4.77 7.90 11.36 14.53 12.68 13.28 13.00 13.51 10.44 6.69 2.71 0.00 0.00 0.00 0.00
0.00 0.00 0.00 0.00 0.00 0.00 0.00 0.00 0.79 2.28 3.81 5.50 7.03 6.30 6.45 6.34 6.11 4.72 2.94 1.24 0.00 0.00 0.00 0.00
0.00 0.00 0.00 0.00 0.00 0.00 0.00 0.00 1.01 2.93 4.90 7.07 9.04 8.10 8.29 8.15 7.86 6.07 3.78 1.59 0.00 0.00 0.00 0.00
0.00 0.00 0.00 0.00 0.00 0.00 0.00 0.00 0.67 1.95 3.27 4.71 6.03 5.40 5.53 5.43 5.24 4.05 2.52 1.06 0.00 0.00 0.00 0.00
0.00 0.00 0.00 0.00 0.00 0.00 0.00 0.00 0.67 1.95 3.27 4.71 6.03 5.40 5.53 5.43 5.24 4.05 2.52 1.06 0.00 0.00 0.00 0.00
0.00 0.00 0.00 0.00 0.00 0.00 0.00 0.00 7.56 24.61 42.59 63.96 82.84 88.86 91.29 87.52 65.32 49.79 29.93 8.36 0.00 0.00 0.00 0.00
0.00 0.00 0.00 0.00 0.00 0.00 0.00 0.00 5.10 14.48 22.85 32.86 41.80 35.64 36.82 35.21 42.02 32.68 20.35 7.90 0.00 0.00 0.00 0.00
0.00 0.00 0.00 0.00 0.00 0.00 0.00 0.00 4.40 12.81 18.32 26.12 33.05 38.53 39.15 37.80 36.86 28.43 18.33 6.85 0.00 0.00 0.00 0.00
0.00 0.00 0.00 0.00 0.00 0.00 0.00 0.00 13.25 67.29 124.28 186.49 236.26 270.69 287.51 278.90 239.18 187.37 122.66 55.12 2.66 0.00 0.00 0.00
0.00 0.00 0.00 0.00 0.00 0.00 0.00 0.00 12.61 64.00 118.22 177.39 224.74 257.48 273.48 265.30 227.52 178.23 116.67 52.43 2.53 0.00 0.00 0.00
0.00 0.00 0.00 0.00 0.00 0.00 0.00 0.00 24.25 123.08 227.34 341.14 432.19 495.16 525.93 510.18 437.53 342.75 224.37 100.84 4.87 0.00 0.00 0.00
0.00 0.00 0.00 0.00 0.00 0.00 0.00 0.00 23.84 121.03 223.55 335.45 424.98 486.90 517.16 501.68 430.24 337.04 220.63 99.16 4.79 0.00 0.00 0.00
0.00 0.00 0.00 0.00 0.00 0.00 0.00 0.00 30.99 135.68 246.11 367.73 472.61 497.27 504.01 477.70 444.86 341.46 220.32 91.86 1.45 0.00 0.00 0.00
0.00 0.00 0.00 0.00 0.00 0.00 0.00 0.00 0.45 1.22 2.03 2.85 3.60 3.40 3.45 3.40 1.82 1.38 0.88 0.31 0.00 0.00 0.00 0.00
0.00 0.00 0.00 0.00 0.00 0.00 0.00 0.00 2.28 6.17 10.29 14.42 18.22 17.21 17.49 17.25 9.24 7.00 4.46 1.56 0.00 0.00 0.00 0.00
0.00 0.00 0.00 0.00 0.00 0.00 0.00 0.00 11.64 31.48 52.52 73.61 93.01 87.89 89.28 88.05 47.16 35.75 22.77 7.94 0.00 0.00 0.00 0.00
0.00 0.00 0.00 0.00 0.00 0.00 0.00 0.00 0.91 4.60 8.49 12.74 16.13 18.49 19.63 19.05 16.33 12.80 8.38 3.76 0.18 0.00 0.00 0.00
0.00 0.00 0.00 0.00 0.00 0.00 0.00 0.00 24.10 102.44 186.54 275.23 350.68 393.56 407.64 391.49 347.82 270.50 171.03 74.82 0.00 0.00 0.00 0.00
0.00 0.00 0.00 0.00 0.00 0.00 0.00 0.00 1.88 6.68 11.63 16.97 22.55 23.91 25.18 24.88 22.12 17.49 11.75 5.12 0.00 0.00 0.00 0.00
0.00 0.00 0.00 0.00 0.00 0.00 0.00 0.00 14.72 49.73 75.55 110.39 140.01 142.01 147.20 141.05 144.34 110.12 69.93 26.66 0.00 0.00 0.00 0.00
0.00 0.00 0.00 0.00 0.00 0.00 0.00 0.00 0.40 1.71 3.11 4.59 5.84 6.56 6.79 6.52 5.80 4.51 2.85 1.25 0.00 0.00 0.00 0.00
0.00 0.00 0.00 0.00 0.00 0.00 0.00 0.00 18.07 76.83 139.91 206.42 263.01 295.17 305.73 293.62 260.87 202.88 128.27 56.11 0.00 0.00 0.00 0.00
0.00 0.00 0.00 0.00 0.00 0.00 0.00 0.00 23.19 98.60 179.55 264.91 337.53 378.80 392.35 376.81 334.78 260.36 164.62 72.01 0.00 0.00 0.00 0.00
0.00 0.00 0.00 0.00 0.00 0.00 0.00 0.00 40.87 178.92 324.56 484.94 623.26 655.77 664.67 629.97 586.66 450.30 290.55 121.14 1.92 0.00 0.00 0.00
0.00 0.00 0.00 0.00 0.00 0.00 0.00 0.00 1.16 3.48 5.90 8.53 10.86 10.37 10.75 10.57 9.03 6.94 4.40 1.86 0.00 0.00 0.00 0.00
0.00 0.00 0.00 0.00 0.00 0.00 0.00 0.00 1.49 4.45 7.51 10.60 13.58 13.06 13.49 13.24 11.39 8.77 5.54 2.33 0.00 0.00 0.00 0.00
0.00 0.00 0.00 0.00 0.00 0.00 0.00 0.00 7.74 27.56 47.99 70.01 93.03 98.63 103.86 102.65 91.23 72.16 48.46 21.13 0.00 0.00 0.00 0.00
0.00 0.00 0.00 0.00 0.00 0.00 0.00 0.00 22.75 121.24 183.34 273.43 354.71 383.30 393.63 378.01 377.49 304.78 200.37 98.99 10.24 0.00 0.00 0.00
0.00 0.00 0.00 0.00 0.00 0.00 0.00 0.00 0.42 1.15 1.74 2.54 3.21 2.77 2.89 2.79 3.29 2.53 1.60 0.60 0.00 0.00 0.00 0.00
0.00 0.00 0.00 0.00 0.00 0.00 0.00 0.00 6.55 25.21 46.35 68.94 87.59 90.55 92.79 88.85 82.64 63.22 40.56 17.19 0.00 0.00 0.00 0.00
0.00 0.00 0.00 0.00 0.00 0.00 0.00 0.00 1.19 8.33 15.54 23.04 30.12 33.00 33.42 32.68 28.24 22.03 14.71 6.96 0.75 0.00 0.00 0.00
0.00 0.00 0.00 0.00 0.00 0.00 0.00 0.00 0.67 1.70 3.19 4.57 5.64 8.84 8.71 8.02 6.16 4.73 3.07 0.97 0.00 0.00 0.00 0.00
0.00 0.00 0.00 0.00 0.00 0.00 0.00 0.00 0.33 0.85 1.59 2.29 2.82 4.42 4.35 4.01 3.08 2.37 1.53 0.49 0.00 0.00 0.00 0.00
0.00 0.00 0.00 0.00 0.00 0.00 0.00 0.00 0.73 1.86 3.48 5.00 6.17 9.67 9.53 8.77 6.73 5.17 3.35 1.06 0.00 0.00 0.00 0.00
0.00 0.00 0.00 0.00 0.00 0.00 0.00 0.00 0.98 2.51 4.17 6.07 7.35 11.15 11.03 10.34 8.44 6.51 4.17 1.39 0.00 0.00 0.00 0.00
0.00 0.00 0.00 0.00 0.00 0.00 0.00 0.00 1.50 3.83 6.35 9.24 11.20 16.99 16.81 15.75 12.86 9.92 6.36 2.12 0.00 0.00 0.00 0.00
0.00 0.00 0.00 0.00 0.00 0.00 0.00 0.00 1.03 2.70 6.32 9.03 10.86 15.26 15.28 14.48 11.34 8.78 5.64 1.80 0.00 0.00 0.00 0.00
0.00 0.00 0.00 0.00 0.00 0.00 0.00 0.00 1.19 3.65 6.35 9.06 11.15 10.15 10.55 10.15 9.00 6.89 4.30 1.85 0.00 0.00 0.00 0.00
0.00 0.00 0.00 0.00 0.00 0.00 0.00 0.00 3.08 9.42 16.41 23.41 28.82 26.22 27.25 26.22 23.26 17.80 11.11 4.78 0.00 0.00 0.00 0.00
0.00 0.00 0.00 0.00 0.00 0.00 0.00 0.00 0.70 2.24 4.51 6.55 8.40 7.96 8.18 7.74 7.10 5.42 3.45 1.37 0.00 0.00 0.00 0.00
0.00 0.00 0.00 0.00 0.00 0.00 0.00 0.00 1.98 5.21 7.31 10.51 13.02 9.62 10.00 9.71 12.53 9.62 6.19 2.41 0.00 0.00 0.00 0.00
0.00 0.00 0.00 0.00 0.00 0.00 0.00 0.00 3.23 8.51 8.20 11.59 14.26 25.37 25.70 24.48 24.16 18.49 11.65 4.00 0.00 0.00 0.00 0.00
0.00 0.00 0.00 0.00 0.00 0.00 0.00 0.00 0.53 1.24 2.00 2.81 3.41 2.65 2.64 2.52 2.16 1.63 1.04 0.23 0.00 0.00 0.00 0.00
0.00 0.00 0.00 0.00 0.00 0.00 0.00 0.00 2.66 6.59 10.84 15.42 19.43 15.20 15.39 14.65 8.55 6.53 4.19 1.30 0.00 0.00 0.00 0.00
0.00 0.00 0.00 0.00 0.00 0.00 0.00 0.00 1.92 4.59 7.51 10.51 12.95 11.46 11.30 10.68 8.34 6.29 4.00 0.78 0.00 0.00 0.00 0.00
0.00 0.00 0.00 0.00 0.00 0.00 0.00 0.00 2.64 6.34 10.36 14.50 17.87 15.81 15.59 14.73 11.51 8.68 5.52 1.08 0.00 0.00 0.00 0.00
0.00 0.00 0.00 0.00 0.00 0.00 0.00 0.00 1.80 4.32 7.06 9.88 12.17 10.77 10.62 10.04 7.84 5.91 3.76 0.74 0.00 0.00 0.00 0.00
0.00 0.00 0.00 0.00 0.00 0.00 0.00 0.00 1.42 3.51 5.78 8.22 10.36 8.11 8.21 7.81 4.56 3.48 2.24 0.69 0.00 0.00 0.00 0.00
0.00 0.00 0.00 0.00 0.00 0.00 0.00 0.00 1.53 3.59 5.74 8.09 9.84 8.38 8.46 7.82 6.35 4.73 3.01 0.51 0.00 0.00 0.00 0.00
0.00 0.00 0.00 0.00 0.00 0.00 0.00 0.00 1.29 3.49 5.82 8.16 10.31 9.74 9.89 9.76 5.23 3.96 2.52 0.88 0.00 0.00 0.00 0.00
0.00 0.00 0.00 0.00 0.00 0.00 0.00 0.00 9.84 32.04 55.43 83.24 107.82 115.66 118.83 113.91 85.02 64.80 38.96 10.88 0.00 0.00 0.00 0.00
0.00 0.00 0.00 0.00 0.00 0.00 0.00 0.00 1.85 5.41 8.95 12.87 16.47 14.37 15.05 14.73 15.31 11.84 7.58 3.07 0.00 0.00 0.00 0.00
0.00 0.00 0.00 0.00 0.00 0.00 0.00 0.00 2.91 8.00 13.31 19.25 24.83 20.58 20.87 20.37 18.36 14.11 9.15 4.12 0.00 0.00 0.00 0.00
0.00 0.00 0.00 0.00 0.00 0.00 0.00 0.00 1.34 3.66 6.10 8.82 11.38 9.43 9.57 9.34 8.42 6.47 4.19 1.89 0.00 0.00 0.00 0.00
0.00 0.00 0.00 0.00 0.00 0.00 0.00 0.00 2.29 6.66 10.91 15.69 19.92 17.01 17.90 17.40 19.14 14.85 9.64 3.81 0.00 0.00 0.00 0.00
0.00 0.00 0.00 0.00 0.00 0.00 0.00 0.00 1.01 2.80 4.22 6.16 7.80 6.73 7.01 6.77 7.99 6.14 3.89 1.46 0.00 0.00 0.00 0.00
0.00 0.00 0.00 0.00 0.00 0.00 0.00 0.00 8.01 28.53 49.68 72.49 96.31 102.11 107.53 106.28 94.45 74.72 50.17 21.88 0.00 0.00 0.00 0.00
0.00 0.00 0.00 0.00 0.00 0.00 0.00 0.00 3.52 11.89 18.07 26.40 33.48 33.96 35.20 33.73 34.52 26.33 16.72 6.38 0.00 0.00 0.00 0.00
0.00 0.00 0.00 0.00 0.00 0.00 0.00 0.00 0.66 2.27 4.15 6.15 7.83 7.68 7.89 7.65 7.84 5.90 3.75 1.54 0.00 0.00 0.00 0.00
0.00 0.00 0.00 0.00 0.00 0.00 0.00 0.00 0.81 2.78 5.71 8.35 10.56 11.69 12.03 11.61 10.34 7.89 5.05 2.06 0.00 0.00 0.00 0.00
0.00 0.00 0.00 0.00 0.00 0.00 0.00 0.00 1.30 4.45 9.14 13.36 16.89 18.70 19.25 18.57 16.54 12.62 8.08 3.30 0.00 0.00 0.00 0.00
0.00 0.00 0.00 0.00 0.00 0.00 0.00 0.00 24.65 125.14 231.13 346.83 439.39 503.41 534.69 518.69 444.82 348.46 228.11 102.52 4.95 0.00 0.00 0.00
