0.00 0.00 0.00 0.00 0.00 0.00 0.00 0.00 0.00 0.20 1.25 2.09 2.95 3.48 3.67 3.51 3.02 2.14 1.24 0.08 0.00 0.00 0.00 0.00
0.00 0.00 0.00 0.00 0.00 0.00 0.00 0.00 0.00 9.34 26.99 40.51 52.81 57.96 58.77 56.54 46.78 33.27 17.97 0.08 0.00 0.00 0.00 0.00
0.00 0.00 0.00 0.00 0.00 0.00 0.00 0.00 0.00 4.57 28.66 47.72 67.51 79.65 84.00 80.34 69.09 49.05 28.41 1.84 0.00 0.00 0.00 0.00
0.00 0.00 0.00 0.00 0.00 0.00 0.00 0.00 0.00 16.23 101.85 169.59 239.93 283.09 298.53 285.51 245.53 174.31 100.97 6.53 0.00 0.00 0.00 0.00
0.00 0.00 0.00 0.00 0.00 0.00 0.00 0.00 0.00 1.65 4.38 6.40 8.23 9.44 9.64 8.82 7.36 5.18 2.48 0.00 0.00 0.00 0.00 0.00
0.00 0.00 0.00 0.00 0.00 0.00 0.00 0.00 0.00 32.25 235.13 395.98 566.38 689.68 729.98 693.85 588.07 422.69 253.06 24.38 0.00 0.00 0.00 0.00
0.00 0.00 0.00 0.00 0.00 0.00 0.00 0.00 0.00 0.73 2.46 3.73 4.98 5.77 5.94 5.49 3.57 2.55 1.25 0.00 0.00 0.00 0.00 0.00
0.00 0.00 0.00 0.00 0.00 0.00 0.00 0.00 0.00 0.48 1.46 2.17 2.83 3.31 3.47 3.28 2.70 1.92 1.02 0.00 0.00 0.00 0.00 0.00
0.00 0.00 0.00 0.00 0.00 0.00 0.00 0.00 0.00 0.77 2.33 3.47 4.52 5.30 5.56 5.25 4.31 3.07 1.63 0.00 0.00 0.00 0.00 0.00
0.00 0.00 0.00 0.00 0.00 0.00 0.00 0.00 0.00 0.77 2.33 3.47 4.52 5.30 5.56 5.25 4.31 3.07 1.63 0.00 0.00 0.00 0.00 0.00
0.00 0.00 0.00 0.00 0.00 0.00 0.00 0.00 0.00 1.55 5.22 7.96 10.81 12.79 13.41 12.82 10.80 7.87 4.27 0.03 0.00 0.00 0.00 0.00
0.00 0.00 0.00 0.00 0.00 0.00 0.00 0.00 0.00 0.74 2.45 3.72 5.12 6.11 6.34 6.04 5.13 3.68 1.99 0.02 0.00 0.00 0.00 0.00
0.00 0.00 0.00 0.00 0.00 0.00 0.00 0.00 0.00 0.95 3.15 4.78 6.58 7.85 8.15 7.76 6.59 4.73 2.56 0.02 0.00 0.00 0.00 0.00
0.00 0.00 0.00 0.00 0.00 0.00 0.00 0.00 0.00 0.63 2.10 3.19 4.39 5.24 5.43 5.17 4.40 3.15 1.71 0.01 0.00 0.00 0.00 0.00
0.00 0.00 0.00 0.00 0.00 0.00 0.00 0.00 0.00 0.63 2.10 3.19 4.39 5.24 5.43 5.17 4.40 3.15 1.71 0.01 0.00 0.00 0.00 0.00
0.00 0.00 0.00 0.00 0.00 0.00 0.00 0.00 0.00 9.70 31.48 47.81 66.66 78.37 82.27 79.24 68.22 48.60 28.04 1.80 0.00 0.00 0.00 0.00
0.00 0.00 0.00 0.00 0.00 0.00 0.00 0.00 0.00 4.89 16.28 24.72 32.96 38.45 40.36 38.26 32.60 23.21 12.41 0.00 0.00 0.00 0.00 0.00
0.00 0.00 0.00 0.00 0.00 0.00 0.00 0.00 0.00 4.06 14.20 21.77 28.96 34.21 35.35 33.47 27.67 20.19 10.84 0.00 0.00 0.00 0.00 0.00
0.00 0.00 0.00 0.00 0.00 0.00 0.00 0.00 0.00 9.51 69.36 116.80 167.06 203.43 215.32 204.66 173.46 124.68 74.64 7.19 0.00 0.00 0.00 0.00
0.00 0.00 0.00 0.00 0.00 0.00 0.00 0.00 0.00 9.05 65.97 111.10 158.91 193.51 204.81 194.68 165.00 118.60 71.00 6.84 0.00 0.00 0.00 0.00
0.00 0.00 0.00 0.00 0.00 0.00 0.00 0.00 0.00 17.40 126.87 213.66 305.60 372.13 393.87 374.38 317.30 228.07 136.54 13.15 0.00 0.00 0.00 0.00
0.00 0.00 0.00 0.00 0.00 0.00 0.00 0.00 0.00 17.11 124.76 210.10 300.51 365.92 387.31 368.14 312.01 224.27 134.27 12.93 0.00 0.00 0.00 0.00
0.00 0.00 0.00 0.00 0.00 0.00 0.00 0.00 0.00 16.94 126.52 214.60 302.83 365.08 382.68 364.03 314.38 224.37 129.62 8.73 0.00 0.00 0.00 0.00
0.00 0.00 0.00 0.00 0.00 0.00 0.00 0.00 0.00 0.48 1.46 2.17 2.83 3.31 3.47 3.28 2.70 1.92 1.02 0.00 0.00 0.00 0.00 0.00
0.00 0.00 0.00 0.00 0.00 0.00 0.00 0.00 0.00 2.42 7.37 11.00 14.33 16.78 17.61 16.63 13.66 9.72 5.16 0.00 0.00 0.00 0.00 0.00
0.00 0.00 0.00 0.00 0.00 0.00 0.00 0.00 0.00 12.38 37.64 56.15 73.15 85.65 89.88 84.89 69.74 49.60 26.35 0.00 0.00 0.00 0.00 0.00
0.00 0.00 0.00 0.00 0.00 0.00 0.00 0.00 0.00 0.65 4.74 7.98 11.41 13.89 14.70 13.98 11.85 8.51 5.10 0.49 0.00 0.00 0.00 0.00
0.00 0.00 0.00 0.00 0.00 0.00 0.00 0.00 0.00 15.97 100.26 166.95 236.19 278.68 293.88 281.06 241.71 171.60 99.40 6.43 0.00 0.00 0.00 0.00
0.00 0.00 0.00 0.00 0.00 0.00 0.00 0.00 0.00 1.98 8.20 12.96 17.57 21.39 23.14 22.41 19.07 14.69 8.46 0.54 0.00 0.00 0.00 0.00
0.00 0.00 0.00 0.00 0.00 0.00 0.00 0.00 0.00 10.13 50.87 82.77 114.49 126.36 130.43 123.23 98.70 72.22 39.22 0.40 0.00 0.00 0.00 0.00
0.00 0.00 0.00 0.00 0.00 0.00 0.00 0.00 0.00 0.27 1.67 2.78 3.94 4.64 4.90 4.68 4.03 2.86 1.66 0.11 0.00 0.00 0.00 0.00
0.00 0.00 0.00 0.00 0.00 0.00 0.00 0.00 0.00 11.98 75.19 125.21 177.14 209.01 220.41 210.80 181.28 128.70 74.55 4.82 0.00 0.00 0.00 0.00
0.00 0.00 0.00 0.00 0.00 0.00 0.00 0.00 0.00 15.37 96.50 160.69 227.33 268.23 282.86 270.52 232.64 165.16 95.67 6.19 0.00 0.00 0.00 0.00
0.00 0.00 0.00 0.00 0.00 0.00 0.00 0.00 0.00 22.34 166.85 283.00 399.36 481.45 504.66 480.06 414.59 295.89 170.93 11.51 0.00 0.00 0.00 0.00
0.00 0.00 0.00 0.00 0.00 0.00 0.00 0.00 0.00 1.10 3.71 5.64 7.84 9.65 10.36 9.76 8.27 5.92 3.26 0.08 0.00 0.00 0.00 0.00
0.00 0.00 0.00 0.00 0.00 0.00 0.00 0.00 0.00 1.39 4.67 7.10 9.89 12.04 12.80 12.13 10.24 7.32 4.02 0.08 0.00 0.00 0.00 0.00
0.00 0.00 0.00 0.00 0.00 0.00 0.00 0.00 0.00 8.17 33.84 53.47 72.48 88.23 95.47 92.44 78.66 60.60 34.92 2.23 0.00 0.00 0.00 0.00
0.00 0.00 0.00 0.00 0.00 0.00 0.00 0.00 0.00 2.27 108.07 197.62 278.95 281.93 305.13 293.55 235.20 169.63 98.01 4.63 0.00 0.00 0.00 0.00
0.00 0.00 0.00 0.00 0.00 0.00 0.00 0.00 0.00 0.39 1.28 1.93 2.59 2.99 3.11 2.96 2.49 1.79 0.95 0.00 0.00 0.00 0.00 0.00
0.00 0.00 0.00 0.00 0.00 0.00 0.00 0.00 0.00 4.36 25.42 42.04 58.97 70.15 72.57 68.31 58.91 42.55 24.07 0.98 0.00 0.00 0.00 0.00
0.00 0.00 0.00 0.00 0.00 0.00 0.00 0.00 0.00 0.93 8.58 14.83 21.30 25.76 28.00 26.61 22.57 16.61 10.29 1.37 0.00 0.00 0.00 0.00
0.00 0.00 0.00 0.00 0.00 0.00 0.00 0.00 0.00 0.88 2.89 4.36 5.78 6.53 6.57 6.09 3.73 2.65 1.27 0.00 0.00 0.00 0.00 0.00
0.00 0.00 0.00 0.00 0.00 0.00 0.00 0.00 0.00 0.44 1.44 2.18 2.89 3.26 3.29 3.05 1.86 1.32 0.64 0.00 0.00 0.00 0.00 0.00
0.00 0.00 0.00 0.00 0.00 0.00 0.00 0.00 0.00 0.96 3.16 4.77 6.33 7.14 7.19 6.66 4.08 2.90 1.39 0.00 0.00 0.00 0.00 0.00
0.00 0.00 0.00 0.00 0.00 0.00 0.00 0.00 0.00 1.16 3.77 5.68 7.45 8.79 8.96 8.41 6.26 4.46 2.17 0.00 0.00 0.00 0.00 0.00
0.00 0.00 0.00 0.00 0.00 0.00 0.00 0.00 0.00 1.77 5.75 8.66 11.36 13.39 13.65 12.82 9.54 6.80 3.31 0.00 0.00 0.00 0.00 0.00
0.00 0.00 0.00 0.00 0.00 0.00 0.00 0.00 0.00 1.48 5.01 7.61 10.31 12.01 12.15 11.19 7.96 5.69 2.81 0.00 0.00 0.00 0.00 0.00
0.00 0.00 0.00 0.00 0.00 0.00 0.00 0.00 0.00 0.91 4.03 6.47 8.86 6.16 6.32 6.07 6.75 4.87 2.53 0.00 0.00 0.00 0.00 0.00
0.00 0.00 0.00 0.00 0.00 0.00 0.00 0.00 0.00 2.34 10.42 16.70 22.88 15.91 16.32 15.68 17.43 12.58 6.54 0.00 0.00 0.00 0.00 0.00
0.00 0.00 0.00 0.00 0.00 0.00 0.00 0.00 0.00 0.63 2.87 4.59 6.25 7.00 7.16 6.84 5.06 3.69 1.97 0.00 0.00 0.00 0.00 0.00
0.00 0.00 0.00 0.00 0.00 0.00 0.00 0.00 0.00 1.88 5.81 8.67 11.36 13.16 13.57 12.86 10.67 7.65 3.93 0.00 0.00 0.00 0.00 0.00
0.00 0.00 0.00 0.00 0.00 0.00 0.00 0.00 0.00 2.87 9.30 14.03 18.89 22.42 23.06 21.32 17.25 12.42 6.29 0.00 0.00 0.00 0.00 0.00
0.00 0.00 0.00 0.00 0.00 0.00 0.00 0.00 0.00 0.48 1.28 1.87 2.39 2.83 2.86 2.66 2.26 1.59 0.76 0.00 0.00 0.00 0.00 0.00
0.00 0.00 0.00 0.00 0.00 0.00 0.00 0.00 0.00 2.71 7.53 11.06 14.50 16.62 16.80 15.52 12.98 9.24 4.65 0.00 0.00 0.00 0.00 0.00
0.00 0.00 0.00 0.00 0.00 0.00 0.00 0.00 0.00 1.92 5.20 7.67 9.90 10.77 10.92 10.09 8.74 6.14 3.02 0.00 0.00 0.00 0.00 0.00
0.00 0.00 0.00 0.00 0.00 0.00 0.00 0.00 0.00 2.65 7.17 10.58 13.66 14.87 15.08 13.92 12.06 8.48 4.17 0.00 0.00 0.00 0.00 0.00
0.00 0.00 0.00 0.00 0.00 0.00 0.00 0.00 0.00 1.81 4.89 7.21 9.30 10.13 10.27 9.48 8.21 5.78 2.84 0.00 0.00 0.00 0.00 0.00
0.00 0.00 0.00 0.00 0.00 0.00 0.00 0.00 0.00 1.45 4.01 5.90 7.73 8.86 8.96 8.28 6.92 4.93 2.48 0.00 0.00 0.00 0.00 0.00
0.00 0.00 0.00 0.00 0.00 0.00 0.00 0.00 0.00 1.52 4.03 5.93 7.49 8.47 8.72 8.00 6.71 4.73 2.29 0.00 0.00 0.00 0.00 0.00
0.00 0.00 0.00 0.00 0.00 0.00 0.00 0.00 0.00 1.37 4.17 6.22 8.11 9.49 9.96 9.41 7.73 5.50 2.92 0.00 0.00 0.00 0.00 0.00
0.00 0.00 0.00 0.00 0.00 0.00 0.00 0.00 0.00 12.62 40.98 62.23 86.77 102.00 107.08 103.14 88.79 63.26 36.50 2.35 0.00 0.00 0.00 0.00
0.00 0.00 0.00 0.00 0.00 0.00 0.00 0.00 0.00 1.75 5.92 9.02 12.25 14.50 15.20 14.53 12.24 8.92 4.84 0.03 0.00 0.00 0.00 0.00
0.00 0.00 0.00 0.00 0.00 0.00 0.00 0.00 0.00 2.87 8.99 13.47 18.28 21.52 22.10 21.04 17.58 12.64 6.68 0.00 0.00 0.00 0.00 0.00
0.00 0.00 0.00 0.00 0.00 0.00 0.00 0.00 0.00 1.32 4.12 6.17 8.38 9.87 10.13 9.65 8.06 5.79 3.06 0.00 0.00 0.00 0.00 0.00
0.00 0.00 0.00 0.00 0.00 0.00 0.00 0.00 0.00 2.18 7.36 11.23 15.15 17.83 18.63 17.81 15.00 11.00 5.96 0.02 0.00 0.00 0.00 0.00
0.00 0.00 0.00 0.00 0.00 0.00 0.00 0.00 0.00 0.96 3.11 4.69 6.29 7.25 7.55 7.18 6.06 4.36 2.30 0.00 0.00 0.00 0.00 0.00
0.00 0.00 0.00 0.00 0.00 0.00 0.00 0.00 0.00 8.46 35.04 55.36 75.04 91.35 98.84 95.71 81.44 62.75 36.15 2.31 0.00 0.00 0.00 0.00
0.00 0.00 0.00 0.00 0.00 0.00 0.00 0.00 0.00 2.42 12.16 19.79 27.38 30.22 31.19 29.47 23.60 17.27 9.38 0.10 0.00 0.00 0.00 0.00
0.00 0.00 0.00 0.00 0.00 0.00 0.00 0.00 0.00 0.56 2.80 4.55 6.26 7.33 7.52 7.09 5.89 4.29 2.35 0.04 0.00 0.00 0.00 0.00
0.00 0.00 0.00 0.00 0.00 0.00 0.00 0.00 0.00 0.75 3.48 5.61 7.72 9.26 9.68 9.16 7.65 5.53 3.05 0.07 0.00 0.00 0.00 0.00
0.00 0.00 0.00 0.00 0.00 0.00 0.00 0.00 0.00 1.20 5.57 8.97 12.35 14.81 15.49 14.65 12.23 8.85 4.88 0.11 0.00 0.00 0.00 0.00
0.00 0.00 0.00 0.00 0.00 0.00 0.00 0.00 0.00 17.69 128.98 217.22 310.69 378.33 400.44 380.62 322.59 231.87 138.82 13.37 0.00 0.00 0.00 0.00
