0.00 0.00 0.00 0.00 0.00 0.00 0.00 0.00 0.00 0.07 0.64 1.10 1.57 2.10 2.18 2.04 2.37 1.57 0.74 0.00 0.00 0.00 0.00 0.00
0.00 0.00 0.00 0.00 0.00 0.00 0.00 0.00 0.00 2.21 5.85 8.89 11.66 13.57 13.67 12.98 11.76 7.81 3.38 0.00 0.00 0.00 0.00 0.00
0.00 0.00 0.00 0.00 0.00 0.00 0.00 0.00 0.00 1.65 14.71 25.16 35.88 47.98 49.82 46.56 54.29 35.96 16.97 0.00 0.00 0.00 0.00 0.00
0.00 0.00 0.00 0.00 0.00 0.00 0.00 0.00 0.00 5.85 52.29 89.42 127.50 170.52 177.05 165.47 192.93 127.81 60.32 0.00 0.00 0.00 0.00 0.00
0.00 0.00 0.00 0.00 0.00 0.00 0.00 0.00 0.00 0.43 1.21 1.80 2.33 2.55 2.59 2.34 1.39 0.89 0.30 0.00 0.00 0.00 0.00 0.00
0.00 0.00 0.00 0.00 0.00 0.00 0.00 0.00 0.00 13.04 111.66 193.24 279.16 621.73 646.77 600.06 509.15 343.27 172.32 0.00 0.00 0.00 0.00 0.00
0.00 0.00 0.00 0.00 0.00 0.00 0.00 0.00 0.00 0.20 0.62 0.97 1.30 1.49 1.51 1.36 1.13 0.73 0.24 0.00 0.00 0.00 0.00 0.00
0.00 0.00 0.00 0.00 0.00 0.00 0.00 0.00 0.00 0.13 0.38 0.58 0.76 0.80 0.83 0.77 0.53 0.35 0.14 0.00 0.00 0.00 0.00 0.00
0.00 0.00 0.00 0.00 0.00 0.00 0.00 0.00 0.00 0.21 0.61 0.92 1.21 1.28 1.33 1.24 0.85 0.56 0.23 0.00 0.00 0.00 0.00 0.00
0.00 0.00 0.00 0.00 0.00 0.00 0.00 0.00 0.00 0.21 0.61 0.92 1.21 1.28 1.33 1.24 0.85 0.56 0.23 0.00 0.00 0.00 0.00 0.00
0.00 0.00 0.00 0.00 0.00 0.00 0.00 0.00 0.00 0.39 1.54 2.39 3.27 2.95 3.07 2.89 2.59 1.76 0.75 0.00 0.00 0.00 0.00 0.00
0.00 0.00 0.00 0.00 0.00 0.00 0.00 0.00 0.00 0.20 0.60 0.93 1.29 1.15 1.19 1.11 1.24 0.83 0.35 0.00 0.00 0.00 0.00 0.00
0.00 0.00 0.00 0.00 0.00 0.00 0.00 0.00 0.00 0.26 0.77 1.20 1.66 1.48 1.53 1.43 1.59 1.06 0.46 0.00 0.00 0.00 0.00 0.00
0.00 0.00 0.00 0.00 0.00 0.00 0.00 0.00 0.00 0.17 0.52 0.80 1.11 0.99 1.02 0.95 1.06 0.71 0.30 0.00 0.00 0.00 0.00 0.00
0.00 0.00 0.00 0.00 0.00 0.00 0.00 0.00 0.00 0.17 0.52 0.80 1.11 0.99 1.02 0.95 1.06 0.71 0.30 0.00 0.00 0.00 0.00 0.00
0.00 0.00 0.00 0.00 0.00 0.00 0.00 0.00 0.00 3.03 10.61 16.34 23.00 30.05 31.32 29.78 24.62 16.55 8.07 0.00 0.00 0.00 0.00 0.00
0.00 0.00 0.00 0.00 0.00 0.00 0.00 0.00 0.00 1.27 4.38 6.78 9.13 8.75 9.11 8.51 5.98 3.94 1.63 0.00 0.00 0.00 0.00 0.00
0.00 0.00 0.00 0.00 0.00 0.00 0.00 0.00 0.00 0.96 2.60 4.08 5.50 7.12 7.29 6.79 8.01 5.38 2.22 0.00 0.00 0.00 0.00 0.00
0.00 0.00 0.00 0.00 0.00 0.00 0.00 0.00 0.00 3.85 32.94 57.00 82.34 183.39 190.77 177.00 150.18 101.25 50.83 0.00 0.00 0.00 0.00 0.00
0.00 0.00 0.00 0.00 0.00 0.00 0.00 0.00 0.00 3.66 31.33 54.22 78.32 174.44 181.47 168.36 142.85 96.31 48.35 0.00 0.00 0.00 0.00 0.00
0.00 0.00 0.00 0.00 0.00 0.00 0.00 0.00 0.00 7.03 60.25 104.27 150.62 335.47 348.98 323.77 274.72 185.22 92.98 0.00 0.00 0.00 0.00 0.00
0.00 0.00 0.00 0.00 0.00 0.00 0.00 0.00 0.00 6.92 59.25 102.53 148.11 329.88 343.16 318.38 270.14 182.13 91.43 0.00 0.00 0.00 0.00 0.00
0.00 0.00 0.00 0.00 0.00 0.00 0.00 0.00 0.00 5.97 66.97 116.96 166.20 219.04 226.09 210.17 223.72 148.39 69.09 0.00 0.00 0.00 0.00 0.00
0.00 0.00 0.00 0.00 0.00 0.00 0.00 0.00 0.00 0.13 0.38 0.58 0.76 0.80 0.83 0.77 0.53 0.35 0.14 0.00 0.00 0.00 0.00 0.00
0.00 0.00 0.00 0.00 0.00 0.00 0.00 0.00 0.00 0.68 1.92 2.92 3.84 4.04 4.21 3.92 2.68 1.76 0.73 0.00 0.00 0.00 0.00 0.00
0.00 0.00 0.00 0.00 0.00 0.00 0.00 0.00 0.00 3.46 9.82 14.90 19.61 20.62 21.50 20.02 13.68 9.01 3.73 0.00 0.00 0.00 0.00 0.00
0.00 0.00 0.00 0.00 0.00 0.00 0.00 0.00 0.00 0.26 2.25 3.89 5.62 12.52 13.03 12.09 10.26 6.91 3.47 0.00 0.00 0.00 0.00 0.00
0.00 0.00 0.00 0.00 0.00 0.00 0.00 0.00 0.00 5.76 51.47 88.03 125.51 167.87 174.29 162.89 189.92 125.82 59.38 0.00 0.00 0.00 0.00 0.00
0.00 0.00 0.00 0.00 0.00 0.00 0.00 0.00 0.00 0.34 2.32 3.74 5.10 6.59 7.07 6.76 7.49 5.39 2.55 0.00 0.00 0.00 0.00 0.00
0.00 0.00 0.00 0.00 0.00 0.00 0.00 0.00 0.00 3.14 23.30 39.06 54.55 49.63 50.39 46.43 36.20 24.38 10.06 0.00 0.00 0.00 0.00 0.00
0.00 0.00 0.00 0.00 0.00 0.00 0.00 0.00 0.00 0.10 0.86 1.47 2.09 2.80 2.90 2.71 3.17 2.10 0.99 0.00 0.00 0.00 0.00 0.00
0.00 0.00 0.00 0.00 0.00 0.00 0.00 0.00 0.00 4.32 38.61 66.02 94.14 125.90 130.72 122.17 142.44 94.36 44.53 0.00 0.00 0.00 0.00 0.00
0.00 0.00 0.00 0.00 0.00 0.00 0.00 0.00 0.00 5.55 49.54 84.73 120.81 161.57 167.76 156.78 182.80 121.10 57.15 0.00 0.00 0.00 0.00 0.00
0.00 0.00 0.00 0.00 0.00 0.00 0.00 0.00 0.00 7.87 88.31 154.24 219.18 288.87 298.16 277.16 295.03 195.69 91.11 0.00 0.00 0.00 0.00 0.00
0.00 0.00 0.00 0.00 0.00 0.00 0.00 0.00 0.00 0.21 0.79 1.22 1.71 1.60 1.70 1.58 2.38 1.59 0.70 0.00 0.00 0.00 0.00 0.00
0.00 0.00 0.00 0.00 0.00 0.00 0.00 0.00 0.00 0.29 1.09 1.69 2.37 2.09 2.21 2.06 2.81 1.88 0.82 0.00 0.00 0.00 0.00 0.00
0.00 0.00 0.00 0.00 0.00 0.00 0.00 0.00 0.00 1.40 9.59 15.41 21.02 27.17 29.18 27.87 30.90 22.23 10.52 0.00 0.00 0.00 0.00 0.00
0.00 0.00 0.00 0.00 0.00 0.00 0.00 0.00 0.00 0.00 96.33 183.64 260.10 313.94 333.90 312.97 219.20 146.97 67.54 0.00 0.00 0.00 0.00 0.00
0.00 0.00 0.00 0.00 0.00 0.00 0.00 0.00 0.00 0.09 0.26 0.40 0.55 0.56 0.58 0.54 0.54 0.36 0.14 0.00 0.00 0.00 0.00 0.00
0.00 0.00 0.00 0.00 0.00 0.00 0.00 0.00 0.00 1.58 11.95 20.29 28.65 35.50 36.16 33.25 35.33 23.64 10.61 0.00 0.00 0.00 0.00 0.00
0.00 0.00 0.00 0.00 0.00 0.00 0.00 0.00 0.00 0.51 6.71 11.79 16.92 24.29 25.95 24.09 19.02 13.24 7.08 0.00 0.00 0.00 0.00 0.00
0.00 0.00 0.00 0.00 0.00 0.00 0.00 0.00 0.00 0.30 0.71 1.10 1.48 1.67 1.66 1.50 1.25 0.80 0.25 0.00 0.00 0.00 0.00 0.00
0.00 0.00 0.00 0.00 0.00 0.00 0.00 0.00 0.00 0.15 0.35 0.55 0.74 0.83 0.83 0.75 0.62 0.40 0.13 0.00 0.00 0.00 0.00 0.00
0.00 0.00 0.00 0.00 0.00 0.00 0.00 0.00 0.00 0.33 0.78 1.20 1.61 1.83 1.81 1.64 1.36 0.88 0.28 0.00 0.00 0.00 0.00 0.00
0.00 0.00 0.00 0.00 0.00 0.00 0.00 0.00 0.00 0.27 0.84 1.30 1.73 2.05 2.07 1.90 1.61 1.04 0.34 0.00 0.00 0.00 0.00 0.00
0.00 0.00 0.00 0.00 0.00 0.00 0.00 0.00 0.00 0.42 1.28 1.98 2.63 3.13 3.15 2.89 2.46 1.59 0.52 0.00 0.00 0.00 0.00 0.00
0.00 0.00 0.00 0.00 0.00 0.00 0.00 0.00 0.00 0.38 1.14 1.78 2.44 2.98 2.96 2.67 2.24 1.45 0.49 0.00 0.00 0.00 0.00 0.00
0.00 0.00 0.00 0.00 0.00 0.00 0.00 0.00 0.00 0.40 1.97 3.26 4.51 4.20 4.23 3.95 2.89 1.91 0.72 0.00 0.00 0.00 0.00 0.00
0.00 0.00 0.00 0.00 0.00 0.00 0.00 0.00 0.00 1.03 5.10 8.42 11.64 10.85 10.92 10.21 7.46 4.93 1.86 0.00 0.00 0.00 0.00 0.00
0.00 0.00 0.00 0.00 0.00 0.00 0.00 0.00 0.00 0.20 1.02 1.68 2.30 2.09 2.11 1.96 1.91 1.28 0.51 0.00 0.00 0.00 0.00 0.00
0.00 0.00 0.00 0.00 0.00 0.00 0.00 0.00 0.00 0.39 1.26 1.92 2.54 2.45 2.51 2.34 2.56 1.69 0.65 0.00 0.00 0.00 0.00 0.00
0.00 0.00 0.00 0.00 0.00 0.00 0.00 0.00 0.00 0.62 2.03 3.14 4.28 5.16 5.26 4.78 4.14 2.72 0.99 0.00 0.00 0.00 0.00 0.00
0.00 0.00 0.00 0.00 0.00 0.00 0.00 0.00 0.00 0.11 0.29 0.43 0.56 0.72 0.73 0.67 0.44 0.28 0.09 0.00 0.00 0.00 0.00 0.00
0.00 0.00 0.00 0.00 0.00 0.00 0.00 0.00 0.00 0.73 2.29 3.45 4.61 5.76 5.76 5.22 2.37 1.55 0.57 0.00 0.00 0.00 0.00 0.00
0.00 0.00 0.00 0.00 0.00 0.00 0.00 0.00 0.00 0.47 1.87 2.81 3.67 3.92 3.95 3.60 1.88 1.21 0.42 0.00 0.00 0.00 0.00 0.00
0.00 0.00 0.00 0.00 0.00 0.00 0.00 0.00 0.00 0.64 2.58 3.88 5.06 5.41 5.45 4.96 2.59 1.67 0.59 0.00 0.00 0.00 0.00 0.00
0.00 0.00 0.00 0.00 0.00 0.00 0.00 0.00 0.00 0.44 1.76 2.64 3.45 3.68 3.71 3.38 1.76 1.13 0.40 0.00 0.00 0.00 0.00 0.00
0.00 0.00 0.00 0.00 0.00 0.00 0.00 0.00 0.00 0.39 1.22 1.84 2.46 3.07 3.07 2.78 1.26 0.83 0.31 0.00 0.00 0.00 0.00 0.00
0.00 0.00 0.00 0.00 0.00 0.00 0.00 0.00 0.00 0.45 1.31 1.96 2.49 2.27 2.32 2.11 1.45 0.93 0.32 0.00 0.00 0.00 0.00 0.00
0.00 0.00 0.00 0.00 0.00 0.00 0.00 0.00 0.00 0.38 1.09 1.65 2.17 2.29 2.38 2.22 1.52 1.00 0.41 0.00 0.00 0.00 0.00 0.00
0.00 0.00 0.00 0.00 0.00 0.00 0.00 0.00 0.00 3.95 13.81 21.27 29.93 39.11 40.76 38.77 32.04 21.54 10.50 0.00 0.00 0.00 0.00 0.00
0.00 0.00 0.00 0.00 0.00 0.00 0.00 0.00 0.00 0.44 1.74 2.70 3.70 3.35 3.48 3.28 2.94 1.99 0.85 0.00 0.00 0.00 0.00 0.00
0.00 0.00 0.00 0.00 0.00 0.00 0.00 0.00 0.00 0.57 1.67 2.55 3.51 4.94 5.04 4.72 2.35 1.56 0.64 0.00 0.00 0.00 0.00 0.00
0.00 0.00 0.00 0.00 0.00 0.00 0.00 0.00 0.00 0.26 0.76 1.17 1.61 2.27 2.31 2.16 1.08 0.72 0.29 0.00 0.00 0.00 0.00 0.00
0.00 0.00 0.00 0.00 0.00 0.00 0.00 0.00 0.00 0.53 2.33 3.62 4.93 4.44 4.60 4.33 3.35 2.28 0.97 0.00 0.00 0.00 0.00 0.00
0.00 0.00 0.00 0.00 0.00 0.00 0.00 0.00 0.00 0.21 0.64 0.98 1.33 1.36 1.40 1.31 1.31 0.87 0.35 0.00 0.00 0.00 0.00 0.00
0.00 0.00 0.00 0.00 0.00 0.00 0.00 0.00 0.00 1.45 9.93 15.95 21.76 28.13 30.22 28.86 32.00 23.01 10.89 0.00 0.00 0.00 0.00 0.00
0.00 0.00 0.00 0.00 0.00 0.00 0.00 0.00 0.00 0.75 5.57 9.34 13.04 11.87 12.05 11.10 8.66 5.83 2.41 0.00 0.00 0.00 0.00 0.00
0.00 0.00 0.00 0.00 0.00 0.00 0.00 0.00 0.00 0.16 1.11 1.85 2.57 2.50 2.53 2.33 2.15 1.44 0.61 0.00 0.00 0.00 0.00 0.00
0.00 0.00 0.00 0.00 0.00 0.00 0.00 0.00 0.00 0.19 0.91 1.50 2.08 3.31 3.41 3.15 3.07 2.05 0.88 0.00 0.00 0.00 0.00 0.00
0.00 0.00 0.00 0.00 0.00 0.00 0.00 0.00 0.00 0.30 1.45 2.40 3.33 5.30 5.46 5.04 4.91 3.28 1.41 0.00 0.00 0.00 0.00 0.00
0.00 0.00 0.00 0.00 0.00 0.00 0.00 0.00 0.00 7.15 61.25 106.01 153.13 341.06 354.79 329.17 279.30 188.30 94.53 0.00 0.00 0.00 0.00 0.00
