0.00 0.00 0.00 0.00 0.00 0.00 0.00 0.00 0.48 1.36 2.34 3.22 3.98 4.45 4.58 4.38 3.90 2.99 1.90 0.62 0.00 0.00 0.00 0.00
0.00 0.00 0.00 0.00 0.00 0.00 0.00 0.00 15.12 34.12 53.15 68.25 82.57 91.09 88.94 82.84 68.25 50.61 32.23 6.69 0.00 0.00 0.00 0.00
0.00 0.00 0.00 0.00 0.00 0.00 0.00 0.00 11.03 31.16 53.56 73.72 90.94 101.85 104.84 100.17 89.16 68.27 43.46 14.16 0.00 0.00 0.00 0.00
0.00 0.00 0.00 0.00 0.00 0.00 0.00 0.00 39.21 110.76 190.34 262.01 323.20 361.99 372.59 356.01 316.86 242.61 154.44 50.32 0.00 0.00 0.00 0.00
0.00 0.00 0.00 0.00 0.00 0.00 0.00 0.00 3.00 5.98 8.77 11.09 12.70 13.90 13.54 12.42 10.43 7.63 4.81 0.73 0.00 0.00 0.00 0.00
0.00 0.00 0.00 0.00 0.00 0.00 0.00 0.00 76.92 237.87 408.22 566.17 698.09 775.30 797.58 780.50 729.82 560.25 359.22 126.06 0.45 0.00 0.00 0.00
0.00 0.00 0.00 0.00 0.00 0.00 0.00 0.00 1.52 3.24 5.10 6.67 7.95 8.51 8.61 8.02 6.90 5.13 3.25 0.74 0.00 0.00 0.00 0.00
0.00 0.00 0.00 0.00 0.00 0.00 0.00 0.00 0.89 1.97 3.09 4.06 4.75 5.25 5.20 4.88 4.38 3.28 2.03 0.45 0.00 0.00 0.00 0.00
0.00 0.00 0.00 0.00 0.00 0.00 0.00 0.00 1.42 3.15 4.94 6.50 7.59 8.40 8.31 7.81 7.01 5.25 3.25 0.72 0.00 0.00 0.00 0.00
0.00 0.00 0.00 0.00 0.00 0.00 0.00 0.00 1.42 3.15 4.94 6.50 7.59 8.40 8.31 7.81 7.01 5.25 3.25 0.72 0.00 0.00 0.00 0.00
0.00 0.00 0.00 0.00 0.00 0.00 0.00 0.00 2.97 6.90 11.23 15.02 18.16 20.61 20.86 19.56 16.84 12.41 7.65 1.65 0.00 0.00 0.00 0.00
0.00 0.00 0.00 0.00 0.00 0.00 0.00 0.00 1.40 3.24 5.31 7.17 8.67 9.88 9.87 9.23 7.93 5.85 3.57 0.76 0.00 0.00 0.00 0.00
0.00 0.00 0.00 0.00 0.00 0.00 0.00 0.00 1.80 4.16 6.83 9.22 11.15 12.71 12.69 11.87 10.20 7.52 4.59 0.97 0.00 0.00 0.00 0.00
0.00 0.00 0.00 0.00 0.00 0.00 0.00 0.00 1.20 2.77 4.55 6.14 7.43 8.47 8.46 7.91 6.80 5.01 3.06 0.65 0.00 0.00 0.00 0.00
0.00 0.00 0.00 0.00 0.00 0.00 0.00 0.00 1.20 2.77 4.55 6.14 7.43 8.47 8.46 7.91 6.80 5.01 3.06 0.65 0.00 0.00 0.00 0.00
0.00 0.00 0.00 0.00 0.00 0.00 0.00 0.00 15.17 38.17 64.15 85.81 102.41 108.36 109.01 102.62 79.98 60.05 36.21 10.21 0.00 0.00 0.00 0.00
0.00 0.00 0.00 0.00 0.00 0.00 0.00 0.00 9.07 20.67 33.46 44.42 53.45 60.53 61.19 57.07 50.51 37.24 23.08 5.19 0.00 0.00 0.00 0.00
0.00 0.00 0.00 0.00 0.00 0.00 0.00 0.00 7.41 17.12 27.90 36.95 44.09 49.34 49.01 46.35 41.03 30.92 19.50 4.80 0.00 0.00 0.00 0.00
0.00 0.00 0.00 0.00 0.00 0.00 0.00 0.00 22.69 70.16 120.41 167.00 205.91 228.69 235.26 230.22 215.27 165.25 105.96 37.18 0.13 0.00 0.00 0.00
0.00 0.00 0.00 0.00 0.00 0.00 0.00 0.00 21.58 66.74 114.54 158.85 195.87 217.53 223.78 218.99 204.77 157.19 100.79 35.37 0.13 0.00 0.00 0.00
0.00 0.00 0.00 0.00 0.00 0.00 0.00 0.00 41.50 128.35 220.27 305.49 376.67 418.33 430.35 421.13 393.79 302.29 193.82 68.02 0.24 0.00 0.00 0.00
0.00 0.00 0.00 0.00 0.00 0.00 0.00 0.00 40.81 126.21 216.59 300.40 370.39 411.36 423.18 414.12 387.22 297.26 190.59 66.88 0.24 0.00 0.00 0.00
0.00 0.00 0.00 0.00 0.00 0.00 0.00 0.00 50.32 143.57 244.84 336.29 418.59 466.92 481.13 458.03 409.16 315.71 202.21 67.98 0.00 0.00 0.00 0.00
0.00 0.00 0.00 0.00 0.00 0.00 0.00 0.00 0.89 1.97 3.09 4.06 4.75 5.25 5.20 4.88 4.38 3.28 2.03 0.45 0.00 0.00 0.00 0.00
0.00 0.00 0.00 0.00 0.00 0.00 0.00 0.00 4.49 9.97 15.63 20.59 24.05 26.59 26.33 24.73 22.19 16.64 10.31 2.28 0.00 0.00 0.00 0.00
0.00 0.00 0.00 0.00 0.00 0.00 0.00 0.00 22.91 50.90 79.81 105.14 122.78 135.75 134.42 126.23 113.28 84.93 52.61 11.65 0.00 0.00 0.00 0.00
0.00 0.00 0.00 0.00 0.00 0.00 0.00 0.00 1.55 4.79 8.22 11.40 14.06 15.62 16.07 15.72 14.70 11.29 7.24 2.54 0.01 0.00 0.00 0.00
0.00 0.00 0.00 0.00 0.00 0.00 0.00 0.00 38.60 109.03 187.37 257.92 318.17 356.34 366.79 350.46 311.92 238.83 152.04 49.53 0.00 0.00 0.00 0.00
0.00 0.00 0.00 0.00 0.00 0.00 0.00 0.00 3.83 10.07 16.78 23.00 28.31 31.73 31.84 29.79 25.69 19.23 12.63 3.24 0.00 0.00 0.00 0.00
0.00 0.00 0.00 0.00 0.00 0.00 0.00 0.00 23.37 58.07 96.02 130.44 158.02 175.15 180.25 169.22 145.25 112.00 70.27 20.69 0.00 0.00 0.00 0.00
0.00 0.00 0.00 0.00 0.00 0.00 0.00 0.00 0.64 1.82 3.12 4.30 5.30 5.94 6.11 5.84 5.20 3.98 2.53 0.83 0.00 0.00 0.00 0.00
0.00 0.00 0.00 0.00 0.00 0.00 0.00 0.00 28.95 81.77 140.53 193.44 238.63 267.26 275.09 262.85 233.94 179.12 114.03 37.15 0.00 0.00 0.00 0.00
0.00 0.00 0.00 0.00 0.00 0.00 0.00 0.00 37.15 104.94 180.35 248.25 306.24 342.98 353.03 337.32 300.22 229.87 146.34 47.68 0.00 0.00 0.00 0.00
0.00 0.00 0.00 0.00 0.00 0.00 0.00 0.00 66.36 189.34 322.89 443.48 552.01 615.75 634.48 604.03 539.59 416.34 266.67 89.65 0.00 0.00 0.00 0.00
0.00 0.00 0.00 0.00 0.00 0.00 0.00 0.00 2.12 5.03 8.37 11.30 13.75 15.54 15.59 14.54 12.48 9.30 5.72 1.27 0.00 0.00 0.00 0.00
0.00 0.00 0.00 0.00 0.00 0.00 0.00 0.00 2.68 6.31 10.52 14.21 17.26 19.66 19.69 18.30 15.56 11.60 7.10 1.52 0.00 0.00 0.00 0.00
0.00 0.00 0.00 0.00 0.00 0.00 0.00 0.00 15.80 41.55 69.21 94.86 116.77 130.89 131.34 122.88 105.95 79.32 52.09 13.37 0.00 0.00 0.00 0.00
0.00 0.00 0.00 0.00 0.00 0.00 0.00 0.00 41.40 127.67 226.19 308.77 383.73 446.82 463.49 441.35 376.87 294.63 193.51 73.98 5.54 0.00 0.00 0.00
0.00 0.00 0.00 0.00 0.00 0.00 0.00 0.00 0.72 1.62 2.61 3.51 4.22 4.70 4.72 4.36 3.81 2.84 1.77 0.42 0.00 0.00 0.00 0.00
0.00 0.00 0.00 0.00 0.00 0.00 0.00 0.00 10.45 27.98 46.92 64.04 78.22 87.81 89.40 85.24 76.65 58.26 36.40 11.48 0.00 0.00 0.00 0.00
0.00 0.00 0.00 0.00 0.00 0.00 0.00 0.00 2.34 8.28 15.10 21.33 26.51 29.72 30.33 28.64 24.49 18.92 12.60 4.76 0.31 0.00 0.00 0.00
0.00 0.00 0.00 0.00 0.00 0.00 0.00 0.00 1.83 3.83 5.87 7.57 8.98 9.63 9.79 9.17 7.82 5.73 3.65 0.79 0.00 0.00 0.00 0.00
0.00 0.00 0.00 0.00 0.00 0.00 0.00 0.00 0.92 1.91 2.94 3.79 4.49 4.81 4.89 4.58 3.91 2.87 1.82 0.40 0.00 0.00 0.00 0.00
0.00 0.00 0.00 0.00 0.00 0.00 0.00 0.00 2.00 4.18 6.42 8.28 9.82 10.53 10.70 10.02 8.55 6.27 3.99 0.87 0.00 0.00 0.00 0.00
0.00 0.00 0.00 0.00 0.00 0.00 0.00 0.00 2.38 5.00 7.83 10.13 11.92 12.72 12.73 12.08 10.41 7.70 4.89 1.05 0.00 0.00 0.00 0.00
0.00 0.00 0.00 0.00 0.00 0.00 0.00 0.00 3.62 7.61 11.93 15.44 18.17 19.38 19.39 18.41 15.86 11.74 7.45 1.60 0.00 0.00 0.00 0.00
0.00 0.00 0.00 0.00 0.00 0.00 0.00 0.00 3.06 6.53 10.27 13.50 15.97 17.22 17.35 16.28 14.07 10.46 6.65 1.57 0.00 0.00 0.00 0.00
0.00 0.00 0.00 0.00 0.00 0.00 0.00 0.00 2.09 4.90 7.97 10.65 12.94 14.05 14.35 13.73 11.63 8.65 5.38 1.51 0.00 0.00 0.00 0.00
0.00 0.00 0.00 0.00 0.00 0.00 0.00 0.00 5.41 12.66 20.58 27.51 33.43 36.29 37.06 35.47 30.04 22.35 13.90 3.90 0.00 0.00 0.00 0.00
0.00 0.00 0.00 0.00 0.00 0.00 0.00 0.00 1.37 3.29 5.33 7.24 8.80 9.55 9.62 9.01 7.78 5.88 3.67 1.03 0.00 0.00 0.00 0.00
0.00 0.00 0.00 0.00 0.00 0.00 0.00 0.00 3.47 7.51 11.67 15.60 18.45 20.52 20.66 18.82 16.27 11.93 7.41 1.60 0.00 0.00 0.00 0.00
0.00 0.00 0.00 0.00 0.00 0.00 0.00 0.00 5.54 11.95 19.04 25.10 30.15 32.63 32.59 30.27 26.67 19.84 12.35 2.72 0.00 0.00 0.00 0.00
0.00 0.00 0.00 0.00 0.00 0.00 0.00 0.00 0.93 1.87 2.82 3.53 4.05 4.37 4.32 4.00 3.44 2.49 1.57 0.26 0.00 0.00 0.00 0.00
0.00 0.00 0.00 0.00 0.00 0.00 0.00 0.00 5.09 10.60 16.13 20.75 24.49 27.14 26.70 24.70 21.32 15.42 9.67 1.89 0.00 0.00 0.00 0.00
0.00 0.00 0.00 0.00 0.00 0.00 0.00 0.00 3.49 7.13 10.77 13.68 15.70 17.35 17.08 16.02 13.83 10.18 6.39 1.15 0.00 0.00 0.00 0.00
0.00 0.00 0.00 0.00 0.00 0.00 0.00 0.00 4.82 9.84 14.86 18.87 21.66 23.95 23.57 22.10 19.09 14.04 8.82 1.59 0.00 0.00 0.00 0.00
0.00 0.00 0.00 0.00 0.00 0.00 0.00 0.00 3.28 6.70 10.12 12.86 14.76 16.31 16.05 15.05 13.00 9.57 6.01 1.09 0.00 0.00 0.00 0.00
0.00 0.00 0.00 0.00 0.00 0.00 0.00 0.00 2.71 5.65 8.60 11.07 13.06 14.47 14.24 13.17 11.37 8.22 5.16 1.01 0.00 0.00 0.00 0.00
0.00 0.00 0.00 0.00 0.00 0.00 0.00 0.00 2.66 5.36 7.90 10.18 11.73 12.96 12.71 11.71 9.94 7.28 4.58 0.73 0.00 0.00 0.00 0.00
0.00 0.00 0.00 0.00 0.00 0.00 0.00 0.00 2.54 5.64 8.84 11.65 13.61 15.04 14.90 13.99 12.55 9.41 5.83 1.29 0.00 0.00 0.00 0.00
0.00 0.00 0.00 0.00 0.00 0.00 0.00 0.00 19.74 49.69 83.50 111.69 133.30 141.05 141.88 133.57 104.10 78.16 47.13 13.29 0.00 0.00 0.00 0.00
0.00 0.00 0.00 0.00 0.00 0.00 0.00 0.00 3.37 7.81 12.72 17.03 20.58 23.35 23.65 22.17 19.08 14.06 8.67 1.87 0.00 0.00 0.00 0.00
0.00 0.00 0.00 0.00 0.00 0.00 0.00 0.00 5.32 11.88 19.16 25.66 30.46 34.91 34.73 32.35 27.77 20.26 12.69 2.92 0.00 0.00 0.00 0.00
0.00 0.00 0.00 0.00 0.00 0.00 0.00 0.00 2.44 5.44 8.78 11.76 13.96 16.00 15.92 14.83 12.73 9.29 5.82 1.34 0.00 0.00 0.00 0.00
0.00 0.00 0.00 0.00 0.00 0.00 0.00 0.00 4.15 9.63 15.68 20.89 25.22 28.57 29.05 27.20 23.54 17.41 10.79 2.33 0.00 0.00 0.00 0.00
0.00 0.00 0.00 0.00 0.00 0.00 0.00 0.00 1.76 3.94 6.33 8.52 10.25 11.41 11.47 10.58 9.26 6.89 4.29 1.01 0.00 0.00 0.00 0.00
0.00 0.00 0.00 0.00 0.00 0.00 0.00 0.00 16.36 43.01 71.66 98.21 120.89 135.51 135.98 127.23 109.70 82.13 53.93 13.84 0.00 0.00 0.00 0.00
0.00 0.00 0.00 0.00 0.00 0.00 0.00 0.00 5.59 13.89 22.96 31.19 37.79 41.88 43.10 40.46 34.73 26.78 16.80 4.95 0.00 0.00 0.00 0.00
0.00 0.00 0.00 0.00 0.00 0.00 0.00 0.00 1.25 3.14 5.21 7.02 8.51 9.44 9.71 9.25 7.86 5.93 3.78 1.11 0.00 0.00 0.00 0.00
0.00 0.00 0.00 0.00 0.00 0.00 0.00 0.00 1.57 3.95 6.62 9.06 11.11 12.43 12.38 11.57 10.11 7.55 4.78 1.37 0.00 0.00 0.00 0.00
0.00 0.00 0.00 0.00 0.00 0.00 0.00 0.00 2.52 6.31 10.59 14.49 17.78 19.89 19.82 18.52 16.18 12.08 7.65 2.20 0.00 0.00 0.00 0.00
0.00 0.00 0.00 0.00 0.00 0.00 0.00 0.00 42.19 130.49 223.94 310.58 382.94 425.30 437.52 428.15 400.35 307.33 197.05 69.15 0.25 0.00 0.00 0.00
