0.00 0.00 0.00 0.00 0.00 0.00 0.00 0.00 0.00 0.15 1.20 1.99 2.67 3.07 3.20 2.91 2.34 1.64 0.73 0.00 0.00 0.00 0.00 0.00
0.00 0.00 0.00 0.00 0.00 0.00 0.00 0.00 0.00 8.83 26.37 39.86 50.12 53.94 56.02 50.12 39.89 26.93 10.84 0.00 0.00 0.00 0.00 0.00
0.00 0.00 0.00 0.00 0.00 0.00 0.00 0.00 0.00 3.53 27.39 45.56 61.02 70.30 73.24 66.57 53.57 37.48 16.70 0.00 0.00 0.00 0.00 0.00
0.00 0.00 0.00 0.00 0.00 0.00 0.00 0.00 0.00 12.55 97.33 161.91 216.86 249.84 260.31 236.58 190.38 133.22 59.36 0.00 0.00 0.00 0.00 0.00
0.00 0.00 0.00 0.00 0.00 0.00 0.00 0.00 0.00 1.73 4.60 6.82 8.38 9.03 8.99 7.80 6.09 3.86 1.13 0.00 0.00 0.00 0.00 0.00
0.00 0.00 0.00 0.00 0.00 0.00 0.00 0.00 0.00 25.28 217.17 365.42 491.20 570.80 603.02 559.84 456.29 319.22 152.83 0.00 0.00 0.00 0.00 0.00
0.00 0.00 0.00 0.00 0.00 0.00 0.00 0.00 0.00 0.68 2.53 3.85 4.90 5.47 5.47 4.87 3.65 2.33 0.68 0.00 0.00 0.00 0.00 0.00
0.00 0.00 0.00 0.00 0.00 0.00 0.00 0.00 0.00 0.43 1.55 2.34 2.93 3.15 3.22 2.87 2.30 1.54 0.59 0.00 0.00 0.00 0.00 0.00
0.00 0.00 0.00 0.00 0.00 0.00 0.00 0.00 0.00 0.68 2.47 3.74 4.69 5.04 5.15 4.59 3.68 2.46 0.95 0.00 0.00 0.00 0.00 0.00
0.00 0.00 0.00 0.00 0.00 0.00 0.00 0.00 0.00 0.68 2.47 3.74 4.69 5.04 5.15 4.59 3.68 2.46 0.95 0.00 0.00 0.00 0.00 0.00
0.00 0.00 0.00 0.00 0.00 0.00 0.00 0.00 0.00 1.61 5.59 8.45 10.94 12.26 12.40 11.10 8.84 5.97 2.36 0.00 0.00 0.00 0.00 0.00
0.00 0.00 0.00 0.00 0.00 0.00 0.00 0.00 0.00 0.78 2.66 4.00 5.17 5.81 5.90 5.28 4.13 2.79 1.10 0.00 0.00 0.00 0.00 0.00
0.00 0.00 0.00 0.00 0.00 0.00 0.00 0.00 0.00 1.00 3.41 5.15 6.65 7.48 7.59 6.79 5.31 3.58 1.42 0.00 0.00 0.00 0.00 0.00
0.00 0.00 0.00 0.00 0.00 0.00 0.00 0.00 0.00 0.67 2.28 3.43 4.44 4.98 5.06 4.52 3.54 2.39 0.95 0.00 0.00 0.00 0.00 0.00
0.00 0.00 0.00 0.00 0.00 0.00 0.00 0.00 0.00 0.67 2.28 3.43 4.44 4.98 5.06 4.52 3.54 2.39 0.95 0.00 0.00 0.00 0.00 0.00
0.00 0.00 0.00 0.00 0.00 0.00 0.00 0.00 0.00 9.98 30.08 46.77 60.83 70.85 75.00 67.74 52.97 35.38 16.35 0.00 0.00 0.00 0.00 0.00
0.00 0.00 0.00 0.00 0.00 0.00 0.00 0.00 0.00 4.89 16.73 25.22 33.08 37.90 37.96 33.42 26.20 17.56 6.70 0.00 0.00 0.00 0.00 0.00
0.00 0.00 0.00 0.00 0.00 0.00 0.00 0.00 0.00 3.71 13.73 20.92 26.53 30.23 30.87 27.01 21.48 14.42 5.50 0.00 0.00 0.00 0.00 0.00
0.00 0.00 0.00 0.00 0.00 0.00 0.00 0.00 0.00 7.46 64.06 107.78 144.89 168.36 177.87 165.13 134.59 94.16 45.08 0.00 0.00 0.00 0.00 0.00
0.00 0.00 0.00 0.00 0.00 0.00 0.00 0.00 0.00 7.09 60.93 102.53 137.82 160.15 169.19 157.08 128.02 89.57 42.88 0.00 0.00 0.00 0.00 0.00
0.00 0.00 0.00 0.00 0.00 0.00 0.00 0.00 0.00 13.64 117.18 197.17 265.03 307.98 325.37 302.07 246.20 172.24 82.46 0.00 0.00 0.00 0.00 0.00
0.00 0.00 0.00 0.00 0.00 0.00 0.00 0.00 0.00 13.41 115.23 193.88 260.62 302.85 319.95 297.04 242.09 169.37 81.09 0.00 0.00 0.00 0.00 0.00
0.00 0.00 0.00 0.00 0.00 0.00 0.00 0.00 0.00 11.73 120.23 204.64 277.65 319.56 336.80 304.93 245.65 171.29 75.18 0.00 0.00 0.00 0.00 0.00
0.00 0.00 0.00 0.00 0.00 0.00 0.00 0.00 0.00 0.43 1.55 2.34 2.93 3.15 3.22 2.87 2.30 1.54 0.59 0.00 0.00 0.00 0.00 0.00
0.00 0.00 0.00 0.00 0.00 0.00 0.00 0.00 0.00 2.16 7.83 11.84 14.86 15.96 16.30 14.55 11.64 7.80 3.00 0.00 0.00 0.00 0.00 0.00
0.00 0.00 0.00 0.00 0.00 0.00 0.00 0.00 0.00 11.04 39.98 60.43 75.85 81.47 83.22 74.27 59.43 39.84 15.33 0.00 0.00 0.00 0.00 0.00
0.00 0.00 0.00 0.00 0.00 0.00 0.00 0.00 0.00 0.51 4.37 7.36 9.89 11.50 12.15 11.28 9.19 6.43 3.08 0.00 0.00 0.00 0.00 0.00
0.00 0.00 0.00 0.00 0.00 0.00 0.00 0.00 0.00 12.35 95.82 159.39 213.48 245.95 256.25 232.89 187.41 131.14 58.43 0.00 0.00 0.00 0.00 0.00
0.00 0.00 0.00 0.00 0.00 0.00 0.00 0.00 0.00 1.93 8.30 13.03 16.85 19.37 20.33 18.39 15.07 10.50 4.70 0.00 0.00 0.00 0.00 0.00
0.00 0.00 0.00 0.00 0.00 0.00 0.00 0.00 0.00 7.49 47.90 78.21 103.60 117.68 119.69 108.05 82.73 55.79 21.26 0.00 0.00 0.00 0.00 0.00
0.00 0.00 0.00 0.00 0.00 0.00 0.00 0.00 0.00 0.21 1.60 2.66 3.56 4.10 4.27 3.88 3.12 2.19 0.97 0.00 0.00 0.00 0.00 0.00
0.00 0.00 0.00 0.00 0.00 0.00 0.00 0.00 0.00 9.26 71.86 119.54 160.11 184.46 192.19 174.67 140.56 98.36 43.83 0.00 0.00 0.00 0.00 0.00
0.00 0.00 0.00 0.00 0.00 0.00 0.00 0.00 0.00 11.89 92.22 153.41 205.48 236.72 246.64 224.15 180.38 126.22 56.24 0.00 0.00 0.00 0.00 0.00
0.00 0.00 0.00 0.00 0.00 0.00 0.00 0.00 0.00 15.47 158.56 269.87 366.15 421.42 444.15 402.13 323.95 225.89 99.14 0.00 0.00 0.00 0.00 0.00
0.00 0.00 0.00 0.00 0.00 0.00 0.00 0.00 0.00 1.05 4.15 6.26 8.08 8.84 9.12 8.28 6.64 4.52 1.87 0.00 0.00 0.00 0.00 0.00
0.00 0.00 0.00 0.00 0.00 0.00 0.00 0.00 0.00 1.40 5.14 7.76 10.01 11.20 11.63 10.49 8.27 5.63 2.30 0.00 0.00 0.00 0.00 0.00
0.00 0.00 0.00 0.00 0.00 0.00 0.00 0.00 0.00 7.96 34.25 53.74 69.50 79.90 83.87 75.88 62.18 43.32 19.39 0.00 0.00 0.00 0.00 0.00
0.00 0.00 0.00 0.00 0.00 0.00 0.00 0.00 0.00 0.00 92.14 171.66 239.84 297.09 308.26 278.14 227.57 158.19 67.90 0.00 0.00 0.00 0.00 0.00
0.00 0.00 0.00 0.00 0.00 0.00 0.00 0.00 0.00 0.40 1.32 1.98 2.56 2.89 2.93 2.58 1.99 1.32 0.49 0.00 0.00 0.00 0.00 0.00
0.00 0.00 0.00 0.00 0.00 0.00 0.00 0.00 0.00 3.17 23.23 38.42 51.75 60.27 62.27 56.15 43.88 30.25 12.74 0.00 0.00 0.00 0.00 0.00
0.00 0.00 0.00 0.00 0.00 0.00 0.00 0.00 0.00 0.74 7.71 13.32 18.36 21.92 23.30 21.91 18.09 12.54 6.42 0.00 0.00 0.00 0.00 0.00
0.00 0.00 0.00 0.00 0.00 0.00 0.00 0.00 0.00 0.83 3.00 4.53 5.69 6.33 6.38 5.53 4.28 2.70 0.74 0.00 0.00 0.00 0.00 0.00
0.00 0.00 0.00 0.00 0.00 0.00 0.00 0.00 0.00 0.41 1.50 2.26 2.84 3.16 3.19 2.76 2.14 1.35 0.37 0.00 0.00 0.00 0.00 0.00
0.00 0.00 0.00 0.00 0.00 0.00 0.00 0.00 0.00 0.90 3.28 4.95 6.22 6.92 6.98 6.04 4.68 2.95 0.81 0.00 0.00 0.00 0.00 0.00
0.00 0.00 0.00 0.00 0.00 0.00 0.00 0.00 0.00 1.10 3.90 5.86 7.39 8.29 8.40 7.36 5.65 3.59 1.03 0.00 0.00 0.00 0.00 0.00
0.00 0.00 0.00 0.00 0.00 0.00 0.00 0.00 0.00 1.68 5.94 8.94 11.27 12.64 12.80 11.22 8.61 5.47 1.56 0.00 0.00 0.00 0.00 0.00
0.00 0.00 0.00 0.00 0.00 0.00 0.00 0.00 0.00 1.36 5.12 7.78 9.93 11.27 11.24 10.08 7.52 4.81 1.43 0.00 0.00 0.00 0.00 0.00
0.00 0.00 0.00 0.00 0.00 0.00 0.00 0.00 0.00 0.69 3.86 6.21 8.13 9.39 9.41 8.37 6.31 4.16 1.42 0.00 0.00 0.00 0.00 0.00
0.00 0.00 0.00 0.00 0.00 0.00 0.00 0.00 0.00 1.79 9.98 16.06 21.01 24.26 24.32 21.63 16.31 10.74 3.66 0.00 0.00 0.00 0.00 0.00
0.00 0.00 0.00 0.00 0.00 0.00 0.00 0.00 0.00 0.47 2.57 4.13 5.54 6.38 6.50 5.69 4.45 2.97 1.09 0.00 0.00 0.00 0.00 0.00
0.00 0.00 0.00 0.00 0.00 0.00 0.00 0.00 0.00 1.93 5.98 8.90 11.23 12.50 12.88 11.14 8.68 5.69 1.97 0.00 0.00 0.00 0.00 0.00
0.00 0.00 0.00 0.00 0.00 0.00 0.00 0.00 0.00 2.81 9.62 14.47 18.35 20.60 20.78 18.50 14.25 9.25 3.02 0.00 0.00 0.00 0.00 0.00
0.00 0.00 0.00 0.00 0.00 0.00 0.00 0.00 0.00 0.54 1.45 2.13 2.58 2.74 2.80 2.46 1.92 1.22 0.35 0.00 0.00 0.00 0.00 0.00
0.00 0.00 0.00 0.00 0.00 0.00 0.00 0.00 0.00 2.94 8.12 12.14 14.82 16.02 16.42 14.62 11.11 7.22 2.42 0.00 0.00 0.00 0.00 0.00
0.00 0.00 0.00 0.00 0.00 0.00 0.00 0.00 0.00 1.96 5.34 8.03 9.90 10.72 10.87 9.63 7.33 4.71 1.48 0.00 0.00 0.00 0.00 0.00
0.00 0.00 0.00 0.00 0.00 0.00 0.00 0.00 0.00 2.70 7.37 11.08 13.66 14.79 15.00 13.29 10.11 6.50 2.04 0.00 0.00 0.00 0.00 0.00
0.00 0.00 0.00 0.00 0.00 0.00 0.00 0.00 0.00 1.84 5.02 7.55 9.31 10.07 10.22 9.05 6.89 4.43 1.39 0.00 0.00 0.00 0.00 0.00
0.00 0.00 0.00 0.00 0.00 0.00 0.00 0.00 0.00 1.57 4.33 6.47 7.90 8.54 8.76 7.80 5.92 3.85 1.29 0.00 0.00 0.00 0.00 0.00
0.00 0.00 0.00 0.00 0.00 0.00 0.00 0.00 0.00 1.53 4.08 6.01 7.50 8.22 8.21 7.15 5.56 3.54 1.07 0.00 0.00 0.00 0.00 0.00
0.00 0.00 0.00 0.00 0.00 0.00 0.00 0.00 0.00 1.22 4.43 6.70 8.41 9.03 9.22 8.23 6.59 4.41 1.70 0.00 0.00 0.00 0.00 0.00
0.00 0.00 0.00 0.00 0.00 0.00 0.00 0.00 0.00 12.98 39.15 60.88 79.17 92.22 97.62 88.17 68.94 46.05 21.28 0.00 0.00 0.00 0.00 0.00
0.00 0.00 0.00 0.00 0.00 0.00 0.00 0.00 0.00 1.82 6.33 9.57 12.40 13.90 14.06 12.58 10.02 6.76 2.68 0.00 0.00 0.00 0.00 0.00
0.00 0.00 0.00 0.00 0.00 0.00 0.00 0.00 0.00 2.98 9.64 14.38 18.70 20.79 20.75 18.36 14.38 9.59 3.59 0.00 0.00 0.00 0.00 0.00
0.00 0.00 0.00 0.00 0.00 0.00 0.00 0.00 0.00 1.37 4.42 6.59 8.57 9.53 9.51 8.41 6.59 4.39 1.64 0.00 0.00 0.00 0.00 0.00
0.00 0.00 0.00 0.00 0.00 0.00 0.00 0.00 0.00 2.25 7.83 11.84 15.29 17.18 17.42 15.45 12.38 8.36 3.29 0.00 0.00 0.00 0.00 0.00
0.00 0.00 0.00 0.00 0.00 0.00 0.00 0.00 0.00 0.96 3.20 4.81 6.21 7.02 7.12 6.28 4.84 3.21 1.19 0.00 0.00 0.00 0.00 0.00
0.00 0.00 0.00 0.00 0.00 0.00 0.00 0.00 0.00 8.24 35.46 55.64 71.96 82.72 86.83 78.56 64.38 44.85 20.07 0.00 0.00 0.00 0.00 0.00
0.00 0.00 0.00 0.00 0.00 0.00 0.00 0.00 0.00 1.79 11.46 18.70 24.77 28.14 28.62 25.84 19.78 13.34 5.08 0.00 0.00 0.00 0.00 0.00
0.00 0.00 0.00 0.00 0.00 0.00 0.00 0.00 0.00 0.42 2.56 4.17 5.58 6.39 6.38 5.82 4.51 3.05 1.19 0.00 0.00 0.00 0.00 0.00
0.00 0.00 0.00 0.00 0.00 0.00 0.00 0.00 0.00 0.58 3.16 5.08 6.64 7.78 7.93 7.18 5.61 3.81 1.52 0.00 0.00 0.00 0.00 0.00
0.00 0.00 0.00 0.00 0.00 0.00 0.00 0.00 0.00 0.93 5.06 8.13 10.63 12.44 12.69 11.49 8.98 6.10 2.44 0.00 0.00 0.00 0.00 0.00
0.00 0.00 0.00 0.00 0.00 0.00 0.00 0.00 0.00 13.87 119.13 200.45 269.45 313.12 330.79 307.10 250.30 175.11 83.84 0.00 0.00 0.00 0.00 0.00
