0.00 0.00 0.00 0.00 0.00 0.00 0.00 0.22 1.09 1.93 2.88 3.80 4.61 5.14 5.31 5.01 4.46 3.64 2.64 1.62 0.75 0.00 0.00 0.00
0.00 0.00 0.00 0.00 0.00 0.00 0.00 5.26 20.41 34.78 55.53 71.98 84.11 90.11 90.11 83.95 70.89 56.33 37.87 17.16 5.03 0.00 0.00 0.00
0.00 0.00 0.00 0.00 0.00 0.00 0.00 4.98 24.94 44.18 65.77 86.93 105.33 117.65 121.38 114.59 101.97 83.20 60.44 37.02 17.11 0.00 0.00 0.00
0.00 0.00 0.00 0.00 0.00 0.00 0.00 17.72 88.64 157.01 233.73 308.95 374.34 418.12 431.36 407.24 362.40 295.68 214.80 131.57 60.81 0.00 0.00 0.00
0.00 0.00 0.00 0.00 0.00 0.00 0.00 0.88 2.40 4.03 7.27 9.21 10.48 11.84 11.79 10.64 8.64 6.80 4.58 1.58 0.39 0.00 0.00 0.00
0.00 0.00 0.00 0.00 0.00 0.00 0.00 25.52 189.91 348.61 527.81 702.30 848.77 923.67 948.59 903.51 833.08 680.43 485.26 284.78 133.47 0.00 0.00 0.00
0.00 0.00 0.00 0.00 0.00 0.00 0.00 0.92 2.51 4.18 6.03 7.76 8.96 9.31 9.40 8.79 7.88 6.30 4.36 2.29 0.85 0.00 0.00 0.00
0.00 0.00 0.00 0.00 0.00 0.00 0.00 0.28 0.99 1.66 2.68 3.42 3.93 4.09 4.19 3.94 3.87 3.03 2.07 0.97 0.30 0.00 0.00 0.00
0.00 0.00 0.00 0.00 0.00 0.00 0.00 0.45 1.59 2.66 4.29 5.48 6.29 6.55 6.70 6.31 6.20 4.85 3.31 1.55 0.48 0.00 0.00 0.00
0.00 0.00 0.00 0.00 0.00 0.00 0.00 0.45 1.59 2.66 4.29 5.48 6.29 6.55 6.70 6.31 6.20 4.85 3.31 1.55 0.48 0.00 0.00 0.00
0.00 0.00 0.00 0.00 0.00 0.00 0.00 0.72 2.67 4.53 9.57 12.92 15.39 14.70 14.74 14.00 11.55 9.36 6.54 3.80 1.35 0.00 0.00 0.00
0.00 0.00 0.00 0.00 0.00 0.00 0.00 0.39 1.46 2.48 4.52 6.10 7.26 6.93 7.01 6.62 5.25 4.22 2.93 1.87 0.65 0.00 0.00 0.00
0.00 0.00 0.00 0.00 0.00 0.00 0.00 0.50 1.87 3.18 5.81 7.84 9.33 8.91 9.02 8.51 6.75 5.43 3.77 2.40 0.84 0.00 0.00 0.00
0.00 0.00 0.00 0.00 0.00 0.00 0.00 0.34 1.25 2.12 3.87 5.23 6.22 5.94 6.01 5.67 4.50 3.62 2.51 1.60 0.56 0.00 0.00 0.00
0.00 0.00 0.00 0.00 0.00 0.00 0.00 0.34 1.25 2.12 3.87 5.23 6.22 5.94 6.01 5.67 4.50 3.62 2.51 1.60 0.56 0.00 0.00 0.00
0.00 0.00 0.00 0.00 0.00 0.00 0.00 3.66 22.98 41.49 60.78 79.97 91.74 57.24 58.63 56.26 62.56 49.38 33.68 17.15 5.60 0.00 0.00 0.00
0.00 0.00 0.00 0.00 0.00 0.00 0.00 2.84 9.95 16.74 30.72 40.81 48.80 43.15 43.71 41.14 38.09 30.69 21.74 12.23 4.29 0.00 0.00 0.00
0.00 0.00 0.00 0.00 0.00 0.00 0.00 2.54 8.87 14.89 25.33 32.48 38.37 50.23 50.92 48.70 30.88 24.63 17.12 11.84 4.37 0.00 0.00 0.00
0.00 0.00 0.00 0.00 0.00 0.00 0.00 7.53 56.02 102.83 155.68 207.15 250.36 272.45 279.80 266.50 245.73 200.70 143.14 84.00 39.37 0.00 0.00 0.00
0.00 0.00 0.00 0.00 0.00 0.00 0.00 7.16 53.28 97.81 148.09 197.05 238.14 259.16 266.15 253.50 233.74 190.91 136.15 79.90 37.45 0.00 0.00 0.00
0.00 0.00 0.00 0.00 0.00 0.00 0.00 13.77 102.47 188.10 284.79 378.94 457.97 498.39 511.83 487.50 449.50 367.14 261.83 153.66 72.02 0.00 0.00 0.00
0.00 0.00 0.00 0.00 0.00 0.00 0.00 13.54 100.76 184.96 280.04 372.62 450.34 490.08 503.30 479.38 442.01 361.02 257.47 151.09 70.82 0.00 0.00 0.00
0.00 0.00 0.00 0.00 0.00 0.00 0.00 25.12 119.04 209.61 305.00 404.65 491.04 531.96 544.43 535.49 487.02 395.01 288.30 177.44 84.66 0.00 0.00 0.00
0.00 0.00 0.00 0.00 0.00 0.00 0.00 0.28 0.99 1.66 2.68 3.42 3.93 4.09 4.19 3.94 3.87 3.03 2.07 0.97 0.30 0.00 0.00 0.00
0.00 0.00 0.00 0.00 0.00 0.00 0.00 1.42 5.02 8.44 13.58 17.35 19.93 20.74 21.22 19.99 19.63 15.36 10.49 4.92 1.53 0.00 0.00 0.00
0.00 0.00 0.00 0.00 0.00 0.00 0.00 7.24 25.65 43.07 69.31 88.57 101.73 105.90 108.35 102.03 100.22 78.42 53.56 25.13 7.81 0.00 0.00 0.00
0.00 0.00 0.00 0.00 0.00 0.00 0.00 0.51 3.83 7.02 10.63 14.15 17.10 18.61 19.11 18.20 16.78 13.71 9.78 5.74 2.69 0.00 0.00 0.00
0.00 0.00 0.00 0.00 0.00 0.00 0.00 17.44 87.26 154.56 230.08 304.13 368.50 411.60 424.64 400.89 356.75 291.07 211.45 129.52 59.86 0.00 0.00 0.00
0.00 0.00 0.00 0.00 0.00 0.00 0.00 0.70 3.67 6.55 10.77 15.05 19.19 21.09 21.73 21.08 24.31 19.62 13.75 7.23 2.88 0.00 0.00 0.00
0.00 0.00 0.00 0.00 0.00 0.00 0.00 13.91 48.15 80.85 119.60 153.34 179.36 199.36 208.78 198.99 173.99 142.76 103.08 61.50 27.47 0.00 0.00 0.00
0.00 0.00 0.00 0.00 0.00 0.00 0.00 0.29 1.45 2.58 3.83 5.07 6.14 6.86 7.08 6.68 5.95 4.85 3.52 2.16 1.00 0.00 0.00 0.00
0.00 0.00 0.00 0.00 0.00 0.00 0.00 13.08 65.44 115.92 172.56 228.10 276.38 308.70 318.48 300.67 267.56 218.30 158.59 97.14 44.90 0.00 0.00 0.00
0.00 0.00 0.00 0.00 0.00 0.00 0.00 16.79 83.99 148.77 221.46 292.73 354.68 396.16 408.71 385.85 343.37 280.16 203.52 124.67 57.62 0.00 0.00 0.00
0.00 0.00 0.00 0.00 0.00 0.00 0.00 33.13 156.98 276.43 402.22 533.64 647.56 701.53 717.96 706.18 642.25 520.92 380.19 233.99 111.64 0.00 0.00 0.00
0.00 0.00 0.00 0.00 0.00 0.00 0.00 0.53 2.16 3.72 6.68 8.84 10.53 11.69 11.78 11.19 9.03 7.11 4.97 3.30 1.17 0.00 0.00 0.00
0.00 0.00 0.00 0.00 0.00 0.00 0.00 0.71 2.84 4.87 8.67 11.40 13.67 14.53 14.71 14.03 10.86 8.51 6.03 3.93 1.39 0.00 0.00 0.00
0.00 0.00 0.00 0.00 0.00 0.00 0.00 2.89 15.14 27.03 44.42 62.09 79.16 87.00 89.63 86.97 100.28 80.93 56.71 29.84 11.88 0.00 0.00 0.00
0.00 0.00 0.00 0.00 0.00 0.00 0.00 28.02 123.32 215.55 321.29 416.82 495.92 524.84 536.51 503.88 457.25 373.11 276.26 176.06 92.46 7.24 0.00 0.00
0.00 0.00 0.00 0.00 0.00 0.00 0.00 0.27 0.90 1.50 2.22 2.92 3.44 3.04 3.06 2.90 3.10 2.49 1.75 1.08 0.37 0.00 0.00 0.00
0.00 0.00 0.00 0.00 0.00 0.00 0.00 5.59 23.52 40.77 59.92 77.48 92.43 101.65 102.95 97.32 86.84 70.97 52.54 33.12 15.14 0.00 0.00 0.00
0.00 0.00 0.00 0.00 0.00 0.00 0.00 0.34 6.73 12.93 19.36 25.97 31.36 33.92 34.44 31.70 28.80 23.14 16.71 10.02 4.82 0.00 0.00 0.00
0.00 0.00 0.00 0.00 0.00 0.00 0.00 1.14 3.00 4.98 7.02 8.96 10.32 11.06 11.06 10.41 9.58 7.58 5.20 2.57 0.93 0.00 0.00 0.00
0.00 0.00 0.00 0.00 0.00 0.00 0.00 0.57 1.50 2.49 3.51 4.48 5.16 5.53 5.53 5.20 4.79 3.79 2.60 1.28 0.47 0.00 0.00 0.00
0.00 0.00 0.00 0.00 0.00 0.00 0.00 1.24 3.28 5.44 7.68 9.80 11.29 12.09 12.09 11.38 10.48 8.29 5.69 2.81 1.02 0.00 0.00 0.00
0.00 0.00 0.00 0.00 0.00 0.00 0.00 1.46 3.93 6.54 9.31 11.74 13.57 14.44 14.49 13.61 12.38 9.72 6.77 3.13 1.12 0.00 0.00 0.00
0.00 0.00 0.00 0.00 0.00 0.00 0.00 2.22 6.00 9.97 14.19 17.88 20.68 22.00 22.08 20.74 18.86 14.81 10.31 4.76 1.71 0.00 0.00 0.00
0.00 0.00 0.00 0.00 0.00 0.00 0.00 1.84 5.08 8.42 12.17 15.80 18.03 18.66 18.74 17.61 15.86 12.75 8.75 4.65 1.72 0.00 0.00 0.00
0.00 0.00 0.00 0.00 0.00 0.00 0.00 1.36 4.13 6.78 9.89 12.46 14.43 15.24 15.91 15.57 13.55 10.85 7.73 4.57 1.98 0.00 0.00 0.00
0.00 0.00 0.00 0.00 0.00 0.00 0.00 3.51 10.68 17.50 25.55 32.18 37.28 39.36 41.09 40.21 35.02 28.03 19.97 11.81 5.13 0.00 0.00 0.00
0.00 0.00 0.00 0.00 0.00 0.00 0.00 0.82 2.69 4.47 6.52 8.36 9.78 10.67 10.92 10.55 9.42 7.63 5.38 3.24 1.40 0.00 0.00 0.00
0.00 0.00 0.00 0.00 0.00 0.00 0.00 1.17 3.62 6.00 7.19 9.60 11.22 13.29 13.51 12.56 13.32 10.59 7.40 4.59 1.53 0.00 0.00 0.00
0.00 0.00 0.00 0.00 0.00 0.00 0.00 3.13 9.21 15.12 17.76 22.99 27.48 28.58 29.17 27.43 24.95 19.77 13.53 6.27 2.20 0.00 0.00 0.00
0.00 0.00 0.00 0.00 0.00 0.00 0.00 0.26 0.70 1.14 2.04 2.58 2.89 3.61 3.54 3.29 2.41 1.90 1.27 0.50 0.13 0.00 0.00 0.00
0.00 0.00 0.00 0.00 0.00 0.00 0.00 1.58 4.76 7.91 12.18 15.16 17.08 19.46 19.65 18.22 17.08 13.20 8.76 3.92 1.11 0.00 0.00 0.00
0.00 0.00 0.00 0.00 0.00 0.00 0.00 1.07 3.07 5.09 7.90 9.94 10.92 10.96 10.73 10.10 9.64 7.48 5.03 2.14 0.58 0.00 0.00 0.00
0.00 0.00 0.00 0.00 0.00 0.00 0.00 1.48 4.24 7.03 10.91 13.71 15.07 15.13 14.80 13.94 13.30 10.32 6.95 2.95 0.80 0.00 0.00 0.00
0.00 0.00 0.00 0.00 0.00 0.00 0.00 1.01 2.89 4.79 7.43 9.34 10.26 10.30 10.08 9.50 9.06 7.03 4.73 2.01 0.54 0.00 0.00 0.00
0.00 0.00 0.00 0.00 0.00 0.00 0.00 0.84 2.54 4.22 6.50 8.09 9.11 10.38 10.48 9.72 9.11 7.04 4.67 2.09 0.59 0.00 0.00 0.00
0.00 0.00 0.00 0.00 0.00 0.00 0.00 0.81 2.26 3.75 6.37 7.98 8.97 9.91 9.92 9.16 8.14 6.42 4.44 1.53 0.39 0.00 0.00 0.00
0.00 0.00 0.00 0.00 0.00 0.00 0.00 0.80 2.84 4.77 7.68 9.82 11.27 11.74 12.01 11.31 11.11 8.69 5.94 2.78 0.87 0.00 0.00 0.00
0.00 0.00 0.00 0.00 0.00 0.00 0.00 4.76 29.91 54.01 79.12 104.08 119.41 74.50 76.31 73.23 81.43 64.27 43.84 22.33 7.28 0.00 0.00 0.00
0.00 0.00 0.00 0.00 0.00 0.00 0.00 0.81 3.02 5.14 10.84 14.64 17.44 16.66 16.70 15.87 13.09 10.61 7.41 4.31 1.53 0.00 0.00 0.00
0.00 0.00 0.00 0.00 0.00 0.00 0.00 1.61 5.46 9.11 13.32 17.60 21.08 23.24 23.71 22.18 19.38 15.55 10.89 6.89 2.32 0.00 0.00 0.00
0.00 0.00 0.00 0.00 0.00 0.00 0.00 0.74 2.50 4.18 6.10 8.06 9.66 10.65 10.87 10.16 8.88 7.13 4.99 3.16 1.06 0.00 0.00 0.00
0.00 0.00 0.00 0.00 0.00 0.00 0.00 0.97 3.57 6.06 13.47 18.11 21.62 20.37 20.30 19.28 16.62 13.41 9.48 5.27 1.87 0.00 0.00 0.00
0.00 0.00 0.00 0.00 0.00 0.00 0.00 0.65 2.18 3.64 5.40 7.09 8.36 7.37 7.42 7.05 7.54 6.04 4.26 2.61 0.90 0.00 0.00 0.00
0.00 0.00 0.00 0.00 0.00 0.00 0.00 3.00 15.67 27.99 45.99 64.29 81.96 90.08 92.80 90.04 103.83 83.80 58.72 30.89 12.30 0.00 0.00 0.00
0.00 0.00 0.00 0.00 0.00 0.00 0.00 3.33 11.51 19.33 28.60 36.67 42.89 47.67 49.93 47.58 41.61 34.14 24.65 14.71 6.57 0.00 0.00 0.00
0.00 0.00 0.00 0.00 0.00 0.00 0.00 0.72 2.57 4.34 6.51 8.33 9.85 10.67 10.88 10.39 9.39 7.64 5.46 3.40 1.50 0.00 0.00 0.00
0.00 0.00 0.00 0.00 0.00 0.00 0.00 0.84 3.14 5.33 7.82 10.07 11.86 13.18 13.63 13.29 12.23 9.71 6.94 4.28 1.84 0.00 0.00 0.00
0.00 0.00 0.00 0.00 0.00 0.00 0.00 1.34 5.02 8.53 12.51 16.11 18.97 21.08 21.80 21.27 19.56 15.53 11.11 6.84 2.95 0.00 0.00 0.00
0.00 0.00 0.00 0.00 0.00 0.00 0.00 14.00 104.18 191.23 289.53 385.25 465.60 506.69 520.36 495.63 456.99 373.26 266.20 156.22 73.22 0.00 0.00 0.00
