0.00 0.00 0.00 0.00 0.00 0.00 0.00 0.00 0.54 1.43 2.43 3.35 4.14 4.68 4.83 4.63 4.13 3.19 2.07 0.74 0.04 0.00 0.00 0.00
0.00 0.00 0.00 0.00 0.00 0.00 0.00 0.00 12.32 27.12 47.03 60.15 72.58 69.64 68.16 63.72 56.30 42.09 27.32 8.18 0.00 0.00 0.00 0.00
0.00 0.00 0.00 0.00 0.00 0.00 0.00 0.00 12.28 32.72 55.68 76.60 94.70 107.12 110.43 105.83 94.45 72.94 47.25 17.00 1.01 0.00 0.00 0.00
0.00 0.00 0.00 0.00 0.00 0.00 0.00 0.00 43.65 116.27 197.87 272.25 336.57 380.68 392.47 376.10 335.66 259.23 167.92 60.42 3.58 0.00 0.00 0.00
0.00 0.00 0.00 0.00 0.00 0.00 0.00 0.00 3.08 6.03 8.34 10.57 12.14 9.89 9.67 8.92 7.16 5.27 3.39 0.94 0.00 0.00 0.00 0.00
0.00 0.00 0.00 0.00 0.00 0.00 0.00 0.00 86.02 249.23 439.37 608.64 751.53 842.94 868.31 851.90 767.67 593.87 386.88 146.51 14.63 0.00 0.00 0.00
0.00 0.00 0.00 0.00 0.00 0.00 0.00 0.00 1.61 3.32 5.19 6.80 8.12 8.74 8.87 8.30 7.23 5.43 3.53 0.93 0.00 0.00 0.00 0.00
0.00 0.00 0.00 0.00 0.00 0.00 0.00 0.00 0.90 1.96 3.12 4.09 4.78 4.93 4.88 4.59 3.17 2.40 1.52 0.38 0.00 0.00 0.00 0.00
0.00 0.00 0.00 0.00 0.00 0.00 0.00 0.00 1.45 3.13 4.99 6.55 7.64 7.88 7.81 7.35 5.06 3.84 2.43 0.60 0.00 0.00 0.00 0.00
0.00 0.00 0.00 0.00 0.00 0.00 0.00 0.00 1.45 3.13 4.99 6.55 7.64 7.88 7.81 7.35 5.06 3.84 2.43 0.60 0.00 0.00 0.00 0.00
0.00 0.00 0.00 0.00 0.00 0.00 0.00 0.00 3.13 7.03 11.35 15.16 18.34 20.82 21.10 19.83 17.51 13.01 8.17 2.35 0.00 0.00 0.00 0.00
0.00 0.00 0.00 0.00 0.00 0.00 0.00 0.00 1.47 3.30 5.37 7.23 8.75 9.97 9.97 9.34 8.29 6.16 3.84 1.12 0.00 0.00 0.00 0.00
0.00 0.00 0.00 0.00 0.00 0.00 0.00 0.00 1.89 4.24 6.90 9.30 11.25 12.82 12.81 12.01 10.66 7.92 4.93 1.44 0.00 0.00 0.00 0.00
0.00 0.00 0.00 0.00 0.00 0.00 0.00 0.00 1.26 2.83 4.60 6.20 7.50 8.54 8.54 8.01 7.11 5.28 3.29 0.96 0.00 0.00 0.00 0.00
0.00 0.00 0.00 0.00 0.00 0.00 0.00 0.00 1.26 2.83 4.60 6.20 7.50 8.54 8.54 8.01 7.11 5.28 3.29 0.96 0.00 0.00 0.00 0.00
0.00 0.00 0.00 0.00 0.00 0.00 0.00 0.00 15.66 38.25 61.94 82.72 98.74 86.33 87.12 82.38 53.07 40.18 24.66 8.04 0.00 0.00 0.00 0.00
0.00 0.00 0.00 0.00 0.00 0.00 0.00 0.00 9.55 21.10 33.85 44.87 54.03 61.21 61.95 57.94 51.72 38.48 24.33 6.67 0.00 0.00 0.00 0.00
0.00 0.00 0.00 0.00 0.00 0.00 0.00 0.00 7.83 17.50 28.28 37.43 44.74 50.27 50.00 47.42 42.44 32.29 20.78 5.83 0.00 0.00 0.00 0.00
0.00 0.00 0.00 0.00 0.00 0.00 0.00 0.00 25.37 73.51 129.60 179.53 221.67 248.64 256.12 251.28 226.43 175.17 114.12 43.22 4.32 0.00 0.00 0.00
0.00 0.00 0.00 0.00 0.00 0.00 0.00 0.00 24.14 69.93 123.28 170.77 210.86 236.51 243.63 239.02 215.39 166.63 108.55 41.11 4.11 0.00 0.00 0.00
0.00 0.00 0.00 0.00 0.00 0.00 0.00 0.00 46.42 134.48 237.07 328.40 405.50 454.83 468.51 459.66 414.21 320.44 208.75 79.05 7.90 0.00 0.00 0.00
0.00 0.00 0.00 0.00 0.00 0.00 0.00 0.00 45.64 132.23 233.12 322.93 398.74 447.25 460.70 452.00 407.30 315.09 205.27 77.73 7.76 0.00 0.00 0.00
0.00 0.00 0.00 0.00 0.00 0.00 0.00 0.00 55.87 149.81 257.00 352.32 438.94 493.11 508.89 485.87 434.88 338.58 220.73 81.32 6.74 0.00 0.00 0.00
0.00 0.00 0.00 0.00 0.00 0.00 0.00 0.00 0.90 1.96 3.12 4.09 4.78 4.93 4.88 4.59 3.17 2.40 1.52 0.38 0.00 0.00 0.00 0.00
0.00 0.00 0.00 0.00 0.00 0.00 0.00 0.00 4.58 9.91 15.80 20.75 24.19 24.96 24.73 23.27 16.04 12.16 7.70 1.91 0.00 0.00 0.00 0.00
0.00 0.00 0.00 0.00 0.00 0.00 0.00 0.00 23.40 50.62 80.66 105.91 123.52 127.44 126.26 118.79 81.88 62.08 39.32 9.73 0.00 0.00 0.00 0.00
0.00 0.00 0.00 0.00 0.00 0.00 0.00 0.00 1.73 5.02 8.85 12.26 15.14 16.98 17.49 17.16 15.46 11.96 7.79 2.95 0.29 0.00 0.00 0.00
0.00 0.00 0.00 0.00 0.00 0.00 0.00 0.00 42.97 114.46 194.79 268.00 331.33 374.75 386.35 370.24 330.43 255.19 165.30 59.47 3.52 0.00 0.00 0.00
0.00 0.00 0.00 0.00 0.00 0.00 0.00 0.00 4.06 10.21 16.85 23.05 28.39 31.97 32.11 30.11 26.73 20.16 13.46 4.45 0.00 0.00 0.00 0.00
0.00 0.00 0.00 0.00 0.00 0.00 0.00 0.00 26.02 61.57 100.68 136.35 165.10 183.02 188.79 177.89 153.86 119.89 76.78 25.72 0.00 0.00 0.00 0.00
0.00 0.00 0.00 0.00 0.00 0.00 0.00 0.00 0.72 1.91 3.25 4.47 5.52 6.25 6.44 6.17 5.51 4.25 2.75 0.99 0.06 0.00 0.00 0.00
0.00 0.00 0.00 0.00 0.00 0.00 0.00 0.00 32.23 85.84 146.09 201.00 248.49 281.06 289.77 277.68 247.82 191.39 123.97 44.61 2.64 0.00 0.00 0.00
0.00 0.00 0.00 0.00 0.00 0.00 0.00 0.00 41.36 110.16 187.49 257.95 318.90 360.69 371.87 356.36 318.04 245.62 159.10 57.24 3.39 0.00 0.00 0.00
0.00 0.00 0.00 0.00 0.00 0.00 0.00 0.00 73.68 197.56 338.92 464.62 578.85 650.29 671.09 640.74 573.50 446.50 291.09 107.24 8.89 0.00 0.00 0.00
0.00 0.00 0.00 0.00 0.00 0.00 0.00 0.00 2.22 5.10 8.45 11.38 13.84 15.69 15.76 14.73 12.82 9.63 6.03 1.89 0.00 0.00 0.00 0.00
0.00 0.00 0.00 0.00 0.00 0.00 0.00 0.00 2.80 6.40 10.62 14.32 17.39 19.81 19.86 18.50 16.19 12.16 7.58 2.32 0.00 0.00 0.00 0.00
0.00 0.00 0.00 0.00 0.00 0.00 0.00 0.00 16.74 42.12 69.50 95.10 117.12 131.87 132.46 124.22 110.25 83.16 55.53 18.36 0.00 0.00 0.00 0.00
0.00 0.00 0.00 0.00 0.00 0.00 0.00 0.00 47.77 135.71 240.44 326.75 405.57 463.49 481.48 459.76 411.36 324.20 216.47 89.03 14.97 0.00 0.00 0.00
0.00 0.00 0.00 0.00 0.00 0.00 0.00 0.00 0.76 1.65 2.63 3.54 4.26 4.75 4.78 4.43 3.91 2.94 1.86 0.50 0.00 0.00 0.00 0.00
0.00 0.00 0.00 0.00 0.00 0.00 0.00 0.00 11.58 29.39 48.95 66.70 81.55 92.01 93.85 89.79 81.27 62.35 39.68 13.91 0.41 0.00 0.00 0.00
0.00 0.00 0.00 0.00 0.00 0.00 0.00 0.00 2.65 8.71 15.71 22.15 27.56 30.88 31.56 29.86 26.64 20.74 14.01 5.62 0.84 0.00 0.00 0.00
0.00 0.00 0.00 0.00 0.00 0.00 0.00 0.00 1.92 3.90 5.96 7.69 9.14 9.87 10.06 9.47 8.17 6.06 3.95 1.00 0.00 0.00 0.00 0.00
0.00 0.00 0.00 0.00 0.00 0.00 0.00 0.00 0.96 1.95 2.98 3.84 4.57 4.94 5.03 4.73 4.09 3.03 1.97 0.50 0.00 0.00 0.00 0.00
0.00 0.00 0.00 0.00 0.00 0.00 0.00 0.00 2.10 4.27 6.52 8.41 10.00 10.80 11.01 10.35 8.94 6.63 4.32 1.10 0.00 0.00 0.00 0.00
0.00 0.00 0.00 0.00 0.00 0.00 0.00 0.00 2.49 5.08 7.93 10.27 12.12 13.02 13.07 12.46 10.87 8.14 5.29 1.33 0.00 0.00 0.00 0.00
0.00 0.00 0.00 0.00 0.00 0.00 0.00 0.00 3.79 7.73 12.09 15.65 18.46 19.84 19.91 18.99 16.57 12.40 8.06 2.02 0.00 0.00 0.00 0.00
0.00 0.00 0.00 0.00 0.00 0.00 0.00 0.00 3.23 6.69 10.47 13.76 16.31 17.69 17.87 16.84 14.74 11.08 7.20 1.96 0.00 0.00 0.00 0.00
0.00 0.00 0.00 0.00 0.00 0.00 0.00 0.00 2.32 5.21 8.36 11.14 13.52 14.70 15.05 14.45 12.31 9.26 5.89 1.82 0.00 0.00 0.00 0.00
0.00 0.00 0.00 0.00 0.00 0.00 0.00 0.00 6.01 13.46 21.60 28.77 34.93 37.99 38.87 37.33 31.81 23.93 15.20 4.71 0.00 0.00 0.00 0.00
0.00 0.00 0.00 0.00 0.00 0.00 0.00 0.00 1.52 3.49 5.56 7.54 9.16 9.92 10.01 9.41 8.23 6.29 4.02 1.29 0.00 0.00 0.00 0.00
0.00 0.00 0.00 0.00 0.00 0.00 0.00 0.00 3.63 7.64 11.78 15.73 18.61 20.71 20.90 19.10 16.51 12.22 7.77 2.03 0.00 0.00 0.00 0.00
0.00 0.00 0.00 0.00 0.00 0.00 0.00 0.00 5.82 12.18 18.73 24.69 29.71 33.12 33.18 30.95 27.65 20.79 13.24 3.40 0.00 0.00 0.00 0.00
0.00 0.00 0.00 0.00 0.00 0.00 0.00 0.00 0.96 1.89 2.81 3.52 4.05 3.83 3.80 3.53 2.73 1.99 1.28 0.38 0.00 0.00 0.00 0.00
0.00 0.00 0.00 0.00 0.00 0.00 0.00 0.00 5.24 10.68 16.17 20.79 24.57 25.01 24.64 22.86 16.20 11.82 7.57 2.30 0.00 0.00 0.00 0.00
0.00 0.00 0.00 0.00 0.00 0.00 0.00 0.00 3.55 7.11 10.84 13.75 15.81 15.47 15.25 14.36 10.78 8.00 5.13 1.51 0.00 0.00 0.00 0.00
0.00 0.00 0.00 0.00 0.00 0.00 0.00 0.00 4.90 9.81 14.96 18.98 21.81 21.35 21.05 19.81 14.88 11.04 7.08 2.08 0.00 0.00 0.00 0.00
0.00 0.00 0.00 0.00 0.00 0.00 0.00 0.00 3.34 6.68 10.19 12.93 14.86 14.54 14.34 13.49 10.13 7.52 4.82 1.42 0.00 0.00 0.00 0.00
0.00 0.00 0.00 0.00 0.00 0.00 0.00 0.00 2.79 5.70 8.63 11.09 13.10 13.34 13.14 12.19 8.64 6.30 4.04 1.22 0.00 0.00 0.00 0.00
0.00 0.00 0.00 0.00 0.00 0.00 0.00 0.00 2.60 5.14 7.63 9.82 11.35 9.94 9.79 9.06 7.09 5.23 3.36 0.98 0.00 0.00 0.00 0.00
0.00 0.00 0.00 0.00 0.00 0.00 0.00 0.00 2.59 5.61 8.94 11.74 13.69 14.12 13.99 13.17 9.07 6.88 4.36 1.08 0.00 0.00 0.00 0.00
0.00 0.00 0.00 0.00 0.00 0.00 0.00 0.00 20.38 49.79 80.62 107.66 128.52 112.37 113.39 107.23 69.07 52.30 32.09 10.47 0.00 0.00 0.00 0.00
0.00 0.00 0.00 0.00 0.00 0.00 0.00 0.00 3.54 7.97 12.87 17.19 20.78 23.59 23.91 22.48 19.84 14.75 9.26 2.67 0.00 0.00 0.00 0.00
0.00 0.00 0.00 0.00 0.00 0.00 0.00 0.00 5.58 12.11 19.35 25.89 30.74 35.18 35.04 32.73 28.28 20.81 13.30 3.88 0.00 0.00 0.00 0.00
0.00 0.00 0.00 0.00 0.00 0.00 0.00 0.00 2.56 5.55 8.87 11.86 14.09 16.13 16.06 15.00 12.96 9.54 6.10 1.78 0.00 0.00 0.00 0.00
0.00 0.00 0.00 0.00 0.00 0.00 0.00 0.00 4.38 9.83 15.86 21.09 25.48 28.88 29.40 27.60 24.29 18.13 11.45 3.24 0.00 0.00 0.00 0.00
0.00 0.00 0.00 0.00 0.00 0.00 0.00 0.00 1.85 4.01 6.39 8.60 10.35 11.54 11.62 10.75 9.49 7.13 4.53 1.22 0.00 0.00 0.00 0.00
0.00 0.00 0.00 0.00 0.00 0.00 0.00 0.00 17.33 43.61 71.96 98.46 121.26 136.53 137.14 128.61 114.15 86.10 57.49 19.01 0.00 0.00 0.00 0.00
0.00 0.00 0.00 0.00 0.00 0.00 0.00 0.00 6.22 14.72 24.08 32.61 39.48 43.77 45.15 42.54 36.79 28.67 18.36 6.15 0.00 0.00 0.00 0.00
0.00 0.00 0.00 0.00 0.00 0.00 0.00 0.00 1.39 3.32 5.43 7.29 8.84 9.83 10.13 9.68 8.32 6.35 4.13 1.38 0.00 0.00 0.00 0.00
0.00 0.00 0.00 0.00 0.00 0.00 0.00 0.00 1.74 4.17 6.83 9.34 11.48 12.87 12.85 12.04 10.68 8.05 5.20 1.71 0.00 0.00 0.00 0.00
0.00 0.00 0.00 0.00 0.00 0.00 0.00 0.00 2.79 6.67 10.93 14.95 18.36 20.60 20.56 19.27 17.09 12.88 8.32 2.74 0.00 0.00 0.00 0.00
0.00 0.00 0.00 0.00 0.00 0.00 0.00 0.00 47.19 136.72 241.02 333.88 412.26 462.41 476.32 467.32 421.11 325.78 212.23 80.37 8.03 0.00 0.00 0.00
