0.00 0.00 0.00 0.00 0.00 0.00 0.00 0.03 0.98 1.89 2.98 3.93 4.60 5.07 5.24 5.07 4.43 3.66 2.62 1.14 0.49 0.00 0.00 0.00
0.00 0.00 0.00 0.00 0.00 0.00 0.00 2.49 18.24 33.18 45.75 59.32 68.71 73.88 75.26 71.72 52.56 41.47 28.01 16.94 4.39 0.00 0.00 0.00
0.00 0.00 0.00 0.00 0.00 0.00 0.00 0.80 22.37 43.17 68.16 89.84 105.18 115.92 119.87 115.87 101.19 83.62 60.01 26.02 11.29 0.00 0.00 0.00
0.00 0.00 0.00 0.00 0.00 0.00 0.00 2.83 79.51 153.41 242.23 319.28 373.82 411.96 426.01 411.81 359.63 297.16 213.29 92.47 40.14 0.00 0.00 0.00
0.00 0.00 0.00 0.00 0.00 0.00 0.00 1.08 3.92 6.58 8.95 11.21 12.71 11.00 11.02 10.37 10.01 7.80 5.11 2.40 0.49 0.00 0.00 0.00
0.00 0.00 0.00 0.00 0.00 0.00 0.00 0.00 162.58 328.35 520.54 689.44 809.61 899.68 931.09 920.47 827.26 684.32 500.21 297.09 131.58 0.00 0.00 0.00
0.00 0.00 0.00 0.00 0.00 0.00 0.00 0.66 2.51 4.24 5.06 6.40 7.36 6.92 6.92 6.64 7.37 5.95 4.11 2.15 0.72 0.00 0.00 0.00
0.00 0.00 0.00 0.00 0.00 0.00 0.00 0.18 1.12 2.00 2.77 3.62 4.19 4.63 4.66 4.40 3.55 2.86 1.93 0.87 0.24 0.00 0.00 0.00
0.00 0.00 0.00 0.00 0.00 0.00 0.00 0.30 1.79 3.19 4.44 5.79 6.70 7.41 7.46 7.04 5.68 4.57 3.09 1.39 0.38 0.00 0.00 0.00
0.00 0.00 0.00 0.00 0.00 0.00 0.00 0.30 1.79 3.19 4.44 5.79 6.70 7.41 7.46 7.04 5.68 4.57 3.09 1.39 0.38 0.00 0.00 0.00
0.00 0.00 0.00 0.00 0.00 0.00 0.00 0.63 4.40 7.98 12.40 16.49 19.15 21.11 21.28 20.16 17.59 13.91 9.48 4.74 1.54 0.00 0.00 0.00
0.00 0.00 0.00 0.00 0.00 0.00 0.00 0.30 2.06 3.73 5.87 7.74 8.99 9.95 10.10 9.56 8.08 6.39 4.33 2.20 0.70 0.00 0.00 0.00
0.00 0.00 0.00 0.00 0.00 0.00 0.00 0.38 2.65 4.80 7.55 9.95 11.56 12.79 12.98 12.29 10.38 8.22 5.56 2.82 0.90 0.00 0.00 0.00
0.00 0.00 0.00 0.00 0.00 0.00 0.00 0.25 1.77 3.20 5.03 6.64 7.71 8.53 8.65 8.19 6.92 5.48 3.71 1.88 0.60 0.00 0.00 0.00
0.00 0.00 0.00 0.00 0.00 0.00 0.00 0.25 1.77 3.20 5.03 6.64 7.71 8.53 8.65 8.19 6.92 5.48 3.71 1.88 0.60 0.00 0.00 0.00
0.00 0.00 0.00 0.00 0.00 0.00 0.00 0.13 21.37 41.71 64.94 84.46 98.30 84.86 86.30 82.36 60.68 47.28 32.67 19.58 5.89 0.00 0.00 0.00
0.00 0.00 0.00 0.00 0.00 0.00 0.00 2.28 13.77 24.64 38.08 50.20 58.89 63.96 63.32 59.10 53.34 42.27 28.90 14.01 4.48 0.00 0.00 0.00
0.00 0.00 0.00 0.00 0.00 0.00 0.00 2.00 12.14 21.76 31.98 41.67 48.85 53.17 52.76 49.01 44.88 35.83 24.45 11.47 3.89 0.00 0.00 0.00
0.00 0.00 0.00 0.00 0.00 0.00 0.00 0.00 47.95 96.85 153.54 203.36 238.80 265.37 274.64 271.50 244.01 201.85 147.54 87.63 38.81 0.00 0.00 0.00
0.00 0.00 0.00 0.00 0.00 0.00 0.00 0.00 45.61 92.13 146.05 193.44 227.16 252.43 261.24 258.26 232.11 192.00 140.35 83.36 36.92 0.00 0.00 0.00
0.00 0.00 0.00 0.00 0.00 0.00 0.00 0.00 87.72 177.17 280.87 372.00 436.84 485.44 502.39 496.66 446.36 369.23 269.90 160.30 71.00 0.00 0.00 0.00
0.00 0.00 0.00 0.00 0.00 0.00 0.00 0.00 86.26 174.21 276.19 365.80 429.56 477.35 494.01 488.38 438.92 363.08 265.40 157.63 69.81 0.00 0.00 0.00
0.00 0.00 0.00 0.00 0.00 0.00 0.00 4.88 102.85 197.33 310.10 413.35 490.57 532.13 549.45 534.12 473.09 389.80 282.90 140.59 63.14 0.00 0.00 0.00
0.00 0.00 0.00 0.00 0.00 0.00 0.00 0.18 1.12 2.00 2.77 3.62 4.19 4.63 4.66 4.40 3.55 2.86 1.93 0.87 0.24 0.00 0.00 0.00
0.00 0.00 0.00 0.00 0.00 0.00 0.00 0.94 5.66 10.11 14.06 18.33 21.21 23.48 23.61 22.31 17.97 14.47 9.77 4.41 1.21 0.00 0.00 0.00
0.00 0.00 0.00 0.00 0.00 0.00 0.00 4.78 28.90 51.61 71.77 93.60 108.27 119.85 120.55 113.89 91.76 73.86 49.89 22.49 6.20 0.00 0.00 0.00
0.00 0.00 0.00 0.00 0.00 0.00 0.00 0.00 3.27 6.61 10.49 13.89 16.31 18.12 18.76 18.54 16.66 13.78 10.08 5.98 2.65 0.00 0.00 0.00
0.00 0.00 0.00 0.00 0.00 0.00 0.00 2.78 78.27 151.02 238.46 314.30 367.99 405.54 419.37 405.39 354.02 292.53 209.96 91.03 39.52 0.00 0.00 0.00
0.00 0.00 0.00 0.00 0.00 0.00 0.00 0.22 5.88 11.34 18.04 24.72 29.75 32.46 32.50 30.92 24.16 19.54 13.53 7.52 2.81 0.00 0.00 0.00
0.00 0.00 0.00 0.00 0.00 0.00 0.00 6.93 44.34 80.15 124.52 162.85 190.47 202.37 205.83 194.59 178.62 147.22 105.68 58.34 24.27 0.00 0.00 0.00
0.00 0.00 0.00 0.00 0.00 0.00 0.00 0.05 1.30 2.52 3.97 5.24 6.13 6.76 6.99 6.76 5.90 4.88 3.50 1.52 0.66 0.00 0.00 0.00
0.00 0.00 0.00 0.00 0.00 0.00 0.00 2.09 58.71 113.27 178.84 235.72 275.99 304.15 314.53 304.04 265.52 219.40 157.47 68.28 29.64 0.00 0.00 0.00
0.00 0.00 0.00 0.00 0.00 0.00 0.00 2.68 75.34 145.36 229.52 302.51 354.19 390.33 403.65 390.19 340.75 281.56 202.09 87.62 38.03 0.00 0.00 0.00
0.00 0.00 0.00 0.00 0.00 0.00 0.00 6.43 135.63 260.23 408.95 545.11 646.94 701.74 724.59 704.38 623.88 514.05 373.07 185.41 83.27 0.00 0.00 0.00
0.00 0.00 0.00 0.00 0.00 0.00 0.00 0.36 3.10 5.72 9.17 12.04 14.20 15.53 15.61 14.53 11.77 9.39 6.40 3.26 1.06 0.00 0.00 0.00
0.00 0.00 0.00 0.00 0.00 0.00 0.00 0.47 3.91 7.18 11.55 15.19 17.73 19.46 19.57 18.35 14.85 11.82 8.10 4.18 1.35 0.00 0.00 0.00
0.00 0.00 0.00 0.00 0.00 0.00 0.00 0.90 24.25 46.78 74.43 101.99 122.74 133.90 134.06 127.55 99.67 80.61 55.82 31.03 11.57 0.00 0.00 0.00
0.00 0.00 0.00 0.00 0.00 0.00 0.00 3.89 68.04 131.35 297.68 403.58 487.77 557.83 570.80 546.10 455.09 376.98 272.77 178.57 88.61 0.00 0.00 0.00
0.00 0.00 0.00 0.00 0.00 0.00 0.00 0.21 1.13 2.00 3.01 3.95 4.61 5.08 5.04 4.66 4.10 3.25 2.22 1.06 0.33 0.00 0.00 0.00
0.00 0.00 0.00 0.00 0.00 0.00 0.00 1.82 20.87 39.21 60.76 80.63 94.07 101.31 103.47 99.05 90.71 74.95 53.38 30.16 12.90 0.00 0.00 0.00
0.00 0.00 0.00 0.00 0.00 0.00 0.00 0.00 5.30 11.41 18.28 24.87 29.60 32.37 33.15 32.06 29.34 24.27 17.73 10.40 4.77 0.00 0.00 0.00
0.00 0.00 0.00 0.00 0.00 0.00 0.00 0.80 2.86 4.78 5.23 6.67 7.60 7.11 7.03 6.71 8.04 6.38 4.45 2.39 0.77 0.00 0.00 0.00
0.00 0.00 0.00 0.00 0.00 0.00 0.00 0.40 1.43 2.39 2.62 3.34 3.80 3.56 3.52 3.35 4.02 3.19 2.23 1.19 0.39 0.00 0.00 0.00
0.00 0.00 0.00 0.00 0.00 0.00 0.00 0.88 3.12 5.23 5.72 7.30 8.31 7.78 7.69 7.34 8.79 6.98 4.87 2.61 0.85 0.00 0.00 0.00
0.00 0.00 0.00 0.00 0.00 0.00 0.00 1.05 3.87 6.51 9.01 11.46 13.09 11.42 11.27 10.78 10.10 8.13 5.61 2.93 0.94 0.00 0.00 0.00
0.00 0.00 0.00 0.00 0.00 0.00 0.00 1.61 5.90 9.93 13.73 17.46 19.95 17.40 17.17 16.42 15.40 12.39 8.55 4.47 1.43 0.00 0.00 0.00
0.00 0.00 0.00 0.00 0.00 0.00 0.00 1.34 5.15 8.72 10.91 13.68 15.78 14.98 15.06 14.32 14.49 11.51 8.06 4.36 1.45 0.00 0.00 0.00
0.00 0.00 0.00 0.00 0.00 0.00 0.00 0.78 3.74 6.58 10.02 13.24 15.47 16.48 16.52 15.82 14.34 11.60 8.22 4.62 1.86 0.00 0.00 0.00
0.00 0.00 0.00 0.00 0.00 0.00 0.00 2.02 9.67 16.99 25.88 34.19 39.96 42.57 42.67 40.87 37.05 29.96 21.24 11.93 4.79 0.00 0.00 0.00
0.00 0.00 0.00 0.00 0.00 0.00 0.00 0.44 2.46 4.39 6.82 8.92 10.43 11.15 11.09 10.49 9.68 7.81 5.56 3.13 1.25 0.00 0.00 0.00
0.00 0.00 0.00 0.00 0.00 0.00 0.00 1.10 5.13 8.91 13.42 17.41 20.01 22.06 21.92 20.47 18.53 14.90 10.21 4.31 1.28 0.00 0.00 0.00
0.00 0.00 0.00 0.00 0.00 0.00 0.00 2.15 9.17 15.77 23.19 29.72 34.12 36.09 36.49 34.18 29.12 23.00 15.69 6.37 2.01 0.00 0.00 0.00
0.00 0.00 0.00 0.00 0.00 0.00 0.00 0.35 1.26 2.12 3.07 3.82 4.26 4.45 4.40 4.07 3.45 2.71 1.84 0.84 0.18 0.00 0.00 0.00
0.00 0.00 0.00 0.00 0.00 0.00 0.00 1.54 6.68 11.48 16.07 20.42 23.03 21.76 21.46 20.19 14.88 11.99 8.19 4.35 1.06 0.00 0.00 0.00
0.00 0.00 0.00 0.00 0.00 0.00 0.00 1.16 4.57 7.77 10.81 13.58 15.19 14.38 14.06 13.49 8.93 7.14 4.86 3.24 0.74 0.00 0.00 0.00
0.00 0.00 0.00 0.00 0.00 0.00 0.00 1.59 6.31 10.72 14.92 18.74 20.97 19.84 19.40 18.62 12.32 9.85 6.70 4.47 1.02 0.00 0.00 0.00
0.00 0.00 0.00 0.00 0.00 0.00 0.00 1.09 4.30 7.30 10.16 12.76 14.28 13.51 13.21 12.68 8.39 6.71 4.57 3.05 0.69 0.00 0.00 0.00
0.00 0.00 0.00 0.00 0.00 0.00 0.00 0.82 3.56 6.12 8.57 10.89 12.29 11.60 11.44 10.77 7.94 6.39 4.37 2.32 0.56 0.00 0.00 0.00
0.00 0.00 0.00 0.00 0.00 0.00 0.00 0.86 3.23 5.46 8.01 10.05 11.33 10.30 10.36 9.84 7.72 6.08 4.00 2.14 0.44 0.00 0.00 0.00
0.00 0.00 0.00 0.00 0.00 0.00 0.00 0.53 3.20 5.72 7.95 10.37 12.00 13.28 13.36 12.62 10.17 8.19 5.53 2.49 0.69 0.00 0.00 0.00
0.00 0.00 0.00 0.00 0.00 0.00 0.00 0.17 27.81 54.29 84.52 109.93 127.95 110.45 112.32 107.20 78.98 61.53 42.52 25.49 7.67 0.00 0.00 0.00
0.00 0.00 0.00 0.00 0.00 0.00 0.00 0.72 4.99 9.04 14.05 18.69 21.70 23.93 24.12 22.84 19.93 15.76 10.74 5.37 1.74 0.00 0.00 0.00
0.00 0.00 0.00 0.00 0.00 0.00 0.00 1.38 7.79 13.82 20.95 27.34 31.94 35.09 34.79 32.55 25.85 20.21 13.73 6.77 2.05 0.00 0.00 0.00
0.00 0.00 0.00 0.00 0.00 0.00 0.00 0.63 3.57 6.34 9.60 12.53 14.64 16.08 15.95 14.92 11.85 9.26 6.29 3.10 0.94 0.00 0.00 0.00
0.00 0.00 0.00 0.00 0.00 0.00 0.00 0.92 6.27 11.35 17.43 23.14 26.93 29.49 29.68 28.03 24.87 19.69 13.40 6.62 2.15 0.00 0.00 0.00
0.00 0.00 0.00 0.00 0.00 0.00 0.00 0.50 2.75 4.87 7.30 9.60 11.21 12.33 12.25 11.32 9.96 7.89 5.40 2.58 0.80 0.00 0.00 0.00
0.00 0.00 0.00 0.00 0.00 0.00 0.00 0.93 25.11 48.43 77.06 105.60 127.08 138.64 138.80 132.06 103.19 83.46 57.79 32.13 11.98 0.00 0.00 0.00
0.00 0.00 0.00 0.00 0.00 0.00 0.00 1.66 10.60 19.17 29.78 38.94 45.55 48.39 49.22 46.53 42.71 35.21 25.27 13.95 5.80 0.00 0.00 0.00
0.00 0.00 0.00 0.00 0.00 0.00 0.00 0.34 2.40 4.37 6.74 8.80 10.31 10.96 11.08 10.46 9.42 7.65 5.48 3.19 1.32 0.00 0.00 0.00
0.00 0.00 0.00 0.00 0.00 0.00 0.00 0.40 3.10 5.68 8.49 11.08 12.84 13.58 13.63 13.03 11.84 9.75 7.02 4.16 1.67 0.00 0.00 0.00
0.00 0.00 0.00 0.00 0.00 0.00 0.00 0.64 4.96 9.08 13.59 17.72 20.55 21.73 21.80 20.85 18.94 15.60 11.23 6.65 2.68 0.00 0.00 0.00
0.00 0.00 0.00 0.00 0.00 0.00 0.00 0.00 89.18 180.12 285.55 378.20 444.12 493.53 510.76 504.93 453.80 375.39 274.39 162.97 72.18 0.00 0.00 0.00
