0.00 0.00 0.00 0.00 0.00 0.00 0.00 0.00 0.00 0.53 1.35 2.06 2.80 4.10 4.29 4.13 3.57 2.66 1.72 0.33 0.00 0.00 0.00 0.00
0.00 0.00 0.00 0.00 0.00 0.00 0.00 0.00 0.00 6.47 13.53 20.73 26.30 31.74 32.86 31.57 29.10 21.78 13.21 2.33 0.00 0.00 0.00 0.00
0.00 0.00 0.00 0.00 0.00 0.00 0.00 0.00 0.00 12.17 30.91 47.20 63.95 93.73 98.21 94.53 81.68 60.88 39.36 7.64 0.00 0.00 0.00 0.00
0.00 0.00 0.00 0.00 0.00 0.00 0.00 0.00 0.00 43.24 109.86 167.73 227.28 333.12 349.02 335.94 290.27 216.35 139.87 27.13 0.00 0.00 0.00 0.00
0.00 0.00 0.00 0.00 0.00 0.00 0.00 0.00 0.02 1.23 2.68 3.98 5.01 4.84 4.80 4.56 4.59 3.31 1.87 0.13 0.00 0.00 0.00 0.00
0.00 0.00 0.00 0.00 0.00 0.00 0.00 0.00 0.00 91.43 292.50 451.07 610.97 776.72 830.73 800.17 695.61 513.96 333.76 73.65 0.00 0.00 0.00 0.00
0.00 0.00 0.00 0.00 0.00 0.00 0.00 0.00 0.00 1.27 1.45 2.23 2.92 3.41 3.43 3.32 3.78 2.63 1.53 0.22 0.00 0.00 0.00 0.00
0.00 0.00 0.00 0.00 0.00 0.00 0.00 0.00 0.00 0.32 0.61 0.95 1.27 1.74 1.77 1.74 1.83 1.35 0.81 0.18 0.00 0.00 0.00 0.00
0.00 0.00 0.00 0.00 0.00 0.00 0.00 0.00 0.00 0.50 0.98 1.52 2.03 2.78 2.84 2.78 2.92 2.16 1.30 0.29 0.00 0.00 0.00 0.00
0.00 0.00 0.00 0.00 0.00 0.00 0.00 0.00 0.00 0.50 0.98 1.52 2.03 2.78 2.84 2.78 2.92 2.16 1.30 0.29 0.00 0.00 0.00 0.00
0.00 0.00 0.00 0.00 0.00 0.00 0.00 0.00 0.00 1.15 2.68 4.11 5.63 7.18 7.40 7.24 9.74 7.10 4.35 0.95 0.00 0.00 0.00 0.00
0.00 0.00 0.00 0.00 0.00 0.00 0.00 0.00 0.00 0.54 1.14 1.78 2.43 3.39 3.48 3.40 4.36 3.21 1.96 0.40 0.00 0.00 0.00 0.00
0.00 0.00 0.00 0.00 0.00 0.00 0.00 0.00 0.00 0.70 1.47 2.29 3.12 4.36 4.48 4.37 5.61 4.12 2.52 0.52 0.00 0.00 0.00 0.00
0.00 0.00 0.00 0.00 0.00 0.00 0.00 0.00 0.00 0.46 0.98 1.53 2.08 2.90 2.99 2.91 3.74 2.75 1.68 0.35 0.00 0.00 0.00 0.00
0.00 0.00 0.00 0.00 0.00 0.00 0.00 0.00 0.00 0.46 0.98 1.53 2.08 2.90 2.99 2.91 3.74 2.75 1.68 0.35 0.00 0.00 0.00 0.00
0.00 0.00 0.00 0.00 0.00 0.00 0.00 0.00 0.00 10.46 24.16 37.57 48.92 66.73 70.26 67.89 60.65 44.75 28.25 6.39 0.00 0.00 0.00 0.00
0.00 0.00 0.00 0.00 0.00 0.00 0.00 0.00 0.00 3.37 8.40 13.04 18.01 19.55 19.84 19.47 27.35 19.98 12.13 2.82 0.00 0.00 0.00 0.00
0.00 0.00 0.00 0.00 0.00 0.00 0.00 0.00 0.00 3.16 8.29 12.84 17.06 17.79 18.31 17.79 24.20 17.69 10.79 2.62 0.00 0.00 0.00 0.00
0.00 0.00 0.00 0.00 0.00 0.00 0.00 0.00 0.00 26.97 86.28 133.05 180.21 229.11 245.03 236.02 205.18 151.60 98.45 21.72 0.00 0.00 0.00 0.00
0.00 0.00 0.00 0.00 0.00 0.00 0.00 0.00 0.00 25.65 82.07 126.56 171.42 217.93 233.08 224.51 195.17 144.21 93.65 20.66 0.00 0.00 0.00 0.00
0.00 0.00 0.00 0.00 0.00 0.00 0.00 0.00 0.00 49.33 157.82 243.38 329.66 419.10 448.23 431.75 375.33 277.32 180.09 39.74 0.00 0.00 0.00 0.00
0.00 0.00 0.00 0.00 0.00 0.00 0.00 0.00 0.00 48.51 155.19 239.33 324.17 412.11 440.76 424.55 369.08 272.70 177.09 39.08 0.00 0.00 0.00 0.00
0.00 0.00 0.00 0.00 0.00 0.00 0.00 0.00 0.00 52.11 151.94 233.38 315.77 448.04 464.76 449.90 380.01 282.15 182.72 35.78 0.00 0.00 0.00 0.00
0.00 0.00 0.00 0.00 0.00 0.00 0.00 0.00 0.00 0.32 0.61 0.95 1.27 1.74 1.77 1.74 1.83 1.35 0.81 0.18 0.00 0.00 0.00 0.00
0.00 0.00 0.00 0.00 0.00 0.00 0.00 0.00 0.00 1.60 3.10 4.81 6.43 8.80 8.98 8.80 9.25 6.83 4.11 0.91 0.00 0.00 0.00 0.00
0.00 0.00 0.00 0.00 0.00 0.00 0.00 0.00 0.00 8.15 15.81 24.54 32.83 44.90 45.87 44.93 47.23 34.85 20.98 4.62 0.00 0.00 0.00 0.00
0.00 0.00 0.00 0.00 0.00 0.00 0.00 0.00 0.00 1.84 5.89 9.09 12.31 15.65 16.73 16.12 14.01 10.35 6.72 1.48 0.00 0.00 0.00 0.00
0.00 0.00 0.00 0.00 0.00 0.00 0.00 0.00 0.00 42.57 108.15 165.12 223.74 327.93 343.58 330.70 285.75 212.98 137.69 26.71 0.00 0.00 0.00 0.00
0.00 0.00 0.00 0.00 0.00 0.00 0.00 0.00 0.00 2.97 6.78 10.29 14.04 20.57 21.99 21.18 19.05 14.68 9.36 2.61 0.00 0.00 0.00 0.00
0.00 0.00 0.00 0.00 0.00 0.00 0.00 0.00 0.00 24.71 55.95 83.76 109.21 140.92 143.65 138.21 131.45 97.51 60.97 9.03 0.00 0.00 0.00 0.00
0.00 0.00 0.00 0.00 0.00 0.00 0.00 0.00 0.00 0.71 1.80 2.75 3.73 5.47 5.73 5.51 4.76 3.55 2.29 0.45 0.00 0.00 0.00 0.00
0.00 0.00 0.00 0.00 0.00 0.00 0.00 0.00 0.00 31.93 81.11 123.84 167.80 245.95 257.69 248.03 214.31 159.74 103.27 20.03 0.00 0.00 0.00 0.00
0.00 0.00 0.00 0.00 0.00 0.00 0.00 0.00 0.00 40.97 104.10 158.93 215.35 315.63 330.70 318.30 275.03 204.99 132.53 25.71 0.00 0.00 0.00 0.00
0.00 0.00 0.00 0.00 0.00 0.00 0.00 0.00 0.00 68.71 200.38 307.76 416.42 590.86 612.90 593.31 501.14 372.08 240.96 47.19 0.00 0.00 0.00 0.00
0.00 0.00 0.00 0.00 0.00 0.00 0.00 0.00 0.00 0.88 1.60 2.54 3.50 6.19 6.50 6.28 7.04 5.19 3.21 0.60 0.00 0.00 0.00 0.00
0.00 0.00 0.00 0.00 0.00 0.00 0.00 0.00 0.00 1.09 2.04 3.26 4.47 7.26 7.66 7.42 8.63 6.35 3.92 0.75 0.00 0.00 0.00 0.00
0.00 0.00 0.00 0.00 0.00 0.00 0.00 0.00 0.00 12.26 27.99 42.46 57.90 84.85 90.70 87.36 78.56 60.55 38.59 10.75 0.00 0.00 0.00 0.00
0.00 0.00 0.00 0.00 0.00 0.00 0.00 0.00 0.00 39.57 159.22 253.26 350.42 335.92 357.96 343.80 321.72 243.67 159.17 38.90 0.00 0.00 0.00 0.00
0.00 0.00 0.00 0.00 0.00 0.00 0.00 0.00 0.00 0.25 0.59 0.92 1.26 1.43 1.45 1.39 1.97 1.45 0.87 0.19 0.00 0.00 0.00 0.00
0.00 0.00 0.00 0.00 0.00 0.00 0.00 0.00 0.00 11.22 27.75 42.01 57.01 81.80 84.82 81.31 70.62 51.93 33.14 5.94 0.00 0.00 0.00 0.00
0.00 0.00 0.00 0.00 0.00 0.00 0.00 0.00 0.00 3.10 11.75 18.46 25.72 30.96 33.11 31.31 26.68 19.92 12.75 3.38 0.00 0.00 0.00 0.00
0.00 0.00 0.00 0.00 0.00 0.00 0.00 0.00 0.00 1.46 1.47 2.21 2.86 3.62 3.71 3.52 4.22 2.97 1.71 0.23 0.00 0.00 0.00 0.00
0.00 0.00 0.00 0.00 0.00 0.00 0.00 0.00 0.00 0.73 0.74 1.11 1.43 1.81 1.86 1.76 2.11 1.48 0.86 0.11 0.00 0.00 0.00 0.00
0.00 0.00 0.00 0.00 0.00 0.00 0.00 0.00 0.00 1.59 1.61 2.42 3.13 3.96 4.06 3.85 4.61 3.25 1.87 0.25 0.00 0.00 0.00 0.00
0.00 0.00 0.00 0.00 0.00 0.00 0.00 0.00 0.00 1.38 1.69 2.56 3.34 4.84 4.94 4.74 5.01 3.53 2.05 0.31 0.00 0.00 0.00 0.00
0.00 0.00 0.00 0.00 0.00 0.00 0.00 0.00 0.00 2.10 2.58 3.90 5.08 7.37 7.52 7.23 7.64 5.38 3.12 0.48 0.00 0.00 0.00 0.00
0.00 0.00 0.00 0.00 0.00 0.00 0.00 0.00 0.00 2.50 3.09 4.72 6.17 7.15 7.20 7.00 7.52 5.20 3.04 0.48 0.00 0.00 0.00 0.00
0.00 0.00 0.00 0.00 0.00 0.00 0.00 0.00 0.00 2.10 5.25 7.82 10.21 11.27 11.39 10.79 10.35 7.50 4.58 0.54 0.00 0.00 0.00 0.00
0.00 0.00 0.00 0.00 0.00 0.00 0.00 0.00 0.00 5.43 13.57 20.19 26.36 29.12 29.44 27.87 26.73 19.36 11.83 1.41 0.00 0.00 0.00 0.00
0.00 0.00 0.00 0.00 0.00 0.00 0.00 0.00 0.00 1.33 3.33 5.00 6.59 6.55 6.65 6.35 6.68 4.95 3.05 0.49 0.00 0.00 0.00 0.00
0.00 0.00 0.00 0.00 0.00 0.00 0.00 0.00 0.00 1.10 1.92 3.01 3.94 4.96 5.16 5.01 6.90 4.99 2.96 0.60 0.00 0.00 0.00 0.00
0.00 0.00 0.00 0.00 0.00 0.00 0.00 0.00 0.00 1.74 3.94 6.08 7.96 11.14 11.39 11.06 10.76 7.75 4.57 0.94 0.00 0.00 0.00 0.00
0.00 0.00 0.00 0.00 0.00 0.00 0.00 0.00 0.00 0.40 0.72 1.05 1.31 1.35 1.35 1.30 1.37 0.99 0.56 0.06 0.00 0.00 0.00 0.00
0.00 0.00 0.00 0.00 0.00 0.00 0.00 0.00 0.00 2.13 4.29 6.59 8.36 8.26 8.30 8.12 7.98 5.73 3.34 0.52 0.00 0.00 0.00 0.00
0.00 0.00 0.00 0.00 0.00 0.00 0.00 0.00 0.00 1.63 3.15 4.80 5.96 5.41 5.50 5.32 5.22 3.71 2.13 0.30 0.00 0.00 0.00 0.00
0.00 0.00 0.00 0.00 0.00 0.00 0.00 0.00 0.00 2.25 4.35 6.62 8.23 7.47 7.59 7.34 7.20 5.12 2.94 0.41 0.00 0.00 0.00 0.00
0.00 0.00 0.00 0.00 0.00 0.00 0.00 0.00 0.00 1.53 2.96 4.51 5.60 5.09 5.17 5.00 4.91 3.49 2.00 0.28 0.00 0.00 0.00 0.00
0.00 0.00 0.00 0.00 0.00 0.00 0.00 0.00 0.00 1.14 2.29 3.51 4.46 4.41 4.43 4.33 4.26 3.05 1.78 0.28 0.00 0.00 0.00 0.00
0.00 0.00 0.00 0.00 0.00 0.00 0.00 0.00 0.00 1.12 2.44 3.67 4.48 4.22 4.26 4.01 3.55 2.58 1.46 0.14 0.00 0.00 0.00 0.00
0.00 0.00 0.00 0.00 0.00 0.00 0.00 0.00 0.00 0.90 1.75 2.72 3.64 4.98 5.08 4.98 5.23 3.86 2.33 0.51 0.00 0.00 0.00 0.00
0.00 0.00 0.00 0.00 0.00 0.00 0.00 0.00 0.00 13.62 31.45 48.91 63.67 86.85 91.45 88.37 78.94 58.24 36.77 8.32 0.00 0.00 0.00 0.00
0.00 0.00 0.00 0.00 0.00 0.00 0.00 0.00 0.00 1.31 3.04 4.66 6.38 8.14 8.39 8.21 11.04 8.05 4.93 1.08 0.00 0.00 0.00 0.00
0.00 0.00 0.00 0.00 0.00 0.00 0.00 0.00 0.00 1.65 3.11 4.98 6.69 8.54 8.65 8.61 11.70 8.46 5.10 0.86 0.00 0.00 0.00 0.00
0.00 0.00 0.00 0.00 0.00 0.00 0.00 0.00 0.00 0.76 1.42 2.28 3.07 3.91 3.97 3.95 5.36 3.88 2.34 0.40 0.00 0.00 0.00 0.00
0.00 0.00 0.00 0.00 0.00 0.00 0.00 0.00 0.00 1.60 3.96 6.04 8.31 9.75 10.03 9.76 13.70 10.02 6.13 1.40 0.00 0.00 0.00 0.00
0.00 0.00 0.00 0.00 0.00 0.00 0.00 0.00 0.00 0.61 1.43 2.23 3.06 3.47 3.52 3.37 4.77 3.52 2.12 0.46 0.00 0.00 0.00 0.00
0.00 0.00 0.00 0.00 0.00 0.00 0.00 0.00 0.00 12.70 28.98 43.96 59.94 87.85 93.90 90.45 81.34 62.69 39.96 11.13 0.00 0.00 0.00 0.00
0.00 0.00 0.00 0.00 0.00 0.00 0.00 0.00 0.00 5.91 13.38 20.03 26.12 33.70 34.35 33.05 31.43 23.32 14.58 2.16 0.00 0.00 0.00 0.00
0.00 0.00 0.00 0.00 0.00 0.00 0.00 0.00 0.00 1.30 3.21 4.83 6.38 7.37 7.59 7.34 7.09 5.21 3.26 0.52 0.00 0.00 0.00 0.00
0.00 0.00 0.00 0.00 0.00 0.00 0.00 0.00 0.00 1.61 4.04 6.12 7.93 8.34 8.59 8.23 8.45 6.32 3.96 0.68 0.00 0.00 0.00 0.00
0.00 0.00 0.00 0.00 0.00 0.00 0.00 0.00 0.00 2.57 6.47 9.79 12.69 13.34 13.75 13.17 13.52 10.11 6.34 1.09 0.00 0.00 0.00 0.00
0.00 0.00 0.00 0.00 0.00 0.00 0.00 0.00 0.00 50.16 160.46 247.44 335.15 426.08 455.70 438.94 381.59 281.94 183.09 40.40 0.00 0.00 0.00 0.00
