0.00 0.00 0.00 0.00 0.00 0.00 0.00 0.25 1.11 1.95 2.79 3.68 4.44 5.02 5.16 4.85 4.38 3.56 2.57 1.54 0.69 0.00 0.00 0.00
0.00 0.00 0.00 0.00 0.00 0.00 0.00 6.09 21.92 36.88 48.76 63.08 73.61 89.30 89.07 82.74 72.24 57.12 38.11 17.01 4.56 0.00 0.00 0.00
0.00 0.00 0.00 0.00 0.00 0.00 0.00 5.64 25.46 44.48 63.85 84.06 101.54 114.89 118.02 110.92 100.08 81.36 58.78 35.22 15.76 0.00 0.00 0.00
0.00 0.00 0.00 0.00 0.00 0.00 0.00 20.05 90.47 158.09 226.91 298.76 360.88 408.32 419.43 394.20 355.68 289.16 208.90 125.19 56.00 0.00 0.00 0.00
0.00 0.00 0.00 0.00 0.00 0.00 0.00 1.65 4.32 7.17 10.31 13.00 14.76 15.81 15.71 14.16 12.43 9.75 6.52 2.76 0.61 0.00 0.00 0.00
0.00 0.00 0.00 0.00 0.00 0.00 0.00 28.08 176.27 319.85 518.34 686.79 827.31 905.77 926.13 878.17 811.43 659.82 467.61 273.12 123.99 0.00 0.00 0.00
0.00 0.00 0.00 0.00 0.00 0.00 0.00 1.02 2.68 4.40 6.24 7.98 9.17 9.65 9.70 9.01 8.10 6.45 4.43 2.27 0.80 0.00 0.00 0.00
0.00 0.00 0.00 0.00 0.00 0.00 0.00 0.43 1.43 2.37 3.22 4.11 4.71 5.07 5.17 4.86 4.38 3.41 2.31 1.14 0.33 0.00 0.00 0.00
0.00 0.00 0.00 0.00 0.00 0.00 0.00 0.69 2.29 3.79 5.16 6.57 7.54 8.10 8.28 7.78 7.00 5.46 3.70 1.82 0.52 0.00 0.00 0.00
0.00 0.00 0.00 0.00 0.00 0.00 0.00 0.69 2.29 3.79 5.16 6.57 7.54 8.10 8.28 7.78 7.00 5.46 3.70 1.82 0.52 0.00 0.00 0.00
0.00 0.00 0.00 0.00 0.00 0.00 0.00 1.35 4.69 7.84 11.52 15.50 18.41 21.58 21.55 20.40 19.02 15.38 10.69 5.32 1.78 0.00 0.00 0.00
0.00 0.00 0.00 0.00 0.00 0.00 0.00 0.65 2.25 3.76 5.45 7.32 8.69 10.42 10.50 9.88 9.05 7.26 5.02 2.46 0.82 0.00 0.00 0.00
0.00 0.00 0.00 0.00 0.00 0.00 0.00 0.83 2.90 4.84 7.01 9.42 11.17 13.39 13.51 12.70 11.64 9.33 6.45 3.16 1.05 0.00 0.00 0.00
0.00 0.00 0.00 0.00 0.00 0.00 0.00 0.56 1.93 3.23 4.67 6.28 7.45 8.93 9.00 8.47 7.76 6.22 4.30 2.11 0.70 0.00 0.00 0.00
0.00 0.00 0.00 0.00 0.00 0.00 0.00 0.56 1.93 3.23 4.67 6.28 7.45 8.93 9.00 8.47 7.76 6.22 4.30 2.11 0.70 0.00 0.00 0.00
0.00 0.00 0.00 0.00 0.00 0.00 0.00 4.71 25.44 45.02 69.36 90.54 103.15 115.14 117.08 111.48 101.87 80.35 54.64 26.29 8.02 0.00 0.00 0.00
0.00 0.00 0.00 0.00 0.00 0.00 0.00 4.55 14.96 24.76 37.02 48.99 58.40 64.48 65.08 61.02 56.82 45.68 32.21 16.05 5.31 0.00 0.00 0.00
0.00 0.00 0.00 0.00 0.00 0.00 0.00 4.08 13.36 22.10 31.80 40.56 47.68 52.84 53.44 50.96 46.88 37.26 25.75 13.66 4.80 0.00 0.00 0.00
0.00 0.00 0.00 0.00 0.00 0.00 0.00 8.28 51.99 94.34 152.89 202.58 244.03 267.17 273.17 259.03 239.34 194.62 137.93 80.56 36.57 0.00 0.00 0.00
0.00 0.00 0.00 0.00 0.00 0.00 0.00 7.88 49.46 89.74 145.43 192.70 232.12 254.14 259.85 246.39 227.67 185.13 131.20 76.63 34.79 0.00 0.00 0.00
0.00 0.00 0.00 0.00 0.00 0.00 0.00 15.15 95.11 172.58 279.68 370.57 446.39 488.73 499.71 473.83 437.82 356.02 252.31 147.37 66.90 0.00 0.00 0.00
0.00 0.00 0.00 0.00 0.00 0.00 0.00 14.90 93.53 169.70 275.02 364.39 438.95 480.58 491.38 465.93 430.52 350.08 248.10 144.91 65.79 0.00 0.00 0.00
0.00 0.00 0.00 0.00 0.00 0.00 0.00 28.28 121.72 211.25 286.88 378.74 457.67 441.03 450.45 441.85 480.52 387.70 280.94 168.02 77.86 0.00 0.00 0.00
0.00 0.00 0.00 0.00 0.00 0.00 0.00 0.43 1.43 2.37 3.22 4.11 4.71 5.07 5.17 4.86 4.38 3.41 2.31 1.14 0.33 0.00 0.00 0.00
0.00 0.00 0.00 0.00 0.00 0.00 0.00 2.18 7.24 11.99 16.34 20.82 23.87 25.66 26.21 24.63 22.17 17.28 11.72 5.75 1.65 0.00 0.00 0.00
0.00 0.00 0.00 0.00 0.00 0.00 0.00 11.15 36.98 61.21 83.41 106.29 121.86 131.01 133.80 125.74 113.18 88.20 59.83 29.37 8.45 0.00 0.00 0.00
0.00 0.00 0.00 0.00 0.00 0.00 0.00 0.57 3.55 6.44 10.44 13.83 16.67 18.25 18.66 17.69 16.35 13.29 9.42 5.50 2.50 0.00 0.00 0.00
0.00 0.00 0.00 0.00 0.00 0.00 0.00 19.74 89.06 155.63 223.38 294.10 355.25 401.96 412.89 388.05 350.13 284.65 205.64 123.24 55.12 0.00 0.00 0.00
0.00 0.00 0.00 0.00 0.00 0.00 0.00 1.26 5.88 10.32 15.71 21.82 27.63 31.51 32.36 31.28 28.55 23.01 16.06 9.19 3.51 0.00 0.00 0.00
0.00 0.00 0.00 0.00 0.00 0.00 0.00 15.33 50.08 83.17 119.11 151.99 177.07 181.18 188.80 179.02 168.79 137.52 98.41 59.38 25.62 0.00 0.00 0.00
0.00 0.00 0.00 0.00 0.00 0.00 0.00 0.33 1.48 2.59 3.72 4.90 5.92 6.70 6.88 6.47 5.84 4.74 3.43 2.05 0.92 0.00 0.00 0.00
0.00 0.00 0.00 0.00 0.00 0.00 0.00 14.80 66.80 116.72 167.53 220.57 266.44 301.47 309.67 291.04 262.60 213.49 154.23 92.43 41.34 0.00 0.00 0.00
0.00 0.00 0.00 0.00 0.00 0.00 0.00 19.00 85.72 149.79 215.00 283.07 341.93 386.88 397.41 373.50 337.00 273.98 197.93 118.61 53.06 0.00 0.00 0.00
0.00 0.00 0.00 0.00 0.00 0.00 0.00 37.30 160.52 278.58 378.32 499.46 603.55 581.60 594.03 582.69 633.69 511.27 370.49 221.57 102.67 0.00 0.00 0.00
0.00 0.00 0.00 0.00 0.00 0.00 0.00 0.92 3.46 5.85 8.13 10.71 12.71 16.29 16.37 15.49 14.39 11.31 7.87 3.93 1.31 0.00 0.00 0.00
0.00 0.00 0.00 0.00 0.00 0.00 0.00 1.19 4.39 7.41 10.51 13.75 16.43 20.30 20.49 19.48 17.93 14.03 9.90 4.93 1.64 0.00 0.00 0.00
0.00 0.00 0.00 0.00 0.00 0.00 0.00 5.20 24.26 42.57 64.81 89.99 113.98 129.99 133.47 129.03 117.76 94.90 66.26 37.90 14.48 0.00 0.00 0.00
0.00 0.00 0.00 0.00 0.00 0.00 0.00 31.16 126.39 218.47 321.84 415.73 492.84 527.66 537.78 503.49 468.00 380.09 279.67 175.34 89.98 3.23 0.00 0.00
0.00 0.00 0.00 0.00 0.00 0.00 0.00 0.39 1.23 2.02 3.04 3.97 4.65 5.10 5.11 4.83 4.32 3.46 2.43 1.22 0.39 0.00 0.00 0.00
0.00 0.00 0.00 0.00 0.00 0.00 0.00 6.26 24.28 41.51 58.40 75.15 89.28 86.23 87.09 82.10 83.00 67.47 49.58 31.67 14.01 0.00 0.00 0.00
0.00 0.00 0.00 0.00 0.00 0.00 0.00 0.52 6.48 12.30 19.01 25.35 30.45 33.29 33.71 30.92 27.95 22.37 16.06 7.71 3.59 0.00 0.00 0.00
0.00 0.00 0.00 0.00 0.00 0.00 0.00 1.26 3.21 5.27 7.27 9.23 10.58 11.26 11.20 10.48 9.53 7.50 5.11 2.57 0.88 0.00 0.00 0.00
0.00 0.00 0.00 0.00 0.00 0.00 0.00 0.63 1.61 2.63 3.64 4.62 5.29 5.63 5.60 5.24 4.77 3.75 2.55 1.29 0.44 0.00 0.00 0.00
0.00 0.00 0.00 0.00 0.00 0.00 0.00 1.38 3.51 5.76 7.95 10.10 11.57 12.31 12.25 11.47 10.43 8.20 5.58 2.81 0.96 0.00 0.00 0.00
0.00 0.00 0.00 0.00 0.00 0.00 0.00 1.63 4.21 6.91 9.66 12.10 13.91 14.88 14.86 13.88 12.65 9.89 6.83 3.41 1.15 0.00 0.00 0.00
0.00 0.00 0.00 0.00 0.00 0.00 0.00 2.48 6.42 10.53 14.72 18.43 21.20 22.68 22.64 21.14 19.28 15.07 10.41 5.19 1.75 0.00 0.00 0.00
0.00 0.00 0.00 0.00 0.00 0.00 0.00 2.05 5.42 8.87 12.59 16.25 18.45 19.62 19.59 18.31 16.53 13.23 9.02 4.67 1.64 0.00 0.00 0.00
0.00 0.00 0.00 0.00 0.00 0.00 0.00 1.33 3.88 6.30 7.90 9.93 11.48 15.01 15.55 15.11 13.35 10.61 7.49 4.70 1.97 0.00 0.00 0.00
0.00 0.00 0.00 0.00 0.00 0.00 0.00 3.45 10.03 16.28 20.42 25.65 29.66 38.78 40.18 39.03 34.50 27.42 19.35 12.15 5.08 0.00 0.00 0.00
0.00 0.00 0.00 0.00 0.00 0.00 0.00 0.89 2.79 4.58 6.59 8.40 9.79 10.30 10.48 10.05 9.14 7.36 5.15 3.16 1.31 0.00 0.00 0.00
0.00 0.00 0.00 0.00 0.00 0.00 0.00 1.91 5.62 9.17 13.31 17.65 20.51 22.57 22.90 21.23 18.61 14.79 10.30 5.13 1.60 0.00 0.00 0.00
0.00 0.00 0.00 0.00 0.00 0.00 0.00 3.59 10.06 16.32 22.75 29.21 34.66 37.67 38.31 35.88 32.97 26.03 17.70 8.65 2.86 0.00 0.00 0.00
0.00 0.00 0.00 0.00 0.00 0.00 0.00 0.55 1.42 2.27 3.19 4.01 4.48 5.00 4.90 4.54 3.92 3.08 2.04 0.95 0.23 0.00 0.00 0.00
0.00 0.00 0.00 0.00 0.00 0.00 0.00 2.75 7.88 12.89 18.20 22.57 25.36 27.63 27.86 25.79 23.07 17.78 11.73 5.38 1.39 0.00 0.00 0.00
0.00 0.00 0.00 0.00 0.00 0.00 0.00 1.99 5.45 8.89 12.38 15.50 16.98 18.13 17.71 16.64 15.27 11.82 7.92 3.54 0.86 0.00 0.00 0.00
0.00 0.00 0.00 0.00 0.00 0.00 0.00 2.75 7.52 12.27 17.08 21.39 23.43 25.02 24.43 22.96 21.07 16.31 10.93 4.89 1.19 0.00 0.00 0.00
0.00 0.00 0.00 0.00 0.00 0.00 0.00 1.87 5.12 8.35 11.63 14.57 15.96 17.04 16.64 15.64 14.35 11.11 7.44 3.33 0.81 0.00 0.00 0.00
0.00 0.00 0.00 0.00 0.00 0.00 0.00 1.47 4.20 6.87 9.71 12.04 13.53 14.74 14.86 13.75 12.30 9.48 6.26 2.87 0.74 0.00 0.00 0.00
0.00 0.00 0.00 0.00 0.00 0.00 0.00 1.47 3.93 6.44 9.33 11.64 13.04 14.16 14.15 13.06 11.17 8.78 6.03 2.57 0.58 0.00 0.00 0.00
0.00 0.00 0.00 0.00 0.00 0.00 0.00 1.24 4.10 6.78 9.24 11.78 13.50 14.52 14.83 13.94 12.54 9.78 6.63 3.25 0.94 0.00 0.00 0.00
0.00 0.00 0.00 0.00 0.00 0.00 0.00 6.13 33.11 58.60 90.28 117.84 134.26 149.87 152.39 145.10 132.59 104.58 71.12 34.21 10.44 0.00 0.00 0.00
0.00 0.00 0.00 0.00 0.00 0.00 0.00 1.54 5.32 8.88 13.05 17.57 20.87 24.45 24.42 23.12 21.55 17.43 12.11 6.02 2.02 0.00 0.00 0.00
0.00 0.00 0.00 0.00 0.00 0.00 0.00 2.61 8.34 13.70 20.83 27.42 32.75 35.47 36.11 33.69 30.55 24.41 16.99 8.43 2.65 0.00 0.00 0.00
0.00 0.00 0.00 0.00 0.00 0.00 0.00 1.20 3.82 6.28 9.55 12.57 15.01 16.26 16.55 15.44 14.00 11.19 7.79 3.86 1.22 0.00 0.00 0.00
0.00 0.00 0.00 0.00 0.00 0.00 0.00 1.92 6.61 11.03 16.46 22.07 26.28 29.88 29.66 28.07 26.28 21.15 14.87 7.43 2.49 0.00 0.00 0.00
0.00 0.00 0.00 0.00 0.00 0.00 0.00 0.95 2.98 4.89 7.37 9.63 11.30 12.38 12.42 11.74 10.48 8.39 5.89 2.95 0.96 0.00 0.00 0.00
0.00 0.00 0.00 0.00 0.00 0.00 0.00 5.39 25.12 44.07 67.10 93.17 118.01 134.59 138.18 133.59 121.92 98.26 68.60 39.24 14.99 0.00 0.00 0.00
0.00 0.00 0.00 0.00 0.00 0.00 0.00 3.67 11.98 19.89 28.48 36.35 42.34 43.32 45.15 42.81 40.36 32.89 23.53 14.20 6.13 0.00 0.00 0.00
0.00 0.00 0.00 0.00 0.00 0.00 0.00 0.79 2.68 4.47 6.51 8.29 9.76 9.43 9.57 9.10 9.03 7.31 5.18 3.27 1.40 0.00 0.00 0.00
0.00 0.00 0.00 0.00 0.00 0.00 0.00 0.93 3.26 5.48 7.84 10.04 11.76 12.97 13.34 12.94 11.89 9.41 6.69 4.11 1.70 0.00 0.00 0.00
0.00 0.00 0.00 0.00 0.00 0.00 0.00 1.49 5.22 8.76 12.55 16.06 18.82 20.75 21.34 20.71 19.02 15.05 10.70 6.57 2.73 0.00 0.00 0.00
0.00 0.00 0.00 0.00 0.00 0.00 0.00 15.40 96.70 175.46 284.34 376.75 453.83 496.87 508.04 481.73 445.12 361.95 256.51 149.82 68.02 0.00 0.00 0.00
