0.00 0.00 0.00 0.00 0.00 0.00 0.00 0.00 0.00 0.80 1.80 2.80 3.61 3.70 3.83 3.65 3.20 2.45 1.48 0.56 0.00 0.00 0.00 0.00
0.00 0.00 0.00 0.00 0.00 0.00 0.00 0.00 1.08 10.17 19.65 29.00 36.48 40.77 41.73 40.41 35.80 26.36 15.78 3.82 0.00 0.00 0.00 0.00
0.00 0.00 0.00 0.00 0.00 0.00 0.00 0.00 0.00 18.35 41.15 64.03 82.64 84.54 87.55 83.47 73.20 55.97 33.85 12.79 0.00 0.00 0.00 0.00
0.00 0.00 0.00 0.00 0.00 0.00 0.00 0.00 0.00 65.23 146.26 227.56 293.70 300.46 311.16 296.64 260.14 198.92 120.30 45.47 0.00 0.00 0.00 0.00
0.00 0.00 0.00 0.00 0.00 0.00 0.00 0.00 0.25 1.17 2.04 3.09 3.83 4.46 4.48 4.09 4.56 3.26 1.94 0.36 0.00 0.00 0.00 0.00
0.00 0.00 0.00 0.00 0.00 0.00 0.00 0.00 0.00 145.34 324.50 514.50 660.68 695.35 740.74 715.66 622.67 480.05 301.80 122.84 0.00 0.00 0.00 0.00
0.00 0.00 0.00 0.00 0.00 0.00 0.00 0.00 0.18 1.92 3.80 5.68 6.97 7.51 7.47 7.01 6.05 4.48 2.69 0.48 0.00 0.00 0.00 0.00
0.00 0.00 0.00 0.00 0.00 0.00 0.00 0.00 0.06 0.56 1.22 1.81 2.35 2.75 2.80 2.75 2.62 1.93 1.15 0.30 0.00 0.00 0.00 0.00
0.00 0.00 0.00 0.00 0.00 0.00 0.00 0.00 0.09 0.90 1.95 2.89 3.77 4.41 4.48 4.39 4.19 3.08 1.85 0.48 0.00 0.00 0.00 0.00
0.00 0.00 0.00 0.00 0.00 0.00 0.00 0.00 0.09 0.90 1.95 2.89 3.77 4.41 4.48 4.39 4.19 3.08 1.85 0.48 0.00 0.00 0.00 0.00
0.00 0.00 0.00 0.00 0.00 0.00 0.00 0.00 0.14 3.38 7.04 10.72 14.10 15.58 16.17 15.58 12.99 9.85 5.99 1.67 0.00 0.00 0.00 0.00
0.00 0.00 0.00 0.00 0.00 0.00 0.00 0.00 0.07 1.53 3.22 4.92 6.49 7.44 7.53 7.29 6.19 4.69 2.78 0.76 0.00 0.00 0.00 0.00
0.00 0.00 0.00 0.00 0.00 0.00 0.00 0.00 0.09 1.97 4.14 6.33 8.34 9.57 9.68 9.37 7.96 6.03 3.57 0.97 0.00 0.00 0.00 0.00
0.00 0.00 0.00 0.00 0.00 0.00 0.00 0.00 0.06 1.31 2.76 4.22 5.56 6.38 6.46 6.25 5.31 4.02 2.38 0.65 0.00 0.00 0.00 0.00
0.00 0.00 0.00 0.00 0.00 0.00 0.00 0.00 0.06 1.31 2.76 4.22 5.56 6.38 6.46 6.25 5.31 4.02 2.38 0.65 0.00 0.00 0.00 0.00
0.00 0.00 0.00 0.00 0.00 0.00 0.00 0.00 0.16 14.97 30.65 49.00 65.70 82.51 85.40 82.03 71.58 53.59 30.91 8.83 0.00 0.00 0.00 0.00
0.00 0.00 0.00 0.00 0.00 0.00 0.00 0.00 0.58 10.43 21.51 32.62 42.49 48.02 49.24 46.44 39.28 29.95 17.71 4.75 0.00 0.00 0.00 0.00
0.00 0.00 0.00 0.00 0.00 0.00 0.00 0.00 0.28 9.24 19.16 28.54 36.59 40.69 41.31 39.58 30.92 23.38 14.31 3.97 0.00 0.00 0.00 0.00
0.00 0.00 0.00 0.00 0.00 0.00 0.00 0.00 0.00 42.87 95.72 151.76 194.88 205.10 218.49 211.09 183.66 141.60 89.02 36.23 0.00 0.00 0.00 0.00
0.00 0.00 0.00 0.00 0.00 0.00 0.00 0.00 0.00 40.78 91.05 144.36 185.37 195.10 207.83 200.80 174.70 134.69 84.68 34.47 0.00 0.00 0.00 0.00
0.00 0.00 0.00 0.00 0.00 0.00 0.00 0.00 0.00 78.42 175.09 277.61 356.48 375.19 399.68 386.15 335.97 259.02 162.84 66.28 0.00 0.00 0.00 0.00
0.00 0.00 0.00 0.00 0.00 0.00 0.00 0.00 0.00 77.12 172.17 272.98 350.54 368.93 393.02 379.71 330.37 254.70 160.13 65.18 0.00 0.00 0.00 0.00
0.00 0.00 0.00 0.00 0.00 0.00 0.00 0.00 0.00 82.56 185.34 293.56 383.54 394.87 401.55 379.01 328.72 248.19 153.14 59.65 0.00 0.00 0.00 0.00
0.00 0.00 0.00 0.00 0.00 0.00 0.00 0.00 0.06 0.56 1.22 1.81 2.35 2.75 2.80 2.75 2.62 1.93 1.15 0.30 0.00 0.00 0.00 0.00
0.00 0.00 0.00 0.00 0.00 0.00 0.00 0.00 0.30 2.86 6.17 9.16 11.93 13.95 14.18 13.91 13.27 9.76 5.84 1.52 0.00 0.00 0.00 0.00
0.00 0.00 0.00 0.00 0.00 0.00 0.00 0.00 1.51 14.59 31.48 46.75 60.90 71.22 72.40 71.01 67.73 49.81 29.84 7.78 0.00 0.00 0.00 0.00
0.00 0.00 0.00 0.00 0.00 0.00 0.00 0.00 0.00 2.93 6.54 10.36 13.31 14.01 14.92 14.42 12.54 9.67 6.08 2.47 0.00 0.00 0.00 0.00
0.00 0.00 0.00 0.00 0.00 0.00 0.00 0.00 0.00 64.21 143.98 224.01 289.12 295.78 306.31 292.01 256.09 195.82 118.43 44.76 0.00 0.00 0.00 0.00
0.00 0.00 0.00 0.00 0.00 0.00 0.00 0.00 0.00 4.75 10.35 16.06 21.95 24.79 25.87 25.18 20.51 15.90 10.19 3.72 0.00 0.00 0.00 0.00
0.00 0.00 0.00 0.00 0.00 0.00 0.00 0.00 0.00 36.28 73.88 113.69 146.22 151.74 157.11 149.25 126.35 94.61 57.05 18.62 0.00 0.00 0.00 0.00
0.00 0.00 0.00 0.00 0.00 0.00 0.00 0.00 0.00 1.07 2.40 3.73 4.82 4.93 5.11 4.87 4.27 3.26 1.97 0.75 0.00 0.00 0.00 0.00
0.00 0.00 0.00 0.00 0.00 0.00 0.00 0.00 0.00 48.16 107.98 168.01 216.84 221.83 229.73 219.01 192.06 146.86 88.82 33.57 0.00 0.00 0.00 0.00
0.00 0.00 0.00 0.00 0.00 0.00 0.00 0.00 0.00 61.80 138.58 215.61 278.28 284.69 294.82 281.06 246.48 188.47 113.98 43.08 0.00 0.00 0.00 0.00
0.00 0.00 0.00 0.00 0.00 0.00 0.00 0.00 0.00 108.87 244.42 387.13 505.80 520.73 529.54 499.83 433.49 327.31 201.96 78.67 0.00 0.00 0.00 0.00
0.00 0.00 0.00 0.00 0.00 0.00 0.00 0.00 0.06 2.13 4.71 7.25 9.53 11.73 12.07 11.71 10.01 7.51 4.52 1.31 0.00 0.00 0.00 0.00
0.00 0.00 0.00 0.00 0.00 0.00 0.00 0.00 0.08 2.79 6.07 9.13 12.07 14.69 15.03 14.53 12.45 9.37 5.62 1.58 0.00 0.00 0.00 0.00
0.00 0.00 0.00 0.00 0.00 0.00 0.00 0.00 0.00 19.58 42.70 66.25 90.53 102.26 106.71 103.86 84.61 65.59 42.04 15.36 0.00 0.00 0.00 0.00
0.00 0.00 0.00 0.00 0.00 0.00 0.00 0.00 0.00 69.53 172.99 279.59 374.21 426.09 440.80 422.94 373.67 296.73 186.28 60.13 0.00 0.00 0.00 0.00
0.00 0.00 0.00 0.00 0.00 0.00 0.00 0.00 0.06 0.77 1.59 2.44 3.15 3.76 3.89 3.70 3.07 2.31 1.39 0.35 0.00 0.00 0.00 0.00
0.00 0.00 0.00 0.00 0.00 0.00 0.00 0.00 0.00 17.03 35.94 56.40 72.70 74.39 76.15 72.31 61.19 46.01 28.17 10.39 0.00 0.00 0.00 0.00
0.00 0.00 0.00 0.00 0.00 0.00 0.00 0.00 0.00 4.65 11.64 18.48 24.77 25.70 26.20 25.61 23.61 18.15 11.69 4.84 0.00 0.00 0.00 0.00
0.00 0.00 0.00 0.00 0.00 0.00 0.00 0.00 0.25 2.20 4.35 6.52 8.16 8.97 8.86 8.12 6.70 5.02 3.04 0.50 0.00 0.00 0.00 0.00
0.00 0.00 0.00 0.00 0.00 0.00 0.00 0.00 0.12 1.10 2.17 3.26 4.08 4.48 4.43 4.06 3.35 2.51 1.52 0.25 0.00 0.00 0.00 0.00
0.00 0.00 0.00 0.00 0.00 0.00 0.00 0.00 0.27 2.41 4.75 7.13 8.93 9.81 9.69 8.88 7.33 5.49 3.32 0.55 0.00 0.00 0.00 0.00
0.00 0.00 0.00 0.00 0.00 0.00 0.00 0.00 0.32 2.92 5.74 8.71 10.70 11.82 11.73 10.94 8.94 6.72 4.03 0.70 0.00 0.00 0.00 0.00
0.00 0.00 0.00 0.00 0.00 0.00 0.00 0.00 0.49 4.45 8.74 13.27 16.30 18.02 17.87 16.67 13.62 10.24 6.14 1.07 0.00 0.00 0.00 0.00
0.00 0.00 0.00 0.00 0.00 0.00 0.00 0.00 0.35 3.88 7.75 11.60 14.16 15.38 15.44 14.56 12.23 9.25 5.56 1.07 0.00 0.00 0.00 0.00
0.00 0.00 0.00 0.00 0.00 0.00 0.00 0.00 0.00 2.96 6.20 9.37 11.79 12.90 13.41 12.81 10.29 7.71 4.55 1.17 0.00 0.00 0.00 0.00
0.00 0.00 0.00 0.00 0.00 0.00 0.00 0.00 0.00 7.65 16.01 24.20 30.45 33.32 34.65 33.10 26.59 19.93 11.74 3.02 0.00 0.00 0.00 0.00
0.00 0.00 0.00 0.00 0.00 0.00 0.00 0.00 0.00 1.96 4.06 6.21 8.09 8.19 8.41 7.89 6.65 4.98 3.00 0.96 0.00 0.00 0.00 0.00
0.00 0.00 0.00 0.00 0.00 0.00 0.00 0.00 0.28 2.68 5.28 7.98 10.12 14.95 15.40 14.73 12.73 9.58 5.84 1.23 0.00 0.00 0.00 0.00
0.00 0.00 0.00 0.00 0.00 0.00 0.00 0.00 0.61 6.39 12.87 18.94 23.57 28.35 28.76 27.26 23.32 17.46 10.36 1.89 0.00 0.00 0.00 0.00
0.00 0.00 0.00 0.00 0.00 0.00 0.00 0.00 0.08 0.41 0.72 1.07 1.33 1.67 1.66 1.57 1.67 1.22 0.72 0.13 0.00 0.00 0.00 0.00
0.00 0.00 0.00 0.00 0.00 0.00 0.00 0.00 0.37 2.32 5.13 7.71 10.00 12.22 12.36 11.69 11.12 8.24 4.96 1.03 0.00 0.00 0.00 0.00
0.00 0.00 0.00 0.00 0.00 0.00 0.00 0.00 0.30 1.64 3.31 4.89 6.19 6.98 6.90 6.49 7.26 5.31 3.16 0.56 0.00 0.00 0.00 0.00
0.00 0.00 0.00 0.00 0.00 0.00 0.00 0.00 0.41 2.26 4.57 6.75 8.55 9.64 9.52 8.96 10.02 7.33 4.36 0.77 0.00 0.00 0.00 0.00
0.00 0.00 0.00 0.00 0.00 0.00 0.00 0.00 0.28 1.54 3.11 4.60 5.82 6.56 6.49 6.10 6.83 5.00 2.97 0.52 0.00 0.00 0.00 0.00
0.00 0.00 0.00 0.00 0.00 0.00 0.00 0.00 0.20 1.24 2.73 4.11 5.33 6.52 6.59 6.24 5.93 4.39 2.64 0.55 0.00 0.00 0.00 0.00
0.00 0.00 0.00 0.00 0.00 0.00 0.00 0.00 0.22 1.09 2.12 3.14 3.93 4.51 4.57 4.22 4.95 3.60 2.14 0.36 0.00 0.00 0.00 0.00
0.00 0.00 0.00 0.00 0.00 0.00 0.00 0.00 0.17 1.62 3.49 5.18 6.75 7.89 8.02 7.87 7.51 5.52 3.31 0.86 0.00 0.00 0.00 0.00
0.00 0.00 0.00 0.00 0.00 0.00 0.00 0.00 0.21 19.48 39.89 63.78 85.52 107.39 111.16 106.76 93.17 69.75 40.24 11.49 0.00 0.00 0.00 0.00
0.00 0.00 0.00 0.00 0.00 0.00 0.00 0.00 0.15 3.83 7.98 12.15 15.98 17.65 18.33 17.66 14.72 11.16 6.79 1.89 0.00 0.00 0.00 0.00
0.00 0.00 0.00 0.00 0.00 0.00 0.00 0.00 0.32 4.00 8.09 12.41 16.51 22.11 22.14 21.20 18.25 13.73 8.44 2.25 0.00 0.00 0.00 0.00
0.00 0.00 0.00 0.00 0.00 0.00 0.00 0.00 0.15 1.83 3.71 5.69 7.56 10.13 10.15 9.72 8.37 6.29 3.87 1.03 0.00 0.00 0.00 0.00
0.00 0.00 0.00 0.00 0.00 0.00 0.00 0.00 0.19 4.76 9.87 15.00 19.54 21.63 22.56 21.62 17.90 13.62 8.41 2.33 0.00 0.00 0.00 0.00
0.00 0.00 0.00 0.00 0.00 0.00 0.00 0.00 0.14 1.86 3.86 5.92 7.66 9.12 9.44 8.99 7.45 5.61 3.37 0.86 0.00 0.00 0.00 0.00
0.00 0.00 0.00 0.00 0.00 0.00 0.00 0.00 0.00 20.27 44.21 68.59 93.73 105.87 110.49 107.53 87.61 67.90 43.53 15.91 0.00 0.00 0.00 0.00
0.00 0.00 0.00 0.00 0.00 0.00 0.00 0.00 0.00 8.67 17.67 27.19 34.97 36.29 37.57 35.69 30.21 22.62 13.64 4.45 0.00 0.00 0.00 0.00
0.00 0.00 0.00 0.00 0.00 0.00 0.00 0.00 0.00 1.92 3.91 6.09 7.87 7.91 8.11 7.79 6.73 4.98 3.01 1.00 0.00 0.00 0.00 0.00
0.00 0.00 0.00 0.00 0.00 0.00 0.00 0.00 0.00 2.42 4.90 7.55 9.70 9.62 9.88 9.45 8.18 6.13 3.74 1.24 0.00 0.00 0.00 0.00
0.00 0.00 0.00 0.00 0.00 0.00 0.00 0.00 0.00 3.88 7.84 12.08 15.52 15.40 15.81 15.12 13.09 9.81 5.98 1.98 0.00 0.00 0.00 0.00
0.00 0.00 0.00 0.00 0.00 0.00 0.00 0.00 0.00 79.73 178.01 282.23 362.42 381.44 406.34 392.58 341.57 263.34 165.56 67.39 0.00 0.00 0.00 0.00
