0.00 0.00 0.00 0.00 0.00 0.00 0.00 0.00 0.00 0.95 2.06 2.97 3.68 4.06 4.11 3.85 3.15 2.17 1.14 0.00 0.00 0.00 0.00 0.00
0.00 0.00 0.00 0.00 0.00 0.00 0.00 0.00 6.89 26.02 46.71 64.68 74.88 79.70 77.01 68.95 53.35 35.01 16.23 0.00 0.00 0.00 0.00 0.00
0.00 0.00 0.00 0.00 0.00 0.00 0.00 0.00 0.00 21.67 47.13 67.89 84.25 92.77 93.88 88.05 71.95 49.55 25.96 0.00 0.00 0.00 0.00 0.00
0.00 0.00 0.00 0.00 0.00 0.00 0.00 0.00 0.00 77.01 167.51 241.27 299.42 329.69 333.64 312.92 255.71 176.09 92.25 0.00 0.00 0.00 0.00 0.00
0.00 0.00 0.00 0.00 0.00 0.00 0.00 0.00 1.27 3.86 6.27 8.35 9.46 10.00 9.51 8.24 6.51 4.08 1.60 0.00 0.00 0.00 0.00 0.00
0.00 0.00 0.00 0.00 0.00 0.00 0.00 0.00 0.00 166.22 369.73 533.53 665.85 760.37 782.56 740.36 606.70 421.78 229.72 0.07 0.00 0.00 0.00 0.00
0.00 0.00 0.00 0.00 0.00 0.00 0.00 0.00 0.24 1.10 2.62 3.68 4.40 5.33 5.32 4.81 4.62 2.90 1.21 0.00 0.00 0.00 0.00 0.00
0.00 0.00 0.00 0.00 0.00 0.00 0.00 0.00 0.38 1.46 2.64 3.63 4.10 4.46 4.33 3.92 3.18 2.07 0.94 0.00 0.00 0.00 0.00 0.00
0.00 0.00 0.00 0.00 0.00 0.00 0.00 0.00 0.60 2.34 4.22 5.80 6.57 7.14 6.93 6.28 5.08 3.32 1.51 0.00 0.00 0.00 0.00 0.00
0.00 0.00 0.00 0.00 0.00 0.00 0.00 0.00 0.60 2.34 4.22 5.80 6.57 7.14 6.93 6.28 5.08 3.32 1.51 0.00 0.00 0.00 0.00 0.00
0.00 0.00 0.00 0.00 0.00 0.00 0.00 0.00 0.94 4.59 8.70 12.50 14.76 16.59 16.23 15.04 12.45 8.22 3.87 0.00 0.00 0.00 0.00 0.00
0.00 0.00 0.00 0.00 0.00 0.00 0.00 0.00 0.46 2.23 4.20 6.04 7.06 7.88 7.72 7.22 5.93 3.90 1.83 0.00 0.00 0.00 0.00 0.00
0.00 0.00 0.00 0.00 0.00 0.00 0.00 0.00 0.60 2.86 5.40 7.77 9.07 10.13 9.93 9.28 7.62 5.01 2.35 0.00 0.00 0.00 0.00 0.00
0.00 0.00 0.00 0.00 0.00 0.00 0.00 0.00 0.40 1.91 3.60 5.18 6.05 6.75 6.62 6.18 5.08 3.34 1.57 0.00 0.00 0.00 0.00 0.00
0.00 0.00 0.00 0.00 0.00 0.00 0.00 0.00 0.40 1.91 3.60 5.18 6.05 6.75 6.62 6.18 5.08 3.34 1.57 0.00 0.00 0.00 0.00 0.00
0.00 0.00 0.00 0.00 0.00 0.00 0.00 0.00 6.04 29.24 55.33 79.61 93.80 100.60 99.87 91.75 75.54 50.64 25.63 0.00 0.00 0.00 0.00 0.00
0.00 0.00 0.00 0.00 0.00 0.00 0.00 0.00 3.02 14.15 26.75 38.08 44.49 49.06 48.56 44.46 36.70 24.26 11.20 0.00 0.00 0.00 0.00 0.00
0.00 0.00 0.00 0.00 0.00 0.00 0.00 0.00 2.09 10.97 21.02 29.82 36.04 40.64 40.36 37.42 30.60 20.27 9.43 0.00 0.00 0.00 0.00 0.00
0.00 0.00 0.00 0.00 0.00 0.00 0.00 0.00 0.00 49.03 109.06 157.37 196.40 224.28 230.83 218.38 178.95 124.41 67.76 0.02 0.00 0.00 0.00 0.00
0.00 0.00 0.00 0.00 0.00 0.00 0.00 0.00 0.00 46.64 103.74 149.70 186.82 213.34 219.57 207.73 170.22 118.34 64.45 0.02 0.00 0.00 0.00 0.00
0.00 0.00 0.00 0.00 0.00 0.00 0.00 0.00 0.00 89.69 199.50 287.88 359.27 410.27 422.24 399.48 327.35 227.58 123.95 0.04 0.00 0.00 0.00 0.00
0.00 0.00 0.00 0.00 0.00 0.00 0.00 0.00 0.00 88.19 196.17 283.08 353.29 403.44 415.21 392.82 321.90 223.79 121.88 0.04 0.00 0.00 0.00 0.00
0.00 0.00 0.00 0.00 0.00 0.00 0.00 0.00 0.00 96.14 213.42 305.19 385.28 428.93 437.24 406.18 331.91 228.05 119.59 0.00 0.00 0.00 0.00 0.00
0.00 0.00 0.00 0.00 0.00 0.00 0.00 0.00 0.38 1.46 2.64 3.63 4.10 4.46 4.33 3.92 3.18 2.07 0.94 0.00 0.00 0.00 0.00 0.00
0.00 0.00 0.00 0.00 0.00 0.00 0.00 0.00 1.91 7.41 13.36 18.38 20.79 22.61 21.93 19.88 16.09 10.50 4.78 0.00 0.00 0.00 0.00 0.00
0.00 0.00 0.00 0.00 0.00 0.00 0.00 0.00 9.73 37.85 68.22 93.83 106.16 115.41 111.98 101.51 82.14 53.63 24.42 0.00 0.00 0.00 0.00 0.00
0.00 0.00 0.00 0.00 0.00 0.00 0.00 0.00 0.00 3.35 7.45 10.75 13.41 15.32 15.76 14.91 12.22 8.50 4.63 0.00 0.00 0.00 0.00 0.00
0.00 0.00 0.00 0.00 0.00 0.00 0.00 0.00 0.00 75.81 164.89 237.51 294.75 324.55 328.44 308.04 251.73 173.34 90.81 0.00 0.00 0.00 0.00 0.00
0.00 0.00 0.00 0.00 0.00 0.00 0.00 0.00 0.71 6.07 12.16 18.11 22.98 25.34 26.55 25.41 20.28 14.21 7.27 0.00 0.00 0.00 0.00 0.00
0.00 0.00 0.00 0.00 0.00 0.00 0.00 0.00 2.50 39.14 82.92 118.41 141.87 158.95 163.24 149.22 120.66 79.23 38.47 0.00 0.00 0.00 0.00 0.00
0.00 0.00 0.00 0.00 0.00 0.00 0.00 0.00 0.00 1.26 2.75 3.96 4.91 5.41 5.47 5.13 4.20 2.89 1.51 0.00 0.00 0.00 0.00 0.00
0.00 0.00 0.00 0.00 0.00 0.00 0.00 0.00 0.00 56.86 123.67 178.13 221.06 243.41 246.33 231.03 188.79 130.01 68.11 0.00 0.00 0.00 0.00 0.00
0.00 0.00 0.00 0.00 0.00 0.00 0.00 0.00 0.00 72.97 158.71 228.60 283.70 312.38 316.12 296.49 242.29 166.84 87.41 0.00 0.00 0.00 0.00 0.00
0.00 0.00 0.00 0.00 0.00 0.00 0.00 0.00 0.00 126.79 281.44 402.46 508.08 565.65 576.61 535.65 437.70 300.74 157.71 0.00 0.00 0.00 0.00 0.00
0.00 0.00 0.00 0.00 0.00 0.00 0.00 0.00 0.69 3.47 6.58 9.46 11.21 12.78 12.48 11.32 9.49 6.37 3.06 0.00 0.00 0.00 0.00 0.00
0.00 0.00 0.00 0.00 0.00 0.00 0.00 0.00 0.88 4.39 8.29 11.85 14.14 15.79 15.37 14.27 11.79 7.90 3.77 0.00 0.00 0.00 0.00 0.00
0.00 0.00 0.00 0.00 0.00 0.00 0.00 0.00 2.91 25.04 50.18 74.71 94.78 104.54 109.53 104.82 83.64 58.63 29.98 0.00 0.00 0.00 0.00 0.00
0.00 0.00 0.00 0.00 0.00 0.00 0.00 0.00 0.00 82.08 201.29 297.32 376.41 424.36 434.45 400.82 323.63 224.77 119.58 0.00 0.00 0.00 0.00 0.00
0.00 0.00 0.00 0.00 0.00 0.00 0.00 0.00 0.26 1.16 2.17 2.98 3.51 3.87 3.79 3.44 2.80 1.83 0.83 0.00 0.00 0.00 0.00 0.00
0.00 0.00 0.00 0.00 0.00 0.00 0.00 0.00 0.38 19.19 41.50 59.63 73.32 81.87 83.51 76.74 61.74 41.98 21.38 0.00 0.00 0.00 0.00 0.00
0.00 0.00 0.00 0.00 0.00 0.00 0.00 0.00 0.00 6.36 14.34 21.22 26.06 29.49 30.36 28.42 23.20 16.33 9.26 0.27 0.00 0.00 0.00 0.00
0.00 0.00 0.00 0.00 0.00 0.00 0.00 0.00 0.26 1.11 2.70 3.82 4.61 5.74 5.57 5.06 5.01 3.15 1.28 0.00 0.00 0.00 0.00 0.00
0.00 0.00 0.00 0.00 0.00 0.00 0.00 0.00 0.13 0.56 1.35 1.91 2.30 2.87 2.78 2.53 2.51 1.58 0.64 0.00 0.00 0.00 0.00 0.00
0.00 0.00 0.00 0.00 0.00 0.00 0.00 0.00 0.28 1.22 2.96 4.18 5.04 6.28 6.09 5.53 5.48 3.45 1.40 0.00 0.00 0.00 0.00 0.00
0.00 0.00 0.00 0.00 0.00 0.00 0.00 0.00 0.45 1.92 4.11 5.71 6.85 7.92 7.78 7.08 6.93 4.34 1.79 0.00 0.00 0.00 0.00 0.00
0.00 0.00 0.00 0.00 0.00 0.00 0.00 0.00 0.69 2.92 6.26 8.70 10.44 12.06 11.86 10.78 10.56 6.61 2.73 0.00 0.00 0.00 0.00 0.00
0.00 0.00 0.00 0.00 0.00 0.00 0.00 0.00 0.55 2.54 5.82 8.07 9.72 11.32 11.32 10.26 9.48 6.05 2.55 0.00 0.00 0.00 0.00 0.00
0.00 0.00 0.00 0.00 0.00 0.00 0.00 0.00 0.24 2.23 6.03 8.47 10.11 12.23 12.34 11.29 9.00 5.88 2.71 0.00 0.00 0.00 0.00 0.00
0.00 0.00 0.00 0.00 0.00 0.00 0.00 0.00 0.61 5.75 15.57 21.88 26.12 31.60 31.89 29.16 23.25 15.19 7.01 0.00 0.00 0.00 0.00 0.00
0.00 0.00 0.00 0.00 0.00 0.00 0.00 0.00 0.19 1.89 4.46 6.22 7.54 8.47 8.62 7.78 6.29 4.07 1.93 0.00 0.00 0.00 0.00 0.00
0.00 0.00 0.00 0.00 0.00 0.00 0.00 0.00 1.15 4.68 8.95 12.39 14.30 15.42 15.28 13.75 11.68 7.50 3.29 0.00 0.00 0.00 0.00 0.00
0.00 0.00 0.00 0.00 0.00 0.00 0.00 0.00 1.43 6.15 13.11 18.13 21.51 25.60 26.02 23.62 19.15 12.08 5.21 0.00 0.00 0.00 0.00 0.00
0.00 0.00 0.00 0.00 0.00 0.00 0.00 0.00 0.38 1.19 1.85 2.50 2.79 3.02 2.93 2.58 2.18 1.38 0.54 0.00 0.00 0.00 0.00 0.00
0.00 0.00 0.00 0.00 0.00 0.00 0.00 0.00 2.26 7.69 12.68 17.15 19.45 20.24 19.31 17.15 14.74 9.50 4.01 0.00 0.00 0.00 0.00 0.00
0.00 0.00 0.00 0.00 0.00 0.00 0.00 0.00 1.56 5.03 8.04 10.77 11.99 12.94 12.54 11.04 9.28 5.80 2.37 0.00 0.00 0.00 0.00 0.00
0.00 0.00 0.00 0.00 0.00 0.00 0.00 0.00 2.15 6.94 11.09 14.86 16.55 17.85 17.31 15.24 12.80 8.01 3.27 0.00 0.00 0.00 0.00 0.00
0.00 0.00 0.00 0.00 0.00 0.00 0.00 0.00 1.46 4.73 7.55 10.12 11.27 12.16 11.79 10.38 8.72 5.46 2.23 0.00 0.00 0.00 0.00 0.00
0.00 0.00 0.00 0.00 0.00 0.00 0.00 0.00 1.21 4.10 6.76 9.14 10.37 10.79 10.30 9.15 7.86 5.07 2.14 0.00 0.00 0.00 0.00 0.00
0.00 0.00 0.00 0.00 0.00 0.00 0.00 0.00 1.16 3.56 5.88 7.92 8.96 9.73 9.41 8.27 6.49 4.02 1.60 0.00 0.00 0.00 0.00 0.00
0.00 0.00 0.00 0.00 0.00 0.00 0.00 0.00 1.08 4.19 7.56 10.40 11.76 12.79 12.41 11.25 9.10 5.94 2.71 0.00 0.00 0.00 0.00 0.00
0.00 0.00 0.00 0.00 0.00 0.00 0.00 0.00 7.86 38.06 72.02 103.62 122.10 130.94 129.99 119.42 98.32 65.91 33.36 0.00 0.00 0.00 0.00 0.00
0.00 0.00 0.00 0.00 0.00 0.00 0.00 0.00 1.06 5.20 9.86 14.16 16.73 18.80 18.39 17.05 14.11 9.32 4.38 0.00 0.00 0.00 0.00 0.00
0.00 0.00 0.00 0.00 0.00 0.00 0.00 0.00 1.92 8.24 15.35 21.20 24.76 27.11 26.88 24.70 19.98 13.20 6.00 0.00 0.00 0.00 0.00 0.00
0.00 0.00 0.00 0.00 0.00 0.00 0.00 0.00 0.88 3.78 7.04 9.72 11.35 12.42 12.32 11.32 9.16 6.05 2.75 0.00 0.00 0.00 0.00 0.00
0.00 0.00 0.00 0.00 0.00 0.00 0.00 0.00 1.30 6.36 12.06 17.27 20.42 23.01 22.56 20.82 17.20 11.46 5.38 0.00 0.00 0.00 0.00 0.00
0.00 0.00 0.00 0.00 0.00 0.00 0.00 0.00 0.63 2.81 5.28 7.24 8.52 9.39 9.21 8.35 6.81 4.45 2.01 0.00 0.00 0.00 0.00 0.00
0.00 0.00 0.00 0.00 0.00 0.00 0.00 0.00 3.01 25.93 51.95 77.35 98.13 108.24 113.40 108.53 86.59 60.70 31.04 0.00 0.00 0.00 0.00 0.00
0.00 0.00 0.00 0.00 0.00 0.00 0.00 0.00 0.60 9.36 19.83 28.32 33.93 38.01 39.04 35.68 28.85 18.95 9.20 0.00 0.00 0.00 0.00 0.00
0.00 0.00 0.00 0.00 0.00 0.00 0.00 0.00 0.14 2.11 4.45 6.39 7.70 8.65 8.74 7.96 6.40 4.31 2.11 0.00 0.00 0.00 0.00 0.00
0.00 0.00 0.00 0.00 0.00 0.00 0.00 0.00 0.23 2.64 5.45 7.72 9.42 10.69 10.73 9.79 8.04 5.45 2.68 0.00 0.00 0.00 0.00 0.00
0.00 0.00 0.00 0.00 0.00 0.00 0.00 0.00 0.36 4.22 8.72 12.35 15.07 17.10 17.17 15.66 12.87 8.71 4.28 0.00 0.00 0.00 0.00 0.00
0.00 0.00 0.00 0.00 0.00 0.00 0.00 0.00 0.00 91.18 202.82 292.68 365.26 417.11 429.28 406.14 332.81 231.37 126.01 0.04 0.00 0.00 0.00 0.00
