0.00 0.00 0.00 0.00 0.00 0.00 0.00 0.00 0.00 0.29 1.40 2.23 2.94 3.31 3.40 3.05 2.37 1.62 0.67 0.00 0.00 0.00 0.00 0.00
0.00 0.00 0.00 0.00 0.00 0.00 0.00 0.00 0.00 11.66 30.24 44.43 55.11 60.01 61.56 54.38 41.02 26.96 9.79 0.00 0.00 0.00 0.00 0.00
0.00 0.00 0.00 0.00 0.00 0.00 0.00 0.00 0.00 6.67 32.11 51.07 67.26 75.71 77.81 69.77 54.17 37.00 15.21 0.00 0.00 0.00 0.00 0.00
0.00 0.00 0.00 0.00 0.00 0.00 0.00 0.00 0.00 23.70 114.11 181.51 239.02 269.05 276.53 247.95 192.52 131.49 54.06 0.00 0.00 0.00 0.00 0.00
0.00 0.00 0.00 0.00 0.00 0.00 0.00 0.00 0.00 2.20 5.31 7.66 9.27 10.01 9.85 8.43 6.32 3.88 0.94 0.00 0.00 0.00 0.00 0.00
0.00 0.00 0.00 0.00 0.00 0.00 0.00 0.00 0.00 49.69 254.62 408.84 539.66 618.57 645.10 591.32 463.29 316.93 141.78 0.00 0.00 0.00 0.00 0.00
0.00 0.00 0.00 0.00 0.00 0.00 0.00 0.00 0.00 0.94 2.88 4.24 5.33 5.89 5.84 5.15 3.80 2.35 0.57 0.00 0.00 0.00 0.00 0.00
0.00 0.00 0.00 0.00 0.00 0.00 0.00 0.00 0.00 0.68 1.78 2.62 3.25 3.54 3.58 3.16 2.40 1.57 0.54 0.00 0.00 0.00 0.00 0.00
0.00 0.00 0.00 0.00 0.00 0.00 0.00 0.00 0.00 1.08 2.85 4.19 5.20 5.67 5.73 5.06 3.84 2.51 0.86 0.00 0.00 0.00 0.00 0.00
0.00 0.00 0.00 0.00 0.00 0.00 0.00 0.00 0.00 1.08 2.85 4.19 5.20 5.67 5.73 5.06 3.84 2.51 0.86 0.00 0.00 0.00 0.00 0.00
0.00 0.00 0.00 0.00 0.00 0.00 0.00 0.00 0.00 2.23 6.48 9.48 12.08 13.36 13.41 11.90 9.42 6.20 2.21 0.00 0.00 0.00 0.00 0.00
0.00 0.00 0.00 0.00 0.00 0.00 0.00 0.00 0.00 1.07 3.07 4.48 5.70 6.32 6.37 5.65 4.37 2.88 1.03 0.00 0.00 0.00 0.00 0.00
0.00 0.00 0.00 0.00 0.00 0.00 0.00 0.00 0.00 1.37 3.95 5.76 7.33 8.13 8.19 7.27 5.62 3.70 1.32 0.00 0.00 0.00 0.00 0.00
0.00 0.00 0.00 0.00 0.00 0.00 0.00 0.00 0.00 0.92 2.63 3.84 4.89 5.42 5.46 4.84 3.75 2.47 0.88 0.00 0.00 0.00 0.00 0.00
0.00 0.00 0.00 0.00 0.00 0.00 0.00 0.00 0.00 0.92 2.63 3.84 4.89 5.42 5.46 4.84 3.75 2.47 0.88 0.00 0.00 0.00 0.00 0.00
0.00 0.00 0.00 0.00 0.00 0.00 0.00 0.00 0.00 9.98 26.11 39.57 50.96 59.01 62.12 55.78 44.77 29.19 12.50 0.00 0.00 0.00 0.00 0.00
0.00 0.00 0.00 0.00 0.00 0.00 0.00 0.00 0.00 6.72 19.38 28.28 36.52 41.29 41.03 35.82 27.75 18.11 6.17 0.00 0.00 0.00 0.00 0.00
0.00 0.00 0.00 0.00 0.00 0.00 0.00 0.00 0.00 5.27 15.89 23.44 29.33 33.06 33.52 29.11 22.90 14.96 5.09 0.00 0.00 0.00 0.00 0.00
0.00 0.00 0.00 0.00 0.00 0.00 0.00 0.00 0.00 14.66 75.10 120.59 159.18 182.46 190.28 174.42 136.66 93.48 41.82 0.00 0.00 0.00 0.00 0.00
0.00 0.00 0.00 0.00 0.00 0.00 0.00 0.00 0.00 13.94 71.44 114.71 151.42 173.56 181.00 165.91 129.99 88.92 39.78 0.00 0.00 0.00 0.00 0.00
0.00 0.00 0.00 0.00 0.00 0.00 0.00 0.00 0.00 26.81 137.38 220.60 291.19 333.76 348.08 319.06 249.98 171.00 76.50 0.00 0.00 0.00 0.00 0.00
0.00 0.00 0.00 0.00 0.00 0.00 0.00 0.00 0.00 26.36 135.09 216.92 286.33 328.20 342.28 313.74 245.81 168.15 75.23 0.00 0.00 0.00 0.00 0.00
0.00 0.00 0.00 0.00 0.00 0.00 0.00 0.00 0.00 25.45 141.33 228.60 303.80 340.20 353.38 315.39 246.40 167.84 67.89 0.00 0.00 0.00 0.00 0.00
0.00 0.00 0.00 0.00 0.00 0.00 0.00 0.00 0.00 0.68 1.78 2.62 3.25 3.54 3.58 3.16 2.40 1.57 0.54 0.00 0.00 0.00 0.00 0.00
0.00 0.00 0.00 0.00 0.00 0.00 0.00 0.00 0.00 3.42 9.03 13.27 16.46 17.95 18.15 16.02 12.17 7.95 2.73 0.00 0.00 0.00 0.00 0.00
0.00 0.00 0.00 0.00 0.00 0.00 0.00 0.00 0.00 17.47 46.09 67.76 84.01 91.62 92.64 81.79 62.11 40.58 13.95 0.00 0.00 0.00 0.00 0.00
0.00 0.00 0.00 0.00 0.00 0.00 0.00 0.00 0.00 1.00 5.13 8.24 10.87 12.46 12.99 11.91 9.33 6.38 2.86 0.00 0.00 0.00 0.00 0.00
0.00 0.00 0.00 0.00 0.00 0.00 0.00 0.00 0.00 23.33 112.34 178.68 235.30 264.86 272.22 244.08 189.52 129.44 53.22 0.00 0.00 0.00 0.00 0.00
0.00 0.00 0.00 0.00 0.00 0.00 0.00 0.00 0.00 2.85 9.60 14.49 18.41 20.85 21.71 19.49 15.77 10.76 4.46 0.00 0.00 0.00 0.00 0.00
0.00 0.00 0.00 0.00 0.00 0.00 0.00 0.00 0.00 13.09 56.40 88.09 114.57 126.45 127.58 114.23 85.67 56.18 19.11 0.00 0.00 0.00 0.00 0.00
0.00 0.00 0.00 0.00 0.00 0.00 0.00 0.00 0.00 0.39 1.87 2.98 3.92 4.41 4.54 4.07 3.16 2.16 0.89 0.00 0.00 0.00 0.00 0.00
0.00 0.00 0.00 0.00 0.00 0.00 0.00 0.00 0.00 17.50 84.25 134.01 176.47 198.65 204.17 183.06 142.14 97.08 39.91 0.00 0.00 0.00 0.00 0.00
0.00 0.00 0.00 0.00 0.00 0.00 0.00 0.00 0.00 22.46 108.12 171.98 226.47 254.93 262.01 234.93 182.41 124.59 51.22 0.00 0.00 0.00 0.00 0.00
0.00 0.00 0.00 0.00 0.00 0.00 0.00 0.00 0.00 33.57 186.38 301.46 400.64 448.64 466.02 415.92 324.94 221.34 89.53 0.00 0.00 0.00 0.00 0.00
0.00 0.00 0.00 0.00 0.00 0.00 0.00 0.00 0.00 1.65 4.78 6.99 8.88 9.92 10.17 9.16 7.01 4.67 1.75 0.00 0.00 0.00 0.00 0.00
0.00 0.00 0.00 0.00 0.00 0.00 0.00 0.00 0.00 2.05 5.93 8.67 11.02 12.32 12.69 11.37 8.74 5.81 2.16 0.00 0.00 0.00 0.00 0.00
0.00 0.00 0.00 0.00 0.00 0.00 0.00 0.00 0.00 11.75 39.59 59.77 75.95 85.99 89.56 80.38 65.07 44.38 18.38 0.00 0.00 0.00 0.00 0.00
0.00 0.00 0.00 0.00 0.00 0.00 0.00 0.00 0.00 7.87 113.46 197.45 268.80 311.98 318.83 283.47 229.58 155.86 61.50 0.00 0.00 0.00 0.00 0.00
0.00 0.00 0.00 0.00 0.00 0.00 0.00 0.00 0.00 0.54 1.52 2.21 2.81 3.14 3.16 2.76 2.10 1.36 0.44 0.00 0.00 0.00 0.00 0.00
0.00 0.00 0.00 0.00 0.00 0.00 0.00 0.00 0.00 5.85 27.34 43.22 57.18 64.81 66.14 58.91 44.87 30.16 11.59 0.00 0.00 0.00 0.00 0.00
0.00 0.00 0.00 0.00 0.00 0.00 0.00 0.00 0.00 1.63 9.15 15.01 20.23 23.55 24.75 23.01 18.21 12.38 6.00 0.00 0.00 0.00 0.00 0.00
0.00 0.00 0.00 0.00 0.00 0.00 0.00 0.00 0.00 1.14 3.41 4.99 6.19 6.82 6.82 5.85 4.44 2.71 0.60 0.00 0.00 0.00 0.00 0.00
0.00 0.00 0.00 0.00 0.00 0.00 0.00 0.00 0.00 0.57 1.71 2.50 3.10 3.41 3.41 2.93 2.22 1.36 0.30 0.00 0.00 0.00 0.00 0.00
0.00 0.00 0.00 0.00 0.00 0.00 0.00 0.00 0.00 1.25 3.73 5.46 6.77 7.46 7.46 6.40 4.86 2.97 0.66 0.00 0.00 0.00 0.00 0.00
0.00 0.00 0.00 0.00 0.00 0.00 0.00 0.00 0.00 1.51 4.43 6.47 8.06 8.94 8.97 7.80 5.87 3.61 0.85 0.00 0.00 0.00 0.00 0.00
0.00 0.00 0.00 0.00 0.00 0.00 0.00 0.00 0.00 2.30 6.75 9.86 12.29 13.62 13.68 11.88 8.94 5.50 1.29 0.00 0.00 0.00 0.00 0.00
0.00 0.00 0.00 0.00 0.00 0.00 0.00 0.00 0.00 1.90 5.83 8.57 10.81 12.14 12.01 10.68 7.85 4.87 1.21 0.00 0.00 0.00 0.00 0.00
0.00 0.00 0.00 0.00 0.00 0.00 0.00 0.00 0.00 1.14 4.54 7.00 8.99 10.14 10.09 8.90 6.57 4.20 1.24 0.00 0.00 0.00 0.00 0.00
0.00 0.00 0.00 0.00 0.00 0.00 0.00 0.00 0.00 2.94 11.74 18.09 23.24 26.19 26.06 23.00 16.97 10.85 3.21 0.00 0.00 0.00 0.00 0.00
0.00 0.00 0.00 0.00 0.00 0.00 0.00 0.00 0.00 0.77 3.03 4.65 6.14 6.92 7.00 6.09 4.65 3.02 0.98 0.00 0.00 0.00 0.00 0.00
0.00 0.00 0.00 0.00 0.00 0.00 0.00 0.00 0.00 2.52 6.86 9.90 12.32 13.52 13.82 11.85 9.09 5.79 1.75 0.00 0.00 0.00 0.00 0.00
0.00 0.00 0.00 0.00 0.00 0.00 0.00 0.00 0.00 3.84 11.00 16.02 20.04 22.20 22.21 19.60 14.82 9.34 2.61 0.00 0.00 0.00 0.00 0.00
0.00 0.00 0.00 0.00 0.00 0.00 0.00 0.00 0.00 0.68 1.67 2.38 2.84 3.00 3.03 2.62 1.96 1.21 0.28 0.00 0.00 0.00 0.00 0.00
0.00 0.00 0.00 0.00 0.00 0.00 0.00 0.00 0.00 3.71 9.27 13.50 16.30 17.52 17.77 15.64 11.52 7.27 2.10 0.00 0.00 0.00 0.00 0.00
0.00 0.00 0.00 0.00 0.00 0.00 0.00 0.00 0.00 2.47 5.99 8.78 10.69 11.71 11.74 10.27 7.49 4.67 1.24 0.00 0.00 0.00 0.00 0.00
0.00 0.00 0.00 0.00 0.00 0.00 0.00 0.00 0.00 3.40 8.27 12.11 14.76 16.15 16.20 14.17 10.34 6.44 1.71 0.00 0.00 0.00 0.00 0.00
0.00 0.00 0.00 0.00 0.00 0.00 0.00 0.00 0.00 2.32 5.63 8.25 10.05 11.00 11.04 9.65 7.04 4.39 1.17 0.00 0.00 0.00 0.00 0.00
0.00 0.00 0.00 0.00 0.00 0.00 0.00 0.00 0.00 1.98 4.94 7.20 8.69 9.35 9.48 8.34 6.14 3.88 1.12 0.00 0.00 0.00 0.00 0.00
0.00 0.00 0.00 0.00 0.00 0.00 0.00 0.00 0.00 1.92 4.66 6.68 8.22 9.02 8.90 7.65 5.67 3.50 0.88 0.00 0.00 0.00 0.00 0.00
0.00 0.00 0.00 0.00 0.00 0.00 0.00 0.00 0.00 1.94 5.11 7.51 9.31 10.15 10.27 9.06 6.88 4.50 1.55 0.00 0.00 0.00 0.00 0.00
0.00 0.00 0.00 0.00 0.00 0.00 0.00 0.00 0.00 13.00 33.99 51.50 66.33 76.81 80.86 72.61 58.27 38.00 16.27 0.00 0.00 0.00 0.00 0.00
0.00 0.00 0.00 0.00 0.00 0.00 0.00 0.00 0.00 2.53 7.35 10.74 13.69 15.14 15.20 13.49 10.67 7.03 2.50 0.00 0.00 0.00 0.00 0.00
0.00 0.00 0.00 0.00 0.00 0.00 0.00 0.00 0.00 4.02 11.01 15.96 20.50 22.54 22.33 19.60 15.17 9.85 3.27 0.00 0.00 0.00 0.00 0.00
0.00 0.00 0.00 0.00 0.00 0.00 0.00 0.00 0.00 1.84 5.05 7.32 9.40 10.33 10.23 8.98 6.95 4.51 1.50 0.00 0.00 0.00 0.00 0.00
0.00 0.00 0.00 0.00 0.00 0.00 0.00 0.00 0.00 3.12 9.10 13.30 16.90 18.75 18.86 16.58 13.21 8.69 3.08 0.00 0.00 0.00 0.00 0.00
0.00 0.00 0.00 0.00 0.00 0.00 0.00 0.00 0.00 1.30 3.69 5.37 6.82 7.62 7.67 6.71 5.10 3.30 1.08 0.00 0.00 0.00 0.00 0.00
0.00 0.00 0.00 0.00 0.00 0.00 0.00 0.00 0.00 12.17 40.99 61.88 78.64 89.03 92.73 83.22 67.37 45.95 19.03 0.00 0.00 0.00 0.00 0.00
0.00 0.00 0.00 0.00 0.00 0.00 0.00 0.00 0.00 3.13 13.49 21.06 27.40 30.24 30.51 27.32 20.49 13.43 4.57 0.00 0.00 0.00 0.00 0.00
0.00 0.00 0.00 0.00 0.00 0.00 0.00 0.00 0.00 0.72 3.01 4.69 6.18 6.90 6.84 6.19 4.67 3.08 1.08 0.00 0.00 0.00 0.00 0.00
0.00 0.00 0.00 0.00 0.00 0.00 0.00 0.00 0.00 0.96 3.72 5.75 7.39 8.46 8.57 7.70 5.89 3.90 1.41 0.00 0.00 0.00 0.00 0.00
0.00 0.00 0.00 0.00 0.00 0.00 0.00 0.00 0.00 1.53 5.96 9.19 11.82 13.54 13.71 12.33 9.42 6.24 2.25 0.00 0.00 0.00 0.00 0.00
0.00 0.00 0.00 0.00 0.00 0.00 0.00 0.00 0.00 27.26 139.67 224.28 296.04 339.32 353.88 324.37 254.15 173.85 77.78 0.00 0.00 0.00 0.00 0.00
