0.00 0.00 0.00 0.00 0.00 0.00 0.00 0.00 0.00 0.26 1.32 2.14 2.95 3.46 3.65 3.51 2.86 2.08 1.25 0.13 0.00 0.00 0.00 0.00
0.00 0.00 0.00 0.00 0.00 0.00 0.00 0.00 0.00 8.86 23.59 37.33 47.88 44.30 45.95 43.99 36.55 26.75 15.09 0.48 0.00 0.00 0.00 0.00
0.00 0.00 0.00 0.00 0.00 0.00 0.00 0.00 0.00 6.03 30.16 48.95 67.55 79.18 83.39 80.17 65.44 47.52 28.58 3.02 0.00 0.00 0.00 0.00
0.00 0.00 0.00 0.00 0.00 0.00 0.00 0.00 0.00 21.43 107.20 173.97 240.06 281.39 296.37 284.93 232.58 168.88 101.57 10.72 0.00 0.00 0.00 0.00
0.00 0.00 0.00 0.00 0.00 0.00 0.00 0.00 0.00 1.70 4.28 6.57 8.35 8.93 8.85 8.36 6.21 4.35 2.22 0.00 0.00 0.00 0.00 0.00
0.00 0.00 0.00 0.00 0.00 0.00 0.00 0.00 0.00 43.11 231.64 381.38 528.02 603.55 650.69 627.87 526.47 380.05 231.69 33.88 0.00 0.00 0.00 0.00
0.00 0.00 0.00 0.00 0.00 0.00 0.00 0.00 0.00 0.81 2.58 4.15 5.51 6.26 6.28 6.01 4.80 3.24 1.69 0.00 0.00 0.00 0.00 0.00
0.00 0.00 0.00 0.00 0.00 0.00 0.00 0.00 0.00 0.46 1.18 1.88 2.54 2.19 2.24 2.18 1.97 1.42 0.79 0.04 0.00 0.00 0.00 0.00
0.00 0.00 0.00 0.00 0.00 0.00 0.00 0.00 0.00 0.74 1.88 3.01 4.07 3.50 3.58 3.49 3.16 2.27 1.27 0.06 0.00 0.00 0.00 0.00
0.00 0.00 0.00 0.00 0.00 0.00 0.00 0.00 0.00 0.74 1.88 3.01 4.07 3.50 3.58 3.49 3.16 2.27 1.27 0.06 0.00 0.00 0.00 0.00
0.00 0.00 0.00 0.00 0.00 0.00 0.00 0.00 0.00 1.54 4.54 7.24 10.04 8.69 8.98 8.75 7.83 5.56 3.15 0.26 0.00 0.00 0.00 0.00
0.00 0.00 0.00 0.00 0.00 0.00 0.00 0.00 0.00 0.74 2.13 3.46 4.76 3.97 4.10 3.98 3.85 2.76 1.56 0.12 0.00 0.00 0.00 0.00
0.00 0.00 0.00 0.00 0.00 0.00 0.00 0.00 0.00 0.95 2.74 4.45 6.12 5.11 5.27 5.12 4.95 3.55 2.01 0.15 0.00 0.00 0.00 0.00
0.00 0.00 0.00 0.00 0.00 0.00 0.00 0.00 0.00 0.64 1.83 2.96 4.08 3.41 3.51 3.41 3.30 2.36 1.34 0.10 0.00 0.00 0.00 0.00
0.00 0.00 0.00 0.00 0.00 0.00 0.00 0.00 0.00 0.64 1.83 2.96 4.08 3.41 3.51 3.41 3.30 2.36 1.34 0.10 0.00 0.00 0.00 0.00
0.00 0.00 0.00 0.00 0.00 0.00 0.00 0.00 0.00 10.36 29.96 48.14 63.20 60.88 64.32 62.06 49.84 35.99 21.39 2.50 0.00 0.00 0.00 0.00
0.00 0.00 0.00 0.00 0.00 0.00 0.00 0.00 0.00 4.75 14.39 23.27 32.53 28.56 28.98 28.27 22.49 16.00 8.95 0.68 0.00 0.00 0.00 0.00
0.00 0.00 0.00 0.00 0.00 0.00 0.00 0.00 0.00 3.95 12.75 20.61 27.71 28.55 29.33 28.27 21.39 15.24 8.55 0.49 0.00 0.00 0.00 0.00
0.00 0.00 0.00 0.00 0.00 0.00 0.00 0.00 0.00 12.72 68.33 112.49 155.75 178.02 191.93 185.20 155.29 112.10 68.34 9.99 0.00 0.00 0.00 0.00
0.00 0.00 0.00 0.00 0.00 0.00 0.00 0.00 0.00 12.10 64.99 107.01 148.15 169.34 182.57 176.16 147.71 106.63 65.01 9.51 0.00 0.00 0.00 0.00
0.00 0.00 0.00 0.00 0.00 0.00 0.00 0.00 0.00 23.26 124.99 205.78 284.90 325.65 351.09 338.78 284.07 205.06 125.01 18.28 0.00 0.00 0.00 0.00
0.00 0.00 0.00 0.00 0.00 0.00 0.00 0.00 0.00 22.87 122.91 202.35 280.15 320.23 345.24 333.13 279.33 201.65 122.93 17.98 0.00 0.00 0.00 0.00
0.00 0.00 0.00 0.00 0.00 0.00 0.00 0.00 0.00 24.35 137.50 226.48 313.70 375.02 390.76 377.41 311.53 225.03 135.15 13.60 0.00 0.00 0.00 0.00
0.00 0.00 0.00 0.00 0.00 0.00 0.00 0.00 0.00 0.46 1.18 1.88 2.54 2.19 2.24 2.18 1.97 1.42 0.79 0.04 0.00 0.00 0.00 0.00
0.00 0.00 0.00 0.00 0.00 0.00 0.00 0.00 0.00 2.34 5.95 9.54 12.88 11.07 11.33 11.05 9.99 7.20 4.01 0.19 0.00 0.00 0.00 0.00
0.00 0.00 0.00 0.00 0.00 0.00 0.00 0.00 0.00 11.95 30.40 48.72 65.75 56.52 57.85 56.42 51.02 36.75 20.45 0.97 0.00 0.00 0.00 0.00
0.00 0.00 0.00 0.00 0.00 0.00 0.00 0.00 0.00 0.87 4.67 7.68 10.64 12.16 13.11 12.65 10.61 7.66 4.67 0.68 0.00 0.00 0.00 0.00
0.00 0.00 0.00 0.00 0.00 0.00 0.00 0.00 0.00 21.10 105.53 171.26 236.32 277.00 291.75 280.49 228.95 166.25 99.99 10.55 0.00 0.00 0.00 0.00
0.00 0.00 0.00 0.00 0.00 0.00 0.00 0.00 0.00 2.23 6.19 9.86 13.66 13.57 14.56 14.00 14.46 10.87 6.47 0.86 0.00 0.00 0.00 0.00
0.00 0.00 0.00 0.00 0.00 0.00 0.00 0.00 0.00 12.64 55.36 88.13 117.28 135.32 138.07 132.06 108.11 77.70 44.38 2.42 0.00 0.00 0.00 0.00
0.00 0.00 0.00 0.00 0.00 0.00 0.00 0.00 0.00 0.35 1.76 2.85 3.94 4.62 4.86 4.67 3.82 2.77 1.67 0.18 0.00 0.00 0.00 0.00
0.00 0.00 0.00 0.00 0.00 0.00 0.00 0.00 0.00 15.83 79.15 128.44 177.24 207.75 218.81 210.37 171.72 124.69 74.99 7.91 0.00 0.00 0.00 0.00
0.00 0.00 0.00 0.00 0.00 0.00 0.00 0.00 0.00 20.31 101.58 164.83 227.46 266.62 280.81 269.97 220.37 160.02 96.24 10.15 0.00 0.00 0.00 0.00
0.00 0.00 0.00 0.00 0.00 0.00 0.00 0.00 0.00 32.11 181.33 298.67 413.69 494.56 515.31 497.71 410.83 296.76 178.23 17.93 0.00 0.00 0.00 0.00
0.00 0.00 0.00 0.00 0.00 0.00 0.00 0.00 0.00 1.13 3.12 5.14 7.14 6.52 6.87 6.63 6.12 4.41 2.53 0.22 0.00 0.00 0.00 0.00
0.00 0.00 0.00 0.00 0.00 0.00 0.00 0.00 0.00 1.42 3.94 6.56 9.08 7.82 8.27 7.99 7.65 5.49 3.14 0.26 0.00 0.00 0.00 0.00
0.00 0.00 0.00 0.00 0.00 0.00 0.00 0.00 0.00 9.21 25.55 40.67 56.35 55.98 60.07 57.76 59.63 44.85 26.70 3.55 0.00 0.00 0.00 0.00
0.00 0.00 0.00 0.00 0.00 0.00 0.00 0.00 0.00 9.30 114.74 200.89 287.38 356.31 381.46 365.25 315.45 232.37 140.26 13.99 0.00 0.00 0.00 0.00
0.00 0.00 0.00 0.00 0.00 0.00 0.00 0.00 0.00 0.38 1.15 1.86 2.57 2.66 2.70 2.56 1.84 1.32 0.73 0.05 0.00 0.00 0.00 0.00
0.00 0.00 0.00 0.00 0.00 0.00 0.00 0.00 0.00 5.64 27.09 43.63 60.41 70.30 73.17 69.93 57.62 41.19 24.28 2.26 0.00 0.00 0.00 0.00
0.00 0.00 0.00 0.00 0.00 0.00 0.00 0.00 0.00 1.37 7.79 13.18 18.91 21.80 23.46 22.18 17.71 12.93 7.82 1.63 0.00 0.00 0.00 0.00
0.00 0.00 0.00 0.00 0.00 0.00 0.00 0.00 0.00 0.95 2.96 4.64 6.08 6.97 7.12 6.70 5.55 3.78 1.94 0.00 0.00 0.00 0.00 0.00
0.00 0.00 0.00 0.00 0.00 0.00 0.00 0.00 0.00 0.48 1.48 2.32 3.04 3.48 3.56 3.35 2.78 1.89 0.97 0.00 0.00 0.00 0.00 0.00
0.00 0.00 0.00 0.00 0.00 0.00 0.00 0.00 0.00 1.04 3.23 5.07 6.65 7.62 7.79 7.33 6.07 4.13 2.12 0.00 0.00 0.00 0.00 0.00
0.00 0.00 0.00 0.00 0.00 0.00 0.00 0.00 0.00 1.27 3.90 6.14 8.12 9.27 9.43 8.96 7.18 4.90 2.54 0.00 0.00 0.00 0.00 0.00
0.00 0.00 0.00 0.00 0.00 0.00 0.00 0.00 0.00 1.94 5.94 9.36 12.38 14.12 14.37 13.65 10.95 7.47 3.87 0.00 0.00 0.00 0.00 0.00
0.00 0.00 0.00 0.00 0.00 0.00 0.00 0.00 0.00 1.65 5.26 8.40 11.14 12.65 12.70 12.22 9.68 6.48 3.40 0.00 0.00 0.00 0.00 0.00
0.00 0.00 0.00 0.00 0.00 0.00 0.00 0.00 0.00 1.14 4.58 7.25 9.69 10.78 10.90 10.24 8.60 6.03 3.33 0.10 0.00 0.00 0.00 0.00
0.00 0.00 0.00 0.00 0.00 0.00 0.00 0.00 0.00 2.94 11.82 18.73 25.04 27.86 28.15 26.45 22.23 15.57 8.60 0.27 0.00 0.00 0.00 0.00
0.00 0.00 0.00 0.00 0.00 0.00 0.00 0.00 0.00 0.73 2.95 4.70 6.33 7.23 7.33 6.94 5.83 4.18 2.35 0.10 0.00 0.00 0.00 0.00
0.00 0.00 0.00 0.00 0.00 0.00 0.00 0.00 0.00 1.74 5.10 8.29 10.96 12.49 12.93 12.41 9.76 6.87 3.72 0.06 0.00 0.00 0.00 0.00
0.00 0.00 0.00 0.00 0.00 0.00 0.00 0.00 0.00 3.09 9.39 15.12 20.04 22.64 22.99 22.05 17.72 12.40 6.63 0.01 0.00 0.00 0.00 0.00
0.00 0.00 0.00 0.00 0.00 0.00 0.00 0.00 0.00 0.51 1.31 1.98 2.48 2.72 2.71 2.59 2.10 1.48 0.75 0.00 0.00 0.00 0.00 0.00
0.00 0.00 0.00 0.00 0.00 0.00 0.00 0.00 0.00 2.72 7.10 11.26 14.43 14.88 14.89 14.44 10.63 7.42 3.94 0.00 0.00 0.00 0.00 0.00
0.00 0.00 0.00 0.00 0.00 0.00 0.00 0.00 0.00 1.89 4.91 7.72 9.68 10.20 10.33 9.89 7.47 5.16 2.69 0.00 0.00 0.00 0.00 0.00
0.00 0.00 0.00 0.00 0.00 0.00 0.00 0.00 0.00 2.60 6.77 10.65 13.35 14.07 14.26 13.65 10.30 7.13 3.71 0.00 0.00 0.00 0.00 0.00
0.00 0.00 0.00 0.00 0.00 0.00 0.00 0.00 0.00 1.77 4.61 7.25 9.10 9.59 9.71 9.30 7.02 4.85 2.53 0.00 0.00 0.00 0.00 0.00
0.00 0.00 0.00 0.00 0.00 0.00 0.00 0.00 0.00 1.45 3.79 6.01 7.70 7.94 7.94 7.70 5.67 3.96 2.10 0.00 0.00 0.00 0.00 0.00
0.00 0.00 0.00 0.00 0.00 0.00 0.00 0.00 0.00 1.50 3.83 5.96 7.34 7.85 7.91 7.39 5.51 3.89 2.00 0.00 0.00 0.00 0.00 0.00
0.00 0.00 0.00 0.00 0.00 0.00 0.00 0.00 0.00 1.32 3.37 5.40 7.29 6.26 6.41 6.25 5.65 4.07 2.27 0.11 0.00 0.00 0.00 0.00
0.00 0.00 0.00 0.00 0.00 0.00 0.00 0.00 0.00 13.49 39.00 62.66 82.26 79.25 83.72 80.78 64.87 46.84 27.84 3.25 0.00 0.00 0.00 0.00
0.00 0.00 0.00 0.00 0.00 0.00 0.00 0.00 0.00 1.74 5.14 8.21 11.38 9.85 10.17 9.91 8.88 6.31 3.57 0.29 0.00 0.00 0.00 0.00
0.00 0.00 0.00 0.00 0.00 0.00 0.00 0.00 0.00 2.71 7.80 12.94 17.54 15.22 15.41 15.25 13.42 9.45 5.23 0.31 0.00 0.00 0.00 0.00
0.00 0.00 0.00 0.00 0.00 0.00 0.00 0.00 0.00 1.24 3.58 5.93 8.04 6.97 7.06 6.99 6.15 4.33 2.40 0.14 0.00 0.00 0.00 0.00
0.00 0.00 0.00 0.00 0.00 0.00 0.00 0.00 0.00 2.14 6.44 10.23 14.25 12.57 12.94 12.53 10.51 7.49 4.24 0.35 0.00 0.00 0.00 0.00
0.00 0.00 0.00 0.00 0.00 0.00 0.00 0.00 0.00 0.92 2.78 4.51 6.24 6.46 6.55 6.23 4.48 3.21 1.77 0.11 0.00 0.00 0.00 0.00
0.00 0.00 0.00 0.00 0.00 0.00 0.00 0.00 0.00 9.53 26.45 42.11 58.34 57.95 62.19 59.80 61.74 46.44 27.65 3.68 0.00 0.00 0.00 0.00
0.00 0.00 0.00 0.00 0.00 0.00 0.00 0.00 0.00 3.02 13.24 21.08 28.04 32.36 33.02 31.58 25.85 18.58 10.61 0.58 0.00 0.00 0.00 0.00
0.00 0.00 0.00 0.00 0.00 0.00 0.00 0.00 0.00 0.69 2.97 4.74 6.38 7.17 7.38 7.09 5.94 4.23 2.43 0.15 0.00 0.00 0.00 0.00
0.00 0.00 0.00 0.00 0.00 0.00 0.00 0.00 0.00 0.89 3.64 5.84 7.72 8.91 9.17 8.73 7.29 5.30 3.06 0.22 0.00 0.00 0.00 0.00
0.00 0.00 0.00 0.00 0.00 0.00 0.00 0.00 0.00 1.43 5.83 9.34 12.36 14.25 14.68 13.97 11.66 8.48 4.89 0.35 0.00 0.00 0.00 0.00
0.00 0.00 0.00 0.00 0.00 0.00 0.00 0.00 0.00 23.65 127.07 209.21 289.65 331.08 356.94 344.42 288.80 208.48 127.09 18.58 0.00 0.00 0.00 0.00
