0.00 0.00 0.00 0.00 0.00 0.00 0.00 0.00 0.00 0.34 1.41 2.20 2.88 3.23 3.30 2.95 2.26 1.54 0.63 0.00 0.00 0.00 0.00 0.00
0.00 0.00 0.00 0.00 0.00 0.00 0.00 0.00 0.00 11.94 29.75 43.23 53.29 58.34 59.79 52.77 39.33 25.79 9.24 0.00 0.00 0.00 0.00 0.00
0.00 0.00 0.00 0.00 0.00 0.00 0.00 0.00 0.00 7.75 32.15 50.31 65.80 73.91 75.57 67.44 51.66 35.16 14.33 0.00 0.00 0.00 0.00 0.00
0.00 0.00 0.00 0.00 0.00 0.00 0.00 0.00 0.00 27.54 114.24 178.82 233.86 262.67 268.58 239.68 183.58 124.96 50.92 0.00 0.00 0.00 0.00 0.00
0.00 0.00 0.00 0.00 0.00 0.00 0.00 0.00 0.00 1.76 4.14 5.93 7.17 9.32 9.16 7.84 5.48 3.35 0.78 0.00 0.00 0.00 0.00 0.00
0.00 0.00 0.00 0.00 0.00 0.00 0.00 0.00 0.00 58.68 252.21 397.16 518.86 592.59 614.93 561.11 436.90 298.47 132.72 0.00 0.00 0.00 0.00 0.00
0.00 0.00 0.00 0.00 0.00 0.00 0.00 0.00 0.00 1.01 2.89 4.19 5.23 5.61 5.54 4.87 3.42 2.10 0.50 0.00 0.00 0.00 0.00 0.00
0.00 0.00 0.00 0.00 0.00 0.00 0.00 0.00 0.00 0.69 1.74 2.53 3.12 3.40 3.43 3.03 2.29 1.49 0.50 0.00 0.00 0.00 0.00 0.00
0.00 0.00 0.00 0.00 0.00 0.00 0.00 0.00 0.00 1.10 2.78 4.05 4.99 5.44 5.49 4.84 3.66 2.38 0.80 0.00 0.00 0.00 0.00 0.00
0.00 0.00 0.00 0.00 0.00 0.00 0.00 0.00 0.00 1.10 2.78 4.05 4.99 5.44 5.49 4.84 3.66 2.38 0.80 0.00 0.00 0.00 0.00 0.00
0.00 0.00 0.00 0.00 0.00 0.00 0.00 0.00 0.00 2.33 6.33 9.16 11.62 12.86 12.86 11.37 8.89 5.83 2.05 0.00 0.00 0.00 0.00 0.00
0.00 0.00 0.00 0.00 0.00 0.00 0.00 0.00 0.00 1.11 2.99 4.33 5.48 6.09 6.11 5.41 4.13 2.71 0.95 0.00 0.00 0.00 0.00 0.00
0.00 0.00 0.00 0.00 0.00 0.00 0.00 0.00 0.00 1.43 3.85 5.56 7.05 7.83 7.86 6.95 5.31 3.48 1.22 0.00 0.00 0.00 0.00 0.00
0.00 0.00 0.00 0.00 0.00 0.00 0.00 0.00 0.00 0.95 2.57 3.71 4.70 5.22 5.24 4.63 3.54 2.32 0.82 0.00 0.00 0.00 0.00 0.00
0.00 0.00 0.00 0.00 0.00 0.00 0.00 0.00 0.00 0.95 2.57 3.71 4.70 5.22 5.24 4.63 3.54 2.32 0.82 0.00 0.00 0.00 0.00 0.00
0.00 0.00 0.00 0.00 0.00 0.00 0.00 0.00 0.00 12.55 32.43 48.54 62.04 70.94 74.30 66.41 51.09 33.32 14.16 0.00 0.00 0.00 0.00 0.00
0.00 0.00 0.00 0.00 0.00 0.00 0.00 0.00 0.00 7.02 18.94 27.34 35.12 39.68 39.28 34.18 26.29 17.09 5.74 0.00 0.00 0.00 0.00 0.00
0.00 0.00 0.00 0.00 0.00 0.00 0.00 0.00 0.00 5.58 15.54 22.64 28.14 31.91 32.24 27.91 21.74 14.16 4.75 0.00 0.00 0.00 0.00 0.00
0.00 0.00 0.00 0.00 0.00 0.00 0.00 0.00 0.00 17.31 74.39 117.15 153.05 174.79 181.38 165.51 128.87 88.04 39.15 0.00 0.00 0.00 0.00 0.00
0.00 0.00 0.00 0.00 0.00 0.00 0.00 0.00 0.00 16.46 70.76 111.43 145.58 166.27 172.53 157.43 122.58 83.74 37.24 0.00 0.00 0.00 0.00 0.00
0.00 0.00 0.00 0.00 0.00 0.00 0.00 0.00 0.00 31.66 136.08 214.29 279.96 319.74 331.79 302.76 235.74 161.05 71.61 0.00 0.00 0.00 0.00 0.00
0.00 0.00 0.00 0.00 0.00 0.00 0.00 0.00 0.00 31.14 133.81 210.72 275.30 314.42 326.26 297.71 231.81 158.36 70.42 0.00 0.00 0.00 0.00 0.00
0.00 0.00 0.00 0.00 0.00 0.00 0.00 0.00 0.00 30.72 143.80 228.81 302.15 336.46 347.90 309.27 236.09 160.27 64.28 0.00 0.00 0.00 0.00 0.00
0.00 0.00 0.00 0.00 0.00 0.00 0.00 0.00 0.00 0.69 1.74 2.53 3.12 3.40 3.43 3.03 2.29 1.49 0.50 0.00 0.00 0.00 0.00 0.00
0.00 0.00 0.00 0.00 0.00 0.00 0.00 0.00 0.00 3.49 8.82 12.82 15.81 17.24 17.40 15.34 11.58 7.53 2.55 0.00 0.00 0.00 0.00 0.00
0.00 0.00 0.00 0.00 0.00 0.00 0.00 0.00 0.00 17.84 45.02 65.47 80.71 88.00 88.83 78.32 59.14 38.44 13.00 0.00 0.00 0.00 0.00 0.00
0.00 0.00 0.00 0.00 0.00 0.00 0.00 0.00 0.00 1.18 5.08 8.00 10.45 11.94 12.39 11.30 8.80 6.01 2.67 0.00 0.00 0.00 0.00 0.00
0.00 0.00 0.00 0.00 0.00 0.00 0.00 0.00 0.00 27.11 112.46 176.03 230.21 258.57 264.39 235.95 180.72 123.01 50.12 0.00 0.00 0.00 0.00 0.00
0.00 0.00 0.00 0.00 0.00 0.00 0.00 0.00 0.00 3.04 9.44 14.08 17.79 19.94 20.67 18.48 14.69 10.00 4.10 0.00 0.00 0.00 0.00 0.00
0.00 0.00 0.00 0.00 0.00 0.00 0.00 0.00 0.00 14.75 50.65 78.07 101.10 115.02 115.56 103.11 82.99 54.23 18.25 0.00 0.00 0.00 0.00 0.00
0.00 0.00 0.00 0.00 0.00 0.00 0.00 0.00 0.00 0.45 1.87 2.93 3.84 4.31 4.41 3.93 3.01 2.05 0.84 0.00 0.00 0.00 0.00 0.00
0.00 0.00 0.00 0.00 0.00 0.00 0.00 0.00 0.00 20.33 84.35 132.02 172.66 193.93 198.29 176.96 135.54 92.26 37.59 0.00 0.00 0.00 0.00 0.00
0.00 0.00 0.00 0.00 0.00 0.00 0.00 0.00 0.00 26.09 108.24 169.43 221.58 248.88 254.48 227.10 173.94 118.40 48.24 0.00 0.00 0.00 0.00 0.00
0.00 0.00 0.00 0.00 0.00 0.00 0.00 0.00 0.00 40.52 189.63 301.74 398.46 443.71 458.80 407.84 311.35 211.36 84.76 0.00 0.00 0.00 0.00 0.00
0.00 0.00 0.00 0.00 0.00 0.00 0.00 0.00 0.00 1.71 4.67 6.77 8.56 9.54 9.74 8.74 6.61 4.38 1.62 0.00 0.00 0.00 0.00 0.00
0.00 0.00 0.00 0.00 0.00 0.00 0.00 0.00 0.00 2.13 5.79 8.38 10.60 11.84 12.16 10.85 8.24 5.45 2.00 0.00 0.00 0.00 0.00 0.00
0.00 0.00 0.00 0.00 0.00 0.00 0.00 0.00 0.00 12.55 38.93 58.06 73.38 82.23 85.27 76.23 60.60 41.23 16.92 0.00 0.00 0.00 0.00 0.00
0.00 0.00 0.00 0.00 0.00 0.00 0.00 0.00 0.00 12.17 117.87 200.34 270.09 313.60 319.03 282.55 218.41 148.04 58.12 0.00 0.00 0.00 0.00 0.00
0.00 0.00 0.00 0.00 0.00 0.00 0.00 0.00 0.00 0.56 1.48 2.13 2.70 3.01 3.02 2.63 2.00 1.29 0.41 0.00 0.00 0.00 0.00 0.00
0.00 0.00 0.00 0.00 0.00 0.00 0.00 0.00 0.00 6.76 27.63 43.05 56.65 63.94 64.93 57.58 42.85 28.71 10.94 0.00 0.00 0.00 0.00 0.00
0.00 0.00 0.00 0.00 0.00 0.00 0.00 0.00 0.00 1.82 8.91 14.33 19.14 22.05 23.05 21.32 16.78 11.39 5.49 0.00 0.00 0.00 0.00 0.00
0.00 0.00 0.00 0.00 0.00 0.00 0.00 0.00 0.00 1.22 3.41 4.93 6.07 6.56 6.55 5.60 4.19 2.54 0.55 0.00 0.00 0.00 0.00 0.00
0.00 0.00 0.00 0.00 0.00 0.00 0.00 0.00 0.00 0.61 1.71 2.47 3.04 3.28 3.27 2.80 2.09 1.27 0.28 0.00 0.00 0.00 0.00 0.00
0.00 0.00 0.00 0.00 0.00 0.00 0.00 0.00 0.00 1.34 3.73 5.39 6.64 7.18 7.16 6.12 4.58 2.78 0.60 0.00 0.00 0.00 0.00 0.00
0.00 0.00 0.00 0.00 0.00 0.00 0.00 0.00 0.00 1.61 4.41 6.36 7.87 8.52 8.53 7.39 5.30 3.24 0.74 0.00 0.00 0.00 0.00 0.00
0.00 0.00 0.00 0.00 0.00 0.00 0.00 0.00 0.00 2.45 6.72 9.69 12.00 12.99 13.00 11.26 8.08 4.94 1.13 0.00 0.00 0.00 0.00 0.00
0.00 0.00 0.00 0.00 0.00 0.00 0.00 0.00 0.00 2.03 5.84 8.47 10.61 11.48 11.32 10.03 7.05 4.35 1.06 0.00 0.00 0.00 0.00 0.00
0.00 0.00 0.00 0.00 0.00 0.00 0.00 0.00 0.00 1.27 4.54 6.91 8.85 9.67 9.59 8.44 6.37 4.06 1.19 0.00 0.00 0.00 0.00 0.00
0.00 0.00 0.00 0.00 0.00 0.00 0.00 0.00 0.00 3.28 11.73 17.85 22.85 24.99 24.77 21.79 16.45 10.48 3.07 0.00 0.00 0.00 0.00 0.00
0.00 0.00 0.00 0.00 0.00 0.00 0.00 0.00 0.00 0.85 2.87 4.36 5.73 6.08 6.13 5.31 4.49 2.91 0.93 0.00 0.00 0.00 0.00 0.00
0.00 0.00 0.00 0.00 0.00 0.00 0.00 0.00 0.00 2.59 6.67 9.52 11.79 12.95 13.19 11.28 8.66 5.49 1.62 0.00 0.00 0.00 0.00 0.00
0.00 0.00 0.00 0.00 0.00 0.00 0.00 0.00 0.00 4.04 10.85 15.61 19.39 21.26 21.19 18.65 14.16 8.89 2.44 0.00 0.00 0.00 0.00 0.00
0.00 0.00 0.00 0.00 0.00 0.00 0.00 0.00 0.00 0.62 1.52 2.16 2.57 2.81 2.84 2.46 1.85 1.13 0.26 0.00 0.00 0.00 0.00 0.00
0.00 0.00 0.00 0.00 0.00 0.00 0.00 0.00 0.00 3.30 8.48 12.26 14.76 16.66 16.88 14.85 10.97 6.89 1.94 0.00 0.00 0.00 0.00 0.00
0.00 0.00 0.00 0.00 0.00 0.00 0.00 0.00 0.00 2.10 5.36 7.81 9.49 11.08 11.11 9.71 7.13 4.42 1.15 0.00 0.00 0.00 0.00 0.00
0.00 0.00 0.00 0.00 0.00 0.00 0.00 0.00 0.00 2.90 7.40 10.77 13.09 15.30 15.33 13.41 9.84 6.10 1.58 0.00 0.00 0.00 0.00 0.00
0.00 0.00 0.00 0.00 0.00 0.00 0.00 0.00 0.00 1.98 5.04 7.34 8.92 10.42 10.44 9.13 6.70 4.15 1.08 0.00 0.00 0.00 0.00 0.00
0.00 0.00 0.00 0.00 0.00 0.00 0.00 0.00 0.00 1.76 4.52 6.54 7.87 8.89 9.01 7.92 5.85 3.67 1.04 0.00 0.00 0.00 0.00 0.00
0.00 0.00 0.00 0.00 0.00 0.00 0.00 0.00 0.00 1.58 3.76 5.36 6.59 8.43 8.30 7.14 5.20 3.20 0.78 0.00 0.00 0.00 0.00 0.00
0.00 0.00 0.00 0.00 0.00 0.00 0.00 0.00 0.00 1.98 4.99 7.26 8.94 9.75 9.84 8.68 6.55 4.26 1.44 0.00 0.00 0.00 0.00 0.00
0.00 0.00 0.00 0.00 0.00 0.00 0.00 0.00 0.00 16.34 42.21 63.17 80.75 92.33 96.71 86.44 66.50 43.36 18.43 0.00 0.00 0.00 0.00 0.00
0.00 0.00 0.00 0.00 0.00 0.00 0.00 0.00 0.00 2.64 7.18 10.38 13.17 14.58 14.57 12.89 10.08 6.61 2.32 0.00 0.00 0.00 0.00 0.00
0.00 0.00 0.00 0.00 0.00 0.00 0.00 0.00 0.00 4.11 10.73 15.39 19.67 21.59 21.33 18.67 14.40 9.30 3.04 0.00 0.00 0.00 0.00 0.00
0.00 0.00 0.00 0.00 0.00 0.00 0.00 0.00 0.00 1.88 4.92 7.05 9.01 9.90 9.77 8.56 6.60 4.26 1.39 0.00 0.00 0.00 0.00 0.00
0.00 0.00 0.00 0.00 0.00 0.00 0.00 0.00 0.00 3.27 8.89 12.87 16.27 18.04 18.07 15.83 12.49 8.18 2.86 0.00 0.00 0.00 0.00 0.00
0.00 0.00 0.00 0.00 0.00 0.00 0.00 0.00 0.00 1.36 3.60 5.18 6.55 7.31 7.34 6.39 4.85 3.12 1.00 0.00 0.00 0.00 0.00 0.00
0.00 0.00 0.00 0.00 0.00 0.00 0.00 0.00 0.00 13.00 40.31 60.12 75.98 85.14 88.29 78.93 62.74 42.69 17.52 0.00 0.00 0.00 0.00 0.00
0.00 0.00 0.00 0.00 0.00 0.00 0.00 0.00 0.00 3.53 12.11 18.67 24.18 27.50 27.63 24.66 19.85 12.97 4.36 0.00 0.00 0.00 0.00 0.00
0.00 0.00 0.00 0.00 0.00 0.00 0.00 0.00 0.00 0.81 2.87 4.41 5.78 6.64 6.55 5.90 4.52 2.97 1.03 0.00 0.00 0.00 0.00 0.00
0.00 0.00 0.00 0.00 0.00 0.00 0.00 0.00 0.00 1.07 3.73 5.68 7.26 8.31 8.37 7.49 5.65 3.74 1.33 0.00 0.00 0.00 0.00 0.00
0.00 0.00 0.00 0.00 0.00 0.00 0.00 0.00 0.00 1.71 5.97 9.08 11.61 13.30 13.39 11.99 9.05 5.98 2.13 0.00 0.00 0.00 0.00 0.00
0.00 0.00 0.00 0.00 0.00 0.00 0.00 0.00 0.00 32.19 138.35 217.86 284.63 325.07 337.32 307.80 239.67 163.73 72.80 0.00 0.00 0.00 0.00 0.00
