0.00 0.00 0.00 0.00 0.00 0.00 0.00 0.00 0.00 0.99 2.12 3.27 4.24 4.69 4.87 4.66 3.92 3.01 1.85 0.66 0.00 0.00 0.00 0.00
0.00 0.00 0.00 0.00 0.00 0.00 0.00 0.00 1.29 6.09 10.07 14.67 18.41 23.83 24.39 23.67 21.32 15.79 9.63 2.87 0.00 0.00 0.00 0.00
0.00 0.00 0.00 0.00 0.00 0.00 0.00 0.00 0.00 22.59 48.55 74.75 97.06 107.21 111.31 106.67 89.55 68.84 42.31 15.07 0.00 0.00 0.00 0.00
0.00 0.00 0.00 0.00 0.00 0.00 0.00 0.00 0.00 80.28 172.55 265.67 344.94 381.03 395.58 379.08 318.25 244.64 150.38 53.58 0.00 0.00 0.00 0.00
0.00 0.00 0.00 0.00 0.00 0.00 0.00 0.00 0.91 3.04 3.56 5.33 6.55 4.42 4.43 4.06 3.52 2.54 1.55 0.32 0.00 0.00 0.00 0.00
0.00 0.00 0.00 0.00 0.00 0.00 0.00 0.00 0.00 173.36 376.54 589.87 761.28 823.33 877.57 850.60 726.74 562.43 358.44 142.82 0.00 0.00 0.00 0.00
0.00 0.00 0.00 0.00 0.00 0.00 0.00 0.00 0.51 2.34 4.34 6.36 7.77 8.59 8.55 8.04 6.92 5.19 3.20 0.90 0.00 0.00 0.00 0.00
0.00 0.00 0.00 0.00 0.00 0.00 0.00 0.00 0.11 0.52 0.71 1.04 1.35 1.38 1.41 1.38 1.16 0.85 0.52 0.24 0.00 0.00 0.00 0.00
0.00 0.00 0.00 0.00 0.00 0.00 0.00 0.00 0.18 0.83 1.13 1.66 2.16 2.21 2.25 2.22 1.85 1.37 0.83 0.38 0.00 0.00 0.00 0.00
0.00 0.00 0.00 0.00 0.00 0.00 0.00 0.00 0.18 0.83 1.13 1.66 2.16 2.21 2.25 2.22 1.85 1.37 0.83 0.38 0.00 0.00 0.00 0.00
0.00 0.00 0.00 0.00 0.00 0.00 0.00 0.00 0.68 4.04 6.80 10.19 13.35 10.41 10.83 10.47 10.00 7.62 4.73 1.64 0.00 0.00 0.00 0.00
0.00 0.00 0.00 0.00 0.00 0.00 0.00 0.00 0.33 1.93 2.94 4.44 5.83 3.80 3.86 3.75 4.12 3.13 1.89 0.71 0.00 0.00 0.00 0.00
0.00 0.00 0.00 0.00 0.00 0.00 0.00 0.00 0.42 2.48 3.78 5.70 7.50 4.89 4.96 4.82 5.29 4.03 2.43 0.92 0.00 0.00 0.00 0.00
0.00 0.00 0.00 0.00 0.00 0.00 0.00 0.00 0.28 1.65 2.52 3.80 5.00 3.26 3.31 3.21 3.53 2.69 1.62 0.61 0.00 0.00 0.00 0.00
0.00 0.00 0.00 0.00 0.00 0.00 0.00 0.00 0.28 1.65 2.52 3.80 5.00 3.26 3.31 3.21 3.53 2.69 1.62 0.61 0.00 0.00 0.00 0.00
0.00 0.00 0.00 0.00 0.00 0.00 0.00 0.00 1.20 8.95 19.46 30.69 41.04 49.76 51.70 49.93 45.11 34.22 20.19 6.52 0.00 0.00 0.00 0.00
0.00 0.00 0.00 0.00 0.00 0.00 0.00 0.00 2.24 12.38 21.68 32.38 42.03 38.92 39.92 37.74 34.33 26.33 15.87 5.11 0.00 0.00 0.00 0.00
0.00 0.00 0.00 0.00 0.00 0.00 0.00 0.00 1.79 10.94 20.10 29.54 37.83 40.79 41.41 39.77 33.53 25.52 15.92 5.36 0.00 0.00 0.00 0.00
0.00 0.00 0.00 0.00 0.00 0.00 0.00 0.00 0.00 51.13 111.06 173.99 224.55 242.85 258.85 250.90 214.36 165.90 105.73 42.13 0.00 0.00 0.00 0.00
0.00 0.00 0.00 0.00 0.00 0.00 0.00 0.00 0.00 48.64 105.65 165.50 213.60 231.01 246.23 238.66 203.90 157.81 100.57 40.07 0.00 0.00 0.00 0.00
0.00 0.00 0.00 0.00 0.00 0.00 0.00 0.00 0.00 93.54 203.17 318.28 410.76 444.24 473.51 458.96 392.12 303.47 193.41 77.06 0.00 0.00 0.00 0.00
0.00 0.00 0.00 0.00 0.00 0.00 0.00 0.00 0.00 91.98 199.78 312.97 403.92 436.84 465.62 451.31 385.59 298.41 190.18 75.78 0.00 0.00 0.00 0.00
0.00 0.00 0.00 0.00 0.00 0.00 0.00 0.00 0.00 103.20 225.69 352.35 461.58 518.10 526.66 498.29 430.56 326.80 205.01 66.42 0.00 0.00 0.00 0.00
0.00 0.00 0.00 0.00 0.00 0.00 0.00 0.00 0.11 0.52 0.71 1.04 1.35 1.38 1.41 1.38 1.16 0.85 0.52 0.24 0.00 0.00 0.00 0.00
0.00 0.00 0.00 0.00 0.00 0.00 0.00 0.00 0.56 2.62 3.59 5.27 6.85 6.99 7.12 7.02 5.85 4.33 2.64 1.21 0.00 0.00 0.00 0.00
0.00 0.00 0.00 0.00 0.00 0.00 0.00 0.00 2.86 13.39 18.34 26.90 34.98 35.69 36.35 35.81 29.88 22.11 13.50 6.18 0.00 0.00 0.00 0.00
0.00 0.00 0.00 0.00 0.00 0.00 0.00 0.00 0.00 3.49 7.58 11.88 15.34 16.59 17.68 17.13 14.64 11.33 7.22 2.88 0.00 0.00 0.00 0.00
0.00 0.00 0.00 0.00 0.00 0.00 0.00 0.00 0.00 79.03 169.86 261.53 339.56 375.09 389.41 373.18 313.29 240.82 148.04 52.74 0.00 0.00 0.00 0.00
0.00 0.00 0.00 0.00 0.00 0.00 0.00 0.00 0.39 5.48 9.74 14.85 20.20 20.04 20.98 20.53 14.00 10.92 7.12 2.45 0.00 0.00 0.00 0.00
0.00 0.00 0.00 0.00 0.00 0.00 0.00 0.00 3.09 43.15 87.86 133.26 171.54 193.20 201.23 192.86 165.80 125.09 77.01 20.86 0.00 0.00 0.00 0.00
0.00 0.00 0.00 0.00 0.00 0.00 0.00 0.00 0.00 1.32 2.83 4.36 5.66 6.25 6.49 6.22 5.22 4.01 2.47 0.88 0.00 0.00 0.00 0.00
0.00 0.00 0.00 0.00 0.00 0.00 0.00 0.00 0.00 59.27 127.39 196.15 254.67 281.32 292.06 279.88 234.97 180.62 111.03 39.56 0.00 0.00 0.00 0.00
0.00 0.00 0.00 0.00 0.00 0.00 0.00 0.00 0.00 76.07 163.49 251.72 326.83 361.03 374.81 359.18 301.54 231.79 142.49 50.76 0.00 0.00 0.00 0.00
0.00 0.00 0.00 0.00 0.00 0.00 0.00 0.00 0.00 136.09 297.63 464.66 608.70 683.24 694.54 657.13 567.80 430.97 270.36 87.59 0.00 0.00 0.00 0.00
0.00 0.00 0.00 0.00 0.00 0.00 0.00 0.00 0.45 2.87 3.49 5.30 6.96 4.98 5.13 5.00 5.28 3.99 2.44 1.00 0.00 0.00 0.00 0.00
0.00 0.00 0.00 0.00 0.00 0.00 0.00 0.00 0.59 3.71 4.84 7.18 9.48 6.44 6.60 6.41 6.71 5.08 3.10 1.34 0.00 0.00 0.00 0.00
0.00 0.00 0.00 0.00 0.00 0.00 0.00 0.00 1.61 22.59 40.17 61.25 83.34 82.66 86.53 84.69 57.74 45.06 29.39 10.11 0.00 0.00 0.00 0.00
0.00 0.00 0.00 0.00 0.00 0.00 0.00 0.00 0.00 91.20 213.44 335.06 444.49 517.03 532.84 510.88 441.95 352.78 225.27 75.41 0.00 0.00 0.00 0.00
0.00 0.00 0.00 0.00 0.00 0.00 0.00 0.00 0.19 1.00 1.73 2.62 3.38 3.25 3.36 3.21 2.45 1.85 1.14 0.39 0.00 0.00 0.00 0.00
0.00 0.00 0.00 0.00 0.00 0.00 0.00 0.00 0.33 20.20 42.96 66.59 86.11 96.47 99.12 94.74 80.21 60.66 37.80 12.08 0.00 0.00 0.00 0.00
0.00 0.00 0.00 0.00 0.00 0.00 0.00 0.00 0.00 6.15 13.26 20.52 27.28 29.95 30.44 29.74 20.61 15.93 10.40 3.82 0.00 0.00 0.00 0.00
0.00 0.00 0.00 0.00 0.00 0.00 0.00 0.00 0.63 2.70 4.95 7.31 9.10 10.17 10.06 9.25 7.68 5.81 3.62 0.99 0.00 0.00 0.00 0.00
0.00 0.00 0.00 0.00 0.00 0.00 0.00 0.00 0.31 1.35 2.48 3.65 4.55 5.09 5.03 4.63 3.84 2.91 1.81 0.50 0.00 0.00 0.00 0.00
0.00 0.00 0.00 0.00 0.00 0.00 0.00 0.00 0.69 2.95 5.42 7.99 9.95 11.13 11.00 10.12 8.40 6.36 3.96 1.09 0.00 0.00 0.00 0.00
0.00 0.00 0.00 0.00 0.00 0.00 0.00 0.00 0.82 3.55 6.47 9.66 11.81 13.08 12.98 12.15 10.02 7.61 4.69 1.29 0.00 0.00 0.00 0.00
0.00 0.00 0.00 0.00 0.00 0.00 0.00 0.00 1.25 5.40 9.86 14.73 18.00 19.93 19.78 18.51 15.27 11.60 7.15 1.97 0.00 0.00 0.00 0.00
0.00 0.00 0.00 0.00 0.00 0.00 0.00 0.00 1.02 4.74 8.81 12.96 15.75 17.31 17.39 16.46 13.97 10.67 6.59 1.92 0.00 0.00 0.00 0.00
0.00 0.00 0.00 0.00 0.00 0.00 0.00 0.00 0.44 3.69 7.26 10.74 13.43 15.23 15.90 15.30 12.93 9.78 5.90 1.44 0.00 0.00 0.00 0.00
0.00 0.00 0.00 0.00 0.00 0.00 0.00 0.00 1.15 9.54 18.75 27.75 34.69 39.35 41.08 39.52 33.41 25.27 15.25 3.71 0.00 0.00 0.00 0.00
0.00 0.00 0.00 0.00 0.00 0.00 0.00 0.00 0.25 2.37 4.75 7.16 9.32 10.52 10.85 10.26 8.67 6.55 4.03 1.08 0.00 0.00 0.00 0.00
0.00 0.00 0.00 0.00 0.00 0.00 0.00 0.00 1.01 4.58 7.67 11.41 14.37 14.14 14.58 13.99 10.19 7.73 4.81 1.34 0.00 0.00 0.00 0.00
0.00 0.00 0.00 0.00 0.00 0.00 0.00 0.00 1.80 8.32 14.97 21.67 26.84 30.66 31.11 29.57 24.65 18.61 11.31 3.24 0.00 0.00 0.00 0.00
0.00 0.00 0.00 0.00 0.00 0.00 0.00 0.00 0.32 1.10 1.39 2.02 2.50 1.52 1.51 1.44 1.24 0.91 0.56 0.14 0.00 0.00 0.00 0.00
0.00 0.00 0.00 0.00 0.00 0.00 0.00 0.00 1.12 4.30 4.45 6.60 8.53 7.88 7.98 7.57 6.66 4.97 3.06 0.90 0.00 0.00 0.00 0.00
0.00 0.00 0.00 0.00 0.00 0.00 0.00 0.00 1.00 3.60 3.57 5.19 6.56 5.29 5.23 4.94 4.49 3.31 2.02 0.55 0.00 0.00 0.00 0.00
0.00 0.00 0.00 0.00 0.00 0.00 0.00 0.00 1.38 4.96 4.92 7.17 9.05 7.30 7.22 6.82 6.20 4.57 2.78 0.76 0.00 0.00 0.00 0.00
0.00 0.00 0.00 0.00 0.00 0.00 0.00 0.00 0.94 3.38 3.35 4.88 6.16 4.97 4.92 4.64 4.22 3.11 1.89 0.52 0.00 0.00 0.00 0.00
0.00 0.00 0.00 0.00 0.00 0.00 0.00 0.00 0.60 2.29 2.37 3.52 4.55 4.20 4.25 4.04 3.55 2.65 1.63 0.48 0.00 0.00 0.00 0.00
0.00 0.00 0.00 0.00 0.00 0.00 0.00 0.00 0.72 2.44 2.79 4.08 5.07 3.84 3.89 3.59 3.17 2.32 1.42 0.33 0.00 0.00 0.00 0.00
0.00 0.00 0.00 0.00 0.00 0.00 0.00 0.00 0.32 1.48 2.03 2.98 3.88 3.96 4.03 3.97 3.31 2.45 1.50 0.69 0.00 0.00 0.00 0.00
0.00 0.00 0.00 0.00 0.00 0.00 0.00 0.00 1.56 11.65 25.33 39.94 53.42 64.76 67.29 64.99 58.72 44.54 26.28 8.48 0.00 0.00 0.00 0.00
0.00 0.00 0.00 0.00 0.00 0.00 0.00 0.00 0.77 4.58 7.70 11.55 15.13 11.80 12.28 11.86 11.33 8.64 5.36 1.86 0.00 0.00 0.00 0.00
0.00 0.00 0.00 0.00 0.00 0.00 0.00 0.00 1.37 6.84 7.96 12.06 16.02 12.27 12.31 11.84 9.73 7.37 4.62 1.90 0.00 0.00 0.00 0.00
0.00 0.00 0.00 0.00 0.00 0.00 0.00 0.00 0.63 3.13 3.65 5.53 7.34 5.62 5.64 5.43 4.46 3.38 2.12 0.87 0.00 0.00 0.00 0.00
0.00 0.00 0.00 0.00 0.00 0.00 0.00 0.00 0.95 5.66 9.80 14.66 19.02 16.47 17.19 16.51 14.84 11.36 7.14 2.36 0.00 0.00 0.00 0.00
0.00 0.00 0.00 0.00 0.00 0.00 0.00 0.00 0.47 2.42 4.20 6.36 8.20 7.89 8.16 7.80 5.94 4.50 2.77 0.95 0.00 0.00 0.00 0.00
0.00 0.00 0.00 0.00 0.00 0.00 0.00 0.00 1.66 23.39 41.60 63.41 86.29 85.58 89.59 87.68 59.78 46.65 30.42 10.47 0.00 0.00 0.00 0.00
0.00 0.00 0.00 0.00 0.00 0.00 0.00 0.00 0.74 10.32 21.01 31.87 41.02 46.20 48.12 46.12 39.65 29.91 18.42 4.99 0.00 0.00 0.00 0.00
0.00 0.00 0.00 0.00 0.00 0.00 0.00 0.00 0.16 2.27 4.63 7.11 9.18 10.37 10.69 10.36 8.84 6.58 4.06 1.12 0.00 0.00 0.00 0.00
0.00 0.00 0.00 0.00 0.00 0.00 0.00 0.00 0.22 2.83 5.70 8.66 11.13 12.63 13.02 12.53 10.58 7.98 4.96 1.67 0.00 0.00 0.00 0.00
0.00 0.00 0.00 0.00 0.00 0.00 0.00 0.00 0.35 4.53 9.12 13.86 17.81 20.21 20.84 20.05 16.92 12.77 7.93 2.68 0.00 0.00 0.00 0.00
0.00 0.00 0.00 0.00 0.00 0.00 0.00 0.00 0.00 95.10 206.55 323.58 417.61 451.65 481.40 466.61 398.66 308.53 196.63 78.35 0.00 0.00 0.00 0.00
