0.00 0.00 0.00 0.00 0.00 0.00 0.00 0.00 0.61 1.66 2.76 3.90 4.77 5.28 5.34 5.13 4.47 3.50 2.32 0.95 0.11 0.00 0.00 0.00
0.00 0.00 0.00 0.00 0.00 0.00 0.00 0.00 11.93 26.60 39.19 53.29 64.53 68.27 68.46 64.15 58.76 45.11 28.02 8.68 0.00 0.00 0.00 0.00
0.00 0.00 0.00 0.00 0.00 0.00 0.00 0.00 13.87 37.85 63.02 89.11 109.01 120.83 122.14 117.27 102.13 80.12 53.14 21.65 2.51 0.00 0.00 0.00
0.00 0.00 0.00 0.00 0.00 0.00 0.00 0.00 49.29 134.52 223.98 316.70 387.42 429.44 434.07 416.75 362.95 284.74 188.85 76.95 8.91 0.00 0.00 0.00
0.00 0.00 0.00 0.00 0.00 0.00 0.00 0.00 2.56 5.08 7.25 9.65 11.09 9.37 9.28 8.73 6.74 5.04 3.01 1.28 0.00 0.00 0.00 0.00
0.00 0.00 0.00 0.00 0.00 0.00 0.00 0.00 97.69 291.23 518.01 735.45 899.56 985.23 1005.15 952.32 825.83 652.99 447.93 191.36 28.93 0.00 0.00 0.00
0.00 0.00 0.00 0.00 0.00 0.00 0.00 0.00 1.66 3.47 5.08 7.01 8.22 8.84 8.80 8.32 7.26 5.37 3.32 1.07 0.00 0.00 0.00 0.00
0.00 0.00 0.00 0.00 0.00 0.00 0.00 0.00 0.71 1.55 2.27 3.13 3.72 4.08 4.19 3.95 3.57 2.78 1.74 0.70 0.00 0.00 0.00 0.00
0.00 0.00 0.00 0.00 0.00 0.00 0.00 0.00 1.13 2.48 3.63 5.01 5.96 6.53 6.70 6.33 5.72 4.46 2.78 1.12 0.00 0.00 0.00 0.00
0.00 0.00 0.00 0.00 0.00 0.00 0.00 0.00 1.13 2.48 3.63 5.01 5.96 6.53 6.70 6.33 5.72 4.46 2.78 1.12 0.00 0.00 0.00 0.00
0.00 0.00 0.00 0.00 0.00 0.00 0.00 0.00 2.58 5.90 9.35 13.10 16.05 17.67 17.81 17.15 15.42 11.78 7.56 3.19 0.00 0.00 0.00 0.00
0.00 0.00 0.00 0.00 0.00 0.00 0.00 0.00 1.24 2.82 4.47 6.16 7.48 8.22 8.30 8.04 7.22 5.54 3.46 1.49 0.00 0.00 0.00 0.00
0.00 0.00 0.00 0.00 0.00 0.00 0.00 0.00 1.59 3.62 5.75 7.92 9.62 10.57 10.67 10.34 9.28 7.13 4.45 1.91 0.00 0.00 0.00 0.00
0.00 0.00 0.00 0.00 0.00 0.00 0.00 0.00 1.06 2.41 3.84 5.28 6.41 7.05 7.11 6.89 6.19 4.75 2.96 1.27 0.00 0.00 0.00 0.00
0.00 0.00 0.00 0.00 0.00 0.00 0.00 0.00 1.06 2.41 3.84 5.28 6.41 7.05 7.11 6.89 6.19 4.75 2.96 1.27 0.00 0.00 0.00 0.00
0.00 0.00 0.00 0.00 0.00 0.00 0.00 0.00 12.41 30.76 52.05 73.03 90.06 103.65 107.88 103.73 89.66 69.31 43.35 14.54 0.00 0.00 0.00 0.00
0.00 0.00 0.00 0.00 0.00 0.00 0.00 0.00 8.15 18.29 28.37 40.23 49.22 53.92 53.17 50.57 46.15 35.23 22.63 9.70 0.00 0.00 0.00 0.00
0.00 0.00 0.00 0.00 0.00 0.00 0.00 0.00 7.23 16.42 25.51 34.73 42.41 45.82 46.07 44.18 39.52 30.29 19.37 6.67 0.00 0.00 0.00 0.00
0.00 0.00 0.00 0.00 0.00 0.00 0.00 0.00 28.81 85.90 152.79 216.93 265.34 290.61 296.48 280.90 243.59 192.61 132.12 56.45 8.53 0.00 0.00 0.00
0.00 0.00 0.00 0.00 0.00 0.00 0.00 0.00 27.41 81.71 145.34 206.35 252.40 276.43 282.02 267.20 231.71 183.21 125.68 53.69 8.12 0.00 0.00 0.00
0.00 0.00 0.00 0.00 0.00 0.00 0.00 0.00 52.71 157.14 279.50 396.83 485.38 531.60 542.35 513.84 445.59 352.33 241.69 103.25 15.61 0.00 0.00 0.00
0.00 0.00 0.00 0.00 0.00 0.00 0.00 0.00 51.83 154.52 274.84 390.21 477.29 522.74 533.31 505.28 438.16 346.46 237.66 101.53 15.35 0.00 0.00 0.00
0.00 0.00 0.00 0.00 0.00 0.00 0.00 0.00 66.57 183.02 306.18 425.40 511.66 554.60 558.33 529.94 429.03 335.47 225.19 77.46 10.63 0.00 0.00 0.00
0.00 0.00 0.00 0.00 0.00 0.00 0.00 0.00 0.71 1.55 2.27 3.13 3.72 4.08 4.19 3.95 3.57 2.78 1.74 0.70 0.00 0.00 0.00 0.00
0.00 0.00 0.00 0.00 0.00 0.00 0.00 0.00 3.57 7.85 11.51 15.87 18.86 20.66 21.23 20.03 18.10 14.11 8.80 3.53 0.00 0.00 0.00 0.00
0.00 0.00 0.00 0.00 0.00 0.00 0.00 0.00 18.25 40.06 58.75 81.02 96.30 105.49 108.40 102.25 92.41 72.03 44.91 18.04 0.00 0.00 0.00 0.00
0.00 0.00 0.00 0.00 0.00 0.00 0.00 0.00 1.97 5.87 10.43 14.81 18.12 19.85 20.25 19.18 16.64 13.15 9.02 3.85 0.58 0.00 0.00 0.00
0.00 0.00 0.00 0.00 0.00 0.00 0.00 0.00 48.52 132.43 220.49 311.76 381.38 422.74 427.31 410.26 357.30 280.30 185.91 75.75 8.77 0.00 0.00 0.00
0.00 0.00 0.00 0.00 0.00 0.00 0.00 0.00 3.37 8.67 14.27 20.48 26.21 31.08 32.00 30.60 26.96 21.08 14.24 5.30 0.02 0.00 0.00 0.00
0.00 0.00 0.00 0.00 0.00 0.00 0.00 0.00 29.68 71.87 116.62 163.51 192.69 206.67 206.87 195.83 156.73 121.06 78.97 23.72 1.08 0.00 0.00 0.00
0.00 0.00 0.00 0.00 0.00 0.00 0.00 0.00 0.81 2.21 3.67 5.20 6.36 7.05 7.12 6.84 5.95 4.67 3.10 1.26 0.15 0.00 0.00 0.00
0.00 0.00 0.00 0.00 0.00 0.00 0.00 0.00 36.39 99.32 165.37 233.82 286.04 317.06 320.48 307.69 267.97 210.23 139.43 56.81 6.58 0.00 0.00 0.00
0.00 0.00 0.00 0.00 0.00 0.00 0.00 0.00 46.70 127.46 212.22 300.07 367.08 406.89 411.28 394.87 343.90 269.79 178.94 72.91 8.45 0.00 0.00 0.00
0.00 0.00 0.00 0.00 0.00 0.00 0.00 0.00 87.79 241.36 403.78 560.99 674.75 731.38 736.30 698.86 565.78 442.39 296.97 102.15 14.01 0.00 0.00 0.00
0.00 0.00 0.00 0.00 0.00 0.00 0.00 0.00 1.85 4.32 6.84 9.55 11.55 12.89 13.26 12.66 11.30 8.67 5.53 1.94 0.00 0.00 0.00 0.00
0.00 0.00 0.00 0.00 0.00 0.00 0.00 0.00 2.34 5.42 8.59 12.01 14.55 16.21 16.51 15.88 14.14 10.79 6.90 2.54 0.00 0.00 0.00 0.00
0.00 0.00 0.00 0.00 0.00 0.00 0.00 0.00 13.90 35.76 58.86 84.48 108.10 128.22 132.01 126.23 111.19 86.95 58.73 21.86 0.07 0.00 0.00 0.00
0.00 0.00 0.00 0.00 0.00 0.00 0.00 0.00 44.53 130.64 249.97 340.71 421.92 455.85 459.70 435.99 377.85 304.66 211.39 92.52 19.89 0.00 0.00 0.00
0.00 0.00 0.00 0.00 0.00 0.00 0.00 0.00 0.67 1.47 2.27 3.19 3.87 4.26 4.21 3.91 3.52 2.72 1.73 0.70 0.00 0.00 0.00 0.00
0.00 0.00 0.00 0.00 0.00 0.00 0.00 0.00 13.05 33.85 56.26 77.90 95.07 104.13 105.75 99.50 84.20 66.37 43.46 14.81 1.33 0.00 0.00 0.00
0.00 0.00 0.00 0.00 0.00 0.00 0.00 0.00 3.22 10.99 19.52 27.84 34.07 37.00 36.53 34.60 30.86 24.89 17.12 7.61 1.48 0.00 0.00 0.00
0.00 0.00 0.00 0.00 0.00 0.00 0.00 0.00 1.97 4.05 5.84 8.06 9.56 10.11 10.09 9.41 8.38 6.18 3.79 1.19 0.00 0.00 0.00 0.00
0.00 0.00 0.00 0.00 0.00 0.00 0.00 0.00 0.98 2.03 2.92 4.03 4.78 5.05 5.05 4.71 4.19 3.09 1.90 0.60 0.00 0.00 0.00 0.00
0.00 0.00 0.00 0.00 0.00 0.00 0.00 0.00 2.15 4.43 6.39 8.82 10.46 11.05 11.04 10.29 9.17 6.76 4.15 1.30 0.00 0.00 0.00 0.00
0.00 0.00 0.00 0.00 0.00 0.00 0.00 0.00 2.49 5.16 7.67 10.67 12.74 13.39 13.29 12.44 10.96 8.01 4.95 1.72 0.00 0.00 0.00 0.00
0.00 0.00 0.00 0.00 0.00 0.00 0.00 0.00 3.80 7.86 11.69 16.25 19.41 20.40 20.25 18.96 16.70 12.20 7.55 2.62 0.00 0.00 0.00 0.00
0.00 0.00 0.00 0.00 0.00 0.00 0.00 0.00 3.36 7.05 10.27 14.16 16.81 17.93 17.95 16.74 14.70 10.97 6.82 2.25 0.00 0.00 0.00 0.00
0.00 0.00 0.00 0.00 0.00 0.00 0.00 0.00 2.53 5.80 9.32 12.76 15.48 16.78 16.46 15.44 13.27 10.24 6.52 2.06 0.00 0.00 0.00 0.00
0.00 0.00 0.00 0.00 0.00 0.00 0.00 0.00 6.53 14.99 24.08 32.95 39.98 43.36 42.53 39.89 34.28 26.46 16.85 5.32 0.00 0.00 0.00 0.00
0.00 0.00 0.00 0.00 0.00 0.00 0.00 0.00 1.66 3.89 6.20 8.69 10.52 11.29 11.17 10.55 8.86 6.72 4.29 1.42 0.00 0.00 0.00 0.00
0.00 0.00 0.00 0.00 0.00 0.00 0.00 0.00 3.18 6.81 10.22 13.95 16.82 18.36 18.19 16.96 14.70 11.37 7.15 2.86 0.00 0.00 0.00 0.00
0.00 0.00 0.00 0.00 0.00 0.00 0.00 0.00 5.82 12.38 18.42 25.08 29.88 31.94 31.93 30.22 27.01 20.49 12.49 4.60 0.00 0.00 0.00 0.00
0.00 0.00 0.00 0.00 0.00 0.00 0.00 0.00 0.78 1.55 2.17 2.90 3.37 2.44 2.41 2.31 2.22 1.65 1.00 0.41 0.00 0.00 0.00 0.00
0.00 0.00 0.00 0.00 0.00 0.00 0.00 0.00 4.12 8.53 12.40 16.52 19.59 16.40 16.37 15.48 15.72 11.87 7.34 2.94 0.00 0.00 0.00 0.00
0.00 0.00 0.00 0.00 0.00 0.00 0.00 0.00 2.90 5.87 8.43 11.24 13.00 10.46 10.59 10.12 9.68 7.27 4.41 1.81 0.00 0.00 0.00 0.00
0.00 0.00 0.00 0.00 0.00 0.00 0.00 0.00 4.00 8.10 11.64 15.52 17.93 14.43 14.62 13.97 13.36 10.03 6.09 2.49 0.00 0.00 0.00 0.00
0.00 0.00 0.00 0.00 0.00 0.00 0.00 0.00 2.72 5.52 7.93 10.57 12.22 9.83 9.96 9.52 9.10 6.83 4.15 1.70 0.00 0.00 0.00 0.00
0.00 0.00 0.00 0.00 0.00 0.00 0.00 0.00 2.20 4.55 6.61 8.81 10.45 8.75 8.73 8.25 8.38 6.33 3.92 1.57 0.00 0.00 0.00 0.00
0.00 0.00 0.00 0.00 0.00 0.00 0.00 0.00 2.27 4.54 6.55 8.73 9.95 8.53 8.38 7.86 6.17 4.63 2.79 1.26 0.00 0.00 0.00 0.00
0.00 0.00 0.00 0.00 0.00 0.00 0.00 0.00 2.02 4.44 6.51 8.98 10.67 11.69 12.01 11.33 10.24 7.98 4.98 2.00 0.00 0.00 0.00 0.00
0.00 0.00 0.00 0.00 0.00 0.00 0.00 0.00 16.15 40.03 67.74 95.06 117.22 134.91 140.41 135.02 116.70 90.22 56.42 18.93 0.00 0.00 0.00 0.00
0.00 0.00 0.00 0.00 0.00 0.00 0.00 0.00 2.93 6.68 10.60 14.84 18.19 20.03 20.18 19.43 17.47 13.35 8.56 3.62 0.00 0.00 0.00 0.00
0.00 0.00 0.00 0.00 0.00 0.00 0.00 0.00 4.74 10.46 15.66 21.44 26.04 28.19 27.95 26.47 23.56 18.30 11.73 4.78 0.00 0.00 0.00 0.00
0.00 0.00 0.00 0.00 0.00 0.00 0.00 0.00 2.17 4.79 7.18 9.83 11.93 12.92 12.81 12.13 10.80 8.39 5.37 2.19 0.00 0.00 0.00 0.00
0.00 0.00 0.00 0.00 0.00 0.00 0.00 0.00 3.61 8.23 13.07 18.47 22.68 24.90 24.99 23.95 21.57 16.47 10.69 4.53 0.00 0.00 0.00 0.00
0.00 0.00 0.00 0.00 0.00 0.00 0.00 0.00 1.62 3.57 5.52 7.75 9.40 10.34 10.22 9.49 8.54 6.61 4.21 1.70 0.00 0.00 0.00 0.00
0.00 0.00 0.00 0.00 0.00 0.00 0.00 0.00 14.39 37.02 60.94 87.47 111.92 132.75 136.68 130.70 115.12 90.03 60.81 22.63 0.07 0.00 0.00 0.00
0.00 0.00 0.00 0.00 0.00 0.00 0.00 0.00 7.10 17.19 27.89 39.10 46.08 49.42 49.47 46.83 37.48 28.95 18.88 5.67 0.26 0.00 0.00 0.00
0.00 0.00 0.00 0.00 0.00 0.00 0.00 0.00 1.55 3.78 6.18 8.71 10.40 10.94 11.20 10.56 8.83 6.87 4.50 1.36 0.06 0.00 0.00 0.00
0.00 0.00 0.00 0.00 0.00 0.00 0.00 0.00 1.91 4.67 7.44 10.40 12.69 13.88 14.01 13.25 11.59 8.90 5.79 2.03 0.06 0.00 0.00 0.00
0.00 0.00 0.00 0.00 0.00 0.00 0.00 0.00 3.06 7.47 11.91 16.64 20.31 22.21 22.42 21.20 18.54 14.25 9.27 3.25 0.09 0.00 0.00 0.00
0.00 0.00 0.00 0.00 0.00 0.00 0.00 0.00 53.59 159.76 284.16 403.44 493.47 540.46 551.39 522.41 453.02 358.20 245.72 104.98 15.87 0.00 0.00 0.00
