0.00 0.00 0.00 0.00 0.00 0.00 0.00 0.00 0.69 1.62 2.69 3.62 4.29 4.75 4.78 4.61 4.13 3.36 2.32 1.02 0.26 0.00 0.00 0.00
0.00 0.00 0.00 0.00 0.00 0.00 0.00 0.00 15.90 32.80 41.27 52.85 61.82 60.42 59.94 55.85 59.65 45.67 30.10 10.70 0.00 0.00 0.00 0.00
0.00 0.00 0.00 0.00 0.00 0.00 0.00 0.00 15.67 36.97 61.50 82.88 98.07 108.55 109.20 105.35 94.47 76.94 52.99 23.43 5.87 0.00 0.00 0.00
0.00 0.00 0.00 0.00 0.00 0.00 0.00 0.00 55.69 131.39 218.56 294.55 348.53 385.79 388.08 374.41 335.74 273.44 188.32 83.27 20.87 0.00 0.00 0.00
0.00 0.00 0.00 0.00 0.00 0.00 0.00 0.25 3.20 5.97 7.02 8.89 10.09 10.30 10.03 9.22 5.96 4.56 2.85 1.57 0.00 0.00 0.00 0.00
0.00 0.00 0.00 0.00 0.00 0.00 0.00 0.00 106.50 269.66 461.58 627.43 759.98 843.83 875.54 870.93 803.81 652.35 444.25 206.96 56.41 0.00 0.00 0.00
0.00 0.00 0.00 0.00 0.00 0.00 0.00 0.04 1.81 3.47 5.55 7.24 8.43 8.91 8.80 8.24 6.88 5.25 3.37 1.24 0.06 0.00 0.00 0.00
0.00 0.00 0.00 0.00 0.00 0.00 0.00 0.00 0.95 1.93 2.63 3.44 4.01 3.50 3.41 3.24 3.14 2.42 1.58 0.68 0.00 0.00 0.00 0.00
0.00 0.00 0.00 0.00 0.00 0.00 0.00 0.00 1.52 3.09 4.21 5.50 6.41 5.60 5.45 5.19 5.03 3.88 2.53 1.08 0.00 0.00 0.00 0.00
0.00 0.00 0.00 0.00 0.00 0.00 0.00 0.00 1.52 3.09 4.21 5.50 6.41 5.60 5.45 5.19 5.03 3.88 2.53 1.08 0.00 0.00 0.00 0.00
0.00 0.00 0.00 0.00 0.00 0.00 0.00 0.00 3.50 7.30 11.92 15.95 18.55 20.10 20.06 18.89 16.37 12.74 8.04 2.82 0.20 0.00 0.00 0.00
0.00 0.00 0.00 0.00 0.00 0.00 0.00 0.00 1.64 3.41 5.56 7.46 8.65 9.48 9.45 8.84 7.47 5.84 3.68 1.25 0.08 0.00 0.00 0.00
0.00 0.00 0.00 0.00 0.00 0.00 0.00 0.00 2.11 4.39 7.15 9.59 11.12 12.19 12.15 11.37 9.60 7.51 4.73 1.61 0.10 0.00 0.00 0.00
0.00 0.00 0.00 0.00 0.00 0.00 0.00 0.00 1.40 2.93 4.77 6.39 7.41 8.13 8.10 7.58 6.40 5.00 3.15 1.07 0.07 0.00 0.00 0.00
0.00 0.00 0.00 0.00 0.00 0.00 0.00 0.00 1.40 2.93 4.77 6.39 7.41 8.13 8.10 7.58 6.40 5.00 3.15 1.07 0.07 0.00 0.00 0.00
0.00 0.00 0.00 0.00 0.00 0.00 0.00 0.00 17.32 39.26 61.49 81.84 95.63 87.00 86.73 81.60 57.81 44.51 29.08 11.13 0.76 0.00 0.00 0.00
0.00 0.00 0.00 0.00 0.00 0.00 0.00 0.00 10.79 22.19 35.48 47.57 55.45 60.69 60.55 56.12 47.97 37.28 23.88 8.01 0.47 0.00 0.00 0.00
0.00 0.00 0.00 0.00 0.00 0.00 0.00 0.00 9.12 18.87 30.41 40.82 47.10 50.94 50.69 47.51 40.86 31.90 20.43 7.21 0.63 0.00 0.00 0.00
0.00 0.00 0.00 0.00 0.00 0.00 0.00 0.00 31.41 79.54 136.15 185.07 224.17 248.90 258.25 256.89 237.09 192.42 131.04 61.05 16.64 0.00 0.00 0.00
0.00 0.00 0.00 0.00 0.00 0.00 0.00 0.00 29.88 75.66 129.51 176.04 213.23 236.76 245.65 244.36 225.53 183.03 124.65 58.07 15.83 0.00 0.00 0.00
0.00 0.00 0.00 0.00 0.00 0.00 0.00 0.00 57.46 145.50 249.05 338.54 410.06 455.30 472.41 469.93 433.71 351.99 239.70 111.67 30.44 0.00 0.00 0.00
0.00 0.00 0.00 0.00 0.00 0.00 0.00 0.00 56.51 143.07 244.90 332.90 403.22 447.72 464.54 462.09 426.48 346.12 235.71 109.81 29.93 0.00 0.00 0.00
0.00 0.00 0.00 0.00 0.00 0.00 0.00 0.00 70.95 167.18 275.97 377.94 458.60 512.06 526.50 504.29 458.26 361.60 247.39 112.97 30.47 0.00 0.00 0.00
0.00 0.00 0.00 0.00 0.00 0.00 0.00 0.00 0.95 1.93 2.63 3.44 4.01 3.50 3.41 3.24 3.14 2.42 1.58 0.68 0.00 0.00 0.00 0.00
0.00 0.00 0.00 0.00 0.00 0.00 0.00 0.00 4.82 9.78 13.32 17.42 20.30 17.73 17.27 16.43 15.93 12.28 8.02 3.43 0.00 0.00 0.00 0.00
0.00 0.00 0.00 0.00 0.00 0.00 0.00 0.00 24.62 49.92 67.99 88.94 103.63 90.50 88.16 83.86 81.32 62.69 40.94 17.49 0.00 0.00 0.00 0.00
0.00 0.00 0.00 0.00 0.00 0.00 0.00 0.00 2.15 5.43 9.30 12.64 15.31 17.00 17.64 17.54 16.19 13.14 8.95 4.17 1.14 0.00 0.00 0.00
0.00 0.00 0.00 0.00 0.00 0.00 0.00 0.00 54.82 129.35 215.16 289.96 343.10 379.78 382.04 368.58 330.51 269.18 185.38 81.97 20.54 0.00 0.00 0.00
0.00 0.00 0.00 0.00 0.00 0.00 0.00 0.00 4.63 10.58 17.71 24.31 29.04 32.00 31.70 29.79 26.84 21.15 13.98 5.29 0.86 0.00 0.00 0.00
0.00 0.00 0.00 0.00 0.00 0.00 0.00 0.00 30.41 65.01 107.91 147.17 175.08 191.47 192.95 182.58 161.15 128.42 87.27 36.00 7.31 0.00 0.00 0.00
0.00 0.00 0.00 0.00 0.00 0.00 0.00 0.00 0.91 2.16 3.59 4.83 5.72 6.33 6.37 6.14 5.51 4.49 3.09 1.37 0.34 0.00 0.00 0.00
0.00 0.00 0.00 0.00 0.00 0.00 0.00 0.00 41.11 97.01 161.37 217.47 257.32 284.83 286.53 276.43 247.88 201.88 139.04 61.48 15.41 0.00 0.00 0.00
0.00 0.00 0.00 0.00 0.00 0.00 0.00 0.00 52.76 124.50 207.09 279.09 330.23 365.54 367.71 354.76 318.11 259.08 178.43 78.90 19.77 0.00 0.00 0.00
0.00 0.00 0.00 0.00 0.00 0.00 0.00 0.00 93.56 220.47 363.94 498.41 604.78 675.28 694.32 665.04 604.33 476.86 326.25 148.98 40.18 0.00 0.00 0.00
0.00 0.00 0.00 0.00 0.00 0.00 0.00 0.00 2.42 5.15 8.49 11.43 13.30 14.98 14.92 13.88 11.09 8.35 5.53 1.96 0.15 0.00 0.00 0.00
0.00 0.00 0.00 0.00 0.00 0.00 0.00 0.00 3.08 6.53 10.81 14.53 16.92 18.90 18.85 17.55 13.99 10.59 6.91 2.46 0.18 0.00 0.00 0.00
0.00 0.00 0.00 0.00 0.00 0.00 0.00 0.00 19.08 43.65 73.04 100.29 119.80 132.00 130.77 122.90 110.70 87.26 57.66 21.81 3.55 0.00 0.00 0.00
0.00 0.00 0.00 0.00 0.00 0.00 0.00 0.00 66.66 161.24 265.33 368.22 450.20 467.63 474.37 444.66 437.28 350.92 242.87 82.24 27.45 0.00 0.00 0.00
0.00 0.00 0.00 0.00 0.00 0.00 0.00 0.00 0.86 1.75 2.81 3.74 4.31 4.67 4.67 4.37 3.59 2.71 1.78 0.55 0.02 0.00 0.00 0.00
0.00 0.00 0.00 0.00 0.00 0.00 0.00 0.00 14.41 32.63 53.33 72.56 87.65 96.57 97.75 93.45 82.40 64.96 44.73 19.38 4.50 0.00 0.00 0.00
0.00 0.00 0.00 0.00 0.00 0.00 0.00 0.00 3.34 9.32 16.39 22.91 27.64 31.17 31.82 30.86 28.94 22.63 15.98 8.04 2.44 0.00 0.00 0.00
0.00 0.00 0.00 0.00 0.00 0.00 0.00 0.10 2.17 4.10 6.34 8.30 9.59 9.94 9.89 9.28 7.48 5.77 3.65 1.36 0.04 0.00 0.00 0.00
0.00 0.00 0.00 0.00 0.00 0.00 0.00 0.05 1.08 2.05 3.17 4.15 4.79 4.97 4.94 4.64 3.74 2.88 1.83 0.68 0.02 0.00 0.00 0.00
0.00 0.00 0.00 0.00 0.00 0.00 0.00 0.11 2.37 4.49 6.94 9.07 10.48 10.88 10.82 10.15 8.19 6.31 3.99 1.49 0.04 0.00 0.00 0.00
0.00 0.00 0.00 0.00 0.00 0.00 0.00 0.10 2.82 5.38 8.42 10.95 12.80 13.24 12.99 12.23 10.28 7.82 4.95 1.82 0.05 0.00 0.00 0.00
0.00 0.00 0.00 0.00 0.00 0.00 0.00 0.15 4.30 8.19 12.83 16.68 19.51 20.17 19.79 18.63 15.67 11.92 7.55 2.77 0.07 0.00 0.00 0.00
0.00 0.00 0.00 0.00 0.00 0.00 0.00 0.05 3.69 7.11 11.30 14.61 17.07 17.93 17.59 16.56 13.87 10.66 6.92 2.61 0.13 0.00 0.00 0.00
0.00 0.00 0.00 0.00 0.00 0.00 0.00 0.00 2.68 5.49 8.73 11.91 14.11 15.08 15.24 14.54 12.91 10.08 6.67 2.63 0.45 0.00 0.00 0.00
0.00 0.00 0.00 0.00 0.00 0.00 0.00 0.00 6.93 14.18 22.56 30.77 36.44 38.95 39.37 37.56 33.35 26.05 17.24 6.79 1.16 0.00 0.00 0.00
0.00 0.00 0.00 0.00 0.00 0.00 0.00 0.00 1.76 3.68 5.84 7.97 9.51 10.26 10.20 9.54 8.37 6.53 4.43 1.79 0.31 0.00 0.00 0.00
0.00 0.00 0.00 0.00 0.00 0.00 0.00 0.00 4.04 7.99 12.44 16.38 18.84 19.61 19.54 17.91 13.47 10.24 6.49 1.95 0.02 0.00 0.00 0.00
0.00 0.00 0.00 0.00 0.00 0.00 0.00 0.00 6.68 13.08 20.80 27.54 31.92 33.43 33.73 31.52 25.41 19.39 12.31 4.38 0.14 0.00 0.00 0.00
0.00 0.00 0.00 0.00 0.00 0.00 0.00 0.07 0.96 1.79 2.52 3.19 3.60 3.23 3.10 2.88 2.15 1.64 1.03 0.37 0.00 0.00 0.00 0.00
0.00 0.00 0.00 0.00 0.00 0.00 0.00 0.05 5.44 10.49 14.31 18.18 20.42 18.50 17.84 16.70 14.18 10.82 6.90 3.39 0.00 0.00 0.00 0.00
0.00 0.00 0.00 0.00 0.00 0.00 0.00 0.15 3.64 6.92 9.36 11.84 13.25 12.23 11.64 11.05 8.78 6.67 4.27 2.24 0.00 0.00 0.00 0.00
0.00 0.00 0.00 0.00 0.00 0.00 0.00 0.21 5.03 9.54 12.92 16.34 18.29 16.87 16.07 15.24 12.12 9.21 5.90 3.10 0.00 0.00 0.00 0.00
0.00 0.00 0.00 0.00 0.00 0.00 0.00 0.14 3.43 6.50 8.80 11.13 12.46 11.49 10.94 10.38 8.25 6.27 4.02 2.11 0.00 0.00 0.00 0.00
0.00 0.00 0.00 0.00 0.00 0.00 0.00 0.02 2.90 5.59 7.63 9.69 10.89 9.87 9.52 8.91 7.56 5.77 3.68 1.81 0.00 0.00 0.00 0.00
0.00 0.00 0.00 0.00 0.00 0.00 0.00 0.18 2.81 5.28 6.39 8.07 9.15 8.79 8.67 8.08 6.74 5.16 3.21 1.45 0.00 0.00 0.00 0.00
0.00 0.00 0.00 0.00 0.00 0.00 0.00 0.00 2.73 5.53 7.53 9.86 11.48 10.03 9.77 9.29 9.01 6.95 4.54 1.94 0.00 0.00 0.00 0.00
0.00 0.00 0.00 0.00 0.00 0.00 0.00 0.00 22.55 51.10 80.04 106.52 124.47 113.24 112.88 106.21 75.24 57.93 37.85 14.48 0.99 0.00 0.00 0.00
0.00 0.00 0.00 0.00 0.00 0.00 0.00 0.00 3.97 8.28 13.51 18.07 21.03 22.78 22.74 21.41 18.56 14.44 9.11 3.19 0.22 0.00 0.00 0.00
0.00 0.00 0.00 0.00 0.00 0.00 0.00 0.00 5.92 12.01 19.14 25.52 29.93 32.24 32.14 29.73 22.91 17.37 11.17 3.80 0.11 0.00 0.00 0.00
0.00 0.00 0.00 0.00 0.00 0.00 0.00 0.00 2.71 5.50 8.77 11.70 13.72 14.77 14.73 13.62 10.50 7.96 5.12 1.74 0.05 0.00 0.00 0.00
0.00 0.00 0.00 0.00 0.00 0.00 0.00 0.00 4.93 10.27 16.70 22.29 25.98 28.08 28.01 26.37 23.17 17.99 11.40 4.06 0.29 0.00 0.00 0.00
0.00 0.00 0.00 0.00 0.00 0.00 0.00 0.00 2.10 4.26 6.82 9.08 10.47 11.33 11.35 10.61 8.71 6.58 4.32 1.34 0.06 0.00 0.00 0.00
0.00 0.00 0.00 0.00 0.00 0.00 0.00 0.00 19.75 45.20 75.62 103.83 124.03 136.67 135.40 127.25 114.61 90.35 59.70 22.58 3.68 0.00 0.00 0.00
0.00 0.00 0.00 0.00 0.00 0.00 0.00 0.00 7.27 15.54 25.81 35.19 41.87 45.79 46.14 43.66 38.54 30.71 20.87 8.61 1.75 0.00 0.00 0.00
0.00 0.00 0.00 0.00 0.00 0.00 0.00 0.00 1.66 3.58 5.78 7.83 9.52 10.42 10.30 9.71 8.62 6.84 4.66 1.91 0.38 0.00 0.00 0.00
0.00 0.00 0.00 0.00 0.00 0.00 0.00 0.00 2.11 4.58 7.50 10.02 11.68 12.62 12.75 12.22 10.73 8.54 5.78 2.35 0.44 0.00 0.00 0.00
0.00 0.00 0.00 0.00 0.00 0.00 0.00 0.00 3.38 7.34 12.01 16.04 18.69 20.20 20.40 19.54 17.18 13.67 9.25 3.75 0.70 0.00 0.00 0.00
0.00 0.00 0.00 0.00 0.00 0.00 0.00 0.00 58.42 147.92 253.21 344.19 416.89 462.89 480.29 477.76 440.94 357.86 243.70 113.53 30.95 0.00 0.00 0.00
