0.00 0.00 0.00 0.00 0.00 0.00 0.00 0.00 0.00 0.36 1.03 1.59 2.18 2.85 3.00 2.89 2.77 2.05 1.31 0.36 0.00 0.00 0.00 0.00
0.00 0.00 0.00 0.00 0.00 0.00 0.00 0.00 0.00 5.38 10.39 16.02 20.44 28.47 29.53 28.39 32.50 24.25 14.59 2.16 0.00 0.00 0.00 0.00
0.00 0.00 0.00 0.00 0.00 0.00 0.00 0.00 0.00 8.17 23.57 36.45 49.80 65.28 68.54 66.06 63.36 46.86 29.93 8.32 0.00 0.00 0.00 0.00
0.00 0.00 0.00 0.00 0.00 0.00 0.00 0.00 0.00 29.05 83.75 129.55 176.99 232.01 243.58 234.78 225.19 166.55 106.38 29.58 0.00 0.00 0.00 0.00
0.00 0.00 0.00 0.00 0.00 0.00 0.00 0.00 0.00 1.08 2.42 3.62 4.56 4.41 4.36 4.13 5.53 3.96 2.21 0.12 0.00 0.00 0.00 0.00
0.00 0.00 0.00 0.00 0.00 0.00 0.00 0.00 0.00 69.62 218.44 341.94 467.76 616.75 661.30 638.09 551.00 405.31 261.04 79.13 0.00 0.00 0.00 0.00
0.00 0.00 0.00 0.00 0.00 0.00 0.00 0.00 0.00 0.40 0.75 1.16 1.53 1.79 1.80 1.74 1.76 1.22 0.70 0.10 0.00 0.00 0.00 0.00
0.00 0.00 0.00 0.00 0.00 0.00 0.00 0.00 0.00 0.32 0.67 1.04 1.40 1.42 1.45 1.43 1.55 1.14 0.68 0.12 0.00 0.00 0.00 0.00
0.00 0.00 0.00 0.00 0.00 0.00 0.00 0.00 0.00 0.52 1.06 1.66 2.24 2.27 2.33 2.29 2.49 1.83 1.09 0.18 0.00 0.00 0.00 0.00
0.00 0.00 0.00 0.00 0.00 0.00 0.00 0.00 0.00 0.52 1.06 1.66 2.24 2.27 2.33 2.29 2.49 1.83 1.09 0.18 0.00 0.00 0.00 0.00
0.00 0.00 0.00 0.00 0.00 0.00 0.00 0.00 0.00 0.97 2.60 4.03 5.56 6.49 6.71 6.58 6.17 4.48 2.72 0.63 0.00 0.00 0.00 0.00
0.00 0.00 0.00 0.00 0.00 0.00 0.00 0.00 0.00 0.46 1.18 1.86 2.55 2.91 3.01 2.94 2.84 2.08 1.26 0.30 0.00 0.00 0.00 0.00
0.00 0.00 0.00 0.00 0.00 0.00 0.00 0.00 0.00 0.59 1.52 2.39 3.27 3.75 3.86 3.78 3.66 2.67 1.62 0.38 0.00 0.00 0.00 0.00
0.00 0.00 0.00 0.00 0.00 0.00 0.00 0.00 0.00 0.39 1.01 1.59 2.18 2.50 2.58 2.52 2.44 1.78 1.08 0.25 0.00 0.00 0.00 0.00
0.00 0.00 0.00 0.00 0.00 0.00 0.00 0.00 0.00 0.39 1.01 1.59 2.18 2.50 2.58 2.52 2.44 1.78 1.08 0.25 0.00 0.00 0.00 0.00
0.00 0.00 0.00 0.00 0.00 0.00 0.00 0.00 0.00 7.37 17.57 27.53 36.00 61.90 65.20 63.01 67.53 49.59 31.04 6.39 0.00 0.00 0.00 0.00
0.00 0.00 0.00 0.00 0.00 0.00 0.00 0.00 0.00 2.93 8.07 12.70 17.71 19.75 20.05 19.66 18.16 13.20 7.93 1.69 0.00 0.00 0.00 0.00
0.00 0.00 0.00 0.00 0.00 0.00 0.00 0.00 0.00 2.36 5.08 7.98 10.70 16.43 16.89 16.37 17.31 12.60 7.61 1.42 0.00 0.00 0.00 0.00
0.00 0.00 0.00 0.00 0.00 0.00 0.00 0.00 0.00 20.53 64.43 100.86 137.97 181.92 195.06 188.21 162.53 119.55 77.00 23.34 0.00 0.00 0.00 0.00
0.00 0.00 0.00 0.00 0.00 0.00 0.00 0.00 0.00 19.53 61.29 95.94 131.24 173.04 185.54 179.03 154.60 113.72 73.24 22.20 0.00 0.00 0.00 0.00
0.00 0.00 0.00 0.00 0.00 0.00 0.00 0.00 0.00 37.56 117.86 184.50 252.39 332.78 356.81 344.29 297.30 218.69 140.85 42.70 0.00 0.00 0.00 0.00
0.00 0.00 0.00 0.00 0.00 0.00 0.00 0.00 0.00 36.94 115.90 181.42 248.18 327.23 350.87 338.56 292.35 215.05 138.50 41.99 0.00 0.00 0.00 0.00
0.00 0.00 0.00 0.00 0.00 0.00 0.00 0.00 0.00 36.07 101.72 158.76 217.16 275.89 286.86 278.13 278.01 204.70 130.88 39.36 0.00 0.00 0.00 0.00
0.00 0.00 0.00 0.00 0.00 0.00 0.00 0.00 0.00 0.32 0.67 1.04 1.40 1.42 1.45 1.43 1.55 1.14 0.68 0.12 0.00 0.00 0.00 0.00
0.00 0.00 0.00 0.00 0.00 0.00 0.00 0.00 0.00 1.64 3.37 5.27 7.09 7.19 7.37 7.24 7.87 5.78 3.45 0.58 0.00 0.00 0.00 0.00
0.00 0.00 0.00 0.00 0.00 0.00 0.00 0.00 0.00 8.36 17.21 26.92 36.18 36.70 37.62 36.95 40.19 29.53 17.63 2.97 0.00 0.00 0.00 0.00
0.00 0.00 0.00 0.00 0.00 0.00 0.00 0.00 0.00 1.40 4.40 6.89 9.42 12.42 13.32 12.85 11.10 8.16 5.26 1.59 0.00 0.00 0.00 0.00
0.00 0.00 0.00 0.00 0.00 0.00 0.00 0.00 0.00 28.59 82.44 127.53 174.23 228.40 239.78 231.12 221.68 163.95 104.72 29.12 0.00 0.00 0.00 0.00
0.00 0.00 0.00 0.00 0.00 0.00 0.00 0.00 0.00 1.95 4.98 7.61 10.42 14.87 15.91 15.34 15.74 12.09 7.65 1.97 0.00 0.00 0.00 0.00
0.00 0.00 0.00 0.00 0.00 0.00 0.00 0.00 0.00 12.30 22.17 33.73 44.49 46.96 48.07 46.40 55.09 40.49 24.94 7.09 0.00 0.00 0.00 0.00
0.00 0.00 0.00 0.00 0.00 0.00 0.00 0.00 0.00 0.48 1.37 2.13 2.90 3.81 4.00 3.85 3.69 2.73 1.75 0.49 0.00 0.00 0.00 0.00
0.00 0.00 0.00 0.00 0.00 0.00 0.00 0.00 0.00 21.44 61.83 95.65 130.67 171.30 179.84 173.34 166.26 122.96 78.54 21.84 0.00 0.00 0.00 0.00
0.00 0.00 0.00 0.00 0.00 0.00 0.00 0.00 0.00 27.52 79.35 122.75 167.69 219.83 230.79 222.45 213.37 157.80 100.80 28.02 0.00 0.00 0.00 0.00
0.00 0.00 0.00 0.00 0.00 0.00 0.00 0.00 0.00 47.56 134.14 209.36 286.38 363.83 378.30 366.79 366.62 269.95 172.60 51.91 0.00 0.00 0.00 0.00
0.00 0.00 0.00 0.00 0.00 0.00 0.00 0.00 0.00 0.68 1.72 2.74 3.79 4.87 5.14 5.00 4.88 3.59 2.20 0.57 0.00 0.00 0.00 0.00
0.00 0.00 0.00 0.00 0.00 0.00 0.00 0.00 0.00 0.84 2.14 3.45 4.75 6.01 6.37 6.20 5.73 4.20 2.57 0.62 0.00 0.00 0.00 0.00
0.00 0.00 0.00 0.00 0.00 0.00 0.00 0.00 0.00 8.04 20.53 31.39 42.98 61.32 65.64 63.28 64.94 49.87 31.54 8.12 0.00 0.00 0.00 0.00
0.00 0.00 0.00 0.00 0.00 0.00 0.00 0.00 0.00 24.00 86.70 140.47 196.58 311.58 332.15 318.81 302.52 228.05 147.54 34.49 0.00 0.00 0.00 0.00
0.00 0.00 0.00 0.00 0.00 0.00 0.00 0.00 0.00 0.22 0.54 0.86 1.19 1.55 1.57 1.50 1.38 1.01 0.60 0.12 0.00 0.00 0.00 0.00
0.00 0.00 0.00 0.00 0.00 0.00 0.00 0.00 0.00 6.34 17.17 26.37 36.13 45.40 47.22 45.37 49.42 36.05 22.71 6.51 0.00 0.00 0.00 0.00
0.00 0.00 0.00 0.00 0.00 0.00 0.00 0.00 0.00 3.14 11.74 18.64 26.10 31.27 33.40 31.50 26.61 19.79 12.58 3.23 0.00 0.00 0.00 0.00
0.00 0.00 0.00 0.00 0.00 0.00 0.00 0.00 0.00 0.46 0.84 1.28 1.66 1.88 1.93 1.83 1.80 1.26 0.72 0.10 0.00 0.00 0.00 0.00
0.00 0.00 0.00 0.00 0.00 0.00 0.00 0.00 0.00 0.23 0.42 0.64 0.83 0.94 0.97 0.92 0.90 0.63 0.36 0.05 0.00 0.00 0.00 0.00
0.00 0.00 0.00 0.00 0.00 0.00 0.00 0.00 0.00 0.50 0.92 1.40 1.82 2.06 2.11 2.00 1.96 1.38 0.79 0.10 0.00 0.00 0.00 0.00
0.00 0.00 0.00 0.00 0.00 0.00 0.00 0.00 0.00 0.51 1.09 1.66 2.18 2.51 2.57 2.46 2.58 1.81 1.04 0.12 0.00 0.00 0.00 0.00
0.00 0.00 0.00 0.00 0.00 0.00 0.00 0.00 0.00 0.78 1.66 2.53 3.32 3.83 3.91 3.75 3.92 2.76 1.58 0.18 0.00 0.00 0.00 0.00
0.00 0.00 0.00 0.00 0.00 0.00 0.00 0.00 0.00 0.80 1.55 2.39 3.16 3.75 3.78 3.67 3.73 2.57 1.48 0.23 0.00 0.00 0.00 0.00
0.00 0.00 0.00 0.00 0.00 0.00 0.00 0.00 0.00 1.37 1.95 2.95 3.90 2.94 2.98 2.83 3.59 2.57 1.55 0.34 0.00 0.00 0.00 0.00
0.00 0.00 0.00 0.00 0.00 0.00 0.00 0.00 0.00 3.53 5.04 7.63 10.08 7.59 7.70 7.31 9.26 6.65 4.00 0.87 0.00 0.00 0.00 0.00
0.00 0.00 0.00 0.00 0.00 0.00 0.00 0.00 0.00 0.67 1.13 1.73 2.31 2.38 2.42 2.31 2.95 2.16 1.32 0.34 0.00 0.00 0.00 0.00
0.00 0.00 0.00 0.00 0.00 0.00 0.00 0.00 0.00 1.19 2.18 3.46 4.58 6.39 6.63 6.42 6.08 4.38 2.57 0.48 0.00 0.00 0.00 0.00
0.00 0.00 0.00 0.00 0.00 0.00 0.00 0.00 0.00 1.38 3.23 5.05 6.65 9.12 9.31 9.04 9.28 6.65 3.87 0.46 0.00 0.00 0.00 0.00
0.00 0.00 0.00 0.00 0.00 0.00 0.00 0.00 0.00 0.36 0.82 1.21 1.51 1.52 1.51 1.45 1.61 1.16 0.65 0.04 0.00 0.00 0.00 0.00
0.00 0.00 0.00 0.00 0.00 0.00 0.00 0.00 0.00 1.59 4.38 6.77 8.61 8.09 8.12 7.94 10.66 7.60 4.37 0.51 0.00 0.00 0.00 0.00
0.00 0.00 0.00 0.00 0.00 0.00 0.00 0.00 0.00 1.10 2.71 4.15 5.17 6.76 6.85 6.60 7.11 5.03 2.86 0.29 0.00 0.00 0.00 0.00
0.00 0.00 0.00 0.00 0.00 0.00 0.00 0.00 0.00 1.52 3.74 5.73 7.13 9.33 9.45 9.10 9.81 6.95 3.95 0.40 0.00 0.00 0.00 0.00
0.00 0.00 0.00 0.00 0.00 0.00 0.00 0.00 0.00 1.03 2.55 3.90 4.86 6.35 6.44 6.20 6.69 4.73 2.69 0.27 0.00 0.00 0.00 0.00
0.00 0.00 0.00 0.00 0.00 0.00 0.00 0.00 0.00 0.85 2.34 3.61 4.59 4.32 4.33 4.24 5.68 4.05 2.33 0.27 0.00 0.00 0.00 0.00
0.00 0.00 0.00 0.00 0.00 0.00 0.00 0.00 0.00 1.00 2.08 3.14 3.84 4.70 4.73 4.43 3.97 2.86 1.61 0.17 0.00 0.00 0.00 0.00
0.00 0.00 0.00 0.00 0.00 0.00 0.00 0.00 0.00 0.93 1.91 2.98 4.01 4.07 4.17 4.10 4.45 3.27 1.95 0.33 0.00 0.00 0.00 0.00
0.00 0.00 0.00 0.00 0.00 0.00 0.00 0.00 0.00 9.59 22.87 35.83 46.86 80.57 84.86 82.01 87.90 64.54 40.40 8.32 0.00 0.00 0.00 0.00
0.00 0.00 0.00 0.00 0.00 0.00 0.00 0.00 0.00 1.10 2.95 4.57 6.30 7.36 7.60 7.45 6.99 5.08 3.08 0.71 0.00 0.00 0.00 0.00
0.00 0.00 0.00 0.00 0.00 0.00 0.00 0.00 0.00 1.74 3.33 5.39 7.30 9.95 10.11 10.09 11.82 8.49 5.06 0.87 0.00 0.00 0.00 0.00
0.00 0.00 0.00 0.00 0.00 0.00 0.00 0.00 0.00 0.80 1.53 2.47 3.34 4.56 4.64 4.62 5.42 3.89 2.32 0.40 0.00 0.00 0.00 0.00
0.00 0.00 0.00 0.00 0.00 0.00 0.00 0.00 0.00 1.36 3.70 5.71 7.92 9.50 9.79 9.53 8.63 6.29 3.81 0.85 0.00 0.00 0.00 0.00
0.00 0.00 0.00 0.00 0.00 0.00 0.00 0.00 0.00 0.54 1.32 2.09 2.89 3.76 3.81 3.65 3.35 2.46 1.47 0.29 0.00 0.00 0.00 0.00
0.00 0.00 0.00 0.00 0.00 0.00 0.00 0.00 0.00 8.33 21.25 32.50 44.50 63.49 67.96 65.52 67.23 51.63 32.66 8.41 0.00 0.00 0.00 0.00
0.00 0.00 0.00 0.00 0.00 0.00 0.00 0.00 0.00 2.94 5.30 8.07 10.64 11.23 11.49 11.10 13.17 9.68 5.96 1.69 0.00 0.00 0.00 0.00
0.00 0.00 0.00 0.00 0.00 0.00 0.00 0.00 0.00 0.63 1.19 1.82 2.44 2.79 2.88 2.79 3.51 2.56 1.58 0.42 0.00 0.00 0.00 0.00
0.00 0.00 0.00 0.00 0.00 0.00 0.00 0.00 0.00 0.73 1.61 2.47 3.24 4.39 4.52 4.33 5.34 3.96 2.45 0.61 0.00 0.00 0.00 0.00
0.00 0.00 0.00 0.00 0.00 0.00 0.00 0.00 0.00 1.16 2.58 3.96 5.19 7.02 7.23 6.92 8.55 6.34 3.92 0.98 0.00 0.00 0.00 0.00
0.00 0.00 0.00 0.00 0.00 0.00 0.00 0.00 0.00 38.19 119.83 187.57 256.59 338.32 362.76 350.03 302.26 222.34 143.20 43.41 0.00 0.00 0.00 0.00
