0.00 0.00 0.00 0.00 0.00 0.00 0.00 0.00 0.00 0.13 1.15 1.97 2.80 3.37 3.51 3.28 2.66 1.76 0.83 0.00 0.00 0.00 0.00 0.00
0.00 0.00 0.00 0.00 0.00 0.00 0.00 0.00 0.00 8.06 20.24 30.49 39.70 27.69 27.77 26.25 17.72 11.75 5.04 0.00 0.00 0.00 0.00 0.00
0.00 0.00 0.00 0.00 0.00 0.00 0.00 0.00 0.00 2.87 26.29 44.93 64.08 77.02 80.17 75.10 60.84 40.30 18.90 0.00 0.00 0.00 0.00 0.00
0.00 0.00 0.00 0.00 0.00 0.00 0.00 0.00 0.00 10.18 93.44 159.69 227.73 273.74 284.90 266.90 216.22 143.22 67.17 0.00 0.00 0.00 0.00 0.00
0.00 0.00 0.00 0.00 0.00 0.00 0.00 0.00 0.00 1.46 3.79 5.55 7.10 6.96 6.99 6.24 4.30 2.76 0.91 0.00 0.00 0.00 0.00 0.00
0.00 0.00 0.00 0.00 0.00 0.00 0.00 0.00 0.00 20.70 215.99 372.55 536.84 656.83 685.60 638.20 515.95 347.93 173.85 0.00 0.00 0.00 0.00 0.00
0.00 0.00 0.00 0.00 0.00 0.00 0.00 0.00 0.00 0.56 2.07 3.22 4.33 4.83 4.90 4.42 3.69 2.39 0.79 0.00 0.00 0.00 0.00 0.00
0.00 0.00 0.00 0.00 0.00 0.00 0.00 0.00 0.00 0.43 1.30 1.95 2.54 2.49 2.59 2.40 1.35 0.89 0.37 0.00 0.00 0.00 0.00 0.00
0.00 0.00 0.00 0.00 0.00 0.00 0.00 0.00 0.00 0.70 2.09 3.13 4.06 3.99 4.14 3.84 2.15 1.42 0.59 0.00 0.00 0.00 0.00 0.00
0.00 0.00 0.00 0.00 0.00 0.00 0.00 0.00 0.00 0.70 2.09 3.13 4.06 3.99 4.14 3.84 2.15 1.42 0.59 0.00 0.00 0.00 0.00 0.00
0.00 0.00 0.00 0.00 0.00 0.00 0.00 0.00 0.00 1.31 4.75 7.32 9.95 11.42 11.86 11.15 9.07 6.14 2.59 0.00 0.00 0.00 0.00 0.00
0.00 0.00 0.00 0.00 0.00 0.00 0.00 0.00 0.00 0.63 2.22 3.41 4.70 5.44 5.59 5.24 4.26 2.84 1.20 0.00 0.00 0.00 0.00 0.00
0.00 0.00 0.00 0.00 0.00 0.00 0.00 0.00 0.00 0.81 2.85 4.38 6.05 6.99 7.18 6.73 5.48 3.65 1.54 0.00 0.00 0.00 0.00 0.00
0.00 0.00 0.00 0.00 0.00 0.00 0.00 0.00 0.00 0.54 1.90 2.92 4.03 4.66 4.79 4.49 3.65 2.43 1.03 0.00 0.00 0.00 0.00 0.00
0.00 0.00 0.00 0.00 0.00 0.00 0.00 0.00 0.00 0.54 1.90 2.92 4.03 4.66 4.79 4.49 3.65 2.43 1.03 0.00 0.00 0.00 0.00 0.00
0.00 0.00 0.00 0.00 0.00 0.00 0.00 0.00 0.00 8.65 26.05 39.68 55.23 52.06 54.12 51.34 36.61 24.56 11.89 0.00 0.00 0.00 0.00 0.00
0.00 0.00 0.00 0.00 0.00 0.00 0.00 0.00 0.00 4.13 14.81 22.77 30.44 34.64 36.02 33.57 27.59 18.17 7.45 0.00 0.00 0.00 0.00 0.00
0.00 0.00 0.00 0.00 0.00 0.00 0.00 0.00 0.00 3.30 12.91 20.13 26.94 31.25 31.96 29.72 23.82 16.03 6.56 0.00 0.00 0.00 0.00 0.00
0.00 0.00 0.00 0.00 0.00 0.00 0.00 0.00 0.00 6.11 63.71 109.89 158.35 193.74 202.23 188.25 152.19 102.63 51.28 0.00 0.00 0.00 0.00 0.00
0.00 0.00 0.00 0.00 0.00 0.00 0.00 0.00 0.00 5.81 60.60 104.53 150.62 184.29 192.36 179.06 144.76 97.62 48.78 0.00 0.00 0.00 0.00 0.00
0.00 0.00 0.00 0.00 0.00 0.00 0.00 0.00 0.00 11.17 116.54 201.02 289.66 354.40 369.93 344.35 278.39 187.73 93.80 0.00 0.00 0.00 0.00 0.00
0.00 0.00 0.00 0.00 0.00 0.00 0.00 0.00 0.00 10.98 114.60 197.67 284.83 348.50 363.76 338.61 273.75 184.60 92.24 0.00 0.00 0.00 0.00 0.00
0.00 0.00 0.00 0.00 0.00 0.00 0.00 0.00 0.00 8.92 116.46 203.21 288.77 318.21 329.24 306.75 271.18 179.92 83.27 0.00 0.00 0.00 0.00 0.00
0.00 0.00 0.00 0.00 0.00 0.00 0.00 0.00 0.00 0.43 1.30 1.95 2.54 2.49 2.59 2.40 1.35 0.89 0.37 0.00 0.00 0.00 0.00 0.00
0.00 0.00 0.00 0.00 0.00 0.00 0.00 0.00 0.00 2.20 6.61 9.90 12.86 12.62 13.11 12.16 6.82 4.50 1.86 0.00 0.00 0.00 0.00 0.00
0.00 0.00 0.00 0.00 0.00 0.00 0.00 0.00 0.00 11.24 33.73 50.52 65.64 64.45 66.92 62.06 34.81 23.00 9.47 0.00 0.00 0.00 0.00 0.00
0.00 0.00 0.00 0.00 0.00 0.00 0.00 0.00 0.00 0.42 4.35 7.50 10.81 13.23 13.81 12.86 10.39 7.01 3.50 0.00 0.00 0.00 0.00 0.00
0.00 0.00 0.00 0.00 0.00 0.00 0.00 0.00 0.00 10.03 91.99 157.20 224.18 269.47 280.46 262.74 212.85 140.99 66.12 0.00 0.00 0.00 0.00 0.00
0.00 0.00 0.00 0.00 0.00 0.00 0.00 0.00 0.00 1.64 7.38 11.79 16.01 19.02 20.41 19.46 16.15 11.64 5.49 0.00 0.00 0.00 0.00 0.00
0.00 0.00 0.00 0.00 0.00 0.00 0.00 0.00 0.00 5.75 32.71 54.83 76.64 84.23 85.58 78.91 69.36 46.64 19.05 0.00 0.00 0.00 0.00 0.00
0.00 0.00 0.00 0.00 0.00 0.00 0.00 0.00 0.00 0.17 1.53 2.62 3.74 4.49 4.67 4.38 3.55 2.35 1.10 0.00 0.00 0.00 0.00 0.00
0.00 0.00 0.00 0.00 0.00 0.00 0.00 0.00 0.00 7.52 68.99 117.90 168.14 202.10 210.35 197.05 159.64 105.74 49.59 0.00 0.00 0.00 0.00 0.00
0.00 0.00 0.00 0.00 0.00 0.00 0.00 0.00 0.00 9.65 88.54 151.31 215.78 259.37 269.95 252.89 204.87 135.70 63.64 0.00 0.00 0.00 0.00 0.00
0.00 0.00 0.00 0.00 0.00 0.00 0.00 0.00 0.00 11.76 153.58 267.98 380.82 419.63 434.19 404.52 357.61 237.27 109.81 0.00 0.00 0.00 0.00 0.00
0.00 0.00 0.00 0.00 0.00 0.00 0.00 0.00 0.00 0.86 3.36 5.16 7.18 8.44 8.98 8.32 6.85 4.57 2.00 0.00 0.00 0.00 0.00 0.00
0.00 0.00 0.00 0.00 0.00 0.00 0.00 0.00 0.00 1.12 4.23 6.50 9.06 10.60 11.17 10.42 8.48 5.65 2.46 0.00 0.00 0.00 0.00 0.00
0.00 0.00 0.00 0.00 0.00 0.00 0.00 0.00 0.00 6.79 30.43 48.64 66.02 78.48 84.19 80.28 66.63 48.01 22.64 0.00 0.00 0.00 0.00 0.00
0.00 0.00 0.00 0.00 0.00 0.00 0.00 0.00 0.00 0.00 68.49 131.04 186.50 235.55 251.16 235.95 225.08 150.37 68.38 0.00 0.00 0.00 0.00 0.00
0.00 0.00 0.00 0.00 0.00 0.00 0.00 0.00 0.00 0.33 1.16 1.78 2.40 2.71 2.79 2.61 2.10 1.39 0.55 0.00 0.00 0.00 0.00 0.00
0.00 0.00 0.00 0.00 0.00 0.00 0.00 0.00 0.00 2.75 22.72 38.55 54.48 63.56 64.88 59.79 49.60 33.23 14.83 0.00 0.00 0.00 0.00 0.00
0.00 0.00 0.00 0.00 0.00 0.00 0.00 0.00 0.00 0.59 7.93 13.99 20.18 24.50 26.26 24.46 19.63 13.66 7.26 0.00 0.00 0.00 0.00 0.00
0.00 0.00 0.00 0.00 0.00 0.00 0.00 0.00 0.00 0.68 2.38 3.69 4.93 5.64 5.59 5.05 4.21 2.71 0.85 0.00 0.00 0.00 0.00 0.00
0.00 0.00 0.00 0.00 0.00 0.00 0.00 0.00 0.00 0.34 1.19 1.84 2.46 2.82 2.79 2.53 2.11 1.35 0.42 0.00 0.00 0.00 0.00 0.00
0.00 0.00 0.00 0.00 0.00 0.00 0.00 0.00 0.00 0.74 2.61 4.03 5.39 6.16 6.11 5.52 4.61 2.96 0.93 0.00 0.00 0.00 0.00 0.00
0.00 0.00 0.00 0.00 0.00 0.00 0.00 0.00 0.00 0.92 3.39 5.22 6.91 8.06 8.11 7.44 5.89 3.80 1.23 0.00 0.00 0.00 0.00 0.00
0.00 0.00 0.00 0.00 0.00 0.00 0.00 0.00 0.00 1.40 5.17 7.96 10.53 12.28 12.35 11.34 8.97 5.79 1.88 0.00 0.00 0.00 0.00 0.00
0.00 0.00 0.00 0.00 0.00 0.00 0.00 0.00 0.00 1.13 4.24 6.60 9.02 10.13 10.09 9.08 7.53 4.88 1.63 0.00 0.00 0.00 0.00 0.00
0.00 0.00 0.00 0.00 0.00 0.00 0.00 0.00 0.00 0.49 2.49 4.11 5.69 6.71 6.75 6.31 6.25 4.13 1.54 0.00 0.00 0.00 0.00 0.00
0.00 0.00 0.00 0.00 0.00 0.00 0.00 0.00 0.00 1.27 6.43 10.62 14.69 17.33 17.44 16.29 16.15 10.66 3.98 0.00 0.00 0.00 0.00 0.00
0.00 0.00 0.00 0.00 0.00 0.00 0.00 0.00 0.00 0.37 1.86 3.06 4.20 4.26 4.29 4.00 3.91 2.61 1.03 0.00 0.00 0.00 0.00 0.00
0.00 0.00 0.00 0.00 0.00 0.00 0.00 0.00 0.00 1.62 5.30 8.02 10.55 11.95 12.21 11.36 8.91 5.88 2.22 0.00 0.00 0.00 0.00 0.00
0.00 0.00 0.00 0.00 0.00 0.00 0.00 0.00 0.00 2.36 8.51 13.06 17.70 20.71 21.09 19.14 15.32 10.07 3.62 0.00 0.00 0.00 0.00 0.00
0.00 0.00 0.00 0.00 0.00 0.00 0.00 0.00 0.00 0.42 1.18 1.73 2.19 2.38 2.38 2.16 1.52 0.98 0.32 0.00 0.00 0.00 0.00 0.00
0.00 0.00 0.00 0.00 0.00 0.00 0.00 0.00 0.00 2.38 6.88 10.15 13.27 14.18 14.13 12.77 6.81 4.46 1.63 0.00 0.00 0.00 0.00 0.00
0.00 0.00 0.00 0.00 0.00 0.00 0.00 0.00 0.00 1.68 4.71 6.98 8.97 9.57 9.55 8.62 5.02 3.24 1.13 0.00 0.00 0.00 0.00 0.00
0.00 0.00 0.00 0.00 0.00 0.00 0.00 0.00 0.00 2.31 6.51 9.63 12.38 13.20 13.19 11.90 6.93 4.47 1.56 0.00 0.00 0.00 0.00 0.00
0.00 0.00 0.00 0.00 0.00 0.00 0.00 0.00 0.00 1.58 4.43 6.56 8.43 8.99 8.98 8.10 4.72 3.04 1.06 0.00 0.00 0.00 0.00 0.00
0.00 0.00 0.00 0.00 0.00 0.00 0.00 0.00 0.00 1.27 3.67 5.41 7.08 7.56 7.53 6.81 3.63 2.38 0.87 0.00 0.00 0.00 0.00 0.00
0.00 0.00 0.00 0.00 0.00 0.00 0.00 0.00 0.00 1.33 3.44 5.08 6.38 6.58 6.66 5.97 3.94 2.54 0.86 0.00 0.00 0.00 0.00 0.00
0.00 0.00 0.00 0.00 0.00 0.00 0.00 0.00 0.00 1.25 3.74 5.60 7.27 7.14 7.42 6.88 3.86 2.55 1.05 0.00 0.00 0.00 0.00 0.00
0.00 0.00 0.00 0.00 0.00 0.00 0.00 0.00 0.00 11.25 33.91 51.64 71.88 67.76 70.44 66.82 47.66 31.96 15.47 0.00 0.00 0.00 0.00 0.00
0.00 0.00 0.00 0.00 0.00 0.00 0.00 0.00 0.00 1.49 5.38 8.29 11.28 12.94 13.44 12.64 10.28 6.96 2.94 0.00 0.00 0.00 0.00 0.00
0.00 0.00 0.00 0.00 0.00 0.00 0.00 0.00 0.00 2.45 8.14 12.33 16.78 19.29 19.61 18.35 13.25 8.82 3.56 0.00 0.00 0.00 0.00 0.00
0.00 0.00 0.00 0.00 0.00 0.00 0.00 0.00 0.00 1.12 3.73 5.65 7.69 8.84 8.99 8.41 6.08 4.04 1.63 0.00 0.00 0.00 0.00 0.00
0.00 0.00 0.00 0.00 0.00 0.00 0.00 0.00 0.00 1.85 6.70 10.34 13.97 15.97 16.53 15.54 12.65 8.61 3.62 0.00 0.00 0.00 0.00 0.00
0.00 0.00 0.00 0.00 0.00 0.00 0.00 0.00 0.00 0.81 2.83 4.33 5.82 6.58 6.78 6.33 5.09 3.38 1.35 0.00 0.00 0.00 0.00 0.00
0.00 0.00 0.00 0.00 0.00 0.00 0.00 0.00 0.00 7.03 31.51 50.36 68.36 81.25 87.17 83.12 68.99 49.71 23.44 0.00 0.00 0.00 0.00 0.00
0.00 0.00 0.00 0.00 0.00 0.00 0.00 0.00 0.00 1.38 7.82 13.11 18.33 20.14 20.47 18.87 16.59 11.15 4.56 0.00 0.00 0.00 0.00 0.00
0.00 0.00 0.00 0.00 0.00 0.00 0.00 0.00 0.00 0.32 1.85 3.09 4.30 4.61 4.66 4.30 3.72 2.50 1.04 0.00 0.00 0.00 0.00 0.00
0.00 0.00 0.00 0.00 0.00 0.00 0.00 0.00 0.00 0.53 3.18 5.24 7.25 7.71 7.95 7.36 5.80 3.87 1.65 0.00 0.00 0.00 0.00 0.00
0.00 0.00 0.00 0.00 0.00 0.00 0.00 0.00 0.00 0.85 5.08 8.38 11.60 12.34 12.72 11.77 9.27 6.19 2.64 0.00 0.00 0.00 0.00 0.00
0.00 0.00 0.00 0.00 0.00 0.00 0.00 0.00 0.00 11.35 118.48 204.37 294.49 360.31 376.09 350.09 283.03 190.86 95.37 0.00 0.00 0.00 0.00 0.00
