0.00 0.00 0.00 0.00 0.00 0.00 0.00 0.00 0.11 1.07 2.06 3.10 3.96 3.71 3.86 3.70 2.76 2.13 1.33 0.66 0.00 0.00 0.00 0.00
0.00 0.00 0.00 0.00 0.00 0.00 0.00 0.00 4.20 15.02 34.83 49.62 61.30 70.92 72.37 70.11 59.77 44.56 27.55 5.63 0.00 0.00 0.00 0.00
0.00 0.00 0.00 0.00 0.00 0.00 0.00 0.00 2.46 24.56 47.16 70.81 90.58 84.93 88.15 84.62 63.18 48.76 30.31 15.07 0.00 0.00 0.00 0.00
0.00 0.00 0.00 0.00 0.00 0.00 0.00 0.00 8.74 87.28 167.60 251.66 321.93 301.82 313.29 300.73 224.54 173.29 107.72 53.56 0.00 0.00 0.00 0.00
0.00 0.00 0.00 0.00 0.00 0.00 0.00 0.00 1.37 3.81 6.50 9.53 11.57 12.72 12.71 11.63 9.56 6.95 4.30 0.70 0.00 0.00 0.00 0.00
0.00 0.00 0.00 0.00 0.00 0.00 0.00 0.00 9.27 189.03 312.52 477.24 606.65 627.67 666.96 645.43 707.38 549.57 353.83 161.37 0.00 0.00 0.00 0.00
0.00 0.00 0.00 0.00 0.00 0.00 0.00 0.00 0.74 2.50 4.42 6.34 7.62 8.37 8.32 7.82 6.83 5.15 3.23 0.70 0.00 0.00 0.00 0.00
0.00 0.00 0.00 0.00 0.00 0.00 0.00 0.00 0.31 1.11 2.00 2.87 3.68 4.10 4.16 4.08 3.15 2.35 1.45 0.36 0.00 0.00 0.00 0.00
0.00 0.00 0.00 0.00 0.00 0.00 0.00 0.00 0.50 1.78 3.21 4.60 5.88 6.57 6.66 6.53 5.05 3.76 2.33 0.57 0.00 0.00 0.00 0.00
0.00 0.00 0.00 0.00 0.00 0.00 0.00 0.00 0.50 1.78 3.21 4.60 5.88 6.57 6.66 6.53 5.05 3.76 2.33 0.57 0.00 0.00 0.00 0.00
0.00 0.00 0.00 0.00 0.00 0.00 0.00 0.00 1.06 4.28 7.80 11.44 14.78 15.89 16.43 15.83 10.91 8.36 5.25 1.58 0.00 0.00 0.00 0.00
0.00 0.00 0.00 0.00 0.00 0.00 0.00 0.00 0.51 2.06 3.76 5.54 7.17 7.59 7.65 7.41 4.96 3.80 2.32 0.71 0.00 0.00 0.00 0.00
0.00 0.00 0.00 0.00 0.00 0.00 0.00 0.00 0.66 2.65 4.83 7.12 9.22 9.76 9.84 9.53 6.38 4.88 2.98 0.92 0.00 0.00 0.00 0.00
0.00 0.00 0.00 0.00 0.00 0.00 0.00 0.00 0.44 1.77 3.22 4.75 6.15 6.51 6.56 6.35 4.25 3.25 1.99 0.61 0.00 0.00 0.00 0.00
0.00 0.00 0.00 0.00 0.00 0.00 0.00 0.00 0.44 1.77 3.22 4.75 6.15 6.51 6.56 6.35 4.25 3.25 1.99 0.61 0.00 0.00 0.00 0.00
0.00 0.00 0.00 0.00 0.00 0.00 0.00 0.00 4.69 22.19 35.06 54.18 71.53 58.70 60.74 58.52 50.23 37.99 22.48 7.56 0.00 0.00 0.00 0.00
0.00 0.00 0.00 0.00 0.00 0.00 0.00 0.00 3.39 13.11 23.92 34.98 44.81 50.11 51.19 48.30 38.23 29.47 17.99 4.89 0.00 0.00 0.00 0.00
0.00 0.00 0.00 0.00 0.00 0.00 0.00 0.00 2.86 11.64 21.42 30.81 38.92 43.31 43.86 42.09 35.81 27.37 17.29 4.56 0.00 0.00 0.00 0.00
0.00 0.00 0.00 0.00 0.00 0.00 0.00 0.00 2.73 55.76 92.18 140.77 178.94 185.14 196.73 190.38 208.65 162.10 104.37 47.60 0.00 0.00 0.00 0.00
0.00 0.00 0.00 0.00 0.00 0.00 0.00 0.00 2.60 53.04 87.69 133.90 170.21 176.11 187.13 181.09 198.47 154.19 99.28 45.28 0.00 0.00 0.00 0.00
0.00 0.00 0.00 0.00 0.00 0.00 0.00 0.00 5.00 102.00 168.63 257.50 327.33 338.67 359.87 348.25 381.68 296.53 190.92 87.07 0.00 0.00 0.00 0.00
0.00 0.00 0.00 0.00 0.00 0.00 0.00 0.00 4.92 100.30 165.82 253.21 321.87 333.03 353.87 342.45 375.32 291.59 187.73 85.62 0.00 0.00 0.00 0.00
0.00 0.00 0.00 0.00 0.00 0.00 0.00 0.00 9.62 112.26 195.58 297.81 384.65 299.25 304.55 289.05 227.64 173.57 110.17 77.81 0.00 0.00 0.00 0.00
0.00 0.00 0.00 0.00 0.00 0.00 0.00 0.00 0.31 1.11 2.00 2.87 3.68 4.10 4.16 4.08 3.15 2.35 1.45 0.36 0.00 0.00 0.00 0.00
0.00 0.00 0.00 0.00 0.00 0.00 0.00 0.00 1.59 5.62 10.16 14.56 18.63 20.80 21.07 20.69 15.98 11.90 7.37 1.82 0.00 0.00 0.00 0.00
0.00 0.00 0.00 0.00 0.00 0.00 0.00 0.00 8.14 28.70 51.85 74.32 95.13 106.18 107.59 105.61 81.59 60.75 37.62 9.28 0.00 0.00 0.00 0.00
0.00 0.00 0.00 0.00 0.00 0.00 0.00 0.00 0.19 3.81 6.30 9.61 12.22 12.64 13.44 13.00 14.25 11.07 7.13 3.25 0.00 0.00 0.00 0.00
0.00 0.00 0.00 0.00 0.00 0.00 0.00 0.00 8.60 85.92 164.99 247.73 316.91 297.12 308.41 296.04 221.04 170.58 106.04 52.72 0.00 0.00 0.00 0.00
0.00 0.00 0.00 0.00 0.00 0.00 0.00 0.00 0.96 5.77 10.57 15.75 21.14 26.04 27.13 26.48 21.62 16.94 11.17 3.92 0.00 0.00 0.00 0.00
0.00 0.00 0.00 0.00 0.00 0.00 0.00 0.00 8.35 47.00 89.42 132.06 167.12 180.31 187.62 179.97 134.16 101.82 63.60 20.77 0.00 0.00 0.00 0.00
0.00 0.00 0.00 0.00 0.00 0.00 0.00 0.00 0.14 1.43 2.75 4.13 5.28 4.95 5.14 4.93 3.68 2.84 1.77 0.88 0.00 0.00 0.00 0.00
0.00 0.00 0.00 0.00 0.00 0.00 0.00 0.00 6.45 64.44 123.74 185.80 237.68 222.84 231.30 222.03 165.78 127.94 79.53 39.54 0.00 0.00 0.00 0.00
0.00 0.00 0.00 0.00 0.00 0.00 0.00 0.00 8.28 82.70 158.80 238.44 305.03 285.97 296.84 284.94 212.75 164.19 102.06 50.74 0.00 0.00 0.00 0.00
0.00 0.00 0.00 0.00 0.00 0.00 0.00 0.00 12.69 148.04 257.93 392.74 507.26 394.64 401.63 381.18 300.20 228.89 145.28 102.61 0.00 0.00 0.00 0.00
0.00 0.00 0.00 0.00 0.00 0.00 0.00 0.00 0.74 3.13 5.63 8.34 10.77 11.78 12.08 11.72 8.42 6.39 3.96 1.29 0.00 0.00 0.00 0.00
0.00 0.00 0.00 0.00 0.00 0.00 0.00 0.00 0.96 4.00 7.20 10.43 13.54 14.69 14.98 14.48 10.15 7.72 4.77 1.50 0.00 0.00 0.00 0.00
0.00 0.00 0.00 0.00 0.00 0.00 0.00 0.00 3.97 23.80 43.58 64.97 87.20 107.41 111.92 109.21 89.19 69.89 46.09 16.18 0.00 0.00 0.00 0.00
0.00 0.00 0.00 0.00 0.00 0.00 0.00 0.00 1.31 101.21 188.22 287.69 376.37 329.90 340.59 327.87 314.93 252.66 163.40 83.83 0.00 0.00 0.00 0.00
0.00 0.00 0.00 0.00 0.00 0.00 0.00 0.00 0.28 1.05 1.91 2.83 3.60 3.97 4.10 3.91 3.30 2.52 1.56 0.39 0.00 0.00 0.00 0.00
0.00 0.00 0.00 0.00 0.00 0.00 0.00 0.00 2.90 22.05 42.88 64.78 82.49 75.69 77.80 74.53 44.86 34.13 21.56 9.00 0.00 0.00 0.00 0.00
0.00 0.00 0.00 0.00 0.00 0.00 0.00 0.00 0.00 6.72 12.26 18.53 24.32 28.63 28.98 28.25 27.07 20.99 13.82 6.28 0.17 0.00 0.00 0.00
0.00 0.00 0.00 0.00 0.00 0.00 0.00 0.00 0.89 2.88 5.04 7.28 8.93 9.91 9.77 8.98 7.55 5.75 3.64 0.78 0.00 0.00 0.00 0.00
0.00 0.00 0.00 0.00 0.00 0.00 0.00 0.00 0.44 1.44 2.52 3.64 4.47 4.96 4.88 4.49 3.78 2.88 1.82 0.39 0.00 0.00 0.00 0.00
0.00 0.00 0.00 0.00 0.00 0.00 0.00 0.00 0.97 3.15 5.52 7.96 9.77 10.84 10.69 9.82 8.26 6.29 3.99 0.86 0.00 0.00 0.00 0.00
0.00 0.00 0.00 0.00 0.00 0.00 0.00 0.00 1.17 3.82 6.67 9.75 11.74 12.88 12.75 11.93 10.09 7.72 4.84 1.03 0.00 0.00 0.00 0.00
0.00 0.00 0.00 0.00 0.00 0.00 0.00 0.00 1.78 5.82 10.17 14.85 17.89 19.63 19.43 18.18 15.38 11.76 7.37 1.57 0.00 0.00 0.00 0.00
0.00 0.00 0.00 0.00 0.00 0.00 0.00 0.00 1.48 5.07 9.00 12.94 15.50 16.92 16.96 16.04 13.84 10.63 6.68 1.47 0.00 0.00 0.00 0.00
0.00 0.00 0.00 0.00 0.00 0.00 0.00 0.00 0.87 3.98 7.41 10.70 13.18 14.80 15.41 14.81 12.31 9.36 5.74 1.68 0.00 0.00 0.00 0.00
0.00 0.00 0.00 0.00 0.00 0.00 0.00 0.00 2.24 10.29 19.15 27.65 34.04 38.23 39.81 38.26 31.81 24.19 14.83 4.35 0.00 0.00 0.00 0.00
0.00 0.00 0.00 0.00 0.00 0.00 0.00 0.00 0.53 2.58 4.85 7.11 9.11 9.99 10.28 9.73 7.72 5.86 3.66 1.18 0.00 0.00 0.00 0.00
0.00 0.00 0.00 0.00 0.00 0.00 0.00 0.00 1.41 4.82 8.61 12.53 15.57 17.32 17.81 17.08 14.55 11.09 7.00 1.50 0.00 0.00 0.00 0.00
0.00 0.00 0.00 0.00 0.00 0.00 0.00 0.00 2.63 9.06 15.96 22.61 27.61 30.94 31.35 29.80 26.07 19.80 12.22 2.64 0.00 0.00 0.00 0.00
0.00 0.00 0.00 0.00 0.00 0.00 0.00 0.00 0.42 1.18 2.02 2.89 3.54 3.84 3.82 3.62 3.06 2.27 1.41 0.25 0.00 0.00 0.00 0.00
0.00 0.00 0.00 0.00 0.00 0.00 0.00 0.00 2.01 6.17 10.77 15.61 19.87 21.52 21.70 20.54 16.90 12.69 7.93 1.61 0.00 0.00 0.00 0.00
0.00 0.00 0.00 0.00 0.00 0.00 0.00 0.00 1.47 4.33 7.50 10.68 13.28 14.61 14.39 13.56 11.57 8.59 5.31 0.93 0.00 0.00 0.00 0.00
0.00 0.00 0.00 0.00 0.00 0.00 0.00 0.00 2.03 5.97 10.35 14.74 18.32 20.16 19.86 18.71 15.97 11.86 7.33 1.29 0.00 0.00 0.00 0.00
0.00 0.00 0.00 0.00 0.00 0.00 0.00 0.00 1.38 4.07 7.05 10.04 12.48 13.73 13.53 12.74 10.88 8.08 4.99 0.88 0.00 0.00 0.00 0.00
0.00 0.00 0.00 0.00 0.00 0.00 0.00 0.00 1.07 3.29 5.74 8.33 10.60 11.48 11.57 10.95 9.02 6.77 4.23 0.86 0.00 0.00 0.00 0.00
0.00 0.00 0.00 0.00 0.00 0.00 0.00 0.00 1.21 3.42 5.80 8.30 10.18 11.20 11.31 10.43 8.61 6.34 3.93 0.66 0.00 0.00 0.00 0.00
0.00 0.00 0.00 0.00 0.00 0.00 0.00 0.00 0.90 3.18 5.75 8.24 10.54 11.77 11.92 11.70 9.04 6.73 4.17 1.03 0.00 0.00 0.00 0.00
0.00 0.00 0.00 0.00 0.00 0.00 0.00 0.00 6.11 28.88 45.63 70.52 93.10 76.41 79.06 76.17 65.37 49.44 29.26 9.84 0.00 0.00 0.00 0.00
0.00 0.00 0.00 0.00 0.00 0.00 0.00 0.00 1.20 4.85 8.83 12.97 16.75 18.00 18.62 17.95 12.37 9.48 5.95 1.79 0.00 0.00 0.00 0.00
0.00 0.00 0.00 0.00 0.00 0.00 0.00 0.00 1.99 7.26 13.01 19.23 25.13 27.37 27.34 26.23 19.31 14.70 9.35 2.48 0.00 0.00 0.00 0.00
0.00 0.00 0.00 0.00 0.00 0.00 0.00 0.00 0.91 3.33 5.96 8.82 11.52 12.55 12.53 12.02 8.85 6.74 4.28 1.13 0.00 0.00 0.00 0.00
0.00 0.00 0.00 0.00 0.00 0.00 0.00 0.00 1.49 6.00 10.95 16.04 20.53 22.26 23.13 22.16 15.92 12.24 7.79 2.26 0.00 0.00 0.00 0.00
0.00 0.00 0.00 0.00 0.00 0.00 0.00 0.00 0.69 2.56 4.64 6.87 8.74 9.64 9.95 9.49 8.03 6.11 3.80 0.95 0.00 0.00 0.00 0.00
0.00 0.00 0.00 0.00 0.00 0.00 0.00 0.00 4.11 24.65 45.12 67.27 90.28 111.21 115.88 113.07 92.34 72.36 47.72 16.75 0.00 0.00 0.00 0.00
0.00 0.00 0.00 0.00 0.00 0.00 0.00 0.00 2.00 11.24 21.38 31.58 39.96 43.12 44.87 43.04 32.08 24.35 15.21 4.97 0.00 0.00 0.00 0.00
0.00 0.00 0.00 0.00 0.00 0.00 0.00 0.00 0.43 2.48 4.71 7.05 8.95 9.45 9.74 9.45 6.93 5.19 3.25 0.96 0.00 0.00 0.00 0.00
0.00 0.00 0.00 0.00 0.00 0.00 0.00 0.00 0.55 3.07 5.81 8.60 10.88 12.02 12.38 11.93 9.85 7.47 4.70 1.27 0.00 0.00 0.00 0.00
0.00 0.00 0.00 0.00 0.00 0.00 0.00 0.00 0.88 4.91 9.29 13.77 17.42 19.23 19.81 19.08 15.76 11.95 7.52 2.04 0.00 0.00 0.00 0.00
0.00 0.00 0.00 0.00 0.00 0.00 0.00 0.00 5.08 103.70 171.44 261.80 332.78 344.32 365.87 354.06 388.04 301.47 194.10 88.52 0.00 0.00 0.00 0.00
