0.00 0.00 0.00 0.00 0.00 0.00 0.00 0.00 0.00 0.34 1.41 2.22 2.91 3.25 3.34 2.99 2.37 1.61 0.66 0.00 0.00 0.00 0.00 0.00
0.00 0.00 0.00 0.00 0.00 0.00 0.00 0.00 0.00 11.22 28.18 40.80 50.16 55.53 56.98 50.35 37.95 24.97 8.96 0.00 0.00 0.00 0.00 0.00
0.00 0.00 0.00 0.00 0.00 0.00 0.00 0.00 0.00 7.73 32.31 50.70 66.64 74.32 76.29 68.37 54.11 36.81 14.99 0.00 0.00 0.00 0.00 0.00
0.00 0.00 0.00 0.00 0.00 0.00 0.00 0.00 0.00 27.49 114.82 180.19 236.84 264.12 271.13 242.97 192.32 130.84 53.26 0.00 0.00 0.00 0.00 0.00
0.00 0.00 0.00 0.00 0.00 0.00 0.00 0.00 0.00 2.07 4.91 7.01 8.46 9.26 9.12 7.81 5.83 3.58 0.84 0.00 0.00 0.00 0.00 0.00
0.00 0.00 0.00 0.00 0.00 0.00 0.00 0.00 0.00 58.46 256.45 405.32 532.85 606.96 632.11 578.97 456.66 311.72 138.42 0.00 0.00 0.00 0.00 0.00
0.00 0.00 0.00 0.00 0.00 0.00 0.00 0.00 0.00 0.96 2.79 4.06 5.10 5.59 5.55 4.90 3.46 2.13 0.50 0.00 0.00 0.00 0.00 0.00
0.00 0.00 0.00 0.00 0.00 0.00 0.00 0.00 0.00 0.65 1.67 2.42 2.99 3.29 3.33 2.95 2.25 1.47 0.50 0.00 0.00 0.00 0.00 0.00
0.00 0.00 0.00 0.00 0.00 0.00 0.00 0.00 0.00 1.04 2.66 3.88 4.79 5.27 5.33 4.72 3.59 2.35 0.80 0.00 0.00 0.00 0.00 0.00
0.00 0.00 0.00 0.00 0.00 0.00 0.00 0.00 0.00 1.04 2.66 3.88 4.79 5.27 5.33 4.72 3.59 2.35 0.80 0.00 0.00 0.00 0.00 0.00
0.00 0.00 0.00 0.00 0.00 0.00 0.00 0.00 0.00 2.23 6.18 8.97 11.42 12.68 12.71 11.28 8.87 5.83 2.05 0.00 0.00 0.00 0.00 0.00
0.00 0.00 0.00 0.00 0.00 0.00 0.00 0.00 0.00 1.06 2.91 4.21 5.37 5.98 6.02 5.34 4.11 2.70 0.95 0.00 0.00 0.00 0.00 0.00
0.00 0.00 0.00 0.00 0.00 0.00 0.00 0.00 0.00 1.37 3.74 5.42 6.90 7.69 7.74 6.87 5.29 3.48 1.22 0.00 0.00 0.00 0.00 0.00
0.00 0.00 0.00 0.00 0.00 0.00 0.00 0.00 0.00 0.91 2.49 3.61 4.60 5.13 5.16 4.58 3.52 2.32 0.82 0.00 0.00 0.00 0.00 0.00
0.00 0.00 0.00 0.00 0.00 0.00 0.00 0.00 0.00 0.91 2.49 3.61 4.60 5.13 5.16 4.58 3.52 2.32 0.82 0.00 0.00 0.00 0.00 0.00
0.00 0.00 0.00 0.00 0.00 0.00 0.00 0.00 0.00 12.46 32.60 48.49 61.67 70.01 73.39 65.65 50.24 32.83 13.97 0.00 0.00 0.00 0.00 0.00
0.00 0.00 0.00 0.00 0.00 0.00 0.00 0.00 0.00 6.73 18.50 26.75 34.51 39.11 38.85 33.91 26.10 17.00 5.72 0.00 0.00 0.00 0.00 0.00
0.00 0.00 0.00 0.00 0.00 0.00 0.00 0.00 0.00 5.35 15.28 22.30 27.83 31.44 31.86 27.67 21.73 14.16 4.75 0.00 0.00 0.00 0.00 0.00
0.00 0.00 0.00 0.00 0.00 0.00 0.00 0.00 0.00 17.24 75.64 119.56 157.17 179.03 186.45 170.78 134.70 91.95 40.83 0.00 0.00 0.00 0.00 0.00
0.00 0.00 0.00 0.00 0.00 0.00 0.00 0.00 0.00 16.40 71.95 113.72 149.50 170.30 177.36 162.45 128.13 87.46 38.84 0.00 0.00 0.00 0.00 0.00
0.00 0.00 0.00 0.00 0.00 0.00 0.00 0.00 0.00 31.54 138.37 218.70 287.51 327.50 341.07 312.40 246.40 168.19 74.69 0.00 0.00 0.00 0.00 0.00
0.00 0.00 0.00 0.00 0.00 0.00 0.00 0.00 0.00 31.02 136.07 215.05 282.71 322.04 335.38 307.19 242.29 165.39 73.44 0.00 0.00 0.00 0.00 0.00
0.00 0.00 0.00 0.00 0.00 0.00 0.00 0.00 0.00 30.88 144.27 229.76 304.46 336.94 349.74 312.17 245.67 166.60 66.72 0.00 0.00 0.00 0.00 0.00
0.00 0.00 0.00 0.00 0.00 0.00 0.00 0.00 0.00 0.65 1.67 2.42 2.99 3.29 3.33 2.95 2.25 1.47 0.50 0.00 0.00 0.00 0.00 0.00
0.00 0.00 0.00 0.00 0.00 0.00 0.00 0.00 0.00 3.30 8.44 12.28 15.16 16.68 16.89 14.94 11.38 7.43 2.52 0.00 0.00 0.00 0.00 0.00
0.00 0.00 0.00 0.00 0.00 0.00 0.00 0.00 0.00 16.85 43.07 62.67 77.39 85.15 86.22 76.26 58.10 37.94 12.87 0.00 0.00 0.00 0.00 0.00
0.00 0.00 0.00 0.00 0.00 0.00 0.00 0.00 0.00 1.18 5.17 8.16 10.73 12.23 12.73 11.66 9.20 6.28 2.79 0.00 0.00 0.00 0.00 0.00
0.00 0.00 0.00 0.00 0.00 0.00 0.00 0.00 0.00 27.06 113.04 177.38 233.15 260.00 266.90 239.19 189.32 128.80 52.43 0.00 0.00 0.00 0.00 0.00
0.00 0.00 0.00 0.00 0.00 0.00 0.00 0.00 0.00 2.98 9.38 13.99 17.72 20.05 20.83 18.66 15.00 10.22 4.19 0.00 0.00 0.00 0.00 0.00
0.00 0.00 0.00 0.00 0.00 0.00 0.00 0.00 0.00 14.80 56.78 87.56 113.68 123.67 124.76 111.78 84.98 55.50 18.66 0.00 0.00 0.00 0.00 0.00
0.00 0.00 0.00 0.00 0.00 0.00 0.00 0.00 0.00 0.45 1.88 2.96 3.89 4.33 4.45 3.99 3.16 2.15 0.87 0.00 0.00 0.00 0.00 0.00
0.00 0.00 0.00 0.00 0.00 0.00 0.00 0.00 0.00 20.29 84.78 133.04 174.86 195.00 200.18 179.39 141.99 96.60 39.32 0.00 0.00 0.00 0.00 0.00
0.00 0.00 0.00 0.00 0.00 0.00 0.00 0.00 0.00 26.04 108.80 170.73 224.41 250.25 256.89 230.22 182.22 123.97 50.46 0.00 0.00 0.00 0.00 0.00
0.00 0.00 0.00 0.00 0.00 0.00 0.00 0.00 0.00 40.72 190.25 302.99 401.50 444.33 461.22 411.67 323.98 219.71 87.99 0.00 0.00 0.00 0.00 0.00
0.00 0.00 0.00 0.00 0.00 0.00 0.00 0.00 0.00 1.63 4.51 6.55 8.31 9.33 9.56 8.61 6.58 4.38 1.62 0.00 0.00 0.00 0.00 0.00
0.00 0.00 0.00 0.00 0.00 0.00 0.00 0.00 0.00 2.03 5.59 8.12 10.32 11.60 11.95 10.70 8.21 5.45 2.00 0.00 0.00 0.00 0.00 0.00
0.00 0.00 0.00 0.00 0.00 0.00 0.00 0.00 0.00 12.31 38.69 57.72 73.11 82.72 85.94 76.98 61.88 42.16 17.30 0.00 0.00 0.00 0.00 0.00
0.00 0.00 0.00 0.00 0.00 0.00 0.00 0.00 0.00 13.50 117.68 199.86 270.24 304.12 310.62 276.26 224.52 151.66 59.35 0.00 0.00 0.00 0.00 0.00
0.00 0.00 0.00 0.00 0.00 0.00 0.00 0.00 0.00 0.53 1.45 2.08 2.65 2.96 2.98 2.61 1.97 1.27 0.41 0.00 0.00 0.00 0.00 0.00
0.00 0.00 0.00 0.00 0.00 0.00 0.00 0.00 0.00 6.75 27.62 43.11 56.96 63.80 65.09 57.99 44.72 29.94 11.39 0.00 0.00 0.00 0.00 0.00
0.00 0.00 0.00 0.00 0.00 0.00 0.00 0.00 0.00 1.94 9.25 14.89 19.95 23.21 24.31 22.53 17.79 12.06 5.80 0.00 0.00 0.00 0.00 0.00
0.00 0.00 0.00 0.00 0.00 0.00 0.00 0.00 0.00 1.16 3.30 4.77 5.91 6.44 6.45 5.54 4.25 2.58 0.56 0.00 0.00 0.00 0.00 0.00
0.00 0.00 0.00 0.00 0.00 0.00 0.00 0.00 0.00 0.58 1.65 2.39 2.95 3.22 3.23 2.77 2.12 1.29 0.28 0.00 0.00 0.00 0.00 0.00
0.00 0.00 0.00 0.00 0.00 0.00 0.00 0.00 0.00 1.27 3.60 5.22 6.46 7.05 7.06 6.06 4.65 2.83 0.61 0.00 0.00 0.00 0.00 0.00
0.00 0.00 0.00 0.00 0.00 0.00 0.00 0.00 0.00 1.53 4.27 6.16 7.65 8.44 8.48 7.38 5.58 3.42 0.78 0.00 0.00 0.00 0.00 0.00
0.00 0.00 0.00 0.00 0.00 0.00 0.00 0.00 0.00 2.33 6.50 9.39 11.66 12.86 12.93 11.25 8.51 5.21 1.20 0.00 0.00 0.00 0.00 0.00
0.00 0.00 0.00 0.00 0.00 0.00 0.00 0.00 0.00 1.94 5.65 8.22 10.33 11.54 11.42 10.16 6.94 4.28 1.04 0.00 0.00 0.00 0.00 0.00
0.00 0.00 0.00 0.00 0.00 0.00 0.00 0.00 0.00 1.26 4.51 6.88 8.84 9.89 9.83 8.67 6.51 4.15 1.21 0.00 0.00 0.00 0.00 0.00
0.00 0.00 0.00 0.00 0.00 0.00 0.00 0.00 0.00 3.26 11.66 17.78 22.85 25.54 25.39 22.41 16.83 10.71 3.13 0.00 0.00 0.00 0.00 0.00
0.00 0.00 0.00 0.00 0.00 0.00 0.00 0.00 0.00 0.84 3.02 4.59 6.05 6.73 6.81 5.92 4.59 2.97 0.95 0.00 0.00 0.00 0.00 0.00
0.00 0.00 0.00 0.00 0.00 0.00 0.00 0.00 0.00 2.48 6.49 9.29 11.56 12.72 13.00 11.16 8.52 5.42 1.60 0.00 0.00 0.00 0.00 0.00
0.00 0.00 0.00 0.00 0.00 0.00 0.00 0.00 0.00 3.86 10.53 15.17 18.92 20.98 20.99 18.54 14.04 8.82 2.42 0.00 0.00 0.00 0.00 0.00
0.00 0.00 0.00 0.00 0.00 0.00 0.00 0.00 0.00 0.64 1.54 2.19 2.61 2.78 2.81 2.43 1.81 1.11 0.25 0.00 0.00 0.00 0.00 0.00
0.00 0.00 0.00 0.00 0.00 0.00 0.00 0.00 0.00 3.52 8.69 12.54 15.10 16.31 16.56 14.59 10.74 6.77 1.92 0.00 0.00 0.00 0.00 0.00
0.00 0.00 0.00 0.00 0.00 0.00 0.00 0.00 0.00 2.34 5.67 8.24 10.01 10.89 10.93 9.57 6.96 4.33 1.12 0.00 0.00 0.00 0.00 0.00
0.00 0.00 0.00 0.00 0.00 0.00 0.00 0.00 0.00 3.22 7.82 11.37 13.81 15.03 15.08 13.21 9.61 5.98 1.55 0.00 0.00 0.00 0.00 0.00
0.00 0.00 0.00 0.00 0.00 0.00 0.00 0.00 0.00 2.20 5.33 7.74 9.41 10.23 10.27 9.00 6.55 4.07 1.06 0.00 0.00 0.00 0.00 0.00
0.00 0.00 0.00 0.00 0.00 0.00 0.00 0.00 0.00 1.88 4.64 6.69 8.05 8.70 8.83 7.78 5.73 3.61 1.02 0.00 0.00 0.00 0.00 0.00
0.00 0.00 0.00 0.00 0.00 0.00 0.00 0.00 0.00 1.82 4.28 6.08 7.46 8.36 8.25 7.10 5.26 3.25 0.80 0.00 0.00 0.00 0.00 0.00
0.00 0.00 0.00 0.00 0.00 0.00 0.00 0.00 0.00 1.87 4.77 6.95 8.58 9.44 9.55 8.45 6.44 4.20 1.43 0.00 0.00 0.00 0.00 0.00
0.00 0.00 0.00 0.00 0.00 0.00 0.00 0.00 0.00 16.22 42.43 63.11 80.27 91.12 95.53 85.45 65.39 42.74 18.18 0.00 0.00 0.00 0.00 0.00
0.00 0.00 0.00 0.00 0.00 0.00 0.00 0.00 0.00 2.53 7.01 10.16 12.94 14.37 14.40 12.78 10.05 6.61 2.32 0.00 0.00 0.00 0.00 0.00
0.00 0.00 0.00 0.00 0.00 0.00 0.00 0.00 0.00 3.94 10.36 14.92 19.17 21.22 21.03 18.47 14.22 9.22 3.02 0.00 0.00 0.00 0.00 0.00
0.00 0.00 0.00 0.00 0.00 0.00 0.00 0.00 0.00 1.80 4.75 6.84 8.79 9.73 9.64 8.47 6.52 4.23 1.38 0.00 0.00 0.00 0.00 0.00
0.00 0.00 0.00 0.00 0.00 0.00 0.00 0.00 0.00 3.14 8.69 12.61 16.01 17.80 17.88 15.72 12.45 8.17 2.85 0.00 0.00 0.00 0.00 0.00
0.00 0.00 0.00 0.00 0.00 0.00 0.00 0.00 0.00 1.30 3.51 5.06 6.43 7.20 7.25 6.33 4.79 3.09 1.00 0.00 0.00 0.00 0.00 0.00
0.00 0.00 0.00 0.00 0.00 0.00 0.00 0.00 0.00 12.75 40.06 59.76 75.69 85.65 88.97 79.70 64.07 43.65 17.91 0.00 0.00 0.00 0.00 0.00
0.00 0.00 0.00 0.00 0.00 0.00 0.00 0.00 0.00 3.54 13.58 20.94 27.19 29.57 29.83 26.73 20.32 13.27 4.46 0.00 0.00 0.00 0.00 0.00
0.00 0.00 0.00 0.00 0.00 0.00 0.00 0.00 0.00 0.81 3.03 4.66 6.11 6.75 6.69 6.06 4.64 3.04 1.05 0.00 0.00 0.00 0.00 0.00
0.00 0.00 0.00 0.00 0.00 0.00 0.00 0.00 0.00 1.05 3.71 5.66 7.26 8.29 8.38 7.53 5.81 3.83 1.37 0.00 0.00 0.00 0.00 0.00
0.00 0.00 0.00 0.00 0.00 0.00 0.00 0.00 0.00 1.68 5.94 9.06 11.62 13.26 13.41 12.06 9.29 6.14 2.19 0.00 0.00 0.00 0.00 0.00
0.00 0.00 0.00 0.00 0.00 0.00 0.00 0.00 0.00 32.07 140.68 222.34 292.30 332.96 346.75 317.60 250.50 171.00 75.93 0.00 0.00 0.00 0.00 0.00
