0.00 0.00 0.00 0.00 0.00 0.00 0.00 0.07 1.01 1.92 3.03 3.97 4.62 5.08 5.24 5.05 4.59 3.79 2.72 1.59 0.71 0.00 0.00 0.00
0.00 0.00 0.00 0.00 0.00 0.00 0.00 3.26 20.17 36.26 54.02 69.92 80.92 91.21 92.80 88.35 57.62 45.58 30.91 16.06 4.38 0.00 0.00 0.00
0.00 0.00 0.00 0.00 0.00 0.00 0.00 1.66 23.07 43.91 69.30 90.72 105.63 116.26 119.85 115.54 104.95 86.66 62.22 36.36 16.20 0.00 0.00 0.00
0.00 0.00 0.00 0.00 0.00 0.00 0.00 5.89 81.98 156.04 246.28 322.41 375.42 413.18 425.94 410.61 373.00 307.98 221.14 129.24 57.58 0.00 0.00 0.00
0.00 0.00 0.00 0.00 0.00 0.00 0.00 1.20 4.10 6.80 9.29 11.65 13.22 12.91 12.95 12.21 12.30 9.61 6.32 2.89 0.64 0.00 0.00 0.00
0.00 0.00 0.00 0.00 0.00 0.00 0.00 0.00 165.89 330.21 523.35 689.50 806.48 895.02 924.42 912.41 852.93 705.42 516.15 304.34 137.88 0.00 0.00 0.00
0.00 0.00 0.00 0.00 0.00 0.00 0.00 0.75 2.62 4.38 6.37 8.00 9.15 9.58 9.56 9.15 8.37 6.75 4.68 2.32 0.81 0.00 0.00 0.00
0.00 0.00 0.00 0.00 0.00 0.00 0.00 0.23 1.21 2.14 3.21 4.18 4.83 4.86 4.90 4.64 4.51 3.64 2.47 1.16 0.34 0.00 0.00 0.00
0.00 0.00 0.00 0.00 0.00 0.00 0.00 0.37 1.94 3.42 5.14 6.69 7.73 7.77 7.84 7.43 7.21 5.82 3.95 1.85 0.54 0.00 0.00 0.00
0.00 0.00 0.00 0.00 0.00 0.00 0.00 0.37 1.94 3.42 5.14 6.69 7.73 7.77 7.84 7.43 7.21 5.82 3.95 1.85 0.54 0.00 0.00 0.00
0.00 0.00 0.00 0.00 0.00 0.00 0.00 0.78 4.56 8.15 12.65 16.78 19.46 21.27 21.47 20.37 18.21 14.44 9.88 5.09 1.72 0.00 0.00 0.00
0.00 0.00 0.00 0.00 0.00 0.00 0.00 0.36 2.14 3.82 5.97 7.85 9.11 10.04 10.20 9.68 8.60 6.83 4.64 2.39 0.80 0.00 0.00 0.00
0.00 0.00 0.00 0.00 0.00 0.00 0.00 0.47 2.75 4.91 7.68 10.10 11.71 12.90 13.11 12.44 11.05 8.78 5.97 3.07 1.03 0.00 0.00 0.00
0.00 0.00 0.00 0.00 0.00 0.00 0.00 0.31 1.83 3.27 5.12 6.73 7.81 8.60 8.74 8.29 7.37 5.85 3.98 2.05 0.68 0.00 0.00 0.00
0.00 0.00 0.00 0.00 0.00 0.00 0.00 0.31 1.83 3.27 5.12 6.73 7.81 8.60 8.74 8.29 7.37 5.85 3.98 2.05 0.68 0.00 0.00 0.00
0.00 0.00 0.00 0.00 0.00 0.00 0.00 0.84 22.12 42.51 66.86 86.68 100.68 113.08 114.65 109.14 101.08 78.83 54.59 27.17 8.53 0.00 0.00 0.00
0.00 0.00 0.00 0.00 0.00 0.00 0.00 2.73 14.26 25.18 38.86 51.10 59.87 64.40 63.85 59.71 52.67 41.86 28.75 14.79 4.93 0.00 0.00 0.00
0.00 0.00 0.00 0.00 0.00 0.00 0.00 2.41 12.62 22.28 32.86 42.74 50.07 53.89 53.49 49.73 45.51 36.40 24.92 12.96 4.57 0.00 0.00 0.00
0.00 0.00 0.00 0.00 0.00 0.00 0.00 0.00 48.93 97.40 154.37 203.38 237.88 264.00 272.67 269.13 251.58 208.07 152.24 89.77 40.67 0.00 0.00 0.00
0.00 0.00 0.00 0.00 0.00 0.00 0.00 0.00 46.54 92.65 146.84 193.46 226.28 251.12 259.37 256.00 239.31 197.92 144.82 85.39 38.68 0.00 0.00 0.00
0.00 0.00 0.00 0.00 0.00 0.00 0.00 0.00 89.51 178.17 282.38 372.03 435.15 482.92 498.79 492.31 460.21 380.62 278.50 164.21 74.39 0.00 0.00 0.00
0.00 0.00 0.00 0.00 0.00 0.00 0.00 0.00 88.02 175.20 277.68 365.83 427.90 474.87 490.48 484.10 452.54 374.28 273.85 161.48 73.15 0.00 0.00 0.00
0.00 0.00 0.00 0.00 0.00 0.00 0.00 8.93 106.62 201.75 316.72 418.32 492.55 532.19 547.77 531.01 484.58 399.28 290.14 167.68 77.24 0.00 0.00 0.00
0.00 0.00 0.00 0.00 0.00 0.00 0.00 0.23 1.21 2.14 3.21 4.18 4.83 4.86 4.90 4.64 4.51 3.64 2.47 1.16 0.34 0.00 0.00 0.00
0.00 0.00 0.00 0.00 0.00 0.00 0.00 1.17 6.14 10.82 16.27 21.18 24.47 24.60 24.82 23.53 22.83 18.43 12.49 5.87 1.70 0.00 0.00 0.00
0.00 0.00 0.00 0.00 0.00 0.00 0.00 5.96 31.33 55.24 83.08 108.12 124.91 125.60 126.72 120.11 116.56 94.07 63.78 29.95 8.69 0.00 0.00 0.00
0.00 0.00 0.00 0.00 0.00 0.00 0.00 0.00 3.34 6.65 10.54 13.89 16.25 18.03 18.62 18.38 17.18 14.21 10.40 6.13 2.78 0.00 0.00 0.00
0.00 0.00 0.00 0.00 0.00 0.00 0.00 5.80 80.70 153.61 242.45 317.39 369.57 406.74 419.30 404.21 367.18 303.18 217.70 127.22 56.69 0.00 0.00 0.00
0.00 0.00 0.00 0.00 0.00 0.00 0.00 0.43 6.15 11.64 18.41 25.16 30.23 33.13 33.19 31.62 28.90 23.40 16.24 9.73 3.75 0.00 0.00 0.00
0.00 0.00 0.00 0.00 0.00 0.00 0.00 8.45 45.66 81.51 126.61 164.34 191.01 201.87 204.68 192.98 176.87 145.63 104.58 58.09 24.92 0.00 0.00 0.00
0.00 0.00 0.00 0.00 0.00 0.00 0.00 0.10 1.34 2.56 4.04 5.29 6.16 6.78 6.99 6.74 6.12 5.05 3.63 2.12 0.94 0.00 0.00 0.00
0.00 0.00 0.00 0.00 0.00 0.00 0.00 4.35 60.52 115.21 181.83 238.04 277.18 305.06 314.47 303.16 275.39 227.39 163.27 95.42 42.51 0.00 0.00 0.00
0.00 0.00 0.00 0.00 0.00 0.00 0.00 5.58 77.67 147.85 233.35 305.49 355.71 391.49 403.57 389.05 353.41 291.81 209.53 122.45 54.56 0.00 0.00 0.00
0.00 0.00 0.00 0.00 0.00 0.00 0.00 11.78 140.61 266.06 417.67 551.66 649.54 701.82 722.37 700.27 639.04 526.55 382.62 221.13 101.87 0.00 0.00 0.00
0.00 0.00 0.00 0.00 0.00 0.00 0.00 0.46 3.24 5.87 9.32 12.20 14.37 15.78 15.88 14.80 13.62 10.90 7.47 3.84 1.30 0.00 0.00 0.00
0.00 0.00 0.00 0.00 0.00 0.00 0.00 0.61 4.07 7.35 11.73 15.40 17.94 19.75 19.89 18.67 16.91 13.50 9.30 4.80 1.62 0.00 0.00 0.00
0.00 0.00 0.00 0.00 0.00 0.00 0.00 1.79 25.35 48.00 75.96 103.78 124.68 136.67 136.93 130.43 119.21 96.52 66.99 40.13 15.46 0.00 0.00 0.00
0.00 0.00 0.00 0.00 0.00 0.00 0.00 10.19 105.64 198.62 303.27 408.06 490.10 540.89 552.61 528.11 483.17 400.17 289.86 175.09 88.94 0.82 0.00 0.00
0.00 0.00 0.00 0.00 0.00 0.00 0.00 0.24 1.17 2.05 3.06 4.01 4.68 5.00 4.98 4.61 3.88 3.09 2.12 1.08 0.35 0.00 0.00 0.00
0.00 0.00 0.00 0.00 0.00 0.00 0.00 2.60 21.63 40.09 62.09 81.71 94.63 101.60 103.45 98.76 90.95 75.16 53.60 30.73 13.51 0.00 0.00 0.00
0.00 0.00 0.00 0.00 0.00 0.00 0.00 0.00 5.39 11.35 18.20 24.63 29.19 31.99 32.73 31.64 29.06 24.05 17.59 10.69 5.00 0.00 0.00 0.00
0.00 0.00 0.00 0.00 0.00 0.00 0.00 0.92 3.03 5.03 7.31 9.24 10.43 11.07 10.92 10.40 9.47 7.52 5.26 2.58 0.88 0.00 0.00 0.00
0.00 0.00 0.00 0.00 0.00 0.00 0.00 0.46 1.52 2.52 3.65 4.62 5.22 5.53 5.46 5.20 4.74 3.76 2.63 1.29 0.44 0.00 0.00 0.00
0.00 0.00 0.00 0.00 0.00 0.00 0.00 1.00 3.32 5.51 7.99 10.10 11.41 12.11 11.94 11.38 10.36 8.22 5.75 2.82 0.96 0.00 0.00 0.00
0.00 0.00 0.00 0.00 0.00 0.00 0.00 1.19 4.05 6.74 9.71 12.29 13.98 14.62 14.38 13.70 12.49 10.05 6.95 3.36 1.13 0.00 0.00 0.00
0.00 0.00 0.00 0.00 0.00 0.00 0.00 1.81 6.17 10.28 14.79 18.72 21.31 22.29 21.91 20.87 19.03 15.32 10.59 5.13 1.72 0.00 0.00 0.00
0.00 0.00 0.00 0.00 0.00 0.00 0.00 1.51 5.36 9.00 13.06 16.27 18.66 19.59 19.62 18.62 16.97 13.49 9.46 4.76 1.66 0.00 0.00 0.00
0.00 0.00 0.00 0.00 0.00 0.00 0.00 0.90 3.86 6.68 10.13 13.29 15.45 16.38 16.35 15.60 14.13 11.41 8.09 4.58 1.90 0.00 0.00 0.00
0.00 0.00 0.00 0.00 0.00 0.00 0.00 2.34 9.96 17.27 26.17 34.34 39.92 42.30 42.23 40.31 36.51 29.48 20.89 11.83 4.92 0.00 0.00 0.00
0.00 0.00 0.00 0.00 0.00 0.00 0.00 0.53 2.59 4.57 7.04 9.14 10.62 11.20 11.11 10.48 9.64 7.77 5.53 3.14 1.30 0.00 0.00 0.00
0.00 0.00 0.00 0.00 0.00 0.00 0.00 1.26 5.31 9.12 13.64 17.65 20.27 20.88 20.79 19.46 14.69 11.85 8.16 4.09 1.27 0.00 0.00 0.00
0.00 0.00 0.00 0.00 0.00 0.00 0.00 2.44 9.51 16.17 23.67 30.26 34.69 36.75 37.13 34.77 31.27 24.72 16.91 7.37 2.43 0.00 0.00 0.00
0.00 0.00 0.00 0.00 0.00 0.00 0.00 0.39 1.31 2.17 2.78 3.46 3.86 3.52 3.49 3.25 3.39 2.67 1.82 1.01 0.24 0.00 0.00 0.00
0.00 0.00 0.00 0.00 0.00 0.00 0.00 1.74 6.87 11.67 15.98 20.30 22.91 23.03 22.77 21.49 22.28 17.95 12.29 5.87 1.52 0.00 0.00 0.00
0.00 0.00 0.00 0.00 0.00 0.00 0.00 1.31 4.80 8.06 11.10 13.95 15.62 15.80 15.49 14.91 13.88 11.09 7.55 3.84 0.94 0.00 0.00 0.00
0.00 0.00 0.00 0.00 0.00 0.00 0.00 1.81 6.62 11.12 15.32 19.25 21.56 21.81 21.37 20.58 19.16 15.31 10.42 5.30 1.30 0.00 0.00 0.00
0.00 0.00 0.00 0.00 0.00 0.00 0.00 1.23 4.51 7.57 10.43 13.11 14.68 14.86 14.56 14.02 13.05 10.43 7.10 3.61 0.88 0.00 0.00 0.00
0.00 0.00 0.00 0.00 0.00 0.00 0.00 0.93 3.67 6.22 8.52 10.82 12.22 12.28 12.14 11.46 11.88 9.57 6.56 3.13 0.81 0.00 0.00 0.00
0.00 0.00 0.00 0.00 0.00 0.00 0.00 1.02 3.56 5.95 8.47 10.63 12.00 12.77 12.86 12.25 11.20 8.82 5.82 2.73 0.62 0.00 0.00 0.00
0.00 0.00 0.00 0.00 0.00 0.00 0.00 0.66 3.47 6.12 9.21 11.98 13.84 13.92 14.04 13.31 12.92 10.42 7.07 3.32 0.96 0.00 0.00 0.00
0.00 0.00 0.00 0.00 0.00 0.00 0.00 1.10 28.80 55.33 87.02 112.82 131.05 147.18 149.23 142.06 131.56 102.61 71.06 35.36 11.10 0.00 0.00 0.00
0.00 0.00 0.00 0.00 0.00 0.00 0.00 0.88 5.17 9.24 14.34 19.02 22.06 24.11 24.33 23.08 20.63 16.36 11.20 5.77 1.95 0.00 0.00 0.00
0.00 0.00 0.00 0.00 0.00 0.00 0.00 1.64 8.07 14.10 21.13 27.50 32.08 34.42 34.21 32.10 29.55 23.18 15.84 7.76 2.47 0.00 0.00 0.00
0.00 0.00 0.00 0.00 0.00 0.00 0.00 0.75 3.70 6.46 9.68 12.61 14.70 15.78 15.68 14.71 13.54 10.63 7.26 3.55 1.13 0.00 0.00 0.00
0.00 0.00 0.00 0.00 0.00 0.00 0.00 1.13 6.50 11.60 17.81 23.59 27.42 29.74 29.96 28.35 25.45 20.22 13.82 7.09 2.40 0.00 0.00 0.00
0.00 0.00 0.00 0.00 0.00 0.00 0.00 0.59 2.85 4.98 7.43 9.75 11.36 12.15 12.09 11.20 9.43 7.49 5.15 2.61 0.85 0.00 0.00 0.00
0.00 0.00 0.00 0.00 0.00 0.00 0.00 1.86 26.24 49.69 78.64 107.45 129.09 141.51 141.77 135.04 123.42 99.93 69.36 41.55 16.01 0.00 0.00 0.00
0.00 0.00 0.00 0.00 0.00 0.00 0.00 2.02 10.92 19.49 30.28 39.30 45.68 48.27 48.95 46.15 42.30 34.82 25.01 13.89 5.96 0.00 0.00 0.00
0.00 0.00 0.00 0.00 0.00 0.00 0.00 0.43 2.47 4.44 6.86 8.89 10.36 10.99 11.08 10.43 9.39 7.62 5.47 3.21 1.37 0.00 0.00 0.00
0.00 0.00 0.00 0.00 0.00 0.00 0.00 0.51 3.20 5.78 8.66 11.23 12.96 13.70 13.70 13.06 11.97 9.86 7.10 4.26 1.77 0.00 0.00 0.00
0.00 0.00 0.00 0.00 0.00 0.00 0.00 0.82 5.12 9.26 13.86 17.97 20.73 21.92 21.92 20.90 19.15 15.77 11.37 6.81 2.83 0.00 0.00 0.00
0.00 0.00 0.00 0.00 0.00 0.00 0.00 0.00 91.00 181.14 287.09 378.23 442.40 490.97 507.10 500.51 467.88 386.97 283.14 166.95 75.63 0.00 0.00 0.00
