0.00 0.00 0.00 0.00 0.00 0.00 0.00 0.25 1.14 1.99 2.93 3.85 4.63 5.15 5.31 5.01 4.46 3.63 2.63 1.63 0.75 0.00 0.00 0.00
0.00 0.00 0.00 0.00 0.00 0.00 0.00 5.53 20.43 34.56 52.90 68.40 79.78 90.81 90.71 84.40 70.38 55.82 37.42 16.00 4.54 0.00 0.00 0.00
0.00 0.00 0.00 0.00 0.00 0.00 0.00 5.63 26.07 45.55 66.92 87.93 105.97 117.82 121.40 114.46 101.97 83.09 60.24 37.38 17.15 0.00 0.00 0.00
0.00 0.00 0.00 0.00 0.00 0.00 0.00 20.01 92.67 161.87 237.83 312.51 376.62 418.74 431.45 406.80 362.39 295.28 214.08 132.86 60.96 0.00 0.00 0.00
0.00 0.00 0.00 0.00 0.00 0.00 0.00 1.56 4.13 6.88 9.97 12.59 14.31 15.97 15.89 14.34 12.11 9.53 6.41 2.76 0.66 0.00 0.00 0.00
0.00 0.00 0.00 0.00 0.00 0.00 0.00 30.16 197.97 358.38 534.87 708.25 852.34 923.45 948.15 902.93 829.83 676.89 481.79 287.86 133.89 0.00 0.00 0.00
0.00 0.00 0.00 0.00 0.00 0.00 0.00 0.93 2.49 4.12 6.02 7.72 8.88 9.37 9.43 8.79 8.02 6.41 4.43 2.22 0.81 0.00 0.00 0.00
0.00 0.00 0.00 0.00 0.00 0.00 0.00 0.40 1.36 2.25 3.32 4.23 4.84 5.68 5.80 5.46 4.62 3.61 2.47 1.15 0.35 0.00 0.00 0.00
0.00 0.00 0.00 0.00 0.00 0.00 0.00 0.64 2.17 3.60 5.31 6.77 7.75 9.09 9.29 8.74 7.39 5.78 3.95 1.84 0.56 0.00 0.00 0.00
0.00 0.00 0.00 0.00 0.00 0.00 0.00 0.64 2.17 3.60 5.31 6.77 7.75 9.09 9.29 8.74 7.39 5.78 3.95 1.84 0.56 0.00 0.00 0.00
0.00 0.00 0.00 0.00 0.00 0.00 0.00 1.27 4.49 7.53 11.70 15.75 18.70 21.09 21.08 19.97 18.64 15.11 10.55 5.34 1.86 0.00 0.00 0.00
0.00 0.00 0.00 0.00 0.00 0.00 0.00 0.61 2.15 3.60 5.56 7.47 8.86 10.21 10.30 9.70 8.91 7.17 4.98 2.50 0.86 0.00 0.00 0.00
0.00 0.00 0.00 0.00 0.00 0.00 0.00 0.78 2.76 4.63 7.15 9.60 11.39 13.12 13.24 12.47 11.46 9.22 6.40 3.21 1.11 0.00 0.00 0.00
0.00 0.00 0.00 0.00 0.00 0.00 0.00 0.52 1.84 3.09 4.76 6.40 7.59 8.75 8.83 8.31 7.64 6.14 4.27 2.14 0.74 0.00 0.00 0.00
0.00 0.00 0.00 0.00 0.00 0.00 0.00 0.52 1.84 3.09 4.76 6.40 7.59 8.75 8.83 8.31 7.64 6.14 4.27 2.14 0.74 0.00 0.00 0.00
0.00 0.00 0.00 0.00 0.00 0.00 0.00 4.03 22.86 40.66 64.89 84.79 96.68 110.25 112.33 107.19 97.22 76.83 52.43 25.54 8.15 0.00 0.00 0.00
0.00 0.00 0.00 0.00 0.00 0.00 0.00 4.26 14.28 23.76 36.15 47.85 57.04 63.07 63.69 59.75 55.80 44.99 31.86 15.97 5.51 0.00 0.00 0.00
0.00 0.00 0.00 0.00 0.00 0.00 0.00 3.84 12.81 21.30 30.97 39.52 46.49 51.58 52.18 49.79 45.94 36.61 25.42 13.42 4.89 0.00 0.00 0.00
0.00 0.00 0.00 0.00 0.00 0.00 0.00 8.90 58.39 105.71 157.77 208.91 251.41 272.38 279.67 266.33 244.77 199.66 142.11 84.91 39.49 0.00 0.00 0.00
0.00 0.00 0.00 0.00 0.00 0.00 0.00 8.46 55.55 100.55 150.07 198.72 239.14 259.10 266.03 253.34 232.83 189.92 135.18 80.77 37.57 0.00 0.00 0.00
0.00 0.00 0.00 0.00 0.00 0.00 0.00 16.28 106.82 193.37 288.60 382.15 459.89 498.26 511.59 487.19 447.75 365.23 259.96 155.32 72.24 0.00 0.00 0.00
0.00 0.00 0.00 0.00 0.00 0.00 0.00 16.00 105.04 190.15 283.79 375.78 452.23 489.96 503.06 479.07 440.29 359.14 255.63 152.73 71.04 0.00 0.00 0.00
0.00 0.00 0.00 0.00 0.00 0.00 0.00 28.30 125.06 217.66 312.98 411.88 495.98 532.38 544.36 534.91 487.98 395.41 288.09 178.07 84.41 0.00 0.00 0.00
0.00 0.00 0.00 0.00 0.00 0.00 0.00 0.40 1.36 2.25 3.32 4.23 4.84 5.68 5.80 5.46 4.62 3.61 2.47 1.15 0.35 0.00 0.00 0.00
0.00 0.00 0.00 0.00 0.00 0.00 0.00 2.03 6.87 11.40 16.82 21.42 24.54 28.77 29.41 27.66 23.41 18.31 12.49 5.82 1.76 0.00 0.00 0.00
0.00 0.00 0.00 0.00 0.00 0.00 0.00 10.37 35.07 58.18 85.88 109.37 125.29 146.90 150.13 141.22 119.50 93.50 63.79 29.72 9.01 0.00 0.00 0.00
0.00 0.00 0.00 0.00 0.00 0.00 0.00 0.61 3.99 7.22 10.77 14.27 17.17 18.60 19.10 18.19 16.72 13.64 9.71 5.80 2.70 0.00 0.00 0.00
0.00 0.00 0.00 0.00 0.00 0.00 0.00 19.70 91.22 159.35 234.12 307.64 370.75 412.21 424.72 400.46 356.74 290.68 210.74 130.79 60.01 0.00 0.00 0.00
0.00 0.00 0.00 0.00 0.00 0.00 0.00 1.18 5.67 9.97 15.13 21.00 26.57 30.33 31.16 30.15 27.60 22.31 15.64 9.12 3.59 0.00 0.00 0.00
0.00 0.00 0.00 0.00 0.00 0.00 0.00 14.82 49.23 82.04 121.80 155.41 180.98 200.58 209.04 198.25 172.45 140.98 101.35 60.57 26.85 0.00 0.00 0.00
0.00 0.00 0.00 0.00 0.00 0.00 0.00 0.33 1.52 2.66 3.90 5.13 6.18 6.87 7.08 6.67 5.95 4.84 3.51 2.18 1.00 0.00 0.00 0.00
0.00 0.00 0.00 0.00 0.00 0.00 0.00 14.77 68.42 119.51 175.59 230.73 278.07 309.16 318.54 300.34 267.55 218.01 158.06 98.09 45.01 0.00 0.00 0.00
0.00 0.00 0.00 0.00 0.00 0.00 0.00 18.96 87.80 153.37 225.34 296.10 356.85 396.75 408.79 385.44 343.36 279.78 202.84 125.89 57.76 0.00 0.00 0.00
0.00 0.00 0.00 0.00 0.00 0.00 0.00 37.32 164.92 287.04 412.74 543.17 654.07 702.08 717.87 705.42 643.53 521.45 379.92 234.82 111.32 0.00 0.00 0.00
0.00 0.00 0.00 0.00 0.00 0.00 0.00 0.86 3.30 5.59 8.71 11.47 13.59 15.85 15.95 15.12 14.06 11.08 7.74 3.95 1.37 0.00 0.00 0.00
0.00 0.00 0.00 0.00 0.00 0.00 0.00 1.11 4.19 7.10 10.93 14.30 17.07 19.82 20.03 19.08 17.54 13.76 9.75 4.95 1.72 0.00 0.00 0.00
0.00 0.00 0.00 0.00 0.00 0.00 0.00 4.85 23.39 41.13 62.43 86.62 109.61 125.13 128.55 124.37 113.84 92.01 64.52 37.62 14.83 0.00 0.00 0.00
0.00 0.00 0.00 0.00 0.00 0.00 0.00 31.13 129.02 223.61 334.32 432.39 513.11 546.95 558.72 524.38 475.27 386.63 285.26 179.96 93.80 6.00 0.00 0.00
0.00 0.00 0.00 0.00 0.00 0.00 0.00 0.37 1.17 1.94 2.96 3.87 4.55 5.01 5.03 4.76 4.37 3.51 2.48 1.22 0.41 0.00 0.00 0.00
0.00 0.00 0.00 0.00 0.00 0.00 0.00 6.18 24.53 42.05 61.31 78.75 93.34 101.94 102.96 97.07 86.47 70.55 52.11 32.89 14.93 0.00 0.00 0.00
0.00 0.00 0.00 0.00 0.00 0.00 0.00 0.49 6.93 13.16 19.42 25.99 31.33 33.65 34.20 31.50 28.79 23.10 16.64 10.04 4.78 0.00 0.00 0.00
0.00 0.00 0.00 0.00 0.00 0.00 0.00 1.13 2.93 4.84 7.00 8.90 10.22 10.92 10.89 10.22 9.44 7.45 5.10 2.51 0.89 0.00 0.00 0.00
0.00 0.00 0.00 0.00 0.00 0.00 0.00 0.57 1.46 2.42 3.50 4.45 5.11 5.46 5.45 5.11 4.72 3.72 2.55 1.26 0.45 0.00 0.00 0.00
0.00 0.00 0.00 0.00 0.00 0.00 0.00 1.24 3.20 5.30 7.65 9.73 11.18 11.95 11.91 11.18 10.32 8.15 5.58 2.75 0.98 0.00 0.00 0.00
0.00 0.00 0.00 0.00 0.00 0.00 0.00 1.42 3.73 6.18 9.31 11.68 13.46 14.43 14.44 13.52 12.52 9.82 6.82 3.32 1.17 0.00 0.00 0.00
0.00 0.00 0.00 0.00 0.00 0.00 0.00 2.16 5.69 9.41 14.18 17.80 20.51 21.99 22.00 20.60 19.08 14.97 10.40 5.05 1.78 0.00 0.00 0.00
0.00 0.00 0.00 0.00 0.00 0.00 0.00 1.86 5.01 8.27 12.15 15.72 17.89 19.03 19.04 17.84 16.37 13.15 9.01 4.57 1.66 0.00 0.00 0.00
0.00 0.00 0.00 0.00 0.00 0.00 0.00 1.41 4.16 6.78 9.15 11.49 13.29 15.13 15.72 15.32 13.85 11.04 7.83 4.70 2.02 0.00 0.00 0.00
0.00 0.00 0.00 0.00 0.00 0.00 0.00 3.64 10.75 17.52 23.63 29.69 34.33 39.09 40.62 39.57 35.78 28.52 20.22 12.14 5.21 0.00 0.00 0.00
0.00 0.00 0.00 0.00 0.00 0.00 0.00 0.86 2.72 4.50 6.60 8.41 9.81 10.74 10.94 10.51 9.45 7.64 5.37 3.17 1.35 0.00 0.00 0.00
0.00 0.00 0.00 0.00 0.00 0.00 0.00 1.79 5.37 8.81 12.98 17.25 20.08 22.36 22.69 21.03 19.53 15.56 10.89 5.15 1.68 0.00 0.00 0.00
0.00 0.00 0.00 0.00 0.00 0.00 0.00 3.33 9.50 15.55 22.06 28.39 33.75 36.78 37.46 35.14 32.87 26.02 17.78 8.60 2.96 0.00 0.00 0.00
0.00 0.00 0.00 0.00 0.00 0.00 0.00 0.52 1.36 2.19 3.04 3.83 4.29 5.02 4.92 4.57 4.04 3.19 2.12 0.94 0.24 0.00 0.00 0.00
0.00 0.00 0.00 0.00 0.00 0.00 0.00 2.62 7.60 12.47 17.67 21.94 24.66 29.04 29.29 27.13 23.25 17.98 11.94 5.41 1.48 0.00 0.00 0.00
0.00 0.00 0.00 0.00 0.00 0.00 0.00 1.89 5.23 8.57 12.00 15.04 16.49 18.87 18.44 17.34 15.19 11.80 7.95 3.55 0.93 0.00 0.00 0.00
0.00 0.00 0.00 0.00 0.00 0.00 0.00 2.61 7.22 11.82 16.56 20.75 22.75 26.04 25.44 23.92 20.96 16.29 10.97 4.90 1.28 0.00 0.00 0.00
0.00 0.00 0.00 0.00 0.00 0.00 0.00 1.78 4.92 8.05 11.28 14.14 15.50 17.74 17.33 16.30 14.28 11.09 7.48 3.34 0.87 0.00 0.00 0.00
0.00 0.00 0.00 0.00 0.00 0.00 0.00 1.40 4.05 6.65 9.43 11.70 13.15 15.49 15.62 14.47 12.40 9.59 6.37 2.89 0.79 0.00 0.00 0.00
0.00 0.00 0.00 0.00 0.00 0.00 0.00 1.39 3.77 6.20 8.97 11.21 12.56 13.91 13.91 12.85 10.95 8.64 5.97 2.59 0.63 0.00 0.00 0.00
0.00 0.00 0.00 0.00 0.00 0.00 0.00 1.15 3.89 6.45 9.52 12.12 13.89 16.28 16.64 15.65 13.24 10.36 7.07 3.29 1.00 0.00 0.00 0.00
0.00 0.00 0.00 0.00 0.00 0.00 0.00 5.25 29.76 52.92 84.46 110.37 125.84 143.49 146.20 139.52 126.54 100.00 68.24 33.24 10.61 0.00 0.00 0.00
0.00 0.00 0.00 0.00 0.00 0.00 0.00 1.44 5.08 8.53 13.27 17.85 21.19 23.90 23.89 22.64 21.12 17.13 11.96 6.06 2.11 0.00 0.00 0.00
0.00 0.00 0.00 0.00 0.00 0.00 0.00 2.44 7.94 13.07 20.28 26.70 31.88 36.20 36.85 34.38 31.05 24.89 17.41 8.29 2.74 0.00 0.00 0.00
0.00 0.00 0.00 0.00 0.00 0.00 0.00 1.12 3.64 5.99 9.29 12.24 14.61 16.59 16.89 15.76 14.23 11.41 7.98 3.80 1.26 0.00 0.00 0.00
0.00 0.00 0.00 0.00 0.00 0.00 0.00 1.80 6.32 10.61 16.41 22.00 26.18 29.20 29.01 27.47 25.74 20.78 14.67 7.44 2.60 0.00 0.00 0.00
0.00 0.00 0.00 0.00 0.00 0.00 0.00 0.89 2.85 4.70 7.20 9.41 11.04 12.18 12.22 11.56 10.62 8.53 6.02 2.95 1.00 0.00 0.00 0.00
0.00 0.00 0.00 0.00 0.00 0.00 0.00 5.02 24.22 42.58 64.63 89.69 113.48 129.55 133.10 128.77 117.87 95.27 66.80 38.95 15.35 0.00 0.00 0.00
0.00 0.00 0.00 0.00 0.00 0.00 0.00 3.54 11.77 19.62 29.13 37.16 43.28 47.97 49.99 47.41 41.24 33.71 24.24 14.48 6.42 0.00 0.00 0.00
0.00 0.00 0.00 0.00 0.00 0.00 0.00 0.76 2.63 4.41 6.62 8.44 9.92 10.72 10.88 10.34 9.28 7.54 5.36 3.33 1.46 0.00 0.00 0.00
0.00 0.00 0.00 0.00 0.00 0.00 0.00 0.89 3.19 5.38 7.86 10.06 11.80 13.09 13.47 13.08 11.96 9.48 6.77 4.14 1.77 0.00 0.00 0.00
0.00 0.00 0.00 0.00 0.00 0.00 0.00 1.43 5.11 8.61 12.57 16.10 18.88 20.94 21.56 20.93 19.14 15.18 10.83 6.62 2.83 0.00 0.00 0.00
0.00 0.00 0.00 0.00 0.00 0.00 0.00 16.55 108.60 196.59 293.41 388.52 467.56 506.57 520.12 495.31 455.21 371.32 264.29 157.91 73.44 0.00 0.00 0.00
