0.00 0.00 0.00 0.00 0.00 0.00 0.00 0.00 0.74 1.69 2.75 3.77 4.51 4.95 4.98 4.77 4.17 3.30 2.22 0.97 0.19 0.00 0.00 0.00
0.00 0.00 0.00 0.00 0.00 0.00 0.00 0.00 14.38 28.74 44.53 59.99 72.47 78.15 78.20 73.25 61.08 47.16 29.73 9.31 0.00 0.00 0.00 0.00
0.00 0.00 0.00 0.00 0.00 0.00 0.00 0.00 17.03 38.70 62.97 86.25 103.11 113.17 113.90 109.13 95.41 75.36 50.73 22.24 4.38 0.00 0.00 0.00
0.00 0.00 0.00 0.00 0.00 0.00 0.00 0.00 60.52 137.53 223.78 306.53 366.43 402.21 404.80 387.84 339.08 267.82 180.28 79.02 15.56 0.00 0.00 0.00
0.00 0.00 0.00 0.00 0.00 0.00 0.00 0.37 3.12 5.65 8.45 11.13 12.73 13.11 12.94 12.18 10.30 7.77 4.73 1.31 0.00 0.00 0.00 0.00
0.00 0.00 0.00 0.00 0.00 0.00 0.00 0.00 123.90 298.97 515.00 709.14 848.76 913.99 928.65 878.16 744.20 591.27 410.60 192.65 42.92 0.00 0.00 0.00
0.00 0.00 0.00 0.00 0.00 0.00 0.00 0.12 2.00 3.75 5.61 7.52 8.62 9.24 9.12 8.58 7.22 5.39 3.41 1.14 0.00 0.00 0.00 0.00
0.00 0.00 0.00 0.00 0.00 0.00 0.00 0.00 0.85 1.67 2.55 3.47 4.10 4.44 4.55 4.28 3.70 2.90 1.84 0.62 0.00 0.00 0.00 0.00
0.00 0.00 0.00 0.00 0.00 0.00 0.00 0.00 1.36 2.67 4.08 5.56 6.56 7.11 7.28 6.86 5.92 4.65 2.94 1.00 0.00 0.00 0.00 0.00
0.00 0.00 0.00 0.00 0.00 0.00 0.00 0.00 1.36 2.67 4.08 5.56 6.56 7.11 7.28 6.86 5.92 4.65 2.94 1.00 0.00 0.00 0.00 0.00
0.00 0.00 0.00 0.00 0.00 0.00 0.00 0.00 3.17 6.43 10.31 14.10 17.00 18.52 18.56 17.82 15.45 11.90 7.77 2.87 0.00 0.00 0.00 0.00
0.00 0.00 0.00 0.00 0.00 0.00 0.00 0.00 1.52 3.07 4.95 6.66 7.96 8.66 8.69 8.39 7.26 5.62 3.57 1.31 0.00 0.00 0.00 0.00
0.00 0.00 0.00 0.00 0.00 0.00 0.00 0.00 1.95 3.95 6.36 8.56 10.23 11.13 11.18 10.79 9.34 7.23 4.59 1.68 0.00 0.00 0.00 0.00
0.00 0.00 0.00 0.00 0.00 0.00 0.00 0.00 1.30 2.63 4.24 5.71 6.82 7.42 7.45 7.19 6.23 4.82 3.06 1.12 0.00 0.00 0.00 0.00
0.00 0.00 0.00 0.00 0.00 0.00 0.00 0.00 1.30 2.63 4.24 5.71 6.82 7.42 7.45 7.19 6.23 4.82 3.06 1.12 0.00 0.00 0.00 0.00
0.00 0.00 0.00 0.00 0.00 0.00 0.00 0.00 14.80 32.17 54.98 75.95 92.86 104.60 108.06 103.31 86.99 67.54 42.73 15.11 0.00 0.00 0.00 0.00
0.00 0.00 0.00 0.00 0.00 0.00 0.00 0.00 10.05 20.07 31.50 43.67 52.61 56.34 55.28 52.41 46.53 35.79 23.39 8.48 0.00 0.00 0.00 0.00
0.00 0.00 0.00 0.00 0.00 0.00 0.00 0.00 8.90 17.86 28.30 37.59 45.12 47.45 47.47 45.41 39.46 30.48 19.83 6.95 0.02 0.00 0.00 0.00
0.00 0.00 0.00 0.00 0.00 0.00 0.00 0.00 36.55 88.19 151.91 209.17 250.36 269.60 273.92 259.03 219.51 174.40 121.11 56.83 12.66 0.00 0.00 0.00
0.00 0.00 0.00 0.00 0.00 0.00 0.00 0.00 34.76 83.88 144.50 198.97 238.14 256.44 260.56 246.39 208.80 165.90 115.20 54.05 12.04 0.00 0.00 0.00
0.00 0.00 0.00 0.00 0.00 0.00 0.00 0.00 66.85 161.31 277.88 382.63 457.97 493.16 501.07 473.83 401.55 319.03 221.55 103.95 23.16 0.00 0.00 0.00
0.00 0.00 0.00 0.00 0.00 0.00 0.00 0.00 65.74 158.63 273.25 376.25 450.33 484.94 492.72 465.93 394.85 313.72 217.85 102.22 22.77 0.00 0.00 0.00
0.00 0.00 0.00 0.00 0.00 0.00 0.00 0.00 84.09 191.04 308.81 415.33 487.92 528.05 529.87 502.43 443.27 349.27 238.20 106.54 23.26 0.00 0.00 0.00
0.00 0.00 0.00 0.00 0.00 0.00 0.00 0.00 0.85 1.67 2.55 3.47 4.10 4.44 4.55 4.28 3.70 2.90 1.84 0.62 0.00 0.00 0.00 0.00
0.00 0.00 0.00 0.00 0.00 0.00 0.00 0.00 4.30 8.44 12.93 17.59 20.76 22.51 23.05 21.71 18.75 14.72 9.32 3.16 0.00 0.00 0.00 0.00
0.00 0.00 0.00 0.00 0.00 0.00 0.00 0.00 21.95 43.09 66.03 89.82 106.00 114.91 117.66 110.83 95.74 75.13 47.60 16.14 0.00 0.00 0.00 0.00
0.00 0.00 0.00 0.00 0.00 0.00 0.00 0.00 2.50 6.02 10.37 14.28 17.10 18.41 18.71 17.69 14.99 11.91 8.27 3.88 0.86 0.00 0.00 0.00
0.00 0.00 0.00 0.00 0.00 0.00 0.00 0.00 59.57 135.39 220.29 301.75 360.72 395.94 398.49 381.79 333.79 263.65 177.47 77.79 15.32 0.00 0.00 0.00
0.00 0.00 0.00 0.00 0.00 0.00 0.00 0.00 4.23 9.32 15.40 21.49 26.97 30.24 30.92 29.43 24.41 19.21 13.17 5.66 0.56 0.00 0.00 0.00
0.00 0.00 0.00 0.00 0.00 0.00 0.00 0.00 35.39 73.40 116.02 158.03 182.43 193.36 192.18 181.05 155.90 121.28 80.44 32.60 4.73 0.00 0.00 0.00
0.00 0.00 0.00 0.00 0.00 0.00 0.00 0.00 0.99 2.26 3.67 5.03 6.01 6.60 6.64 6.36 5.56 4.39 2.96 1.30 0.26 0.00 0.00 0.00
0.00 0.00 0.00 0.00 0.00 0.00 0.00 0.00 44.68 101.54 165.22 226.32 270.54 296.95 298.87 286.34 250.34 197.74 133.10 58.34 11.49 0.00 0.00 0.00
0.00 0.00 0.00 0.00 0.00 0.00 0.00 0.00 57.34 130.31 212.03 290.44 347.20 381.09 383.55 367.48 321.28 253.76 170.81 74.87 14.75 0.00 0.00 0.00
0.00 0.00 0.00 0.00 0.00 0.00 0.00 0.00 110.89 251.93 407.24 547.71 643.44 696.37 698.76 662.58 584.56 460.60 314.13 140.50 30.67 0.00 0.00 0.00
0.00 0.00 0.00 0.00 0.00 0.00 0.00 0.00 2.28 4.69 7.59 10.36 12.34 13.54 13.85 13.18 11.27 8.71 5.64 2.06 0.00 0.00 0.00 0.00
0.00 0.00 0.00 0.00 0.00 0.00 0.00 0.00 2.88 5.91 9.49 12.97 15.47 17.04 17.25 16.54 14.15 10.89 7.08 2.57 0.00 0.00 0.00 0.00
0.00 0.00 0.00 0.00 0.00 0.00 0.00 0.00 17.47 38.45 63.51 88.67 111.23 124.76 127.56 121.38 100.70 79.25 54.31 23.34 2.31 0.00 0.00 0.00
0.00 0.00 0.00 0.00 0.00 0.00 0.00 0.00 78.92 183.81 292.13 388.48 474.18 510.73 514.23 488.17 443.83 360.66 254.29 122.77 35.67 0.00 0.00 0.00
0.00 0.00 0.00 0.00 0.00 0.00 0.00 0.00 0.82 1.62 2.56 3.51 4.20 4.49 4.41 4.08 3.57 2.78 1.81 0.62 0.00 0.00 0.00 0.00
0.00 0.00 0.00 0.00 0.00 0.00 0.00 0.00 15.78 34.57 56.31 75.57 90.16 97.81 98.77 92.61 81.47 64.74 43.10 18.62 3.32 0.00 0.00 0.00
0.00 0.00 0.00 0.00 0.00 0.00 0.00 0.00 4.22 11.11 18.82 26.29 31.79 33.15 32.60 30.83 27.64 22.38 15.57 7.68 1.97 0.00 0.00 0.00
0.00 0.00 0.00 0.00 0.00 0.00 0.00 0.20 2.38 4.41 6.44 8.63 10.02 10.59 10.49 9.73 8.36 6.23 3.91 1.28 0.00 0.00 0.00 0.00
0.00 0.00 0.00 0.00 0.00 0.00 0.00 0.10 1.19 2.20 3.22 4.32 5.01 5.30 5.25 4.86 4.18 3.12 1.95 0.64 0.00 0.00 0.00 0.00
0.00 0.00 0.00 0.00 0.00 0.00 0.00 0.22 2.60 4.82 7.05 9.44 10.96 11.59 11.47 10.64 9.15 6.82 4.28 1.40 0.00 0.00 0.00 0.00
0.00 0.00 0.00 0.00 0.00 0.00 0.00 0.23 3.04 5.66 8.40 11.36 13.30 14.14 13.91 12.94 11.02 8.12 5.13 1.65 0.00 0.00 0.00 0.00
0.00 0.00 0.00 0.00 0.00 0.00 0.00 0.34 4.63 8.62 12.79 17.31 20.27 21.55 21.20 19.72 16.79 12.38 7.82 2.52 0.00 0.00 0.00 0.00
0.00 0.00 0.00 0.00 0.00 0.00 0.00 0.22 4.05 7.62 11.33 15.16 17.61 18.75 18.62 17.26 14.61 11.01 7.00 2.38 0.00 0.00 0.00 0.00
0.00 0.00 0.00 0.00 0.00 0.00 0.00 0.00 2.98 5.92 9.22 12.26 14.58 15.55 15.17 14.18 12.30 9.57 6.21 2.38 0.25 0.00 0.00 0.00
0.00 0.00 0.00 0.00 0.00 0.00 0.00 0.00 7.69 15.30 23.81 31.68 37.66 40.16 39.18 36.63 31.77 24.73 16.04 6.14 0.66 0.00 0.00 0.00
0.00 0.00 0.00 0.00 0.00 0.00 0.00 0.00 1.93 3.93 6.18 8.41 9.97 10.58 10.40 9.78 8.34 6.38 4.15 1.64 0.18 0.00 0.00 0.00
0.00 0.00 0.00 0.00 0.00 0.00 0.00 0.05 3.92 7.53 11.56 15.49 18.47 19.77 19.46 18.08 15.11 11.78 7.53 2.41 0.00 0.00 0.00 0.00
0.00 0.00 0.00 0.00 0.00 0.00 0.00 0.21 7.14 13.62 20.73 27.60 32.39 34.03 33.73 31.73 27.49 21.01 13.03 4.23 0.00 0.00 0.00 0.00
0.00 0.00 0.00 0.00 0.00 0.00 0.00 0.11 0.95 1.72 2.60 3.42 3.94 4.05 3.98 3.81 3.28 2.46 1.53 0.44 0.00 0.00 0.00 0.00
0.00 0.00 0.00 0.00 0.00 0.00 0.00 0.27 5.03 9.40 14.15 18.61 21.92 23.25 23.09 21.77 18.25 13.90 8.78 2.67 0.00 0.00 0.00 0.00
0.00 0.00 0.00 0.00 0.00 0.00 0.00 0.30 3.52 6.48 9.65 12.71 14.59 15.19 15.32 14.60 12.25 9.29 5.76 1.68 0.00 0.00 0.00 0.00
0.00 0.00 0.00 0.00 0.00 0.00 0.00 0.42 4.86 8.95 13.32 17.53 20.14 20.97 21.14 20.15 16.91 12.82 7.95 2.31 0.00 0.00 0.00 0.00
0.00 0.00 0.00 0.00 0.00 0.00 0.00 0.28 3.31 6.10 9.07 11.94 13.72 14.28 14.40 13.73 11.52 8.73 5.41 1.58 0.00 0.00 0.00 0.00
0.00 0.00 0.00 0.00 0.00 0.00 0.00 0.15 2.68 5.01 7.55 9.93 11.69 12.40 12.32 11.61 9.73 7.42 4.68 1.42 0.00 0.00 0.00 0.00
0.00 0.00 0.00 0.00 0.00 0.00 0.00 0.29 2.76 5.02 7.55 9.94 11.27 11.76 11.52 10.80 9.19 6.96 4.27 1.20 0.00 0.00 0.00 0.00
0.00 0.00 0.00 0.00 0.00 0.00 0.00 0.00 2.43 4.77 7.32 9.95 11.75 12.74 13.04 12.28 10.61 8.33 5.28 1.79 0.00 0.00 0.00 0.00
0.00 0.00 0.00 0.00 0.00 0.00 0.00 0.00 19.26 41.87 71.56 98.85 120.87 136.15 140.65 134.47 113.23 87.90 55.61 19.67 0.00 0.00 0.00 0.00
0.00 0.00 0.00 0.00 0.00 0.00 0.00 0.00 3.60 7.29 11.68 15.98 19.27 20.99 21.04 20.19 17.51 13.49 8.81 3.25 0.00 0.00 0.00 0.00
0.00 0.00 0.00 0.00 0.00 0.00 0.00 0.00 5.87 11.51 17.55 23.59 28.32 30.03 29.62 27.96 24.08 18.84 12.28 4.19 0.00 0.00 0.00 0.00
0.00 0.00 0.00 0.00 0.00 0.00 0.00 0.00 2.69 5.27 8.04 10.81 12.98 13.77 13.58 12.82 11.03 8.64 5.63 1.92 0.00 0.00 0.00 0.00
0.00 0.00 0.00 0.00 0.00 0.00 0.00 0.00 4.43 8.98 14.37 19.84 23.97 26.07 26.02 24.87 21.63 16.66 10.99 4.05 0.00 0.00 0.00 0.00
0.00 0.00 0.00 0.00 0.00 0.00 0.00 0.00 2.00 3.94 6.21 8.52 10.20 10.89 10.71 9.91 8.68 6.76 4.39 1.50 0.00 0.00 0.00 0.00
0.00 0.00 0.00 0.00 0.00 0.00 0.00 0.00 18.08 39.81 65.75 91.80 115.17 129.17 132.07 125.68 104.26 82.06 56.24 24.17 2.39 0.00 0.00 0.00
0.00 0.00 0.00 0.00 0.00 0.00 0.00 0.00 8.46 17.55 27.74 37.79 43.63 46.24 45.96 43.29 37.28 29.00 19.23 7.80 1.13 0.00 0.00 0.00
0.00 0.00 0.00 0.00 0.00 0.00 0.00 0.00 1.83 3.82 6.15 8.43 9.86 10.29 10.45 9.79 8.42 6.61 4.41 1.78 0.25 0.00 0.00 0.00
0.00 0.00 0.00 0.00 0.00 0.00 0.00 0.00 2.24 4.69 7.46 10.14 12.13 13.04 13.06 12.29 10.73 8.33 5.52 2.19 0.28 0.00 0.00 0.00
0.00 0.00 0.00 0.00 0.00 0.00 0.00 0.00 3.58 7.51 11.94 16.23 19.42 20.86 20.90 19.67 17.17 13.32 8.83 3.51 0.44 0.00 0.00 0.00
0.00 0.00 0.00 0.00 0.00 0.00 0.00 0.00 67.97 164.00 282.51 389.01 465.60 501.38 509.42 481.72 408.24 324.35 225.24 105.68 23.54 0.00 0.00 0.00
