0.00 0.00 0.00 0.00 0.00 0.00 0.00 0.20 1.14 2.06 3.16 4.10 4.75 5.22 5.37 5.17 4.71 3.89 2.80 1.65 0.77 0.00 0.00 0.00
0.00 0.00 0.00 0.00 0.00 0.00 0.00 5.29 22.07 38.00 54.13 69.46 79.99 66.63 67.72 64.46 48.57 38.42 26.11 17.91 5.30 0.00 0.00 0.00
0.00 0.00 0.00 0.00 0.00 0.00 0.00 4.61 26.15 47.01 72.15 93.65 108.58 119.30 122.80 118.33 107.68 88.92 64.01 37.82 17.53 0.00 0.00 0.00
0.00 0.00 0.00 0.00 0.00 0.00 0.00 16.39 92.95 167.06 256.43 332.84 385.90 423.98 436.41 420.53 382.68 316.02 227.47 134.42 62.30 0.00 0.00 0.00
0.00 0.00 0.00 0.00 0.00 0.00 0.00 1.55 4.39 7.06 8.85 11.02 12.45 11.81 11.83 11.15 8.76 6.85 4.53 1.78 0.45 0.00 0.00 0.00
0.00 0.00 0.00 0.00 0.00 0.00 0.00 20.35 189.89 354.91 548.34 715.85 833.33 922.46 950.88 937.69 877.61 725.67 532.00 319.21 149.85 0.00 0.00 0.00
0.00 0.00 0.00 0.00 0.00 0.00 0.00 1.00 2.85 4.60 6.56 8.20 9.36 9.80 9.78 9.36 8.31 6.71 4.67 2.35 0.88 0.00 0.00 0.00
0.00 0.00 0.00 0.00 0.00 0.00 0.00 0.35 1.33 2.25 3.21 4.15 4.78 3.26 3.30 3.14 2.74 2.21 1.51 0.61 0.19 0.00 0.00 0.00
0.00 0.00 0.00 0.00 0.00 0.00 0.00 0.56 2.13 3.60 5.14 6.64 7.64 5.22 5.28 5.02 4.39 3.54 2.41 0.97 0.30 0.00 0.00 0.00
0.00 0.00 0.00 0.00 0.00 0.00 0.00 0.56 2.13 3.60 5.14 6.64 7.64 5.22 5.28 5.02 4.39 3.54 2.41 0.97 0.30 0.00 0.00 0.00
0.00 0.00 0.00 0.00 0.00 0.00 0.00 1.26 5.04 8.62 13.06 17.22 19.94 21.38 21.53 20.40 12.93 10.30 7.10 3.29 1.18 0.00 0.00 0.00
0.00 0.00 0.00 0.00 0.00 0.00 0.00 0.59 2.36 4.03 6.13 8.01 9.27 9.70 9.83 9.32 5.59 4.46 3.06 1.55 0.55 0.00 0.00 0.00
0.00 0.00 0.00 0.00 0.00 0.00 0.00 0.76 3.03 5.19 7.88 10.30 11.92 12.47 12.64 11.98 7.19 5.74 3.93 1.99 0.71 0.00 0.00 0.00
0.00 0.00 0.00 0.00 0.00 0.00 0.00 0.51 2.02 3.46 5.25 6.87 7.95 8.31 8.43 7.99 4.79 3.82 2.62 1.33 0.47 0.00 0.00 0.00
0.00 0.00 0.00 0.00 0.00 0.00 0.00 0.51 2.02 3.46 5.25 6.87 7.95 8.31 8.43 7.99 4.79 3.82 2.62 1.33 0.47 0.00 0.00 0.00
0.00 0.00 0.00 0.00 0.00 0.00 0.00 3.31 24.38 44.50 68.34 87.86 101.57 101.23 102.54 97.60 77.13 60.18 41.78 22.02 7.31 0.00 0.00 0.00
0.00 0.00 0.00 0.00 0.00 0.00 0.00 4.22 15.73 26.64 40.13 52.49 61.38 62.99 62.33 58.23 39.05 31.15 21.53 12.80 4.56 0.00 0.00 0.00
0.00 0.00 0.00 0.00 0.00 0.00 0.00 3.75 13.91 23.55 33.99 43.95 51.36 55.28 54.77 50.87 43.49 34.86 23.98 10.50 3.94 0.00 0.00 0.00
0.00 0.00 0.00 0.00 0.00 0.00 0.00 6.00 56.01 104.68 161.74 211.15 245.80 272.09 280.48 276.58 258.86 214.05 156.92 94.15 44.20 0.00 0.00 0.00
0.00 0.00 0.00 0.00 0.00 0.00 0.00 5.71 53.28 99.58 153.85 200.85 233.81 258.82 266.79 263.09 246.24 203.60 149.27 89.56 42.04 0.00 0.00 0.00
0.00 0.00 0.00 0.00 0.00 0.00 0.00 10.98 102.46 191.50 295.87 386.25 449.64 497.73 513.06 505.95 473.53 391.55 287.05 172.23 80.85 0.00 0.00 0.00
0.00 0.00 0.00 0.00 0.00 0.00 0.00 10.80 100.75 188.31 290.94 379.81 442.14 489.44 504.51 497.51 465.64 385.02 282.27 169.36 79.51 0.00 0.00 0.00
0.00 0.00 0.00 0.00 0.00 0.00 0.00 22.71 120.82 215.75 330.32 432.37 506.67 545.02 560.26 543.01 462.18 381.08 277.76 160.81 76.79 0.00 0.00 0.00
0.00 0.00 0.00 0.00 0.00 0.00 0.00 0.35 1.33 2.25 3.21 4.15 4.78 3.26 3.30 3.14 2.74 2.21 1.51 0.61 0.19 0.00 0.00 0.00
0.00 0.00 0.00 0.00 0.00 0.00 0.00 1.78 6.73 11.39 16.28 21.03 24.20 16.52 16.72 15.90 13.89 11.22 7.63 3.07 0.96 0.00 0.00 0.00
0.00 0.00 0.00 0.00 0.00 0.00 0.00 9.11 34.35 58.14 83.09 107.34 123.55 84.35 85.34 81.20 70.93 57.26 38.94 15.69 4.90 0.00 0.00 0.00
0.00 0.00 0.00 0.00 0.00 0.00 0.00 0.41 3.83 7.15 11.05 14.42 16.79 18.58 19.15 18.89 17.68 14.62 10.72 6.43 3.02 0.00 0.00 0.00
0.00 0.00 0.00 0.00 0.00 0.00 0.00 16.14 91.50 164.46 252.43 327.65 379.89 417.37 429.61 413.98 376.71 311.09 223.93 132.33 61.33 0.00 0.00 0.00
0.00 0.00 0.00 0.00 0.00 0.00 0.00 1.16 6.87 12.36 19.11 25.91 31.01 33.93 33.91 32.26 28.75 23.29 16.21 9.07 3.67 0.00 0.00 0.00
0.00 0.00 0.00 0.00 0.00 0.00 0.00 13.86 51.31 87.18 131.49 169.21 195.75 206.02 208.70 196.80 175.19 144.34 104.00 57.67 25.89 0.00 0.00 0.00
0.00 0.00 0.00 0.00 0.00 0.00 0.00 0.27 1.52 2.74 4.21 5.46 6.33 6.96 7.16 6.90 6.28 5.18 3.73 2.21 1.02 0.00 0.00 0.00
0.00 0.00 0.00 0.00 0.00 0.00 0.00 12.10 68.62 123.34 189.32 245.74 284.91 313.03 322.21 310.48 282.54 233.32 167.94 99.25 46.00 0.00 0.00 0.00
0.00 0.00 0.00 0.00 0.00 0.00 0.00 15.53 88.07 158.29 242.97 315.37 365.64 401.72 413.50 398.45 362.59 299.42 215.53 127.36 59.03 0.00 0.00 0.00
0.00 0.00 0.00 0.00 0.00 0.00 0.00 29.95 159.33 284.52 435.61 570.19 668.17 718.75 738.84 716.09 609.50 502.55 366.30 212.06 101.27 0.00 0.00 0.00
0.00 0.00 0.00 0.00 0.00 0.00 0.00 0.81 3.58 6.21 9.61 12.51 14.69 15.19 15.25 14.20 8.55 6.87 4.74 3.08 1.10 0.00 0.00 0.00
0.00 0.00 0.00 0.00 0.00 0.00 0.00 1.04 4.49 7.77 12.04 15.71 18.26 19.04 19.13 17.94 10.94 8.77 6.08 3.69 1.32 0.00 0.00 0.00
0.00 0.00 0.00 0.00 0.00 0.00 0.00 4.79 28.33 50.99 78.83 106.88 127.93 139.97 139.89 133.06 118.60 96.08 66.87 37.40 15.13 0.00 0.00 0.00
0.00 0.00 0.00 0.00 0.00 0.00 0.00 19.35 95.02 168.93 191.24 255.68 306.52 406.70 415.18 396.95 467.66 387.66 281.74 189.25 99.06 7.81 0.00 0.00
0.00 0.00 0.00 0.00 0.00 0.00 0.00 0.37 1.29 2.17 3.18 4.15 4.83 4.56 4.53 4.19 3.14 2.50 1.73 1.04 0.37 0.00 0.00 0.00
0.00 0.00 0.00 0.00 0.00 0.00 0.00 5.28 24.44 42.92 64.59 84.26 97.15 104.04 105.80 101.00 91.44 75.60 54.06 32.10 14.71 0.00 0.00 0.00
0.00 0.00 0.00 0.00 0.00 0.00 0.00 0.11 6.24 12.22 19.06 25.52 30.06 32.73 33.39 32.22 29.64 24.55 18.00 11.18 5.39 0.00 0.00 0.00
0.00 0.00 0.00 0.00 0.00 0.00 0.00 1.19 3.27 5.24 7.52 9.46 10.67 11.32 11.16 10.64 9.07 7.20 5.06 2.53 0.93 0.00 0.00 0.00
0.00 0.00 0.00 0.00 0.00 0.00 0.00 0.60 1.64 2.62 3.76 4.73 5.34 5.66 5.58 5.32 4.53 3.60 2.53 1.27 0.46 0.00 0.00 0.00
0.00 0.00 0.00 0.00 0.00 0.00 0.00 1.30 3.58 5.73 8.23 10.35 11.67 12.38 12.21 11.64 9.92 7.88 5.53 2.77 1.01 0.00 0.00 0.00
0.00 0.00 0.00 0.00 0.00 0.00 0.00 1.57 4.40 7.07 10.02 12.61 14.32 14.88 14.61 13.93 11.85 9.55 6.63 3.27 1.18 0.00 0.00 0.00
0.00 0.00 0.00 0.00 0.00 0.00 0.00 2.39 6.70 10.77 15.26 19.22 21.83 22.67 22.27 21.22 18.06 14.55 10.10 4.98 1.80 0.00 0.00 0.00
0.00 0.00 0.00 0.00 0.00 0.00 0.00 2.03 5.84 9.44 13.46 16.68 19.09 20.02 20.05 19.03 17.03 13.55 9.54 4.85 1.82 0.00 0.00 0.00
0.00 0.00 0.00 0.00 0.00 0.00 0.00 1.34 4.31 7.14 10.34 13.46 15.58 16.22 16.18 15.45 12.42 10.04 7.15 4.21 1.84 0.00 0.00 0.00
0.00 0.00 0.00 0.00 0.00 0.00 0.00 3.47 11.14 18.45 26.71 34.78 40.26 41.90 41.80 39.91 32.09 25.95 18.47 10.87 4.75 0.00 0.00 0.00
0.00 0.00 0.00 0.00 0.00 0.00 0.00 0.83 2.89 4.87 7.28 9.38 10.86 11.42 11.31 10.67 9.57 7.73 5.52 3.27 1.42 0.00 0.00 0.00
0.00 0.00 0.00 0.00 0.00 0.00 0.00 1.78 5.82 9.63 13.59 17.49 20.05 17.55 17.44 16.32 13.80 11.16 7.72 4.70 1.59 0.00 0.00 0.00
0.00 0.00 0.00 0.00 0.00 0.00 0.00 3.39 10.43 17.07 24.55 31.22 35.73 36.92 37.26 34.89 29.25 23.15 15.88 7.64 2.72 0.00 0.00 0.00
0.00 0.00 0.00 0.00 0.00 0.00 0.00 0.50 1.41 2.25 2.91 3.59 3.99 3.55 3.51 3.26 2.44 1.93 1.32 0.59 0.16 0.00 0.00 0.00
0.00 0.00 0.00 0.00 0.00 0.00 0.00 2.38 7.50 12.30 17.54 22.12 24.86 20.73 20.51 19.39 16.13 13.01 8.94 3.52 1.00 0.00 0.00 0.00
0.00 0.00 0.00 0.00 0.00 0.00 0.00 1.75 5.21 8.45 11.75 14.65 16.34 14.93 14.63 14.09 11.11 8.89 6.07 2.98 0.81 0.00 0.00 0.00
0.00 0.00 0.00 0.00 0.00 0.00 0.00 2.41 7.19 11.66 16.21 20.22 22.55 20.60 20.19 19.45 15.34 12.27 8.38 4.11 1.12 0.00 0.00 0.00
0.00 0.00 0.00 0.00 0.00 0.00 0.00 1.64 4.89 7.94 11.04 13.77 15.36 14.03 13.75 13.25 10.45 8.35 5.71 2.80 0.76 0.00 0.00 0.00
0.00 0.00 0.00 0.00 0.00 0.00 0.00 1.27 4.00 6.56 9.35 11.80 13.26 11.06 10.94 10.34 8.60 6.94 4.77 1.87 0.53 0.00 0.00 0.00
0.00 0.00 0.00 0.00 0.00 0.00 0.00 1.33 3.85 6.21 8.15 10.15 11.42 11.27 11.35 10.80 7.40 5.83 3.86 1.93 0.49 0.00 0.00 0.00
0.00 0.00 0.00 0.00 0.00 0.00 0.00 1.01 3.81 6.44 9.21 11.90 13.69 9.35 9.46 9.00 7.86 6.35 4.32 1.74 0.54 0.00 0.00 0.00
0.00 0.00 0.00 0.00 0.00 0.00 0.00 4.31 31.73 57.92 88.96 114.36 132.21 131.76 133.46 127.04 100.39 78.33 54.38 28.66 9.51 0.00 0.00 0.00
0.00 0.00 0.00 0.00 0.00 0.00 0.00 1.43 5.71 9.77 14.80 19.52 22.59 24.24 24.41 23.12 14.66 11.67 8.05 3.73 1.34 0.00 0.00 0.00
0.00 0.00 0.00 0.00 0.00 0.00 0.00 2.46 8.86 14.89 20.92 27.07 31.51 26.20 26.01 24.40 18.80 14.82 10.19 6.17 2.10 0.00 0.00 0.00
0.00 0.00 0.00 0.00 0.00 0.00 0.00 1.13 4.06 6.83 9.59 12.41 14.44 12.01 11.92 11.19 8.61 6.79 4.67 2.83 0.96 0.00 0.00 0.00
0.00 0.00 0.00 0.00 0.00 0.00 0.00 1.82 7.17 12.26 18.39 24.21 28.09 30.14 30.30 28.63 18.72 14.93 10.27 4.76 1.71 0.00 0.00 0.00
0.00 0.00 0.00 0.00 0.00 0.00 0.00 0.89 3.14 5.27 7.73 10.09 11.74 11.07 10.99 10.18 7.63 6.08 4.20 2.54 0.89 0.00 0.00 0.00
0.00 0.00 0.00 0.00 0.00 0.00 0.00 4.96 29.34 52.80 81.62 110.66 132.45 144.92 144.83 137.76 122.79 99.47 69.24 38.72 15.67 0.00 0.00 0.00
0.00 0.00 0.00 0.00 0.00 0.00 0.00 3.31 12.27 20.85 31.44 40.46 46.81 49.27 49.91 47.06 41.89 34.52 24.87 13.79 6.19 0.00 0.00 0.00
0.00 0.00 0.00 0.00 0.00 0.00 0.00 0.72 2.77 4.74 7.12 9.15 10.61 11.23 11.30 10.64 9.60 7.79 5.61 3.33 1.48 0.00 0.00 0.00
0.00 0.00 0.00 0.00 0.00 0.00 0.00 0.88 3.58 6.15 8.98 11.56 13.29 14.03 14.02 13.36 12.27 10.11 7.31 4.25 1.85 0.00 0.00 0.00
0.00 0.00 0.00 0.00 0.00 0.00 0.00 1.41 5.72 9.85 14.38 18.49 21.26 22.45 22.43 21.38 19.63 16.18 11.70 6.81 2.96 0.00 0.00 0.00
0.00 0.00 0.00 0.00 0.00 0.00 0.00 11.16 104.17 194.69 300.80 392.68 457.13 506.03 521.62 514.38 481.42 398.07 291.84 175.10 82.20 0.00 0.00 0.00
