0.00 0.00 0.00 0.00 0.00 0.00 0.00 0.00 0.86 1.76 2.77 3.68 4.32 4.75 4.78 4.64 4.26 3.52 2.51 1.32 0.52 0.00 0.00 0.00
0.00 0.00 0.00 0.00 0.00 0.00 0.00 1.00 18.31 34.75 53.43 67.41 78.17 88.69 88.03 82.30 68.98 53.93 36.98 15.34 3.04 0.00 0.00 0.00
0.00 0.00 0.00 0.00 0.00 0.00 0.00 0.00 19.56 40.14 63.45 84.17 98.86 108.65 109.41 106.03 97.33 80.59 57.32 30.18 11.95 0.00 0.00 0.00
0.00 0.00 0.00 0.00 0.00 0.00 0.00 0.00 69.50 142.67 225.49 299.12 351.33 386.12 388.83 376.81 345.90 286.41 203.72 107.25 42.48 0.00 0.00 0.00
0.00 0.00 0.00 0.00 0.00 0.00 0.00 0.66 3.12 5.44 8.48 10.62 11.97 12.21 11.90 10.97 9.27 7.23 4.71 1.92 0.24 0.00 0.00 0.00
0.00 0.00 0.00 0.00 0.00 0.00 0.00 0.00 135.09 292.63 478.16 639.57 768.87 846.71 879.41 878.56 828.89 683.22 479.62 260.30 106.00 0.00 0.00 0.00
0.00 0.00 0.00 0.00 0.00 0.00 0.00 0.35 1.82 3.20 3.02 3.90 4.53 6.90 6.80 6.38 7.65 5.94 3.97 1.85 0.50 0.00 0.00 0.00
0.00 0.00 0.00 0.00 0.00 0.00 0.00 0.09 1.10 2.05 3.10 3.99 4.61 5.38 5.22 4.96 4.30 3.38 2.30 0.97 0.21 0.00 0.00 0.00
0.00 0.00 0.00 0.00 0.00 0.00 0.00 0.15 1.76 3.28 4.95 6.39 7.38 8.60 8.35 7.94 6.88 5.41 3.67 1.55 0.33 0.00 0.00 0.00
0.00 0.00 0.00 0.00 0.00 0.00 0.00 0.15 1.76 3.28 4.95 6.39 7.38 8.60 8.35 7.94 6.88 5.41 3.67 1.55 0.33 0.00 0.00 0.00
0.00 0.00 0.00 0.00 0.00 0.00 0.00 0.23 4.10 7.78 12.31 16.26 18.81 20.14 20.12 19.03 17.76 14.06 9.19 4.20 1.12 0.00 0.00 0.00
0.00 0.00 0.00 0.00 0.00 0.00 0.00 0.11 1.92 3.63 5.76 7.62 8.79 9.56 9.53 8.95 8.47 6.73 4.40 1.99 0.52 0.00 0.00 0.00
0.00 0.00 0.00 0.00 0.00 0.00 0.00 0.14 2.46 4.67 7.40 9.80 11.30 12.29 12.26 11.51 10.89 8.66 5.65 2.56 0.67 0.00 0.00 0.00
0.00 0.00 0.00 0.00 0.00 0.00 0.00 0.09 1.64 3.12 4.94 6.53 7.53 8.19 8.17 7.68 7.26 5.77 3.77 1.71 0.45 0.00 0.00 0.00
0.00 0.00 0.00 0.00 0.00 0.00 0.00 0.09 1.64 3.12 4.94 6.53 7.53 8.19 8.17 7.68 7.26 5.77 3.77 1.71 0.45 0.00 0.00 0.00
0.00 0.00 0.00 0.00 0.00 0.00 0.00 0.00 20.45 42.03 66.33 87.32 101.56 112.24 111.77 105.39 84.77 66.28 44.73 19.46 4.85 0.00 0.00 0.00
0.00 0.00 0.00 0.00 0.00 0.00 0.00 1.01 12.64 23.68 36.64 48.53 56.24 60.69 60.60 56.41 51.94 41.09 27.31 12.45 3.26 0.00 0.00 0.00
0.00 0.00 0.00 0.00 0.00 0.00 0.00 0.83 10.79 20.24 31.37 41.57 47.69 50.98 50.76 47.78 43.34 34.46 22.90 10.42 2.95 0.00 0.00 0.00
0.00 0.00 0.00 0.00 0.00 0.00 0.00 0.00 39.85 86.31 141.04 188.65 226.79 249.75 259.40 259.14 244.49 201.53 141.47 76.78 31.27 0.00 0.00 0.00
0.00 0.00 0.00 0.00 0.00 0.00 0.00 0.00 37.90 82.10 134.16 179.45 215.73 237.57 246.74 246.50 232.57 191.70 134.57 73.03 29.74 0.00 0.00 0.00
0.00 0.00 0.00 0.00 0.00 0.00 0.00 0.00 72.89 157.89 258.00 345.09 414.86 456.86 474.50 474.04 447.24 368.65 258.79 140.45 57.19 0.00 0.00 0.00
0.00 0.00 0.00 0.00 0.00 0.00 0.00 0.00 71.68 155.26 253.70 339.34 407.94 449.25 466.59 466.14 439.79 362.50 254.48 138.11 56.24 0.00 0.00 0.00
0.00 0.00 0.00 0.00 0.00 0.00 0.00 0.00 89.51 182.75 287.29 386.65 465.14 512.69 527.99 508.29 469.69 376.87 266.34 145.44 59.94 0.00 0.00 0.00
0.00 0.00 0.00 0.00 0.00 0.00 0.00 0.09 1.10 2.05 3.10 3.99 4.61 5.38 5.22 4.96 4.30 3.38 2.30 0.97 0.21 0.00 0.00 0.00
0.00 0.00 0.00 0.00 0.00 0.00 0.00 0.47 5.58 10.39 15.69 20.22 23.36 27.24 26.44 25.14 21.77 17.12 11.63 4.91 1.06 0.00 0.00 0.00
0.00 0.00 0.00 0.00 0.00 0.00 0.00 2.42 28.49 53.05 80.10 103.25 119.28 139.07 134.99 128.36 111.15 87.40 59.39 25.06 5.39 0.00 0.00 0.00
0.00 0.00 0.00 0.00 0.00 0.00 0.00 0.00 2.72 5.89 9.63 12.88 15.49 17.06 17.71 17.70 16.70 13.76 9.66 5.24 2.14 0.00 0.00 0.00
0.00 0.00 0.00 0.00 0.00 0.00 0.00 0.00 68.42 140.45 221.98 294.46 345.86 380.10 382.77 370.94 340.51 281.94 200.55 105.58 41.82 0.00 0.00 0.00
0.00 0.00 0.00 0.00 0.00 0.00 0.00 0.00 5.54 11.28 18.23 24.69 29.32 31.98 31.72 29.93 27.57 22.09 15.08 7.28 2.37 0.00 0.00 0.00
0.00 0.00 0.00 0.00 0.00 0.00 0.00 2.13 37.86 71.95 113.22 151.59 178.49 191.59 193.29 183.78 161.40 130.99 92.25 49.65 18.32 0.00 0.00 0.00
0.00 0.00 0.00 0.00 0.00 0.00 0.00 0.00 1.14 2.34 3.70 4.91 5.76 6.34 6.38 6.18 5.68 4.70 3.34 1.76 0.70 0.00 0.00 0.00
0.00 0.00 0.00 0.00 0.00 0.00 0.00 0.00 51.32 105.33 166.48 220.84 259.39 285.08 287.08 278.21 255.38 211.46 150.41 79.18 31.36 0.00 0.00 0.00
0.00 0.00 0.00 0.00 0.00 0.00 0.00 0.00 65.85 135.18 213.66 283.41 332.89 365.85 368.41 357.03 327.74 271.37 193.03 101.62 40.25 0.00 0.00 0.00
0.00 0.00 0.00 0.00 0.00 0.00 0.00 0.00 118.05 241.00 378.86 509.90 613.40 676.11 696.29 670.31 619.41 497.00 351.24 191.80 79.05 0.00 0.00 0.00
0.00 0.00 0.00 0.00 0.00 0.00 0.00 0.06 2.84 5.48 8.97 11.91 13.76 15.22 15.16 14.15 13.15 10.07 6.90 3.13 0.84 0.00 0.00 0.00
0.00 0.00 0.00 0.00 0.00 0.00 0.00 0.11 3.61 6.95 11.29 14.98 17.33 19.12 19.08 17.83 16.56 12.74 8.60 3.89 1.04 0.00 0.00 0.00
0.00 0.00 0.00 0.00 0.00 0.00 0.00 0.00 22.85 46.52 75.18 101.86 120.95 131.94 130.82 123.46 113.75 91.13 62.22 30.04 9.80 0.00 0.00 0.00
0.00 0.00 0.00 0.00 0.00 0.00 0.00 0.00 87.24 179.00 279.34 380.15 460.27 410.22 416.82 392.83 413.30 337.42 241.15 154.46 71.22 0.00 0.00 0.00
0.00 0.00 0.00 0.00 0.00 0.00 0.00 0.10 1.01 1.88 2.90 3.81 4.37 4.68 4.69 4.41 4.02 3.09 2.10 0.95 0.24 0.00 0.00 0.00
0.00 0.00 0.00 0.00 0.00 0.00 0.00 0.00 17.91 35.59 55.29 73.97 88.62 96.59 97.93 94.08 84.58 67.83 48.30 25.33 9.74 0.00 0.00 0.00
0.00 0.00 0.00 0.00 0.00 0.00 0.00 0.00 4.35 10.12 16.99 23.37 27.99 31.36 32.06 31.23 29.87 23.70 17.22 9.90 4.22 0.00 0.00 0.00
0.00 0.00 0.00 0.00 0.00 0.00 0.00 0.38 1.82 3.17 3.22 4.17 4.81 8.10 8.04 7.56 8.59 6.75 4.45 2.05 0.53 0.00 0.00 0.00
0.00 0.00 0.00 0.00 0.00 0.00 0.00 0.19 0.91 1.59 1.61 2.08 2.40 4.05 4.02 3.78 4.30 3.37 2.23 1.03 0.27 0.00 0.00 0.00
0.00 0.00 0.00 0.00 0.00 0.00 0.00 0.42 1.99 3.47 3.52 4.56 5.26 8.86 8.80 8.27 9.40 7.38 4.87 2.25 0.58 0.00 0.00 0.00
0.00 0.00 0.00 0.00 0.00 0.00 0.00 0.53 2.65 4.65 4.82 6.21 7.25 11.06 10.84 10.22 11.60 9.00 5.93 2.68 0.68 0.00 0.00 0.00
0.00 0.00 0.00 0.00 0.00 0.00 0.00 0.80 4.03 7.08 7.35 9.47 11.05 16.85 16.51 15.58 17.68 13.72 9.04 4.08 1.04 0.00 0.00 0.00
0.00 0.00 0.00 0.00 0.00 0.00 0.00 0.75 4.01 7.09 6.89 8.82 10.28 13.80 13.53 12.77 15.53 12.16 8.21 3.84 1.04 0.00 0.00 0.00
0.00 0.00 0.00 0.00 0.00 0.00 0.00 0.40 3.30 6.06 9.14 12.25 14.36 14.94 15.12 14.49 12.34 9.82 6.75 3.62 1.27 0.00 0.00 0.00
0.00 0.00 0.00 0.00 0.00 0.00 0.00 1.02 8.52 15.65 23.61 31.64 37.10 38.59 39.05 37.42 31.88 25.38 17.45 9.35 3.27 0.00 0.00 0.00
0.00 0.00 0.00 0.00 0.00 0.00 0.00 0.18 2.17 4.05 6.10 8.19 9.68 10.29 10.23 9.62 8.49 6.75 4.75 2.51 0.88 0.00 0.00 0.00
0.00 0.00 0.00 0.00 0.00 0.00 0.00 0.65 4.74 8.59 12.82 16.68 19.08 20.46 20.40 18.79 16.89 13.09 8.63 3.87 0.90 0.00 0.00 0.00
0.00 0.00 0.00 0.00 0.00 0.00 0.00 1.24 7.87 14.11 18.62 24.39 28.15 30.25 30.55 28.68 28.98 22.55 14.90 6.60 1.67 0.00 0.00 0.00
0.00 0.00 0.00 0.00 0.00 0.00 0.00 0.18 0.86 1.49 2.48 3.11 3.49 4.35 4.19 3.90 3.37 2.63 1.72 0.70 0.10 0.00 0.00 0.00
0.00 0.00 0.00 0.00 0.00 0.00 0.00 0.97 6.05 10.82 16.84 21.08 23.49 24.41 23.53 22.08 17.72 13.79 9.17 4.33 0.75 0.00 0.00 0.00
0.00 0.00 0.00 0.00 0.00 0.00 0.00 0.74 3.96 6.98 11.14 13.91 15.45 15.54 14.79 14.07 12.30 9.53 6.37 2.66 0.41 0.00 0.00 0.00
0.00 0.00 0.00 0.00 0.00 0.00 0.00 1.02 5.46 9.63 15.38 19.20 21.32 21.44 20.41 19.42 16.98 13.16 8.79 3.67 0.57 0.00 0.00 0.00
0.00 0.00 0.00 0.00 0.00 0.00 0.00 0.69 3.72 6.56 10.48 13.07 14.52 14.61 13.90 13.23 11.56 8.96 5.99 2.50 0.39 0.00 0.00 0.00
0.00 0.00 0.00 0.00 0.00 0.00 0.00 0.52 3.23 5.77 8.98 11.24 12.53 13.02 12.55 11.78 9.45 7.35 4.89 2.31 0.40 0.00 0.00 0.00
0.00 0.00 0.00 0.00 0.00 0.00 0.00 0.61 3.04 5.32 8.08 10.08 11.34 11.22 11.07 10.34 8.64 6.75 4.39 1.84 0.24 0.00 0.00 0.00
0.00 0.00 0.00 0.00 0.00 0.00 0.00 0.27 3.16 5.88 8.88 11.44 13.22 15.41 14.96 14.23 12.32 9.69 6.58 2.78 0.60 0.00 0.00 0.00
0.00 0.00 0.00 0.00 0.00 0.00 0.00 0.00 26.62 54.70 86.34 113.65 132.19 146.10 145.48 137.17 110.34 86.27 58.22 25.33 6.31 0.00 0.00 0.00
0.00 0.00 0.00 0.00 0.00 0.00 0.00 0.26 4.65 8.82 13.95 18.43 21.32 22.83 22.80 21.56 20.13 15.93 10.42 4.76 1.27 0.00 0.00 0.00
0.00 0.00 0.00 0.00 0.00 0.00 0.00 0.66 6.93 12.85 19.82 26.09 30.40 33.83 33.73 31.32 28.60 22.06 14.72 6.61 1.60 0.00 0.00 0.00
0.00 0.00 0.00 0.00 0.00 0.00 0.00 0.30 3.18 5.89 9.08 11.96 13.93 15.51 15.46 14.35 13.11 10.11 6.75 3.03 0.74 0.00 0.00 0.00
0.00 0.00 0.00 0.00 0.00 0.00 0.00 0.34 5.78 10.95 17.25 22.74 26.35 28.11 28.06 26.53 24.67 19.49 12.80 5.85 1.57 0.00 0.00 0.00
0.00 0.00 0.00 0.00 0.00 0.00 0.00 0.25 2.46 4.56 7.04 9.25 10.61 11.37 11.40 10.70 9.75 7.49 5.11 2.30 0.58 0.00 0.00 0.00
0.00 0.00 0.00 0.00 0.00 0.00 0.00 0.00 23.66 48.17 77.84 105.46 125.22 136.60 135.45 127.82 117.77 94.35 64.42 31.10 10.14 0.00 0.00 0.00
0.00 0.00 0.00 0.00 0.00 0.00 0.00 0.51 9.05 17.21 27.07 36.25 42.68 45.81 46.22 43.95 38.60 31.32 22.06 11.87 4.38 0.00 0.00 0.00
0.00 0.00 0.00 0.00 0.00 0.00 0.00 0.08 2.05 3.93 6.04 8.04 9.67 10.46 10.36 9.81 8.82 7.13 5.03 2.63 0.96 0.00 0.00 0.00
0.00 0.00 0.00 0.00 0.00 0.00 0.00 0.07 2.58 4.98 7.78 10.23 11.84 12.72 12.87 12.38 11.14 9.02 6.32 3.16 1.12 0.00 0.00 0.00
0.00 0.00 0.00 0.00 0.00 0.00 0.00 0.12 4.13 7.97 12.44 16.37 18.94 20.36 20.58 19.81 17.82 14.44 10.11 5.06 1.79 0.00 0.00 0.00
0.00 0.00 0.00 0.00 0.00 0.00 0.00 0.00 74.11 160.52 262.30 350.84 421.77 464.47 482.41 481.94 454.70 374.79 263.10 142.79 58.15 0.00 0.00 0.00
