0.00 0.00 0.00 0.00 0.00 0.00 0.00 0.00 0.00 0.64 1.89 2.84 3.82 4.46 4.66 4.49 3.79 2.84 1.85 0.41 0.00 0.00 0.00 0.00
0.00 0.00 0.00 0.00 0.00 0.00 0.00 0.00 0.00 15.08 31.93 48.49 61.28 69.36 71.74 68.91 46.71 35.18 21.61 2.30 0.00 0.00 0.00 0.00
0.00 0.00 0.00 0.00 0.00 0.00 0.00 0.00 0.00 14.67 43.12 64.89 87.32 101.94 106.65 102.63 86.70 64.88 42.38 9.35 0.00 0.00 0.00 0.00
0.00 0.00 0.00 0.00 0.00 0.00 0.00 0.00 0.00 52.13 153.24 230.63 310.33 362.28 379.04 364.73 308.12 230.59 150.61 33.22 0.00 0.00 0.00 0.00
0.00 0.00 0.00 0.00 0.00 0.00 0.00 0.00 0.17 2.84 5.73 8.43 10.55 11.56 11.43 10.84 9.07 6.61 3.80 0.25 0.00 0.00 0.00 0.00
0.00 0.00 0.00 0.00 0.00 0.00 0.00 0.00 0.00 110.83 342.92 520.64 699.46 821.54 878.24 846.40 733.67 544.99 357.70 89.32 0.00 0.00 0.00 0.00
0.00 0.00 0.00 0.00 0.00 0.00 0.00 0.00 0.00 1.59 3.63 5.52 7.17 8.01 8.03 7.75 6.40 4.49 2.66 0.27 0.00 0.00 0.00 0.00
0.00 0.00 0.00 0.00 0.00 0.00 0.00 0.00 0.00 0.81 1.70 2.61 3.46 4.15 4.24 4.15 3.49 2.60 1.59 0.21 0.00 0.00 0.00 0.00
0.00 0.00 0.00 0.00 0.00 0.00 0.00 0.00 0.00 1.29 2.72 4.17 5.54 6.64 6.78 6.64 5.59 4.16 2.54 0.34 0.00 0.00 0.00 0.00
0.00 0.00 0.00 0.00 0.00 0.00 0.00 0.00 0.00 1.29 2.72 4.17 5.54 6.64 6.78 6.64 5.59 4.16 2.54 0.34 0.00 0.00 0.00 0.00
0.00 0.00 0.00 0.00 0.00 0.00 0.00 0.00 0.00 2.84 6.64 10.06 13.67 16.22 16.70 16.33 14.16 10.40 6.46 0.97 0.00 0.00 0.00 0.00
0.00 0.00 0.00 0.00 0.00 0.00 0.00 0.00 0.00 1.36 3.15 4.86 6.57 7.75 7.97 7.77 6.73 4.98 3.09 0.47 0.00 0.00 0.00 0.00
0.00 0.00 0.00 0.00 0.00 0.00 0.00 0.00 0.00 1.75 4.05 6.25 8.44 9.97 10.24 9.99 8.66 6.41 3.98 0.60 0.00 0.00 0.00 0.00
0.00 0.00 0.00 0.00 0.00 0.00 0.00 0.00 0.00 1.17 2.70 4.17 5.63 6.65 6.83 6.66 5.77 4.27 2.65 0.40 0.00 0.00 0.00 0.00
0.00 0.00 0.00 0.00 0.00 0.00 0.00 0.00 0.00 1.17 2.70 4.17 5.63 6.65 6.83 6.66 5.77 4.27 2.65 0.40 0.00 0.00 0.00 0.00
0.00 0.00 0.00 0.00 0.00 0.00 0.00 0.00 0.00 16.11 35.31 54.31 70.25 87.30 92.14 89.30 67.53 50.16 32.04 7.26 0.00 0.00 0.00 0.00
0.00 0.00 0.00 0.00 0.00 0.00 0.00 0.00 0.00 8.79 20.39 31.30 42.94 48.64 49.23 48.22 42.10 30.98 19.09 2.76 0.00 0.00 0.00 0.00
0.00 0.00 0.00 0.00 0.00 0.00 0.00 0.00 0.00 7.57 17.98 27.50 36.26 40.93 41.98 40.68 35.43 26.09 16.15 2.31 0.00 0.00 0.00 0.00
0.00 0.00 0.00 0.00 0.00 0.00 0.00 0.00 0.00 32.69 101.15 153.57 206.32 242.33 259.05 249.66 216.41 160.75 105.51 26.34 0.00 0.00 0.00 0.00
0.00 0.00 0.00 0.00 0.00 0.00 0.00 0.00 0.00 31.10 96.21 146.08 196.25 230.51 246.41 237.48 205.85 152.91 100.36 25.06 0.00 0.00 0.00 0.00
0.00 0.00 0.00 0.00 0.00 0.00 0.00 0.00 0.00 59.80 185.03 280.92 377.41 443.28 473.87 456.69 395.86 294.06 193.00 48.19 0.00 0.00 0.00 0.00
0.00 0.00 0.00 0.00 0.00 0.00 0.00 0.00 0.00 58.81 181.94 276.24 371.12 435.89 465.97 449.08 389.27 289.16 189.79 47.39 0.00 0.00 0.00 0.00
0.00 0.00 0.00 0.00 0.00 0.00 0.00 0.00 0.00 64.72 197.74 299.62 403.11 475.11 492.03 476.04 404.53 301.35 197.05 44.15 0.00 0.00 0.00 0.00
0.00 0.00 0.00 0.00 0.00 0.00 0.00 0.00 0.00 0.81 1.70 2.61 3.46 4.15 4.24 4.15 3.49 2.60 1.59 0.21 0.00 0.00 0.00 0.00
0.00 0.00 0.00 0.00 0.00 0.00 0.00 0.00 0.00 4.09 8.61 13.21 17.55 21.03 21.47 21.02 17.70 13.16 8.04 1.06 0.00 0.00 0.00 0.00
0.00 0.00 0.00 0.00 0.00 0.00 0.00 0.00 0.00 20.88 43.98 67.44 89.60 107.35 109.60 107.31 90.38 67.18 41.04 5.42 0.00 0.00 0.00 0.00
0.00 0.00 0.00 0.00 0.00 0.00 0.00 0.00 0.00 2.23 6.91 10.49 14.09 16.55 17.69 17.05 14.78 10.98 7.21 1.80 0.00 0.00 0.00 0.00
0.00 0.00 0.00 0.00 0.00 0.00 0.00 0.00 0.00 51.31 150.86 227.03 305.50 356.64 373.13 359.04 303.32 226.99 148.26 32.70 0.00 0.00 0.00 0.00
0.00 0.00 0.00 0.00 0.00 0.00 0.00 0.00 0.00 4.38 11.28 16.87 22.80 26.40 28.22 27.22 23.15 17.95 11.57 2.34 0.00 0.00 0.00 0.00
0.00 0.00 0.00 0.00 0.00 0.00 0.00 0.00 0.00 28.78 78.20 115.71 150.19 171.53 174.43 167.63 141.65 105.34 66.54 11.49 0.00 0.00 0.00 0.00
0.00 0.00 0.00 0.00 0.00 0.00 0.00 0.00 0.00 0.86 2.51 3.78 5.09 5.94 6.22 5.98 5.06 3.78 2.47 0.55 0.00 0.00 0.00 0.00
0.00 0.00 0.00 0.00 0.00 0.00 0.00 0.00 0.00 38.49 113.14 170.27 229.12 267.48 279.85 269.28 227.49 170.24 111.19 24.53 0.00 0.00 0.00 0.00
0.00 0.00 0.00 0.00 0.00 0.00 0.00 0.00 0.00 49.39 145.20 218.52 294.04 343.26 359.14 345.58 291.95 218.48 142.70 31.48 0.00 0.00 0.00 0.00
0.00 0.00 0.00 0.00 0.00 0.00 0.00 0.00 0.00 85.34 260.78 395.12 531.61 626.55 648.86 627.77 533.47 397.41 259.86 58.22 0.00 0.00 0.00 0.00
0.00 0.00 0.00 0.00 0.00 0.00 0.00 0.00 0.00 2.08 4.85 7.59 10.36 12.07 12.69 12.29 10.32 7.67 4.80 0.78 0.00 0.00 0.00 0.00
0.00 0.00 0.00 0.00 0.00 0.00 0.00 0.00 0.00 2.60 6.05 9.56 12.99 15.05 15.87 15.40 12.99 9.63 6.02 0.97 0.00 0.00 0.00 0.00
0.00 0.00 0.00 0.00 0.00 0.00 0.00 0.00 0.00 18.08 46.53 69.59 94.06 108.88 116.43 112.29 95.50 74.04 47.75 9.66 0.00 0.00 0.00 0.00
0.00 0.00 0.00 0.00 0.00 0.00 0.00 0.00 0.00 46.82 169.04 264.83 364.56 446.56 474.94 455.85 391.33 298.10 197.16 52.59 0.00 0.00 0.00 0.00
0.00 0.00 0.00 0.00 0.00 0.00 0.00 0.00 0.00 0.70 1.61 2.47 3.36 3.86 3.90 3.73 3.27 2.43 1.48 0.20 0.00 0.00 0.00 0.00
0.00 0.00 0.00 0.00 0.00 0.00 0.00 0.00 0.00 13.42 38.52 57.55 77.67 89.64 92.84 88.98 75.48 55.69 35.91 7.27 0.00 0.00 0.00 0.00
0.00 0.00 0.00 0.00 0.00 0.00 0.00 0.00 0.00 3.90 12.70 19.72 27.38 32.44 34.68 32.81 27.96 20.96 13.54 3.77 0.00 0.00 0.00 0.00
0.00 0.00 0.00 0.00 0.00 0.00 0.00 0.00 0.00 1.84 4.16 6.17 7.91 8.91 9.11 8.64 7.39 5.24 3.08 0.28 0.00 0.00 0.00 0.00
0.00 0.00 0.00 0.00 0.00 0.00 0.00 0.00 0.00 0.92 2.08 3.08 3.95 4.46 4.55 4.32 3.69 2.62 1.54 0.14 0.00 0.00 0.00 0.00
0.00 0.00 0.00 0.00 0.00 0.00 0.00 0.00 0.00 2.01 4.55 6.74 8.65 9.75 9.96 9.45 8.08 5.73 3.37 0.31 0.00 0.00 0.00 0.00
0.00 0.00 0.00 0.00 0.00 0.00 0.00 0.00 0.00 2.43 5.47 8.15 10.56 11.87 12.08 11.58 9.59 6.81 4.02 0.37 0.00 0.00 0.00 0.00
0.00 0.00 0.00 0.00 0.00 0.00 0.00 0.00 0.00 3.70 8.34 12.43 16.09 18.09 18.41 17.65 14.61 10.38 6.13 0.57 0.00 0.00 0.00 0.00
0.00 0.00 0.00 0.00 0.00 0.00 0.00 0.00 0.00 3.21 7.39 11.14 14.47 16.21 16.27 15.78 12.91 8.99 5.35 0.56 0.00 0.00 0.00 0.00
0.00 0.00 0.00 0.00 0.00 0.00 0.00 0.00 0.00 2.51 6.45 9.52 12.40 14.06 14.16 13.37 11.24 8.17 5.05 0.73 0.00 0.00 0.00 0.00
0.00 0.00 0.00 0.00 0.00 0.00 0.00 0.00 0.00 6.49 16.67 24.59 32.04 36.31 36.59 34.55 29.03 21.10 13.05 1.88 0.00 0.00 0.00 0.00
0.00 0.00 0.00 0.00 0.00 0.00 0.00 0.00 0.00 1.59 4.16 6.19 8.13 9.17 9.27 8.83 7.65 5.69 3.55 0.57 0.00 0.00 0.00 0.00
0.00 0.00 0.00 0.00 0.00 0.00 0.00 0.00 0.00 3.20 7.11 11.01 14.30 16.50 17.09 16.53 13.97 10.19 6.14 0.67 0.00 0.00 0.00 0.00
0.00 0.00 0.00 0.00 0.00 0.00 0.00 0.00 0.00 5.82 13.15 20.06 26.06 29.19 29.68 28.72 23.86 17.33 10.40 1.10 0.00 0.00 0.00 0.00
0.00 0.00 0.00 0.00 0.00 0.00 0.00 0.00 0.04 0.88 1.78 2.57 3.16 3.49 3.47 3.33 2.89 2.11 1.22 0.08 0.00 0.00 0.00 0.00
0.00 0.00 0.00 0.00 0.00 0.00 0.00 0.00 0.00 4.72 9.57 14.52 18.31 21.18 21.17 20.65 16.86 12.18 7.22 0.70 0.00 0.00 0.00 0.00
0.00 0.00 0.00 0.00 0.00 0.00 0.00 0.00 0.07 3.25 6.56 9.88 12.19 13.64 13.80 13.29 11.08 7.95 4.65 0.39 0.00 0.00 0.00 0.00
0.00 0.00 0.00 0.00 0.00 0.00 0.00 0.00 0.10 4.49 9.05 13.64 16.83 18.82 19.05 18.34 15.29 10.97 6.41 0.53 0.00 0.00 0.00 0.00
0.00 0.00 0.00 0.00 0.00 0.00 0.00 0.00 0.07 3.06 6.17 9.29 11.46 12.82 12.97 12.49 10.41 7.47 4.37 0.36 0.00 0.00 0.00 0.00
0.00 0.00 0.00 0.00 0.00 0.00 0.00 0.00 0.00 2.52 5.10 7.75 9.76 11.30 11.29 11.01 8.99 6.50 3.85 0.37 0.00 0.00 0.00 0.00
0.00 0.00 0.00 0.00 0.00 0.00 0.00 0.00 0.13 2.55 5.12 7.64 9.26 10.29 10.34 9.70 8.15 5.97 3.46 0.24 0.00 0.00 0.00 0.00
0.00 0.00 0.00 0.00 0.00 0.00 0.00 0.00 0.00 2.31 4.87 7.47 9.93 11.90 12.15 11.89 10.02 7.44 4.55 0.60 0.00 0.00 0.00 0.00
0.00 0.00 0.00 0.00 0.00 0.00 0.00 0.00 0.00 20.97 45.96 70.69 91.44 113.63 119.92 116.24 87.90 65.29 41.71 9.45 0.00 0.00 0.00 0.00
0.00 0.00 0.00 0.00 0.00 0.00 0.00 0.00 0.00 3.22 7.53 11.40 15.50 18.38 18.92 18.51 16.05 11.78 7.32 1.10 0.00 0.00 0.00 0.00
0.00 0.00 0.00 0.00 0.00 0.00 0.00 0.00 0.00 4.87 10.90 17.23 22.96 26.60 26.89 26.73 22.92 16.70 10.22 1.33 0.00 0.00 0.00 0.00
0.00 0.00 0.00 0.00 0.00 0.00 0.00 0.00 0.00 2.23 5.00 7.90 10.53 12.19 12.32 12.25 10.51 7.65 4.68 0.61 0.00 0.00 0.00 0.00
0.00 0.00 0.00 0.00 0.00 0.00 0.00 0.00 0.00 3.97 9.30 14.01 19.14 22.65 23.24 22.59 19.68 14.50 9.00 1.32 0.00 0.00 0.00 0.00
0.00 0.00 0.00 0.00 0.00 0.00 0.00 0.00 0.00 1.70 3.90 6.01 8.17 9.37 9.48 9.06 7.95 5.90 3.61 0.48 0.00 0.00 0.00 0.00
0.00 0.00 0.00 0.00 0.00 0.00 0.00 0.00 0.00 18.72 48.18 72.05 97.38 112.73 120.54 116.25 98.88 76.66 49.43 10.00 0.00 0.00 0.00 0.00
0.00 0.00 0.00 0.00 0.00 0.00 0.00 0.00 0.00 6.88 18.70 27.67 35.92 41.02 41.71 40.09 33.87 25.19 15.91 2.75 0.00 0.00 0.00 0.00
0.00 0.00 0.00 0.00 0.00 0.00 0.00 0.00 0.00 1.55 4.20 6.23 8.19 9.12 9.36 9.04 7.80 5.74 3.64 0.65 0.00 0.00 0.00 0.00
0.00 0.00 0.00 0.00 0.00 0.00 0.00 0.00 0.00 1.96 5.19 7.76 10.01 11.46 11.76 11.23 9.69 7.27 4.61 0.83 0.00 0.00 0.00 0.00
0.00 0.00 0.00 0.00 0.00 0.00 0.00 0.00 0.00 3.13 8.30 12.42 16.02 18.34 18.82 17.97 15.50 11.64 7.38 1.32 0.00 0.00 0.00 0.00
0.00 0.00 0.00 0.00 0.00 0.00 0.00 0.00 0.00 60.80 188.11 285.60 383.70 450.67 481.77 464.30 402.46 298.96 196.22 49.00 0.00 0.00 0.00 0.00
