0.00 0.00 0.00 0.00 0.00 0.00 0.00 0.00 0.41 1.30 2.30 3.19 3.95 4.45 4.57 4.34 3.76 2.83 1.73 0.45 0.00 0.00 0.00 0.00
0.00 0.00 0.00 0.00 0.00 0.00 0.00 0.00 7.98 19.03 29.50 38.08 46.16 44.68 43.37 40.06 31.76 23.01 13.97 2.93 0.00 0.00 0.00 0.00
0.00 0.00 0.00 0.00 0.00 0.00 0.00 0.00 9.33 29.69 52.49 72.93 90.36 101.75 104.41 99.19 85.93 64.62 39.63 10.20 0.00 0.00 0.00 0.00
0.00 0.00 0.00 0.00 0.00 0.00 0.00 0.00 33.17 105.52 186.54 259.20 321.14 361.61 371.05 352.51 305.39 229.66 140.85 36.24 0.00 0.00 0.00 0.00
0.00 0.00 0.00 0.00 0.00 0.00 0.00 0.00 1.64 3.44 4.48 5.75 6.65 7.91 7.71 7.07 5.42 3.86 2.30 0.35 0.00 0.00 0.00 0.00
0.00 0.00 0.00 0.00 0.00 0.00 0.00 0.00 64.22 227.69 416.47 582.54 720.82 806.72 827.16 804.77 705.33 532.17 329.48 90.86 0.00 0.00 0.00 0.00
0.00 0.00 0.00 0.00 0.00 0.00 0.00 0.00 1.32 2.99 4.85 6.40 7.67 8.23 8.30 7.69 5.47 3.99 2.41 0.41 0.00 0.00 0.00 0.00
0.00 0.00 0.00 0.00 0.00 0.00 0.00 0.00 0.53 1.26 1.59 2.11 2.47 2.76 2.72 2.53 2.16 1.58 0.93 0.23 0.00 0.00 0.00 0.00
0.00 0.00 0.00 0.00 0.00 0.00 0.00 0.00 0.86 2.02 2.54 3.37 3.96 4.41 4.35 4.05 3.46 2.53 1.49 0.37 0.00 0.00 0.00 0.00
0.00 0.00 0.00 0.00 0.00 0.00 0.00 0.00 0.86 2.02 2.54 3.37 3.96 4.41 4.35 4.05 3.46 2.53 1.49 0.37 0.00 0.00 0.00 0.00
0.00 0.00 0.00 0.00 0.00 0.00 0.00 0.00 2.63 6.53 10.81 14.55 17.64 16.52 16.70 15.59 8.35 6.03 3.55 0.88 0.00 0.00 0.00 0.00
0.00 0.00 0.00 0.00 0.00 0.00 0.00 0.00 1.24 3.07 5.03 6.83 8.29 7.47 7.45 6.93 3.92 2.83 1.65 0.44 0.00 0.00 0.00 0.00
0.00 0.00 0.00 0.00 0.00 0.00 0.00 0.00 1.59 3.94 6.46 8.78 10.66 9.60 9.57 8.91 5.04 3.64 2.13 0.56 0.00 0.00 0.00 0.00
0.00 0.00 0.00 0.00 0.00 0.00 0.00 0.00 1.06 2.63 4.31 5.86 7.11 6.40 6.38 5.94 3.36 2.43 1.42 0.37 0.00 0.00 0.00 0.00
0.00 0.00 0.00 0.00 0.00 0.00 0.00 0.00 1.06 2.63 4.31 5.86 7.11 6.40 6.38 5.94 3.36 2.43 1.42 0.37 0.00 0.00 0.00 0.00
0.00 0.00 0.00 0.00 0.00 0.00 0.00 0.00 8.23 22.07 34.38 46.38 55.65 66.28 66.47 62.24 75.84 55.80 32.29 8.85 0.00 0.00 0.00 0.00
0.00 0.00 0.00 0.00 0.00 0.00 0.00 0.00 8.03 19.55 32.19 43.02 51.93 39.91 40.32 37.49 23.18 16.73 9.91 2.29 0.00 0.00 0.00 0.00
0.00 0.00 0.00 0.00 0.00 0.00 0.00 0.00 6.50 16.11 26.89 35.87 42.95 44.75 44.33 41.70 29.04 21.48 12.97 2.62 0.00 0.00 0.00 0.00
0.00 0.00 0.00 0.00 0.00 0.00 0.00 0.00 18.94 67.16 122.84 171.83 212.62 237.95 243.98 237.38 208.05 156.97 97.18 26.80 0.00 0.00 0.00 0.00
0.00 0.00 0.00 0.00 0.00 0.00 0.00 0.00 18.02 63.88 116.85 163.45 202.24 226.35 232.08 225.80 197.90 149.31 92.44 25.49 0.00 0.00 0.00 0.00
0.00 0.00 0.00 0.00 0.00 0.00 0.00 0.00 34.65 122.85 224.71 314.32 388.93 435.28 446.31 434.23 380.58 287.14 177.78 49.03 0.00 0.00 0.00 0.00
0.00 0.00 0.00 0.00 0.00 0.00 0.00 0.00 34.07 120.80 220.97 309.08 382.45 428.02 438.87 426.99 374.23 282.35 174.81 48.21 0.00 0.00 0.00 0.00
0.00 0.00 0.00 0.00 0.00 0.00 0.00 0.00 41.52 134.91 238.97 331.15 413.69 464.13 476.83 451.39 394.67 299.17 184.66 49.23 0.00 0.00 0.00 0.00
0.00 0.00 0.00 0.00 0.00 0.00 0.00 0.00 0.53 1.26 1.59 2.11 2.47 2.76 2.72 2.53 2.16 1.58 0.93 0.23 0.00 0.00 0.00 0.00
0.00 0.00 0.00 0.00 0.00 0.00 0.00 0.00 2.71 6.39 8.03 10.67 12.54 13.97 13.76 12.82 10.95 8.01 4.73 1.19 0.00 0.00 0.00 0.00
0.00 0.00 0.00 0.00 0.00 0.00 0.00 0.00 13.83 32.62 41.00 54.50 64.00 71.34 70.26 65.46 55.91 40.92 24.12 6.06 0.00 0.00 0.00 0.00
0.00 0.00 0.00 0.00 0.00 0.00 0.00 0.00 1.29 4.59 8.39 11.73 14.52 16.25 16.66 16.21 14.21 10.72 6.64 1.83 0.00 0.00 0.00 0.00
0.00 0.00 0.00 0.00 0.00 0.00 0.00 0.00 32.66 103.88 183.63 255.16 316.14 355.97 365.27 347.02 300.63 226.08 138.65 35.67 0.00 0.00 0.00 0.00
0.00 0.00 0.00 0.00 0.00 0.00 0.00 0.00 3.32 9.47 16.12 22.24 27.46 30.48 30.46 28.32 22.65 16.62 10.49 2.72 0.00 0.00 0.00 0.00
0.00 0.00 0.00 0.00 0.00 0.00 0.00 0.00 20.00 54.90 93.45 128.12 155.87 173.06 177.54 165.69 138.97 105.18 63.35 14.48 0.00 0.00 0.00 0.00
0.00 0.00 0.00 0.00 0.00 0.00 0.00 0.00 0.54 1.73 3.06 4.25 5.27 5.93 6.09 5.78 5.01 3.77 2.31 0.59 0.00 0.00 0.00 0.00
0.00 0.00 0.00 0.00 0.00 0.00 0.00 0.00 24.49 77.91 137.72 191.37 237.10 266.98 273.95 260.26 225.47 169.56 103.99 26.76 0.00 0.00 0.00 0.00
0.00 0.00 0.00 0.00 0.00 0.00 0.00 0.00 31.43 99.98 176.74 245.59 304.28 342.62 351.57 334.00 289.36 217.60 133.45 34.34 0.00 0.00 0.00 0.00
0.00 0.00 0.00 0.00 0.00 0.00 0.00 0.00 54.76 177.92 315.15 436.70 545.56 612.07 628.82 595.27 520.47 394.54 243.52 64.93 0.00 0.00 0.00 0.00
0.00 0.00 0.00 0.00 0.00 0.00 0.00 0.00 1.87 4.75 8.11 11.02 13.43 13.09 13.10 12.15 7.68 5.61 3.30 0.78 0.00 0.00 0.00 0.00
0.00 0.00 0.00 0.00 0.00 0.00 0.00 0.00 2.36 5.97 10.20 13.86 16.88 15.83 15.81 14.62 9.46 6.91 4.05 0.98 0.00 0.00 0.00 0.00
0.00 0.00 0.00 0.00 0.00 0.00 0.00 0.00 13.68 39.07 66.49 91.76 113.28 125.72 125.65 116.80 93.43 68.57 43.25 11.21 0.00 0.00 0.00 0.00
0.00 0.00 0.00 0.00 0.00 0.00 0.00 0.00 32.54 120.22 225.76 310.88 387.24 442.92 458.35 434.14 378.91 291.10 184.43 54.36 0.00 0.00 0.00 0.00
0.00 0.00 0.00 0.00 0.00 0.00 0.00 0.00 0.64 1.53 2.17 2.95 3.57 2.59 2.60 2.39 1.64 1.19 0.71 0.21 0.00 0.00 0.00 0.00
0.00 0.00 0.00 0.00 0.00 0.00 0.00 0.00 8.88 26.55 45.84 63.13 77.42 87.06 88.37 83.79 73.44 54.81 32.95 8.01 0.00 0.00 0.00 0.00
0.00 0.00 0.00 0.00 0.00 0.00 0.00 0.00 1.88 7.91 14.85 21.10 26.28 29.36 29.88 28.06 24.47 18.60 11.99 3.68 0.00 0.00 0.00 0.00
0.00 0.00 0.00 0.00 0.00 0.00 0.00 0.00 1.59 3.53 5.58 7.25 8.63 9.28 9.40 8.75 6.32 4.54 2.76 0.45 0.00 0.00 0.00 0.00
0.00 0.00 0.00 0.00 0.00 0.00 0.00 0.00 0.79 1.77 2.79 3.62 4.32 4.64 4.70 4.38 3.16 2.27 1.38 0.22 0.00 0.00 0.00 0.00
0.00 0.00 0.00 0.00 0.00 0.00 0.00 0.00 1.74 3.86 6.10 7.93 9.44 10.15 10.28 9.57 6.91 4.97 3.01 0.49 0.00 0.00 0.00 0.00
0.00 0.00 0.00 0.00 0.00 0.00 0.00 0.00 2.06 4.61 7.43 9.70 11.47 12.08 12.05 11.38 7.59 5.51 3.34 0.63 0.00 0.00 0.00 0.00
0.00 0.00 0.00 0.00 0.00 0.00 0.00 0.00 3.14 7.02 11.32 14.78 17.48 18.40 18.36 17.34 11.56 8.40 5.08 0.96 0.00 0.00 0.00 0.00
0.00 0.00 0.00 0.00 0.00 0.00 0.00 0.00 2.64 6.03 9.78 12.96 15.40 16.63 16.70 15.58 11.12 8.11 4.92 0.87 0.00 0.00 0.00 0.00
0.00 0.00 0.00 0.00 0.00 0.00 0.00 0.00 1.82 4.65 7.76 10.46 12.76 13.84 14.09 13.40 10.92 7.97 4.74 1.02 0.00 0.00 0.00 0.00
0.00 0.00 0.00 0.00 0.00 0.00 0.00 0.00 4.69 12.00 20.04 27.02 32.97 35.76 36.40 34.61 28.21 20.59 12.25 2.64 0.00 0.00 0.00 0.00
0.00 0.00 0.00 0.00 0.00 0.00 0.00 0.00 1.18 3.11 5.16 7.08 8.65 9.39 9.43 8.78 7.41 5.50 3.29 0.70 0.00 0.00 0.00 0.00
0.00 0.00 0.00 0.00 0.00 0.00 0.00 0.00 2.41 5.57 6.20 8.37 9.96 12.22 12.27 11.11 7.47 5.36 3.17 1.03 0.00 0.00 0.00 0.00
0.00 0.00 0.00 0.00 0.00 0.00 0.00 0.00 4.84 11.14 16.33 21.74 26.27 26.79 26.70 24.67 15.75 11.50 6.84 1.56 0.00 0.00 0.00 0.00
0.00 0.00 0.00 0.00 0.00 0.00 0.00 0.00 0.55 1.16 1.80 2.28 2.63 3.01 2.97 2.74 2.49 1.77 1.06 0.10 0.00 0.00 0.00 0.00
0.00 0.00 0.00 0.00 0.00 0.00 0.00 0.00 3.17 7.01 10.51 13.67 16.27 17.39 17.09 15.75 12.57 8.93 5.35 0.65 0.00 0.00 0.00 0.00
0.00 0.00 0.00 0.00 0.00 0.00 0.00 0.00 1.98 4.28 6.05 7.78 9.01 10.62 10.49 9.84 7.40 5.32 3.17 0.37 0.00 0.00 0.00 0.00
0.00 0.00 0.00 0.00 0.00 0.00 0.00 0.00 2.74 5.91 8.35 10.73 12.43 14.65 14.47 13.58 10.21 7.34 4.38 0.51 0.00 0.00 0.00 0.00
0.00 0.00 0.00 0.00 0.00 0.00 0.00 0.00 1.86 4.03 5.68 7.31 8.46 9.98 9.86 9.25 6.96 5.00 2.98 0.35 0.00 0.00 0.00 0.00
0.00 0.00 0.00 0.00 0.00 0.00 0.00 0.00 1.69 3.74 5.60 7.29 8.68 9.27 9.11 8.40 6.70 4.76 2.85 0.34 0.00 0.00 0.00 0.00
0.00 0.00 0.00 0.00 0.00 0.00 0.00 0.00 1.31 2.78 3.90 5.10 5.94 7.15 7.05 6.50 5.01 3.57 2.11 0.34 0.00 0.00 0.00 0.00
0.00 0.00 0.00 0.00 0.00 0.00 0.00 0.00 1.53 3.62 4.54 6.04 7.09 7.91 7.79 7.25 6.20 4.53 2.67 0.67 0.00 0.00 0.00 0.00
0.00 0.00 0.00 0.00 0.00 0.00 0.00 0.00 10.71 28.73 44.74 60.36 72.43 86.28 86.51 81.01 98.71 72.63 42.02 11.52 0.00 0.00 0.00 0.00
0.00 0.00 0.00 0.00 0.00 0.00 0.00 0.00 2.98 7.40 12.25 16.50 19.99 18.72 18.92 17.66 9.47 6.83 4.03 1.00 0.00 0.00 0.00 0.00
0.00 0.00 0.00 0.00 0.00 0.00 0.00 0.00 4.29 10.22 10.22 13.85 16.58 16.85 16.70 15.46 15.64 11.15 6.66 2.07 0.00 0.00 0.00 0.00
0.00 0.00 0.00 0.00 0.00 0.00 0.00 0.00 1.97 4.69 4.69 6.35 7.60 7.72 7.65 7.09 7.17 5.11 3.05 0.95 0.00 0.00 0.00 0.00
0.00 0.00 0.00 0.00 0.00 0.00 0.00 0.00 3.68 9.12 15.14 20.30 24.57 22.63 22.97 21.43 11.17 8.09 4.80 1.20 0.00 0.00 0.00 0.00
0.00 0.00 0.00 0.00 0.00 0.00 0.00 0.00 1.56 3.71 5.28 7.17 8.67 6.30 6.32 5.81 3.99 2.90 1.72 0.51 0.00 0.00 0.00 0.00
0.00 0.00 0.00 0.00 0.00 0.00 0.00 0.00 14.16 40.46 68.85 95.00 117.28 130.17 130.09 120.93 96.73 70.99 44.78 11.61 0.00 0.00 0.00 0.00
0.00 0.00 0.00 0.00 0.00 0.00 0.00 0.00 4.78 13.13 22.35 30.64 37.27 41.38 42.46 39.62 33.23 25.15 15.15 3.46 0.00 0.00 0.00 0.00
0.00 0.00 0.00 0.00 0.00 0.00 0.00 0.00 1.07 2.97 5.05 6.86 8.36 9.29 9.52 9.01 7.45 5.52 3.38 0.77 0.00 0.00 0.00 0.00
0.00 0.00 0.00 0.00 0.00 0.00 0.00 0.00 1.36 3.74 6.39 8.82 10.86 12.14 12.05 11.19 9.56 7.00 4.26 1.02 0.00 0.00 0.00 0.00
0.00 0.00 0.00 0.00 0.00 0.00 0.00 0.00 2.17 5.98 10.22 14.11 17.38 19.43 19.28 17.90 15.30 11.21 6.82 1.64 0.00 0.00 0.00 0.00
0.00 0.00 0.00 0.00 0.00 0.00 0.00 0.00 35.23 124.90 228.46 319.56 395.41 442.53 453.75 441.46 386.92 291.93 180.74 49.84 0.00 0.00 0.00 0.00
