0.00 0.00 0.00 0.00 0.00 0.00 0.00 0.00 0.04 1.04 2.12 3.22 4.15 4.59 4.76 4.57 3.87 2.98 1.85 0.66 0.00 0.00 0.00 0.00
0.00 0.00 0.00 0.00 0.00 0.00 0.00 0.00 4.30 17.32 30.04 43.22 53.74 50.30 51.48 49.96 36.21 26.87 16.48 6.11 0.00 0.00 0.00 0.00
0.00 0.00 0.00 0.00 0.00 0.00 0.00 0.00 1.02 23.77 48.49 73.68 94.89 104.97 108.95 104.49 88.38 68.20 42.24 15.18 0.00 0.00 0.00 0.00
0.00 0.00 0.00 0.00 0.00 0.00 0.00 0.00 3.63 84.48 172.34 261.84 337.24 373.05 387.21 371.35 314.11 242.38 150.11 53.94 0.00 0.00 0.00 0.00
0.00 0.00 0.00 0.00 0.00 0.00 0.00 0.00 1.14 3.43 5.35 7.90 9.63 10.61 10.62 9.72 8.44 6.12 3.76 0.54 0.00 0.00 0.00 0.00
0.00 0.00 0.00 0.00 0.00 0.00 0.00 0.00 0.00 180.89 350.97 542.30 694.04 730.08 778.33 755.25 504.80 392.31 251.84 69.75 0.00 0.00 0.00 0.00
0.00 0.00 0.00 0.00 0.00 0.00 0.00 0.00 0.62 2.40 4.27 6.19 7.49 8.27 8.23 7.75 6.75 5.08 3.16 0.65 0.00 0.00 0.00 0.00
0.00 0.00 0.00 0.00 0.00 0.00 0.00 0.00 0.26 1.03 1.84 2.66 3.42 3.85 3.91 3.84 3.19 2.37 1.46 0.33 0.00 0.00 0.00 0.00
0.00 0.00 0.00 0.00 0.00 0.00 0.00 0.00 0.41 1.65 2.94 4.25 5.47 6.16 6.26 6.15 5.11 3.80 2.34 0.53 0.00 0.00 0.00 0.00
0.00 0.00 0.00 0.00 0.00 0.00 0.00 0.00 0.41 1.65 2.94 4.25 5.47 6.16 6.26 6.15 5.11 3.80 2.34 0.53 0.00 0.00 0.00 0.00
0.00 0.00 0.00 0.00 0.00 0.00 0.00 0.00 0.88 4.21 7.44 11.04 14.36 15.91 16.48 15.91 12.75 9.76 6.10 1.37 0.00 0.00 0.00 0.00
0.00 0.00 0.00 0.00 0.00 0.00 0.00 0.00 0.43 2.02 3.57 5.33 6.94 7.64 7.73 7.49 5.84 4.47 2.72 0.64 0.00 0.00 0.00 0.00
0.00 0.00 0.00 0.00 0.00 0.00 0.00 0.00 0.55 2.60 4.60 6.85 8.93 9.83 9.94 9.63 7.51 5.74 3.49 0.83 0.00 0.00 0.00 0.00
0.00 0.00 0.00 0.00 0.00 0.00 0.00 0.00 0.37 1.73 3.06 4.57 5.95 6.55 6.62 6.42 5.00 3.83 2.33 0.55 0.00 0.00 0.00 0.00
0.00 0.00 0.00 0.00 0.00 0.00 0.00 0.00 0.37 1.73 3.06 4.57 5.95 6.55 6.62 6.42 5.00 3.83 2.33 0.55 0.00 0.00 0.00 0.00
0.00 0.00 0.00 0.00 0.00 0.00 0.00 0.00 2.68 15.40 18.86 29.42 39.06 45.90 47.58 45.89 29.15 22.02 12.98 4.60 0.00 0.00 0.00 0.00
0.00 0.00 0.00 0.00 0.00 0.00 0.00 0.00 2.81 12.67 21.58 31.89 41.10 50.68 51.85 48.94 40.59 31.27 19.01 3.96 0.00 0.00 0.00 0.00
0.00 0.00 0.00 0.00 0.00 0.00 0.00 0.00 2.25 10.89 19.46 28.30 35.99 43.79 44.39 42.62 35.97 27.47 17.28 3.77 0.00 0.00 0.00 0.00
0.00 0.00 0.00 0.00 0.00 0.00 0.00 0.00 0.00 53.35 103.52 159.96 204.72 215.35 229.58 222.77 148.90 115.72 74.29 20.57 0.00 0.00 0.00 0.00
0.00 0.00 0.00 0.00 0.00 0.00 0.00 0.00 0.00 50.75 98.47 152.15 194.73 204.84 218.38 211.91 141.63 110.07 70.66 19.57 0.00 0.00 0.00 0.00
0.00 0.00 0.00 0.00 0.00 0.00 0.00 0.00 0.00 97.60 189.37 292.61 374.48 393.93 419.96 407.51 272.37 211.68 135.89 37.64 0.00 0.00 0.00 0.00
0.00 0.00 0.00 0.00 0.00 0.00 0.00 0.00 0.00 95.97 186.22 287.73 368.24 387.36 412.96 400.72 267.83 208.15 133.62 37.01 0.00 0.00 0.00 0.00
0.00 0.00 0.00 0.00 0.00 0.00 0.00 0.00 2.69 106.34 225.32 346.89 450.63 504.35 512.98 486.12 424.98 324.02 204.95 66.57 0.00 0.00 0.00 0.00
0.00 0.00 0.00 0.00 0.00 0.00 0.00 0.00 0.26 1.03 1.84 2.66 3.42 3.85 3.91 3.84 3.19 2.37 1.46 0.33 0.00 0.00 0.00 0.00
0.00 0.00 0.00 0.00 0.00 0.00 0.00 0.00 1.31 5.24 9.31 13.46 17.33 19.50 19.81 19.47 16.17 12.02 7.40 1.68 0.00 0.00 0.00 0.00
0.00 0.00 0.00 0.00 0.00 0.00 0.00 0.00 6.70 26.73 47.51 68.72 88.46 99.56 101.13 99.42 82.57 61.38 37.80 8.57 0.00 0.00 0.00 0.00
0.00 0.00 0.00 0.00 0.00 0.00 0.00 0.00 0.00 3.64 7.07 10.92 13.98 14.71 15.68 15.21 10.17 7.90 5.07 1.41 0.00 0.00 0.00 0.00
0.00 0.00 0.00 0.00 0.00 0.00 0.00 0.00 3.57 83.17 169.65 257.76 331.98 367.24 381.18 365.56 309.21 238.61 147.77 53.10 0.00 0.00 0.00 0.00
0.00 0.00 0.00 0.00 0.00 0.00 0.00 0.00 0.70 5.79 10.40 15.70 21.25 21.28 22.25 21.77 19.19 14.99 9.83 2.48 0.00 0.00 0.00 0.00
0.00 0.00 0.00 0.00 0.00 0.00 0.00 0.00 5.65 44.37 87.60 131.17 167.54 188.17 195.84 187.72 162.33 122.99 76.37 20.91 0.00 0.00 0.00 0.00
0.00 0.00 0.00 0.00 0.00 0.00 0.00 0.00 0.06 1.39 2.83 4.30 5.53 6.12 6.35 6.09 5.15 3.98 2.46 0.89 0.00 0.00 0.00 0.00
0.00 0.00 0.00 0.00 0.00 0.00 0.00 0.00 2.68 62.37 127.24 193.32 248.99 275.43 285.88 274.17 231.91 178.95 110.83 39.83 0.00 0.00 0.00 0.00
0.00 0.00 0.00 0.00 0.00 0.00 0.00 0.00 3.44 80.05 163.29 248.09 319.53 353.47 366.88 351.86 297.62 229.66 142.23 51.11 0.00 0.00 0.00 0.00
0.00 0.00 0.00 0.00 0.00 0.00 0.00 0.00 3.55 140.24 297.14 457.46 594.27 665.11 676.49 641.08 560.45 427.30 270.28 87.79 0.00 0.00 0.00 0.00
0.00 0.00 0.00 0.00 0.00 0.00 0.00 0.00 0.62 3.14 5.68 8.51 11.06 10.63 10.93 10.64 9.24 7.01 4.32 1.20 0.00 0.00 0.00 0.00
0.00 0.00 0.00 0.00 0.00 0.00 0.00 0.00 0.80 3.99 7.16 10.47 13.70 13.81 14.13 13.69 11.46 8.71 5.36 1.41 0.00 0.00 0.00 0.00
0.00 0.00 0.00 0.00 0.00 0.00 0.00 0.00 2.90 23.88 42.88 64.75 87.66 87.77 91.78 89.80 79.15 61.85 40.53 10.21 0.00 0.00 0.00 0.00
0.00 0.00 0.00 0.00 0.00 0.00 0.00 0.00 0.00 94.12 211.05 326.54 429.76 500.45 516.02 495.56 433.87 347.78 223.90 77.26 0.00 0.00 0.00 0.00
0.00 0.00 0.00 0.00 0.00 0.00 0.00 0.00 0.23 1.00 1.63 2.45 3.13 3.98 4.11 3.92 3.31 2.52 1.56 0.32 0.00 0.00 0.00 0.00
0.00 0.00 0.00 0.00 0.00 0.00 0.00 0.00 1.62 21.00 43.17 66.03 84.72 94.89 97.47 93.23 79.21 60.18 37.81 11.63 0.00 0.00 0.00 0.00
0.00 0.00 0.00 0.00 0.00 0.00 0.00 0.00 0.00 4.37 9.11 13.96 18.47 18.30 18.59 18.17 16.13 12.49 8.19 3.61 0.00 0.00 0.00 0.00
0.00 0.00 0.00 0.00 0.00 0.00 0.00 0.00 0.75 2.76 4.88 7.11 8.78 9.76 9.64 8.87 7.44 5.65 3.55 0.69 0.00 0.00 0.00 0.00
0.00 0.00 0.00 0.00 0.00 0.00 0.00 0.00 0.38 1.38 2.44 3.56 4.39 4.88 4.82 4.44 3.72 2.83 1.78 0.35 0.00 0.00 0.00 0.00
0.00 0.00 0.00 0.00 0.00 0.00 0.00 0.00 0.82 3.02 5.34 7.78 9.60 10.68 10.55 9.70 8.14 6.18 3.88 0.75 0.00 0.00 0.00 0.00
0.00 0.00 0.00 0.00 0.00 0.00 0.00 0.00 0.99 3.67 6.39 9.42 11.41 12.67 12.56 11.76 9.95 7.59 4.72 0.93 0.00 0.00 0.00 0.00
0.00 0.00 0.00 0.00 0.00 0.00 0.00 0.00 1.51 5.59 9.73 14.35 17.38 19.31 19.14 17.92 15.17 11.56 7.19 1.42 0.00 0.00 0.00 0.00
0.00 0.00 0.00 0.00 0.00 0.00 0.00 0.00 1.25 4.87 8.67 12.59 15.17 16.74 16.81 15.91 13.72 10.51 6.55 1.41 0.00 0.00 0.00 0.00
0.00 0.00 0.00 0.00 0.00 0.00 0.00 0.00 0.65 3.78 7.23 10.56 13.09 14.80 15.44 14.85 12.59 9.56 5.82 1.49 0.00 0.00 0.00 0.00
0.00 0.00 0.00 0.00 0.00 0.00 0.00 0.00 1.67 9.76 18.67 27.27 33.82 38.24 39.89 38.37 32.52 24.69 15.04 3.86 0.00 0.00 0.00 0.00
0.00 0.00 0.00 0.00 0.00 0.00 0.00 0.00 0.39 2.44 4.75 7.06 9.12 10.27 10.58 10.00 8.51 6.45 4.00 1.04 0.00 0.00 0.00 0.00
0.00 0.00 0.00 0.00 0.00 0.00 0.00 0.00 1.16 4.48 7.09 10.40 13.00 16.53 17.02 16.31 14.46 11.01 6.91 1.51 0.00 0.00 0.00 0.00
0.00 0.00 0.00 0.00 0.00 0.00 0.00 0.00 2.16 8.46 14.39 20.58 25.26 30.29 30.71 29.20 25.83 19.58 12.01 2.66 0.00 0.00 0.00 0.00
0.00 0.00 0.00 0.00 0.00 0.00 0.00 0.00 0.36 1.11 1.70 2.44 3.00 3.18 3.17 3.00 2.69 2.00 1.23 0.24 0.00 0.00 0.00 0.00
0.00 0.00 0.00 0.00 0.00 0.00 0.00 0.00 1.68 5.70 9.21 13.46 17.23 19.44 19.64 18.60 15.96 11.97 7.44 1.35 0.00 0.00 0.00 0.00
0.00 0.00 0.00 0.00 0.00 0.00 0.00 0.00 1.26 4.03 6.30 9.05 11.30 12.97 12.80 12.06 10.96 8.12 4.99 0.87 0.00 0.00 0.00 0.00
0.00 0.00 0.00 0.00 0.00 0.00 0.00 0.00 1.73 5.57 8.69 12.49 15.60 17.90 17.66 16.65 15.12 11.21 6.88 1.20 0.00 0.00 0.00 0.00
0.00 0.00 0.00 0.00 0.00 0.00 0.00 0.00 1.18 3.79 5.92 8.51 10.63 12.19 12.03 11.34 10.30 7.64 4.69 0.81 0.00 0.00 0.00 0.00
0.00 0.00 0.00 0.00 0.00 0.00 0.00 0.00 0.90 3.04 4.91 7.18 9.19 10.37 10.47 9.92 8.51 6.39 3.97 0.72 0.00 0.00 0.00 0.00
0.00 0.00 0.00 0.00 0.00 0.00 0.00 0.00 1.01 3.11 4.82 6.95 8.57 9.69 9.80 9.05 7.75 5.70 3.51 0.57 0.00 0.00 0.00 0.00
0.00 0.00 0.00 0.00 0.00 0.00 0.00 0.00 0.74 2.96 5.26 7.62 9.80 11.03 11.21 11.02 9.15 6.80 4.19 0.95 0.00 0.00 0.00 0.00
0.00 0.00 0.00 0.00 0.00 0.00 0.00 0.00 3.49 20.04 24.55 38.29 50.83 59.74 61.93 59.73 37.95 28.66 16.89 5.98 0.00 0.00 0.00 0.00
0.00 0.00 0.00 0.00 0.00 0.00 0.00 0.00 1.00 4.77 8.44 12.52 16.28 18.03 18.68 18.03 14.44 11.06 6.91 1.55 0.00 0.00 0.00 0.00
0.00 0.00 0.00 0.00 0.00 0.00 0.00 0.00 1.67 6.98 11.45 17.09 22.46 28.41 28.43 27.30 20.20 15.38 9.74 2.18 0.00 0.00 0.00 0.00
0.00 0.00 0.00 0.00 0.00 0.00 0.00 0.00 0.77 3.20 5.25 7.83 10.29 13.02 13.03 12.51 9.26 7.05 4.46 1.00 0.00 0.00 0.00 0.00
0.00 0.00 0.00 0.00 0.00 0.00 0.00 0.00 1.23 5.85 10.27 15.20 19.59 22.39 23.30 22.35 18.23 14.02 8.89 1.89 0.00 0.00 0.00 0.00
0.00 0.00 0.00 0.00 0.00 0.00 0.00 0.00 0.57 2.43 3.97 5.94 7.60 9.66 9.97 9.51 8.05 6.12 3.79 0.77 0.00 0.00 0.00 0.00
0.00 0.00 0.00 0.00 0.00 0.00 0.00 0.00 3.00 24.73 44.40 67.04 90.76 90.87 95.03 92.98 81.94 64.04 41.97 10.57 0.00 0.00 0.00 0.00
0.00 0.00 0.00 0.00 0.00 0.00 0.00 0.00 1.35 10.61 20.95 31.37 40.06 45.00 46.83 44.89 38.82 29.41 18.26 5.00 0.00 0.00 0.00 0.00
0.00 0.00 0.00 0.00 0.00 0.00 0.00 0.00 0.29 2.34 4.63 7.03 9.01 10.18 10.49 10.17 8.72 6.52 4.06 1.12 0.00 0.00 0.00 0.00
0.00 0.00 0.00 0.00 0.00 0.00 0.00 0.00 0.40 3.02 5.68 8.53 10.87 12.26 12.63 12.16 10.43 7.90 4.94 1.47 0.00 0.00 0.00 0.00
0.00 0.00 0.00 0.00 0.00 0.00 0.00 0.00 0.63 4.83 9.09 13.64 17.40 19.61 20.21 19.46 16.68 12.63 7.91 2.35 0.00 0.00 0.00 0.00
0.00 0.00 0.00 0.00 0.00 0.00 0.00 0.00 0.00 99.23 192.53 297.48 380.72 400.49 426.96 414.30 276.91 215.21 138.15 38.26 0.00 0.00 0.00 0.00
