0.00 0.00 0.00 0.00 0.00 0.00 0.00 0.13 0.89 1.63 2.62 3.42 3.98 4.05 4.18 4.04 3.70 3.06 2.20 1.14 0.52 0.00 0.00 0.00
0.00 0.00 0.00 0.00 0.00 0.00 0.00 4.61 21.44 37.41 55.18 70.93 81.73 91.10 92.58 88.09 73.94 58.59 39.88 18.03 5.29 0.00 0.00 0.00
0.00 0.00 0.00 0.00 0.00 0.00 0.00 2.95 20.41 37.36 59.83 78.13 91.02 92.65 95.59 92.32 84.71 69.94 50.32 26.02 11.96 0.00 0.00 0.00
0.00 0.00 0.00 0.00 0.00 0.00 0.00 10.48 72.52 132.79 212.63 277.67 323.49 329.27 339.73 328.08 301.06 248.56 178.82 92.46 42.50 0.00 0.00 0.00
0.00 0.00 0.00 0.00 0.00 0.00 0.00 1.44 4.30 6.98 9.67 12.05 13.62 13.69 13.70 12.90 12.10 9.46 6.24 2.36 0.58 0.00 0.00 0.00
0.00 0.00 0.00 0.00 0.00 0.00 0.00 12.56 177.77 338.84 527.86 692.77 809.67 897.18 926.42 914.87 839.93 694.63 509.17 310.23 144.69 0.00 0.00 0.00
0.00 0.00 0.00 0.00 0.00 0.00 0.00 0.91 2.74 4.46 6.40 8.02 9.16 9.02 9.02 8.65 6.55 5.29 3.67 1.88 0.70 0.00 0.00 0.00
0.00 0.00 0.00 0.00 0.00 0.00 0.00 0.31 1.29 2.20 3.31 4.28 4.93 5.52 5.55 5.24 4.65 3.75 2.55 1.20 0.37 0.00 0.00 0.00
0.00 0.00 0.00 0.00 0.00 0.00 0.00 0.50 2.06 3.53 5.29 6.85 7.89 8.84 8.88 8.39 7.44 6.01 4.08 1.92 0.60 0.00 0.00 0.00
0.00 0.00 0.00 0.00 0.00 0.00 0.00 0.50 2.06 3.53 5.29 6.85 7.89 8.84 8.88 8.39 7.44 6.01 4.08 1.92 0.60 0.00 0.00 0.00
0.00 0.00 0.00 0.00 0.00 0.00 0.00 1.08 4.76 8.25 12.63 16.67 19.30 19.21 19.38 18.40 13.51 10.72 7.35 3.72 1.32 0.00 0.00 0.00
0.00 0.00 0.00 0.00 0.00 0.00 0.00 0.50 2.23 3.87 5.97 7.81 9.04 9.10 9.24 8.77 6.43 5.11 3.48 1.84 0.65 0.00 0.00 0.00
0.00 0.00 0.00 0.00 0.00 0.00 0.00 0.65 2.87 4.97 7.67 10.04 11.62 11.70 11.88 11.27 8.27 6.57 4.47 2.37 0.84 0.00 0.00 0.00
0.00 0.00 0.00 0.00 0.00 0.00 0.00 0.43 1.91 3.32 5.11 6.70 7.75 7.80 7.92 7.51 5.51 4.38 2.98 1.58 0.56 0.00 0.00 0.00
0.00 0.00 0.00 0.00 0.00 0.00 0.00 0.43 1.91 3.32 5.11 6.70 7.75 7.80 7.92 7.51 5.51 4.38 2.98 1.58 0.56 0.00 0.00 0.00
0.00 0.00 0.00 0.00 0.00 0.00 0.00 2.48 23.58 43.68 67.44 86.87 100.51 112.58 114.04 108.52 100.52 78.45 54.47 27.27 9.02 0.00 0.00 0.00
0.00 0.00 0.00 0.00 0.00 0.00 0.00 3.64 14.88 25.54 38.86 50.90 59.52 57.17 56.69 53.06 34.76 27.64 19.03 8.93 3.15 0.00 0.00 0.00
0.00 0.00 0.00 0.00 0.00 0.00 0.00 3.20 13.06 22.43 27.07 35.17 41.26 33.12 32.93 30.70 23.87 19.07 13.08 7.57 2.81 0.00 0.00 0.00
0.00 0.00 0.00 0.00 0.00 0.00 0.00 3.71 52.44 99.94 155.70 204.34 238.82 264.64 273.26 269.85 247.75 204.89 150.19 91.51 42.68 0.00 0.00 0.00
0.00 0.00 0.00 0.00 0.00 0.00 0.00 3.52 49.88 95.07 148.11 194.37 227.17 251.73 259.93 256.69 235.66 194.90 142.86 87.04 40.60 0.00 0.00 0.00
0.00 0.00 0.00 0.00 0.00 0.00 0.00 6.78 95.92 182.83 284.82 373.79 436.87 484.09 499.87 493.63 453.20 374.80 274.73 167.39 78.07 0.00 0.00 0.00
0.00 0.00 0.00 0.00 0.00 0.00 0.00 6.67 94.32 179.78 280.07 367.57 429.59 476.02 491.54 485.41 445.64 368.55 270.15 164.60 76.77 0.00 0.00 0.00
0.00 0.00 0.00 0.00 0.00 0.00 0.00 17.83 114.06 207.55 296.36 391.04 461.33 498.30 513.17 498.15 450.10 370.83 269.99 140.76 66.77 0.00 0.00 0.00
0.00 0.00 0.00 0.00 0.00 0.00 0.00 0.31 1.29 2.20 3.31 4.28 4.93 5.52 5.55 5.24 4.65 3.75 2.55 1.20 0.37 0.00 0.00 0.00
0.00 0.00 0.00 0.00 0.00 0.00 0.00 1.58 6.52 11.17 16.76 21.69 24.98 27.98 28.12 26.56 23.57 19.02 12.93 6.08 1.89 0.00 0.00 0.00
0.00 0.00 0.00 0.00 0.00 0.00 0.00 8.05 33.28 57.02 85.57 110.75 127.54 142.85 143.55 135.62 120.34 97.12 66.01 31.04 9.67 0.00 0.00 0.00
0.00 0.00 0.00 0.00 0.00 0.00 0.00 0.25 3.58 6.83 10.63 13.96 16.31 18.07 18.66 18.43 16.92 13.99 10.26 6.25 2.91 0.00 0.00 0.00
0.00 0.00 0.00 0.00 0.00 0.00 0.00 10.31 71.39 130.72 209.32 273.35 318.44 324.14 334.44 322.97 296.37 244.68 176.03 91.02 41.84 0.00 0.00 0.00
0.00 0.00 0.00 0.00 0.00 0.00 0.00 0.88 6.34 11.61 17.82 24.23 29.04 28.91 28.97 27.63 22.74 18.42 12.82 8.64 3.47 0.00 0.00 0.00
0.00 0.00 0.00 0.00 0.00 0.00 0.00 8.95 36.84 63.87 114.21 147.63 171.35 185.96 189.19 179.12 138.61 114.30 82.39 55.06 24.48 0.00 0.00 0.00
0.00 0.00 0.00 0.00 0.00 0.00 0.00 0.17 1.19 2.18 3.49 4.56 5.31 5.40 5.57 5.38 4.94 4.08 2.93 1.52 0.70 0.00 0.00 0.00
0.00 0.00 0.00 0.00 0.00 0.00 0.00 7.74 53.54 98.04 156.99 205.01 238.83 243.11 250.83 242.23 222.28 183.51 132.03 68.27 31.38 0.00 0.00 0.00
0.00 0.00 0.00 0.00 0.00 0.00 0.00 9.93 68.71 125.82 201.47 263.09 306.50 311.98 321.90 310.86 285.26 235.51 169.43 87.61 40.27 0.00 0.00 0.00
0.00 0.00 0.00 0.00 0.00 0.00 0.00 23.52 150.42 273.70 390.83 515.68 608.38 657.13 676.74 656.93 593.57 489.03 356.05 185.63 88.05 0.00 0.00 0.00
0.00 0.00 0.00 0.00 0.00 0.00 0.00 0.68 3.39 5.96 9.34 12.18 14.31 15.45 15.53 14.47 12.52 10.02 6.88 3.65 1.30 0.00 0.00 0.00
0.00 0.00 0.00 0.00 0.00 0.00 0.00 0.88 4.26 7.46 11.74 15.34 17.84 18.97 19.08 17.90 14.68 11.72 8.09 4.29 1.52 0.00 0.00 0.00
0.00 0.00 0.00 0.00 0.00 0.00 0.00 3.63 26.15 47.87 73.52 99.94 119.78 119.25 119.52 113.97 93.79 75.99 52.88 35.63 14.30 0.00 0.00 0.00
0.00 0.00 0.00 0.00 0.00 0.00 0.00 19.95 116.26 210.50 314.44 421.88 506.90 560.58 572.38 547.14 502.72 416.43 302.28 186.82 97.27 6.43 0.00 0.00
0.00 0.00 0.00 0.00 0.00 0.00 0.00 0.32 1.23 2.08 3.07 4.02 4.68 4.42 4.40 4.08 2.60 2.07 1.43 0.59 0.20 0.00 0.00 0.00
0.00 0.00 0.00 0.00 0.00 0.00 0.00 3.69 19.73 35.29 43.49 57.21 66.45 70.27 71.61 68.47 56.13 46.45 33.24 22.02 9.99 0.00 0.00 0.00
0.00 0.00 0.00 0.00 0.00 0.00 0.00 0.00 5.84 11.67 18.25 24.58 29.08 32.12 32.84 31.75 27.31 22.64 16.61 10.91 5.23 0.00 0.00 0.00
0.00 0.00 0.00 0.00 0.00 0.00 0.00 1.09 3.15 5.10 7.36 9.27 10.47 11.04 10.90 10.40 8.58 6.81 4.78 2.27 0.82 0.00 0.00 0.00
0.00 0.00 0.00 0.00 0.00 0.00 0.00 0.54 1.58 2.55 3.68 4.64 5.23 5.52 5.45 5.20 4.29 3.41 2.39 1.14 0.41 0.00 0.00 0.00
0.00 0.00 0.00 0.00 0.00 0.00 0.00 1.19 3.45 5.58 8.05 10.14 11.45 12.07 11.92 11.38 9.38 7.45 5.23 2.49 0.90 0.00 0.00 0.00
0.00 0.00 0.00 0.00 0.00 0.00 0.00 1.40 4.16 6.76 9.79 12.36 14.05 14.29 14.05 13.41 11.16 8.99 6.24 3.00 1.07 0.00 0.00 0.00
0.00 0.00 0.00 0.00 0.00 0.00 0.00 2.13 6.33 10.30 14.93 18.83 21.41 21.77 21.42 20.43 17.01 13.70 9.50 4.57 1.64 0.00 0.00 0.00
0.00 0.00 0.00 0.00 0.00 0.00 0.00 1.83 5.60 9.16 13.11 16.28 18.66 17.58 17.64 16.79 11.51 9.16 6.45 3.78 1.40 0.00 0.00 0.00
0.00 0.00 0.00 0.00 0.00 0.00 0.00 0.98 3.42 5.77 8.70 11.37 13.21 14.74 14.77 14.16 11.59 9.37 6.67 4.63 2.01 0.00 0.00 0.00
0.00 0.00 0.00 0.00 0.00 0.00 0.00 2.53 8.83 14.91 22.46 29.38 34.13 38.09 38.16 36.59 29.94 24.22 17.23 11.96 5.18 0.00 0.00 0.00
0.00 0.00 0.00 0.00 0.00 0.00 0.00 0.60 2.30 3.95 6.86 8.88 10.31 9.09 9.06 8.59 6.95 5.61 4.01 2.84 1.22 0.00 0.00 0.00
0.00 0.00 0.00 0.00 0.00 0.00 0.00 1.59 5.58 9.34 13.79 17.78 20.39 20.86 20.73 19.39 14.61 11.80 8.15 3.30 1.10 0.00 0.00 0.00
0.00 0.00 0.00 0.00 0.00 0.00 0.00 3.03 9.96 16.50 23.80 30.32 34.72 34.21 34.59 32.45 19.62 15.54 10.67 5.54 1.95 0.00 0.00 0.00
0.00 0.00 0.00 0.00 0.00 0.00 0.00 0.46 1.37 2.22 3.10 3.84 4.27 4.05 4.00 3.71 3.11 2.46 1.68 0.82 0.22 0.00 0.00 0.00
0.00 0.00 0.00 0.00 0.00 0.00 0.00 2.17 7.29 12.08 17.65 22.30 25.09 23.48 23.16 21.83 18.46 14.89 10.22 5.74 1.62 0.00 0.00 0.00
0.00 0.00 0.00 0.00 0.00 0.00 0.00 1.60 5.07 8.31 11.85 14.81 16.53 15.55 15.21 14.62 11.45 9.16 6.25 3.66 0.98 0.00 0.00 0.00
0.00 0.00 0.00 0.00 0.00 0.00 0.00 2.21 6.99 11.47 16.36 20.43 22.81 21.46 20.99 20.18 15.80 12.64 8.63 5.05 1.36 0.00 0.00 0.00
0.00 0.00 0.00 0.00 0.00 0.00 0.00 1.51 4.76 7.81 11.14 13.92 15.54 14.62 14.30 13.74 10.76 8.61 5.88 3.44 0.93 0.00 0.00 0.00
0.00 0.00 0.00 0.00 0.00 0.00 0.00 1.16 3.89 6.44 9.41 11.89 13.38 12.52 12.35 11.64 9.85 7.94 5.45 3.06 0.86 0.00 0.00 0.00
0.00 0.00 0.00 0.00 0.00 0.00 0.00 1.23 3.76 6.13 8.80 10.97 12.34 12.69 12.76 12.13 10.65 8.39 5.56 2.34 0.59 0.00 0.00 0.00
0.00 0.00 0.00 0.00 0.00 0.00 0.00 0.89 3.69 6.32 9.48 12.27 14.14 15.83 15.91 15.03 13.34 10.76 7.32 3.44 1.07 0.00 0.00 0.00
0.00 0.00 0.00 0.00 0.00 0.00 0.00 3.23 30.70 56.86 87.78 113.07 130.82 146.54 148.43 141.24 130.83 102.11 70.89 35.50 11.74 0.00 0.00 0.00
0.00 0.00 0.00 0.00 0.00 0.00 0.00 1.22 5.39 9.35 14.31 18.90 21.87 21.77 21.97 20.85 15.31 12.15 8.33 4.22 1.50 0.00 0.00 0.00
0.00 0.00 0.00 0.00 0.00 0.00 0.00 2.16 8.46 14.38 21.29 27.58 32.11 32.72 32.46 30.43 22.22 17.44 11.95 6.11 2.06 0.00 0.00 0.00
0.00 0.00 0.00 0.00 0.00 0.00 0.00 0.99 3.88 6.59 9.76 12.64 14.72 15.00 14.88 13.95 10.18 8.00 5.48 2.80 0.94 0.00 0.00 0.00
0.00 0.00 0.00 0.00 0.00 0.00 0.00 1.55 6.77 11.74 17.77 23.43 27.18 27.07 27.27 25.81 19.15 15.21 10.42 4.88 1.74 0.00 0.00 0.00
0.00 0.00 0.00 0.00 0.00 0.00 0.00 0.77 2.98 5.06 7.46 9.76 11.36 10.74 10.68 9.91 6.32 5.03 3.47 1.43 0.50 0.00 0.00 0.00
0.00 0.00 0.00 0.00 0.00 0.00 0.00 3.76 27.07 49.57 76.12 103.48 124.02 123.46 123.75 118.00 97.11 78.67 54.75 36.89 14.80 0.00 0.00 0.00
0.00 0.00 0.00 0.00 0.00 0.00 0.00 2.14 8.81 15.27 27.31 35.30 40.98 44.47 45.24 42.83 33.15 27.33 19.70 13.17 5.85 0.00 0.00 0.00
0.00 0.00 0.00 0.00 0.00 0.00 0.00 0.55 2.35 4.11 6.26 8.09 9.42 9.67 9.77 9.24 6.33 5.14 3.70 2.84 1.25 0.00 0.00 0.00
0.00 0.00 0.00 0.00 0.00 0.00 0.00 0.62 2.83 4.95 7.37 9.53 11.01 11.58 11.58 11.06 7.98 6.58 4.76 3.48 1.50 0.00 0.00 0.00
0.00 0.00 0.00 0.00 0.00 0.00 0.00 0.99 4.52 7.92 11.78 15.25 17.62 18.52 18.53 17.69 12.76 10.53 7.62 5.57 2.40 0.00 0.00 0.00
0.00 0.00 0.00 0.00 0.00 0.00 0.00 6.89 97.52 185.87 289.57 380.02 444.15 492.16 508.20 501.86 460.75 381.04 279.31 170.18 79.37 0.00 0.00 0.00
