0.00 0.00 0.00 0.00 0.00 0.00 0.00 0.18 1.12 2.03 3.11 4.05 4.69 5.14 5.29 5.10 4.63 3.83 2.76 1.65 0.76 0.00 0.00 0.00
0.00 0.00 0.00 0.00 0.00 0.00 0.00 4.97 21.76 37.66 55.49 71.23 82.01 91.92 93.38 88.83 74.69 59.20 40.32 18.39 5.44 0.00 0.00 0.00
0.00 0.00 0.00 0.00 0.00 0.00 0.00 4.13 25.58 46.42 71.22 92.50 107.24 117.58 121.01 116.57 105.93 87.52 63.03 37.67 17.43 0.00 0.00 0.00
0.00 0.00 0.00 0.00 0.00 0.00 0.00 14.67 90.91 164.98 253.11 328.73 381.13 417.88 430.07 414.29 376.45 311.05 224.01 133.87 61.95 0.00 0.00 0.00
0.00 0.00 0.00 0.00 0.00 0.00 0.00 1.52 4.40 7.09 10.01 12.45 14.05 16.16 16.17 15.22 13.15 10.30 6.81 2.97 0.75 0.00 0.00 0.00
0.00 0.00 0.00 0.00 0.00 0.00 0.00 16.77 186.38 352.34 543.72 710.02 826.29 910.70 938.54 925.14 864.77 715.58 524.96 319.36 149.73 0.00 0.00 0.00
0.00 0.00 0.00 0.00 0.00 0.00 0.00 0.95 2.77 4.49 6.45 8.07 9.21 9.56 9.54 9.13 8.42 6.79 4.72 2.39 0.89 0.00 0.00 0.00
0.00 0.00 0.00 0.00 0.00 0.00 0.00 0.33 1.31 2.23 3.34 4.32 4.97 5.75 5.78 5.47 4.81 3.88 2.64 1.25 0.39 0.00 0.00 0.00
0.00 0.00 0.00 0.00 0.00 0.00 0.00 0.53 2.10 3.57 5.34 6.91 7.96 9.19 9.25 8.75 7.70 6.21 4.22 2.00 0.63 0.00 0.00 0.00
0.00 0.00 0.00 0.00 0.00 0.00 0.00 0.53 2.10 3.57 5.34 6.91 7.96 9.19 9.25 8.75 7.70 6.21 4.22 2.00 0.63 0.00 0.00 0.00
0.00 0.00 0.00 0.00 0.00 0.00 0.00 1.17 4.90 8.44 12.83 16.93 19.58 20.48 20.67 19.62 17.07 13.55 9.31 5.26 1.89 0.00 0.00 0.00
0.00 0.00 0.00 0.00 0.00 0.00 0.00 0.55 2.30 3.95 6.06 7.92 9.17 9.37 9.53 9.05 8.01 6.36 4.34 2.47 0.88 0.00 0.00 0.00
0.00 0.00 0.00 0.00 0.00 0.00 0.00 0.71 2.95 5.08 7.79 10.19 11.79 12.05 12.25 11.64 10.30 8.18 5.58 3.18 1.13 0.00 0.00 0.00
0.00 0.00 0.00 0.00 0.00 0.00 0.00 0.47 1.97 3.39 5.19 6.79 7.86 8.04 8.17 7.76 6.87 5.46 3.72 2.12 0.76 0.00 0.00 0.00
0.00 0.00 0.00 0.00 0.00 0.00 0.00 0.47 1.97 3.39 5.19 6.79 7.86 8.04 8.17 7.76 6.87 5.46 3.72 2.12 0.76 0.00 0.00 0.00
0.00 0.00 0.00 0.00 0.00 0.00 0.00 2.87 23.65 43.50 67.35 86.70 100.32 112.47 113.95 108.47 101.00 78.89 54.83 27.69 9.20 0.00 0.00 0.00
0.00 0.00 0.00 0.00 0.00 0.00 0.00 3.93 15.31 26.10 39.51 51.69 60.42 61.99 61.41 57.45 51.16 40.71 28.06 15.08 5.37 0.00 0.00 0.00
0.00 0.00 0.00 0.00 0.00 0.00 0.00 3.49 13.51 23.01 33.29 43.06 50.31 54.15 53.68 49.89 46.14 36.95 25.40 13.58 5.09 0.00 0.00 0.00
0.00 0.00 0.00 0.00 0.00 0.00 0.00 4.95 54.98 103.93 160.38 209.43 243.73 268.62 276.84 272.88 255.08 211.07 154.84 94.20 44.16 0.00 0.00 0.00
0.00 0.00 0.00 0.00 0.00 0.00 0.00 4.71 52.29 98.86 152.55 199.21 231.84 255.52 263.33 259.57 242.63 200.78 147.29 89.60 42.01 0.00 0.00 0.00
0.00 0.00 0.00 0.00 0.00 0.00 0.00 9.05 100.56 190.11 293.37 383.10 445.84 491.38 506.41 499.17 466.60 386.11 283.25 172.32 80.79 0.00 0.00 0.00
0.00 0.00 0.00 0.00 0.00 0.00 0.00 8.90 98.89 186.94 288.48 376.72 438.41 483.20 497.97 490.85 458.83 379.67 278.53 169.44 79.44 0.00 0.00 0.00
0.00 0.00 0.00 0.00 0.00 0.00 0.00 20.66 119.27 214.92 326.68 428.09 501.90 539.93 554.85 537.54 491.25 404.97 295.09 174.75 83.39 0.00 0.00 0.00
0.00 0.00 0.00 0.00 0.00 0.00 0.00 0.33 1.31 2.23 3.34 4.32 4.97 5.75 5.78 5.47 4.81 3.88 2.64 1.25 0.39 0.00 0.00 0.00
0.00 0.00 0.00 0.00 0.00 0.00 0.00 1.69 6.64 11.31 16.91 21.88 25.20 29.11 29.28 27.70 24.38 19.68 13.38 6.33 1.99 0.00 0.00 0.00
0.00 0.00 0.00 0.00 0.00 0.00 0.00 8.62 33.91 57.73 86.34 111.70 128.67 148.63 149.51 141.42 124.48 100.46 68.30 32.30 10.15 0.00 0.00 0.00
0.00 0.00 0.00 0.00 0.00 0.00 0.00 0.34 3.75 7.10 10.95 14.30 16.64 18.35 18.91 18.64 17.42 14.41 10.57 6.43 3.02 0.00 0.00 0.00
0.00 0.00 0.00 0.00 0.00 0.00 0.00 14.44 89.49 162.41 249.16 323.60 375.18 411.36 423.36 407.83 370.58 306.20 220.51 131.79 60.98 0.00 0.00 0.00
0.00 0.00 0.00 0.00 0.00 0.00 0.00 0.92 5.96 10.83 16.50 22.39 26.81 29.85 29.85 28.40 26.58 21.55 15.01 8.96 3.61 0.00 0.00 0.00
0.00 0.00 0.00 0.00 0.00 0.00 0.00 12.75 49.47 84.75 128.87 166.11 192.36 203.06 205.74 194.03 176.28 145.27 104.68 59.41 26.59 0.00 0.00 0.00
0.00 0.00 0.00 0.00 0.00 0.00 0.00 0.24 1.49 2.71 4.15 5.39 6.25 6.86 7.06 6.80 6.18 5.10 3.68 2.20 1.02 0.00 0.00 0.00
0.00 0.00 0.00 0.00 0.00 0.00 0.00 10.83 67.12 121.81 186.87 242.70 281.39 308.52 317.52 305.87 277.94 229.65 165.39 98.84 45.74 0.00 0.00 0.00
0.00 0.00 0.00 0.00 0.00 0.00 0.00 13.90 86.13 156.32 239.82 311.47 361.12 395.94 407.49 392.53 356.69 294.72 212.25 126.84 58.70 0.00 0.00 0.00
0.00 0.00 0.00 0.00 0.00 0.00 0.00 27.25 157.29 283.42 430.81 564.55 661.89 712.04 731.71 708.88 647.84 534.05 389.15 230.45 109.97 0.00 0.00 0.00
0.00 0.00 0.00 0.00 0.00 0.00 0.00 0.75 3.48 6.07 9.39 12.23 14.38 14.50 14.59 13.61 13.53 10.83 7.44 3.99 1.43 0.00 0.00 0.00
0.00 0.00 0.00 0.00 0.00 0.00 0.00 0.96 4.37 7.61 11.87 15.50 18.01 18.01 18.14 17.05 16.47 13.15 9.08 4.99 1.79 0.00 0.00 0.00
0.00 0.00 0.00 0.00 0.00 0.00 0.00 3.81 24.60 44.68 68.07 92.37 110.59 123.14 123.13 117.16 109.65 88.89 61.90 36.97 14.91 0.00 0.00 0.00
0.00 0.00 0.00 0.00 0.00 0.00 0.00 22.45 118.67 212.27 315.67 421.31 503.90 550.70 563.09 539.13 342.54 284.91 207.64 104.17 54.36 4.03 0.00 0.00
0.00 0.00 0.00 0.00 0.00 0.00 0.00 0.34 1.26 2.13 3.13 4.08 4.75 5.05 5.02 4.65 4.16 3.31 2.29 1.14 0.40 0.00 0.00 0.00
0.00 0.00 0.00 0.00 0.00 0.00 0.00 4.81 23.76 42.09 63.51 82.95 95.69 102.52 104.24 99.47 91.69 75.84 54.26 31.46 14.38 0.00 0.00 0.00
0.00 0.00 0.00 0.00 0.00 0.00 0.00 0.00 6.05 11.96 18.59 24.97 29.49 32.23 32.94 31.84 29.25 24.25 17.80 10.11 4.87 0.00 0.00 0.00
0.00 0.00 0.00 0.00 0.00 0.00 0.00 1.14 3.21 5.16 7.41 9.32 10.50 10.72 10.57 10.07 9.43 7.48 5.25 2.65 0.97 0.00 0.00 0.00
0.00 0.00 0.00 0.00 0.00 0.00 0.00 0.57 1.60 2.58 3.70 4.66 5.25 5.36 5.29 5.04 4.71 3.74 2.62 1.32 0.48 0.00 0.00 0.00
0.00 0.00 0.00 0.00 0.00 0.00 0.00 1.25 3.51 5.64 8.10 10.19 11.48 11.72 11.56 11.02 10.31 8.18 5.74 2.90 1.06 0.00 0.00 0.00
0.00 0.00 0.00 0.00 0.00 0.00 0.00 1.49 4.29 6.92 9.86 12.42 14.09 14.29 14.04 13.38 12.44 10.01 6.94 3.48 1.26 0.00 0.00 0.00
0.00 0.00 0.00 0.00 0.00 0.00 0.00 2.27 6.54 10.55 15.03 18.92 21.48 21.77 21.39 20.38 18.95 15.25 10.58 5.30 1.92 0.00 0.00 0.00
0.00 0.00 0.00 0.00 0.00 0.00 0.00 1.92 5.68 9.22 13.23 16.40 18.78 19.66 19.68 18.67 17.03 13.54 9.53 4.85 1.81 0.00 0.00 0.00
0.00 0.00 0.00 0.00 0.00 0.00 0.00 1.12 3.74 6.25 6.73 8.79 10.20 14.54 14.48 13.80 13.97 11.29 8.03 4.65 2.03 0.00 0.00 0.00
0.00 0.00 0.00 0.00 0.00 0.00 0.00 2.90 9.67 16.14 17.38 22.70 26.35 37.56 37.40 35.64 36.10 29.17 20.74 12.01 5.24 0.00 0.00 0.00
0.00 0.00 0.00 0.00 0.00 0.00 0.00 0.75 2.75 4.66 6.94 8.95 10.37 11.26 11.16 10.52 9.66 7.79 5.56 3.17 1.37 0.00 0.00 0.00
0.00 0.00 0.00 0.00 0.00 0.00 0.00 1.69 5.70 9.48 14.00 18.02 20.64 22.57 22.44 20.99 19.14 15.46 10.69 4.98 1.68 0.00 0.00 0.00
0.00 0.00 0.00 0.00 0.00 0.00 0.00 3.20 10.17 16.73 24.16 30.71 35.10 36.66 37.01 34.65 32.10 25.40 17.43 8.58 3.05 0.00 0.00 0.00
0.00 0.00 0.00 0.00 0.00 0.00 0.00 0.49 1.40 2.25 3.21 3.96 4.39 4.99 4.94 4.58 4.19 3.31 2.27 1.02 0.27 0.00 0.00 0.00
0.00 0.00 0.00 0.00 0.00 0.00 0.00 2.29 7.42 12.22 17.80 22.47 25.27 29.06 28.66 27.00 23.92 19.31 13.28 6.10 1.75 0.00 0.00 0.00
0.00 0.00 0.00 0.00 0.00 0.00 0.00 1.69 5.16 8.40 12.05 15.03 16.77 19.27 18.84 18.11 15.98 12.79 8.75 3.98 1.09 0.00 0.00 0.00
0.00 0.00 0.00 0.00 0.00 0.00 0.00 2.33 7.12 11.59 16.63 20.75 23.14 26.60 26.00 24.99 22.05 17.66 12.07 5.49 1.50 0.00 0.00 0.00
0.00 0.00 0.00 0.00 0.00 0.00 0.00 1.58 4.85 7.90 11.33 14.13 15.76 18.12 17.71 17.02 15.02 12.03 8.22 3.74 1.02 0.00 0.00 0.00
0.00 0.00 0.00 0.00 0.00 0.00 0.00 1.22 3.96 6.52 9.50 11.98 13.48 15.50 15.28 14.40 12.76 10.30 7.08 3.26 0.93 0.00 0.00 0.00
0.00 0.00 0.00 0.00 0.00 0.00 0.00 1.29 3.83 6.20 8.95 11.14 12.52 14.59 14.66 13.94 12.06 9.51 6.31 2.78 0.71 0.00 0.00 0.00
0.00 0.00 0.00 0.00 0.00 0.00 0.00 0.96 3.76 6.40 9.57 12.38 14.26 16.47 16.57 15.67 13.80 11.13 7.57 3.58 1.12 0.00 0.00 0.00
0.00 0.00 0.00 0.00 0.00 0.00 0.00 3.74 30.78 56.62 87.66 112.85 130.57 146.39 148.31 141.19 131.46 102.68 71.36 36.04 11.98 0.00 0.00 0.00
0.00 0.00 0.00 0.00 0.00 0.00 0.00 1.33 5.55 9.56 14.54 19.18 22.19 23.22 23.43 22.24 19.35 15.36 10.55 5.96 2.14 0.00 0.00 0.00
0.00 0.00 0.00 0.00 0.00 0.00 0.00 2.32 8.69 14.66 21.61 27.97 32.54 35.15 34.90 32.74 26.89 21.13 14.49 7.99 2.73 0.00 0.00 0.00
0.00 0.00 0.00 0.00 0.00 0.00 0.00 1.06 3.98 6.72 9.91 12.82 14.91 16.11 15.99 15.00 12.33 9.68 6.64 3.66 1.25 0.00 0.00 0.00
0.00 0.00 0.00 0.00 0.00 0.00 0.00 1.69 6.97 12.00 18.06 23.79 27.59 29.25 29.46 27.88 24.01 19.09 13.10 7.30 2.63 0.00 0.00 0.00
0.00 0.00 0.00 0.00 0.00 0.00 0.00 0.83 3.06 5.17 7.59 9.91 11.52 12.27 12.19 11.29 10.10 8.04 5.55 2.77 0.97 0.00 0.00 0.00
0.00 0.00 0.00 0.00 0.00 0.00 0.00 3.94 25.47 46.26 70.48 95.63 114.50 127.49 127.48 121.30 113.53 92.03 64.09 38.27 15.44 0.00 0.00 0.00
0.00 0.00 0.00 0.00 0.00 0.00 0.00 3.05 11.83 20.27 30.82 39.72 46.00 48.56 49.20 46.40 42.15 34.74 25.03 14.21 6.36 0.00 0.00 0.00
0.00 0.00 0.00 0.00 0.00 0.00 0.00 0.66 2.67 4.61 6.98 8.99 10.43 11.06 11.13 10.49 9.45 7.67 5.52 3.29 1.46 0.00 0.00 0.00
0.00 0.00 0.00 0.00 0.00 0.00 0.00 0.81 3.45 5.99 8.82 11.36 13.07 13.82 13.80 13.15 12.07 9.95 7.19 4.32 1.88 0.00 0.00 0.00
0.00 0.00 0.00 0.00 0.00 0.00 0.00 1.29 5.52 9.59 14.11 18.17 20.91 22.11 22.08 21.04 19.30 15.91 11.51 6.91 3.00 0.00 0.00 0.00
0.00 0.00 0.00 0.00 0.00 0.00 0.00 9.20 102.24 193.28 298.26 389.49 453.27 499.57 514.85 507.49 474.38 392.54 287.97 175.19 82.13 0.00 0.00 0.00
