0.00 0.00 0.00 0.00 0.00 0.00 0.00 0.20 1.07 1.90 2.85 3.78 4.59 5.16 5.33 5.03 4.50 3.67 2.67 1.63 0.75 0.00 0.00 0.00
0.00 0.00 0.00 0.00 0.00 0.00 0.00 5.37 21.48 36.72 56.24 72.81 84.94 91.21 91.28 85.09 69.03 54.99 37.08 17.30 5.13 0.00 0.00 0.00
0.00 0.00 0.00 0.00 0.00 0.00 0.00 4.63 24.45 43.53 65.21 86.44 104.99 118.05 121.84 115.06 102.83 83.90 60.97 37.17 17.22 0.00 0.00 0.00
0.00 0.00 0.00 0.00 0.00 0.00 0.00 16.47 86.90 154.70 231.74 307.20 373.12 419.55 432.99 408.91 365.44 298.18 216.67 132.10 61.20 0.00 0.00 0.00
0.00 0.00 0.00 0.00 0.00 0.00 0.00 1.43 3.98 6.69 9.75 12.35 14.06 9.19 9.20 8.37 8.03 6.31 4.24 2.08 0.52 0.00 0.00 0.00
0.00 0.00 0.00 0.00 0.00 0.00 0.00 22.69 185.71 342.99 523.74 698.68 846.20 925.63 951.41 906.93 838.58 685.12 488.84 285.84 134.43 0.00 0.00 0.00
0.00 0.00 0.00 0.00 0.00 0.00 0.00 0.88 2.45 4.09 5.76 7.42 8.57 8.42 8.51 7.96 7.20 5.77 4.01 1.37 0.51 0.00 0.00 0.00
0.00 0.00 0.00 0.00 0.00 0.00 0.00 0.38 1.37 2.30 3.46 4.41 5.05 5.64 5.77 5.42 4.51 3.54 2.42 1.09 0.34 0.00 0.00 0.00
0.00 0.00 0.00 0.00 0.00 0.00 0.00 0.60 2.19 3.68 5.53 7.05 8.08 9.03 9.22 8.68 7.22 5.66 3.87 1.74 0.55 0.00 0.00 0.00
0.00 0.00 0.00 0.00 0.00 0.00 0.00 0.60 2.19 3.68 5.53 7.05 8.08 9.03 9.22 8.68 7.22 5.66 3.87 1.74 0.55 0.00 0.00 0.00
0.00 0.00 0.00 0.00 0.00 0.00 0.00 1.17 4.46 7.59 11.78 15.92 18.97 21.37 21.41 20.34 18.82 15.27 10.68 5.69 2.04 0.00 0.00 0.00
0.00 0.00 0.00 0.00 0.00 0.00 0.00 0.56 2.14 3.65 5.60 7.56 9.00 10.29 10.41 9.82 8.98 7.23 5.03 2.66 0.94 0.00 0.00 0.00
0.00 0.00 0.00 0.00 0.00 0.00 0.00 0.72 2.76 4.69 7.21 9.73 11.57 13.23 13.38 12.62 11.54 9.29 6.46 3.41 1.21 0.00 0.00 0.00
0.00 0.00 0.00 0.00 0.00 0.00 0.00 0.48 1.84 3.12 4.80 6.48 7.71 8.82 8.92 8.42 7.70 6.19 4.31 2.28 0.81 0.00 0.00 0.00
0.00 0.00 0.00 0.00 0.00 0.00 0.00 0.48 1.84 3.12 4.80 6.48 7.71 8.82 8.92 8.42 7.70 6.19 4.31 2.28 0.81 0.00 0.00 0.00
0.00 0.00 0.00 0.00 0.00 0.00 0.00 3.55 23.86 43.16 67.56 88.74 101.59 114.11 116.51 111.42 102.64 81.25 55.61 27.61 9.10 0.00 0.00 0.00
0.00 0.00 0.00 0.00 0.00 0.00 0.00 3.95 14.20 23.90 36.25 48.19 57.64 63.55 64.33 60.49 56.15 45.30 32.14 16.93 6.00 0.00 0.00 0.00
0.00 0.00 0.00 0.00 0.00 0.00 0.00 3.54 12.66 21.28 31.00 39.74 46.90 52.01 52.76 50.48 46.37 36.99 25.73 13.98 5.21 0.00 0.00 0.00
0.00 0.00 0.00 0.00 0.00 0.00 0.00 6.69 54.78 101.17 154.49 206.09 249.60 273.03 280.63 267.51 247.35 202.09 144.19 84.31 39.65 0.00 0.00 0.00
0.00 0.00 0.00 0.00 0.00 0.00 0.00 6.37 52.11 96.23 146.95 196.03 237.42 259.71 266.94 254.46 235.29 192.23 137.16 80.20 37.72 0.00 0.00 0.00
0.00 0.00 0.00 0.00 0.00 0.00 0.00 12.24 100.20 185.07 282.59 376.99 456.58 499.44 513.35 489.35 452.47 369.67 263.76 154.23 72.53 0.00 0.00 0.00
0.00 0.00 0.00 0.00 0.00 0.00 0.00 12.04 98.53 181.98 277.88 370.70 448.97 491.12 504.79 481.19 444.93 363.51 259.36 151.66 71.32 0.00 0.00 0.00
0.00 0.00 0.00 0.00 0.00 0.00 0.00 23.48 116.83 206.67 301.85 401.74 488.84 533.14 546.04 537.46 491.33 398.60 291.02 178.37 85.23 0.00 0.00 0.00
0.00 0.00 0.00 0.00 0.00 0.00 0.00 0.38 1.37 2.30 3.46 4.41 5.05 5.64 5.77 5.42 4.51 3.54 2.42 1.09 0.34 0.00 0.00 0.00
0.00 0.00 0.00 0.00 0.00 0.00 0.00 1.90 6.92 11.65 17.51 22.33 25.60 28.58 29.21 27.48 22.87 17.91 12.25 5.51 1.73 0.00 0.00 0.00
0.00 0.00 0.00 0.00 0.00 0.00 0.00 9.71 35.33 59.47 89.38 114.02 130.70 145.92 149.14 140.28 116.77 91.45 62.53 28.14 8.86 0.00 0.00 0.00
0.00 0.00 0.00 0.00 0.00 0.00 0.00 0.46 3.74 6.91 10.55 14.07 17.05 18.65 19.17 18.27 16.89 13.80 9.85 5.76 2.71 0.00 0.00 0.00
0.00 0.00 0.00 0.00 0.00 0.00 0.00 16.21 85.55 152.29 228.13 302.41 367.31 413.01 426.24 402.54 359.74 293.53 213.29 130.04 60.24 0.00 0.00 0.00
0.00 0.00 0.00 0.00 0.00 0.00 0.00 1.01 5.57 9.95 15.31 21.36 27.15 31.20 32.15 31.21 28.71 23.26 16.36 9.84 3.96 0.00 0.00 0.00
0.00 0.00 0.00 0.00 0.00 0.00 0.00 13.26 47.19 79.51 117.82 151.35 177.28 197.63 207.09 197.48 173.05 141.89 102.40 61.58 27.56 0.00 0.00 0.00
0.00 0.00 0.00 0.00 0.00 0.00 0.00 0.27 1.43 2.54 3.80 5.04 6.12 6.88 7.10 6.71 6.00 4.89 3.55 2.17 1.00 0.00 0.00 0.00
0.00 0.00 0.00 0.00 0.00 0.00 0.00 12.16 64.16 114.22 171.09 226.81 275.48 309.76 319.68 301.90 269.81 220.15 159.97 97.53 45.18 0.00 0.00 0.00
0.00 0.00 0.00 0.00 0.00 0.00 0.00 15.60 82.34 146.58 219.57 291.07 353.54 397.52 410.26 387.44 346.25 282.53 205.29 125.17 57.99 0.00 0.00 0.00
0.00 0.00 0.00 0.00 0.00 0.00 0.00 30.96 154.07 272.55 398.06 529.80 644.66 703.07 720.08 708.78 647.94 525.66 383.78 235.23 112.40 0.00 0.00 0.00
0.00 0.00 0.00 0.00 0.00 0.00 0.00 0.78 3.29 5.68 8.85 11.72 13.96 15.55 15.67 14.88 14.39 11.35 7.94 4.23 1.51 0.00 0.00 0.00
0.00 0.00 0.00 0.00 0.00 0.00 0.00 1.01 4.18 7.19 11.06 14.55 17.45 19.51 19.75 18.84 17.82 13.99 9.93 5.28 1.88 0.00 0.00 0.00
0.00 0.00 0.00 0.00 0.00 0.00 0.00 4.18 22.99 41.06 63.15 88.11 111.99 128.68 132.64 128.75 118.42 95.94 67.50 40.58 16.33 0.00 0.00 0.00
0.00 0.00 0.00 0.00 0.00 0.00 0.00 26.43 121.80 214.11 323.82 421.52 502.97 539.84 552.68 519.82 471.13 384.27 284.45 179.58 94.35 7.59 0.00 0.00
0.00 0.00 0.00 0.00 0.00 0.00 0.00 0.34 1.17 1.94 2.96 3.89 4.58 5.02 5.05 4.78 4.31 3.47 2.45 1.28 0.44 0.00 0.00 0.00
0.00 0.00 0.00 0.00 0.00 0.00 0.00 5.27 23.07 40.15 59.24 76.83 91.88 101.64 102.98 97.38 87.20 71.26 52.77 33.25 15.22 0.00 0.00 0.00
0.00 0.00 0.00 0.00 0.00 0.00 0.00 0.23 6.57 12.76 19.31 25.93 31.32 34.03 34.60 31.88 29.01 23.32 16.85 10.11 4.87 0.00 0.00 0.00
0.00 0.00 0.00 0.00 0.00 0.00 0.00 1.08 2.90 4.82 6.44 8.22 9.48 9.71 9.72 9.16 8.00 6.35 4.37 1.43 0.52 0.00 0.00 0.00
0.00 0.00 0.00 0.00 0.00 0.00 0.00 0.54 1.45 2.41 3.22 4.11 4.74 4.86 4.86 4.58 4.00 3.17 2.18 0.71 0.26 0.00 0.00 0.00
0.00 0.00 0.00 0.00 0.00 0.00 0.00 1.18 3.17 5.28 7.04 9.00 10.37 10.62 10.63 10.01 8.75 6.94 4.78 1.56 0.57 0.00 0.00 0.00
0.00 0.00 0.00 0.00 0.00 0.00 0.00 1.39 3.82 6.36 8.52 10.75 12.44 12.95 13.00 12.22 10.65 8.38 5.85 2.02 0.73 0.00 0.00 0.00
0.00 0.00 0.00 0.00 0.00 0.00 0.00 2.12 5.82 9.69 12.99 16.38 18.96 19.73 19.81 18.62 16.22 12.77 8.91 3.08 1.11 0.00 0.00 0.00
0.00 0.00 0.00 0.00 0.00 0.00 0.00 1.77 4.98 8.27 11.77 15.30 17.46 17.23 17.32 16.29 14.95 12.04 8.28 3.18 1.18 0.00 0.00 0.00
0.00 0.00 0.00 0.00 0.00 0.00 0.00 1.30 4.04 6.65 9.71 12.24 14.18 15.01 15.68 15.35 13.82 11.06 7.87 4.78 2.08 0.00 0.00 0.00
0.00 0.00 0.00 0.00 0.00 0.00 0.00 3.35 10.44 17.17 25.08 31.61 36.64 38.79 40.51 39.66 35.71 28.57 20.34 12.35 5.37 0.00 0.00 0.00
0.00 0.00 0.00 0.00 0.00 0.00 0.00 0.78 2.63 4.39 6.42 8.23 9.65 10.61 10.86 10.49 9.49 7.69 5.42 3.25 1.40 0.00 0.00 0.00
0.00 0.00 0.00 0.00 0.00 0.00 0.00 1.68 5.32 8.81 12.70 16.95 19.80 20.66 21.01 19.53 18.51 14.75 10.33 5.24 1.76 0.00 0.00 0.00
0.00 0.00 0.00 0.00 0.00 0.00 0.00 3.14 9.40 15.48 21.42 27.70 33.07 33.25 33.98 31.99 29.75 23.58 16.15 8.37 2.96 0.00 0.00 0.00
0.00 0.00 0.00 0.00 0.00 0.00 0.00 0.49 1.34 2.19 2.88 3.65 4.10 3.29 3.24 3.03 2.55 2.01 1.34 0.43 0.12 0.00 0.00 0.00
0.00 0.00 0.00 0.00 0.00 0.00 0.00 2.46 7.54 12.52 17.88 22.24 25.03 26.14 26.43 24.54 17.34 13.46 8.97 5.13 1.46 0.00 0.00 0.00
0.00 0.00 0.00 0.00 0.00 0.00 0.00 1.79 5.20 8.61 12.03 15.12 16.60 14.51 14.25 13.47 10.06 7.82 5.28 2.92 0.79 0.00 0.00 0.00
0.00 0.00 0.00 0.00 0.00 0.00 0.00 2.47 7.18 11.88 16.60 20.86 22.90 20.03 19.66 18.58 13.88 10.79 7.28 4.03 1.10 0.00 0.00 0.00
0.00 0.00 0.00 0.00 0.00 0.00 0.00 1.68 4.89 8.09 11.31 14.21 15.60 13.64 13.39 12.66 9.45 7.35 4.96 2.75 0.75 0.00 0.00 0.00
0.00 0.00 0.00 0.00 0.00 0.00 0.00 1.31 4.02 6.68 9.54 11.86 13.35 13.94 14.09 13.09 9.25 7.18 4.78 2.73 0.78 0.00 0.00 0.00
0.00 0.00 0.00 0.00 0.00 0.00 0.00 1.30 3.68 6.11 8.71 10.91 12.26 8.84 8.91 8.29 6.60 5.20 3.59 2.17 0.55 0.00 0.00 0.00
0.00 0.00 0.00 0.00 0.00 0.00 0.00 1.08 3.92 6.59 9.91 12.64 14.48 16.17 16.53 15.55 12.94 10.13 6.93 3.12 0.98 0.00 0.00 0.00
0.00 0.00 0.00 0.00 0.00 0.00 0.00 4.62 31.05 56.18 87.93 115.50 132.23 148.52 151.65 145.03 133.59 105.75 72.38 35.94 11.85 0.00 0.00 0.00
0.00 0.00 0.00 0.00 0.00 0.00 0.00 1.32 5.06 8.60 13.35 18.04 21.50 24.22 24.27 23.05 21.32 17.30 12.10 6.45 2.31 0.00 0.00 0.00
0.00 0.00 0.00 0.00 0.00 0.00 0.00 2.28 7.93 13.23 20.38 26.94 32.27 36.23 36.94 34.51 29.92 23.99 16.80 8.68 2.95 0.00 0.00 0.00
0.00 0.00 0.00 0.00 0.00 0.00 0.00 1.05 3.64 6.07 9.34 12.35 14.79 16.61 16.93 15.82 13.72 11.00 7.70 3.98 1.35 0.00 0.00 0.00
0.00 0.00 0.00 0.00 0.00 0.00 0.00 1.66 6.28 10.67 16.49 22.20 26.51 29.53 29.41 27.92 25.98 20.98 14.85 7.91 2.84 0.00 0.00 0.00
0.00 0.00 0.00 0.00 0.00 0.00 0.00 0.83 2.83 4.72 7.19 9.45 11.12 12.18 12.25 11.62 10.47 8.42 5.95 3.10 1.08 0.00 0.00 0.00
0.00 0.00 0.00 0.00 0.00 0.00 0.00 4.32 23.80 42.51 65.38 91.22 115.95 133.23 137.32 133.30 122.61 99.33 69.89 42.01 16.90 0.00 0.00 0.00
0.00 0.00 0.00 0.00 0.00 0.00 0.00 3.17 11.29 19.01 28.18 36.19 42.39 47.26 49.52 47.22 41.38 33.93 24.49 14.73 6.59 0.00 0.00 0.00
0.00 0.00 0.00 0.00 0.00 0.00 0.00 0.68 2.52 4.27 6.43 8.24 9.75 10.61 10.81 10.33 9.34 7.61 5.43 3.41 1.51 0.00 0.00 0.00
0.00 0.00 0.00 0.00 0.00 0.00 0.00 0.79 3.08 5.26 7.74 9.97 11.76 13.11 13.55 13.20 12.14 9.64 6.90 4.29 1.85 0.00 0.00 0.00
0.00 0.00 0.00 0.00 0.00 0.00 0.00 1.27 4.93 8.41 12.38 15.96 18.81 20.98 21.67 21.12 19.43 15.43 11.04 6.86 2.96 0.00 0.00 0.00
0.00 0.00 0.00 0.00 0.00 0.00 0.00 12.45 101.87 188.15 287.30 383.27 464.19 507.76 521.90 497.51 460.01 375.83 268.16 156.80 73.74 0.00 0.00 0.00
