0.00 0.00 0.00 0.00 0.00 0.00 0.00 0.00 0.22 1.19 2.24 3.30 4.19 4.11 4.25 4.06 3.77 2.92 1.83 0.68 0.00 0.00 0.00 0.00
0.00 0.00 0.00 0.00 0.00 0.00 0.00 0.00 3.83 11.72 16.31 23.11 28.55 31.10 31.68 30.67 31.73 23.66 14.72 6.32 0.00 0.00 0.00 0.00
0.00 0.00 0.00 0.00 0.00 0.00 0.00 0.00 4.94 27.11 51.12 75.57 95.91 94.07 97.13 92.88 86.31 66.87 41.95 15.44 0.00 0.00 0.00 0.00
0.00 0.00 0.00 0.00 0.00 0.00 0.00 0.00 17.56 96.34 181.67 268.56 340.86 334.30 345.18 330.10 306.73 237.65 149.08 54.86 0.00 0.00 0.00 0.00
0.00 0.00 0.00 0.00 0.00 0.00 0.00 0.00 1.61 4.02 6.69 9.72 11.77 12.50 12.47 11.40 8.47 6.18 3.87 0.73 0.00 0.00 0.00 0.00
0.00 0.00 0.00 0.00 0.00 0.00 0.00 0.00 19.37 140.64 270.90 408.22 516.47 881.41 932.33 899.65 758.57 591.91 384.56 145.76 0.35 0.00 0.00 0.00
0.00 0.00 0.00 0.00 0.00 0.00 0.00 0.00 0.91 2.62 4.49 6.40 7.69 7.68 7.62 7.16 5.70 4.31 2.74 0.81 0.00 0.00 0.00 0.00
0.00 0.00 0.00 0.00 0.00 0.00 0.00 0.00 0.21 0.64 1.20 1.71 2.18 3.35 3.39 3.32 3.57 2.67 1.67 0.42 0.00 0.00 0.00 0.00
0.00 0.00 0.00 0.00 0.00 0.00 0.00 0.00 0.34 1.02 1.92 2.73 3.49 5.37 5.42 5.31 5.72 4.27 2.67 0.67 0.00 0.00 0.00 0.00
0.00 0.00 0.00 0.00 0.00 0.00 0.00 0.00 0.34 1.02 1.92 2.73 3.49 5.37 5.42 5.31 5.72 4.27 2.67 0.67 0.00 0.00 0.00 0.00
0.00 0.00 0.00 0.00 0.00 0.00 0.00 0.00 1.24 4.09 7.57 10.99 14.12 16.99 17.51 16.85 14.77 11.36 7.21 1.91 0.00 0.00 0.00 0.00
0.00 0.00 0.00 0.00 0.00 0.00 0.00 0.00 0.54 1.79 3.47 5.07 6.53 8.20 8.25 7.97 7.04 5.41 3.34 0.87 0.00 0.00 0.00 0.00
0.00 0.00 0.00 0.00 0.00 0.00 0.00 0.00 0.70 2.30 4.46 6.51 8.39 10.55 10.60 10.24 9.05 6.96 4.29 1.12 0.00 0.00 0.00 0.00
0.00 0.00 0.00 0.00 0.00 0.00 0.00 0.00 0.47 1.53 2.98 4.34 5.59 7.03 7.07 6.83 6.03 4.64 2.86 0.74 0.00 0.00 0.00 0.00
0.00 0.00 0.00 0.00 0.00 0.00 0.00 0.00 0.47 1.53 2.98 4.34 5.59 7.03 7.07 6.83 6.03 4.64 2.86 0.74 0.00 0.00 0.00 0.00
0.00 0.00 0.00 0.00 0.00 0.00 0.00 0.00 4.82 18.04 28.25 43.21 56.78 78.67 81.31 78.34 67.11 51.03 30.51 10.28 0.00 0.00 0.00 0.00
0.00 0.00 0.00 0.00 0.00 0.00 0.00 0.00 4.48 14.33 25.35 36.64 46.67 52.34 53.32 50.23 44.58 34.51 21.30 5.47 0.00 0.00 0.00 0.00
0.00 0.00 0.00 0.00 0.00 0.00 0.00 0.00 3.88 12.81 22.60 32.12 40.35 44.84 45.27 43.37 37.25 28.60 18.27 4.81 0.00 0.00 0.00 0.00
0.00 0.00 0.00 0.00 0.00 0.00 0.00 0.00 5.71 41.48 79.90 120.41 152.34 259.98 275.00 265.36 223.75 174.59 113.43 42.99 0.10 0.00 0.00 0.00
0.00 0.00 0.00 0.00 0.00 0.00 0.00 0.00 5.44 39.46 76.01 114.54 144.91 247.30 261.59 252.42 212.84 166.08 107.90 40.90 0.10 0.00 0.00 0.00
0.00 0.00 0.00 0.00 0.00 0.00 0.00 0.00 10.45 75.88 146.17 220.27 278.67 475.58 503.05 485.42 409.30 319.38 207.50 78.65 0.19 0.00 0.00 0.00
0.00 0.00 0.00 0.00 0.00 0.00 0.00 0.00 10.28 74.62 143.73 216.59 274.03 467.65 494.67 477.33 402.48 314.05 204.04 77.34 0.19 0.00 0.00 0.00
0.00 0.00 0.00 0.00 0.00 0.00 0.00 0.00 21.27 123.42 238.24 356.78 456.87 492.98 498.07 469.99 399.51 305.97 196.19 71.89 0.00 0.00 0.00 0.00
0.00 0.00 0.00 0.00 0.00 0.00 0.00 0.00 0.21 0.64 1.20 1.71 2.18 3.35 3.39 3.32 3.57 2.67 1.67 0.42 0.00 0.00 0.00 0.00
0.00 0.00 0.00 0.00 0.00 0.00 0.00 0.00 1.07 3.22 6.09 8.66 11.06 17.00 17.16 16.80 18.11 13.52 8.45 2.11 0.00 0.00 0.00 0.00
0.00 0.00 0.00 0.00 0.00 0.00 0.00 0.00 5.44 16.46 31.08 44.20 56.44 86.77 87.62 85.78 92.44 69.04 43.15 10.77 0.00 0.00 0.00 0.00
0.00 0.00 0.00 0.00 0.00 0.00 0.00 0.00 0.39 2.83 5.46 8.22 10.40 17.76 18.78 18.12 15.28 11.92 7.75 2.94 0.01 0.00 0.00 0.00
0.00 0.00 0.00 0.00 0.00 0.00 0.00 0.00 17.28 94.84 178.84 264.37 335.55 329.09 339.80 324.95 301.95 233.94 146.76 54.01 0.00 0.00 0.00 0.00
0.00 0.00 0.00 0.00 0.00 0.00 0.00 0.00 0.99 4.26 8.95 13.21 17.65 18.82 19.59 19.12 13.31 10.47 6.96 2.98 0.00 0.00 0.00 0.00
0.00 0.00 0.00 0.00 0.00 0.00 0.00 0.00 12.44 49.79 91.56 134.00 169.28 188.08 194.66 186.02 161.61 123.06 77.62 23.67 0.00 0.00 0.00 0.00
0.00 0.00 0.00 0.00 0.00 0.00 0.00 0.00 0.29 1.58 2.98 4.41 5.59 5.48 5.66 5.42 5.03 3.90 2.45 0.90 0.00 0.00 0.00 0.00
0.00 0.00 0.00 0.00 0.00 0.00 0.00 0.00 12.96 71.13 134.13 198.28 251.66 246.82 254.85 243.71 226.46 175.46 110.07 40.51 0.00 0.00 0.00 0.00
0.00 0.00 0.00 0.00 0.00 0.00 0.00 0.00 16.64 91.28 172.13 254.46 322.96 316.75 327.05 312.77 290.63 225.17 141.26 51.98 0.00 0.00 0.00 0.00
0.00 0.00 0.00 0.00 0.00 0.00 0.00 0.00 28.05 162.76 314.18 470.50 602.50 650.12 656.83 619.80 526.86 403.50 258.73 94.81 0.00 0.00 0.00 0.00
0.00 0.00 0.00 0.00 0.00 0.00 0.00 0.00 0.58 1.98 3.33 4.89 6.30 8.85 9.04 8.74 9.35 7.11 4.45 1.41 0.00 0.00 0.00 0.00
0.00 0.00 0.00 0.00 0.00 0.00 0.00 0.00 0.77 2.61 4.59 6.58 8.53 13.45 13.66 13.17 12.95 9.89 6.17 1.73 0.00 0.00 0.00 0.00
0.00 0.00 0.00 0.00 0.00 0.00 0.00 0.00 4.08 17.58 36.92 54.48 72.82 77.64 80.81 78.87 54.92 43.17 28.70 12.31 0.00 0.00 0.00 0.00
0.00 0.00 0.00 0.00 0.00 0.00 0.00 0.00 13.31 111.92 224.49 336.29 435.19 498.21 509.88 487.31 426.24 343.39 224.31 86.50 5.08 0.00 0.00 0.00
0.00 0.00 0.00 0.00 0.00 0.00 0.00 0.00 0.37 1.15 2.01 2.94 3.73 4.10 4.21 4.01 3.45 2.64 1.66 0.42 0.00 0.00 0.00 0.00
0.00 0.00 0.00 0.00 0.00 0.00 0.00 0.00 5.05 24.11 45.56 67.87 85.84 94.99 96.95 92.34 79.23 60.48 38.56 12.61 0.00 0.00 0.00 0.00
0.00 0.00 0.00 0.00 0.00 0.00 0.00 0.00 0.56 7.28 14.98 22.23 28.90 32.63 32.91 32.02 28.39 22.11 14.69 5.76 0.42 0.00 0.00 0.00
0.00 0.00 0.00 0.00 0.00 0.00 0.00 0.00 1.08 3.01 5.13 7.35 9.01 8.58 8.45 7.78 6.37 4.87 3.12 0.89 0.00 0.00 0.00 0.00
0.00 0.00 0.00 0.00 0.00 0.00 0.00 0.00 0.54 1.50 2.56 3.67 4.51 4.29 4.23 3.89 3.19 2.43 1.56 0.44 0.00 0.00 0.00 0.00
0.00 0.00 0.00 0.00 0.00 0.00 0.00 0.00 1.19 3.29 5.61 8.04 9.86 9.39 9.25 8.51 6.97 5.33 3.41 0.97 0.00 0.00 0.00 0.00
0.00 0.00 0.00 0.00 0.00 0.00 0.00 0.00 1.43 3.99 6.78 9.83 11.83 11.43 11.30 10.58 8.47 6.49 4.11 1.17 0.00 0.00 0.00 0.00
0.00 0.00 0.00 0.00 0.00 0.00 0.00 0.00 2.17 6.07 10.33 14.98 18.03 17.42 17.23 16.12 12.90 9.89 6.27 1.79 0.00 0.00 0.00 0.00
0.00 0.00 0.00 0.00 0.00 0.00 0.00 0.00 1.84 5.31 9.15 13.07 15.64 15.57 15.58 14.73 11.44 8.82 5.60 1.70 0.00 0.00 0.00 0.00
0.00 0.00 0.00 0.00 0.00 0.00 0.00 0.00 1.19 4.19 7.53 10.79 13.26 14.95 15.52 14.90 12.59 9.61 5.96 1.72 0.00 0.00 0.00 0.00
0.00 0.00 0.00 0.00 0.00 0.00 0.00 0.00 3.08 10.83 19.46 27.86 34.24 38.63 40.10 38.49 32.54 24.84 15.39 4.45 0.00 0.00 0.00 0.00
0.00 0.00 0.00 0.00 0.00 0.00 0.00 0.00 0.74 2.72 4.95 7.20 9.21 10.29 10.55 9.95 8.51 6.48 4.09 1.19 0.00 0.00 0.00 0.00
0.00 0.00 0.00 0.00 0.00 0.00 0.00 0.00 1.79 5.23 8.19 11.82 14.65 17.26 17.68 16.90 13.84 10.59 6.76 1.79 0.00 0.00 0.00 0.00
0.00 0.00 0.00 0.00 0.00 0.00 0.00 0.00 3.28 9.53 16.22 22.78 27.74 29.73 30.04 28.52 24.01 18.29 11.41 3.14 0.00 0.00 0.00 0.00
0.00 0.00 0.00 0.00 0.00 0.00 0.00 0.00 0.50 1.25 2.08 2.95 3.60 3.71 3.68 3.49 2.72 2.03 1.27 0.28 0.00 0.00 0.00 0.00
0.00 0.00 0.00 0.00 0.00 0.00 0.00 0.00 2.38 6.46 11.10 15.97 20.27 21.94 22.09 20.89 17.28 13.03 8.23 1.87 0.00 0.00 0.00 0.00
0.00 0.00 0.00 0.00 0.00 0.00 0.00 0.00 1.76 4.58 7.73 10.92 13.54 14.69 14.44 13.60 11.06 8.25 5.16 1.17 0.00 0.00 0.00 0.00
0.00 0.00 0.00 0.00 0.00 0.00 0.00 0.00 2.42 6.32 10.67 15.08 18.69 20.27 19.93 18.77 15.27 11.38 7.12 1.61 0.00 0.00 0.00 0.00
0.00 0.00 0.00 0.00 0.00 0.00 0.00 0.00 1.65 4.31 7.27 10.27 12.73 13.81 13.58 12.78 10.40 7.75 4.85 1.10 0.00 0.00 0.00 0.00
0.00 0.00 0.00 0.00 0.00 0.00 0.00 0.00 1.27 3.44 5.92 8.52 10.81 11.70 11.78 11.14 9.22 6.95 4.39 1.00 0.00 0.00 0.00 0.00
0.00 0.00 0.00 0.00 0.00 0.00 0.00 0.00 1.42 3.60 5.97 8.48 10.37 11.23 11.32 10.44 8.03 5.94 3.73 0.73 0.00 0.00 0.00 0.00
0.00 0.00 0.00 0.00 0.00 0.00 0.00 0.00 0.60 1.82 3.44 4.90 6.26 9.62 9.71 9.51 10.24 7.65 4.78 1.19 0.00 0.00 0.00 0.00
0.00 0.00 0.00 0.00 0.00 0.00 0.00 0.00 6.27 23.48 36.76 56.24 73.90 102.39 105.83 101.96 87.35 66.43 39.71 13.39 0.00 0.00 0.00 0.00
0.00 0.00 0.00 0.00 0.00 0.00 0.00 0.00 1.40 4.64 8.58 12.45 16.00 19.26 19.85 19.09 16.73 12.88 8.17 2.16 0.00 0.00 0.00 0.00
0.00 0.00 0.00 0.00 0.00 0.00 0.00 0.00 2.55 7.82 13.64 19.96 25.96 29.37 29.27 28.05 24.06 18.40 11.83 3.00 0.00 0.00 0.00 0.00
0.00 0.00 0.00 0.00 0.00 0.00 0.00 0.00 1.17 3.58 6.25 9.15 11.90 13.46 13.41 12.86 11.03 8.44 5.42 1.37 0.00 0.00 0.00 0.00
0.00 0.00 0.00 0.00 0.00 0.00 0.00 0.00 1.87 6.17 11.12 16.10 20.49 23.59 24.43 23.38 20.44 15.79 10.16 2.68 0.00 0.00 0.00 0.00
0.00 0.00 0.00 0.00 0.00 0.00 0.00 0.00 0.91 2.80 4.88 7.15 9.05 9.95 10.23 9.75 8.39 6.42 4.03 1.03 0.00 0.00 0.00 0.00
0.00 0.00 0.00 0.00 0.00 0.00 0.00 0.00 4.23 18.20 38.23 56.40 75.40 80.38 83.67 81.66 56.86 44.70 29.71 12.74 0.00 0.00 0.00 0.00
0.00 0.00 0.00 0.00 0.00 0.00 0.00 0.00 2.97 11.91 21.90 32.04 40.48 44.98 46.55 44.48 38.64 29.43 18.56 5.66 0.00 0.00 0.00 0.00
0.00 0.00 0.00 0.00 0.00 0.00 0.00 0.00 0.65 2.63 4.84 7.18 9.10 10.16 10.41 10.06 8.70 6.54 4.13 1.26 0.00 0.00 0.00 0.00
0.00 0.00 0.00 0.00 0.00 0.00 0.00 0.00 0.83 3.33 6.08 8.90 11.21 12.63 12.94 12.42 10.73 8.17 5.20 1.57 0.00 0.00 0.00 0.00
0.00 0.00 0.00 0.00 0.00 0.00 0.00 0.00 1.33 5.32 9.73 14.25 17.93 20.21 20.71 19.87 17.17 13.08 8.31 2.50 0.00 0.00 0.00 0.00
0.00 0.00 0.00 0.00 0.00 0.00 0.00 0.00 10.63 77.15 148.60 223.94 283.32 483.51 511.44 493.51 416.12 324.70 210.95 79.96 0.19 0.00 0.00 0.00
