0.00 0.00 0.00 0.00 0.00 0.00 0.00 0.00 0.86 1.76 2.79 3.69 4.34 4.74 4.79 4.65 4.29 3.55 2.53 1.30 0.52 0.00 0.00 0.00
0.00 0.00 0.00 0.00 0.00 0.00 0.00 1.16 18.54 35.06 53.21 67.18 77.99 83.93 83.46 78.19 68.84 53.85 36.97 15.70 3.22 0.00 0.00 0.00
0.00 0.00 0.00 0.00 0.00 0.00 0.00 0.00 19.72 40.23 63.71 84.48 99.22 108.49 109.42 106.22 98.04 81.21 57.82 29.76 11.93 0.00 0.00 0.00
0.00 0.00 0.00 0.00 0.00 0.00 0.00 0.00 70.07 142.96 226.44 300.23 352.62 385.56 388.87 377.51 348.43 288.60 205.48 105.78 42.41 0.00 0.00 0.00
0.00 0.00 0.00 0.00 0.00 0.00 0.00 0.76 3.49 6.06 7.88 9.86 11.13 10.99 10.73 9.91 9.60 7.50 4.90 2.15 0.29 0.00 0.00 0.00
0.00 0.00 0.00 0.00 0.00 0.00 0.00 0.00 136.93 294.70 481.74 643.95 773.99 851.56 885.85 886.45 834.63 688.17 483.48 258.48 106.33 0.00 0.00 0.00
0.00 0.00 0.00 0.00 0.00 0.00 0.00 0.43 2.18 3.83 5.77 7.42 8.57 8.99 8.90 8.38 7.48 5.83 3.91 1.87 0.52 0.00 0.00 0.00
0.00 0.00 0.00 0.00 0.00 0.00 0.00 0.10 1.11 2.06 3.07 3.96 4.57 4.22 4.11 3.92 3.59 2.83 1.92 0.89 0.20 0.00 0.00 0.00
0.00 0.00 0.00 0.00 0.00 0.00 0.00 0.17 1.78 3.30 4.91 6.33 7.32 6.75 6.57 6.27 5.74 4.52 3.08 1.42 0.32 0.00 0.00 0.00
0.00 0.00 0.00 0.00 0.00 0.00 0.00 0.17 1.78 3.30 4.91 6.33 7.32 6.75 6.57 6.27 5.74 4.52 3.08 1.42 0.32 0.00 0.00 0.00
0.00 0.00 0.00 0.00 0.00 0.00 0.00 0.27 4.14 7.82 12.36 16.33 18.89 20.45 20.44 19.34 18.00 14.26 9.34 4.21 1.15 0.00 0.00 0.00
0.00 0.00 0.00 0.00 0.00 0.00 0.00 0.12 1.93 3.65 5.79 7.66 8.83 9.69 9.68 9.09 8.56 6.81 4.46 1.99 0.54 0.00 0.00 0.00
0.00 0.00 0.00 0.00 0.00 0.00 0.00 0.16 2.49 4.70 7.44 9.85 11.36 12.46 12.44 11.69 11.01 8.76 5.73 2.56 0.69 0.00 0.00 0.00
0.00 0.00 0.00 0.00 0.00 0.00 0.00 0.11 1.66 3.13 4.96 6.56 7.57 8.31 8.29 7.79 7.34 5.84 3.82 1.71 0.46 0.00 0.00 0.00
0.00 0.00 0.00 0.00 0.00 0.00 0.00 0.11 1.66 3.13 4.96 6.56 7.57 8.31 8.29 7.79 7.34 5.84 3.82 1.71 0.46 0.00 0.00 0.00
0.00 0.00 0.00 0.00 0.00 0.00 0.00 0.00 20.53 41.92 66.71 87.77 102.07 113.89 113.53 107.17 85.09 66.60 45.03 19.33 4.93 0.00 0.00 0.00
0.00 0.00 0.00 0.00 0.00 0.00 0.00 1.13 12.74 23.78 36.79 48.70 56.44 61.71 61.67 57.45 52.74 41.76 27.78 12.45 3.34 0.00 0.00 0.00
0.00 0.00 0.00 0.00 0.00 0.00 0.00 0.94 10.93 20.42 31.63 41.90 48.05 51.93 51.76 48.77 44.03 35.03 23.31 10.61 3.08 0.00 0.00 0.00
0.00 0.00 0.00 0.00 0.00 0.00 0.00 0.00 40.39 86.92 142.10 189.94 228.30 251.18 261.29 261.47 246.19 202.98 142.61 76.24 31.36 0.00 0.00 0.00
0.00 0.00 0.00 0.00 0.00 0.00 0.00 0.00 38.42 82.68 135.16 180.68 217.16 238.93 248.55 248.72 234.18 193.08 135.65 72.52 29.83 0.00 0.00 0.00
0.00 0.00 0.00 0.00 0.00 0.00 0.00 0.00 73.88 159.01 259.93 347.46 417.62 459.48 477.98 478.30 450.34 371.31 260.87 139.47 57.37 0.00 0.00 0.00
0.00 0.00 0.00 0.00 0.00 0.00 0.00 0.00 72.65 156.36 255.60 341.67 410.66 451.82 470.01 470.33 442.83 365.12 256.52 137.14 56.42 0.00 0.00 0.00
0.00 0.00 0.00 0.00 0.00 0.00 0.00 0.00 90.06 182.67 286.43 385.45 463.80 510.84 526.89 508.15 476.37 382.35 270.46 145.34 60.60 0.00 0.00 0.00
0.00 0.00 0.00 0.00 0.00 0.00 0.00 0.10 1.11 2.06 3.07 3.96 4.57 4.22 4.11 3.92 3.59 2.83 1.92 0.89 0.20 0.00 0.00 0.00
0.00 0.00 0.00 0.00 0.00 0.00 0.00 0.52 5.62 10.44 15.54 20.04 23.17 21.36 20.81 19.86 18.18 14.31 9.74 4.51 1.00 0.00 0.00 0.00
0.00 0.00 0.00 0.00 0.00 0.00 0.00 2.67 28.72 53.32 79.35 102.32 118.27 109.06 106.22 101.38 92.83 73.08 49.73 23.03 5.11 0.00 0.00 0.00
0.00 0.00 0.00 0.00 0.00 0.00 0.00 0.00 2.76 5.94 9.70 12.97 15.59 17.15 17.84 17.86 16.81 13.86 9.74 5.21 2.14 0.00 0.00 0.00
0.00 0.00 0.00 0.00 0.00 0.00 0.00 0.00 68.98 140.74 222.91 295.55 347.13 379.55 382.81 371.63 343.00 284.10 202.28 104.13 41.75 0.00 0.00 0.00
0.00 0.00 0.00 0.00 0.00 0.00 0.00 0.00 5.61 11.38 18.35 24.84 29.48 32.40 32.15 30.37 27.87 22.34 15.27 7.38 2.44 0.00 0.00 0.00
0.00 0.00 0.00 0.00 0.00 0.00 0.00 2.53 38.00 71.87 113.11 151.39 178.24 194.71 196.73 187.35 170.24 138.24 97.47 48.80 18.28 0.00 0.00 0.00
0.00 0.00 0.00 0.00 0.00 0.00 0.00 0.00 1.15 2.35 3.72 4.93 5.79 6.33 6.38 6.19 5.72 4.73 3.37 1.74 0.70 0.00 0.00 0.00
0.00 0.00 0.00 0.00 0.00 0.00 0.00 0.00 51.73 105.55 167.18 221.66 260.35 284.66 287.11 278.72 257.25 213.07 151.71 78.10 31.31 0.00 0.00 0.00
0.00 0.00 0.00 0.00 0.00 0.00 0.00 0.00 66.39 135.46 214.55 284.47 334.11 365.32 368.45 357.69 330.13 273.45 194.69 100.23 40.18 0.00 0.00 0.00
0.00 0.00 0.00 0.00 0.00 0.00 0.00 0.00 118.76 240.89 377.73 508.32 611.64 673.67 694.84 670.13 628.21 504.23 356.66 191.67 79.92 0.00 0.00 0.00
0.00 0.00 0.00 0.00 0.00 0.00 0.00 0.09 2.86 5.51 9.03 11.99 13.86 15.41 15.37 14.36 13.32 10.21 7.01 3.15 0.87 0.00 0.00 0.00
0.00 0.00 0.00 0.00 0.00 0.00 0.00 0.14 3.65 6.99 11.38 15.09 17.46 19.37 19.35 18.09 16.78 12.92 8.74 3.90 1.07 0.00 0.00 0.00
0.00 0.00 0.00 0.00 0.00 0.00 0.00 0.00 23.15 46.95 75.70 102.47 121.61 133.65 132.63 125.27 114.95 92.14 62.98 30.43 10.09 0.00 0.00 0.00
0.00 0.00 0.00 0.00 0.00 0.00 0.00 0.00 87.52 178.32 282.43 384.37 465.63 512.42 520.66 490.76 464.16 378.83 270.85 159.52 74.52 0.00 0.00 0.00
0.00 0.00 0.00 0.00 0.00 0.00 0.00 0.11 1.02 1.89 2.91 3.83 4.39 4.77 4.79 4.50 4.06 3.12 2.13 0.94 0.24 0.00 0.00 0.00
0.00 0.00 0.00 0.00 0.00 0.00 0.00 0.00 18.03 35.63 55.20 73.83 88.46 96.37 97.86 94.20 86.09 69.07 49.24 24.98 9.74 0.00 0.00 0.00
0.00 0.00 0.00 0.00 0.00 0.00 0.00 0.00 4.43 10.22 17.16 23.61 28.29 31.85 32.59 31.78 30.33 24.07 17.50 9.88 4.25 0.00 0.00 0.00
0.00 0.00 0.00 0.00 0.00 0.00 0.00 0.57 2.60 4.52 6.59 8.50 9.75 10.12 10.10 9.54 8.43 6.63 4.39 2.07 0.55 0.00 0.00 0.00
0.00 0.00 0.00 0.00 0.00 0.00 0.00 0.28 1.30 2.26 3.30 4.25 4.88 5.06 5.05 4.77 4.21 3.32 2.19 1.04 0.28 0.00 0.00 0.00
0.00 0.00 0.00 0.00 0.00 0.00 0.00 0.62 2.85 4.94 7.21 9.30 10.67 11.07 11.05 10.43 9.22 7.26 4.80 2.26 0.60 0.00 0.00 0.00
0.00 0.00 0.00 0.00 0.00 0.00 0.00 0.70 3.39 5.90 8.79 11.26 13.08 13.69 13.47 12.77 11.43 8.88 5.87 2.73 0.72 0.00 0.00 0.00
0.00 0.00 0.00 0.00 0.00 0.00 0.00 1.07 5.16 9.00 13.39 17.16 19.92 20.86 20.53 19.45 17.41 13.53 8.95 4.16 1.09 0.00 0.00 0.00
0.00 0.00 0.00 0.00 0.00 0.00 0.00 0.86 4.46 7.83 11.76 14.98 17.38 18.11 17.82 16.88 15.20 11.93 8.08 3.90 1.09 0.00 0.00 0.00
0.00 0.00 0.00 0.00 0.00 0.00 0.00 0.43 3.34 6.11 9.30 12.44 14.57 15.44 15.65 15.02 13.64 10.86 7.47 3.68 1.31 0.00 0.00 0.00
0.00 0.00 0.00 0.00 0.00 0.00 0.00 1.12 8.63 15.78 24.02 32.14 37.65 39.90 40.43 38.81 35.23 28.06 19.30 9.52 3.39 0.00 0.00 0.00
0.00 0.00 0.00 0.00 0.00 0.00 0.00 0.20 2.19 4.07 6.13 8.22 9.70 10.45 10.41 9.80 8.79 6.99 4.92 2.44 0.86 0.00 0.00 0.00
0.00 0.00 0.00 0.00 0.00 0.00 0.00 0.69 4.79 8.64 12.92 16.80 19.21 20.75 20.70 19.07 16.81 13.03 8.60 3.80 0.92 0.00 0.00 0.00
0.00 0.00 0.00 0.00 0.00 0.00 0.00 1.33 7.99 14.26 21.77 28.44 32.75 34.70 35.07 32.97 29.39 22.90 15.16 6.65 1.73 0.00 0.00 0.00
0.00 0.00 0.00 0.00 0.00 0.00 0.00 0.25 1.14 1.98 2.85 3.58 4.01 3.61 3.48 3.25 2.95 2.30 1.50 0.73 0.11 0.00 0.00 0.00
0.00 0.00 0.00 0.00 0.00 0.00 0.00 1.06 6.31 11.25 16.10 20.17 22.49 19.46 18.80 17.69 15.43 12.02 8.00 4.01 0.73 0.00 0.00 0.00
0.00 0.00 0.00 0.00 0.00 0.00 0.00 0.81 4.19 7.37 10.66 13.30 14.78 12.96 12.36 11.79 11.33 8.80 5.88 2.94 0.48 0.00 0.00 0.00
0.00 0.00 0.00 0.00 0.00 0.00 0.00 1.11 5.78 10.17 14.71 18.36 20.39 17.88 17.05 16.27 15.64 12.14 8.12 4.06 0.66 0.00 0.00 0.00
0.00 0.00 0.00 0.00 0.00 0.00 0.00 0.76 3.94 6.93 10.02 12.50 13.89 12.18 11.62 11.08 10.65 8.27 5.53 2.76 0.45 0.00 0.00 0.00
0.00 0.00 0.00 0.00 0.00 0.00 0.00 0.56 3.37 6.00 8.58 10.75 11.99 10.38 10.03 9.44 8.23 6.41 4.27 2.14 0.39 0.00 0.00 0.00
0.00 0.00 0.00 0.00 0.00 0.00 0.00 0.64 3.09 5.40 7.32 9.13 10.28 10.20 10.07 9.42 9.47 7.41 4.83 2.14 0.30 0.00 0.00 0.00
0.00 0.00 0.00 0.00 0.00 0.00 0.00 0.30 3.18 5.91 8.79 11.34 13.11 12.09 11.77 11.23 10.29 8.10 5.51 2.55 0.57 0.00 0.00 0.00
0.00 0.00 0.00 0.00 0.00 0.00 0.00 0.00 26.72 54.57 86.83 114.24 132.85 148.24 147.77 139.50 110.75 86.69 58.61 25.16 6.42 0.00 0.00 0.00
0.00 0.00 0.00 0.00 0.00 0.00 0.00 0.30 4.69 8.87 14.01 18.50 21.40 23.17 23.16 21.92 20.40 16.16 10.59 4.78 1.31 0.00 0.00 0.00
0.00 0.00 0.00 0.00 0.00 0.00 0.00 0.73 6.98 12.89 19.85 26.14 30.48 34.36 34.28 31.85 26.55 20.52 13.72 6.03 1.50 0.00 0.00 0.00
0.00 0.00 0.00 0.00 0.00 0.00 0.00 0.33 3.20 5.91 9.10 11.98 13.97 15.75 15.71 14.60 12.17 9.40 6.29 2.76 0.69 0.00 0.00 0.00
0.00 0.00 0.00 0.00 0.00 0.00 0.00 0.40 5.83 11.01 17.32 22.81 26.44 28.56 28.52 26.99 25.02 19.78 13.01 5.87 1.61 0.00 0.00 0.00
0.00 0.00 0.00 0.00 0.00 0.00 0.00 0.27 2.49 4.59 7.07 9.30 10.67 11.59 11.63 10.92 9.87 7.59 5.18 2.29 0.59 0.00 0.00 0.00
0.00 0.00 0.00 0.00 0.00 0.00 0.00 0.00 23.97 48.61 78.38 106.09 125.91 138.38 137.31 129.70 119.02 95.40 65.21 31.51 10.44 0.00 0.00 0.00
0.00 0.00 0.00 0.00 0.00 0.00 0.00 0.61 9.09 17.19 27.05 36.20 42.62 46.56 47.05 44.80 40.71 33.06 23.31 11.67 4.37 0.00 0.00 0.00
0.00 0.00 0.00 0.00 0.00 0.00 0.00 0.11 2.06 3.94 6.04 8.03 9.67 10.52 10.43 9.89 9.09 7.35 5.19 2.57 0.95 0.00 0.00 0.00
0.00 0.00 0.00 0.00 0.00 0.00 0.00 0.10 2.62 5.02 7.79 10.25 11.86 12.64 12.81 12.34 11.14 9.03 6.33 3.17 1.14 0.00 0.00 0.00
0.00 0.00 0.00 0.00 0.00 0.00 0.00 0.16 4.18 8.03 12.47 16.40 18.97 20.23 20.49 19.75 17.82 14.45 10.13 5.08 1.83 0.00 0.00 0.00
0.00 0.00 0.00 0.00 0.00 0.00 0.00 0.00 75.11 161.66 264.26 353.25 424.58 467.13 485.94 486.27 457.85 377.50 265.22 141.79 58.33 0.00 0.00 0.00
