0.00 0.00 0.00 0.00 0.00 0.00 0.00 0.00 0.67 1.68 2.70 3.74 4.51 5.03 5.06 4.83 4.23 3.33 2.22 0.96 0.14 0.00 0.00 0.00
0.00 0.00 0.00 0.00 0.00 0.00 0.00 0.00 13.51 28.62 44.80 60.81 73.75 79.48 79.65 74.65 62.24 47.95 30.00 8.79 0.00 0.00 0.00 0.00
0.00 0.00 0.00 0.00 0.00 0.00 0.00 0.00 15.37 38.47 61.74 85.60 103.05 114.94 115.61 110.54 96.63 76.12 50.86 21.87 3.28 0.00 0.00 0.00
0.00 0.00 0.00 0.00 0.00 0.00 0.00 0.00 54.61 136.73 219.42 304.22 366.25 408.49 410.86 392.84 343.43 270.52 180.74 77.72 11.66 0.00 0.00 0.00
0.00 0.00 0.00 0.00 0.00 0.00 0.00 0.07 2.92 5.54 8.39 11.12 12.77 13.05 12.89 12.12 10.32 7.76 4.67 1.18 0.00 0.00 0.00 0.00
0.00 0.00 0.00 0.00 0.00 0.00 0.00 0.00 110.72 299.12 510.52 709.48 852.50 928.40 942.79 889.91 771.14 611.49 421.95 186.94 33.87 0.00 0.00 0.00
0.00 0.00 0.00 0.00 0.00 0.00 0.00 0.00 1.84 3.66 5.60 7.57 8.72 9.33 9.23 8.68 7.25 5.39 3.37 1.12 0.00 0.00 0.00 0.00
0.00 0.00 0.00 0.00 0.00 0.00 0.00 0.00 0.81 1.68 2.55 3.49 4.13 4.49 4.60 4.33 3.76 2.95 1.85 0.58 0.00 0.00 0.00 0.00
0.00 0.00 0.00 0.00 0.00 0.00 0.00 0.00 1.29 2.68 4.07 5.58 6.60 7.19 7.36 6.92 6.02 4.71 2.96 0.92 0.00 0.00 0.00 0.00
0.00 0.00 0.00 0.00 0.00 0.00 0.00 0.00 1.29 2.68 4.07 5.58 6.60 7.19 7.36 6.92 6.02 4.71 2.96 0.92 0.00 0.00 0.00 0.00
0.00 0.00 0.00 0.00 0.00 0.00 0.00 0.00 2.96 6.39 10.40 14.36 17.39 18.70 18.75 17.99 15.91 12.20 7.89 2.64 0.00 0.00 0.00 0.00
0.00 0.00 0.00 0.00 0.00 0.00 0.00 0.00 1.42 3.06 4.94 6.70 8.05 8.73 8.77 8.46 7.48 5.76 3.62 1.20 0.00 0.00 0.00 0.00
0.00 0.00 0.00 0.00 0.00 0.00 0.00 0.00 1.82 3.93 6.35 8.62 10.35 11.23 11.28 10.88 9.61 7.41 4.66 1.54 0.00 0.00 0.00 0.00
0.00 0.00 0.00 0.00 0.00 0.00 0.00 0.00 1.21 2.62 4.24 5.74 6.90 7.48 7.52 7.25 6.41 4.94 3.10 1.03 0.00 0.00 0.00 0.00
0.00 0.00 0.00 0.00 0.00 0.00 0.00 0.00 1.21 2.62 4.24 5.74 6.90 7.48 7.52 7.25 6.41 4.94 3.10 1.03 0.00 0.00 0.00 0.00
0.00 0.00 0.00 0.00 0.00 0.00 0.00 0.00 13.70 31.97 55.41 77.21 94.85 107.44 111.12 106.25 89.25 69.14 43.46 14.70 0.00 0.00 0.00 0.00
0.00 0.00 0.00 0.00 0.00 0.00 0.00 0.00 9.37 19.94 31.61 44.22 53.54 57.05 56.01 53.06 47.61 36.47 23.60 7.77 0.00 0.00 0.00 0.00
0.00 0.00 0.00 0.00 0.00 0.00 0.00 0.00 8.25 17.69 28.18 37.78 45.58 47.74 47.81 45.72 40.33 31.02 19.98 6.77 0.00 0.00 0.00 0.00
0.00 0.00 0.00 0.00 0.00 0.00 0.00 0.00 32.66 88.23 150.59 209.27 251.46 273.84 278.09 262.49 227.46 180.37 124.46 55.14 9.99 0.00 0.00 0.00
0.00 0.00 0.00 0.00 0.00 0.00 0.00 0.00 31.07 83.92 143.24 199.06 239.19 260.49 264.52 249.69 216.36 171.57 118.39 52.45 9.50 0.00 0.00 0.00
0.00 0.00 0.00 0.00 0.00 0.00 0.00 0.00 59.74 161.39 275.46 382.81 459.98 500.93 508.70 480.17 416.08 329.94 227.67 100.87 18.28 0.00 0.00 0.00
0.00 0.00 0.00 0.00 0.00 0.00 0.00 0.00 58.75 158.70 270.87 376.43 452.32 492.59 500.22 472.17 409.15 324.44 223.88 99.19 17.97 0.00 0.00 0.00
0.00 0.00 0.00 0.00 0.00 0.00 0.00 0.00 74.70 187.86 302.52 411.89 487.30 533.22 533.82 504.34 442.89 347.62 235.03 103.06 17.72 0.00 0.00 0.00
0.00 0.00 0.00 0.00 0.00 0.00 0.00 0.00 0.81 1.68 2.55 3.49 4.13 4.49 4.60 4.33 3.76 2.95 1.85 0.58 0.00 0.00 0.00 0.00
0.00 0.00 0.00 0.00 0.00 0.00 0.00 0.00 4.09 8.50 12.90 17.67 20.91 22.77 23.31 21.92 19.06 14.92 9.38 2.91 0.00 0.00 0.00 0.00
0.00 0.00 0.00 0.00 0.00 0.00 0.00 0.00 20.86 43.40 65.88 90.21 106.77 116.26 118.99 111.90 97.28 76.19 47.90 14.87 0.00 0.00 0.00 0.00
0.00 0.00 0.00 0.00 0.00 0.00 0.00 0.00 2.23 6.03 10.28 14.29 17.17 18.70 18.99 17.93 15.53 12.32 8.50 3.77 0.68 0.00 0.00 0.00
0.00 0.00 0.00 0.00 0.00 0.00 0.00 0.00 53.76 134.60 216.00 299.48 360.54 402.13 404.46 386.72 338.07 266.31 177.92 76.50 11.48 0.00 0.00 0.00
0.00 0.00 0.00 0.00 0.00 0.00 0.00 0.00 3.88 9.28 15.40 21.77 27.52 31.12 31.88 30.36 25.85 20.27 13.77 5.23 0.25 0.00 0.00 0.00
0.00 0.00 0.00 0.00 0.00 0.00 0.00 0.00 32.50 73.07 116.54 160.19 185.71 196.22 195.48 184.34 159.70 123.80 81.37 32.71 2.87 0.00 0.00 0.00
0.00 0.00 0.00 0.00 0.00 0.00 0.00 0.00 0.90 2.24 3.60 4.99 6.01 6.70 6.74 6.45 5.63 4.44 2.97 1.28 0.19 0.00 0.00 0.00
0.00 0.00 0.00 0.00 0.00 0.00 0.00 0.00 40.32 100.95 162.00 224.61 270.41 301.59 303.35 290.04 253.56 199.73 133.44 57.38 8.61 0.00 0.00 0.00
0.00 0.00 0.00 0.00 0.00 0.00 0.00 0.00 51.75 129.55 207.90 288.25 347.02 387.05 389.29 372.21 325.40 256.32 171.25 73.64 11.05 0.00 0.00 0.00
0.00 0.00 0.00 0.00 0.00 0.00 0.00 0.00 98.51 247.74 398.95 543.19 642.62 703.19 703.98 665.10 584.06 458.42 309.95 135.91 23.36 0.00 0.00 0.00
0.00 0.00 0.00 0.00 0.00 0.00 0.00 0.00 2.13 4.69 7.39 10.16 12.15 13.77 14.08 13.39 11.63 8.96 5.75 1.93 0.00 0.00 0.00 0.00
0.00 0.00 0.00 0.00 0.00 0.00 0.00 0.00 2.69 5.89 9.18 12.65 15.15 17.28 17.50 16.76 14.59 11.18 7.20 2.39 0.00 0.00 0.00 0.00
0.00 0.00 0.00 0.00 0.00 0.00 0.00 0.00 16.03 38.28 63.52 89.79 113.53 128.37 131.50 125.22 106.63 83.59 56.79 21.56 1.03 0.00 0.00 0.00
0.00 0.00 0.00 0.00 0.00 0.00 0.00 0.00 67.37 176.25 286.60 383.76 468.85 502.59 506.47 480.49 429.73 347.31 242.36 117.17 29.14 0.00 0.00 0.00
0.00 0.00 0.00 0.00 0.00 0.00 0.00 0.00 0.77 1.61 2.54 3.52 4.23 4.52 4.45 4.11 3.63 2.82 1.81 0.59 0.00 0.00 0.00 0.00
0.00 0.00 0.00 0.00 0.00 0.00 0.00 0.00 14.36 34.42 55.75 75.73 91.00 99.17 100.16 93.81 82.81 65.57 43.27 18.37 2.34 0.00 0.00 0.00
0.00 0.00 0.00 0.00 0.00 0.00 0.00 0.00 3.62 10.85 18.53 26.05 31.55 34.09 33.60 31.79 28.45 23.00 15.90 7.26 1.60 0.00 0.00 0.00
0.00 0.00 0.00 0.00 0.00 0.00 0.00 0.00 2.19 4.29 6.42 8.68 10.12 10.71 10.62 9.85 8.37 6.21 3.85 1.28 0.00 0.00 0.00 0.00
0.00 0.00 0.00 0.00 0.00 0.00 0.00 0.00 1.09 2.15 3.21 4.34 5.06 5.35 5.31 4.92 4.18 3.10 1.92 0.64 0.00 0.00 0.00 0.00
0.00 0.00 0.00 0.00 0.00 0.00 0.00 0.00 2.39 4.69 7.02 9.49 11.07 11.71 11.61 10.77 9.15 6.79 4.21 1.40 0.00 0.00 0.00 0.00
0.00 0.00 0.00 0.00 0.00 0.00 0.00 0.00 2.80 5.51 8.37 11.42 13.44 14.18 13.98 13.01 11.09 8.14 5.08 1.66 0.00 0.00 0.00 0.00
0.00 0.00 0.00 0.00 0.00 0.00 0.00 0.00 4.26 8.40 12.75 17.40 20.47 21.61 21.30 19.83 16.89 12.40 7.75 2.53 0.00 0.00 0.00 0.00
0.00 0.00 0.00 0.00 0.00 0.00 0.00 0.00 3.73 7.45 11.31 15.27 17.81 18.92 18.82 17.45 14.72 11.05 6.95 2.33 0.00 0.00 0.00 0.00
0.00 0.00 0.00 0.00 0.00 0.00 0.00 0.00 2.76 5.90 9.33 12.52 14.96 15.83 15.46 14.45 12.60 9.77 6.28 2.36 0.10 0.00 0.00 0.00
0.00 0.00 0.00 0.00 0.00 0.00 0.00 0.00 7.12 15.23 24.09 32.35 38.64 40.89 39.94 37.34 32.55 25.24 16.22 6.11 0.26 0.00 0.00 0.00
0.00 0.00 0.00 0.00 0.00 0.00 0.00 0.00 1.79 3.92 6.24 8.57 10.20 10.75 10.58 9.96 8.56 6.52 4.20 1.64 0.08 0.00 0.00 0.00
0.00 0.00 0.00 0.00 0.00 0.00 0.00 0.00 3.66 7.44 11.52 15.57 18.64 19.78 19.48 18.09 15.28 11.85 7.50 2.34 0.00 0.00 0.00 0.00
0.00 0.00 0.00 0.00 0.00 0.00 0.00 0.00 6.60 13.35 20.69 27.78 32.74 34.00 33.78 31.80 27.75 21.11 12.95 4.09 0.00 0.00 0.00 0.00
0.00 0.00 0.00 0.00 0.00 0.00 0.00 0.02 0.89 1.69 2.59 3.44 3.97 4.06 3.99 3.81 3.29 2.46 1.51 0.40 0.00 0.00 0.00 0.00
0.00 0.00 0.00 0.00 0.00 0.00 0.00 0.00 4.71 9.29 14.07 18.63 22.00 23.27 23.12 21.77 18.38 13.95 8.72 2.52 0.00 0.00 0.00 0.00
0.00 0.00 0.00 0.00 0.00 0.00 0.00 0.00 3.30 6.40 9.60 12.73 14.67 15.18 15.32 14.59 12.33 9.31 5.71 1.60 0.00 0.00 0.00 0.00
0.00 0.00 0.00 0.00 0.00 0.00 0.00 0.00 4.56 8.83 13.25 17.57 20.24 20.95 21.14 20.13 17.02 12.84 7.88 2.21 0.00 0.00 0.00 0.00
0.00 0.00 0.00 0.00 0.00 0.00 0.00 0.00 3.11 6.02 9.03 11.97 13.79 14.27 14.40 13.71 11.59 8.75 5.37 1.51 0.00 0.00 0.00 0.00
0.00 0.00 0.00 0.00 0.00 0.00 0.00 0.00 2.51 4.95 7.50 9.94 11.73 12.41 12.33 11.61 9.80 7.44 4.65 1.34 0.00 0.00 0.00 0.00
0.00 0.00 0.00 0.00 0.00 0.00 0.00 0.03 2.58 4.93 7.49 9.92 11.30 11.72 11.49 10.77 9.24 6.97 4.23 1.10 0.00 0.00 0.00 0.00
0.00 0.00 0.00 0.00 0.00 0.00 0.00 0.00 2.31 4.81 7.30 10.00 11.83 12.88 13.19 12.40 10.78 8.44 5.31 1.65 0.00 0.00 0.00 0.00
0.00 0.00 0.00 0.00 0.00 0.00 0.00 0.00 17.83 41.62 72.12 100.50 123.46 139.85 144.64 138.30 116.16 89.99 56.56 19.14 0.00 0.00 0.00 0.00
0.00 0.00 0.00 0.00 0.00 0.00 0.00 0.00 3.35 7.25 11.78 16.27 19.71 21.19 21.25 20.39 18.03 13.83 8.94 2.99 0.00 0.00 0.00 0.00
0.00 0.00 0.00 0.00 0.00 0.00 0.00 0.00 5.48 11.44 17.48 23.66 28.50 30.18 29.76 28.06 24.49 19.08 12.31 3.96 0.00 0.00 0.00 0.00
0.00 0.00 0.00 0.00 0.00 0.00 0.00 0.00 2.51 5.24 8.01 10.85 13.06 13.83 13.64 12.86 11.22 8.74 5.64 1.81 0.00 0.00 0.00 0.00
0.00 0.00 0.00 0.00 0.00 0.00 0.00 0.00 4.13 8.92 14.53 20.26 24.60 26.31 26.28 25.11 22.25 17.06 11.15 3.73 0.00 0.00 0.00 0.00
0.00 0.00 0.00 0.00 0.00 0.00 0.00 0.00 1.87 3.91 6.17 8.55 10.28 10.98 10.81 9.99 8.81 6.84 4.39 1.42 0.00 0.00 0.00 0.00
0.00 0.00 0.00 0.00 0.00 0.00 0.00 0.00 16.59 39.64 65.77 92.96 117.54 132.91 136.15 129.65 110.40 86.55 58.80 22.32 1.07 0.00 0.00 0.00
0.00 0.00 0.00 0.00 0.00 0.00 0.00 0.00 7.77 17.47 27.87 38.31 44.41 46.92 46.74 44.08 38.19 29.61 19.46 7.82 0.69 0.00 0.00 0.00
0.00 0.00 0.00 0.00 0.00 0.00 0.00 0.00 1.68 3.81 6.19 8.57 10.07 10.46 10.65 9.99 8.64 6.76 4.47 1.79 0.15 0.00 0.00 0.00
0.00 0.00 0.00 0.00 0.00 0.00 0.00 0.00 2.06 4.68 7.50 10.29 12.39 13.27 13.33 12.56 11.07 8.55 5.61 2.21 0.16 0.00 0.00 0.00
0.00 0.00 0.00 0.00 0.00 0.00 0.00 0.00 3.29 7.49 11.99 16.47 19.82 21.24 21.33 20.09 17.71 13.68 8.98 3.54 0.25 0.00 0.00 0.00
0.00 0.00 0.00 0.00 0.00 0.00 0.00 0.00 60.74 164.08 280.05 389.19 467.65 509.28 517.18 488.17 423.02 335.44 231.47 102.55 18.58 0.00 0.00 0.00
