0.00 0.00 0.00 0.00 0.00 0.00 0.00 0.00 0.50 1.31 2.41 3.31 4.08 4.51 4.65 4.46 3.95 3.06 1.99 0.82 0.08 0.00 0.00 0.00
0.00 0.00 0.00 0.00 0.00 0.00 0.00 0.00 15.97 34.72 53.15 67.94 82.01 88.24 86.29 80.63 69.07 51.80 33.86 8.83 0.00 0.00 0.00 0.00
0.00 0.00 0.00 0.00 0.00 0.00 0.00 0.00 11.42 29.86 55.21 75.70 93.37 103.06 106.32 102.02 90.37 69.95 45.56 18.75 1.80 0.00 0.00 0.00
0.00 0.00 0.00 0.00 0.00 0.00 0.00 0.00 40.58 106.13 196.20 269.04 331.83 366.26 377.87 362.56 321.17 248.61 161.93 66.62 6.39 0.00 0.00 0.00
0.00 0.00 0.00 0.00 0.00 0.00 0.00 0.00 3.16 6.12 8.88 11.24 12.90 12.98 12.67 11.69 9.86 7.29 4.74 1.05 0.00 0.00 0.00 0.00
0.00 0.00 0.00 0.00 0.00 0.00 0.00 0.00 87.52 248.01 435.23 602.06 743.13 832.60 857.78 842.12 757.62 587.28 384.51 149.97 19.92 0.00 0.00 0.00
0.00 0.00 0.00 0.00 0.00 0.00 0.00 0.00 1.61 3.30 5.16 6.75 8.07 8.42 8.55 8.02 7.11 5.35 3.50 0.94 0.00 0.00 0.00 0.00
0.00 0.00 0.00 0.00 0.00 0.00 0.00 0.00 0.93 2.00 3.14 4.12 4.81 5.39 5.34 5.03 4.27 3.23 2.05 0.58 0.00 0.00 0.00 0.00
0.00 0.00 0.00 0.00 0.00 0.00 0.00 0.00 1.50 3.20 5.02 6.59 7.70 8.63 8.55 8.05 6.84 5.17 3.28 0.93 0.00 0.00 0.00 0.00
0.00 0.00 0.00 0.00 0.00 0.00 0.00 0.00 1.50 3.20 5.02 6.59 7.70 8.63 8.55 8.05 6.84 5.17 3.28 0.93 0.00 0.00 0.00 0.00
0.00 0.00 0.00 0.00 0.00 0.00 0.00 0.00 2.27 5.07 10.04 13.40 16.20 17.88 18.18 17.15 13.02 9.69 6.11 1.94 0.00 0.00 0.00 0.00
0.00 0.00 0.00 0.00 0.00 0.00 0.00 0.00 1.02 2.27 4.80 6.46 7.82 8.85 8.87 8.33 6.90 5.14 3.21 0.96 0.00 0.00 0.00 0.00
0.00 0.00 0.00 0.00 0.00 0.00 0.00 0.00 1.31 2.92 6.17 8.31 10.06 11.38 11.40 10.72 8.88 6.60 4.13 1.24 0.00 0.00 0.00 0.00
0.00 0.00 0.00 0.00 0.00 0.00 0.00 0.00 0.87 1.95 4.12 5.54 6.70 7.59 7.60 7.14 5.92 4.40 2.75 0.83 0.00 0.00 0.00 0.00
0.00 0.00 0.00 0.00 0.00 0.00 0.00 0.00 0.87 1.95 4.12 5.54 6.70 7.59 7.60 7.14 5.92 4.40 2.75 0.83 0.00 0.00 0.00 0.00
0.00 0.00 0.00 0.00 0.00 0.00 0.00 0.00 15.86 38.35 61.08 81.58 97.44 88.38 89.16 84.30 76.18 57.77 35.63 12.71 0.00 0.00 0.00 0.00
0.00 0.00 0.00 0.00 0.00 0.00 0.00 0.00 7.13 15.66 31.19 41.33 49.78 52.43 53.28 50.05 35.18 26.19 16.64 5.34 0.00 0.00 0.00 0.00
0.00 0.00 0.00 0.00 0.00 0.00 0.00 0.00 6.12 13.55 25.27 33.43 39.97 41.49 41.43 39.47 28.25 21.52 13.91 4.98 0.00 0.00 0.00 0.00
0.00 0.00 0.00 0.00 0.00 0.00 0.00 0.00 25.82 73.15 128.38 177.59 219.20 245.59 253.01 248.39 223.47 173.23 113.42 44.24 5.87 0.00 0.00 0.00
0.00 0.00 0.00 0.00 0.00 0.00 0.00 0.00 24.56 69.58 122.11 168.92 208.50 233.61 240.67 236.28 212.57 164.78 107.88 42.08 5.59 0.00 0.00 0.00
0.00 0.00 0.00 0.00 0.00 0.00 0.00 0.00 47.22 133.82 234.84 324.85 400.97 449.25 462.83 454.38 408.79 316.88 207.47 80.92 10.75 0.00 0.00 0.00
0.00 0.00 0.00 0.00 0.00 0.00 0.00 0.00 46.44 131.59 230.92 319.44 394.28 441.76 455.12 446.81 401.98 311.59 204.01 79.57 10.57 0.00 0.00 0.00
0.00 0.00 0.00 0.00 0.00 0.00 0.00 0.00 55.28 145.34 248.50 339.64 422.33 485.65 501.37 479.12 429.27 335.00 219.63 80.51 9.56 0.00 0.00 0.00
0.00 0.00 0.00 0.00 0.00 0.00 0.00 0.00 0.93 2.00 3.14 4.12 4.81 5.39 5.34 5.03 4.27 3.23 2.05 0.58 0.00 0.00 0.00 0.00
0.00 0.00 0.00 0.00 0.00 0.00 0.00 0.00 4.74 10.14 15.90 20.88 24.37 27.33 27.08 25.49 21.66 16.39 10.40 2.96 0.00 0.00 0.00 0.00
0.00 0.00 0.00 0.00 0.00 0.00 0.00 0.00 24.17 51.76 81.19 106.62 124.44 139.51 138.24 130.15 110.57 83.66 53.10 15.10 0.00 0.00 0.00 0.00
0.00 0.00 0.00 0.00 0.00 0.00 0.00 0.00 1.76 5.00 8.77 12.13 14.97 16.77 17.28 16.96 15.26 11.83 7.75 3.02 0.40 0.00 0.00 0.00
0.00 0.00 0.00 0.00 0.00 0.00 0.00 0.00 39.95 104.47 193.14 264.84 326.65 360.55 371.98 356.91 316.16 244.74 159.41 65.59 6.29 0.00 0.00 0.00
0.00 0.00 0.00 0.00 0.00 0.00 0.00 0.00 4.10 10.16 16.24 22.19 27.31 22.48 22.69 21.40 16.81 12.68 8.50 3.47 0.00 0.00 0.00 0.00
0.00 0.00 0.00 0.00 0.00 0.00 0.00 0.00 22.67 53.03 89.49 120.94 146.29 183.07 188.54 177.47 153.29 119.69 77.09 25.84 0.56 0.00 0.00 0.00
0.00 0.00 0.00 0.00 0.00 0.00 0.00 0.00 0.67 1.74 3.22 4.41 5.44 6.01 6.20 5.95 5.27 4.08 2.66 1.09 0.10 0.00 0.00 0.00
0.00 0.00 0.00 0.00 0.00 0.00 0.00 0.00 29.96 78.35 144.85 198.63 244.99 270.41 278.99 267.69 237.12 183.55 119.56 49.19 4.72 0.00 0.00 0.00
0.00 0.00 0.00 0.00 0.00 0.00 0.00 0.00 38.45 100.55 185.90 254.91 314.40 347.03 358.03 343.53 304.31 235.56 153.43 63.13 6.06 0.00 0.00 0.00
0.00 0.00 0.00 0.00 0.00 0.00 0.00 0.00 72.90 191.67 327.70 447.90 556.95 640.45 661.18 631.83 566.11 441.78 289.63 106.17 12.60 0.00 0.00 0.00
0.00 0.00 0.00 0.00 0.00 0.00 0.00 0.00 1.63 3.71 7.71 10.37 12.61 14.40 14.48 13.55 10.97 8.25 5.19 1.56 0.00 0.00 0.00 0.00
0.00 0.00 0.00 0.00 0.00 0.00 0.00 0.00 1.93 4.38 9.50 12.79 15.53 18.39 18.45 17.22 13.79 10.37 6.49 1.96 0.00 0.00 0.00 0.00
0.00 0.00 0.00 0.00 0.00 0.00 0.00 0.00 16.90 41.89 67.00 91.53 112.65 92.71 93.60 88.26 69.35 52.32 35.06 14.32 0.00 0.00 0.00 0.00
0.00 0.00 0.00 0.00 0.00 0.00 0.00 0.00 50.56 139.99 245.66 332.47 411.47 468.83 486.51 464.36 415.26 328.74 221.14 93.76 18.77 0.00 0.00 0.00
0.00 0.00 0.00 0.00 0.00 0.00 0.00 0.00 0.58 1.25 2.52 3.39 4.09 4.17 4.22 3.92 2.89 2.17 1.39 0.46 0.00 0.00 0.00 0.00
0.00 0.00 0.00 0.00 0.00 0.00 0.00 0.00 9.93 24.85 46.14 62.71 76.54 90.99 92.78 88.77 80.34 61.77 39.53 14.43 1.00 0.00 0.00 0.00
0.00 0.00 0.00 0.00 0.00 0.00 0.00 0.00 2.73 8.72 15.63 21.97 27.30 29.20 29.84 28.26 21.41 16.72 11.37 4.61 0.82 0.00 0.00 0.00
0.00 0.00 0.00 0.00 0.00 0.00 0.00 0.00 1.93 3.87 5.93 7.65 9.10 8.87 9.06 8.55 7.69 5.72 3.75 1.04 0.00 0.00 0.00 0.00
0.00 0.00 0.00 0.00 0.00 0.00 0.00 0.00 0.96 1.94 2.97 3.82 4.55 4.43 4.53 4.27 3.85 2.86 1.87 0.52 0.00 0.00 0.00 0.00
0.00 0.00 0.00 0.00 0.00 0.00 0.00 0.00 2.11 4.24 6.49 8.37 9.95 9.70 9.91 9.35 8.42 6.25 4.10 1.14 0.00 0.00 0.00 0.00
0.00 0.00 0.00 0.00 0.00 0.00 0.00 0.00 2.50 5.06 7.91 10.23 12.08 12.16 12.22 11.68 10.87 8.15 5.34 1.38 0.00 0.00 0.00 0.00
0.00 0.00 0.00 0.00 0.00 0.00 0.00 0.00 3.81 7.71 12.05 15.59 18.41 18.53 18.63 17.80 16.56 12.43 8.13 2.11 0.00 0.00 0.00 0.00
0.00 0.00 0.00 0.00 0.00 0.00 0.00 0.00 3.25 6.66 10.40 13.66 16.20 17.33 17.52 16.53 14.69 11.07 7.25 1.97 0.00 0.00 0.00 0.00
0.00 0.00 0.00 0.00 0.00 0.00 0.00 0.00 2.15 4.76 7.45 9.92 12.05 14.59 14.92 14.32 12.33 9.30 5.95 1.89 0.00 0.00 0.00 0.00
0.00 0.00 0.00 0.00 0.00 0.00 0.00 0.00 5.56 12.30 19.25 25.62 31.12 37.70 38.53 36.99 31.85 24.02 15.36 4.89 0.00 0.00 0.00 0.00
0.00 0.00 0.00 0.00 0.00 0.00 0.00 0.00 1.44 3.26 5.28 7.14 8.67 9.88 9.97 9.37 8.09 6.20 3.98 1.34 0.00 0.00 0.00 0.00
0.00 0.00 0.00 0.00 0.00 0.00 0.00 0.00 3.23 6.76 11.67 15.59 18.49 18.13 18.38 16.89 13.00 9.63 6.14 2.05 0.00 0.00 0.00 0.00
0.00 0.00 0.00 0.00 0.00 0.00 0.00 0.00 5.81 12.04 19.03 25.09 30.25 33.06 33.14 30.95 27.69 20.87 13.38 3.57 0.00 0.00 0.00 0.00
0.00 0.00 0.00 0.00 0.00 0.00 0.00 0.00 0.98 1.90 2.85 3.57 4.10 4.38 4.34 4.04 3.57 2.62 1.70 0.38 0.00 0.00 0.00 0.00
0.00 0.00 0.00 0.00 0.00 0.00 0.00 0.00 5.34 10.78 16.34 20.99 24.83 27.69 27.28 25.32 22.13 16.17 10.43 2.45 0.00 0.00 0.00 0.00
0.00 0.00 0.00 0.00 0.00 0.00 0.00 0.00 3.66 7.25 10.94 13.88 15.97 17.43 17.18 16.18 14.16 10.53 6.81 1.67 0.00 0.00 0.00 0.00
0.00 0.00 0.00 0.00 0.00 0.00 0.00 0.00 5.05 10.01 15.09 19.16 22.04 24.05 23.71 22.33 19.54 14.53 9.39 2.31 0.00 0.00 0.00 0.00
0.00 0.00 0.00 0.00 0.00 0.00 0.00 0.00 3.44 6.82 10.28 13.05 15.01 16.38 16.15 15.21 13.31 9.90 6.40 1.57 0.00 0.00 0.00 0.00
0.00 0.00 0.00 0.00 0.00 0.00 0.00 0.00 2.85 5.75 8.71 11.20 13.24 14.77 14.55 13.50 11.80 8.63 5.56 1.31 0.00 0.00 0.00 0.00
0.00 0.00 0.00 0.00 0.00 0.00 0.00 0.00 2.80 5.47 8.02 10.33 11.93 12.09 11.89 11.01 9.44 6.99 4.53 1.04 0.00 0.00 0.00 0.00
0.00 0.00 0.00 0.00 0.00 0.00 0.00 0.00 2.68 5.74 9.00 11.82 13.79 15.46 15.32 14.42 12.25 9.27 5.88 1.67 0.00 0.00 0.00 0.00
0.00 0.00 0.00 0.00 0.00 0.00 0.00 0.00 20.65 49.92 79.50 106.18 126.82 115.03 116.05 109.73 99.15 75.19 46.37 16.55 0.00 0.00 0.00 0.00
0.00 0.00 0.00 0.00 0.00 0.00 0.00 0.00 2.57 5.74 11.37 15.18 18.36 20.26 20.60 19.44 14.76 10.98 6.93 2.20 0.00 0.00 0.00 0.00
0.00 0.00 0.00 0.00 0.00 0.00 0.00 0.00 3.90 8.41 18.84 25.19 29.93 31.58 31.54 29.57 22.19 16.33 10.48 3.74 0.00 0.00 0.00 0.00
0.00 0.00 0.00 0.00 0.00 0.00 0.00 0.00 1.79 3.85 8.64 11.55 13.72 14.47 14.46 13.55 10.17 7.48 4.80 1.71 0.00 0.00 0.00 0.00
0.00 0.00 0.00 0.00 0.00 0.00 0.00 0.00 3.25 7.24 14.16 18.81 22.73 24.46 25.00 23.58 16.83 12.57 7.97 2.55 0.00 0.00 0.00 0.00
0.00 0.00 0.00 0.00 0.00 0.00 0.00 0.00 1.41 3.04 6.13 8.24 9.93 10.13 10.24 9.51 7.02 5.27 3.37 1.12 0.00 0.00 0.00 0.00
0.00 0.00 0.00 0.00 0.00 0.00 0.00 0.00 17.50 43.37 69.37 94.77 116.64 95.99 96.91 91.38 71.81 54.17 36.30 14.82 0.00 0.00 0.00 0.00
0.00 0.00 0.00 0.00 0.00 0.00 0.00 0.00 5.42 12.68 21.40 28.92 34.98 43.78 45.09 42.44 36.66 28.62 18.43 6.18 0.13 0.00 0.00 0.00
0.00 0.00 0.00 0.00 0.00 0.00 0.00 0.00 1.35 3.19 5.20 6.97 8.45 9.77 10.06 9.61 7.67 5.86 3.83 1.40 0.03 0.00 0.00 0.00
0.00 0.00 0.00 0.00 0.00 0.00 0.00 0.00 1.75 4.12 6.77 9.23 11.33 12.61 12.61 11.84 8.17 6.17 4.01 1.70 0.01 0.00 0.00 0.00
0.00 0.00 0.00 0.00 0.00 0.00 0.00 0.00 2.80 6.59 10.83 14.77 18.12 20.17 20.17 18.95 13.07 9.87 6.41 2.72 0.01 0.00 0.00 0.00
0.00 0.00 0.00 0.00 0.00 0.00 0.00 0.00 48.01 136.05 238.75 330.27 407.65 456.73 470.54 461.95 415.60 322.16 210.93 82.27 10.93 0.00 0.00 0.00
