0.00 0.00 0.00 0.00 0.00 0.00 0.00 0.10 1.05 1.96 3.06 4.01 4.67 5.15 5.31 5.12 4.66 3.85 2.77 1.61 0.72 0.00 0.00 0.00
0.00 0.00 0.00 0.00 0.00 0.00 0.00 3.27 18.21 32.45 51.09 65.88 76.04 85.92 87.37 83.16 71.92 56.98 38.73 18.00 5.07 0.00 0.00 0.00
0.00 0.00 0.00 0.00 0.00 0.00 0.00 2.31 23.92 44.82 70.08 91.71 106.87 117.85 121.49 117.16 106.62 88.03 63.25 36.72 16.57 0.00 0.00 0.00
0.00 0.00 0.00 0.00 0.00 0.00 0.00 8.22 85.01 159.27 249.05 325.94 379.81 418.83 431.78 416.39 378.92 312.84 224.78 130.50 58.88 0.00 0.00 0.00
0.00 0.00 0.00 0.00 0.00 0.00 0.00 0.61 2.00 3.31 5.79 7.25 8.22 9.49 9.52 8.98 10.57 8.25 5.42 2.67 0.62 0.00 0.00 0.00
0.00 0.00 0.00 0.00 0.00 0.00 0.00 2.63 173.35 338.72 531.43 700.11 819.70 910.09 939.91 927.85 867.46 717.43 525.32 309.49 141.88 0.00 0.00 0.00
0.00 0.00 0.00 0.00 0.00 0.00 0.00 0.81 2.69 4.47 6.48 8.12 9.27 9.67 9.64 9.23 8.22 6.62 4.58 2.34 0.83 0.00 0.00 0.00
0.00 0.00 0.00 0.00 0.00 0.00 0.00 0.13 0.65 1.15 1.90 2.47 2.86 4.22 4.24 4.01 4.36 3.51 2.38 1.19 0.36 0.00 0.00 0.00
0.00 0.00 0.00 0.00 0.00 0.00 0.00 0.22 1.05 1.84 3.04 3.95 4.57 6.76 6.79 6.41 6.97 5.62 3.81 1.90 0.57 0.00 0.00 0.00
0.00 0.00 0.00 0.00 0.00 0.00 0.00 0.22 1.05 1.84 3.04 3.95 4.57 6.76 6.79 6.41 6.97 5.62 3.81 1.90 0.57 0.00 0.00 0.00
0.00 0.00 0.00 0.00 0.00 0.00 0.00 0.65 3.47 6.17 9.40 12.47 14.48 20.05 20.22 19.17 14.48 11.48 7.87 5.03 1.73 0.00 0.00 0.00
0.00 0.00 0.00 0.00 0.00 0.00 0.00 0.30 1.60 2.85 4.20 5.53 6.42 9.10 9.23 8.74 7.78 6.18 4.20 2.40 0.82 0.00 0.00 0.00
0.00 0.00 0.00 0.00 0.00 0.00 0.00 0.39 2.06 3.66 5.40 7.11 8.26 11.70 11.87 11.24 10.00 7.94 5.40 3.08 1.05 0.00 0.00 0.00
0.00 0.00 0.00 0.00 0.00 0.00 0.00 0.26 1.37 2.44 3.60 4.74 5.50 7.80 7.91 7.49 6.67 5.29 3.60 2.06 0.70 0.00 0.00 0.00
0.00 0.00 0.00 0.00 0.00 0.00 0.00 0.26 1.37 2.44 3.60 4.74 5.50 7.80 7.91 7.49 6.67 5.29 3.60 2.06 0.70 0.00 0.00 0.00
0.00 0.00 0.00 0.00 0.00 0.00 0.00 1.34 22.29 42.32 66.26 85.77 99.56 111.71 113.34 107.99 98.24 76.65 53.14 27.28 8.74 0.00 0.00 0.00
0.00 0.00 0.00 0.00 0.00 0.00 0.00 2.11 10.18 17.90 29.54 38.84 45.54 61.41 60.85 56.89 34.42 27.35 18.80 13.25 4.52 0.00 0.00 0.00
0.00 0.00 0.00 0.00 0.00 0.00 0.00 2.51 12.03 21.09 32.35 42.00 49.15 53.38 52.93 49.17 34.99 28.01 19.21 10.41 3.75 0.00 0.00 0.00
0.00 0.00 0.00 0.00 0.00 0.00 0.00 0.78 51.13 99.91 156.75 206.51 241.78 268.45 277.24 273.68 255.87 211.62 154.95 91.29 41.85 0.00 0.00 0.00
0.00 0.00 0.00 0.00 0.00 0.00 0.00 0.74 48.64 95.04 149.11 196.43 229.99 255.35 263.71 260.33 243.39 201.29 147.39 86.84 39.81 0.00 0.00 0.00
0.00 0.00 0.00 0.00 0.00 0.00 0.00 1.42 93.53 182.76 286.74 377.76 442.29 491.06 507.14 500.64 468.05 387.10 283.45 166.99 76.56 0.00 0.00 0.00
0.00 0.00 0.00 0.00 0.00 0.00 0.00 1.40 91.97 179.72 281.96 371.46 434.91 482.87 498.69 492.30 460.25 380.65 278.72 164.21 75.28 0.00 0.00 0.00
0.00 0.00 0.00 0.00 0.00 0.00 0.00 12.01 110.62 206.06 320.41 423.10 498.57 538.78 554.68 537.95 492.55 405.79 295.07 170.87 79.59 0.00 0.00 0.00
0.00 0.00 0.00 0.00 0.00 0.00 0.00 0.13 0.65 1.15 1.90 2.47 2.86 4.22 4.24 4.01 4.36 3.51 2.38 1.19 0.36 0.00 0.00 0.00
0.00 0.00 0.00 0.00 0.00 0.00 0.00 0.68 3.32 5.83 9.62 12.51 14.47 21.40 21.50 20.30 22.08 17.80 12.06 6.03 1.81 0.00 0.00 0.00
0.00 0.00 0.00 0.00 0.00 0.00 0.00 3.49 16.93 29.77 49.09 63.87 73.85 109.25 109.77 103.65 112.73 90.85 61.59 30.80 9.22 0.00 0.00 0.00
0.00 0.00 0.00 0.00 0.00 0.00 0.00 0.05 3.49 6.82 10.71 14.10 16.51 18.33 18.93 18.69 17.47 14.45 10.58 6.23 2.86 0.00 0.00 0.00
0.00 0.00 0.00 0.00 0.00 0.00 0.00 8.09 83.69 156.79 245.16 320.86 373.89 412.30 425.05 409.90 373.01 307.96 221.27 128.47 57.97 0.00 0.00 0.00
0.00 0.00 0.00 0.00 0.00 0.00 0.00 0.57 6.14 11.50 18.17 24.83 29.85 32.74 32.82 31.28 28.20 22.87 15.91 9.64 3.78 0.00 0.00 0.00
0.00 0.00 0.00 0.00 0.00 0.00 0.00 9.76 47.49 83.64 128.63 166.59 193.36 202.41 205.39 193.85 178.44 146.85 105.49 59.15 25.72 0.00 0.00 0.00
0.00 0.00 0.00 0.00 0.00 0.00 0.00 0.13 1.39 2.61 4.09 5.35 6.23 6.87 7.08 6.83 6.22 5.13 3.69 2.14 0.97 0.00 0.00 0.00
0.00 0.00 0.00 0.00 0.00 0.00 0.00 6.07 62.76 117.59 183.87 240.65 280.42 309.22 318.79 307.42 279.76 230.97 165.95 96.35 43.48 0.00 0.00 0.00
0.00 0.00 0.00 0.00 0.00 0.00 0.00 7.79 80.55 150.91 235.97 308.83 359.87 396.84 409.11 394.52 359.02 296.41 212.97 123.65 55.79 0.00 0.00 0.00
0.00 0.00 0.00 0.00 0.00 0.00 0.00 15.84 145.87 271.74 422.53 557.96 657.48 710.51 731.49 709.43 649.55 535.14 389.12 225.34 104.96 0.00 0.00 0.00
0.00 0.00 0.00 0.00 0.00 0.00 0.00 0.37 2.31 4.17 6.75 8.84 10.43 15.06 15.13 14.08 13.52 10.82 7.42 3.90 1.35 0.00 0.00 0.00
0.00 0.00 0.00 0.00 0.00 0.00 0.00 0.48 2.86 5.16 8.37 10.99 12.83 18.87 18.96 17.77 16.85 13.45 9.27 4.88 1.68 0.00 0.00 0.00
0.00 0.00 0.00 0.00 0.00 0.00 0.00 2.37 25.31 47.44 74.97 102.41 123.13 135.04 135.36 129.04 116.32 94.34 65.64 39.78 15.58 0.00 0.00 0.00
0.00 0.00 0.00 0.00 0.00 0.00 0.00 13.14 107.39 199.15 303.04 407.81 490.42 548.52 560.84 536.58 490.28 406.48 294.97 180.88 92.63 2.92 0.00 0.00
0.00 0.00 0.00 0.00 0.00 0.00 0.00 0.17 0.78 1.35 2.39 3.14 3.66 4.85 4.81 4.45 3.01 2.39 1.65 0.92 0.31 0.00 0.00 0.00
0.00 0.00 0.00 0.00 0.00 0.00 0.00 3.20 22.36 40.86 62.79 82.56 95.62 102.73 104.60 99.91 92.17 76.16 54.35 31.07 13.84 0.00 0.00 0.00
0.00 0.00 0.00 0.00 0.00 0.00 0.00 0.00 5.69 11.75 18.60 25.18 29.89 32.69 33.43 32.31 29.67 24.58 18.00 11.00 5.19 0.00 0.00 0.00
0.00 0.00 0.00 0.00 0.00 0.00 0.00 0.99 3.12 5.13 7.42 9.36 10.56 11.13 10.97 10.45 9.08 7.19 5.02 2.56 0.89 0.00 0.00 0.00
0.00 0.00 0.00 0.00 0.00 0.00 0.00 0.49 1.56 2.56 3.71 4.68 5.28 5.56 5.49 5.22 4.54 3.59 2.51 1.28 0.45 0.00 0.00 0.00
0.00 0.00 0.00 0.00 0.00 0.00 0.00 1.08 3.41 5.61 8.11 10.24 11.55 12.17 12.00 11.43 9.93 7.86 5.49 2.80 0.97 0.00 0.00 0.00
0.00 0.00 0.00 0.00 0.00 0.00 0.00 1.28 4.16 6.87 9.88 12.48 14.18 14.78 14.51 13.81 12.15 9.76 6.74 3.35 1.15 0.00 0.00 0.00
0.00 0.00 0.00 0.00 0.00 0.00 0.00 1.95 6.34 10.48 15.05 19.01 21.61 22.52 22.11 21.05 18.52 14.87 10.27 5.10 1.76 0.00 0.00 0.00
0.00 0.00 0.00 0.00 0.00 0.00 0.00 1.64 5.52 9.18 13.28 16.51 18.91 19.77 19.79 18.77 16.86 13.38 9.37 4.81 1.71 0.00 0.00 0.00
0.00 0.00 0.00 0.00 0.00 0.00 0.00 1.02 4.03 6.90 10.34 13.53 15.69 16.50 16.48 15.75 14.32 11.56 8.19 4.63 1.95 0.00 0.00 0.00
0.00 0.00 0.00 0.00 0.00 0.00 0.00 2.63 10.40 17.82 26.72 34.95 40.54 42.63 42.58 40.69 36.99 29.85 21.17 11.96 5.04 0.00 0.00 0.00
0.00 0.00 0.00 0.00 0.00 0.00 0.00 0.60 2.70 4.69 7.15 9.27 10.76 11.29 11.21 10.58 9.72 7.84 5.58 3.20 1.34 0.00 0.00 0.00
0.00 0.00 0.00 0.00 0.00 0.00 0.00 0.95 3.77 6.45 9.17 11.86 13.63 20.25 20.08 18.73 15.57 12.56 8.67 3.83 1.23 0.00 0.00 0.00
0.00 0.00 0.00 0.00 0.00 0.00 0.00 2.65 9.72 16.38 23.91 30.53 34.97 36.99 37.31 34.90 30.62 24.17 16.52 8.11 2.75 0.00 0.00 0.00
0.00 0.00 0.00 0.00 0.00 0.00 0.00 0.19 0.63 1.04 1.58 1.96 2.19 2.29 2.27 2.12 3.61 2.84 1.92 0.94 0.23 0.00 0.00 0.00
0.00 0.00 0.00 0.00 0.00 0.00 0.00 0.85 3.21 5.45 8.70 11.04 12.47 18.81 18.54 17.44 20.83 16.78 11.49 5.75 1.55 0.00 0.00 0.00
0.00 0.00 0.00 0.00 0.00 0.00 0.00 0.70 2.46 4.13 6.95 8.73 9.77 12.48 12.22 11.75 13.38 10.67 7.26 3.73 0.95 0.00 0.00 0.00
0.00 0.00 0.00 0.00 0.00 0.00 0.00 0.97 3.40 5.70 9.60 12.05 13.49 17.22 16.86 16.22 18.46 14.73 10.02 5.15 1.31 0.00 0.00 0.00
0.00 0.00 0.00 0.00 0.00 0.00 0.00 0.66 2.32 3.89 6.54 8.21 9.19 11.73 11.49 11.05 12.58 10.03 6.83 3.51 0.89 0.00 0.00 0.00
0.00 0.00 0.00 0.00 0.00 0.00 0.00 0.45 1.71 2.91 4.64 5.89 6.65 10.03 9.89 9.30 11.11 8.95 6.13 3.07 0.83 0.00 0.00 0.00
0.00 0.00 0.00 0.00 0.00 0.00 0.00 0.55 1.85 3.09 4.87 6.11 6.90 9.11 9.16 8.71 10.70 8.42 5.56 2.60 0.61 0.00 0.00 0.00
0.00 0.00 0.00 0.00 0.00 0.00 0.00 0.39 1.88 3.30 5.44 7.08 8.18 12.11 12.17 11.49 12.49 10.07 6.83 3.41 1.02 0.00 0.00 0.00
0.00 0.00 0.00 0.00 0.00 0.00 0.00 1.75 29.01 55.08 86.24 111.64 129.59 145.40 147.52 140.55 127.86 99.76 69.17 35.51 11.38 0.00 0.00 0.00
0.00 0.00 0.00 0.00 0.00 0.00 0.00 0.74 3.93 6.99 10.65 14.13 16.41 22.72 22.92 21.72 16.41 13.02 8.92 5.70 1.96 0.00 0.00 0.00
0.00 0.00 0.00 0.00 0.00 0.00 0.00 1.02 4.68 8.19 12.69 16.53 19.31 27.78 27.51 25.71 27.87 21.85 14.93 8.06 2.63 0.00 0.00 0.00
0.00 0.00 0.00 0.00 0.00 0.00 0.00 0.47 2.15 3.75 5.82 7.58 8.85 12.73 12.61 11.79 12.77 10.01 6.84 3.70 1.20 0.00 0.00 0.00
0.00 0.00 0.00 0.00 0.00 0.00 0.00 0.92 4.83 8.58 13.21 17.50 20.35 28.59 28.79 27.22 18.17 14.42 9.87 6.90 2.38 0.00 0.00 0.00
0.00 0.00 0.00 0.00 0.00 0.00 0.00 0.42 1.88 3.28 5.81 7.62 8.88 11.78 11.69 10.81 7.30 5.81 4.00 2.24 0.75 0.00 0.00 0.00
0.00 0.00 0.00 0.00 0.00 0.00 0.00 2.45 26.21 49.11 77.62 106.03 127.48 139.81 140.15 133.61 120.44 97.67 67.96 41.19 16.13 0.00 0.00 0.00
0.00 0.00 0.00 0.00 0.00 0.00 0.00 2.33 11.36 20.00 30.76 39.84 46.24 48.40 49.11 46.36 42.67 35.12 25.23 14.15 6.15 0.00 0.00 0.00
0.00 0.00 0.00 0.00 0.00 0.00 0.00 0.49 2.56 4.54 6.97 9.01 10.49 11.07 11.16 10.52 9.48 7.69 5.52 3.27 1.41 0.00 0.00 0.00
0.00 0.00 0.00 0.00 0.00 0.00 0.00 0.59 3.30 5.90 8.77 11.35 13.10 13.84 13.85 13.21 12.12 9.98 7.19 4.30 1.81 0.00 0.00 0.00
0.00 0.00 0.00 0.00 0.00 0.00 0.00 0.95 5.28 9.43 14.03 18.17 20.96 22.15 22.15 21.13 19.39 15.96 11.51 6.89 2.90 0.00 0.00 0.00
0.00 0.00 0.00 0.00 0.00 0.00 0.00 1.44 95.09 185.81 291.52 384.06 449.66 499.24 515.60 508.98 475.85 393.56 288.17 169.78 77.83 0.00 0.00 0.00
