0.00 0.00 0.00 0.00 0.00 0.00 0.00 0.00 0.00 0.23 0.70 1.02 1.33 1.90 1.93 1.76 1.82 1.24 0.57 0.00 0.00 0.00 0.00 0.00
0.00 0.00 0.00 0.00 0.00 0.00 0.00 0.00 0.60 3.75 6.57 9.32 11.37 13.20 12.83 11.54 16.20 10.76 4.35 0.00 0.00 0.00 0.00 0.00
0.00 0.00 0.00 0.00 0.00 0.00 0.00 0.00 0.00 5.37 15.91 23.43 30.32 43.36 44.24 40.22 41.71 28.32 13.13 0.00 0.00 0.00 0.00 0.00
0.00 0.00 0.00 0.00 0.00 0.00 0.00 0.00 0.00 19.09 56.54 83.26 107.75 154.10 157.23 142.92 148.23 100.66 46.68 0.00 0.00 0.00 0.00 0.00
0.00 0.00 0.00 0.00 0.00 0.00 0.00 0.00 0.29 1.25 2.09 2.92 3.40 4.10 3.97 3.53 2.18 1.37 0.43 0.00 0.00 0.00 0.00 0.00
0.00 0.00 0.00 0.00 0.00 0.00 0.00 0.00 0.00 41.10 114.31 169.72 224.99 359.30 369.06 340.02 387.02 254.64 124.85 0.00 0.00 0.00 0.00 0.00
0.00 0.00 0.00 0.00 0.00 0.00 0.00 0.00 0.07 1.03 1.67 2.50 3.04 3.74 3.71 3.27 2.81 1.80 0.60 0.00 0.00 0.00 0.00 0.00
0.00 0.00 0.00 0.00 0.00 0.00 0.00 0.00 0.04 0.28 0.46 0.67 0.80 1.00 0.99 0.88 0.76 0.50 0.20 0.00 0.00 0.00 0.00 0.00
0.00 0.00 0.00 0.00 0.00 0.00 0.00 0.00 0.06 0.45 0.74 1.07 1.28 1.60 1.59 1.41 1.21 0.80 0.31 0.00 0.00 0.00 0.00 0.00
0.00 0.00 0.00 0.00 0.00 0.00 0.00 0.00 0.06 0.45 0.74 1.07 1.28 1.60 1.59 1.41 1.21 0.80 0.31 0.00 0.00 0.00 0.00 0.00
0.00 0.00 0.00 0.00 0.00 0.00 0.00 0.00 0.06 0.86 1.69 2.47 3.14 4.21 4.25 3.87 5.24 3.49 1.42 0.00 0.00 0.00 0.00 0.00
0.00 0.00 0.00 0.00 0.00 0.00 0.00 0.00 0.03 0.39 0.79 1.16 1.49 1.90 1.91 1.74 2.42 1.61 0.66 0.00 0.00 0.00 0.00 0.00
0.00 0.00 0.00 0.00 0.00 0.00 0.00 0.00 0.04 0.51 1.01 1.49 1.92 2.44 2.45 2.23 3.11 2.07 0.84 0.00 0.00 0.00 0.00 0.00
0.00 0.00 0.00 0.00 0.00 0.00 0.00 0.00 0.03 0.34 0.67 1.00 1.28 1.63 1.63 1.49 2.07 1.38 0.56 0.00 0.00 0.00 0.00 0.00
0.00 0.00 0.00 0.00 0.00 0.00 0.00 0.00 0.03 0.34 0.67 1.00 1.28 1.63 1.63 1.49 2.07 1.38 0.56 0.00 0.00 0.00 0.00 0.00
0.00 0.00 0.00 0.00 0.00 0.00 0.00 0.00 0.37 4.09 7.88 12.00 15.31 20.71 21.49 19.61 20.59 13.27 6.09 0.00 0.00 0.00 0.00 0.00
0.00 0.00 0.00 0.00 0.00 0.00 0.00 0.00 0.22 2.80 5.55 7.95 10.23 13.70 14.03 12.70 16.34 10.83 4.29 0.00 0.00 0.00 0.00 0.00
0.00 0.00 0.00 0.00 0.00 0.00 0.00 0.00 0.10 2.18 4.37 6.28 8.11 15.62 15.35 13.86 14.10 9.39 3.75 0.00 0.00 0.00 0.00 0.00
0.00 0.00 0.00 0.00 0.00 0.00 0.00 0.00 0.00 12.12 33.72 50.06 66.36 105.98 108.86 100.29 114.16 75.11 36.83 0.00 0.00 0.00 0.00 0.00
0.00 0.00 0.00 0.00 0.00 0.00 0.00 0.00 0.00 11.53 32.07 47.62 63.13 100.81 103.55 95.40 108.59 71.45 35.03 0.00 0.00 0.00 0.00 0.00
0.00 0.00 0.00 0.00 0.00 0.00 0.00 0.00 0.00 22.17 61.68 91.58 121.40 193.87 199.13 183.46 208.82 137.39 67.37 0.00 0.00 0.00 0.00 0.00
0.00 0.00 0.00 0.00 0.00 0.00 0.00 0.00 0.00 21.81 60.65 90.05 119.38 190.64 195.81 180.41 205.34 135.10 66.24 0.00 0.00 0.00 0.00 0.00
0.00 0.00 0.00 0.00 0.00 0.00 0.00 0.00 0.00 29.79 90.79 132.20 173.74 244.67 248.47 225.86 236.01 160.63 74.37 0.00 0.00 0.00 0.00 0.00
0.00 0.00 0.00 0.00 0.00 0.00 0.00 0.00 0.04 0.28 0.46 0.67 0.80 1.00 0.99 0.88 0.76 0.50 0.20 0.00 0.00 0.00 0.00 0.00
0.00 0.00 0.00 0.00 0.00 0.00 0.00 0.00 0.20 1.42 2.34 3.37 4.06 5.05 5.03 4.47 3.83 2.53 0.99 0.00 0.00 0.00 0.00 0.00
0.00 0.00 0.00 0.00 0.00 0.00 0.00 0.00 1.03 7.23 11.94 17.22 20.73 25.80 25.66 22.85 19.55 12.93 5.08 0.00 0.00 0.00 0.00 0.00
0.00 0.00 0.00 0.00 0.00 0.00 0.00 0.00 0.00 0.83 2.30 3.42 4.53 7.24 7.43 6.85 7.80 5.13 2.52 0.00 0.00 0.00 0.00 0.00
0.00 0.00 0.00 0.00 0.00 0.00 0.00 0.00 0.00 18.79 55.66 81.97 106.07 151.70 154.77 140.69 145.92 99.09 45.95 0.00 0.00 0.00 0.00 0.00
0.00 0.00 0.00 0.00 0.00 0.00 0.00 0.00 0.00 1.16 2.28 3.35 4.35 6.99 7.09 6.61 7.51 5.19 2.37 0.00 0.00 0.00 0.00 0.00
0.00 0.00 0.00 0.00 0.00 0.00 0.00 0.00 0.00 9.54 23.72 34.48 43.78 68.90 68.25 60.57 53.57 36.07 14.90 0.00 0.00 0.00 0.00 0.00
0.00 0.00 0.00 0.00 0.00 0.00 0.00 0.00 0.00 0.31 0.93 1.37 1.77 2.53 2.58 2.34 2.43 1.65 0.77 0.00 0.00 0.00 0.00 0.00
0.00 0.00 0.00 0.00 0.00 0.00 0.00 0.00 0.00 14.10 41.74 61.47 79.55 113.78 116.08 105.52 109.44 74.32 34.46 0.00 0.00 0.00 0.00 0.00
0.00 0.00 0.00 0.00 0.00 0.00 0.00 0.00 0.00 18.09 53.57 78.89 102.09 146.01 148.97 135.42 140.45 95.37 44.23 0.00 0.00 0.00 0.00 0.00
0.00 0.00 0.00 0.00 0.00 0.00 0.00 0.00 0.00 39.29 119.73 174.33 229.13 322.66 327.67 297.85 311.23 211.84 98.07 0.00 0.00 0.00 0.00 0.00
0.00 0.00 0.00 0.00 0.00 0.00 0.00 0.00 0.04 0.62 1.23 1.85 2.37 2.92 2.97 2.69 3.64 2.43 1.02 0.00 0.00 0.00 0.00 0.00
0.00 0.00 0.00 0.00 0.00 0.00 0.00 0.00 0.05 0.76 1.54 2.32 2.98 3.65 3.70 3.37 4.50 3.00 1.25 0.00 0.00 0.00 0.00 0.00
0.00 0.00 0.00 0.00 0.00 0.00 0.00 0.00 0.00 4.78 9.42 13.81 17.94 28.84 29.23 27.27 30.96 21.43 9.76 0.00 0.00 0.00 0.00 0.00
0.00 0.00 0.00 0.00 0.00 0.00 0.00 0.00 0.00 55.21 167.06 246.31 326.51 373.56 385.51 349.25 271.58 189.49 88.86 0.00 0.00 0.00 0.00 0.00
0.00 0.00 0.00 0.00 0.00 0.00 0.00 0.00 0.02 0.23 0.46 0.66 0.82 1.14 1.16 1.05 1.36 0.89 0.35 0.00 0.00 0.00 0.00 0.00
0.00 0.00 0.00 0.00 0.00 0.00 0.00 0.00 0.00 5.63 13.47 19.71 25.51 37.03 37.73 33.80 33.31 22.56 10.03 0.00 0.00 0.00 0.00 0.00
0.00 0.00 0.00 0.00 0.00 0.00 0.00 0.00 0.00 1.87 7.38 10.92 14.06 20.57 21.32 19.44 16.08 10.67 5.55 0.00 0.00 0.00 0.00 0.00
0.00 0.00 0.00 0.00 0.00 0.00 0.00 0.00 0.12 1.40 2.06 2.94 3.59 4.42 4.33 3.89 3.35 2.13 0.68 0.00 0.00 0.00 0.00 0.00
0.00 0.00 0.00 0.00 0.00 0.00 0.00 0.00 0.06 0.70 1.03 1.47 1.80 2.21 2.17 1.94 1.67 1.06 0.34 0.00 0.00 0.00 0.00 0.00
0.00 0.00 0.00 0.00 0.00 0.00 0.00 0.00 0.14 1.54 2.25 3.22 3.93 4.83 4.74 4.25 3.66 2.33 0.74 0.00 0.00 0.00 0.00 0.00
0.00 0.00 0.00 0.00 0.00 0.00 0.00 0.00 0.17 1.85 2.66 3.80 4.67 5.75 5.73 5.14 4.31 2.75 0.90 0.00 0.00 0.00 0.00 0.00
0.00 0.00 0.00 0.00 0.00 0.00 0.00 0.00 0.26 2.82 4.05 5.79 7.12 8.77 8.73 7.84 6.57 4.19 1.37 0.00 0.00 0.00 0.00 0.00
0.00 0.00 0.00 0.00 0.00 0.00 0.00 0.00 0.14 2.01 3.36 4.94 6.09 7.69 7.62 6.66 5.82 3.74 1.27 0.00 0.00 0.00 0.00 0.00
0.00 0.00 0.00 0.00 0.00 0.00 0.00 0.00 0.00 0.71 2.31 3.32 4.18 6.06 6.02 5.30 4.47 2.96 1.13 0.00 0.00 0.00 0.00 0.00
0.00 0.00 0.00 0.00 0.00 0.00 0.00 0.00 0.00 1.84 5.96 8.59 10.80 15.66 15.56 13.70 11.55 7.64 2.92 0.00 0.00 0.00 0.00 0.00
0.00 0.00 0.00 0.00 0.00 0.00 0.00 0.00 0.00 0.52 1.28 1.85 2.34 3.96 3.94 3.48 3.00 2.00 0.80 0.00 0.00 0.00 0.00 0.00
0.00 0.00 0.00 0.00 0.00 0.00 0.00 0.00 0.13 1.10 2.02 2.92 3.70 5.20 5.21 4.68 6.03 3.94 1.44 0.00 0.00 0.00 0.00 0.00
0.00 0.00 0.00 0.00 0.00 0.00 0.00 0.00 0.39 4.07 6.36 9.13 11.18 14.23 14.52 13.34 12.11 7.87 2.80 0.00 0.00 0.00 0.00 0.00
0.00 0.00 0.00 0.00 0.00 0.00 0.00 0.00 0.07 0.34 0.56 0.77 0.92 1.10 1.09 0.95 1.15 0.73 0.23 0.00 0.00 0.00 0.00 0.00
0.00 0.00 0.00 0.00 0.00 0.00 0.00 0.00 0.39 2.04 2.66 3.77 4.45 5.55 5.44 4.79 3.98 2.57 0.90 0.00 0.00 0.00 0.00 0.00
0.00 0.00 0.00 0.00 0.00 0.00 0.00 0.00 0.29 1.40 1.88 2.68 3.13 4.39 4.22 3.71 2.64 1.68 0.56 0.00 0.00 0.00 0.00 0.00
0.00 0.00 0.00 0.00 0.00 0.00 0.00 0.00 0.40 1.93 2.59 3.70 4.32 6.06 5.83 5.12 3.64 2.32 0.77 0.00 0.00 0.00 0.00 0.00
0.00 0.00 0.00 0.00 0.00 0.00 0.00 0.00 0.27 1.31 1.77 2.52 2.95 4.13 3.97 3.49 2.48 1.58 0.53 0.00 0.00 0.00 0.00 0.00
0.00 0.00 0.00 0.00 0.00 0.00 0.00 0.00 0.21 1.09 1.42 2.01 2.37 2.96 2.90 2.55 2.12 1.37 0.48 0.00 0.00 0.00 0.00 0.00
0.00 0.00 0.00 0.00 0.00 0.00 0.00 0.00 0.24 1.05 1.77 2.45 2.89 3.62 3.55 3.17 2.08 1.32 0.42 0.00 0.00 0.00 0.00 0.00
0.00 0.00 0.00 0.00 0.00 0.00 0.00 0.00 0.11 0.80 1.32 1.91 2.30 2.86 2.84 2.53 2.17 1.43 0.56 0.00 0.00 0.00 0.00 0.00
0.00 0.00 0.00 0.00 0.00 0.00 0.00 0.00 0.48 5.32 10.26 15.62 19.93 26.96 27.97 25.52 26.80 17.27 7.93 0.00 0.00 0.00 0.00 0.00
0.00 0.00 0.00 0.00 0.00 0.00 0.00 0.00 0.07 0.98 1.91 2.80 3.56 4.77 4.82 4.39 5.94 3.96 1.61 0.00 0.00 0.00 0.00 0.00
0.00 0.00 0.00 0.00 0.00 0.00 0.00 0.00 0.14 1.35 2.66 3.82 4.76 5.19 5.18 4.79 8.79 5.80 2.25 0.00 0.00 0.00 0.00 0.00
0.00 0.00 0.00 0.00 0.00 0.00 0.00 0.00 0.07 0.62 1.22 1.75 2.18 2.38 2.38 2.20 4.03 2.66 1.03 0.00 0.00 0.00 0.00 0.00
0.00 0.00 0.00 0.00 0.00 0.00 0.00 0.00 0.08 1.25 2.42 3.52 4.47 6.03 6.12 5.55 7.40 4.93 2.00 0.00 0.00 0.00 0.00 0.00
0.00 0.00 0.00 0.00 0.00 0.00 0.00 0.00 0.05 0.57 1.11 1.59 1.99 2.77 2.82 2.55 3.29 2.17 0.84 0.00 0.00 0.00 0.00 0.00
0.00 0.00 0.00 0.00 0.00 0.00 0.00 0.00 0.00 4.95 9.76 14.30 18.58 29.86 30.26 28.24 32.06 22.18 10.11 0.00 0.00 0.00 0.00 0.00
0.00 0.00 0.00 0.00 0.00 0.00 0.00 0.00 0.00 2.28 5.67 8.24 10.47 16.48 16.32 14.48 12.81 8.62 3.56 0.00 0.00 0.00 0.00 0.00
0.00 0.00 0.00 0.00 0.00 0.00 0.00 0.00 0.00 0.54 1.24 1.80 2.31 3.70 3.73 3.30 2.94 1.99 0.83 0.00 0.00 0.00 0.00 0.00
0.00 0.00 0.00 0.00 0.00 0.00 0.00 0.00 0.00 0.67 1.77 2.60 3.29 4.70 4.71 4.25 3.78 2.56 1.08 0.00 0.00 0.00 0.00 0.00
0.00 0.00 0.00 0.00 0.00 0.00 0.00 0.00 0.00 1.07 2.83 4.15 5.27 7.52 7.54 6.81 6.05 4.09 1.73 0.00 0.00 0.00 0.00 0.00
0.00 0.00 0.00 0.00 0.00 0.00 0.00 0.00 0.00 22.54 62.70 93.10 123.42 197.10 202.45 186.52 212.30 139.68 68.49 0.00 0.00 0.00 0.00 0.00
