0.00 0.00 0.00 0.00 0.00 0.00 0.00 0.26 1.15 2.02 2.97 3.91 4.73 5.28 5.42 5.10 4.51 3.67 2.65 1.60 0.71 0.00 0.00 0.00
0.00 0.00 0.00 0.00 0.00 0.00 0.00 6.32 22.66 38.06 57.52 74.22 86.41 92.78 92.46 85.81 71.24 56.38 37.64 16.71 4.44 0.00 0.00 0.00
0.00 0.00 0.00 0.00 0.00 0.00 0.00 5.86 26.39 46.09 67.83 89.43 108.20 120.74 124.04 116.59 103.19 83.83 60.50 36.55 16.26 0.00 0.00 0.00
0.00 0.00 0.00 0.00 0.00 0.00 0.00 20.82 93.79 163.80 241.05 317.84 384.54 429.11 440.84 414.35 366.75 297.91 215.00 129.91 57.80 0.00 0.00 0.00
0.00 0.00 0.00 0.00 0.00 0.00 0.00 1.54 4.04 6.70 10.36 13.04 14.79 16.66 16.53 14.87 11.47 8.98 5.99 2.55 0.55 0.00 0.00 0.00
0.00 0.00 0.00 0.00 0.00 0.00 0.00 31.63 197.74 358.21 542.20 719.05 866.99 944.01 964.71 914.19 838.36 681.36 482.52 279.50 126.31 0.00 0.00 0.00
0.00 0.00 0.00 0.00 0.00 0.00 0.00 1.05 2.75 4.53 6.19 7.95 9.15 10.02 10.10 9.42 8.56 6.83 4.70 2.35 0.82 0.00 0.00 0.00
0.00 0.00 0.00 0.00 0.00 0.00 0.00 0.43 1.43 2.36 3.52 4.47 5.12 5.75 5.86 5.49 4.41 3.43 2.32 0.92 0.26 0.00 0.00 0.00
0.00 0.00 0.00 0.00 0.00 0.00 0.00 0.69 2.29 3.78 5.63 7.16 8.20 9.20 9.37 8.79 7.05 5.48 3.71 1.47 0.42 0.00 0.00 0.00
0.00 0.00 0.00 0.00 0.00 0.00 0.00 0.69 2.29 3.78 5.63 7.16 8.20 9.20 9.37 8.79 7.05 5.48 3.71 1.47 0.42 0.00 0.00 0.00
0.00 0.00 0.00 0.00 0.00 0.00 0.00 1.35 4.68 7.84 12.13 16.33 19.41 21.89 21.86 20.69 17.56 14.19 9.86 4.99 1.66 0.00 0.00 0.00
0.00 0.00 0.00 0.00 0.00 0.00 0.00 0.64 2.23 3.73 5.74 7.73 9.17 10.58 10.66 10.02 8.17 6.55 4.52 2.28 0.75 0.00 0.00 0.00
0.00 0.00 0.00 0.00 0.00 0.00 0.00 0.83 2.87 4.80 7.38 9.93 11.80 13.60 13.71 12.89 10.50 8.42 5.82 2.93 0.96 0.00 0.00 0.00
0.00 0.00 0.00 0.00 0.00 0.00 0.00 0.55 1.91 3.20 4.92 6.62 7.86 9.07 9.14 8.59 7.00 5.61 3.88 1.95 0.64 0.00 0.00 0.00
0.00 0.00 0.00 0.00 0.00 0.00 0.00 0.55 1.91 3.20 4.92 6.62 7.86 9.07 9.14 8.59 7.00 5.61 3.88 1.95 0.64 0.00 0.00 0.00
0.00 0.00 0.00 0.00 0.00 0.00 0.00 4.67 25.18 44.65 69.01 90.20 102.90 115.11 117.12 111.59 101.81 80.16 54.40 25.24 7.63 0.00 0.00 0.00
0.00 0.00 0.00 0.00 0.00 0.00 0.00 4.56 15.00 24.89 37.58 49.78 59.41 65.71 66.29 62.11 57.37 46.09 32.46 16.28 5.35 0.00 0.00 0.00
0.00 0.00 0.00 0.00 0.00 0.00 0.00 4.15 13.59 22.53 32.54 41.58 48.97 54.20 54.80 52.25 48.07 38.19 26.39 13.77 4.81 0.00 0.00 0.00
0.00 0.00 0.00 0.00 0.00 0.00 0.00 9.33 58.33 105.66 159.93 212.09 255.73 278.45 284.55 269.65 247.29 200.98 142.33 82.44 37.26 0.00 0.00 0.00
0.00 0.00 0.00 0.00 0.00 0.00 0.00 8.87 55.48 100.50 152.13 201.75 243.26 264.87 270.67 256.50 235.22 191.17 135.38 78.42 35.44 0.00 0.00 0.00
0.00 0.00 0.00 0.00 0.00 0.00 0.00 17.07 106.69 193.28 292.55 387.98 467.80 509.36 520.53 493.27 452.35 367.64 260.35 150.81 68.15 0.00 0.00 0.00
0.00 0.00 0.00 0.00 0.00 0.00 0.00 16.78 104.91 190.06 287.68 381.51 460.00 500.87 511.85 485.04 444.81 361.51 256.02 148.30 67.02 0.00 0.00 0.00
0.00 0.00 0.00 0.00 0.00 0.00 0.00 29.43 126.54 219.59 314.34 416.00 503.95 542.32 553.13 542.07 492.92 398.08 288.67 175.11 80.68 0.00 0.00 0.00
0.00 0.00 0.00 0.00 0.00 0.00 0.00 0.43 1.43 2.36 3.52 4.47 5.12 5.75 5.86 5.49 4.41 3.43 2.32 0.92 0.26 0.00 0.00 0.00
0.00 0.00 0.00 0.00 0.00 0.00 0.00 2.18 7.24 11.97 17.81 22.67 25.96 29.14 29.69 27.83 22.32 17.36 11.75 4.66 1.33 0.00 0.00 0.00
0.00 0.00 0.00 0.00 0.00 0.00 0.00 11.15 36.95 61.13 90.95 115.75 132.52 148.77 151.56 142.08 113.97 88.65 60.01 23.78 6.78 0.00 0.00 0.00
0.00 0.00 0.00 0.00 0.00 0.00 0.00 0.64 3.98 7.22 10.92 14.48 17.46 19.02 19.43 18.42 16.89 13.73 9.72 5.63 2.54 0.00 0.00 0.00
0.00 0.00 0.00 0.00 0.00 0.00 0.00 20.50 92.32 161.25 237.29 312.88 378.54 422.42 433.97 407.89 361.03 293.27 211.65 127.88 56.90 0.00 0.00 0.00
0.00 0.00 0.00 0.00 0.00 0.00 0.00 1.27 5.92 10.38 14.58 20.26 25.68 31.63 32.48 31.40 28.76 23.17 16.16 9.25 3.51 0.00 0.00 0.00
0.00 0.00 0.00 0.00 0.00 0.00 0.00 15.79 51.63 85.84 125.77 160.87 187.85 207.40 216.83 206.26 179.97 147.14 105.63 62.57 26.85 0.00 0.00 0.00
0.00 0.00 0.00 0.00 0.00 0.00 0.00 0.34 1.54 2.69 3.95 5.21 6.31 7.04 7.23 6.80 6.02 4.89 3.53 2.13 0.95 0.00 0.00 0.00
0.00 0.00 0.00 0.00 0.00 0.00 0.00 15.37 69.24 120.94 177.97 234.66 283.91 316.82 325.47 305.92 270.77 219.95 158.73 95.91 42.68 0.00 0.00 0.00
0.00 0.00 0.00 0.00 0.00 0.00 0.00 19.73 88.86 155.20 228.39 301.15 364.35 406.58 417.69 392.60 347.49 282.27 203.71 123.09 54.77 0.00 0.00 0.00
0.00 0.00 0.00 0.00 0.00 0.00 0.00 38.81 166.88 289.59 414.53 548.59 664.59 715.19 729.44 714.86 650.04 524.96 380.69 230.93 106.39 0.00 0.00 0.00
0.00 0.00 0.00 0.00 0.00 0.00 0.00 0.92 3.44 5.83 8.99 11.86 14.08 16.40 16.48 15.60 13.45 10.56 7.33 3.65 1.21 0.00 0.00 0.00
0.00 0.00 0.00 0.00 0.00 0.00 0.00 1.19 4.37 7.38 11.26 14.76 17.65 20.50 20.69 19.67 16.04 12.54 8.84 4.43 1.47 0.00 0.00 0.00
0.00 0.00 0.00 0.00 0.00 0.00 0.00 5.25 24.42 42.80 60.15 83.57 105.92 130.46 133.97 129.53 118.62 95.56 66.67 38.14 14.50 0.00 0.00 0.00
0.00 0.00 0.00 0.00 0.00 0.00 0.00 31.60 127.97 220.81 320.55 415.25 493.74 545.89 555.41 519.08 469.07 380.48 279.53 167.90 85.67 2.56 0.00 0.00
0.00 0.00 0.00 0.00 0.00 0.00 0.00 0.39 1.24 2.04 3.09 4.05 4.75 5.24 5.26 4.97 4.56 3.65 2.56 1.25 0.40 0.00 0.00 0.00
0.00 0.00 0.00 0.00 0.00 0.00 0.00 6.50 25.21 43.09 62.25 80.31 95.66 104.27 105.31 99.25 88.44 71.97 52.94 33.04 14.53 0.00 0.00 0.00
0.00 0.00 0.00 0.00 0.00 0.00 0.00 0.57 7.00 13.27 19.87 26.50 31.86 34.43 34.82 31.91 28.81 23.03 16.51 9.74 4.53 0.00 0.00 0.00
0.00 0.00 0.00 0.00 0.00 0.00 0.00 1.29 3.28 5.39 6.91 8.80 10.12 11.65 11.62 10.90 10.08 7.94 5.42 2.65 0.90 0.00 0.00 0.00
0.00 0.00 0.00 0.00 0.00 0.00 0.00 0.65 1.64 2.70 3.46 4.40 5.06 5.83 5.81 5.45 5.04 3.97 2.71 1.33 0.45 0.00 0.00 0.00
0.00 0.00 0.00 0.00 0.00 0.00 0.00 1.41 3.59 5.90 7.56 9.63 11.07 12.75 12.71 11.93 11.02 8.68 5.92 2.90 0.99 0.00 0.00 0.00
0.00 0.00 0.00 0.00 0.00 0.00 0.00 1.67 4.32 7.10 9.84 12.36 14.25 15.38 15.40 14.43 13.34 10.44 7.22 3.49 1.17 0.00 0.00 0.00
0.00 0.00 0.00 0.00 0.00 0.00 0.00 2.54 6.58 10.81 15.00 18.83 21.72 23.44 23.47 21.99 20.33 15.91 11.00 5.33 1.79 0.00 0.00 0.00
0.00 0.00 0.00 0.00 0.00 0.00 0.00 2.11 5.58 9.13 12.80 16.56 18.85 20.37 20.40 19.13 17.46 13.99 9.55 4.83 1.68 0.00 0.00 0.00
0.00 0.00 0.00 0.00 0.00 0.00 0.00 1.52 4.42 7.17 10.29 12.94 14.98 15.87 16.55 16.17 14.63 11.68 8.27 4.94 2.05 0.00 0.00 0.00
0.00 0.00 0.00 0.00 0.00 0.00 0.00 3.92 11.41 18.53 26.59 33.44 38.71 41.01 42.75 41.77 37.79 30.16 21.37 12.76 5.31 0.00 0.00 0.00
0.00 0.00 0.00 0.00 0.00 0.00 0.00 0.92 2.89 4.76 6.86 8.77 10.26 11.22 11.46 11.03 9.93 8.02 5.63 3.32 1.37 0.00 0.00 0.00
0.00 0.00 0.00 0.00 0.00 0.00 0.00 1.93 5.69 9.29 13.58 18.06 21.03 23.37 23.70 21.96 20.37 16.17 11.25 5.27 1.63 0.00 0.00 0.00
0.00 0.00 0.00 0.00 0.00 0.00 0.00 3.71 10.41 16.88 23.51 30.28 36.05 39.05 39.79 37.33 34.72 27.40 18.63 9.00 2.96 0.00 0.00 0.00
0.00 0.00 0.00 0.00 0.00 0.00 0.00 0.53 1.36 2.19 3.23 4.07 4.55 5.29 5.17 4.79 4.10 3.22 2.12 0.91 0.21 0.00 0.00 0.00
0.00 0.00 0.00 0.00 0.00 0.00 0.00 2.76 7.91 12.95 18.71 23.17 26.00 30.37 30.53 28.19 21.76 16.73 11.01 4.71 1.20 0.00 0.00 0.00
0.00 0.00 0.00 0.00 0.00 0.00 0.00 2.00 5.47 8.92 12.69 15.87 17.37 19.76 19.25 18.04 14.54 11.23 7.50 3.08 0.74 0.00 0.00 0.00
0.00 0.00 0.00 0.00 0.00 0.00 0.00 2.76 7.55 12.31 17.51 21.90 23.97 27.27 26.56 24.89 20.06 15.50 10.35 4.25 1.02 0.00 0.00 0.00
0.00 0.00 0.00 0.00 0.00 0.00 0.00 1.88 5.14 8.38 11.92 14.92 16.33 18.57 18.09 16.96 13.66 10.55 7.05 2.90 0.70 0.00 0.00 0.00
0.00 0.00 0.00 0.00 0.00 0.00 0.00 1.47 4.22 6.91 9.98 12.36 13.87 16.20 16.29 15.03 11.60 8.92 5.87 2.51 0.64 0.00 0.00 0.00
0.00 0.00 0.00 0.00 0.00 0.00 0.00 1.44 3.84 6.28 9.35 11.66 13.04 14.61 14.57 13.41 9.91 7.78 5.33 2.27 0.50 0.00 0.00 0.00
0.00 0.00 0.00 0.00 0.00 0.00 0.00 1.24 4.09 6.78 10.08 12.83 14.69 16.49 16.80 15.75 12.63 9.82 6.65 2.64 0.75 0.00 0.00 0.00
0.00 0.00 0.00 0.00 0.00 0.00 0.00 6.08 32.78 58.12 89.83 117.40 133.93 149.83 152.44 145.24 132.51 104.33 70.80 32.85 9.94 0.00 0.00 0.00
0.00 0.00 0.00 0.00 0.00 0.00 0.00 1.53 5.31 8.89 13.74 18.51 22.00 24.81 24.78 23.45 19.90 16.08 11.17 5.65 1.88 0.00 0.00 0.00
0.00 0.00 0.00 0.00 0.00 0.00 0.00 2.61 8.34 13.73 21.05 27.75 33.19 37.69 38.31 35.68 32.14 25.65 17.82 8.33 2.61 0.00 0.00 0.00
0.00 0.00 0.00 0.00 0.00 0.00 0.00 1.19 3.82 6.29 9.65 12.72 15.21 17.28 17.56 16.35 14.73 11.76 8.17 3.82 1.19 0.00 0.00 0.00
0.00 0.00 0.00 0.00 0.00 0.00 0.00 1.93 6.62 11.08 17.03 22.83 27.20 30.34 30.11 28.49 25.02 20.13 14.14 7.21 2.40 0.00 0.00 0.00
0.00 0.00 0.00 0.00 0.00 0.00 0.00 0.95 3.01 4.95 7.51 9.83 11.54 12.74 12.77 12.07 11.07 8.86 6.22 3.03 0.97 0.00 0.00 0.00
0.00 0.00 0.00 0.00 0.00 0.00 0.00 5.44 25.28 44.32 62.27 86.53 109.66 135.07 138.70 134.11 122.82 98.94 69.03 39.49 15.01 0.00 0.00 0.00
0.00 0.00 0.00 0.00 0.00 0.00 0.00 3.78 12.35 20.53 30.08 38.47 44.92 49.59 51.85 49.32 43.04 35.19 25.26 14.96 6.42 0.00 0.00 0.00
0.00 0.00 0.00 0.00 0.00 0.00 0.00 0.82 2.77 4.63 6.86 8.75 10.33 11.09 11.28 10.74 9.64 7.83 5.56 3.43 1.46 0.00 0.00 0.00
0.00 0.00 0.00 0.00 0.00 0.00 0.00 0.97 3.39 5.70 8.21 10.53 12.38 13.67 14.09 13.69 12.49 9.89 7.03 4.28 1.77 0.00 0.00 0.00
0.00 0.00 0.00 0.00 0.00 0.00 0.00 1.55 5.43 9.12 13.14 16.85 19.81 21.88 22.54 21.91 19.99 15.82 11.25 6.85 2.83 0.00 0.00 0.00
0.00 0.00 0.00 0.00 0.00 0.00 0.00 17.35 108.47 196.50 297.43 394.44 475.60 517.85 529.20 501.49 459.89 373.77 264.69 153.33 69.29 0.00 0.00 0.00
