0.00 0.00 0.00 0.00 0.00 0.00 0.00 0.00 0.00 0.18 1.26 2.11 2.99 3.60 3.77 3.58 3.02 2.12 1.21 0.05 0.00 0.00 0.00 0.00
0.00 0.00 0.00 0.00 0.00 0.00 0.00 0.00 0.00 8.72 24.93 37.66 49.31 51.31 52.16 50.27 42.97 30.31 16.03 0.00 0.00 0.00 0.00 0.00
0.00 0.00 0.00 0.00 0.00 0.00 0.00 0.00 0.00 4.03 28.79 48.28 68.38 82.40 86.24 81.77 69.03 48.59 27.55 1.22 0.00 0.00 0.00 0.00
0.00 0.00 0.00 0.00 0.00 0.00 0.00 0.00 0.00 14.32 102.32 171.57 243.02 292.84 306.50 290.60 245.32 172.67 97.93 4.35 0.00 0.00 0.00 0.00
0.00 0.00 0.00 0.00 0.00 0.00 0.00 0.00 0.00 1.69 4.46 6.54 8.41 9.75 9.94 9.08 7.64 5.33 2.47 0.00 0.00 0.00 0.00 0.00
0.00 0.00 0.00 0.00 0.00 0.00 0.00 0.00 0.00 29.08 237.80 403.42 578.01 709.40 744.04 700.02 591.91 421.95 247.92 19.58 0.00 0.00 0.00 0.00
0.00 0.00 0.00 0.00 0.00 0.00 0.00 0.00 0.00 0.70 2.49 3.83 5.14 4.98 5.11 4.69 3.30 2.32 1.09 0.00 0.00 0.00 0.00 0.00
0.00 0.00 0.00 0.00 0.00 0.00 0.00 0.00 0.00 0.47 1.40 2.10 2.74 3.20 3.36 3.17 2.26 1.60 0.83 0.00 0.00 0.00 0.00 0.00
0.00 0.00 0.00 0.00 0.00 0.00 0.00 0.00 0.00 0.76 2.25 3.37 4.39 5.13 5.38 5.07 3.61 2.55 1.33 0.00 0.00 0.00 0.00 0.00
0.00 0.00 0.00 0.00 0.00 0.00 0.00 0.00 0.00 0.76 2.25 3.37 4.39 5.13 5.38 5.07 3.61 2.55 1.33 0.00 0.00 0.00 0.00 0.00
0.00 0.00 0.00 0.00 0.00 0.00 0.00 0.00 0.00 1.44 5.07 7.77 10.57 12.12 12.69 12.10 10.08 7.27 3.84 0.00 0.00 0.00 0.00 0.00
0.00 0.00 0.00 0.00 0.00 0.00 0.00 0.00 0.00 0.67 2.34 3.58 4.94 5.67 5.87 5.58 4.45 3.16 1.67 0.00 0.00 0.00 0.00 0.00
0.00 0.00 0.00 0.00 0.00 0.00 0.00 0.00 0.00 0.86 3.01 4.60 6.35 7.28 7.54 7.17 5.72 4.06 2.14 0.00 0.00 0.00 0.00 0.00
0.00 0.00 0.00 0.00 0.00 0.00 0.00 0.00 0.00 0.58 2.00 3.06 4.23 4.86 5.03 4.78 3.82 2.71 1.43 0.00 0.00 0.00 0.00 0.00
0.00 0.00 0.00 0.00 0.00 0.00 0.00 0.00 0.00 0.58 2.00 3.06 4.23 4.86 5.03 4.78 3.82 2.71 1.43 0.00 0.00 0.00 0.00 0.00
0.00 0.00 0.00 0.00 0.00 0.00 0.00 0.00 0.00 9.10 26.31 40.22 56.33 46.25 48.71 47.04 35.71 25.25 14.32 1.02 0.00 0.00 0.00 0.00
0.00 0.00 0.00 0.00 0.00 0.00 0.00 0.00 0.00 4.23 15.36 23.46 31.35 35.49 37.20 35.18 30.01 21.12 10.98 0.00 0.00 0.00 0.00 0.00
0.00 0.00 0.00 0.00 0.00 0.00 0.00 0.00 0.00 3.75 13.41 20.69 27.60 33.86 34.87 32.88 26.96 19.42 10.13 0.00 0.00 0.00 0.00 0.00
0.00 0.00 0.00 0.00 0.00 0.00 0.00 0.00 0.00 8.58 70.14 119.00 170.49 209.25 219.46 206.48 174.59 124.46 73.13 5.77 0.00 0.00 0.00 0.00
0.00 0.00 0.00 0.00 0.00 0.00 0.00 0.00 0.00 8.16 66.72 113.19 162.17 199.04 208.76 196.41 166.08 118.39 69.56 5.49 0.00 0.00 0.00 0.00
0.00 0.00 0.00 0.00 0.00 0.00 0.00 0.00 0.00 15.69 128.31 217.67 311.87 382.77 401.46 377.71 319.38 227.67 133.77 10.56 0.00 0.00 0.00 0.00
0.00 0.00 0.00 0.00 0.00 0.00 0.00 0.00 0.00 15.43 126.17 214.05 306.68 376.39 394.77 371.41 314.06 223.88 131.54 10.39 0.00 0.00 0.00 0.00
0.00 0.00 0.00 0.00 0.00 0.00 0.00 0.00 0.00 14.42 128.70 219.66 309.92 379.66 395.22 372.97 315.89 223.35 126.16 5.38 0.00 0.00 0.00 0.00
0.00 0.00 0.00 0.00 0.00 0.00 0.00 0.00 0.00 0.47 1.40 2.10 2.74 3.20 3.36 3.17 2.26 1.60 0.83 0.00 0.00 0.00 0.00 0.00
0.00 0.00 0.00 0.00 0.00 0.00 0.00 0.00 0.00 2.40 7.11 10.66 13.90 16.23 17.03 16.06 11.44 8.09 4.20 0.00 0.00 0.00 0.00 0.00
0.00 0.00 0.00 0.00 0.00 0.00 0.00 0.00 0.00 12.25 36.32 54.40 70.96 82.86 86.93 82.00 58.43 41.28 21.45 0.00 0.00 0.00 0.00 0.00
0.00 0.00 0.00 0.00 0.00 0.00 0.00 0.00 0.00 0.59 4.79 8.13 11.64 14.29 14.99 14.10 11.92 8.50 4.99 0.39 0.00 0.00 0.00 0.00
0.00 0.00 0.00 0.00 0.00 0.00 0.00 0.00 0.00 14.10 100.72 168.89 239.24 288.28 301.73 286.07 241.49 169.98 96.40 4.28 0.00 0.00 0.00 0.00
0.00 0.00 0.00 0.00 0.00 0.00 0.00 0.00 0.00 1.95 7.98 12.69 17.25 21.47 23.23 22.47 19.03 14.50 8.16 0.35 0.00 0.00 0.00 0.00
0.00 0.00 0.00 0.00 0.00 0.00 0.00 0.00 0.00 8.85 51.26 84.23 117.01 137.47 140.85 131.93 110.00 79.68 42.12 0.00 0.00 0.00 0.00 0.00
0.00 0.00 0.00 0.00 0.00 0.00 0.00 0.00 0.00 0.23 1.68 2.81 3.99 4.80 5.03 4.77 4.02 2.83 1.61 0.07 0.00 0.00 0.00 0.00
0.00 0.00 0.00 0.00 0.00 0.00 0.00 0.00 0.00 10.57 75.54 126.67 179.43 216.21 226.30 214.55 181.12 127.49 72.30 3.21 0.00 0.00 0.00 0.00
0.00 0.00 0.00 0.00 0.00 0.00 0.00 0.00 0.00 13.57 96.95 162.56 230.26 277.47 290.41 275.34 232.44 163.61 92.79 4.12 0.00 0.00 0.00 0.00
0.00 0.00 0.00 0.00 0.00 0.00 0.00 0.00 0.00 19.01 169.72 289.68 408.71 500.67 521.20 491.86 416.58 294.55 166.37 7.09 0.00 0.00 0.00 0.00
0.00 0.00 0.00 0.00 0.00 0.00 0.00 0.00 0.00 1.06 3.52 5.39 7.51 9.15 9.81 9.22 7.02 4.97 2.67 0.02 0.00 0.00 0.00 0.00
0.00 0.00 0.00 0.00 0.00 0.00 0.00 0.00 0.00 1.33 4.47 6.84 9.56 11.57 12.28 11.62 8.78 6.21 3.33 0.01 0.00 0.00 0.00 0.00
0.00 0.00 0.00 0.00 0.00 0.00 0.00 0.00 0.00 8.05 32.91 52.34 71.16 88.58 95.83 92.69 78.50 59.80 33.67 1.44 0.00 0.00 0.00 0.00
0.00 0.00 0.00 0.00 0.00 0.00 0.00 0.00 0.00 0.12 109.30 201.40 283.68 354.78 380.56 362.41 306.49 219.50 124.16 5.83 0.00 0.00 0.00 0.00
0.00 0.00 0.00 0.00 0.00 0.00 0.00 0.00 0.00 0.35 1.15 1.75 2.35 2.46 2.55 2.42 2.27 1.61 0.82 0.00 0.00 0.00 0.00 0.00
0.00 0.00 0.00 0.00 0.00 0.00 0.00 0.00 0.00 3.85 25.64 42.70 59.96 72.43 74.42 69.50 58.78 42.03 23.21 0.69 0.00 0.00 0.00 0.00
0.00 0.00 0.00 0.00 0.00 0.00 0.00 0.00 0.00 0.82 8.65 15.05 21.62 26.35 28.50 26.94 22.62 16.52 10.07 1.16 0.00 0.00 0.00 0.00
0.00 0.00 0.00 0.00 0.00 0.00 0.00 0.00 0.00 0.84 2.94 4.48 5.97 6.20 6.21 5.72 3.63 2.53 1.17 0.00 0.00 0.00 0.00 0.00
0.00 0.00 0.00 0.00 0.00 0.00 0.00 0.00 0.00 0.42 1.47 2.24 2.98 3.10 3.11 2.86 1.81 1.27 0.58 0.00 0.00 0.00 0.00 0.00
0.00 0.00 0.00 0.00 0.00 0.00 0.00 0.00 0.00 0.92 3.21 4.90 6.53 6.78 6.80 6.26 3.97 2.77 1.28 0.00 0.00 0.00 0.00 0.00
0.00 0.00 0.00 0.00 0.00 0.00 0.00 0.00 0.00 1.12 3.83 5.83 7.69 7.85 7.98 7.46 4.92 3.45 1.61 0.00 0.00 0.00 0.00 0.00
0.00 0.00 0.00 0.00 0.00 0.00 0.00 0.00 0.00 1.70 5.84 8.88 11.71 11.96 12.16 11.36 7.50 5.25 2.45 0.00 0.00 0.00 0.00 0.00
0.00 0.00 0.00 0.00 0.00 0.00 0.00 0.00 0.00 1.40 5.08 7.80 10.62 9.82 9.89 9.06 6.84 4.81 2.28 0.00 0.00 0.00 0.00 0.00
0.00 0.00 0.00 0.00 0.00 0.00 0.00 0.00 0.00 0.80 2.60 4.22 5.82 7.70 7.83 7.45 8.64 6.18 3.12 0.00 0.00 0.00 0.00 0.00
0.00 0.00 0.00 0.00 0.00 0.00 0.00 0.00 0.00 2.07 6.71 10.90 15.04 19.90 20.23 19.23 22.31 15.96 8.07 0.00 0.00 0.00 0.00 0.00
0.00 0.00 0.00 0.00 0.00 0.00 0.00 0.00 0.00 0.57 2.88 4.65 6.35 7.30 7.41 7.02 5.75 4.15 2.15 0.00 0.00 0.00 0.00 0.00
0.00 0.00 0.00 0.00 0.00 0.00 0.00 0.00 0.00 1.84 5.82 8.73 11.46 10.51 10.84 10.27 9.41 6.67 3.33 0.00 0.00 0.00 0.00 0.00
0.00 0.00 0.00 0.00 0.00 0.00 0.00 0.00 0.00 2.80 9.06 13.74 18.56 16.71 17.17 15.83 13.30 9.42 4.60 0.00 0.00 0.00 0.00 0.00
0.00 0.00 0.00 0.00 0.00 0.00 0.00 0.00 0.00 0.49 1.31 1.92 2.45 2.93 2.96 2.75 2.33 1.63 0.75 0.00 0.00 0.00 0.00 0.00
0.00 0.00 0.00 0.00 0.00 0.00 0.00 0.00 0.00 2.67 7.47 11.02 14.47 17.23 17.40 16.05 13.27 9.37 4.59 0.00 0.00 0.00 0.00 0.00
0.00 0.00 0.00 0.00 0.00 0.00 0.00 0.00 0.00 1.91 5.22 7.72 9.98 11.65 11.80 10.88 8.94 6.24 2.98 0.00 0.00 0.00 0.00 0.00
0.00 0.00 0.00 0.00 0.00 0.00 0.00 0.00 0.00 2.63 7.20 10.66 13.77 16.07 16.29 15.02 12.34 8.61 4.11 0.00 0.00 0.00 0.00 0.00
0.00 0.00 0.00 0.00 0.00 0.00 0.00 0.00 0.00 1.79 4.91 7.26 9.38 10.95 11.09 10.23 8.40 5.86 2.80 0.00 0.00 0.00 0.00 0.00
0.00 0.00 0.00 0.00 0.00 0.00 0.00 0.00 0.00 1.43 3.99 5.88 7.72 9.19 9.28 8.56 7.08 5.00 2.45 0.00 0.00 0.00 0.00 0.00
0.00 0.00 0.00 0.00 0.00 0.00 0.00 0.00 0.00 1.54 4.08 6.03 7.61 8.77 9.02 8.27 6.91 4.83 2.27 0.00 0.00 0.00 0.00 0.00
0.00 0.00 0.00 0.00 0.00 0.00 0.00 0.00 0.00 1.36 4.03 6.03 7.86 9.18 9.63 9.09 6.48 4.57 2.38 0.00 0.00 0.00 0.00 0.00
0.00 0.00 0.00 0.00 0.00 0.00 0.00 0.00 0.00 11.84 34.24 52.35 73.32 60.20 63.40 61.23 46.48 32.87 18.64 1.33 0.00 0.00 0.00 0.00
0.00 0.00 0.00 0.00 0.00 0.00 0.00 0.00 0.00 1.63 5.75 8.81 11.98 13.74 14.38 13.72 11.43 8.24 4.35 0.00 0.00 0.00 0.00 0.00
0.00 0.00 0.00 0.00 0.00 0.00 0.00 0.00 0.00 2.77 8.38 12.64 17.21 20.24 20.75 19.71 16.43 11.71 6.03 0.00 0.00 0.00 0.00 0.00
0.00 0.00 0.00 0.00 0.00 0.00 0.00 0.00 0.00 1.27 3.84 5.79 7.89 9.28 9.51 9.03 7.53 5.37 2.76 0.00 0.00 0.00 0.00 0.00
0.00 0.00 0.00 0.00 0.00 0.00 0.00 0.00 0.00 2.04 7.19 11.01 14.88 17.18 17.93 17.10 14.42 10.47 5.52 0.00 0.00 0.00 0.00 0.00
0.00 0.00 0.00 0.00 0.00 0.00 0.00 0.00 0.00 0.86 2.80 4.25 5.71 5.97 6.20 5.89 5.51 3.91 2.00 0.00 0.00 0.00 0.00 0.00
0.00 0.00 0.00 0.00 0.00 0.00 0.00 0.00 0.00 8.34 34.08 54.19 73.67 91.71 99.22 95.97 81.27 61.92 34.86 1.49 0.00 0.00 0.00 0.00
0.00 0.00 0.00 0.00 0.00 0.00 0.00 0.00 0.00 2.12 12.26 20.14 27.98 32.87 33.68 31.55 26.30 19.05 10.07 0.00 0.00 0.00 0.00 0.00
0.00 0.00 0.00 0.00 0.00 0.00 0.00 0.00 0.00 0.50 2.81 4.60 6.36 7.60 7.75 7.25 6.01 4.34 2.31 0.00 0.00 0.00 0.00 0.00
0.00 0.00 0.00 0.00 0.00 0.00 0.00 0.00 0.00 0.68 3.50 5.67 7.80 9.42 9.78 9.19 7.58 5.42 2.91 0.01 0.00 0.00 0.00 0.00
0.00 0.00 0.00 0.00 0.00 0.00 0.00 0.00 0.00 1.09 5.60 9.07 12.48 15.08 15.66 14.70 12.13 8.68 4.66 0.01 0.00 0.00 0.00 0.00
0.00 0.00 0.00 0.00 0.00 0.00 0.00 0.00 0.00 15.95 130.45 221.30 317.07 389.15 408.15 384.00 324.70 231.47 136.00 10.74 0.00 0.00 0.00 0.00
