0.00 0.00 0.00 0.00 0.00 0.00 0.00 0.00 0.17 1.15 2.22 3.29 4.16 4.59 4.74 4.54 4.02 3.11 1.95 0.66 0.00 0.00 0.00 0.00
0.00 0.00 0.00 0.00 0.00 0.00 0.00 0.00 6.32 20.35 36.14 51.08 62.83 70.18 71.55 69.30 58.62 43.93 27.40 6.06 0.00 0.00 0.00 0.00
0.00 0.00 0.00 0.00 0.00 0.00 0.00 0.00 3.97 26.19 50.74 75.12 95.19 104.89 108.50 103.89 91.82 71.14 44.53 15.16 0.00 0.00 0.00 0.00
0.00 0.00 0.00 0.00 0.00 0.00 0.00 0.00 14.10 93.08 180.32 266.96 338.28 372.78 385.60 369.21 326.31 252.82 158.27 53.88 0.00 0.00 0.00 0.00
0.00 0.00 0.00 0.00 0.00 0.00 0.00 0.00 1.43 3.71 6.24 9.11 11.03 12.14 12.15 11.13 9.19 6.71 4.19 0.73 0.00 0.00 0.00 0.00
0.00 0.00 0.00 0.00 0.00 0.00 0.00 0.00 21.06 201.73 406.88 612.75 771.93 866.39 920.16 891.06 759.35 591.48 382.93 142.81 0.00 0.00 0.00 0.00
0.00 0.00 0.00 0.00 0.00 0.00 0.00 0.00 0.79 2.40 4.18 5.98 7.18 7.70 7.62 7.14 6.08 4.59 2.90 0.56 0.00 0.00 0.00 0.00
0.00 0.00 0.00 0.00 0.00 0.00 0.00 0.00 0.35 1.13 1.98 2.82 3.58 4.03 4.09 4.01 3.41 2.56 1.60 0.37 0.00 0.00 0.00 0.00
0.00 0.00 0.00 0.00 0.00 0.00 0.00 0.00 0.57 1.80 3.17 4.51 5.74 6.46 6.54 6.42 5.46 4.09 2.56 0.59 0.00 0.00 0.00 0.00
0.00 0.00 0.00 0.00 0.00 0.00 0.00 0.00 0.57 1.80 3.17 4.51 5.74 6.46 6.54 6.42 5.46 4.09 2.56 0.59 0.00 0.00 0.00 0.00
0.00 0.00 0.00 0.00 0.00 0.00 0.00 0.00 1.23 4.37 7.89 11.45 14.68 16.04 16.53 15.89 13.87 10.67 6.74 1.76 0.00 0.00 0.00 0.00
0.00 0.00 0.00 0.00 0.00 0.00 0.00 0.00 0.59 2.09 3.76 5.49 7.06 7.77 7.81 7.54 6.62 5.09 3.13 0.81 0.00 0.00 0.00 0.00
0.00 0.00 0.00 0.00 0.00 0.00 0.00 0.00 0.76 2.69 4.84 7.06 9.08 9.99 10.04 9.69 8.51 6.54 4.02 1.04 0.00 0.00 0.00 0.00
0.00 0.00 0.00 0.00 0.00 0.00 0.00 0.00 0.51 1.79 3.23 4.71 6.05 6.66 6.69 6.46 5.68 4.36 2.68 0.69 0.00 0.00 0.00 0.00
0.00 0.00 0.00 0.00 0.00 0.00 0.00 0.00 0.51 1.79 3.23 4.71 6.05 6.66 6.69 6.46 5.68 4.36 2.68 0.69 0.00 0.00 0.00 0.00
0.00 0.00 0.00 0.00 0.00 0.00 0.00 0.00 5.58 22.69 42.03 64.03 83.60 94.08 96.83 92.86 79.88 60.62 36.10 9.87 0.00 0.00 0.00 0.00
0.00 0.00 0.00 0.00 0.00 0.00 0.00 0.00 3.87 13.26 23.82 34.46 43.82 49.22 50.10 47.13 41.65 32.23 19.83 5.21 0.00 0.00 0.00 0.00
0.00 0.00 0.00 0.00 0.00 0.00 0.00 0.00 3.28 11.68 21.08 30.00 37.64 41.97 42.30 40.44 34.49 26.46 16.85 4.35 0.00 0.00 0.00 0.00
0.00 0.00 0.00 0.00 0.00 0.00 0.00 0.00 6.21 59.50 120.01 180.74 227.69 255.55 271.42 262.83 223.98 174.46 112.95 42.12 0.00 0.00 0.00 0.00
0.00 0.00 0.00 0.00 0.00 0.00 0.00 0.00 5.91 56.60 114.16 171.92 216.59 243.09 258.18 250.01 213.05 165.95 107.44 40.07 0.00 0.00 0.00 0.00
0.00 0.00 0.00 0.00 0.00 0.00 0.00 0.00 11.37 108.85 219.54 330.62 416.51 467.48 496.49 480.79 409.72 319.14 206.62 77.06 0.00 0.00 0.00 0.00
0.00 0.00 0.00 0.00 0.00 0.00 0.00 0.00 11.18 107.04 215.88 325.11 409.57 459.69 488.22 472.77 402.89 313.82 203.17 75.77 0.00 0.00 0.00 0.00
0.00 0.00 0.00 0.00 0.00 0.00 0.00 0.00 16.63 118.76 230.73 346.43 443.36 477.04 483.51 457.46 420.37 321.76 205.73 71.02 0.00 0.00 0.00 0.00
0.00 0.00 0.00 0.00 0.00 0.00 0.00 0.00 0.35 1.13 1.98 2.82 3.58 4.03 4.09 4.01 3.41 2.56 1.60 0.37 0.00 0.00 0.00 0.00
0.00 0.00 0.00 0.00 0.00 0.00 0.00 0.00 1.80 5.71 10.04 14.27 18.16 20.44 20.70 20.32 17.30 12.95 8.09 1.86 0.00 0.00 0.00 0.00
0.00 0.00 0.00 0.00 0.00 0.00 0.00 0.00 9.18 29.16 51.28 72.84 92.72 104.36 105.69 103.76 88.31 66.12 41.32 9.48 0.00 0.00 0.00 0.00
0.00 0.00 0.00 0.00 0.00 0.00 0.00 0.00 0.42 4.06 8.20 12.34 15.55 17.45 18.54 17.95 15.30 11.91 7.71 2.88 0.00 0.00 0.00 0.00
0.00 0.00 0.00 0.00 0.00 0.00 0.00 0.00 13.88 91.63 177.51 262.80 333.01 366.97 379.59 363.45 321.23 248.87 155.81 53.04 0.00 0.00 0.00 0.00
0.00 0.00 0.00 0.00 0.00 0.00 0.00 0.00 1.25 6.00 11.24 16.61 22.18 26.22 27.20 26.43 23.18 18.19 12.05 3.78 0.00 0.00 0.00 0.00
0.00 0.00 0.00 0.00 0.00 0.00 0.00 0.00 10.64 47.81 87.67 128.41 161.87 176.10 182.50 174.53 150.86 114.64 71.98 21.80 0.00 0.00 0.00 0.00
0.00 0.00 0.00 0.00 0.00 0.00 0.00 0.00 0.23 1.53 2.96 4.38 5.55 6.12 6.33 6.06 5.35 4.15 2.60 0.88 0.00 0.00 0.00 0.00
0.00 0.00 0.00 0.00 0.00 0.00 0.00 0.00 10.41 68.72 133.13 197.10 249.76 275.23 284.70 272.59 240.92 186.66 116.86 39.78 0.00 0.00 0.00 0.00
0.00 0.00 0.00 0.00 0.00 0.00 0.00 0.00 13.36 88.19 170.85 252.95 320.52 353.21 365.36 349.82 309.18 239.54 149.96 51.05 0.00 0.00 0.00 0.00
0.00 0.00 0.00 0.00 0.00 0.00 0.00 0.00 21.93 156.61 304.27 456.86 584.69 629.10 637.62 603.27 554.37 424.32 271.30 93.66 0.00 0.00 0.00 0.00
0.00 0.00 0.00 0.00 0.00 0.00 0.00 0.00 0.86 3.19 5.80 8.51 10.90 11.95 12.21 11.81 10.37 7.89 4.93 1.28 0.00 0.00 0.00 0.00
0.00 0.00 0.00 0.00 0.00 0.00 0.00 0.00 1.11 4.07 7.38 10.57 13.62 14.97 15.22 14.67 12.91 9.85 6.13 1.59 0.00 0.00 0.00 0.00
0.00 0.00 0.00 0.00 0.00 0.00 0.00 0.00 5.15 24.75 46.38 68.52 91.50 108.17 112.18 109.03 95.62 75.05 49.72 15.58 0.00 0.00 0.00 0.00
0.00 0.00 0.00 0.00 0.00 0.00 0.00 0.00 8.54 107.78 211.42 319.26 414.97 494.49 507.99 487.06 436.49 351.17 228.57 83.60 2.85 0.00 0.00 0.00
0.00 0.00 0.00 0.00 0.00 0.00 0.00 0.00 0.32 1.06 1.88 2.76 3.48 3.84 3.95 3.76 3.21 2.45 1.54 0.39 0.00 0.00 0.00 0.00
0.00 0.00 0.00 0.00 0.00 0.00 0.00 0.00 4.15 22.98 43.71 65.21 82.35 89.56 91.66 87.50 76.70 58.49 37.17 12.38 0.00 0.00 0.00 0.00
0.00 0.00 0.00 0.00 0.00 0.00 0.00 0.00 0.28 7.19 14.93 22.32 29.14 32.68 33.06 32.24 28.65 22.24 14.71 5.66 0.32 0.00 0.00 0.00
0.00 0.00 0.00 0.00 0.00 0.00 0.00 0.00 0.93 2.75 4.78 6.86 8.42 9.07 8.91 8.17 6.60 5.04 3.21 0.57 0.00 0.00 0.00 0.00
0.00 0.00 0.00 0.00 0.00 0.00 0.00 0.00 0.47 1.38 2.39 3.43 4.21 4.54 4.45 4.08 3.30 2.52 1.61 0.28 0.00 0.00 0.00 0.00
0.00 0.00 0.00 0.00 0.00 0.00 0.00 0.00 1.02 3.01 5.22 7.51 9.21 9.92 9.74 8.93 7.22 5.51 3.52 0.62 0.00 0.00 0.00 0.00
0.00 0.00 0.00 0.00 0.00 0.00 0.00 0.00 1.23 3.64 6.31 9.18 11.05 11.91 11.75 10.95 9.14 6.99 4.41 0.90 0.00 0.00 0.00 0.00
0.00 0.00 0.00 0.00 0.00 0.00 0.00 0.00 1.87 5.55 9.62 13.99 16.83 18.15 17.90 16.69 13.92 10.66 6.72 1.37 0.00 0.00 0.00 0.00
0.00 0.00 0.00 0.00 0.00 0.00 0.00 0.00 1.58 4.86 8.51 12.20 14.59 15.63 15.60 14.71 12.47 9.59 6.06 1.31 0.00 0.00 0.00 0.00
0.00 0.00 0.00 0.00 0.00 0.00 0.00 0.00 1.03 3.98 7.15 10.26 12.59 13.69 14.23 13.68 11.63 8.87 5.47 1.57 0.00 0.00 0.00 0.00
0.00 0.00 0.00 0.00 0.00 0.00 0.00 0.00 2.67 10.29 18.47 26.50 32.54 35.36 36.77 35.33 30.05 22.91 14.14 4.05 0.00 0.00 0.00 0.00
0.00 0.00 0.00 0.00 0.00 0.00 0.00 0.00 0.63 2.56 4.69 6.84 8.74 9.58 9.83 9.27 7.85 5.98 3.76 1.12 0.00 0.00 0.00 0.00
0.00 0.00 0.00 0.00 0.00 0.00 0.00 0.00 1.55 4.79 8.36 12.06 14.90 16.58 17.00 16.26 13.70 10.49 6.68 1.54 0.00 0.00 0.00 0.00
0.00 0.00 0.00 0.00 0.00 0.00 0.00 0.00 2.80 8.67 15.18 21.34 25.97 29.12 29.37 27.81 24.11 18.35 11.40 2.50 0.00 0.00 0.00 0.00
0.00 0.00 0.00 0.00 0.00 0.00 0.00 0.00 0.44 1.15 1.94 2.75 3.36 3.64 3.61 3.43 2.89 2.16 1.35 0.23 0.00 0.00 0.00 0.00
0.00 0.00 0.00 0.00 0.00 0.00 0.00 0.00 2.15 6.09 10.43 15.03 19.07 20.66 20.83 19.73 16.65 12.58 7.94 1.61 0.00 0.00 0.00 0.00
0.00 0.00 0.00 0.00 0.00 0.00 0.00 0.00 1.56 4.25 7.23 10.24 12.69 13.96 13.75 12.97 11.06 8.26 5.16 0.97 0.00 0.00 0.00 0.00
0.00 0.00 0.00 0.00 0.00 0.00 0.00 0.00 2.16 5.86 9.98 14.13 17.51 19.27 18.98 17.89 15.26 11.40 7.12 1.33 0.00 0.00 0.00 0.00
0.00 0.00 0.00 0.00 0.00 0.00 0.00 0.00 1.47 3.99 6.80 9.62 11.93 13.12 12.93 12.19 10.39 7.76 4.85 0.91 0.00 0.00 0.00 0.00
0.00 0.00 0.00 0.00 0.00 0.00 0.00 0.00 1.15 3.25 5.56 8.02 10.17 11.02 11.11 10.52 8.88 6.71 4.24 0.86 0.00 0.00 0.00 0.00
0.00 0.00 0.00 0.00 0.00 0.00 0.00 0.00 1.27 3.34 5.57 7.94 9.73 10.71 10.82 10.00 8.28 6.13 3.84 0.66 0.00 0.00 0.00 0.00
0.00 0.00 0.00 0.00 0.00 0.00 0.00 0.00 1.02 3.23 5.68 8.07 10.28 11.57 11.71 11.50 9.79 7.33 4.58 1.05 0.00 0.00 0.00 0.00
0.00 0.00 0.00 0.00 0.00 0.00 0.00 0.00 7.27 29.54 54.71 83.34 108.82 122.46 126.04 120.87 103.97 78.91 46.98 12.85 0.00 0.00 0.00 0.00
0.00 0.00 0.00 0.00 0.00 0.00 0.00 0.00 1.39 4.95 8.94 12.97 16.64 18.18 18.73 18.01 15.72 12.09 7.64 1.99 0.00 0.00 0.00 0.00
0.00 0.00 0.00 0.00 0.00 0.00 0.00 0.00 2.24 7.31 12.88 18.85 24.45 27.61 27.51 26.35 22.05 16.87 10.81 2.72 0.00 0.00 0.00 0.00
0.00 0.00 0.00 0.00 0.00 0.00 0.00 0.00 1.03 3.35 5.90 8.64 11.21 12.66 12.61 12.08 10.11 7.73 4.96 1.25 0.00 0.00 0.00 0.00
0.00 0.00 0.00 0.00 0.00 0.00 0.00 0.00 1.72 6.09 11.00 15.93 20.25 22.22 23.01 21.99 19.16 14.79 9.49 2.46 0.00 0.00 0.00 0.00
0.00 0.00 0.00 0.00 0.00 0.00 0.00 0.00 0.78 2.57 4.57 6.69 8.46 9.34 9.59 9.13 7.80 5.96 3.74 0.95 0.00 0.00 0.00 0.00
0.00 0.00 0.00 0.00 0.00 0.00 0.00 0.00 5.33 25.63 48.02 70.94 94.73 111.99 116.15 112.88 99.00 77.70 51.47 16.13 0.00 0.00 0.00 0.00
0.00 0.00 0.00 0.00 0.00 0.00 0.00 0.00 2.55 11.43 20.97 30.71 38.71 42.11 43.64 41.74 36.07 27.41 17.21 5.21 0.00 0.00 0.00 0.00
0.00 0.00 0.00 0.00 0.00 0.00 0.00 0.00 0.55 2.50 4.60 6.83 8.64 9.58 9.82 9.49 8.14 6.11 3.85 1.17 0.00 0.00 0.00 0.00
0.00 0.00 0.00 0.00 0.00 0.00 0.00 0.00 0.68 3.07 5.69 8.36 10.52 11.93 12.23 11.74 10.10 7.68 4.87 1.44 0.00 0.00 0.00 0.00
0.00 0.00 0.00 0.00 0.00 0.00 0.00 0.00 1.10 4.92 9.11 13.37 16.83 19.09 19.57 18.78 16.15 12.29 7.78 2.31 0.00 0.00 0.00 0.00
0.00 0.00 0.00 0.00 0.00 0.00 0.00 0.00 11.55 110.66 223.20 336.13 423.45 475.27 504.77 488.80 416.55 324.46 210.06 78.34 0.00 0.00 0.00 0.00
