0.00 0.00 0.00 0.00 0.00 0.00 0.00 0.00 0.00 0.12 1.08 1.84 2.60 3.04 3.19 3.02 2.64 1.83 0.98 0.00 0.00 0.00 0.00 0.00
0.00 0.00 0.00 0.00 0.00 0.00 0.00 0.00 0.00 3.90 9.66 14.71 19.34 37.44 37.88 36.23 35.19 24.41 12.23 0.00 0.00 0.00 0.00 0.00
0.00 0.00 0.00 0.00 0.00 0.00 0.00 0.00 0.00 2.83 24.75 41.98 59.55 69.56 72.91 69.07 60.34 41.73 22.51 0.05 0.00 0.00 0.00 0.00
0.00 0.00 0.00 0.00 0.00 0.00 0.00 0.00 0.00 10.04 87.95 149.20 211.63 247.20 259.11 245.47 214.44 148.32 79.98 0.18 0.00 0.00 0.00 0.00
0.00 0.00 0.00 0.00 0.00 0.00 0.00 0.00 0.00 1.36 2.53 3.75 4.84 6.24 6.35 5.77 3.85 2.62 1.12 0.00 0.00 0.00 0.00 0.00
0.00 0.00 0.00 0.00 0.00 0.00 0.00 0.00 0.00 19.78 208.26 357.37 512.74 627.52 660.63 622.57 519.22 364.71 205.40 6.71 0.00 0.00 0.00 0.00
0.00 0.00 0.00 0.00 0.00 0.00 0.00 0.00 0.00 0.64 2.20 3.40 4.56 5.23 5.33 4.86 3.91 2.69 1.16 0.00 0.00 0.00 0.00 0.00
0.00 0.00 0.00 0.00 0.00 0.00 0.00 0.00 0.00 0.26 0.57 0.87 1.14 1.70 1.78 1.67 2.30 1.59 0.78 0.00 0.00 0.00 0.00 0.00
0.00 0.00 0.00 0.00 0.00 0.00 0.00 0.00 0.00 0.41 0.91 1.39 1.82 2.72 2.84 2.67 3.68 2.55 1.25 0.00 0.00 0.00 0.00 0.00
0.00 0.00 0.00 0.00 0.00 0.00 0.00 0.00 0.00 0.41 0.91 1.39 1.82 2.72 2.84 2.67 3.68 2.55 1.25 0.00 0.00 0.00 0.00 0.00
0.00 0.00 0.00 0.00 0.00 0.00 0.00 0.00 0.00 1.20 3.04 4.71 6.43 10.14 10.61 10.09 9.55 6.77 3.38 0.00 0.00 0.00 0.00 0.00
0.00 0.00 0.00 0.00 0.00 0.00 0.00 0.00 0.00 0.57 1.39 2.14 2.97 4.49 4.65 4.41 4.51 3.14 1.57 0.00 0.00 0.00 0.00 0.00
0.00 0.00 0.00 0.00 0.00 0.00 0.00 0.00 0.00 0.73 1.79 2.76 3.82 5.77 5.98 5.67 5.80 4.04 2.02 0.00 0.00 0.00 0.00 0.00
0.00 0.00 0.00 0.00 0.00 0.00 0.00 0.00 0.00 0.49 1.19 1.84 2.55 3.85 3.98 3.78 3.86 2.69 1.34 0.00 0.00 0.00 0.00 0.00
0.00 0.00 0.00 0.00 0.00 0.00 0.00 0.00 0.00 0.49 1.19 1.84 2.55 3.85 3.98 3.78 3.86 2.69 1.34 0.00 0.00 0.00 0.00 0.00
0.00 0.00 0.00 0.00 0.00 0.00 0.00 0.00 0.00 5.98 23.19 35.79 50.38 68.77 72.01 69.01 60.11 41.92 22.81 0.36 0.00 0.00 0.00 0.00
0.00 0.00 0.00 0.00 0.00 0.00 0.00 0.00 0.00 3.83 9.53 14.70 19.72 31.14 32.60 30.72 28.72 19.85 9.72 0.00 0.00 0.00 0.00 0.00
0.00 0.00 0.00 0.00 0.00 0.00 0.00 0.00 0.00 2.50 10.16 15.80 21.08 30.89 31.78 29.85 24.27 17.17 8.43 0.00 0.00 0.00 0.00 0.00
0.00 0.00 0.00 0.00 0.00 0.00 0.00 0.00 0.00 5.84 61.43 105.41 151.24 185.09 194.86 183.64 153.15 107.58 60.59 1.98 0.00 0.00 0.00 0.00
0.00 0.00 0.00 0.00 0.00 0.00 0.00 0.00 0.00 5.55 58.43 100.27 143.86 176.07 185.36 174.68 145.68 102.33 57.63 1.88 0.00 0.00 0.00 0.00
0.00 0.00 0.00 0.00 0.00 0.00 0.00 0.00 0.00 10.67 112.37 192.83 276.66 338.59 356.46 335.92 280.16 196.79 110.83 3.62 0.00 0.00 0.00 0.00
0.00 0.00 0.00 0.00 0.00 0.00 0.00 0.00 0.00 10.50 110.50 189.61 272.05 332.94 350.52 330.32 275.49 193.51 108.98 3.56 0.00 0.00 0.00 0.00
0.00 0.00 0.00 0.00 0.00 0.00 0.00 0.00 0.00 8.80 110.47 191.03 269.88 327.84 341.47 321.64 273.16 189.92 101.92 0.00 0.00 0.00 0.00 0.00
0.00 0.00 0.00 0.00 0.00 0.00 0.00 0.00 0.00 0.26 0.57 0.87 1.14 1.70 1.78 1.67 2.30 1.59 0.78 0.00 0.00 0.00 0.00 0.00
0.00 0.00 0.00 0.00 0.00 0.00 0.00 0.00 0.00 1.30 2.90 4.39 5.77 8.61 9.01 8.46 11.65 8.07 3.95 0.00 0.00 0.00 0.00 0.00
0.00 0.00 0.00 0.00 0.00 0.00 0.00 0.00 0.00 6.62 14.79 22.42 29.47 43.97 45.99 43.18 59.46 41.19 20.15 0.00 0.00 0.00 0.00 0.00
0.00 0.00 0.00 0.00 0.00 0.00 0.00 0.00 0.00 0.40 4.20 7.20 10.33 12.64 13.31 12.54 10.46 7.35 4.14 0.14 0.00 0.00 0.00 0.00
0.00 0.00 0.00 0.00 0.00 0.00 0.00 0.00 0.00 9.89 86.58 146.88 208.34 243.34 255.07 241.64 211.10 146.01 78.74 0.18 0.00 0.00 0.00 0.00
0.00 0.00 0.00 0.00 0.00 0.00 0.00 0.00 0.00 1.48 7.11 11.40 15.54 19.29 20.82 20.04 16.96 12.73 6.85 0.03 0.00 0.00 0.00 0.00
0.00 0.00 0.00 0.00 0.00 0.00 0.00 0.00 0.00 6.48 39.69 65.73 91.07 118.81 120.97 112.30 93.25 66.31 32.91 0.00 0.00 0.00 0.00 0.00
0.00 0.00 0.00 0.00 0.00 0.00 0.00 0.00 0.00 0.16 1.44 2.45 3.47 4.06 4.25 4.03 3.52 2.43 1.31 0.00 0.00 0.00 0.00 0.00
0.00 0.00 0.00 0.00 0.00 0.00 0.00 0.00 0.00 7.41 64.93 110.16 156.25 182.51 191.30 181.23 158.32 109.51 59.05 0.13 0.00 0.00 0.00 0.00
0.00 0.00 0.00 0.00 0.00 0.00 0.00 0.00 0.00 9.52 83.33 141.37 200.52 234.22 245.51 232.58 203.18 140.53 75.79 0.17 0.00 0.00 0.00 0.00
0.00 0.00 0.00 0.00 0.00 0.00 0.00 0.00 0.00 11.61 145.68 251.92 355.91 432.34 450.32 424.16 360.23 250.46 134.41 0.00 0.00 0.00 0.00 0.00
0.00 0.00 0.00 0.00 0.00 0.00 0.00 0.00 0.00 0.76 2.31 3.58 5.01 7.13 7.65 7.17 7.34 5.12 2.61 0.00 0.00 0.00 0.00 0.00
0.00 0.00 0.00 0.00 0.00 0.00 0.00 0.00 0.00 1.02 2.87 4.43 6.22 8.83 9.37 8.85 9.09 6.33 3.22 0.00 0.00 0.00 0.00 0.00
0.00 0.00 0.00 0.00 0.00 0.00 0.00 0.00 0.00 6.10 29.32 47.04 64.10 79.57 85.87 82.67 69.97 52.51 28.24 0.13 0.00 0.00 0.00 0.00
0.00 0.00 0.00 0.00 0.00 0.00 0.00 0.00 0.00 0.00 81.57 153.84 217.77 299.12 321.07 305.14 255.94 181.40 97.80 0.00 0.00 0.00 0.00 0.00
0.00 0.00 0.00 0.00 0.00 0.00 0.00 0.00 0.00 0.31 0.74 1.14 1.54 2.42 2.51 2.37 2.05 1.43 0.69 0.00 0.00 0.00 0.00 0.00
0.00 0.00 0.00 0.00 0.00 0.00 0.00 0.00 0.00 2.78 21.68 36.50 51.29 61.81 63.46 59.08 51.53 36.20 18.93 0.00 0.00 0.00 0.00 0.00
0.00 0.00 0.00 0.00 0.00 0.00 0.00 0.00 0.00 0.52 7.70 13.60 19.64 23.90 25.85 24.38 20.22 14.57 8.56 0.57 0.00 0.00 0.00 0.00
0.00 0.00 0.00 0.00 0.00 0.00 0.00 0.00 0.00 0.78 2.57 3.95 5.27 5.90 5.88 5.37 4.37 2.98 1.25 0.00 0.00 0.00 0.00 0.00
0.00 0.00 0.00 0.00 0.00 0.00 0.00 0.00 0.00 0.39 1.29 1.98 2.64 2.95 2.94 2.69 2.19 1.49 0.63 0.00 0.00 0.00 0.00 0.00
0.00 0.00 0.00 0.00 0.00 0.00 0.00 0.00 0.00 0.85 2.81 4.32 5.77 6.45 6.44 5.88 4.78 3.26 1.37 0.00 0.00 0.00 0.00 0.00
0.00 0.00 0.00 0.00 0.00 0.00 0.00 0.00 0.00 1.03 3.28 5.02 6.63 7.56 7.64 7.09 5.98 4.09 1.75 0.00 0.00 0.00 0.00 0.00
0.00 0.00 0.00 0.00 0.00 0.00 0.00 0.00 0.00 1.57 5.00 7.66 10.10 11.52 11.64 10.80 9.10 6.24 2.67 0.00 0.00 0.00 0.00 0.00
0.00 0.00 0.00 0.00 0.00 0.00 0.00 0.00 0.00 1.30 4.49 6.93 9.42 10.88 10.89 9.89 7.99 5.50 2.40 0.00 0.00 0.00 0.00 0.00
0.00 0.00 0.00 0.00 0.00 0.00 0.00 0.00 0.00 0.61 3.27 5.34 7.34 7.86 7.93 7.46 6.99 4.90 2.30 0.00 0.00 0.00 0.00 0.00
0.00 0.00 0.00 0.00 0.00 0.00 0.00 0.00 0.00 1.58 8.45 13.79 18.96 20.31 20.49 19.28 18.05 12.65 5.94 0.00 0.00 0.00 0.00 0.00
0.00 0.00 0.00 0.00 0.00 0.00 0.00 0.00 0.00 0.43 2.34 3.80 5.18 6.39 6.44 6.05 4.79 3.40 1.65 0.00 0.00 0.00 0.00 0.00
0.00 0.00 0.00 0.00 0.00 0.00 0.00 0.00 0.00 1.54 3.61 5.47 7.21 9.19 9.44 8.88 8.71 6.06 2.82 0.00 0.00 0.00 0.00 0.00
0.00 0.00 0.00 0.00 0.00 0.00 0.00 0.00 0.00 2.44 6.80 10.41 14.08 20.23 20.66 18.90 15.62 10.86 4.92 0.00 0.00 0.00 0.00 0.00
0.00 0.00 0.00 0.00 0.00 0.00 0.00 0.00 0.00 0.41 0.91 1.34 1.72 1.99 2.01 1.86 1.56 1.07 0.45 0.00 0.00 0.00 0.00 0.00
0.00 0.00 0.00 0.00 0.00 0.00 0.00 0.00 0.00 2.12 5.64 8.39 11.06 11.35 11.46 10.54 9.86 6.81 3.11 0.00 0.00 0.00 0.00 0.00
0.00 0.00 0.00 0.00 0.00 0.00 0.00 0.00 0.00 1.60 3.79 5.66 7.34 8.41 8.51 7.81 6.79 4.63 2.05 0.00 0.00 0.00 0.00 0.00
0.00 0.00 0.00 0.00 0.00 0.00 0.00 0.00 0.00 2.21 5.23 7.81 10.13 11.61 11.74 10.78 9.37 6.39 2.83 0.00 0.00 0.00 0.00 0.00
0.00 0.00 0.00 0.00 0.00 0.00 0.00 0.00 0.00 1.51 3.56 5.32 6.90 7.91 8.00 7.35 6.38 4.35 1.92 0.00 0.00 0.00 0.00 0.00
0.00 0.00 0.00 0.00 0.00 0.00 0.00 0.00 0.00 1.13 3.01 4.47 5.90 6.06 6.11 5.62 5.26 3.63 1.66 0.00 0.00 0.00 0.00 0.00
0.00 0.00 0.00 0.00 0.00 0.00 0.00 0.00 0.00 1.27 2.35 3.49 4.43 5.84 6.00 5.47 3.88 2.65 1.15 0.00 0.00 0.00 0.00 0.00
0.00 0.00 0.00 0.00 0.00 0.00 0.00 0.00 0.00 0.73 1.64 2.48 3.27 4.87 5.10 4.79 6.59 4.56 2.23 0.00 0.00 0.00 0.00 0.00
0.00 0.00 0.00 0.00 0.00 0.00 0.00 0.00 0.00 7.78 30.19 46.59 65.57 89.51 93.73 89.82 78.23 54.56 29.69 0.46 0.00 0.00 0.00 0.00
0.00 0.00 0.00 0.00 0.00 0.00 0.00 0.00 0.00 1.36 3.45 5.34 7.29 11.50 12.02 11.44 10.82 7.67 3.83 0.00 0.00 0.00 0.00 0.00
0.00 0.00 0.00 0.00 0.00 0.00 0.00 0.00 0.00 2.27 4.00 6.10 8.36 9.58 9.81 9.29 12.11 8.46 4.09 0.00 0.00 0.00 0.00 0.00
0.00 0.00 0.00 0.00 0.00 0.00 0.00 0.00 0.00 1.04 1.83 2.80 3.83 4.39 4.50 4.26 5.55 3.88 1.87 0.00 0.00 0.00 0.00 0.00
0.00 0.00 0.00 0.00 0.00 0.00 0.00 0.00 0.00 1.69 4.23 6.55 8.89 14.48 15.10 14.35 13.28 9.47 4.71 0.00 0.00 0.00 0.00 0.00
0.00 0.00 0.00 0.00 0.00 0.00 0.00 0.00 0.00 0.76 1.81 2.77 3.73 5.87 6.09 5.75 4.99 3.48 1.68 0.00 0.00 0.00 0.00 0.00
0.00 0.00 0.00 0.00 0.00 0.00 0.00 0.00 0.00 6.32 30.35 48.71 66.37 82.38 88.90 85.60 72.44 54.37 29.24 0.13 0.00 0.00 0.00 0.00
0.00 0.00 0.00 0.00 0.00 0.00 0.00 0.00 0.00 1.55 9.49 15.72 21.78 28.41 28.93 26.85 22.30 15.86 7.87 0.00 0.00 0.00 0.00 0.00
0.00 0.00 0.00 0.00 0.00 0.00 0.00 0.00 0.00 0.37 2.35 3.88 5.35 6.58 6.68 6.20 5.14 3.64 1.83 0.00 0.00 0.00 0.00 0.00
0.00 0.00 0.00 0.00 0.00 0.00 0.00 0.00 0.00 0.51 3.00 4.91 6.77 8.28 8.58 8.01 6.57 4.62 2.35 0.00 0.00 0.00 0.00 0.00
0.00 0.00 0.00 0.00 0.00 0.00 0.00 0.00 0.00 0.82 4.80 7.86 10.83 13.25 13.73 12.82 10.52 7.40 3.75 0.00 0.00 0.00 0.00 0.00
0.00 0.00 0.00 0.00 0.00 0.00 0.00 0.00 0.00 10.85 114.25 196.04 281.27 344.23 362.40 341.52 284.83 200.07 112.68 3.68 0.00 0.00 0.00 0.00
