0.00 0.00 0.00 0.00 0.00 0.00 0.00 0.00 1.00 1.98 3.11 4.11 4.80 5.28 5.46 5.27 4.78 3.94 2.81 1.59 0.67 0.00 0.00 0.00
0.00 0.00 0.00 0.00 0.00 0.00 0.00 2.14 19.71 36.37 54.46 70.59 81.67 90.12 91.54 86.94 72.28 56.96 38.36 17.18 4.15 0.00 0.00 0.00
0.00 0.00 0.00 0.00 0.00 0.00 0.00 0.00 22.97 45.20 71.20 93.88 109.80 120.83 124.86 120.55 109.38 90.07 64.31 36.46 15.40 0.00 0.00 0.00
0.00 0.00 0.00 0.00 0.00 0.00 0.00 0.01 81.62 160.63 253.03 333.64 390.23 429.41 443.75 428.43 388.73 320.09 228.55 129.56 54.75 0.00 0.00 0.00
0.00 0.00 0.00 0.00 0.00 0.00 0.00 1.03 4.06 6.87 9.88 12.38 14.01 15.73 15.77 14.85 12.92 10.07 6.58 2.63 0.47 0.00 0.00 0.00
0.00 0.00 0.00 0.00 0.00 0.00 0.00 0.00 164.68 340.67 538.90 715.54 841.07 936.25 968.94 957.42 893.73 737.30 536.68 309.68 133.73 0.00 0.00 0.00
0.00 0.00 0.00 0.00 0.00 0.00 0.00 0.62 2.59 4.44 6.47 8.18 9.39 9.65 9.64 9.22 8.32 6.67 4.58 2.51 0.79 0.00 0.00 0.00
0.00 0.00 0.00 0.00 0.00 0.00 0.00 0.17 1.19 2.16 3.31 4.31 4.98 5.57 5.60 5.28 4.29 3.44 2.31 1.11 0.29 0.00 0.00 0.00
0.00 0.00 0.00 0.00 0.00 0.00 0.00 0.26 1.91 3.45 5.29 6.90 7.97 8.92 8.96 8.46 6.87 5.50 3.70 1.78 0.46 0.00 0.00 0.00
0.00 0.00 0.00 0.00 0.00 0.00 0.00 0.26 1.91 3.45 5.29 6.90 7.97 8.92 8.96 8.46 6.87 5.50 3.70 1.78 0.46 0.00 0.00 0.00
0.00 0.00 0.00 0.00 0.00 0.00 0.00 0.51 4.44 8.18 12.75 17.00 19.78 21.41 21.60 20.45 18.48 14.59 9.91 5.10 1.57 0.00 0.00 0.00
0.00 0.00 0.00 0.00 0.00 0.00 0.00 0.24 2.08 3.83 6.03 7.97 9.27 10.11 10.27 9.72 8.78 6.94 4.68 2.38 0.72 0.00 0.00 0.00
0.00 0.00 0.00 0.00 0.00 0.00 0.00 0.30 2.67 4.92 7.75 10.25 11.92 13.00 13.20 12.50 11.29 8.92 6.02 3.06 0.93 0.00 0.00 0.00
0.00 0.00 0.00 0.00 0.00 0.00 0.00 0.20 1.78 3.28 5.16 6.83 7.95 8.67 8.80 8.33 7.52 5.95 4.01 2.04 0.62 0.00 0.00 0.00
0.00 0.00 0.00 0.00 0.00 0.00 0.00 0.20 1.78 3.28 5.16 6.83 7.95 8.67 8.80 8.33 7.52 5.95 4.01 2.04 0.62 0.00 0.00 0.00
0.00 0.00 0.00 0.00 0.00 0.00 0.00 0.00 21.39 42.45 66.99 87.33 101.79 110.94 112.63 107.27 87.62 68.07 46.82 23.75 6.78 0.00 0.00 0.00
0.00 0.00 0.00 0.00 0.00 0.00 0.00 1.90 13.91 25.31 39.15 51.76 60.80 64.84 64.22 59.93 54.72 43.29 29.49 15.01 4.55 0.00 0.00 0.00
0.00 0.00 0.00 0.00 0.00 0.00 0.00 1.67 12.34 22.47 33.21 43.41 50.98 54.32 53.92 50.08 46.28 36.86 25.05 13.19 4.27 0.00 0.00 0.00
0.00 0.00 0.00 0.00 0.00 0.00 0.00 0.00 48.58 100.49 158.96 211.06 248.09 276.16 285.80 282.40 263.62 217.48 158.30 91.35 39.45 0.00 0.00 0.00
0.00 0.00 0.00 0.00 0.00 0.00 0.00 0.00 46.21 95.58 151.20 200.76 235.98 262.69 271.86 268.63 250.76 206.87 150.58 86.89 37.52 0.00 0.00 0.00
0.00 0.00 0.00 0.00 0.00 0.00 0.00 0.00 88.86 183.81 290.77 386.08 453.82 505.17 522.81 516.59 482.23 397.82 289.57 167.09 72.16 0.00 0.00 0.00
0.00 0.00 0.00 0.00 0.00 0.00 0.00 0.00 87.38 180.75 285.93 379.65 446.25 496.75 514.09 507.98 474.19 391.19 284.75 164.31 70.96 0.00 0.00 0.00
0.00 0.00 0.00 0.00 0.00 0.00 0.00 0.63 105.25 206.09 323.90 430.79 509.29 550.97 568.56 552.10 503.70 414.01 299.26 169.28 74.14 0.00 0.00 0.00
0.00 0.00 0.00 0.00 0.00 0.00 0.00 0.17 1.19 2.16 3.31 4.31 4.98 5.57 5.60 5.28 4.29 3.44 2.31 1.11 0.29 0.00 0.00 0.00
0.00 0.00 0.00 0.00 0.00 0.00 0.00 0.84 6.05 10.94 16.76 21.86 25.25 28.24 28.38 26.77 21.74 17.43 11.70 5.64 1.46 0.00 0.00 0.00
0.00 0.00 0.00 0.00 0.00 0.00 0.00 4.28 30.89 55.84 85.58 111.61 128.92 144.19 144.89 136.69 111.01 88.98 59.74 28.82 7.44 0.00 0.00 0.00
0.00 0.00 0.00 0.00 0.00 0.00 0.00 0.00 3.32 6.86 10.86 14.41 16.94 18.86 19.52 19.29 18.00 14.85 10.81 6.24 2.69 0.00 0.00 0.00
0.00 0.00 0.00 0.00 0.00 0.00 0.00 0.01 80.35 158.13 249.09 328.44 384.15 422.72 436.83 421.76 382.67 315.10 224.99 127.54 53.89 0.00 0.00 0.00
0.00 0.00 0.00 0.00 0.00 0.00 0.00 0.01 6.01 11.76 18.62 25.61 30.90 33.89 33.99 32.39 29.69 23.96 16.53 9.70 3.50 0.00 0.00 0.00
0.00 0.00 0.00 0.00 0.00 0.00 0.00 5.64 45.74 84.05 130.69 170.37 198.34 206.64 210.17 198.57 182.35 149.69 106.84 59.20 23.83 0.00 0.00 0.00
0.00 0.00 0.00 0.00 0.00 0.00 0.00 0.00 1.34 2.64 4.15 5.47 6.40 7.05 7.28 7.03 6.38 5.25 3.75 2.13 0.90 0.00 0.00 0.00
0.00 0.00 0.00 0.00 0.00 0.00 0.00 0.01 60.26 118.60 186.82 246.33 288.11 317.04 327.62 316.32 287.00 236.33 168.74 95.66 40.42 0.00 0.00 0.00
0.00 0.00 0.00 0.00 0.00 0.00 0.00 0.01 77.34 152.20 239.75 316.12 369.74 406.87 420.45 405.94 368.32 303.28 216.55 122.76 51.87 0.00 0.00 0.00
0.00 0.00 0.00 0.00 0.00 0.00 0.00 0.83 138.80 271.78 427.14 568.10 671.62 726.59 749.79 728.09 664.26 545.98 394.65 223.24 97.77 0.00 0.00 0.00
0.00 0.00 0.00 0.00 0.00 0.00 0.00 0.26 3.14 5.87 9.39 12.37 14.62 15.95 16.03 14.92 13.78 10.97 7.46 3.83 1.18 0.00 0.00 0.00
0.00 0.00 0.00 0.00 0.00 0.00 0.00 0.36 3.95 7.35 11.82 15.60 18.24 19.91 20.03 18.77 17.19 13.66 9.33 4.78 1.47 0.00 0.00 0.00
0.00 0.00 0.00 0.00 0.00 0.00 0.00 0.03 24.78 48.53 76.82 105.66 127.47 139.80 140.22 133.59 122.46 98.85 68.21 40.02 14.43 0.00 0.00 0.00
0.00 0.00 0.00 0.00 0.00 0.00 0.00 1.24 93.35 183.15 244.22 331.73 401.02 419.21 429.73 411.69 283.85 235.45 170.28 161.32 78.17 0.00 0.00 0.00
0.00 0.00 0.00 0.00 0.00 0.00 0.00 0.18 1.15 2.06 3.09 4.08 4.77 5.14 5.10 4.72 4.27 3.38 2.30 1.15 0.34 0.00 0.00 0.00
0.00 0.00 0.00 0.00 0.00 0.00 0.00 1.07 21.51 41.14 63.86 84.53 98.21 105.29 107.50 102.82 94.54 77.91 55.24 30.84 12.81 0.00 0.00 0.00
0.00 0.00 0.00 0.00 0.00 0.00 0.00 0.00 5.31 11.72 18.65 25.42 30.24 33.45 34.27 33.14 30.44 25.16 18.33 11.00 4.93 0.00 0.00 0.00
0.00 0.00 0.00 0.00 0.00 0.00 0.00 0.77 3.00 5.09 7.39 9.41 10.68 11.18 11.02 10.49 9.49 7.49 5.19 2.69 0.82 0.00 0.00 0.00
0.00 0.00 0.00 0.00 0.00 0.00 0.00 0.39 1.50 2.55 3.70 4.71 5.34 5.59 5.51 5.25 4.74 3.74 2.59 1.35 0.41 0.00 0.00 0.00
0.00 0.00 0.00 0.00 0.00 0.00 0.00 0.84 3.28 5.57 8.09 10.29 11.68 12.22 12.06 11.47 10.38 8.19 5.68 2.95 0.90 0.00 0.00 0.00
0.00 0.00 0.00 0.00 0.00 0.00 0.00 0.99 3.99 6.80 9.82 12.51 14.30 14.65 14.39 13.69 12.41 9.93 6.80 3.51 1.06 0.00 0.00 0.00
0.00 0.00 0.00 0.00 0.00 0.00 0.00 1.50 6.07 10.37 14.97 19.07 21.79 22.33 21.93 20.86 18.91 15.14 10.37 5.35 1.61 0.00 0.00 0.00
0.00 0.00 0.00 0.00 0.00 0.00 0.00 1.24 5.29 9.12 13.27 16.64 19.15 19.69 19.73 18.71 16.86 13.33 9.27 5.13 1.62 0.00 0.00 0.00
0.00 0.00 0.00 0.00 0.00 0.00 0.00 0.70 3.88 6.91 10.38 13.67 15.91 16.43 16.45 15.73 14.15 11.38 8.02 4.68 1.81 0.00 0.00 0.00
0.00 0.00 0.00 0.00 0.00 0.00 0.00 1.80 10.03 17.86 26.81 35.32 41.10 42.45 42.50 40.65 36.55 29.41 20.71 12.09 4.68 0.00 0.00 0.00
0.00 0.00 0.00 0.00 0.00 0.00 0.00 0.38 2.60 4.71 7.25 9.45 11.01 11.43 11.37 10.74 9.90 7.96 5.63 3.20 1.23 0.00 0.00 0.00
0.00 0.00 0.00 0.00 0.00 0.00 0.00 0.98 5.22 9.20 13.78 17.91 20.61 22.12 21.98 20.52 18.61 14.94 10.20 4.91 1.37 0.00 0.00 0.00
0.00 0.00 0.00 0.00 0.00 0.00 0.00 1.95 9.34 16.31 23.97 30.82 35.46 36.63 36.98 34.57 31.34 24.65 16.71 8.54 2.54 0.00 0.00 0.00
0.00 0.00 0.00 0.00 0.00 0.00 0.00 0.33 1.30 2.19 3.19 3.96 4.41 4.86 4.81 4.46 4.00 3.15 2.12 0.90 0.18 0.00 0.00 0.00
0.00 0.00 0.00 0.00 0.00 0.00 0.00 1.41 6.81 11.82 17.60 22.38 25.21 26.76 26.39 24.82 19.97 16.02 10.89 5.47 1.22 0.00 0.00 0.00
0.00 0.00 0.00 0.00 0.00 0.00 0.00 1.10 4.75 8.14 11.92 14.98 16.75 17.70 17.32 16.63 13.57 10.81 7.30 3.52 0.73 0.00 0.00 0.00
0.00 0.00 0.00 0.00 0.00 0.00 0.00 1.51 6.56 11.23 16.45 20.67 23.11 24.43 23.90 22.95 18.73 14.91 10.08 4.86 1.00 0.00 0.00 0.00
0.00 0.00 0.00 0.00 0.00 0.00 0.00 1.03 4.47 7.65 11.21 14.08 15.74 16.64 16.28 15.63 12.76 10.16 6.86 3.31 0.68 0.00 0.00 0.00
0.00 0.00 0.00 0.00 0.00 0.00 0.00 0.75 3.63 6.30 9.39 11.93 13.45 14.27 14.08 13.24 10.65 8.55 5.81 2.92 0.65 0.00 0.00 0.00
0.00 0.00 0.00 0.00 0.00 0.00 0.00 0.87 3.53 6.01 8.84 11.09 12.50 14.09 14.18 13.48 11.79 9.26 6.07 2.47 0.46 0.00 0.00 0.00
0.00 0.00 0.00 0.00 0.00 0.00 0.00 0.47 3.42 6.19 9.48 12.37 14.29 15.98 16.06 15.15 12.30 9.86 6.62 3.19 0.82 0.00 0.00 0.00
0.00 0.00 0.00 0.00 0.00 0.00 0.00 0.00 27.84 55.26 87.19 113.67 132.49 144.40 146.60 139.62 114.05 88.60 60.94 30.91 8.83 0.00 0.00 0.00
0.00 0.00 0.00 0.00 0.00 0.00 0.00 0.58 5.03 9.27 14.45 19.27 22.41 24.27 24.48 23.18 20.95 16.54 11.23 5.78 1.78 0.00 0.00 0.00
0.00 0.00 0.00 0.00 0.00 0.00 0.00 1.19 7.91 14.20 21.50 28.11 32.87 35.99 35.69 33.38 30.31 23.65 16.02 7.80 2.23 0.00 0.00 0.00
0.00 0.00 0.00 0.00 0.00 0.00 0.00 0.55 3.62 6.51 9.85 12.88 15.06 16.50 16.36 15.30 13.89 10.84 7.34 3.58 1.02 0.00 0.00 0.00
0.00 0.00 0.00 0.00 0.00 0.00 0.00 0.74 6.33 11.64 17.92 23.86 27.82 29.90 30.10 28.43 25.72 20.33 13.79 7.12 2.20 0.00 0.00 0.00
0.00 0.00 0.00 0.00 0.00 0.00 0.00 0.43 2.79 5.01 7.51 9.91 11.58 12.48 12.39 11.46 10.37 8.20 5.59 2.80 0.83 0.00 0.00 0.00
0.00 0.00 0.00 0.00 0.00 0.00 0.00 0.03 25.66 50.24 79.53 109.39 131.97 144.74 145.17 138.31 126.78 102.35 70.62 41.44 14.94 0.00 0.00 0.00
0.00 0.00 0.00 0.00 0.00 0.00 0.00 1.35 10.94 20.10 31.25 40.74 47.43 49.42 50.26 47.48 43.61 35.80 25.55 14.16 5.70 0.00 0.00 0.00
0.00 0.00 0.00 0.00 0.00 0.00 0.00 0.27 2.47 4.58 7.09 9.23 10.77 11.30 11.42 10.78 9.68 7.83 5.59 3.27 1.30 0.00 0.00 0.00
0.00 0.00 0.00 0.00 0.00 0.00 0.00 0.31 3.19 5.94 8.89 11.59 13.42 14.10 14.13 13.49 12.31 10.10 7.24 4.30 1.67 0.00 0.00 0.00
0.00 0.00 0.00 0.00 0.00 0.00 0.00 0.49 5.11 9.51 14.23 18.55 21.48 22.55 22.61 21.59 19.69 16.17 11.58 6.88 2.68 0.00 0.00 0.00
0.00 0.00 0.00 0.00 0.00 0.00 0.00 0.00 90.34 186.88 295.62 392.52 461.38 513.59 531.52 525.20 490.27 404.45 294.40 169.88 73.36 0.00 0.00 0.00
