0.00 0.00 0.00 0.00 0.00 0.00 0.00 0.25 1.14 1.99 2.94 3.86 4.65 5.18 5.30 4.97 4.39 3.55 2.55 1.50 0.65 0.00 0.00 0.00
0.00 0.00 0.00 0.00 0.00 0.00 0.00 6.25 22.41 37.60 57.00 73.22 84.86 91.23 90.69 83.94 69.21 54.72 36.42 15.70 3.91 0.00 0.00 0.00
0.00 0.00 0.00 0.00 0.00 0.00 0.00 5.75 26.10 45.55 67.21 88.27 106.33 118.40 121.31 113.67 100.33 81.13 58.20 34.23 14.89 0.00 0.00 0.00
0.00 0.00 0.00 0.00 0.00 0.00 0.00 20.43 92.77 161.89 238.87 313.69 377.89 420.77 431.12 403.99 356.57 288.33 206.83 121.65 52.93 0.00 0.00 0.00
0.00 0.00 0.00 0.00 0.00 0.00 0.00 1.44 3.80 6.32 10.58 13.31 15.06 16.91 16.71 14.96 12.19 9.50 6.30 2.55 0.50 0.00 0.00 0.00
0.00 0.00 0.00 0.00 0.00 0.00 0.00 31.55 198.77 358.66 538.20 710.26 851.99 920.90 938.91 887.44 801.58 649.85 458.40 262.82 116.22 0.00 0.00 0.00
0.00 0.00 0.00 0.00 0.00 0.00 0.00 1.00 2.65 4.37 6.25 8.00 9.18 9.70 9.74 9.05 8.17 6.50 4.45 2.16 0.72 0.00 0.00 0.00
0.00 0.00 0.00 0.00 0.00 0.00 0.00 0.43 1.43 2.37 3.52 4.46 5.09 5.81 5.90 5.51 4.59 3.56 2.40 1.07 0.29 0.00 0.00 0.00
0.00 0.00 0.00 0.00 0.00 0.00 0.00 0.69 2.29 3.79 5.63 7.14 8.15 9.29 9.44 8.82 7.35 5.70 3.84 1.72 0.46 0.00 0.00 0.00
0.00 0.00 0.00 0.00 0.00 0.00 0.00 0.69 2.29 3.79 5.63 7.14 8.15 9.29 9.44 8.82 7.35 5.70 3.84 1.72 0.46 0.00 0.00 0.00
0.00 0.00 0.00 0.00 0.00 0.00 0.00 1.36 4.73 7.89 12.10 16.22 19.19 21.53 21.43 20.21 18.74 15.09 10.42 5.09 1.62 0.00 0.00 0.00
0.00 0.00 0.00 0.00 0.00 0.00 0.00 0.65 2.27 3.79 5.75 7.70 9.09 10.43 10.48 9.82 8.97 7.16 4.92 2.37 0.74 0.00 0.00 0.00
0.00 0.00 0.00 0.00 0.00 0.00 0.00 0.84 2.92 4.87 7.39 9.90 11.69 13.41 13.47 12.62 11.53 9.21 6.32 3.05 0.96 0.00 0.00 0.00
0.00 0.00 0.00 0.00 0.00 0.00 0.00 0.56 1.95 3.25 4.93 6.60 7.80 8.94 8.98 8.41 7.69 6.14 4.22 2.03 0.64 0.00 0.00 0.00
0.00 0.00 0.00 0.00 0.00 0.00 0.00 0.56 1.95 3.25 4.93 6.60 7.80 8.94 8.98 8.41 7.69 6.14 4.22 2.03 0.64 0.00 0.00 0.00
0.00 0.00 0.00 0.00 0.00 0.00 0.00 4.63 24.81 43.80 67.34 87.61 99.47 110.81 112.62 107.16 98.03 77.01 52.05 24.61 7.08 0.00 0.00 0.00
0.00 0.00 0.00 0.00 0.00 0.00 0.00 4.57 15.05 24.94 37.42 49.37 58.67 64.57 64.92 60.61 56.19 44.97 31.50 15.28 4.79 0.00 0.00 0.00
0.00 0.00 0.00 0.00 0.00 0.00 0.00 4.10 13.47 22.33 32.18 40.93 47.99 52.87 53.25 50.57 46.27 36.63 25.16 12.79 4.28 0.00 0.00 0.00
0.00 0.00 0.00 0.00 0.00 0.00 0.00 9.31 58.63 105.79 158.75 209.50 251.31 271.63 276.95 261.76 236.44 191.68 135.21 77.52 34.28 0.00 0.00 0.00
0.00 0.00 0.00 0.00 0.00 0.00 0.00 8.85 55.77 100.63 151.00 199.28 239.05 258.38 263.44 248.99 224.90 182.33 128.62 73.74 32.61 0.00 0.00 0.00
0.00 0.00 0.00 0.00 0.00 0.00 0.00 17.02 107.25 193.52 290.39 383.24 459.71 496.89 506.61 478.83 432.51 350.64 247.34 141.81 62.71 0.00 0.00 0.00
0.00 0.00 0.00 0.00 0.00 0.00 0.00 16.74 105.46 190.29 285.55 376.85 452.05 488.61 498.16 470.85 425.30 344.80 243.21 139.45 61.66 0.00 0.00 0.00
0.00 0.00 0.00 0.00 0.00 0.00 0.00 28.57 124.19 215.79 310.81 409.72 494.27 535.50 544.59 531.98 480.10 386.16 278.48 163.92 73.94 0.00 0.00 0.00
0.00 0.00 0.00 0.00 0.00 0.00 0.00 0.43 1.43 2.37 3.52 4.46 5.09 5.81 5.90 5.51 4.59 3.56 2.40 1.07 0.29 0.00 0.00 0.00
0.00 0.00 0.00 0.00 0.00 0.00 0.00 2.19 7.27 12.00 17.84 22.62 25.80 29.43 29.89 27.92 23.28 18.06 12.16 5.43 1.46 0.00 0.00 0.00
0.00 0.00 0.00 0.00 0.00 0.00 0.00 11.20 37.10 61.28 91.08 115.49 131.72 150.27 152.59 142.55 118.84 92.18 62.10 27.75 7.45 0.00 0.00 0.00
0.00 0.00 0.00 0.00 0.00 0.00 0.00 0.64 4.00 7.22 10.84 14.31 17.16 18.55 18.91 17.88 16.15 13.09 9.23 5.29 2.34 0.00 0.00 0.00
0.00 0.00 0.00 0.00 0.00 0.00 0.00 20.12 91.33 159.37 235.15 308.80 372.00 414.21 424.40 397.69 351.01 283.83 203.61 119.76 52.10 0.00 0.00 0.00
0.00 0.00 0.00 0.00 0.00 0.00 0.00 1.27 5.90 10.30 15.59 21.57 27.21 31.01 31.76 30.61 27.89 22.40 15.55 8.81 3.24 0.00 0.00 0.00
0.00 0.00 0.00 0.00 0.00 0.00 0.00 15.30 50.37 83.80 122.85 156.63 182.27 201.26 209.76 198.87 173.51 141.26 100.82 58.40 24.37 0.00 0.00 0.00
0.00 0.00 0.00 0.00 0.00 0.00 0.00 0.34 1.52 2.66 3.92 5.15 6.20 6.90 7.07 6.63 5.85 4.73 3.39 2.00 0.87 0.00 0.00 0.00
0.00 0.00 0.00 0.00 0.00 0.00 0.00 15.09 68.50 119.53 176.36 231.60 279.00 310.66 318.30 298.27 263.26 212.87 152.71 89.82 39.08 0.00 0.00 0.00
0.00 0.00 0.00 0.00 0.00 0.00 0.00 19.36 87.90 153.39 226.33 297.22 358.05 398.68 408.48 382.78 337.85 273.19 195.98 115.27 50.15 0.00 0.00 0.00
0.00 0.00 0.00 0.00 0.00 0.00 0.00 37.68 163.77 284.58 409.88 540.31 651.82 706.20 718.17 701.55 633.14 509.25 367.25 216.17 97.51 0.00 0.00 0.00
0.00 0.00 0.00 0.00 0.00 0.00 0.00 0.93 3.47 5.86 8.99 11.81 13.95 16.17 16.19 15.27 14.16 11.07 7.65 3.77 1.19 0.00 0.00 0.00
0.00 0.00 0.00 0.00 0.00 0.00 0.00 1.20 4.42 7.44 11.27 14.71 17.51 20.22 20.34 19.28 17.64 13.74 9.63 4.71 1.49 0.00 0.00 0.00
0.00 0.00 0.00 0.00 0.00 0.00 0.00 5.23 24.32 42.47 64.31 88.96 112.24 127.92 131.00 126.29 115.03 92.38 64.15 36.33 13.36 0.00 0.00 0.00
0.00 0.00 0.00 0.00 0.00 0.00 0.00 31.28 128.77 222.93 335.89 433.32 512.91 549.49 559.30 522.79 471.21 381.78 279.79 173.99 87.45 0.00 0.00 0.00
0.00 0.00 0.00 0.00 0.00 0.00 0.00 0.39 1.24 2.03 3.07 4.01 4.69 5.15 5.15 4.84 4.42 3.52 2.46 1.16 0.36 0.00 0.00 0.00
0.00 0.00 0.00 0.00 0.00 0.00 0.00 6.30 24.65 42.20 61.40 78.92 93.63 102.61 103.28 96.98 86.00 69.69 50.97 30.94 13.27 0.00 0.00 0.00
0.00 0.00 0.00 0.00 0.00 0.00 0.00 0.55 6.93 13.07 19.26 25.68 30.83 32.93 33.40 30.70 27.56 22.01 15.74 9.34 4.25 0.00 0.00 0.00
0.00 0.00 0.00 0.00 0.00 0.00 0.00 1.24 3.16 5.20 7.28 9.23 10.58 11.31 11.25 10.52 9.62 7.56 5.13 2.45 0.80 0.00 0.00 0.00
0.00 0.00 0.00 0.00 0.00 0.00 0.00 0.62 1.58 2.60 3.64 4.62 5.29 5.66 5.62 5.26 4.81 3.78 2.57 1.23 0.40 0.00 0.00 0.00
0.00 0.00 0.00 0.00 0.00 0.00 0.00 1.35 3.46 5.69 7.96 10.10 11.57 12.37 12.30 11.50 10.53 8.27 5.61 2.68 0.87 0.00 0.00 0.00
0.00 0.00 0.00 0.00 0.00 0.00 0.00 1.60 4.16 6.86 9.68 12.12 13.94 14.98 14.94 13.94 12.76 9.95 6.84 3.22 1.03 0.00 0.00 0.00
0.00 0.00 0.00 0.00 0.00 0.00 0.00 2.43 6.35 10.45 14.74 18.46 21.23 22.82 22.77 21.25 19.44 15.16 10.43 4.91 1.57 0.00 0.00 0.00
0.00 0.00 0.00 0.00 0.00 0.00 0.00 2.02 5.37 8.82 12.63 16.30 18.49 19.70 19.67 18.37 16.68 13.32 9.04 4.42 1.47 0.00 0.00 0.00
0.00 0.00 0.00 0.00 0.00 0.00 0.00 1.47 4.30 7.00 10.14 12.71 14.66 15.40 16.00 15.58 13.99 11.12 7.83 4.59 1.85 0.00 0.00 0.00
0.00 0.00 0.00 0.00 0.00 0.00 0.00 3.79 11.12 18.08 26.20 32.84 37.88 39.78 41.34 40.25 36.13 28.72 20.23 11.86 4.78 0.00 0.00 0.00
0.00 0.00 0.00 0.00 0.00 0.00 0.00 0.90 2.82 4.64 6.71 8.55 9.96 10.85 11.05 10.61 9.55 7.68 5.36 3.09 1.24 0.00 0.00 0.00
0.00 0.00 0.00 0.00 0.00 0.00 0.00 1.90 5.61 9.18 13.41 17.79 20.67 22.92 23.16 21.37 19.70 15.58 10.78 4.89 1.43 0.00 0.00 0.00
0.00 0.00 0.00 0.00 0.00 0.00 0.00 3.57 10.08 16.39 22.97 29.49 34.99 37.92 38.50 35.98 33.20 26.13 17.68 8.29 2.59 0.00 0.00 0.00
0.00 0.00 0.00 0.00 0.00 0.00 0.00 0.52 1.36 2.20 3.22 4.05 4.52 5.26 5.13 4.73 4.07 3.18 2.09 0.88 0.19 0.00 0.00 0.00
0.00 0.00 0.00 0.00 0.00 0.00 0.00 2.76 7.92 12.97 18.75 23.18 25.96 30.37 30.43 28.00 23.23 17.81 11.66 5.03 1.18 0.00 0.00 0.00
0.00 0.00 0.00 0.00 0.00 0.00 0.00 1.99 5.44 8.90 12.72 15.88 17.34 19.81 19.22 17.95 15.17 11.68 7.76 3.31 0.73 0.00 0.00 0.00
0.00 0.00 0.00 0.00 0.00 0.00 0.00 2.74 7.51 12.29 17.55 21.91 23.93 27.33 26.53 24.77 20.94 16.12 10.71 4.56 1.01 0.00 0.00 0.00
0.00 0.00 0.00 0.00 0.00 0.00 0.00 1.87 5.12 8.37 11.95 14.92 16.30 18.62 18.07 16.87 14.26 10.98 7.30 3.11 0.69 0.00 0.00 0.00
0.00 0.00 0.00 0.00 0.00 0.00 0.00 1.47 4.22 6.92 10.00 12.36 13.85 16.20 16.23 14.93 12.39 9.50 6.22 2.68 0.63 0.00 0.00 0.00
0.00 0.00 0.00 0.00 0.00 0.00 0.00 1.39 3.73 6.12 9.38 11.67 13.03 14.65 14.56 13.34 10.93 8.55 5.82 2.39 0.48 0.00 0.00 0.00
0.00 0.00 0.00 0.00 0.00 0.00 0.00 1.24 4.11 6.79 10.09 12.80 14.60 16.65 16.91 15.80 13.17 10.22 6.88 3.07 0.83 0.00 0.00 0.00
0.00 0.00 0.00 0.00 0.00 0.00 0.00 6.03 32.29 57.01 87.65 114.03 129.47 144.23 146.58 139.47 127.60 100.23 67.74 32.03 9.21 0.00 0.00 0.00
0.00 0.00 0.00 0.00 0.00 0.00 0.00 1.55 5.36 8.95 13.71 18.38 21.75 24.40 24.29 22.90 21.24 17.10 11.80 5.77 1.83 0.00 0.00 0.00
0.00 0.00 0.00 0.00 0.00 0.00 0.00 2.63 8.42 13.83 21.12 27.74 33.04 37.35 37.84 35.11 31.50 25.05 17.31 7.89 2.34 0.00 0.00 0.00
0.00 0.00 0.00 0.00 0.00 0.00 0.00 1.21 3.86 6.34 9.68 12.71 15.14 17.12 17.34 16.09 14.44 11.48 7.93 3.62 1.07 0.00 0.00 0.00
0.00 0.00 0.00 0.00 0.00 0.00 0.00 1.93 6.65 11.11 16.96 22.65 26.86 29.81 29.49 27.80 25.87 20.73 14.48 7.09 2.26 0.00 0.00 0.00
0.00 0.00 0.00 0.00 0.00 0.00 0.00 0.95 3.00 4.93 7.46 9.73 11.38 12.51 12.50 11.76 10.73 8.56 5.97 2.83 0.87 0.00 0.00 0.00
0.00 0.00 0.00 0.00 0.00 0.00 0.00 5.41 25.18 43.97 66.58 92.11 116.21 132.44 135.64 130.75 119.10 95.65 66.42 37.62 13.83 0.00 0.00 0.00
0.00 0.00 0.00 0.00 0.00 0.00 0.00 3.66 12.05 20.04 29.38 37.45 43.59 48.13 50.16 47.55 41.49 33.78 24.11 13.97 5.83 0.00 0.00 0.00
0.00 0.00 0.00 0.00 0.00 0.00 0.00 0.79 2.70 4.51 6.70 8.53 10.03 10.80 10.95 10.40 9.34 7.55 5.33 3.21 1.33 0.00 0.00 0.00
0.00 0.00 0.00 0.00 0.00 0.00 0.00 0.94 3.31 5.57 8.07 10.30 12.06 13.29 13.66 13.23 12.07 9.51 6.72 4.01 1.61 0.00 0.00 0.00
0.00 0.00 0.00 0.00 0.00 0.00 0.00 1.50 5.30 8.91 12.90 16.49 19.29 21.26 21.85 21.17 19.31 15.22 10.76 6.41 2.57 0.00 0.00 0.00
0.00 0.00 0.00 0.00 0.00 0.00 0.00 17.31 109.04 196.75 295.23 389.62 467.37 505.17 515.05 486.81 439.71 356.48 251.46 144.17 63.75 0.00 0.00 0.00
