0.00 0.00 0.00 0.00 0.00 0.00 0.00 0.00 0.62 1.65 2.72 3.80 4.60 4.77 4.82 4.64 3.70 2.91 1.93 0.81 0.10 0.00 0.00 0.00
0.00 0.00 0.00 0.00 0.00 0.00 0.00 0.00 11.24 24.68 38.01 51.75 62.82 67.61 67.86 63.66 54.90 42.20 26.27 9.20 0.00 0.00 0.00 0.00
0.00 0.00 0.00 0.00 0.00 0.00 0.00 0.00 14.26 37.83 62.12 86.87 105.21 109.01 110.28 105.99 84.61 66.48 44.20 18.51 2.31 0.00 0.00 0.00
0.00 0.00 0.00 0.00 0.00 0.00 0.00 0.00 50.67 134.46 220.76 308.75 373.90 387.40 391.92 376.70 300.69 236.27 157.07 65.79 8.20 0.00 0.00 0.00
0.00 0.00 0.00 0.00 0.00 0.00 0.00 0.00 2.29 4.50 4.01 5.36 6.19 9.40 9.26 8.67 9.71 7.26 4.34 0.90 0.00 0.00 0.00 0.00
0.00 0.00 0.00 0.00 0.00 0.00 0.00 0.00 100.45 290.27 505.81 711.19 862.21 876.99 895.42 849.18 707.78 559.50 384.00 179.68 28.51 0.00 0.00 0.00
0.00 0.00 0.00 0.00 0.00 0.00 0.00 0.00 1.78 3.68 5.65 7.71 8.96 9.61 9.52 8.96 7.48 5.54 3.44 1.16 0.00 0.00 0.00 0.00
0.00 0.00 0.00 0.00 0.00 0.00 0.00 0.00 0.67 1.45 2.22 3.06 3.63 4.33 4.44 4.18 3.61 2.81 1.76 0.50 0.00 0.00 0.00 0.00
0.00 0.00 0.00 0.00 0.00 0.00 0.00 0.00 1.08 2.32 3.56 4.90 5.81 6.93 7.10 6.68 5.77 4.50 2.81 0.80 0.00 0.00 0.00 0.00
0.00 0.00 0.00 0.00 0.00 0.00 0.00 0.00 1.08 2.32 3.56 4.90 5.81 6.93 7.10 6.68 5.77 4.50 2.81 0.80 0.00 0.00 0.00 0.00
0.00 0.00 0.00 0.00 0.00 0.00 0.00 0.00 2.72 6.11 10.07 14.00 17.04 18.64 18.75 18.03 15.49 11.86 7.64 2.34 0.00 0.00 0.00 0.00
0.00 0.00 0.00 0.00 0.00 0.00 0.00 0.00 1.30 2.91 4.78 6.53 7.88 8.69 8.75 8.46 7.22 5.56 3.48 1.07 0.00 0.00 0.00 0.00
0.00 0.00 0.00 0.00 0.00 0.00 0.00 0.00 1.67 3.74 6.15 8.40 10.14 11.17 11.26 10.88 9.29 7.15 4.47 1.38 0.00 0.00 0.00 0.00
0.00 0.00 0.00 0.00 0.00 0.00 0.00 0.00 1.11 2.49 4.10 5.60 6.76 7.45 7.50 7.26 6.19 4.76 2.98 0.92 0.00 0.00 0.00 0.00
0.00 0.00 0.00 0.00 0.00 0.00 0.00 0.00 1.11 2.49 4.10 5.60 6.76 7.45 7.50 7.26 6.19 4.76 2.98 0.92 0.00 0.00 0.00 0.00
0.00 0.00 0.00 0.00 0.00 0.00 0.00 0.00 12.34 30.17 49.17 69.00 85.17 97.87 101.58 97.42 86.14 66.56 41.63 14.79 0.00 0.00 0.00 0.00
0.00 0.00 0.00 0.00 0.00 0.00 0.00 0.00 8.61 19.05 30.65 43.16 52.47 57.20 56.30 53.45 46.91 35.87 23.10 7.25 0.00 0.00 0.00 0.00
0.00 0.00 0.00 0.00 0.00 0.00 0.00 0.00 7.64 17.09 28.01 37.80 45.79 48.60 48.77 46.70 40.24 30.91 19.82 6.22 0.00 0.00 0.00 0.00
0.00 0.00 0.00 0.00 0.00 0.00 0.00 0.00 29.63 85.62 149.20 209.77 254.32 258.68 264.12 250.48 208.77 165.03 113.27 53.00 8.41 0.00 0.00 0.00
0.00 0.00 0.00 0.00 0.00 0.00 0.00 0.00 28.18 81.44 141.92 199.54 241.92 246.06 251.23 238.26 198.59 156.98 107.74 50.42 8.00 0.00 0.00 0.00
0.00 0.00 0.00 0.00 0.00 0.00 0.00 0.00 54.20 156.62 272.92 383.73 465.22 473.19 483.14 458.19 381.90 301.89 207.20 96.95 15.39 0.00 0.00 0.00
0.00 0.00 0.00 0.00 0.00 0.00 0.00 0.00 53.30 154.01 268.37 377.34 457.47 465.31 475.09 450.55 375.53 296.86 203.74 95.34 15.13 0.00 0.00 0.00
0.00 0.00 0.00 0.00 0.00 0.00 0.00 0.00 69.49 186.32 296.87 407.45 484.56 490.97 494.05 468.82 373.12 293.06 197.79 71.85 10.51 0.00 0.00 0.00
0.00 0.00 0.00 0.00 0.00 0.00 0.00 0.00 0.67 1.45 2.22 3.06 3.63 4.33 4.44 4.18 3.61 2.81 1.76 0.50 0.00 0.00 0.00 0.00
0.00 0.00 0.00 0.00 0.00 0.00 0.00 0.00 3.40 7.36 11.27 15.50 18.39 21.95 22.49 21.16 18.27 14.26 8.90 2.53 0.00 0.00 0.00 0.00
0.00 0.00 0.00 0.00 0.00 0.00 0.00 0.00 17.38 37.56 57.53 79.14 93.91 112.07 114.82 108.03 93.27 72.78 45.46 12.90 0.00 0.00 0.00 0.00
0.00 0.00 0.00 0.00 0.00 0.00 0.00 0.00 2.02 5.85 10.19 14.33 17.37 17.67 18.04 17.11 14.26 11.27 7.74 3.62 0.57 0.00 0.00 0.00
0.00 0.00 0.00 0.00 0.00 0.00 0.00 0.00 49.88 132.36 217.32 303.94 368.07 381.36 385.81 370.83 296.01 232.59 154.63 64.76 8.07 0.00 0.00 0.00
0.00 0.00 0.00 0.00 0.00 0.00 0.00 0.00 3.56 8.92 15.09 21.46 27.23 30.97 31.86 30.46 25.63 20.08 13.60 4.85 0.10 0.00 0.00 0.00
0.00 0.00 0.00 0.00 0.00 0.00 0.00 0.00 30.70 72.70 117.33 163.27 191.13 201.37 201.52 190.77 152.65 118.11 77.26 30.77 1.73 0.00 0.00 0.00
0.00 0.00 0.00 0.00 0.00 0.00 0.00 0.00 0.83 2.21 3.62 5.07 6.13 6.36 6.43 6.18 4.93 3.88 2.58 1.08 0.13 0.00 0.00 0.00
0.00 0.00 0.00 0.00 0.00 0.00 0.00 0.00 37.41 99.27 162.99 227.95 276.05 286.02 289.36 278.12 222.00 174.44 115.97 48.57 6.05 0.00 0.00 0.00
0.00 0.00 0.00 0.00 0.00 0.00 0.00 0.00 48.01 127.40 209.17 292.54 354.27 367.06 371.34 356.92 284.91 223.87 148.83 62.33 7.77 0.00 0.00 0.00
0.00 0.00 0.00 0.00 0.00 0.00 0.00 0.00 91.64 245.71 391.50 537.33 639.01 647.47 651.53 618.26 492.05 386.48 260.83 94.75 13.86 0.00 0.00 0.00
0.00 0.00 0.00 0.00 0.00 0.00 0.00 0.00 1.94 4.44 7.36 10.20 12.25 13.57 13.93 13.28 11.20 8.61 5.51 1.58 0.00 0.00 0.00 0.00
0.00 0.00 0.00 0.00 0.00 0.00 0.00 0.00 2.44 5.57 9.14 12.69 15.27 17.09 17.36 16.67 14.01 10.72 6.87 2.05 0.00 0.00 0.00 0.00
0.00 0.00 0.00 0.00 0.00 0.00 0.00 0.00 14.70 36.78 62.23 88.51 112.33 127.74 131.43 125.63 105.74 82.84 56.11 20.00 0.41 0.00 0.00 0.00
0.00 0.00 0.00 0.00 0.00 0.00 0.00 0.00 62.69 177.74 269.53 365.12 449.87 418.77 422.73 401.43 373.94 301.70 209.64 109.58 24.51 0.00 0.00 0.00
0.00 0.00 0.00 0.00 0.00 0.00 0.00 0.00 0.71 1.54 2.50 3.49 4.21 4.57 4.50 4.17 3.60 2.78 1.78 0.54 0.00 0.00 0.00 0.00
0.00 0.00 0.00 0.00 0.00 0.00 0.00 0.00 13.51 34.32 56.60 77.41 93.40 97.17 98.48 92.48 69.19 54.79 36.07 14.03 1.40 0.00 0.00 0.00
0.00 0.00 0.00 0.00 0.00 0.00 0.00 0.00 3.33 10.89 18.84 26.76 32.63 33.36 32.95 31.24 23.96 19.33 13.32 6.41 1.29 0.00 0.00 0.00
0.00 0.00 0.00 0.00 0.00 0.00 0.00 0.00 2.13 4.32 6.48 8.85 10.41 11.00 10.93 10.15 8.67 6.40 3.94 1.28 0.00 0.00 0.00 0.00
0.00 0.00 0.00 0.00 0.00 0.00 0.00 0.00 1.06 2.16 3.24 4.43 5.20 5.50 5.47 5.07 4.33 3.20 1.97 0.64 0.00 0.00 0.00 0.00
0.00 0.00 0.00 0.00 0.00 0.00 0.00 0.00 2.33 4.73 7.09 9.68 11.38 12.03 11.96 11.10 9.48 7.00 4.30 1.40 0.00 0.00 0.00 0.00
0.00 0.00 0.00 0.00 0.00 0.00 0.00 0.00 2.69 5.50 8.41 11.59 13.74 14.66 14.47 13.47 11.35 8.29 5.14 1.63 0.00 0.00 0.00 0.00
0.00 0.00 0.00 0.00 0.00 0.00 0.00 0.00 4.11 8.38 12.81 17.66 20.94 22.35 22.04 20.53 17.30 12.64 7.83 2.48 0.00 0.00 0.00 0.00
0.00 0.00 0.00 0.00 0.00 0.00 0.00 0.00 3.60 7.45 11.39 15.54 18.29 19.51 19.44 18.04 15.10 11.28 7.03 2.41 0.00 0.00 0.00 0.00
0.00 0.00 0.00 0.00 0.00 0.00 0.00 0.00 2.62 5.89 9.36 12.73 15.37 16.40 16.10 15.11 12.32 9.52 6.07 2.63 0.00 0.00 0.00 0.00
0.00 0.00 0.00 0.00 0.00 0.00 0.00 0.00 6.77 15.21 24.17 32.89 39.71 42.37 41.58 39.02 31.84 24.60 15.69 6.80 0.01 0.00 0.00 0.00
0.00 0.00 0.00 0.00 0.00 0.00 0.00 0.00 1.70 3.90 6.29 8.74 10.51 11.14 11.00 10.39 8.40 6.38 4.09 1.53 0.02 0.00 0.00 0.00
0.00 0.00 0.00 0.00 0.00 0.00 0.00 0.00 3.38 7.14 11.37 15.45 18.57 20.00 19.73 18.33 14.81 11.46 7.21 2.04 0.00 0.00 0.00 0.00
0.00 0.00 0.00 0.00 0.00 0.00 0.00 0.00 6.23 13.08 20.55 27.83 32.99 34.98 34.75 32.71 28.05 21.26 12.96 3.48 0.00 0.00 0.00 0.00
0.00 0.00 0.00 0.00 0.00 0.00 0.00 0.00 0.73 1.44 1.17 1.57 1.83 1.90 1.87 1.79 3.03 2.25 1.36 0.34 0.00 0.00 0.00 0.00
0.00 0.00 0.00 0.00 0.00 0.00 0.00 0.00 3.20 6.56 6.09 8.15 9.69 19.18 19.00 17.82 17.69 13.37 8.29 2.14 0.00 0.00 0.00 0.00
0.00 0.00 0.00 0.00 0.00 0.00 0.00 0.00 2.47 4.96 3.96 5.31 6.16 10.33 10.39 9.86 11.81 8.87 5.40 1.16 0.00 0.00 0.00 0.00
0.00 0.00 0.00 0.00 0.00 0.00 0.00 0.00 3.41 6.85 5.47 7.32 8.51 14.25 14.33 13.60 16.29 12.24 7.45 1.59 0.00 0.00 0.00 0.00
0.00 0.00 0.00 0.00 0.00 0.00 0.00 0.00 2.32 4.66 3.73 4.99 5.79 9.71 9.76 9.27 11.10 8.34 5.08 1.09 0.00 0.00 0.00 0.00
0.00 0.00 0.00 0.00 0.00 0.00 0.00 0.00 1.71 3.50 3.25 4.34 5.17 10.23 10.13 9.50 9.43 7.13 4.42 1.14 0.00 0.00 0.00 0.00
0.00 0.00 0.00 0.00 0.00 0.00 0.00 0.00 2.03 4.02 3.25 4.35 4.99 9.10 8.89 8.30 8.55 6.42 3.87 0.87 0.00 0.00 0.00 0.00
0.00 0.00 0.00 0.00 0.00 0.00 0.00 0.00 1.93 4.16 6.38 8.77 10.41 12.42 12.72 11.97 10.34 8.07 5.04 1.43 0.00 0.00 0.00 0.00
0.00 0.00 0.00 0.00 0.00 0.00 0.00 0.00 16.06 39.26 64.00 89.82 110.86 127.39 132.22 126.80 112.12 86.63 54.19 19.25 0.00 0.00 0.00 0.00
0.00 0.00 0.00 0.00 0.00 0.00 0.00 0.00 3.08 6.93 11.41 15.86 19.31 21.13 21.25 20.44 17.55 13.44 8.66 2.65 0.00 0.00 0.00 0.00
0.00 0.00 0.00 0.00 0.00 0.00 0.00 0.00 4.99 10.84 16.35 22.30 27.00 30.21 29.85 28.18 23.96 18.61 11.93 3.52 0.00 0.00 0.00 0.00
0.00 0.00 0.00 0.00 0.00 0.00 0.00 0.00 2.29 4.97 7.50 10.22 12.38 13.84 13.68 12.92 10.98 8.53 5.47 1.61 0.00 0.00 0.00 0.00
0.00 0.00 0.00 0.00 0.00 0.00 0.00 0.00 3.80 8.54 14.08 19.75 24.09 26.28 26.33 25.21 21.78 16.68 10.85 3.34 0.00 0.00 0.00 0.00
0.00 0.00 0.00 0.00 0.00 0.00 0.00 0.00 1.71 3.73 6.07 8.46 10.22 11.09 10.93 10.12 8.74 6.76 4.32 1.32 0.00 0.00 0.00 0.00
0.00 0.00 0.00 0.00 0.00 0.00 0.00 0.00 15.22 38.08 64.43 91.64 116.30 132.25 136.07 130.07 109.48 85.77 58.09 20.71 0.42 0.00 0.00 0.00
0.00 0.00 0.00 0.00 0.00 0.00 0.00 0.00 7.34 17.38 28.06 39.04 45.71 48.15 48.19 45.62 36.50 28.24 18.47 7.36 0.41 0.00 0.00 0.00
0.00 0.00 0.00 0.00 0.00 0.00 0.00 0.00 1.59 3.79 6.25 8.73 10.34 10.69 10.92 10.28 8.40 6.56 4.32 1.65 0.09 0.00 0.00 0.00
0.00 0.00 0.00 0.00 0.00 0.00 0.00 0.00 1.96 4.68 7.59 10.50 12.68 13.40 13.50 12.74 10.86 8.39 5.49 2.02 0.08 0.00 0.00 0.00
0.00 0.00 0.00 0.00 0.00 0.00 0.00 0.00 3.13 7.49 12.15 16.79 20.28 21.44 21.60 20.39 17.37 13.42 8.79 3.23 0.13 0.00 0.00 0.00
0.00 0.00 0.00 0.00 0.00 0.00 0.00 0.00 55.10 159.23 277.47 390.13 472.98 481.08 491.19 465.83 388.26 306.92 210.65 98.57 15.64 0.00 0.00 0.00
