0.00 0.00 0.00 0.00 0.00 0.00 0.00 0.00 0.04 0.96 2.04 2.92 3.63 3.99 4.05 3.82 3.13 2.18 1.18 0.00 0.00 0.00 0.00 0.00
0.00 0.00 0.00 0.00 0.00 0.00 0.00 0.00 7.21 24.87 43.90 60.62 70.18 75.21 73.05 65.85 51.56 34.33 16.61 0.00 0.00 0.00 0.00 0.00
0.00 0.00 0.00 0.00 0.00 0.00 0.00 0.00 1.01 22.04 46.57 66.78 82.89 91.15 92.58 87.30 71.68 49.91 27.05 0.06 0.00 0.00 0.00 0.00
0.00 0.00 0.00 0.00 0.00 0.00 0.00 0.00 3.59 78.34 165.50 237.32 294.60 323.94 329.03 310.27 254.76 177.37 96.13 0.21 0.00 0.00 0.00 0.00
0.00 0.00 0.00 0.00 0.00 0.00 0.00 0.00 1.71 4.84 7.92 10.46 11.78 12.65 12.06 10.49 8.14 5.22 2.19 0.00 0.00 0.00 0.00 0.00
0.00 0.00 0.00 0.00 0.00 0.00 0.00 0.00 0.77 168.15 362.80 521.38 651.10 743.99 768.75 731.35 601.23 421.59 236.15 7.35 0.00 0.00 0.00 0.00
0.00 0.00 0.00 0.00 0.00 0.00 0.00 0.00 0.58 2.26 4.16 5.78 6.84 7.46 7.45 6.76 5.37 3.43 1.53 0.00 0.00 0.00 0.00 0.00
0.00 0.00 0.00 0.00 0.00 0.00 0.00 0.00 0.42 1.48 2.61 3.57 4.02 4.36 4.24 3.86 3.16 2.11 1.01 0.00 0.00 0.00 0.00 0.00
0.00 0.00 0.00 0.00 0.00 0.00 0.00 0.00 0.67 2.37 4.18 5.71 6.43 6.97 6.79 6.18 5.05 3.37 1.62 0.00 0.00 0.00 0.00 0.00
0.00 0.00 0.00 0.00 0.00 0.00 0.00 0.00 0.67 2.37 4.18 5.71 6.43 6.97 6.79 6.18 5.05 3.37 1.62 0.00 0.00 0.00 0.00 0.00
0.00 0.00 0.00 0.00 0.00 0.00 0.00 0.00 1.12 4.72 8.71 12.43 14.63 16.37 16.05 14.93 12.40 8.35 4.12 0.00 0.00 0.00 0.00 0.00
0.00 0.00 0.00 0.00 0.00 0.00 0.00 0.00 0.55 2.29 4.20 6.01 6.99 7.76 7.63 7.15 5.89 3.95 1.95 0.00 0.00 0.00 0.00 0.00
0.00 0.00 0.00 0.00 0.00 0.00 0.00 0.00 0.71 2.95 5.41 7.72 8.98 9.98 9.80 9.19 7.58 5.08 2.50 0.00 0.00 0.00 0.00 0.00
0.00 0.00 0.00 0.00 0.00 0.00 0.00 0.00 0.47 1.96 3.60 5.15 5.99 6.65 6.54 6.13 5.05 3.39 1.67 0.00 0.00 0.00 0.00 0.00
0.00 0.00 0.00 0.00 0.00 0.00 0.00 0.00 0.47 1.96 3.60 5.15 5.99 6.65 6.54 6.13 5.05 3.39 1.67 0.00 0.00 0.00 0.00 0.00
0.00 0.00 0.00 0.00 0.00 0.00 0.00 0.00 6.21 26.67 49.55 71.11 83.81 88.66 88.20 81.30 59.50 40.33 21.07 0.00 0.00 0.00 0.00 0.00
0.00 0.00 0.00 0.00 0.00 0.00 0.00 0.00 3.59 14.65 26.95 38.08 44.31 48.69 48.27 44.34 36.76 24.80 12.05 0.00 0.00 0.00 0.00 0.00
0.00 0.00 0.00 0.00 0.00 0.00 0.00 0.00 2.57 11.45 21.31 29.99 36.08 40.50 40.28 37.46 30.74 20.75 10.16 0.00 0.00 0.00 0.00 0.00
0.00 0.00 0.00 0.00 0.00 0.00 0.00 0.00 0.23 49.60 107.01 153.79 192.05 219.45 226.75 215.72 177.34 124.35 69.66 2.17 0.00 0.00 0.00 0.00
0.00 0.00 0.00 0.00 0.00 0.00 0.00 0.00 0.22 47.18 101.79 146.29 182.68 208.75 215.69 205.20 168.69 118.29 66.26 2.06 0.00 0.00 0.00 0.00
0.00 0.00 0.00 0.00 0.00 0.00 0.00 0.00 0.41 90.73 195.75 281.32 351.31 401.44 414.79 394.61 324.40 227.48 127.42 3.97 0.00 0.00 0.00 0.00
0.00 0.00 0.00 0.00 0.00 0.00 0.00 0.00 0.41 89.22 192.49 276.63 345.46 394.74 407.88 388.04 319.00 223.68 125.30 3.90 0.00 0.00 0.00 0.00
0.00 0.00 0.00 0.00 0.00 0.00 0.00 0.00 1.48 98.55 212.25 301.89 381.02 424.40 434.57 406.23 334.48 232.31 126.09 0.31 0.00 0.00 0.00 0.00
0.00 0.00 0.00 0.00 0.00 0.00 0.00 0.00 0.42 1.48 2.61 3.57 4.02 4.36 4.24 3.86 3.16 2.11 1.01 0.00 0.00 0.00 0.00 0.00
0.00 0.00 0.00 0.00 0.00 0.00 0.00 0.00 2.13 7.50 13.25 18.08 20.35 22.09 21.50 19.58 16.01 10.67 5.12 0.00 0.00 0.00 0.00 0.00
0.00 0.00 0.00 0.00 0.00 0.00 0.00 0.00 10.89 38.30 67.63 92.28 103.89 112.76 109.75 99.95 81.71 54.48 26.12 0.00 0.00 0.00 0.00 0.00
0.00 0.00 0.00 0.00 0.00 0.00 0.00 0.00 0.02 3.39 7.31 10.50 13.12 14.99 15.49 14.73 12.11 8.49 4.76 0.15 0.00 0.00 0.00 0.00
0.00 0.00 0.00 0.00 0.00 0.00 0.00 0.00 3.53 77.12 162.92 233.62 290.01 318.89 323.91 305.44 250.79 174.60 94.63 0.20 0.00 0.00 0.00 0.00
0.00 0.00 0.00 0.00 0.00 0.00 0.00 0.00 0.93 5.99 11.67 17.31 21.97 24.07 25.31 24.35 19.36 13.72 7.25 0.00 0.00 0.00 0.00 0.00
0.00 0.00 0.00 0.00 0.00 0.00 0.00 0.00 4.81 42.28 85.49 120.92 144.16 159.58 164.26 150.78 122.57 81.54 41.35 0.00 0.00 0.00 0.00 0.00
0.00 0.00 0.00 0.00 0.00 0.00 0.00 0.00 0.06 1.29 2.72 3.89 4.83 5.31 5.40 5.09 4.18 2.91 1.58 0.00 0.00 0.00 0.00 0.00
0.00 0.00 0.00 0.00 0.00 0.00 0.00 0.00 2.65 57.84 122.19 175.22 217.51 239.17 242.93 229.08 188.09 130.95 70.97 0.15 0.00 0.00 0.00 0.00
0.00 0.00 0.00 0.00 0.00 0.00 0.00 0.00 3.40 74.22 156.81 224.86 279.13 306.93 311.76 293.98 241.39 168.06 91.08 0.20 0.00 0.00 0.00 0.00
0.00 0.00 0.00 0.00 0.00 0.00 0.00 0.00 1.95 129.97 279.90 398.12 502.47 559.68 573.09 535.71 441.10 306.36 166.28 0.41 0.00 0.00 0.00 0.00
0.00 0.00 0.00 0.00 0.00 0.00 0.00 0.00 0.82 3.54 6.54 9.32 10.98 12.45 12.18 11.08 9.33 6.38 3.20 0.00 0.00 0.00 0.00 0.00
0.00 0.00 0.00 0.00 0.00 0.00 0.00 0.00 1.04 4.49 8.25 11.70 13.90 15.45 15.06 14.03 11.64 7.95 3.98 0.00 0.00 0.00 0.00 0.00
0.00 0.00 0.00 0.00 0.00 0.00 0.00 0.00 3.82 24.70 48.12 71.40 90.61 99.29 104.41 100.44 79.87 56.59 29.92 0.00 0.00 0.00 0.00 0.00
0.00 0.00 0.00 0.00 0.00 0.00 0.00 0.00 0.00 87.43 204.43 298.48 375.89 422.56 435.23 404.76 330.45 232.50 128.39 1.80 0.00 0.00 0.00 0.00
0.00 0.00 0.00 0.00 0.00 0.00 0.00 0.00 0.31 1.21 2.20 3.00 3.51 3.85 3.78 3.44 2.83 1.89 0.90 0.00 0.00 0.00 0.00 0.00
0.00 0.00 0.00 0.00 0.00 0.00 0.00 0.00 1.44 19.85 41.48 59.25 72.79 80.75 82.66 76.37 61.89 42.56 22.49 0.00 0.00 0.00 0.00 0.00
0.00 0.00 0.00 0.00 0.00 0.00 0.00 0.00 0.00 6.25 13.84 20.43 25.16 28.50 29.43 27.67 22.57 16.01 9.30 0.54 0.00 0.00 0.00 0.00
0.00 0.00 0.00 0.00 0.00 0.00 0.00 0.00 0.72 2.68 4.89 6.82 8.16 8.77 8.51 7.76 6.05 3.87 1.68 0.00 0.00 0.00 0.00 0.00
0.00 0.00 0.00 0.00 0.00 0.00 0.00 0.00 0.36 1.34 2.45 3.41 4.08 4.38 4.26 3.88 3.02 1.94 0.84 0.00 0.00 0.00 0.00 0.00
0.00 0.00 0.00 0.00 0.00 0.00 0.00 0.00 0.79 2.93 5.35 7.46 8.93 9.59 9.31 8.49 6.61 4.23 1.84 0.00 0.00 0.00 0.00 0.00
0.00 0.00 0.00 0.00 0.00 0.00 0.00 0.00 0.96 3.56 6.47 8.88 10.56 11.41 11.23 10.24 8.00 5.10 2.24 0.00 0.00 0.00 0.00 0.00
0.00 0.00 0.00 0.00 0.00 0.00 0.00 0.00 1.46 5.43 9.86 13.54 16.10 17.38 17.12 15.61 12.19 7.77 3.41 0.00 0.00 0.00 0.00 0.00
0.00 0.00 0.00 0.00 0.00 0.00 0.00 0.00 1.16 4.59 8.49 11.63 13.89 15.21 15.23 13.84 10.80 7.01 3.14 0.00 0.00 0.00 0.00 0.00
0.00 0.00 0.00 0.00 0.00 0.00 0.00 0.00 0.55 3.58 7.04 9.77 11.56 12.46 12.59 11.55 9.25 6.14 2.99 0.00 0.00 0.00 0.00 0.00
0.00 0.00 0.00 0.00 0.00 0.00 0.00 0.00 1.42 9.26 18.18 25.23 29.87 32.18 32.53 29.85 23.88 15.87 7.72 0.00 0.00 0.00 0.00 0.00
0.00 0.00 0.00 0.00 0.00 0.00 0.00 0.00 0.35 2.36 4.68 6.46 7.77 8.53 8.69 7.87 6.40 4.20 2.09 0.00 0.00 0.00 0.00 0.00
0.00 0.00 0.00 0.00 0.00 0.00 0.00 0.00 1.55 5.58 9.96 13.63 15.59 16.95 16.82 15.18 12.17 7.99 3.71 0.00 0.00 0.00 0.00 0.00
0.00 0.00 0.00 0.00 0.00 0.00 0.00 0.00 2.30 8.69 15.74 21.55 25.40 28.50 29.00 26.41 20.98 13.50 6.18 0.00 0.00 0.00 0.00 0.00
0.00 0.00 0.00 0.00 0.00 0.00 0.00 0.00 0.51 1.46 2.41 3.21 3.55 3.76 3.65 3.23 2.60 1.69 0.71 0.00 0.00 0.00 0.00 0.00
0.00 0.00 0.00 0.00 0.00 0.00 0.00 0.00 2.67 8.31 14.08 18.86 21.25 23.12 22.11 19.72 15.50 10.23 4.58 0.00 0.00 0.00 0.00 0.00
0.00 0.00 0.00 0.00 0.00 0.00 0.00 0.00 1.86 5.54 9.34 12.40 13.72 15.05 14.63 12.94 10.18 6.52 2.84 0.00 0.00 0.00 0.00 0.00
0.00 0.00 0.00 0.00 0.00 0.00 0.00 0.00 2.57 7.65 12.89 17.12 18.93 20.77 20.19 17.86 14.04 8.99 3.92 0.00 0.00 0.00 0.00 0.00
0.00 0.00 0.00 0.00 0.00 0.00 0.00 0.00 1.75 5.21 8.78 11.66 12.89 14.15 13.75 12.16 9.56 6.13 2.67 0.00 0.00 0.00 0.00 0.00
0.00 0.00 0.00 0.00 0.00 0.00 0.00 0.00 1.42 4.43 7.51 10.06 11.33 12.33 11.79 10.52 8.27 5.45 2.44 0.00 0.00 0.00 0.00 0.00
0.00 0.00 0.00 0.00 0.00 0.00 0.00 0.00 1.45 4.16 6.91 9.24 10.41 11.23 10.89 9.61 7.44 4.72 2.01 0.00 0.00 0.00 0.00 0.00
0.00 0.00 0.00 0.00 0.00 0.00 0.00 0.00 1.21 4.24 7.49 10.23 11.51 12.50 12.16 11.08 9.06 6.04 2.89 0.00 0.00 0.00 0.00 0.00
0.00 0.00 0.00 0.00 0.00 0.00 0.00 0.00 8.09 34.72 64.49 92.55 109.09 115.40 114.79 105.81 77.44 52.49 27.42 0.00 0.00 0.00 0.00 0.00
0.00 0.00 0.00 0.00 0.00 0.00 0.00 0.00 1.27 5.35 9.87 14.08 16.58 18.56 18.19 16.92 14.05 9.46 4.67 0.00 0.00 0.00 0.00 0.00
0.00 0.00 0.00 0.00 0.00 0.00 0.00 0.00 2.31 8.74 15.70 21.45 24.88 27.09 26.90 24.79 20.20 13.63 6.53 0.00 0.00 0.00 0.00 0.00
0.00 0.00 0.00 0.00 0.00 0.00 0.00 0.00 1.06 4.01 7.20 9.83 11.40 12.41 12.33 11.36 9.26 6.25 2.99 0.00 0.00 0.00 0.00 0.00
0.00 0.00 0.00 0.00 0.00 0.00 0.00 0.00 1.55 6.54 12.09 17.20 20.27 22.76 22.35 20.70 17.16 11.66 5.74 0.00 0.00 0.00 0.00 0.00
0.00 0.00 0.00 0.00 0.00 0.00 0.00 0.00 0.75 2.94 5.35 7.28 8.52 9.36 9.19 8.36 6.87 4.58 2.19 0.00 0.00 0.00 0.00 0.00
0.00 0.00 0.00 0.00 0.00 0.00 0.00 0.00 3.96 25.57 49.82 73.93 93.81 102.80 108.10 103.99 82.69 58.59 30.98 0.00 0.00 0.00 0.00 0.00
0.00 0.00 0.00 0.00 0.00 0.00 0.00 0.00 1.15 10.11 20.44 28.92 34.47 38.16 39.28 36.06 29.31 19.50 9.89 0.00 0.00 0.00 0.00 0.00
0.00 0.00 0.00 0.00 0.00 0.00 0.00 0.00 0.26 2.27 4.56 6.48 7.77 8.63 8.75 8.00 6.45 4.39 2.24 0.00 0.00 0.00 0.00 0.00
0.00 0.00 0.00 0.00 0.00 0.00 0.00 0.00 0.37 2.78 5.53 7.76 9.42 10.57 10.64 9.74 8.00 5.49 2.81 0.00 0.00 0.00 0.00 0.00
0.00 0.00 0.00 0.00 0.00 0.00 0.00 0.00 0.59 4.45 8.84 12.42 15.08 16.91 17.02 15.59 12.80 8.79 4.50 0.00 0.00 0.00 0.00 0.00
0.00 0.00 0.00 0.00 0.00 0.00 0.00 0.00 0.42 92.24 199.02 286.01 357.17 408.13 421.71 401.19 329.81 231.27 129.54 4.03 0.00 0.00 0.00 0.00
