0.00 0.00 0.00 0.00 0.00 0.00 0.00 0.00 0.00 0.58 1.47 2.20 2.85 3.32 3.38 3.07 2.48 1.67 0.73 0.00 0.00 0.00 0.00 0.00
0.00 0.00 0.00 0.00 0.00 0.00 0.00 0.00 1.26 16.88 34.56 49.38 60.13 63.69 61.73 55.22 43.55 28.67 10.89 0.00 0.00 0.00 0.00 0.00
0.00 0.00 0.00 0.00 0.00 0.00 0.00 0.00 0.00 13.32 33.72 50.33 65.07 75.89 77.40 70.14 56.65 38.22 16.78 0.00 0.00 0.00 0.00 0.00
0.00 0.00 0.00 0.00 0.00 0.00 0.00 0.00 0.00 47.33 119.83 178.86 231.27 269.72 275.08 249.27 201.34 135.82 59.62 0.00 0.00 0.00 0.00 0.00
0.00 0.00 0.00 0.00 0.00 0.00 0.00 0.00 0.52 3.27 6.31 8.86 10.31 10.65 10.31 9.15 6.88 4.27 1.17 0.00 0.00 0.00 0.00 0.00
0.00 0.00 0.00 0.00 0.00 0.00 0.00 0.00 0.00 105.03 275.87 414.82 548.96 645.72 662.27 607.53 477.22 312.38 146.66 0.00 0.00 0.00 0.00 0.00
0.00 0.00 0.00 0.00 0.00 0.00 0.00 0.00 0.00 1.39 3.07 4.65 5.65 5.96 5.90 5.19 3.93 2.48 0.72 0.00 0.00 0.00 0.00 0.00
0.00 0.00 0.00 0.00 0.00 0.00 0.00 0.00 0.05 0.99 2.02 2.93 3.52 3.77 3.74 3.31 2.56 1.67 0.61 0.00 0.00 0.00 0.00 0.00
0.00 0.00 0.00 0.00 0.00 0.00 0.00 0.00 0.08 1.58 3.24 4.69 5.63 6.03 5.98 5.30 4.09 2.68 0.98 0.00 0.00 0.00 0.00 0.00
0.00 0.00 0.00 0.00 0.00 0.00 0.00 0.00 0.08 1.58 3.24 4.69 5.63 6.03 5.98 5.30 4.09 2.68 0.98 0.00 0.00 0.00 0.00 0.00
0.00 0.00 0.00 0.00 0.00 0.00 0.00 0.00 0.00 3.05 6.61 9.76 12.40 13.93 14.07 12.78 10.01 6.62 2.52 0.00 0.00 0.00 0.00 0.00
0.00 0.00 0.00 0.00 0.00 0.00 0.00 0.00 0.00 1.46 3.16 4.70 6.03 6.62 6.65 6.04 4.70 3.11 1.18 0.00 0.00 0.00 0.00 0.00
0.00 0.00 0.00 0.00 0.00 0.00 0.00 0.00 0.00 1.88 4.06 6.05 7.75 8.52 8.55 7.77 6.05 4.00 1.52 0.00 0.00 0.00 0.00 0.00
0.00 0.00 0.00 0.00 0.00 0.00 0.00 0.00 0.00 1.26 2.71 4.03 5.17 5.68 5.70 5.18 4.03 2.66 1.01 0.00 0.00 0.00 0.00 0.00
0.00 0.00 0.00 0.00 0.00 0.00 0.00 0.00 0.00 1.26 2.71 4.03 5.17 5.68 5.70 5.18 4.03 2.66 1.01 0.00 0.00 0.00 0.00 0.00
0.00 0.00 0.00 0.00 0.00 0.00 0.00 0.00 0.00 16.70 36.06 55.19 70.15 78.78 81.49 73.99 58.58 37.52 16.51 0.00 0.00 0.00 0.00 0.00
0.00 0.00 0.00 0.00 0.00 0.00 0.00 0.00 0.00 9.46 20.36 29.46 37.89 42.31 43.32 39.10 29.84 19.64 7.23 0.00 0.00 0.00 0.00 0.00
0.00 0.00 0.00 0.00 0.00 0.00 0.00 0.00 0.00 7.80 17.10 24.79 31.99 34.88 34.30 30.90 24.14 15.96 5.91 0.00 0.00 0.00 0.00 0.00
0.00 0.00 0.00 0.00 0.00 0.00 0.00 0.00 0.00 30.98 81.37 122.36 161.92 190.46 195.35 179.20 140.76 92.14 43.26 0.00 0.00 0.00 0.00 0.00
0.00 0.00 0.00 0.00 0.00 0.00 0.00 0.00 0.00 29.47 77.40 116.39 154.02 181.17 185.82 170.46 133.90 87.65 41.15 0.00 0.00 0.00 0.00 0.00
0.00 0.00 0.00 0.00 0.00 0.00 0.00 0.00 0.00 56.67 148.85 223.82 296.20 348.41 357.34 327.80 257.49 168.55 79.13 0.00 0.00 0.00 0.00 0.00
0.00 0.00 0.00 0.00 0.00 0.00 0.00 0.00 0.00 55.73 146.37 220.09 291.26 342.60 351.38 322.34 253.20 165.74 77.82 0.00 0.00 0.00 0.00 0.00
0.00 0.00 0.00 0.00 0.00 0.00 0.00 0.00 0.00 58.22 154.81 229.39 302.12 346.34 351.74 318.74 261.98 176.57 76.89 0.00 0.00 0.00 0.00 0.00
0.00 0.00 0.00 0.00 0.00 0.00 0.00 0.00 0.05 0.99 2.02 2.93 3.52 3.77 3.74 3.31 2.56 1.67 0.61 0.00 0.00 0.00 0.00 0.00
0.00 0.00 0.00 0.00 0.00 0.00 0.00 0.00 0.25 5.00 10.26 14.86 17.82 19.09 18.94 16.79 12.95 8.48 3.10 0.00 0.00 0.00 0.00 0.00
0.00 0.00 0.00 0.00 0.00 0.00 0.00 0.00 1.28 25.51 52.37 75.88 90.95 97.46 96.71 85.70 66.11 43.32 15.82 0.00 0.00 0.00 0.00 0.00
0.00 0.00 0.00 0.00 0.00 0.00 0.00 0.00 0.00 2.12 5.56 8.36 11.06 13.01 13.34 12.24 9.61 6.29 2.95 0.00 0.00 0.00 0.00 0.00
0.00 0.00 0.00 0.00 0.00 0.00 0.00 0.00 0.00 46.59 117.96 176.07 227.67 265.51 270.79 245.38 198.20 133.70 58.69 0.00 0.00 0.00 0.00 0.00
0.00 0.00 0.00 0.00 0.00 0.00 0.00 0.00 0.00 4.06 9.56 14.18 18.44 21.22 21.51 20.03 16.23 11.17 4.84 0.00 0.00 0.00 0.00 0.00
0.00 0.00 0.00 0.00 0.00 0.00 0.00 0.00 0.00 24.72 61.83 91.06 115.55 128.96 127.71 112.95 88.34 58.88 22.38 0.00 0.00 0.00 0.00 0.00
0.00 0.00 0.00 0.00 0.00 0.00 0.00 0.00 0.00 0.78 1.97 2.93 3.79 4.43 4.51 4.09 3.30 2.23 0.98 0.00 0.00 0.00 0.00 0.00
0.00 0.00 0.00 0.00 0.00 0.00 0.00 0.00 0.00 34.95 88.47 132.05 170.75 199.14 203.09 184.04 148.65 100.28 44.02 0.00 0.00 0.00 0.00 0.00
0.00 0.00 0.00 0.00 0.00 0.00 0.00 0.00 0.00 44.85 113.54 169.47 219.13 255.56 260.64 236.18 190.77 128.69 56.49 0.00 0.00 0.00 0.00 0.00
0.00 0.00 0.00 0.00 0.00 0.00 0.00 0.00 0.00 76.78 204.15 302.51 398.41 456.73 463.85 420.34 345.49 232.85 101.40 0.00 0.00 0.00 0.00 0.00
0.00 0.00 0.00 0.00 0.00 0.00 0.00 0.00 0.00 2.30 5.00 7.57 9.64 10.53 10.67 9.63 7.56 5.00 1.98 0.00 0.00 0.00 0.00 0.00
0.00 0.00 0.00 0.00 0.00 0.00 0.00 0.00 0.00 2.85 6.18 9.37 12.03 13.13 13.26 12.02 9.42 6.23 2.45 0.00 0.00 0.00 0.00 0.00
0.00 0.00 0.00 0.00 0.00 0.00 0.00 0.00 0.00 16.75 39.43 58.49 76.07 87.51 88.73 82.63 66.94 46.07 19.97 0.00 0.00 0.00 0.00 0.00
0.00 0.00 0.00 0.00 0.00 0.00 0.00 0.00 0.00 42.51 134.76 205.40 275.93 317.98 328.95 297.70 239.95 164.55 71.64 0.00 0.00 0.00 0.00 0.00
0.00 0.00 0.00 0.00 0.00 0.00 0.00 0.00 0.00 0.76 1.63 2.36 2.95 3.26 3.32 2.99 2.33 1.52 0.54 0.00 0.00 0.00 0.00 0.00
0.00 0.00 0.00 0.00 0.00 0.00 0.00 0.00 0.00 11.50 29.31 43.53 56.35 64.60 65.76 58.69 47.03 31.59 13.16 0.00 0.00 0.00 0.00 0.00
0.00 0.00 0.00 0.00 0.00 0.00 0.00 0.00 0.00 3.86 10.51 15.89 20.62 23.46 24.38 22.24 17.89 11.80 5.91 0.00 0.00 0.00 0.00 0.00
0.00 0.00 0.00 0.00 0.00 0.00 0.00 0.00 0.00 1.69 3.69 5.35 6.53 6.97 6.83 6.11 4.58 2.86 0.78 0.00 0.00 0.00 0.00 0.00
0.00 0.00 0.00 0.00 0.00 0.00 0.00 0.00 0.00 0.85 1.85 2.67 3.27 3.49 3.42 3.06 2.29 1.43 0.39 0.00 0.00 0.00 0.00 0.00
0.00 0.00 0.00 0.00 0.00 0.00 0.00 0.00 0.00 1.85 4.04 5.85 7.14 7.63 7.47 6.68 5.01 3.13 0.86 0.00 0.00 0.00 0.00 0.00
0.00 0.00 0.00 0.00 0.00 0.00 0.00 0.00 0.00 2.23 4.80 6.94 8.53 8.98 8.95 8.00 6.01 3.78 1.07 0.00 0.00 0.00 0.00 0.00
0.00 0.00 0.00 0.00 0.00 0.00 0.00 0.00 0.00 3.40 7.32 10.57 13.00 13.69 13.63 12.19 9.16 5.76 1.64 0.00 0.00 0.00 0.00 0.00
0.00 0.00 0.00 0.00 0.00 0.00 0.00 0.00 0.00 2.83 6.25 9.30 11.47 12.15 12.02 10.48 7.92 5.02 1.49 0.00 0.00 0.00 0.00 0.00
0.00 0.00 0.00 0.00 0.00 0.00 0.00 0.00 0.00 2.08 5.13 7.49 9.42 10.24 10.16 8.91 6.77 4.42 1.52 0.00 0.00 0.00 0.00 0.00
0.00 0.00 0.00 0.00 0.00 0.00 0.00 0.00 0.00 5.38 13.26 19.36 24.34 26.44 26.26 23.01 17.50 11.41 3.93 0.00 0.00 0.00 0.00 0.00
0.00 0.00 0.00 0.00 0.00 0.00 0.00 0.00 0.00 1.40 3.41 4.98 6.28 6.92 6.90 6.06 4.73 3.12 1.14 0.00 0.00 0.00 0.00 0.00
0.00 0.00 0.00 0.00 0.00 0.00 0.00 0.00 0.06 3.47 7.24 10.54 13.34 14.15 14.19 12.70 9.90 6.40 2.13 0.00 0.00 0.00 0.00 0.00
0.00 0.00 0.00 0.00 0.00 0.00 0.00 0.00 0.00 5.56 11.79 17.11 20.94 22.40 22.88 20.97 15.91 10.20 3.25 0.00 0.00 0.00 0.00 0.00
0.00 0.00 0.00 0.00 0.00 0.00 0.00 0.00 0.13 0.93 1.81 2.51 2.99 3.18 3.15 2.76 2.13 1.32 0.36 0.00 0.00 0.00 0.00 0.00
0.00 0.00 0.00 0.00 0.00 0.00 0.00 0.00 0.57 5.43 10.79 15.32 17.97 18.59 18.22 15.98 12.16 7.74 2.45 0.00 0.00 0.00 0.00 0.00
0.00 0.00 0.00 0.00 0.00 0.00 0.00 0.00 0.46 3.64 7.16 10.25 11.91 12.74 12.26 10.74 8.07 5.07 1.50 0.00 0.00 0.00 0.00 0.00
0.00 0.00 0.00 0.00 0.00 0.00 0.00 0.00 0.64 5.03 9.88 14.15 16.44 17.58 16.92 14.83 11.13 7.00 2.07 0.00 0.00 0.00 0.00 0.00
0.00 0.00 0.00 0.00 0.00 0.00 0.00 0.00 0.43 3.43 6.73 9.64 11.20 11.97 11.53 10.10 7.58 4.77 1.41 0.00 0.00 0.00 0.00 0.00
0.00 0.00 0.00 0.00 0.00 0.00 0.00 0.00 0.30 2.90 5.76 8.17 9.58 9.92 9.71 8.52 6.49 4.13 1.31 0.00 0.00 0.00 0.00 0.00
0.00 0.00 0.00 0.00 0.00 0.00 0.00 0.00 0.44 2.90 5.61 7.77 9.15 9.48 9.31 8.29 6.15 3.83 1.08 0.00 0.00 0.00 0.00 0.00
0.00 0.00 0.00 0.00 0.00 0.00 0.00 0.00 0.14 2.83 5.80 8.41 10.08 10.80 10.72 9.50 7.33 4.80 1.75 0.00 0.00 0.00 0.00 0.00
0.00 0.00 0.00 0.00 0.00 0.00 0.00 0.00 0.00 21.73 46.94 71.83 91.31 102.54 106.07 96.31 76.25 48.84 21.49 0.00 0.00 0.00 0.00 0.00
0.00 0.00 0.00 0.00 0.00 0.00 0.00 0.00 0.00 3.45 7.49 11.06 14.06 15.79 15.94 14.48 11.34 7.51 2.86 0.00 0.00 0.00 0.00 0.00
0.00 0.00 0.00 0.00 0.00 0.00 0.00 0.00 0.01 5.78 12.11 17.55 21.81 23.30 23.23 21.36 16.86 11.04 3.96 0.00 0.00 0.00 0.00 0.00
0.00 0.00 0.00 0.00 0.00 0.00 0.00 0.00 0.01 2.65 5.55 8.05 10.00 10.68 10.65 9.79 7.73 5.06 1.81 0.00 0.00 0.00 0.00 0.00
0.00 0.00 0.00 0.00 0.00 0.00 0.00 0.00 0.00 4.28 9.27 13.58 17.22 19.49 19.77 17.89 14.00 9.27 3.51 0.00 0.00 0.00 0.00 0.00
0.00 0.00 0.00 0.00 0.00 0.00 0.00 0.00 0.00 1.86 3.95 5.74 7.17 7.91 8.05 7.26 5.65 3.70 1.32 0.00 0.00 0.00 0.00 0.00
0.00 0.00 0.00 0.00 0.00 0.00 0.00 0.00 0.00 17.34 40.82 60.55 78.75 90.61 91.87 85.55 69.31 47.70 20.68 0.00 0.00 0.00 0.00 0.00
0.00 0.00 0.00 0.00 0.00 0.00 0.00 0.00 0.00 5.91 14.78 21.78 27.63 30.84 30.54 27.01 21.13 14.08 5.35 0.00 0.00 0.00 0.00 0.00
0.00 0.00 0.00 0.00 0.00 0.00 0.00 0.00 0.00 1.33 3.29 4.83 6.21 6.90 6.95 6.13 4.78 3.20 1.24 0.00 0.00 0.00 0.00 0.00
0.00 0.00 0.00 0.00 0.00 0.00 0.00 0.00 0.00 1.70 4.08 6.05 7.68 8.57 8.59 7.74 6.10 4.09 1.61 0.00 0.00 0.00 0.00 0.00
0.00 0.00 0.00 0.00 0.00 0.00 0.00 0.00 0.00 2.72 6.52 9.68 12.28 13.71 13.74 12.38 9.76 6.55 2.58 0.00 0.00 0.00 0.00 0.00
0.00 0.00 0.00 0.00 0.00 0.00 0.00 0.00 0.00 57.61 151.33 227.55 301.14 354.22 363.30 333.26 261.78 171.36 80.45 0.00 0.00 0.00 0.00 0.00
