0.00 0.00 0.00 0.00 0.00 0.00 0.00 0.01 0.95 1.85 2.94 3.92 4.72 5.27 5.38 5.08 4.44 3.54 2.38 1.19 0.35 0.00 0.00 0.00
0.00 0.00 0.00 0.00 0.00 0.00 0.00 2.38 17.16 31.07 38.84 51.89 62.03 34.19 34.41 32.23 55.24 42.40 27.29 11.33 0.38 0.00 0.00 0.00
0.00 0.00 0.00 0.00 0.00 0.00 0.00 0.15 21.62 42.32 67.13 89.67 107.99 120.54 122.98 116.07 101.54 80.92 54.36 27.23 8.00 0.00 0.00 0.00
0.00 0.00 0.00 0.00 0.00 0.00 0.00 0.52 76.83 150.39 238.58 318.70 383.80 428.38 437.07 412.52 360.87 287.59 193.21 96.79 28.42 0.00 0.00 0.00
0.00 0.00 0.00 0.00 0.00 0.00 0.00 0.99 3.65 6.19 9.32 11.93 13.57 14.42 14.38 13.07 9.93 7.45 4.63 1.49 0.00 0.00 0.00 0.00
0.00 0.00 0.00 0.00 0.00 0.00 0.00 0.00 166.77 340.88 551.50 739.35 888.59 994.59 1005.44 943.67 790.34 615.83 424.59 221.90 68.85 0.00 0.00 0.00
0.00 0.00 0.00 0.00 0.00 0.00 0.00 0.50 2.05 3.50 5.66 7.21 8.40 9.03 9.29 8.73 7.65 5.89 3.78 1.56 0.20 0.00 0.00 0.00
0.00 0.00 0.00 0.00 0.00 0.00 0.00 0.16 1.00 1.79 2.54 3.38 3.99 3.73 3.75 3.59 2.71 2.11 1.36 0.65 0.03 0.00 0.00 0.00
0.00 0.00 0.00 0.00 0.00 0.00 0.00 0.26 1.61 2.86 4.06 5.40 6.39 5.96 6.01 5.74 4.34 3.37 2.18 1.03 0.06 0.00 0.00 0.00
0.00 0.00 0.00 0.00 0.00 0.00 0.00 0.26 1.61 2.86 4.06 5.40 6.39 5.96 6.01 5.74 4.34 3.37 2.18 1.03 0.06 0.00 0.00 0.00
0.00 0.00 0.00 0.00 0.00 0.00 0.00 0.39 2.91 5.29 8.07 11.09 13.61 15.73 16.42 15.70 15.65 12.19 7.92 3.28 0.42 0.00 0.00 0.00
0.00 0.00 0.00 0.00 0.00 0.00 0.00 0.18 1.31 2.38 3.33 4.58 5.59 6.46 6.70 6.37 6.78 5.26 3.39 1.46 0.18 0.00 0.00 0.00
0.00 0.00 0.00 0.00 0.00 0.00 0.00 0.23 1.68 3.05 4.28 5.89 7.19 8.31 8.62 8.19 8.72 6.76 4.36 1.87 0.23 0.00 0.00 0.00
0.00 0.00 0.00 0.00 0.00 0.00 0.00 0.15 1.12 2.04 2.86 3.93 4.79 5.54 5.74 5.46 5.81 4.51 2.91 1.25 0.15 0.00 0.00 0.00
0.00 0.00 0.00 0.00 0.00 0.00 0.00 0.15 1.12 2.04 2.86 3.93 4.79 5.54 5.74 5.46 5.81 4.51 2.91 1.25 0.15 0.00 0.00 0.00
0.00 0.00 0.00 0.00 0.00 0.00 0.00 0.20 12.45 24.19 29.35 38.86 46.06 103.76 105.48 101.17 73.35 56.32 35.61 15.44 1.66 0.00 0.00 0.00
0.00 0.00 0.00 0.00 0.00 0.00 0.00 1.59 10.25 18.37 28.44 38.12 46.54 52.01 53.25 51.69 48.04 37.32 24.34 10.44 1.24 0.00 0.00 0.00
0.00 0.00 0.00 0.00 0.00 0.00 0.00 1.51 10.00 17.96 26.87 35.52 43.17 45.85 47.14 45.44 41.17 32.20 20.93 8.86 1.31 0.00 0.00 0.00
0.00 0.00 0.00 0.00 0.00 0.00 0.00 0.00 49.19 100.55 162.67 218.08 262.10 293.37 296.57 278.35 233.12 181.65 125.24 65.45 20.31 0.00 0.00 0.00
0.00 0.00 0.00 0.00 0.00 0.00 0.00 0.00 46.79 95.64 154.74 207.44 249.32 279.06 282.10 264.77 221.75 172.79 119.13 62.26 19.32 0.00 0.00 0.00
0.00 0.00 0.00 0.00 0.00 0.00 0.00 0.00 89.98 183.93 297.57 398.93 479.45 536.65 542.50 509.17 426.44 332.28 229.09 119.73 37.15 0.00 0.00 0.00
0.00 0.00 0.00 0.00 0.00 0.00 0.00 0.00 88.49 180.86 292.61 392.28 471.46 527.71 533.46 500.69 419.34 326.74 225.28 117.74 36.53 0.00 0.00 0.00
0.00 0.00 0.00 0.00 0.00 0.00 0.00 1.34 103.81 202.70 314.60 421.33 504.47 562.22 573.66 541.98 473.38 376.80 254.60 132.47 41.49 0.00 0.00 0.00
0.00 0.00 0.00 0.00 0.00 0.00 0.00 0.16 1.00 1.79 2.54 3.38 3.99 3.73 3.75 3.59 2.71 2.11 1.36 0.65 0.03 0.00 0.00 0.00
0.00 0.00 0.00 0.00 0.00 0.00 0.00 0.82 5.09 9.07 12.85 17.11 20.24 18.88 19.02 18.17 13.74 10.67 6.90 3.27 0.18 0.00 0.00 0.00
0.00 0.00 0.00 0.00 0.00 0.00 0.00 4.21 25.97 46.29 65.62 87.35 103.33 96.41 97.10 92.79 70.15 54.49 35.23 16.72 0.91 0.00 0.00 0.00
0.00 0.00 0.00 0.00 0.00 0.00 0.00 0.00 3.36 6.87 11.11 14.89 17.90 20.03 20.25 19.01 15.92 12.41 8.55 4.47 1.39 0.00 0.00 0.00
0.00 0.00 0.00 0.00 0.00 0.00 0.00 0.51 75.63 148.04 234.86 313.73 377.82 421.70 430.26 406.09 355.24 283.10 190.20 95.28 27.98 0.00 0.00 0.00
0.00 0.00 0.00 0.00 0.00 0.00 0.00 0.11 4.04 7.81 12.75 18.61 23.88 28.66 30.34 29.19 26.29 20.77 14.06 6.22 1.30 0.00 0.00 0.00
0.00 0.00 0.00 0.00 0.00 0.00 0.00 5.53 43.71 80.05 120.00 157.28 184.75 202.65 205.28 194.34 170.06 135.78 92.20 41.98 10.98 0.00 0.00 0.00
0.00 0.00 0.00 0.00 0.00 0.00 0.00 0.01 1.26 2.47 3.91 5.23 6.30 7.03 7.17 6.77 5.92 4.72 3.17 1.59 0.47 0.00 0.00 0.00
0.00 0.00 0.00 0.00 0.00 0.00 0.00 0.38 56.73 111.03 176.15 235.30 283.36 316.28 322.69 304.57 266.43 212.33 142.65 71.46 20.98 0.00 0.00 0.00
0.00 0.00 0.00 0.00 0.00 0.00 0.00 0.49 72.80 142.49 226.06 301.96 363.65 405.89 414.12 390.86 341.92 272.49 183.06 91.71 26.93 0.00 0.00 0.00
0.00 0.00 0.00 0.00 0.00 0.00 0.00 1.76 136.90 267.31 414.88 555.63 665.27 741.43 756.52 714.73 624.27 496.91 335.76 174.69 54.71 0.00 0.00 0.00
0.00 0.00 0.00 0.00 0.00 0.00 0.00 0.17 1.56 2.87 4.35 6.05 7.50 10.52 10.67 10.25 12.10 9.39 6.20 2.66 0.35 0.00 0.00 0.00
0.00 0.00 0.00 0.00 0.00 0.00 0.00 0.24 2.15 3.95 5.84 8.08 10.15 12.43 12.77 12.23 14.55 11.19 7.30 3.29 0.43 0.00 0.00 0.00
0.00 0.00 0.00 0.00 0.00 0.00 0.00 0.44 16.66 32.23 52.58 76.77 98.52 118.21 125.17 120.39 108.46 85.67 57.99 25.67 5.36 0.00 0.00 0.00
0.00 0.00 0.00 0.00 0.00 0.00 0.00 0.47 103.22 202.38 310.43 414.71 494.01 545.54 557.19 537.39 488.28 390.77 276.77 163.97 61.92 0.00 0.00 0.00
0.00 0.00 0.00 0.00 0.00 0.00 0.00 0.16 0.90 1.60 2.40 3.30 3.99 4.26 4.38 4.17 3.51 2.72 1.78 0.77 0.08 0.00 0.00 0.00
0.00 0.00 0.00 0.00 0.00 0.00 0.00 1.16 20.18 38.46 59.29 78.85 93.99 104.43 105.89 99.48 86.71 69.38 48.16 23.50 6.62 0.00 0.00 0.00
0.00 0.00 0.00 0.00 0.00 0.00 0.00 0.00 5.69 12.28 19.88 27.19 32.46 36.58 36.62 33.79 28.27 22.36 15.72 7.12 2.38 0.00 0.00 0.00
0.00 0.00 0.00 0.00 0.00 0.00 0.00 0.56 2.15 3.65 6.16 8.05 9.30 10.28 10.43 9.94 8.75 6.75 4.37 1.78 0.20 0.00 0.00 0.00
0.00 0.00 0.00 0.00 0.00 0.00 0.00 0.28 1.08 1.83 3.08 4.02 4.65 5.14 5.21 4.97 4.38 3.37 2.19 0.89 0.10 0.00 0.00 0.00
0.00 0.00 0.00 0.00 0.00 0.00 0.00 0.62 2.35 4.00 6.74 8.80 10.17 11.24 11.40 10.87 9.57 7.38 4.78 1.94 0.22 0.00 0.00 0.00
0.00 0.00 0.00 0.00 0.00 0.00 0.00 0.82 3.23 5.48 8.39 10.99 12.69 13.38 13.66 13.21 11.54 8.80 5.79 2.34 0.25 0.00 0.00 0.00
0.00 0.00 0.00 0.00 0.00 0.00 0.00 1.25 4.93 8.36 12.79 16.75 19.34 20.39 20.82 20.12 17.59 13.41 8.82 3.56 0.38 0.00 0.00 0.00
0.00 0.00 0.00 0.00 0.00 0.00 0.00 1.04 4.31 7.36 11.62 14.84 17.27 18.47 18.71 17.70 15.39 11.89 7.78 3.24 0.42 0.00 0.00 0.00
0.00 0.00 0.00 0.00 0.00 0.00 0.00 0.68 3.76 6.69 9.73 12.66 14.81 16.02 15.93 14.88 13.23 10.36 7.01 3.09 0.73 0.00 0.00 0.00
0.00 0.00 0.00 0.00 0.00 0.00 0.00 1.75 9.72 17.27 25.13 32.70 38.26 41.39 41.16 38.44 34.18 26.75 18.10 7.99 1.89 0.00 0.00 0.00
0.00 0.00 0.00 0.00 0.00 0.00 0.00 0.31 2.09 3.78 6.02 7.89 9.23 10.89 11.03 10.27 8.88 6.97 4.72 2.12 0.50 0.00 0.00 0.00
0.00 0.00 0.00 0.00 0.00 0.00 0.00 0.88 4.34 7.55 11.39 15.07 17.85 19.14 19.72 18.66 14.37 11.03 7.20 2.77 0.22 0.00 0.00 0.00
0.00 0.00 0.00 0.00 0.00 0.00 0.00 1.66 7.59 13.12 19.39 25.83 31.42 33.77 34.13 32.42 28.95 22.15 14.19 5.71 0.60 0.00 0.00 0.00
0.00 0.00 0.00 0.00 0.00 0.00 0.00 0.32 1.17 1.96 2.86 3.64 4.14 4.41 4.39 4.14 3.39 2.56 1.64 0.56 0.00 0.00 0.00 0.00
0.00 0.00 0.00 0.00 0.00 0.00 0.00 1.43 6.31 10.81 16.03 20.76 23.93 24.01 24.03 22.70 17.49 13.41 8.61 3.00 0.00 0.00 0.00 0.00
0.00 0.00 0.00 0.00 0.00 0.00 0.00 1.07 4.31 7.33 10.92 14.10 16.08 17.05 17.05 15.95 12.46 9.56 6.07 1.88 0.00 0.00 0.00 0.00
0.00 0.00 0.00 0.00 0.00 0.00 0.00 1.47 5.94 10.11 15.07 19.45 22.19 23.53 23.53 22.01 17.19 13.19 8.38 2.59 0.00 0.00 0.00 0.00
0.00 0.00 0.00 0.00 0.00 0.00 0.00 1.00 4.05 6.89 10.26 13.25 15.11 16.03 16.03 14.99 11.71 8.98 5.71 1.76 0.00 0.00 0.00 0.00
0.00 0.00 0.00 0.00 0.00 0.00 0.00 0.76 3.37 5.77 8.55 11.07 12.76 12.81 12.82 12.11 9.33 7.15 4.59 1.60 0.00 0.00 0.00 0.00
0.00 0.00 0.00 0.00 0.00 0.00 0.00 0.85 3.25 5.52 8.32 10.61 12.19 12.98 12.96 11.87 9.08 6.79 4.22 1.36 0.00 0.00 0.00 0.00
0.00 0.00 0.00 0.00 0.00 0.00 0.00 0.47 2.88 5.13 7.27 9.68 11.45 10.68 10.76 10.28 7.77 6.04 3.90 1.85 0.10 0.00 0.00 0.00
0.00 0.00 0.00 0.00 0.00 0.00 0.00 0.26 16.21 31.48 38.20 50.58 59.95 135.05 137.30 131.68 95.47 73.30 46.36 20.09 2.16 0.00 0.00 0.00
0.00 0.00 0.00 0.00 0.00 0.00 0.00 0.45 3.30 5.99 9.14 12.57 15.42 17.83 18.61 17.79 17.74 13.81 8.97 3.72 0.47 0.00 0.00 0.00
0.00 0.00 0.00 0.00 0.00 0.00 0.00 0.96 5.68 10.08 14.95 20.63 24.56 25.36 25.52 24.28 16.19 12.45 8.07 4.24 0.39 0.00 0.00 0.00
0.00 0.00 0.00 0.00 0.00 0.00 0.00 0.44 2.61 4.62 6.85 9.45 11.26 11.62 11.69 11.13 7.42 5.71 3.70 1.94 0.18 0.00 0.00 0.00
0.00 0.00 0.00 0.00 0.00 0.00 0.00 0.59 4.27 7.74 12.09 16.54 20.34 23.61 24.63 23.60 22.42 17.47 11.39 4.75 0.61 0.00 0.00 0.00
0.00 0.00 0.00 0.00 0.00 0.00 0.00 0.38 2.18 3.87 5.83 8.02 9.68 10.35 10.64 10.13 8.52 6.61 4.32 1.86 0.20 0.00 0.00 0.00
0.00 0.00 0.00 0.00 0.00 0.00 0.00 0.46 17.24 33.37 54.44 79.49 102.00 122.39 129.60 124.65 112.30 88.70 60.04 26.58 5.55 0.00 0.00 0.00
0.00 0.00 0.00 0.00 0.00 0.00 0.00 1.32 10.45 19.14 28.70 37.61 44.18 48.46 49.09 46.47 40.67 32.47 22.05 10.04 2.63 0.00 0.00 0.00
0.00 0.00 0.00 0.00 0.00 0.00 0.00 0.26 2.23 4.12 6.35 8.34 9.80 10.95 11.19 10.48 9.18 7.25 4.92 2.23 0.57 0.00 0.00 0.00
0.00 0.00 0.00 0.00 0.00 0.00 0.00 0.28 2.65 4.90 7.61 10.13 12.16 13.51 13.54 12.68 11.10 8.68 5.87 2.63 0.64 0.00 0.00 0.00
0.00 0.00 0.00 0.00 0.00 0.00 0.00 0.44 4.23 7.85 12.17 16.20 19.45 21.61 21.66 20.29 17.77 13.88 9.39 4.20 1.02 0.00 0.00 0.00
0.00 0.00 0.00 0.00 0.00 0.00 0.00 0.00 91.48 187.00 302.53 405.58 487.45 545.59 551.54 517.66 433.55 337.82 232.91 121.73 37.77 0.00 0.00 0.00
