0.00 0.00 0.00 0.00 0.00 0.00 0.00 0.00 0.25 1.07 2.05 2.87 3.54 3.92 4.01 3.84 3.33 2.44 1.53 0.22 0.00 0.00 0.00 0.00
0.00 0.00 0.00 0.00 0.00 0.00 0.00 0.00 5.97 15.66 33.81 46.11 53.36 71.19 69.75 63.89 51.37 36.14 20.83 2.10 0.00 0.00 0.00 0.00
0.00 0.00 0.00 0.00 0.00 0.00 0.00 0.00 5.76 24.45 46.84 65.53 80.89 89.68 91.76 87.87 76.16 55.75 34.95 5.10 0.00 0.00 0.00 0.00
0.00 0.00 0.00 0.00 0.00 0.00 0.00 0.00 20.48 86.90 166.46 232.90 287.48 318.73 326.10 312.27 270.66 198.15 124.22 18.12 0.00 0.00 0.00 0.00
0.00 0.00 0.00 0.00 0.00 0.00 0.00 0.00 2.17 4.94 7.77 10.18 11.50 11.44 11.04 9.81 8.44 5.78 3.11 0.00 0.00 0.00 0.00 0.00
0.00 0.00 0.00 0.00 0.00 0.00 0.00 0.00 37.35 185.85 361.24 507.07 630.36 732.99 762.51 735.93 636.64 467.98 298.69 47.90 0.00 0.00 0.00 0.00
0.00 0.00 0.00 0.00 0.00 0.00 0.00 0.00 0.93 2.42 4.14 5.63 6.63 7.25 7.30 6.74 5.57 3.83 2.17 0.08 0.00 0.00 0.00 0.00
0.00 0.00 0.00 0.00 0.00 0.00 0.00 0.00 0.46 1.19 2.19 2.95 3.33 3.44 3.38 3.14 2.74 1.93 1.11 0.10 0.00 0.00 0.00 0.00
0.00 0.00 0.00 0.00 0.00 0.00 0.00 0.00 0.73 1.91 3.50 4.72 5.32 5.50 5.41 5.02 4.38 3.08 1.77 0.17 0.00 0.00 0.00 0.00
0.00 0.00 0.00 0.00 0.00 0.00 0.00 0.00 0.73 1.91 3.50 4.72 5.32 5.50 5.41 5.02 4.38 3.08 1.77 0.17 0.00 0.00 0.00 0.00
0.00 0.00 0.00 0.00 0.00 0.00 0.00 0.00 1.37 3.88 7.83 10.98 12.87 14.77 14.60 13.81 10.52 7.47 4.39 0.63 0.00 0.00 0.00 0.00
0.00 0.00 0.00 0.00 0.00 0.00 0.00 0.00 0.58 1.63 3.78 5.30 6.15 6.55 6.49 6.19 4.66 3.30 1.94 0.27 0.00 0.00 0.00 0.00
0.00 0.00 0.00 0.00 0.00 0.00 0.00 0.00 0.74 2.10 4.86 6.82 7.90 8.42 8.34 7.96 6.00 4.24 2.49 0.34 0.00 0.00 0.00 0.00
0.00 0.00 0.00 0.00 0.00 0.00 0.00 0.00 0.49 1.40 3.24 4.55 5.27 5.61 5.56 5.31 4.00 2.83 1.66 0.23 0.00 0.00 0.00 0.00
0.00 0.00 0.00 0.00 0.00 0.00 0.00 0.00 0.49 1.40 3.24 4.55 5.27 5.61 5.56 5.31 4.00 2.83 1.66 0.23 0.00 0.00 0.00 0.00
0.00 0.00 0.00 0.00 0.00 0.00 0.00 0.00 4.17 12.64 34.64 49.07 57.74 76.98 77.13 72.10 55.17 39.27 23.63 3.88 0.00 0.00 0.00 0.00
0.00 0.00 0.00 0.00 0.00 0.00 0.00 0.00 4.70 13.03 23.93 33.22 38.51 44.97 44.96 41.98 29.88 21.33 12.45 1.72 0.00 0.00 0.00 0.00
0.00 0.00 0.00 0.00 0.00 0.00 0.00 0.00 3.95 11.29 20.89 28.83 34.51 39.65 39.74 37.55 29.72 21.27 12.51 1.39 0.00 0.00 0.00 0.00
0.00 0.00 0.00 0.00 0.00 0.00 0.00 0.00 11.02 54.82 106.55 149.57 185.93 216.21 224.91 217.07 187.79 138.04 88.10 14.13 0.00 0.00 0.00 0.00
0.00 0.00 0.00 0.00 0.00 0.00 0.00 0.00 10.48 52.14 101.36 142.27 176.86 205.66 213.94 206.48 178.63 131.30 83.80 13.44 0.00 0.00 0.00 0.00
0.00 0.00 0.00 0.00 0.00 0.00 0.00 0.00 20.15 100.28 194.91 273.60 340.12 395.50 411.43 397.08 343.51 252.51 161.16 25.85 0.00 0.00 0.00 0.00
0.00 0.00 0.00 0.00 0.00 0.00 0.00 0.00 19.82 98.61 191.67 269.04 334.45 388.91 404.57 390.47 337.79 248.30 158.48 25.42 0.00 0.00 0.00 0.00
0.00 0.00 0.00 0.00 0.00 0.00 0.00 0.00 24.57 110.28 213.04 294.91 369.65 410.64 423.24 401.60 347.37 253.84 159.70 25.89 0.00 0.00 0.00 0.00
0.00 0.00 0.00 0.00 0.00 0.00 0.00 0.00 0.46 1.19 2.19 2.95 3.33 3.44 3.38 3.14 2.74 1.93 1.11 0.10 0.00 0.00 0.00 0.00
0.00 0.00 0.00 0.00 0.00 0.00 0.00 0.00 2.31 6.05 11.09 14.95 16.85 17.43 17.14 15.90 13.88 9.77 5.62 0.53 0.00 0.00 0.00 0.00
0.00 0.00 0.00 0.00 0.00 0.00 0.00 0.00 11.79 30.91 56.60 76.34 86.03 88.98 87.51 81.19 70.85 49.86 28.68 2.70 0.00 0.00 0.00 0.00
0.00 0.00 0.00 0.00 0.00 0.00 0.00 0.00 0.75 3.74 7.28 10.21 12.70 14.77 15.36 14.82 12.82 9.43 6.02 0.96 0.00 0.00 0.00 0.00
0.00 0.00 0.00 0.00 0.00 0.00 0.00 0.00 20.16 85.54 163.87 229.27 283.00 313.77 321.02 307.41 266.44 195.06 122.29 17.84 0.00 0.00 0.00 0.00
0.00 0.00 0.00 0.00 0.00 0.00 0.00 0.00 1.37 4.71 9.34 13.59 17.17 23.29 24.62 24.00 20.27 15.10 9.24 1.28 0.00 0.00 0.00 0.00
0.00 0.00 0.00 0.00 0.00 0.00 0.00 0.00 13.41 46.21 85.10 117.53 139.38 155.49 161.20 150.36 126.85 89.45 54.24 5.14 0.00 0.00 0.00 0.00
0.00 0.00 0.00 0.00 0.00 0.00 0.00 0.00 0.34 1.43 2.73 3.82 4.72 5.23 5.35 5.12 4.44 3.25 2.04 0.30 0.00 0.00 0.00 0.00
0.00 0.00 0.00 0.00 0.00 0.00 0.00 0.00 15.12 64.16 122.90 171.96 212.25 235.32 240.77 230.55 199.83 146.29 91.72 13.38 0.00 0.00 0.00 0.00
0.00 0.00 0.00 0.00 0.00 0.00 0.00 0.00 19.41 82.34 157.72 220.68 272.38 302.00 308.98 295.88 256.45 187.74 117.70 17.17 0.00 0.00 0.00 0.00
0.00 0.00 0.00 0.00 0.00 0.00 0.00 0.00 32.40 145.43 280.94 388.92 487.48 541.54 558.15 529.61 458.09 334.75 210.60 34.14 0.00 0.00 0.00 0.00
0.00 0.00 0.00 0.00 0.00 0.00 0.00 0.00 0.99 2.88 5.20 7.30 8.60 8.42 8.32 7.70 7.54 5.43 3.21 0.48 0.00 0.00 0.00 0.00
0.00 0.00 0.00 0.00 0.00 0.00 0.00 0.00 1.16 3.35 7.06 9.85 11.67 11.54 11.36 10.77 9.55 6.86 4.05 0.58 0.00 0.00 0.00 0.00
0.00 0.00 0.00 0.00 0.00 0.00 0.00 0.00 5.66 19.45 38.54 56.06 70.81 96.07 101.58 98.99 83.62 62.27 38.13 5.28 0.00 0.00 0.00 0.00
0.00 0.00 0.00 0.00 0.00 0.00 0.00 0.00 6.81 42.68 85.01 120.35 150.71 223.91 232.00 218.98 232.29 172.11 110.28 23.58 0.00 0.00 0.00 0.00
0.00 0.00 0.00 0.00 0.00 0.00 0.00 0.00 0.42 1.14 2.04 2.73 3.18 3.45 3.42 3.16 2.31 1.64 0.95 0.11 0.00 0.00 0.00 0.00
0.00 0.00 0.00 0.00 0.00 0.00 0.00 0.00 5.65 21.96 41.60 57.93 70.69 79.05 81.52 76.50 65.13 47.26 29.25 3.94 0.00 0.00 0.00 0.00
0.00 0.00 0.00 0.00 0.00 0.00 0.00 0.00 1.10 7.23 14.53 20.83 25.39 28.87 29.93 28.45 24.22 17.92 11.67 2.29 0.00 0.00 0.00 0.00
0.00 0.00 0.00 0.00 0.00 0.00 0.00 0.00 1.12 2.86 4.87 6.65 7.92 8.53 8.35 7.75 6.27 4.33 2.42 0.07 0.00 0.00 0.00 0.00
0.00 0.00 0.00 0.00 0.00 0.00 0.00 0.00 0.56 1.43 2.43 3.33 3.96 4.27 4.18 3.87 3.13 2.17 1.21 0.03 0.00 0.00 0.00 0.00
0.00 0.00 0.00 0.00 0.00 0.00 0.00 0.00 1.23 3.13 5.32 7.28 8.66 9.33 9.14 8.47 6.86 4.74 2.65 0.07 0.00 0.00 0.00 0.00
0.00 0.00 0.00 0.00 0.00 0.00 0.00 0.00 1.46 3.73 6.43 8.65 10.23 11.09 11.01 10.22 8.30 5.70 3.20 0.09 0.00 0.00 0.00 0.00
0.00 0.00 0.00 0.00 0.00 0.00 0.00 0.00 2.23 5.68 9.79 13.18 15.59 16.90 16.78 15.57 12.65 8.69 4.88 0.14 0.00 0.00 0.00 0.00
0.00 0.00 0.00 0.00 0.00 0.00 0.00 0.00 1.87 4.89 8.43 11.32 13.45 14.78 14.91 13.79 11.18 7.81 4.43 0.19 0.00 0.00 0.00 0.00
0.00 0.00 0.00 0.00 0.00 0.00 0.00 0.00 1.24 3.89 7.00 9.50 11.20 12.16 12.38 11.54 9.55 6.75 4.01 0.32 0.00 0.00 0.00 0.00
0.00 0.00 0.00 0.00 0.00 0.00 0.00 0.00 3.21 10.05 18.09 24.55 28.92 31.40 31.97 29.82 24.67 17.45 10.36 0.84 0.00 0.00 0.00 0.00
0.00 0.00 0.00 0.00 0.00 0.00 0.00 0.00 0.80 2.56 4.65 6.29 7.53 8.32 8.54 7.86 6.64 4.62 2.77 0.25 0.00 0.00 0.00 0.00
0.00 0.00 0.00 0.00 0.00 0.00 0.00 0.00 2.22 5.74 9.25 12.48 14.26 14.83 14.86 13.65 10.55 7.37 4.20 0.39 0.00 0.00 0.00 0.00
0.00 0.00 0.00 0.00 0.00 0.00 0.00 0.00 3.36 8.80 14.58 19.59 22.98 25.41 26.07 24.15 21.90 15.03 8.55 0.55 0.00 0.00 0.00 0.00
0.00 0.00 0.00 0.00 0.00 0.00 0.00 0.00 0.65 1.49 2.38 3.14 3.49 3.57 3.51 3.16 2.71 1.89 1.02 0.01 0.00 0.00 0.00 0.00
0.00 0.00 0.00 0.00 0.00 0.00 0.00 0.00 3.50 8.45 12.97 17.21 19.45 19.80 19.16 17.44 15.36 10.77 5.99 0.26 0.00 0.00 0.00 0.00
0.00 0.00 0.00 0.00 0.00 0.00 0.00 0.00 2.40 5.64 9.06 11.92 13.22 13.72 13.50 12.19 10.16 6.94 3.80 0.10 0.00 0.00 0.00 0.00
0.00 0.00 0.00 0.00 0.00 0.00 0.00 0.00 3.31 7.78 12.51 16.45 18.24 18.94 18.63 16.82 14.03 9.57 5.25 0.14 0.00 0.00 0.00 0.00
0.00 0.00 0.00 0.00 0.00 0.00 0.00 0.00 2.25 5.30 8.52 11.20 12.42 12.90 12.69 11.46 9.55 6.52 3.57 0.10 0.00 0.00 0.00 0.00
0.00 0.00 0.00 0.00 0.00 0.00 0.00 0.00 1.87 4.51 6.92 9.18 10.38 10.56 10.22 9.30 8.19 5.75 3.19 0.14 0.00 0.00 0.00 0.00
0.00 0.00 0.00 0.00 0.00 0.00 0.00 0.00 1.85 4.25 6.78 8.97 10.13 10.30 10.11 9.11 7.76 5.25 2.84 0.02 0.00 0.00 0.00 0.00
0.00 0.00 0.00 0.00 0.00 0.00 0.00 0.00 1.31 3.43 6.27 8.46 9.53 9.86 9.70 9.00 7.85 5.53 3.18 0.30 0.00 0.00 0.00 0.00
0.00 0.00 0.00 0.00 0.00 0.00 0.00 0.00 5.43 16.45 45.09 63.87 75.16 100.20 100.39 93.84 71.81 51.11 30.76 5.06 0.00 0.00 0.00 0.00
0.00 0.00 0.00 0.00 0.00 0.00 0.00 0.00 1.55 4.40 8.87 12.44 14.59 16.74 16.55 15.65 11.92 8.47 4.98 0.71 0.00 0.00 0.00 0.00
0.00 0.00 0.00 0.00 0.00 0.00 0.00 0.00 2.67 7.14 12.51 16.85 19.52 20.61 20.68 19.42 17.40 12.43 7.19 0.83 0.00 0.00 0.00 0.00
0.00 0.00 0.00 0.00 0.00 0.00 0.00 0.00 1.22 3.27 5.74 7.72 8.95 9.45 9.48 8.90 7.98 5.70 3.29 0.38 0.00 0.00 0.00 0.00
0.00 0.00 0.00 0.00 0.00 0.00 0.00 0.00 2.05 5.82 10.65 14.89 17.48 21.17 20.96 19.73 15.11 10.84 6.37 0.91 0.00 0.00 0.00 0.00
0.00 0.00 0.00 0.00 0.00 0.00 0.00 0.00 1.02 2.77 4.96 6.63 7.72 8.38 8.31 7.69 5.62 3.97 2.30 0.28 0.00 0.00 0.00 0.00
0.00 0.00 0.00 0.00 0.00 0.00 0.00 0.00 5.86 20.13 39.90 58.04 73.31 99.47 105.17 102.49 86.57 64.47 39.48 5.47 0.00 0.00 0.00 0.00
0.00 0.00 0.00 0.00 0.00 0.00 0.00 0.00 3.21 11.05 20.35 28.10 33.33 37.18 38.55 35.96 30.33 21.39 12.97 1.23 0.00 0.00 0.00 0.00
0.00 0.00 0.00 0.00 0.00 0.00 0.00 0.00 0.71 2.47 4.53 6.29 7.51 8.41 8.59 7.99 6.73 4.87 2.96 0.29 0.00 0.00 0.00 0.00
0.00 0.00 0.00 0.00 0.00 0.00 0.00 0.00 0.89 3.03 5.52 7.58 9.17 10.38 10.53 9.80 8.44 6.12 3.71 0.36 0.00 0.00 0.00 0.00
0.00 0.00 0.00 0.00 0.00 0.00 0.00 0.00 1.43 4.85 8.83 12.13 14.66 16.61 16.85 15.68 13.51 9.80 5.94 0.58 0.00 0.00 0.00 0.00
0.00 0.00 0.00 0.00 0.00 0.00 0.00 0.00 20.49 101.95 198.16 278.16 345.79 402.09 418.29 403.70 349.24 256.71 163.85 26.28 0.00 0.00 0.00 0.00
