0.00 0.00 0.00 0.00 0.00 0.00 0.00 0.00 0.17 0.93 1.96 2.76 3.41 3.86 3.94 3.74 3.18 2.28 1.36 0.11 0.00 0.00 0.00 0.00
0.00 0.00 0.00 0.00 0.00 0.00 0.00 0.00 8.77 24.83 29.32 40.24 46.66 50.23 49.03 44.63 49.79 34.27 18.58 0.20 0.00 0.00 0.00 0.00
0.00 0.00 0.00 0.00 0.00 0.00 0.00 0.00 3.78 21.31 44.92 63.22 77.99 88.35 90.03 85.61 72.80 52.23 31.11 2.51 0.00 0.00 0.00 0.00
0.00 0.00 0.00 0.00 0.00 0.00 0.00 0.00 13.44 75.72 159.64 224.67 277.18 313.99 319.95 304.24 258.73 185.64 110.57 8.90 0.00 0.00 0.00 0.00
0.00 0.00 0.00 0.00 0.00 0.00 0.00 0.00 2.00 4.84 7.50 9.83 11.06 9.00 8.65 7.63 6.50 4.33 2.14 0.00 0.00 0.00 0.00 0.00
0.00 0.00 0.00 0.00 0.00 0.00 0.00 0.00 24.85 176.16 358.48 506.25 629.13 726.00 752.62 721.89 613.48 442.56 269.63 27.22 0.00 0.00 0.00 0.00
0.00 0.00 0.00 0.00 0.00 0.00 0.00 0.00 0.83 2.41 4.16 5.65 6.63 6.57 6.57 6.02 5.12 3.42 1.78 0.00 0.00 0.00 0.00 0.00
0.00 0.00 0.00 0.00 0.00 0.00 0.00 0.00 0.52 1.48 2.13 2.88 3.25 2.83 2.78 2.56 2.47 1.69 0.91 0.01 0.00 0.00 0.00 0.00
0.00 0.00 0.00 0.00 0.00 0.00 0.00 0.00 0.83 2.36 3.40 4.62 5.20 4.54 4.45 4.10 3.94 2.71 1.46 0.01 0.00 0.00 0.00 0.00
0.00 0.00 0.00 0.00 0.00 0.00 0.00 0.00 0.83 2.36 3.40 4.62 5.20 4.54 4.45 4.10 3.94 2.71 1.46 0.01 0.00 0.00 0.00 0.00
0.00 0.00 0.00 0.00 0.00 0.00 0.00 0.00 1.51 4.77 8.49 11.93 13.96 14.41 14.19 13.32 9.31 6.47 3.58 0.13 0.00 0.00 0.00 0.00
0.00 0.00 0.00 0.00 0.00 0.00 0.00 0.00 0.74 2.31 4.07 5.72 6.61 6.44 6.36 6.02 4.23 2.93 1.62 0.06 0.00 0.00 0.00 0.00
0.00 0.00 0.00 0.00 0.00 0.00 0.00 0.00 0.95 2.97 5.23 7.35 8.50 8.28 8.17 7.74 5.44 3.77 2.08 0.08 0.00 0.00 0.00 0.00
0.00 0.00 0.00 0.00 0.00 0.00 0.00 0.00 0.63 1.98 3.48 4.90 5.67 5.52 5.45 5.16 3.63 2.51 1.39 0.05 0.00 0.00 0.00 0.00
0.00 0.00 0.00 0.00 0.00 0.00 0.00 0.00 0.63 1.98 3.48 4.90 5.67 5.52 5.45 5.16 3.63 2.51 1.39 0.05 0.00 0.00 0.00 0.00
0.00 0.00 0.00 0.00 0.00 0.00 0.00 0.00 8.67 28.76 52.07 73.96 86.94 93.43 93.30 86.70 72.38 50.59 28.97 1.62 0.00 0.00 0.00 0.00
0.00 0.00 0.00 0.00 0.00 0.00 0.00 0.00 4.82 14.80 26.29 36.58 42.30 43.41 43.23 40.08 26.95 18.80 10.29 0.25 0.00 0.00 0.00 0.00
0.00 0.00 0.00 0.00 0.00 0.00 0.00 0.00 3.65 11.73 20.91 28.93 34.55 38.87 38.78 36.36 28.05 19.58 10.79 0.31 0.00 0.00 0.00 0.00
0.00 0.00 0.00 0.00 0.00 0.00 0.00 0.00 7.33 51.96 105.74 149.32 185.57 214.14 222.00 212.93 180.96 130.54 79.53 8.03 0.00 0.00 0.00 0.00
0.00 0.00 0.00 0.00 0.00 0.00 0.00 0.00 6.97 49.43 100.58 142.04 176.52 203.70 211.17 202.55 172.13 124.17 75.65 7.64 0.00 0.00 0.00 0.00
0.00 0.00 0.00 0.00 0.00 0.00 0.00 0.00 13.41 95.05 193.43 273.15 339.46 391.72 406.09 389.51 331.02 238.79 145.48 14.69 0.00 0.00 0.00 0.00
0.00 0.00 0.00 0.00 0.00 0.00 0.00 0.00 13.18 93.47 190.20 268.60 333.80 385.20 399.32 383.02 325.50 234.81 143.06 14.44 0.00 0.00 0.00 0.00
0.00 0.00 0.00 0.00 0.00 0.00 0.00 0.00 15.84 99.18 210.60 293.20 367.09 412.18 423.14 398.68 340.40 243.94 145.85 12.72 0.00 0.00 0.00 0.00
0.00 0.00 0.00 0.00 0.00 0.00 0.00 0.00 0.52 1.48 2.13 2.88 3.25 2.83 2.78 2.56 2.47 1.69 0.91 0.01 0.00 0.00 0.00 0.00
0.00 0.00 0.00 0.00 0.00 0.00 0.00 0.00 2.64 7.49 10.78 14.61 16.48 14.36 14.08 12.99 12.49 8.59 4.63 0.04 0.00 0.00 0.00 0.00
0.00 0.00 0.00 0.00 0.00 0.00 0.00 0.00 13.48 38.22 55.05 74.61 84.14 73.32 71.91 66.30 63.76 43.83 23.63 0.21 0.00 0.00 0.00 0.00
0.00 0.00 0.00 0.00 0.00 0.00 0.00 0.00 0.50 3.55 7.22 10.20 12.67 14.62 15.16 14.54 12.36 8.91 5.43 0.55 0.00 0.00 0.00 0.00
0.00 0.00 0.00 0.00 0.00 0.00 0.00 0.00 13.23 74.54 157.15 221.17 272.86 309.09 314.97 299.50 254.69 182.74 108.84 8.77 0.00 0.00 0.00 0.00
0.00 0.00 0.00 0.00 0.00 0.00 0.00 0.00 1.55 6.22 11.69 17.09 21.57 23.79 25.05 24.24 19.89 14.52 8.44 0.51 0.00 0.00 0.00 0.00
0.00 0.00 0.00 0.00 0.00 0.00 0.00 0.00 9.78 41.35 70.62 98.03 116.13 154.15 158.81 146.74 121.68 83.83 47.80 1.87 0.00 0.00 0.00 0.00
0.00 0.00 0.00 0.00 0.00 0.00 0.00 0.00 0.22 1.24 2.62 3.69 4.55 5.15 5.25 4.99 4.24 3.05 1.81 0.15 0.00 0.00 0.00 0.00
0.00 0.00 0.00 0.00 0.00 0.00 0.00 0.00 9.92 55.91 117.87 165.87 204.65 231.82 236.22 224.62 191.02 137.06 81.63 6.57 0.00 0.00 0.00 0.00
0.00 0.00 0.00 0.00 0.00 0.00 0.00 0.00 12.74 71.75 151.26 212.87 262.63 297.50 303.16 288.26 245.14 175.89 104.76 8.44 0.00 0.00 0.00 0.00
0.00 0.00 0.00 0.00 0.00 0.00 0.00 0.00 20.89 130.80 277.73 386.66 484.10 543.57 558.02 525.76 448.90 321.70 192.34 16.77 0.00 0.00 0.00 0.00
0.00 0.00 0.00 0.00 0.00 0.00 0.00 0.00 1.10 3.56 6.28 8.83 10.36 10.31 10.15 9.33 7.55 5.33 2.98 0.10 0.00 0.00 0.00 0.00
0.00 0.00 0.00 0.00 0.00 0.00 0.00 0.00 1.41 4.51 7.97 11.14 13.15 12.58 12.34 11.62 8.85 6.23 3.47 0.13 0.00 0.00 0.00 0.00
0.00 0.00 0.00 0.00 0.00 0.00 0.00 0.00 6.39 25.68 48.21 70.48 88.99 98.13 103.32 99.99 82.03 59.88 34.80 2.10 0.00 0.00 0.00 0.00
0.00 0.00 0.00 0.00 0.00 0.00 0.00 0.00 7.51 98.47 209.55 297.55 370.62 417.27 431.90 406.01 345.16 251.45 153.57 16.72 0.00 0.00 0.00 0.00
0.00 0.00 0.00 0.00 0.00 0.00 0.00 0.00 0.41 1.22 2.15 2.88 3.34 3.31 3.27 3.00 2.06 1.42 0.77 0.01 0.00 0.00 0.00 0.00
0.00 0.00 0.00 0.00 0.00 0.00 0.00 0.00 3.45 17.18 39.66 55.48 67.58 77.97 80.02 74.50 62.28 44.24 25.92 1.67 0.00 0.00 0.00 0.00
0.00 0.00 0.00 0.00 0.00 0.00 0.00 0.00 0.60 6.79 14.14 20.44 24.97 28.50 29.50 27.93 23.51 17.11 10.69 1.38 0.00 0.00 0.00 0.00
0.00 0.00 0.00 0.00 0.00 0.00 0.00 0.00 1.02 2.86 4.89 6.69 7.93 7.93 7.72 7.09 5.54 3.71 1.91 0.00 0.00 0.00 0.00 0.00
0.00 0.00 0.00 0.00 0.00 0.00 0.00 0.00 0.51 1.43 2.44 3.34 3.96 3.97 3.86 3.55 2.77 1.86 0.96 0.00 0.00 0.00 0.00 0.00
0.00 0.00 0.00 0.00 0.00 0.00 0.00 0.00 1.11 3.13 5.35 7.31 8.67 8.67 8.44 7.76 6.06 4.06 2.09 0.00 0.00 0.00 0.00 0.00
0.00 0.00 0.00 0.00 0.00 0.00 0.00 0.00 1.34 3.77 6.45 8.69 10.23 10.74 10.60 9.74 7.13 4.75 2.46 0.00 0.00 0.00 0.00 0.00
0.00 0.00 0.00 0.00 0.00 0.00 0.00 0.00 2.05 5.75 9.83 13.24 15.58 16.37 16.15 14.84 10.87 7.24 3.75 0.00 0.00 0.00 0.00 0.00
0.00 0.00 0.00 0.00 0.00 0.00 0.00 0.00 1.68 4.87 8.47 11.37 13.45 12.70 12.75 11.69 10.42 7.06 3.69 0.00 0.00 0.00 0.00 0.00
0.00 0.00 0.00 0.00 0.00 0.00 0.00 0.00 1.02 3.77 5.82 7.94 9.34 11.46 11.59 10.70 9.14 6.30 3.49 0.09 0.00 0.00 0.00 0.00
0.00 0.00 0.00 0.00 0.00 0.00 0.00 0.00 2.63 9.75 15.04 20.50 24.13 29.60 29.93 27.64 23.60 16.27 9.02 0.23 0.00 0.00 0.00 0.00
0.00 0.00 0.00 0.00 0.00 0.00 0.00 0.00 0.63 2.41 3.93 5.33 6.38 8.16 8.32 7.59 6.33 4.31 2.42 0.07 0.00 0.00 0.00 0.00
0.00 0.00 0.00 0.00 0.00 0.00 0.00 0.00 1.98 5.60 9.59 12.93 14.71 13.85 13.82 12.61 9.17 6.24 3.32 0.00 0.00 0.00 0.00 0.00
0.00 0.00 0.00 0.00 0.00 0.00 0.00 0.00 3.12 8.97 15.47 20.82 24.34 26.65 27.17 24.93 18.87 12.62 6.67 0.00 0.00 0.00 0.00 0.00
0.00 0.00 0.00 0.00 0.00 0.00 0.00 0.00 0.60 1.46 2.33 3.09 3.41 3.06 2.99 2.68 2.18 1.47 0.73 0.00 0.00 0.00 0.00 0.00
0.00 0.00 0.00 0.00 0.00 0.00 0.00 0.00 3.17 8.23 12.08 16.05 18.09 13.96 13.47 12.19 10.61 7.24 3.73 0.00 0.00 0.00 0.00 0.00
0.00 0.00 0.00 0.00 0.00 0.00 0.00 0.00 2.18 5.49 8.48 11.17 12.35 9.64 9.46 8.48 7.31 4.85 2.45 0.00 0.00 0.00 0.00 0.00
0.00 0.00 0.00 0.00 0.00 0.00 0.00 0.00 3.01 7.58 11.71 15.42 17.05 13.31 13.05 11.71 10.09 6.70 3.39 0.00 0.00 0.00 0.00 0.00
0.00 0.00 0.00 0.00 0.00 0.00 0.00 0.00 2.05 5.16 7.98 10.50 11.61 9.07 8.89 7.97 6.87 4.56 2.31 0.00 0.00 0.00 0.00 0.00
0.00 0.00 0.00 0.00 0.00 0.00 0.00 0.00 1.69 4.39 6.44 8.56 9.65 7.45 7.19 6.50 5.66 3.86 1.99 0.00 0.00 0.00 0.00 0.00
0.00 0.00 0.00 0.00 0.00 0.00 0.00 0.00 1.69 4.14 6.33 8.40 9.46 7.34 7.17 6.42 5.91 3.89 1.94 0.00 0.00 0.00 0.00 0.00
0.00 0.00 0.00 0.00 0.00 0.00 0.00 0.00 1.49 4.24 6.10 8.27 9.32 8.13 7.97 7.35 7.07 4.86 2.62 0.02 0.00 0.00 0.00 0.00
0.00 0.00 0.00 0.00 0.00 0.00 0.00 0.00 11.28 37.43 67.77 96.26 113.16 121.61 121.44 112.85 94.20 65.85 37.71 2.11 0.00 0.00 0.00 0.00
0.00 0.00 0.00 0.00 0.00 0.00 0.00 0.00 1.71 5.40 9.62 13.52 15.82 16.33 16.08 15.10 10.55 7.33 4.05 0.15 0.00 0.00 0.00 0.00
0.00 0.00 0.00 0.00 0.00 0.00 0.00 0.00 2.96 8.70 14.13 19.07 22.02 18.94 18.93 17.65 13.34 9.31 5.04 0.07 0.00 0.00 0.00 0.00
0.00 0.00 0.00 0.00 0.00 0.00 0.00 0.00 1.36 3.99 6.48 8.74 10.09 8.68 8.68 8.09 6.11 4.27 2.31 0.03 0.00 0.00 0.00 0.00
0.00 0.00 0.00 0.00 0.00 0.00 0.00 0.00 2.10 6.62 11.79 16.52 19.35 20.59 20.30 18.98 13.03 9.14 5.05 0.19 0.00 0.00 0.00 0.00
0.00 0.00 0.00 0.00 0.00 0.00 0.00 0.00 0.99 2.96 5.22 6.99 8.12 8.04 7.93 7.29 5.01 3.46 1.87 0.02 0.00 0.00 0.00 0.00
0.00 0.00 0.00 0.00 0.00 0.00 0.00 0.00 6.62 26.58 49.92 72.97 92.14 101.60 106.97 103.53 84.93 61.99 36.03 2.17 0.00 0.00 0.00 0.00
0.00 0.00 0.00 0.00 0.00 0.00 0.00 0.00 2.34 9.89 16.89 23.44 27.77 36.86 37.98 35.09 29.10 20.05 11.43 0.45 0.00 0.00 0.00 0.00
0.00 0.00 0.00 0.00 0.00 0.00 0.00 0.00 0.52 2.21 3.94 5.50 6.55 8.31 8.44 7.78 6.42 4.53 2.59 0.12 0.00 0.00 0.00 0.00
0.00 0.00 0.00 0.00 0.00 0.00 0.00 0.00 0.71 2.89 5.22 7.20 8.70 10.22 10.31 9.52 8.03 5.69 3.26 0.14 0.00 0.00 0.00 0.00
0.00 0.00 0.00 0.00 0.00 0.00 0.00 0.00 1.13 4.63 8.35 11.53 13.92 16.35 16.50 15.23 12.84 9.11 5.21 0.22 0.00 0.00 0.00 0.00
0.00 0.00 0.00 0.00 0.00 0.00 0.00 0.00 13.63 96.63 196.65 277.71 345.12 398.25 412.86 396.00 336.53 242.77 147.91 14.93 0.00 0.00 0.00 0.00
