0.00 0.00 0.00 0.00 0.00 0.00 0.00 0.00 0.00 0.90 2.02 3.14 4.09 4.63 4.81 4.61 4.03 3.09 1.89 0.57 0.00 0.00 0.00 0.00
0.00 0.00 0.00 0.00 0.00 0.00 0.00 0.00 2.98 15.83 31.89 46.17 57.43 66.25 67.70 65.56 55.16 40.94 24.95 4.52 0.00 0.00 0.00 0.00
0.00 0.00 0.00 0.00 0.00 0.00 0.00 0.00 0.00 20.66 46.30 71.79 93.50 105.91 110.06 105.51 92.23 70.76 43.30 13.09 0.00 0.00 0.00 0.00
0.00 0.00 0.00 0.00 0.00 0.00 0.00 0.00 0.00 73.41 164.55 255.12 332.31 376.39 391.14 374.96 327.79 251.47 153.87 46.51 0.00 0.00 0.00 0.00
0.00 0.00 0.00 0.00 0.00 0.00 0.00 0.00 0.84 3.00 3.59 5.40 6.65 6.28 6.31 5.78 5.38 3.88 2.35 0.47 0.00 0.00 0.00 0.00
0.00 0.00 0.00 0.00 0.00 0.00 0.00 0.00 0.00 159.43 371.69 586.17 758.52 876.99 935.06 906.03 771.93 596.28 378.40 124.16 0.00 0.00 0.00 0.00
0.00 0.00 0.00 0.00 0.00 0.00 0.00 0.00 0.14 0.75 3.28 4.85 5.96 7.92 7.90 7.45 6.44 4.82 2.95 0.51 0.00 0.00 0.00 0.00
0.00 0.00 0.00 0.00 0.00 0.00 0.00 0.00 0.16 0.83 1.48 2.16 2.80 3.47 3.53 3.47 2.93 2.17 1.32 0.28 0.00 0.00 0.00 0.00
0.00 0.00 0.00 0.00 0.00 0.00 0.00 0.00 0.25 1.33 2.36 3.46 4.48 5.56 5.65 5.56 4.69 3.47 2.11 0.45 0.00 0.00 0.00 0.00
0.00 0.00 0.00 0.00 0.00 0.00 0.00 0.00 0.25 1.33 2.36 3.46 4.48 5.56 5.65 5.56 4.69 3.47 2.11 0.45 0.00 0.00 0.00 0.00
0.00 0.00 0.00 0.00 0.00 0.00 0.00 0.00 0.27 1.98 7.26 10.88 14.20 14.59 15.17 14.68 13.99 10.65 6.57 1.43 0.00 0.00 0.00 0.00
0.00 0.00 0.00 0.00 0.00 0.00 0.00 0.00 0.16 1.10 3.35 5.05 6.61 6.87 6.97 6.77 6.64 5.05 3.03 0.64 0.00 0.00 0.00 0.00
0.00 0.00 0.00 0.00 0.00 0.00 0.00 0.00 0.20 1.42 4.30 6.49 8.50 8.83 8.96 8.71 8.54 6.50 3.90 0.83 0.00 0.00 0.00 0.00
0.00 0.00 0.00 0.00 0.00 0.00 0.00 0.00 0.13 0.95 2.87 4.33 5.66 5.89 5.97 5.80 5.69 4.33 2.60 0.55 0.00 0.00 0.00 0.00
0.00 0.00 0.00 0.00 0.00 0.00 0.00 0.00 0.13 0.95 2.87 4.33 5.66 5.89 5.97 5.80 5.69 4.33 2.60 0.55 0.00 0.00 0.00 0.00
0.00 0.00 0.00 0.00 0.00 0.00 0.00 0.00 2.05 19.37 37.62 58.98 78.19 90.60 93.89 90.42 78.46 59.10 34.55 8.63 0.00 0.00 0.00 0.00
0.00 0.00 0.00 0.00 0.00 0.00 0.00 0.00 0.71 4.70 21.21 31.62 40.83 46.79 47.99 45.36 41.93 32.14 19.29 4.19 0.00 0.00 0.00 0.00
0.00 0.00 0.00 0.00 0.00 0.00 0.00 0.00 0.63 4.81 19.75 29.02 37.05 42.33 43.00 41.30 35.22 26.79 16.66 3.52 0.00 0.00 0.00 0.00
0.00 0.00 0.00 0.00 0.00 0.00 0.00 0.00 0.00 47.03 109.63 172.90 223.74 258.68 275.81 267.25 227.69 175.88 111.61 36.62 0.00 0.00 0.00 0.00
0.00 0.00 0.00 0.00 0.00 0.00 0.00 0.00 0.00 44.73 104.29 164.46 212.82 246.06 262.36 254.21 216.58 167.30 106.17 34.84 0.00 0.00 0.00 0.00
0.00 0.00 0.00 0.00 0.00 0.00 0.00 0.00 0.00 86.02 200.55 316.28 409.27 473.20 504.53 488.86 416.51 321.73 204.17 66.99 0.00 0.00 0.00 0.00
0.00 0.00 0.00 0.00 0.00 0.00 0.00 0.00 0.00 84.59 197.21 311.01 402.45 465.31 496.12 480.72 409.57 316.37 200.77 65.87 0.00 0.00 0.00 0.00
0.00 0.00 0.00 0.00 0.00 0.00 0.00 0.00 0.00 93.02 210.71 331.42 435.72 493.38 502.61 476.26 413.51 313.44 195.84 57.87 0.00 0.00 0.00 0.00
0.00 0.00 0.00 0.00 0.00 0.00 0.00 0.00 0.16 0.83 1.48 2.16 2.80 3.47 3.53 3.47 2.93 2.17 1.32 0.28 0.00 0.00 0.00 0.00
0.00 0.00 0.00 0.00 0.00 0.00 0.00 0.00 0.79 4.22 7.49 10.96 14.19 17.60 17.90 17.60 14.85 10.99 6.69 1.42 0.00 0.00 0.00 0.00
0.00 0.00 0.00 0.00 0.00 0.00 0.00 0.00 4.05 21.54 38.22 55.94 72.43 89.84 91.38 89.86 75.81 56.10 34.15 7.24 0.00 0.00 0.00 0.00
0.00 0.00 0.00 0.00 0.00 0.00 0.00 0.00 0.00 3.21 7.49 11.81 15.28 17.67 18.84 18.25 15.55 12.01 7.62 2.50 0.00 0.00 0.00 0.00
0.00 0.00 0.00 0.00 0.00 0.00 0.00 0.00 0.00 72.26 161.99 251.15 327.13 370.52 385.04 369.11 322.68 247.55 151.48 45.78 0.00 0.00 0.00 0.00
0.00 0.00 0.00 0.00 0.00 0.00 0.00 0.00 0.17 4.96 10.52 16.13 22.01 26.20 27.45 26.86 23.62 18.36 11.89 3.22 0.00 0.00 0.00 0.00
0.00 0.00 0.00 0.00 0.00 0.00 0.00 0.00 1.15 37.67 79.12 121.04 156.59 179.55 187.26 179.58 154.37 116.17 71.11 17.96 0.00 0.00 0.00 0.00
0.00 0.00 0.00 0.00 0.00 0.00 0.00 0.00 0.00 1.20 2.70 4.19 5.45 6.18 6.42 6.15 5.38 4.13 2.52 0.76 0.00 0.00 0.00 0.00
0.00 0.00 0.00 0.00 0.00 0.00 0.00 0.00 0.00 54.20 121.49 188.36 245.35 277.89 288.78 276.84 242.01 185.66 113.61 34.34 0.00 0.00 0.00 0.00
0.00 0.00 0.00 0.00 0.00 0.00 0.00 0.00 0.00 69.55 155.91 241.73 314.86 356.63 370.60 355.27 310.58 238.26 145.80 44.07 0.00 0.00 0.00 0.00
0.00 0.00 0.00 0.00 0.00 0.00 0.00 0.00 0.00 122.67 277.88 437.07 574.60 650.64 662.82 628.07 545.32 413.34 258.26 76.32 0.00 0.00 0.00 0.00
0.00 0.00 0.00 0.00 0.00 0.00 0.00 0.00 0.22 1.75 5.21 7.91 10.34 10.60 10.95 10.68 10.43 7.86 4.79 1.05 0.00 0.00 0.00 0.00
0.00 0.00 0.00 0.00 0.00 0.00 0.00 0.00 0.32 2.44 6.56 9.73 12.80 13.20 13.56 13.18 12.97 9.80 5.96 1.30 0.00 0.00 0.00 0.00
0.00 0.00 0.00 0.00 0.00 0.00 0.00 0.00 0.72 20.47 43.38 66.54 90.79 108.09 113.22 110.81 97.45 75.73 49.07 13.30 0.00 0.00 0.00 0.00
0.00 0.00 0.00 0.00 0.00 0.00 0.00 0.00 0.00 80.57 188.46 298.30 397.10 453.87 469.88 452.29 392.80 313.51 199.64 67.71 0.00 0.00 0.00 0.00
0.00 0.00 0.00 0.00 0.00 0.00 0.00 0.00 0.06 0.36 1.54 2.33 3.00 3.71 3.83 3.66 3.20 2.43 1.48 0.30 0.00 0.00 0.00 0.00
0.00 0.00 0.00 0.00 0.00 0.00 0.00 0.00 0.00 18.26 40.20 62.71 81.32 91.72 94.38 90.28 76.87 58.03 35.99 10.24 0.00 0.00 0.00 0.00
0.00 0.00 0.00 0.00 0.00 0.00 0.00 0.00 0.00 5.79 13.97 21.72 28.89 33.01 33.50 32.65 28.80 22.19 14.41 4.98 0.00 0.00 0.00 0.00
0.00 0.00 0.00 0.00 0.00 0.00 0.00 0.00 0.18 0.90 3.23 4.81 6.02 9.33 9.24 8.51 7.10 5.37 3.32 0.57 0.00 0.00 0.00 0.00
0.00 0.00 0.00 0.00 0.00 0.00 0.00 0.00 0.09 0.45 1.62 2.41 3.01 4.67 4.62 4.26 3.55 2.68 1.66 0.28 0.00 0.00 0.00 0.00
0.00 0.00 0.00 0.00 0.00 0.00 0.00 0.00 0.20 0.99 3.54 5.26 6.59 10.21 10.11 9.31 7.77 5.87 3.63 0.62 0.00 0.00 0.00 0.00
0.00 0.00 0.00 0.00 0.00 0.00 0.00 0.00 0.22 1.11 4.33 6.51 8.00 12.09 12.02 11.27 9.47 7.18 4.40 0.75 0.00 0.00 0.00 0.00
0.00 0.00 0.00 0.00 0.00 0.00 0.00 0.00 0.34 1.69 6.60 9.93 12.19 18.42 18.32 17.17 14.44 10.94 6.70 1.14 0.00 0.00 0.00 0.00
0.00 0.00 0.00 0.00 0.00 0.00 0.00 0.00 0.27 1.47 6.90 10.25 12.53 16.03 16.13 15.29 13.06 9.95 6.11 1.09 0.00 0.00 0.00 0.00
0.00 0.00 0.00 0.00 0.00 0.00 0.00 0.00 0.23 2.79 6.53 9.77 12.30 14.12 14.77 14.22 11.97 9.02 5.41 1.20 0.00 0.00 0.00 0.00
0.00 0.00 0.00 0.00 0.00 0.00 0.00 0.00 0.59 7.21 16.88 25.24 31.78 36.48 38.15 36.73 30.92 23.31 13.98 3.10 0.00 0.00 0.00 0.00
0.00 0.00 0.00 0.00 0.00 0.00 0.00 0.00 0.14 2.02 4.32 6.57 8.60 9.69 10.00 9.46 8.08 6.08 3.72 0.91 0.00 0.00 0.00 0.00
0.00 0.00 0.00 0.00 0.00 0.00 0.00 0.00 0.41 2.15 4.03 6.03 7.64 16.13 16.57 15.83 12.73 9.63 5.97 1.09 0.00 0.00 0.00 0.00
0.00 0.00 0.00 0.00 0.00 0.00 0.00 0.00 0.57 3.05 10.83 15.77 19.58 29.04 29.52 28.09 24.46 18.42 11.13 1.88 0.00 0.00 0.00 0.00
0.00 0.00 0.00 0.00 0.00 0.00 0.00 0.00 0.26 0.94 1.17 1.70 2.11 1.75 1.75 1.67 1.74 1.28 0.78 0.16 0.00 0.00 0.00 0.00
0.00 0.00 0.00 0.00 0.00 0.00 0.00 0.00 0.96 4.06 5.96 8.84 11.41 15.48 15.67 14.85 11.93 8.91 5.46 1.15 0.00 0.00 0.00 0.00
0.00 0.00 0.00 0.00 0.00 0.00 0.00 0.00 0.84 3.28 4.12 6.01 7.58 9.17 9.08 8.57 6.71 4.95 3.00 0.65 0.00 0.00 0.00 0.00
0.00 0.00 0.00 0.00 0.00 0.00 0.00 0.00 1.16 4.53 5.68 8.29 10.45 12.66 12.53 11.82 9.25 6.83 4.14 0.90 0.00 0.00 0.00 0.00
0.00 0.00 0.00 0.00 0.00 0.00 0.00 0.00 0.79 3.08 3.87 5.65 7.12 8.62 8.53 8.05 6.30 4.65 2.82 0.61 0.00 0.00 0.00 0.00
0.00 0.00 0.00 0.00 0.00 0.00 0.00 0.00 0.51 2.17 3.18 4.72 6.09 8.26 8.36 7.92 6.36 4.75 2.91 0.61 0.00 0.00 0.00 0.00
0.00 0.00 0.00 0.00 0.00 0.00 0.00 0.00 0.74 2.70 3.27 4.79 5.96 6.34 6.43 5.94 5.28 3.86 2.35 0.44 0.00 0.00 0.00 0.00
0.00 0.00 0.00 0.00 0.00 0.00 0.00 0.00 0.45 2.39 4.24 6.20 8.03 9.96 10.13 9.96 8.40 6.22 3.79 0.80 0.00 0.00 0.00 0.00
0.00 0.00 0.00 0.00 0.00 0.00 0.00 0.00 2.67 25.22 48.97 76.77 101.77 117.92 122.20 117.69 102.12 76.92 44.96 11.24 0.00 0.00 0.00 0.00
0.00 0.00 0.00 0.00 0.00 0.00 0.00 0.00 0.31 2.24 8.23 12.33 16.09 16.53 17.20 16.63 15.85 12.07 7.45 1.62 0.00 0.00 0.00 0.00
0.00 0.00 0.00 0.00 0.00 0.00 0.00 0.00 0.37 2.17 8.40 12.70 16.79 22.47 22.47 21.54 22.17 16.79 10.50 1.98 0.00 0.00 0.00 0.00
0.00 0.00 0.00 0.00 0.00 0.00 0.00 0.00 0.17 1.00 3.85 5.82 7.70 10.30 10.30 9.87 10.16 7.70 4.81 0.91 0.00 0.00 0.00 0.00
0.00 0.00 0.00 0.00 0.00 0.00 0.00 0.00 0.32 2.30 10.22 15.27 19.72 20.76 21.68 20.84 19.35 14.79 9.26 2.03 0.00 0.00 0.00 0.00
0.00 0.00 0.00 0.00 0.00 0.00 0.00 0.00 0.14 0.87 3.75 5.66 7.27 9.00 9.30 8.88 7.78 5.89 3.60 0.72 0.00 0.00 0.00 0.00
0.00 0.00 0.00 0.00 0.00 0.00 0.00 0.00 0.74 21.19 44.92 68.89 94.00 111.91 117.23 114.72 100.89 78.41 50.80 13.77 0.00 0.00 0.00 0.00
0.00 0.00 0.00 0.00 0.00 0.00 0.00 0.00 0.27 9.01 18.92 28.94 37.44 42.94 44.78 42.94 36.92 27.78 17.00 4.29 0.00 0.00 0.00 0.00
0.00 0.00 0.00 0.00 0.00 0.00 0.00 0.00 0.06 1.99 4.24 6.57 8.53 9.71 10.03 9.73 8.30 6.17 3.79 0.96 0.00 0.00 0.00 0.00
0.00 0.00 0.00 0.00 0.00 0.00 0.00 0.00 0.10 2.55 5.33 8.16 10.51 12.09 12.48 12.02 10.25 7.71 4.76 1.23 0.00 0.00 0.00 0.00
0.00 0.00 0.00 0.00 0.00 0.00 0.00 0.00 0.16 4.09 8.53 13.05 16.82 19.34 19.97 19.23 16.40 12.34 7.62 1.97 0.00 0.00 0.00 0.00
0.00 0.00 0.00 0.00 0.00 0.00 0.00 0.00 0.00 87.46 203.89 321.55 416.10 481.08 512.94 497.01 423.45 327.09 207.57 68.11 0.00 0.00 0.00 0.00
