0.00 0.00 0.00 0.00 0.00 0.00 0.00 0.00 0.00 0.21 1.16 1.92 2.73 3.59 3.76 3.59 3.14 2.23 1.30 0.09 0.00 0.00 0.00 0.00
0.00 0.00 0.00 0.00 0.00 0.00 0.00 0.00 0.00 8.17 11.55 17.43 22.90 20.01 20.36 19.66 17.83 12.67 6.91 0.20 0.00 0.00 0.00 0.00
0.00 0.00 0.00 0.00 0.00 0.00 0.00 0.00 0.00 4.79 26.49 44.02 62.41 81.98 86.08 82.03 71.86 51.04 29.81 2.12 0.00 0.00 0.00 0.00
0.00 0.00 0.00 0.00 0.00 0.00 0.00 0.00 0.00 17.02 94.13 156.43 221.81 291.37 305.94 291.52 255.39 181.39 105.95 7.52 0.00 0.00 0.00 0.00
0.00 0.00 0.00 0.00 0.00 0.00 0.00 0.00 0.00 1.29 2.89 4.23 5.47 7.09 7.23 6.62 3.14 2.21 1.07 0.00 0.00 0.00 0.00 0.00
0.00 0.00 0.00 0.00 0.00 0.00 0.00 0.00 0.00 34.22 216.05 363.55 521.84 639.73 674.53 639.13 545.22 391.90 236.22 23.80 0.00 0.00 0.00 0.00
0.00 0.00 0.00 0.00 0.00 0.00 0.00 0.00 0.00 0.77 2.26 3.44 4.61 5.60 5.76 5.31 4.84 3.47 1.73 0.00 0.00 0.00 0.00 0.00
0.00 0.00 0.00 0.00 0.00 0.00 0.00 0.00 0.00 0.42 0.89 1.33 1.74 1.38 1.45 1.38 1.20 0.85 0.46 0.01 0.00 0.00 0.00 0.00
0.00 0.00 0.00 0.00 0.00 0.00 0.00 0.00 0.00 0.67 1.42 2.12 2.78 2.21 2.32 2.20 1.92 1.37 0.73 0.01 0.00 0.00 0.00 0.00
0.00 0.00 0.00 0.00 0.00 0.00 0.00 0.00 0.00 0.67 1.42 2.12 2.78 2.21 2.32 2.20 1.92 1.37 0.73 0.01 0.00 0.00 0.00 0.00
0.00 0.00 0.00 0.00 0.00 0.00 0.00 0.00 0.00 0.74 4.69 7.14 9.70 8.13 8.55 8.21 6.05 4.40 2.41 0.10 0.00 0.00 0.00 0.00
0.00 0.00 0.00 0.00 0.00 0.00 0.00 0.00 0.00 0.35 2.17 3.30 4.55 3.54 3.68 3.52 2.70 1.94 1.06 0.04 0.00 0.00 0.00 0.00
0.00 0.00 0.00 0.00 0.00 0.00 0.00 0.00 0.00 0.45 2.79 4.24 5.85 4.55 4.73 4.53 3.48 2.49 1.36 0.05 0.00 0.00 0.00 0.00
0.00 0.00 0.00 0.00 0.00 0.00 0.00 0.00 0.00 0.30 1.86 2.83 3.90 3.03 3.16 3.02 2.32 1.66 0.91 0.03 0.00 0.00 0.00 0.00
0.00 0.00 0.00 0.00 0.00 0.00 0.00 0.00 0.00 0.30 1.86 2.83 3.90 3.03 3.16 3.02 2.32 1.66 0.91 0.03 0.00 0.00 0.00 0.00
0.00 0.00 0.00 0.00 0.00 0.00 0.00 0.00 0.00 6.26 13.56 20.76 29.25 29.54 31.14 30.14 25.71 18.37 10.70 1.45 0.00 0.00 0.00 0.00
0.00 0.00 0.00 0.00 0.00 0.00 0.00 0.00 0.00 2.51 14.52 22.03 29.42 26.34 27.73 26.39 18.94 13.46 7.26 0.18 0.00 0.00 0.00 0.00
0.00 0.00 0.00 0.00 0.00 0.00 0.00 0.00 0.00 2.24 12.44 19.09 25.48 28.91 29.88 28.32 21.24 15.45 8.36 0.12 0.00 0.00 0.00 0.00
0.00 0.00 0.00 0.00 0.00 0.00 0.00 0.00 0.00 10.09 63.73 107.23 153.92 188.70 198.96 188.52 160.82 115.60 69.68 7.02 0.00 0.00 0.00 0.00
0.00 0.00 0.00 0.00 0.00 0.00 0.00 0.00 0.00 9.60 60.62 102.00 146.42 179.49 189.26 179.33 152.98 109.96 66.28 6.68 0.00 0.00 0.00 0.00
0.00 0.00 0.00 0.00 0.00 0.00 0.00 0.00 0.00 18.46 116.57 196.16 281.57 345.18 363.96 344.86 294.19 211.46 127.46 12.84 0.00 0.00 0.00 0.00
0.00 0.00 0.00 0.00 0.00 0.00 0.00 0.00 0.00 18.16 114.63 192.89 276.88 339.42 357.89 339.11 289.28 207.93 125.33 12.63 0.00 0.00 0.00 0.00
0.00 0.00 0.00 0.00 0.00 0.00 0.00 0.00 0.00 19.25 122.92 207.21 292.00 386.95 403.74 382.60 327.90 234.07 136.36 9.57 0.00 0.00 0.00 0.00
0.00 0.00 0.00 0.00 0.00 0.00 0.00 0.00 0.00 0.42 0.89 1.33 1.74 1.38 1.45 1.38 1.20 0.85 0.46 0.01 0.00 0.00 0.00 0.00
0.00 0.00 0.00 0.00 0.00 0.00 0.00 0.00 0.00 2.13 4.49 6.72 8.82 7.00 7.36 6.97 6.08 4.32 2.32 0.04 0.00 0.00 0.00 0.00
0.00 0.00 0.00 0.00 0.00 0.00 0.00 0.00 0.00 10.89 22.91 34.33 45.02 35.72 37.59 35.61 31.04 22.08 11.84 0.20 0.00 0.00 0.00 0.00
0.00 0.00 0.00 0.00 0.00 0.00 0.00 0.00 0.00 0.69 4.35 7.32 10.51 12.89 13.59 12.87 10.98 7.89 4.76 0.48 0.00 0.00 0.00 0.00
0.00 0.00 0.00 0.00 0.00 0.00 0.00 0.00 0.00 16.75 92.66 153.99 218.36 286.83 301.17 286.98 251.41 178.56 104.30 7.41 0.00 0.00 0.00 0.00
0.00 0.00 0.00 0.00 0.00 0.00 0.00 0.00 0.00 1.90 7.25 11.45 15.55 16.22 17.61 17.13 12.17 9.36 5.42 0.56 0.00 0.00 0.00 0.00
0.00 0.00 0.00 0.00 0.00 0.00 0.00 0.00 0.00 10.85 47.51 77.00 106.55 140.51 144.14 135.44 113.88 83.57 46.00 1.07 0.00 0.00 0.00 0.00
0.00 0.00 0.00 0.00 0.00 0.00 0.00 0.00 0.00 0.28 1.54 2.57 3.64 4.78 5.02 4.78 4.19 2.98 1.74 0.12 0.00 0.00 0.00 0.00
0.00 0.00 0.00 0.00 0.00 0.00 0.00 0.00 0.00 12.56 69.50 115.49 163.77 215.12 225.87 215.23 188.56 133.92 78.22 5.55 0.00 0.00 0.00 0.00
0.00 0.00 0.00 0.00 0.00 0.00 0.00 0.00 0.00 16.12 89.19 148.22 210.17 276.07 289.87 276.21 241.98 171.86 100.39 7.13 0.00 0.00 0.00 0.00
0.00 0.00 0.00 0.00 0.00 0.00 0.00 0.00 0.00 25.38 162.10 273.26 385.08 510.28 532.43 504.55 432.41 308.67 179.83 12.62 0.00 0.00 0.00 0.00
0.00 0.00 0.00 0.00 0.00 0.00 0.00 0.00 0.00 0.78 2.90 4.42 6.17 4.98 5.37 5.08 3.89 2.78 1.55 0.10 0.00 0.00 0.00 0.00
0.00 0.00 0.00 0.00 0.00 0.00 0.00 0.00 0.00 0.75 3.81 5.80 8.11 6.44 6.87 6.55 4.95 3.54 1.96 0.11 0.00 0.00 0.00 0.00
0.00 0.00 0.00 0.00 0.00 0.00 0.00 0.00 0.00 7.82 29.92 47.23 64.15 66.91 72.66 70.66 50.20 38.60 22.36 2.33 0.00 0.00 0.00 0.00
0.00 0.00 0.00 0.00 0.00 0.00 0.00 0.00 0.00 4.27 115.98 208.82 292.16 363.27 390.12 372.79 318.83 231.04 135.33 10.52 0.00 0.00 0.00 0.00
0.00 0.00 0.00 0.00 0.00 0.00 0.00 0.00 0.00 0.23 1.09 1.64 2.21 2.21 2.31 2.20 1.46 1.05 0.56 0.00 0.00 0.00 0.00 0.00
0.00 0.00 0.00 0.00 0.00 0.00 0.00 0.00 0.00 4.64 22.67 37.33 52.35 73.85 76.05 71.30 61.37 44.35 25.32 1.47 0.00 0.00 0.00 0.00
0.00 0.00 0.00 0.00 0.00 0.00 0.00 0.00 0.00 1.00 6.71 11.53 16.53 16.30 17.69 16.81 17.93 13.18 8.20 2.02 0.00 0.00 0.00 0.00
0.00 0.00 0.00 0.00 0.00 0.00 0.00 0.00 0.00 0.93 2.67 4.04 5.37 6.62 6.65 6.15 5.44 3.88 1.90 0.00 0.00 0.00 0.00 0.00
0.00 0.00 0.00 0.00 0.00 0.00 0.00 0.00 0.00 0.47 1.33 2.02 2.69 3.31 3.32 3.07 2.72 1.94 0.95 0.00 0.00 0.00 0.00 0.00
0.00 0.00 0.00 0.00 0.00 0.00 0.00 0.00 0.00 1.02 2.92 4.41 5.88 7.24 7.27 6.72 5.95 4.24 2.08 0.00 0.00 0.00 0.00 0.00
0.00 0.00 0.00 0.00 0.00 0.00 0.00 0.00 0.00 1.23 3.38 5.10 6.72 8.28 8.43 7.92 7.45 5.32 2.63 0.00 0.00 0.00 0.00 0.00
0.00 0.00 0.00 0.00 0.00 0.00 0.00 0.00 0.00 1.87 5.14 7.76 10.24 12.61 12.85 12.06 11.35 8.11 4.01 0.00 0.00 0.00 0.00 0.00
0.00 0.00 0.00 0.00 0.00 0.00 0.00 0.00 0.00 1.56 4.58 6.96 9.47 11.46 11.56 10.63 9.88 7.08 3.55 0.00 0.00 0.00 0.00 0.00
0.00 0.00 0.00 0.00 0.00 0.00 0.00 0.00 0.00 0.97 4.10 6.54 8.97 10.92 11.10 10.59 8.94 6.49 3.44 0.00 0.00 0.00 0.00 0.00
0.00 0.00 0.00 0.00 0.00 0.00 0.00 0.00 0.00 2.52 10.59 16.90 23.16 28.20 28.69 27.36 23.09 16.76 8.88 0.00 0.00 0.00 0.00 0.00
0.00 0.00 0.00 0.00 0.00 0.00 0.00 0.00 0.00 0.67 2.48 3.95 5.38 7.49 7.61 7.23 5.98 4.37 2.37 0.02 0.00 0.00 0.00 0.00
0.00 0.00 0.00 0.00 0.00 0.00 0.00 0.00 0.00 1.19 4.76 7.11 9.35 10.19 10.53 10.01 6.25 4.48 2.33 0.00 0.00 0.00 0.00 0.00
0.00 0.00 0.00 0.00 0.00 0.00 0.00 0.00 0.00 3.05 8.13 12.27 16.60 20.41 21.02 19.47 18.48 13.31 6.82 0.00 0.00 0.00 0.00 0.00
0.00 0.00 0.00 0.00 0.00 0.00 0.00 0.00 0.00 0.38 0.79 1.16 1.49 2.37 2.40 2.23 1.17 0.83 0.40 0.00 0.00 0.00 0.00 0.00
0.00 0.00 0.00 0.00 0.00 0.00 0.00 0.00 0.00 1.73 4.68 6.91 9.12 9.07 9.17 8.49 6.45 4.59 2.34 0.00 0.00 0.00 0.00 0.00
0.00 0.00 0.00 0.00 0.00 0.00 0.00 0.00 0.00 1.41 3.46 5.13 6.65 7.28 7.38 6.83 4.17 2.94 1.46 0.00 0.00 0.00 0.00 0.00
0.00 0.00 0.00 0.00 0.00 0.00 0.00 0.00 0.00 1.94 4.78 7.07 9.18 10.04 10.19 9.42 5.76 4.05 2.02 0.00 0.00 0.00 0.00 0.00
0.00 0.00 0.00 0.00 0.00 0.00 0.00 0.00 0.00 1.32 3.26 4.82 6.25 6.84 6.94 6.42 3.92 2.76 1.37 0.00 0.00 0.00 0.00 0.00
0.00 0.00 0.00 0.00 0.00 0.00 0.00 0.00 0.00 0.92 2.50 3.68 4.86 4.84 4.89 4.53 3.44 2.45 1.25 0.00 0.00 0.00 0.00 0.00
0.00 0.00 0.00 0.00 0.00 0.00 0.00 0.00 0.00 1.16 2.73 4.03 5.10 5.59 5.75 5.29 3.02 2.13 1.04 0.00 0.00 0.00 0.00 0.00
0.00 0.00 0.00 0.00 0.00 0.00 0.00 0.00 0.00 1.21 2.54 3.80 4.99 3.96 4.17 3.95 3.44 2.45 1.31 0.02 0.00 0.00 0.00 0.00
0.00 0.00 0.00 0.00 0.00 0.00 0.00 0.00 0.00 8.14 17.65 27.03 38.08 38.45 40.53 39.23 33.46 23.91 13.92 1.89 0.00 0.00 0.00 0.00
0.00 0.00 0.00 0.00 0.00 0.00 0.00 0.00 0.00 0.84 5.31 8.09 10.99 9.21 9.69 9.30 6.85 4.99 2.73 0.11 0.00 0.00 0.00 0.00
0.00 0.00 0.00 0.00 0.00 0.00 0.00 0.00 0.00 1.64 7.15 10.73 14.63 11.61 11.97 11.45 8.62 6.20 3.31 0.00 0.00 0.00 0.00 0.00
0.00 0.00 0.00 0.00 0.00 0.00 0.00 0.00 0.00 0.75 3.28 4.92 6.71 5.32 5.49 5.25 3.95 2.84 1.52 0.00 0.00 0.00 0.00 0.00
0.00 0.00 0.00 0.00 0.00 0.00 0.00 0.00 0.00 1.03 6.59 10.03 13.54 11.86 12.43 11.93 8.71 6.38 3.48 0.14 0.00 0.00 0.00 0.00
0.00 0.00 0.00 0.00 0.00 0.00 0.00 0.00 0.00 0.57 2.64 3.99 5.36 5.37 5.60 5.34 3.55 2.55 1.36 0.00 0.00 0.00 0.00 0.00
0.00 0.00 0.00 0.00 0.00 0.00 0.00 0.00 0.00 8.09 30.98 48.90 66.42 69.28 75.23 73.16 51.98 39.97 23.15 2.41 0.00 0.00 0.00 0.00
0.00 0.00 0.00 0.00 0.00 0.00 0.00 0.00 0.00 2.59 11.36 18.41 25.48 33.60 34.47 32.39 27.23 19.98 11.00 0.26 0.00 0.00 0.00 0.00
0.00 0.00 0.00 0.00 0.00 0.00 0.00 0.00 0.00 0.59 2.36 3.81 5.26 7.78 7.94 7.45 6.25 4.57 2.53 0.08 0.00 0.00 0.00 0.00
0.00 0.00 0.00 0.00 0.00 0.00 0.00 0.00 0.00 0.77 3.10 4.98 6.86 9.03 9.40 8.87 7.96 5.76 3.21 0.09 0.00 0.00 0.00 0.00
0.00 0.00 0.00 0.00 0.00 0.00 0.00 0.00 0.00 1.24 4.97 7.97 10.97 14.45 15.05 14.19 12.74 9.22 5.14 0.14 0.00 0.00 0.00 0.00
0.00 0.00 0.00 0.00 0.00 0.00 0.00 0.00 0.00 18.77 118.51 199.43 286.26 350.93 370.02 350.60 299.09 214.98 129.58 13.06 0.00 0.00 0.00 0.00
