0.00 0.00 0.00 0.00 0.00 0.00 0.00 0.00 0.00 0.48 1.29 2.07 2.75 3.31 3.45 3.31 3.83 2.91 1.74 0.53 0.00 0.00 0.00 0.00
0.00 0.00 0.00 0.00 0.00 0.00 0.00 0.00 0.46 7.48 10.91 16.33 20.75 17.35 17.84 17.34 15.24 11.18 6.64 1.91 0.00 0.00 0.00 0.00
0.00 0.00 0.00 0.00 0.00 0.00 0.00 0.00 0.00 10.94 29.54 47.43 62.82 75.67 78.93 75.72 87.55 66.60 39.89 12.07 0.00 0.00 0.00 0.00
0.00 0.00 0.00 0.00 0.00 0.00 0.00 0.00 0.00 38.89 104.98 168.56 223.24 268.93 280.52 269.10 311.13 236.69 141.75 42.91 0.00 0.00 0.00 0.00
0.00 0.00 0.00 0.00 0.00 0.00 0.00 0.00 0.23 1.38 2.21 3.40 4.24 4.12 4.16 3.82 1.89 1.35 0.79 0.14 0.00 0.00 0.00 0.00
0.00 0.00 0.00 0.00 0.00 0.00 0.00 0.00 0.00 102.35 271.49 443.82 584.15 765.38 818.63 793.32 778.12 596.35 371.16 113.73 0.00 0.00 0.00 0.00
0.00 0.00 0.00 0.00 0.00 0.00 0.00 0.00 0.04 1.06 2.35 3.57 4.45 5.82 5.83 5.49 5.61 4.15 2.46 0.44 0.00 0.00 0.00 0.00
0.00 0.00 0.00 0.00 0.00 0.00 0.00 0.00 0.02 0.42 0.67 1.02 1.34 0.99 1.02 1.00 0.93 0.68 0.41 0.15 0.00 0.00 0.00 0.00
0.00 0.00 0.00 0.00 0.00 0.00 0.00 0.00 0.04 0.68 1.08 1.62 2.14 1.59 1.63 1.61 1.49 1.09 0.65 0.24 0.00 0.00 0.00 0.00
0.00 0.00 0.00 0.00 0.00 0.00 0.00 0.00 0.04 0.68 1.08 1.62 2.14 1.59 1.63 1.61 1.49 1.09 0.65 0.24 0.00 0.00 0.00 0.00
0.00 0.00 0.00 0.00 0.00 0.00 0.00 0.00 0.00 1.85 3.44 5.33 7.09 6.05 6.31 6.11 6.53 4.92 2.97 1.07 0.00 0.00 0.00 0.00
0.00 0.00 0.00 0.00 0.00 0.00 0.00 0.00 0.00 0.87 1.57 2.44 3.26 2.80 2.85 2.78 2.89 2.17 1.27 0.47 0.00 0.00 0.00 0.00
0.00 0.00 0.00 0.00 0.00 0.00 0.00 0.00 0.00 1.12 2.02 3.14 4.19 3.61 3.67 3.57 3.71 2.79 1.64 0.60 0.00 0.00 0.00 0.00
0.00 0.00 0.00 0.00 0.00 0.00 0.00 0.00 0.00 0.75 1.34 2.09 2.80 2.40 2.45 2.38 2.47 1.86 1.09 0.40 0.00 0.00 0.00 0.00
0.00 0.00 0.00 0.00 0.00 0.00 0.00 0.00 0.00 0.75 1.34 2.09 2.80 2.40 2.45 2.38 2.47 1.86 1.09 0.40 0.00 0.00 0.00 0.00
0.00 0.00 0.00 0.00 0.00 0.00 0.00 0.00 0.00 6.70 12.79 20.77 28.17 42.29 44.07 42.58 48.63 36.38 20.89 7.12 0.00 0.00 0.00 0.00
0.00 0.00 0.00 0.00 0.00 0.00 0.00 0.00 0.01 5.57 10.35 15.98 21.10 17.74 18.29 17.33 18.73 14.20 8.30 3.18 0.00 0.00 0.00 0.00
0.00 0.00 0.00 0.00 0.00 0.00 0.00 0.00 0.00 4.90 9.63 14.64 19.08 18.32 18.69 17.98 18.95 14.24 8.61 3.03 0.00 0.00 0.00 0.00
0.00 0.00 0.00 0.00 0.00 0.00 0.00 0.00 0.00 30.19 80.08 130.91 172.30 225.76 241.47 234.00 229.52 175.90 109.48 33.55 0.00 0.00 0.00 0.00
0.00 0.00 0.00 0.00 0.00 0.00 0.00 0.00 0.00 28.72 76.17 124.53 163.90 214.75 229.69 222.59 218.32 167.32 104.14 31.91 0.00 0.00 0.00 0.00
0.00 0.00 0.00 0.00 0.00 0.00 0.00 0.00 0.00 55.22 146.49 239.47 315.19 412.98 441.71 428.05 419.85 321.77 200.27 61.37 0.00 0.00 0.00 0.00
0.00 0.00 0.00 0.00 0.00 0.00 0.00 0.00 0.00 54.30 144.04 235.48 309.94 406.09 434.35 420.92 412.85 316.41 196.93 60.34 0.00 0.00 0.00 0.00
0.00 0.00 0.00 0.00 0.00 0.00 0.00 0.00 0.00 51.26 125.18 204.37 273.48 356.53 364.30 345.16 379.30 284.89 174.01 54.81 0.00 0.00 0.00 0.00
0.00 0.00 0.00 0.00 0.00 0.00 0.00 0.00 0.02 0.42 0.67 1.02 1.34 0.99 1.02 1.00 0.93 0.68 0.41 0.15 0.00 0.00 0.00 0.00
0.00 0.00 0.00 0.00 0.00 0.00 0.00 0.00 0.12 2.14 3.41 5.14 6.79 5.04 5.16 5.09 4.72 3.46 2.05 0.75 0.00 0.00 0.00 0.00
0.00 0.00 0.00 0.00 0.00 0.00 0.00 0.00 0.61 10.93 17.39 26.26 34.64 25.72 26.32 25.97 24.09 17.64 10.48 3.81 0.00 0.00 0.00 0.00
0.00 0.00 0.00 0.00 0.00 0.00 0.00 0.00 0.00 2.06 5.47 8.94 11.77 15.42 16.49 15.98 15.67 12.01 7.48 2.29 0.00 0.00 0.00 0.00
0.00 0.00 0.00 0.00 0.00 0.00 0.00 0.00 0.00 38.28 103.34 165.93 219.76 264.74 276.14 264.90 306.28 233.00 139.54 42.24 0.00 0.00 0.00 0.00
0.00 0.00 0.00 0.00 0.00 0.00 0.00 0.00 0.00 2.53 5.32 8.41 11.64 14.25 14.97 14.66 14.98 11.57 7.35 2.77 0.00 0.00 0.00 0.00
0.00 0.00 0.00 0.00 0.00 0.00 0.00 0.00 0.00 18.28 42.09 66.67 87.75 124.41 130.27 125.02 139.28 103.82 61.95 15.73 0.00 0.00 0.00 0.00
0.00 0.00 0.00 0.00 0.00 0.00 0.00 0.00 0.00 0.64 1.72 2.77 3.66 4.41 4.60 4.42 5.10 3.88 2.33 0.70 0.00 0.00 0.00 0.00
0.00 0.00 0.00 0.00 0.00 0.00 0.00 0.00 0.00 28.71 77.50 124.45 164.82 198.56 207.11 198.68 229.71 174.75 104.66 31.68 0.00 0.00 0.00 0.00
0.00 0.00 0.00 0.00 0.00 0.00 0.00 0.00 0.00 36.85 99.46 159.71 211.52 254.82 265.79 254.97 294.80 224.26 134.31 40.66 0.00 0.00 0.00 0.00
0.00 0.00 0.00 0.00 0.00 0.00 0.00 0.00 0.00 67.60 165.08 269.51 360.65 470.17 480.43 455.18 500.20 375.69 229.48 72.28 0.00 0.00 0.00 0.00
0.00 0.00 0.00 0.00 0.00 0.00 0.00 0.00 0.00 1.29 2.30 3.60 4.79 4.54 4.70 4.58 4.88 3.65 2.18 0.68 0.00 0.00 0.00 0.00
0.00 0.00 0.00 0.00 0.00 0.00 0.00 0.00 0.00 1.67 2.95 4.52 6.06 5.63 5.79 5.63 5.99 4.49 2.67 0.86 0.00 0.00 0.00 0.00
0.00 0.00 0.00 0.00 0.00 0.00 0.00 0.00 0.00 10.42 21.95 34.69 48.03 58.78 61.76 60.46 61.79 47.71 30.33 11.42 0.00 0.00 0.00 0.00
0.00 0.00 0.00 0.00 0.00 0.00 0.00 0.00 0.00 50.14 130.02 215.32 292.90 292.70 303.83 292.17 354.57 280.02 173.93 56.36 0.00 0.00 0.00 0.00
0.00 0.00 0.00 0.00 0.00 0.00 0.00 0.00 0.01 0.44 0.80 1.25 1.64 1.31 1.36 1.30 1.33 0.99 0.59 0.22 0.00 0.00 0.00 0.00
0.00 0.00 0.00 0.00 0.00 0.00 0.00 0.00 0.00 9.71 22.93 37.07 48.91 63.79 65.91 63.10 69.65 52.12 31.60 9.24 0.00 0.00 0.00 0.00
0.00 0.00 0.00 0.00 0.00 0.00 0.00 0.00 0.00 4.70 13.27 21.37 28.86 33.57 34.13 33.24 29.55 22.66 14.50 4.58 0.00 0.00 0.00 0.00
0.00 0.00 0.00 0.00 0.00 0.00 0.00 0.00 0.07 1.16 2.73 4.17 5.30 6.79 6.74 6.21 6.21 4.63 2.77 0.47 0.00 0.00 0.00 0.00
0.00 0.00 0.00 0.00 0.00 0.00 0.00 0.00 0.03 0.58 1.36 2.09 2.65 3.39 3.37 3.10 3.10 2.31 1.38 0.23 0.00 0.00 0.00 0.00
0.00 0.00 0.00 0.00 0.00 0.00 0.00 0.00 0.07 1.27 2.98 4.56 5.80 7.42 7.37 6.79 6.79 5.06 3.03 0.51 0.00 0.00 0.00 0.00
0.00 0.00 0.00 0.00 0.00 0.00 0.00 0.00 0.10 1.70 3.42 5.30 6.60 8.54 8.51 7.96 8.07 6.04 3.58 0.62 0.00 0.00 0.00 0.00
0.00 0.00 0.00 0.00 0.00 0.00 0.00 0.00 0.15 2.59 5.21 8.07 10.05 13.01 12.96 12.14 12.29 9.21 5.46 0.95 0.00 0.00 0.00 0.00
0.00 0.00 0.00 0.00 0.00 0.00 0.00 0.00 0.07 2.22 4.72 7.20 8.93 11.90 12.02 11.38 11.18 8.42 5.01 0.93 0.00 0.00 0.00 0.00
0.00 0.00 0.00 0.00 0.00 0.00 0.00 0.00 0.00 1.45 3.58 5.53 7.07 10.17 10.67 10.27 10.23 7.63 4.45 0.92 0.00 0.00 0.00 0.00
0.00 0.00 0.00 0.00 0.00 0.00 0.00 0.00 0.00 3.74 9.25 14.29 18.27 26.28 27.57 26.54 26.42 19.72 11.50 2.36 0.00 0.00 0.00 0.00
0.00 0.00 0.00 0.00 0.00 0.00 0.00 0.00 0.00 1.07 2.39 3.75 4.99 6.62 6.87 6.50 7.16 5.34 3.18 0.77 0.00 0.00 0.00 0.00
0.00 0.00 0.00 0.00 0.00 0.00 0.00 0.00 0.11 1.93 3.23 4.96 6.37 5.16 5.35 5.15 4.88 3.65 2.20 0.70 0.00 0.00 0.00 0.00
0.00 0.00 0.00 0.00 0.00 0.00 0.00 0.00 0.16 3.82 7.09 10.62 13.39 15.23 15.53 14.77 16.09 11.99 7.03 1.74 0.00 0.00 0.00 0.00
0.00 0.00 0.00 0.00 0.00 0.00 0.00 0.00 0.08 0.50 0.71 1.06 1.34 1.16 1.16 1.11 0.61 0.44 0.26 0.06 0.00 0.00 0.00 0.00
0.00 0.00 0.00 0.00 0.00 0.00 0.00 0.00 0.26 2.16 3.96 6.03 7.92 6.05 6.17 5.87 3.97 2.93 1.75 0.46 0.00 0.00 0.00 0.00
0.00 0.00 0.00 0.00 0.00 0.00 0.00 0.00 0.21 1.51 2.73 4.10 5.25 4.35 4.33 4.10 2.50 1.82 1.07 0.27 0.00 0.00 0.00 0.00
0.00 0.00 0.00 0.00 0.00 0.00 0.00 0.00 0.30 2.09 3.77 5.65 7.24 6.00 5.97 5.65 3.45 2.51 1.48 0.37 0.00 0.00 0.00 0.00
0.00 0.00 0.00 0.00 0.00 0.00 0.00 0.00 0.20 1.42 2.57 3.85 4.93 4.09 4.07 3.85 2.35 1.71 1.01 0.25 0.00 0.00 0.00 0.00
0.00 0.00 0.00 0.00 0.00 0.00 0.00 0.00 0.14 1.15 2.11 3.22 4.22 3.23 3.29 3.13 2.12 1.56 0.93 0.24 0.00 0.00 0.00 0.00
0.00 0.00 0.00 0.00 0.00 0.00 0.00 0.00 0.19 1.19 2.06 3.09 3.91 3.55 3.62 3.36 1.74 1.26 0.74 0.15 0.00 0.00 0.00 0.00
0.00 0.00 0.00 0.00 0.00 0.00 0.00 0.00 0.07 1.21 1.93 2.91 3.84 2.85 2.92 2.88 2.67 1.96 1.16 0.42 0.00 0.00 0.00 0.00
0.00 0.00 0.00 0.00 0.00 0.00 0.00 0.00 0.00 8.72 16.65 27.04 36.66 55.04 57.37 55.42 63.29 47.35 27.19 9.26 0.00 0.00 0.00 0.00
0.00 0.00 0.00 0.00 0.00 0.00 0.00 0.00 0.00 2.10 3.90 6.04 8.04 6.85 7.15 6.92 7.40 5.58 3.36 1.22 0.00 0.00 0.00 0.00
0.00 0.00 0.00 0.00 0.00 0.00 0.00 0.00 0.08 2.76 4.44 6.94 9.36 7.91 7.97 7.69 7.26 5.44 3.31 1.12 0.00 0.00 0.00 0.00
0.00 0.00 0.00 0.00 0.00 0.00 0.00 0.00 0.04 1.27 2.04 3.18 4.29 3.62 3.65 3.52 3.33 2.49 1.52 0.51 0.00 0.00 0.00 0.00
0.00 0.00 0.00 0.00 0.00 0.00 0.00 0.00 0.00 2.58 4.82 7.45 9.83 8.46 8.87 8.53 9.20 6.96 4.25 1.51 0.00 0.00 0.00 0.00
0.00 0.00 0.00 0.00 0.00 0.00 0.00 0.00 0.02 1.08 1.94 3.04 3.99 3.18 3.31 3.17 3.22 2.41 1.43 0.54 0.00 0.00 0.00 0.00
0.00 0.00 0.00 0.00 0.00 0.00 0.00 0.00 0.00 10.79 22.72 35.92 49.73 60.86 63.94 62.60 63.98 49.40 31.40 11.82 0.00 0.00 0.00 0.00
0.00 0.00 0.00 0.00 0.00 0.00 0.00 0.00 0.00 4.37 10.07 15.94 20.98 29.75 31.15 29.90 33.31 24.83 14.81 3.76 0.00 0.00 0.00 0.00
0.00 0.00 0.00 0.00 0.00 0.00 0.00 0.00 0.00 1.03 2.26 3.63 4.80 6.81 7.06 6.85 7.23 5.32 3.18 0.82 0.00 0.00 0.00 0.00
0.00 0.00 0.00 0.00 0.00 0.00 0.00 0.00 0.00 1.34 3.19 5.05 6.61 7.87 8.17 7.87 8.46 6.31 3.81 1.05 0.00 0.00 0.00 0.00
0.00 0.00 0.00 0.00 0.00 0.00 0.00 0.00 0.00 2.14 5.11 8.07 10.58 12.60 13.06 12.60 13.54 10.10 6.09 1.68 0.00 0.00 0.00 0.00
0.00 0.00 0.00 0.00 0.00 0.00 0.00 0.00 0.00 56.14 148.93 243.46 320.44 419.86 449.07 435.19 426.85 327.13 203.60 62.39 0.00 0.00 0.00 0.00
