0.00 0.00 0.00 0.00 0.00 0.00 0.00 0.00 0.00 0.44 1.56 2.40 3.12 3.45 3.53 3.16 2.43 1.66 0.68 0.00 0.00 0.00 0.00 0.00
0.00 0.00 0.00 0.00 0.00 0.00 0.00 0.00 0.00 12.81 30.30 43.69 53.83 57.56 58.88 51.91 31.16 20.33 7.22 0.00 0.00 0.00 0.00 0.00
0.00 0.00 0.00 0.00 0.00 0.00 0.00 0.00 0.00 10.12 35.71 54.80 71.24 78.92 80.74 72.18 55.67 37.85 15.45 0.00 0.00 0.00 0.00 0.00
0.00 0.00 0.00 0.00 0.00 0.00 0.00 0.00 0.00 35.98 126.93 194.76 253.18 280.48 286.95 256.52 197.86 134.52 54.90 0.00 0.00 0.00 0.00 0.00
0.00 0.00 0.00 0.00 0.00 0.00 0.00 0.00 0.00 2.46 5.47 7.73 9.29 9.98 9.79 8.37 6.29 3.87 0.91 0.00 0.00 0.00 0.00 0.00
0.00 0.00 0.00 0.00 0.00 0.00 0.00 0.00 0.00 73.52 280.67 433.65 563.75 639.50 663.67 606.34 473.88 322.80 143.29 0.00 0.00 0.00 0.00 0.00
0.00 0.00 0.00 0.00 0.00 0.00 0.00 0.00 0.00 1.19 3.10 4.43 5.49 5.99 5.92 5.22 3.83 2.36 0.57 0.00 0.00 0.00 0.00 0.00
0.00 0.00 0.00 0.00 0.00 0.00 0.00 0.00 0.00 0.76 1.81 2.60 3.21 3.48 3.51 3.10 2.35 1.53 0.52 0.00 0.00 0.00 0.00 0.00
0.00 0.00 0.00 0.00 0.00 0.00 0.00 0.00 0.00 1.21 2.89 4.17 5.13 5.57 5.62 4.96 3.75 2.44 0.82 0.00 0.00 0.00 0.00 0.00
0.00 0.00 0.00 0.00 0.00 0.00 0.00 0.00 0.00 1.21 2.89 4.17 5.13 5.57 5.62 4.96 3.75 2.44 0.82 0.00 0.00 0.00 0.00 0.00
0.00 0.00 0.00 0.00 0.00 0.00 0.00 0.00 0.00 2.60 6.70 9.56 12.07 13.32 13.32 11.79 9.32 6.12 2.15 0.00 0.00 0.00 0.00 0.00
0.00 0.00 0.00 0.00 0.00 0.00 0.00 0.00 0.00 1.24 3.16 4.50 5.68 6.29 6.31 5.58 4.32 2.84 1.00 0.00 0.00 0.00 0.00 0.00
0.00 0.00 0.00 0.00 0.00 0.00 0.00 0.00 0.00 1.59 4.06 5.79 7.30 8.08 8.11 7.18 5.55 3.65 1.28 0.00 0.00 0.00 0.00 0.00
0.00 0.00 0.00 0.00 0.00 0.00 0.00 0.00 0.00 1.06 2.71 3.86 4.87 5.39 5.41 4.79 3.70 2.43 0.86 0.00 0.00 0.00 0.00 0.00
0.00 0.00 0.00 0.00 0.00 0.00 0.00 0.00 0.00 1.06 2.71 3.86 4.87 5.39 5.41 4.79 3.70 2.43 0.86 0.00 0.00 0.00 0.00 0.00
0.00 0.00 0.00 0.00 0.00 0.00 0.00 0.00 0.00 13.19 24.16 35.84 45.78 42.42 44.52 39.89 32.25 20.91 8.80 0.00 0.00 0.00 0.00 0.00
0.00 0.00 0.00 0.00 0.00 0.00 0.00 0.00 0.00 7.91 20.08 28.58 36.54 41.20 40.80 35.54 27.52 17.92 6.03 0.00 0.00 0.00 0.00 0.00
0.00 0.00 0.00 0.00 0.00 0.00 0.00 0.00 0.00 6.38 16.67 23.92 29.58 33.23 33.59 29.11 22.84 14.89 5.01 0.00 0.00 0.00 0.00 0.00
0.00 0.00 0.00 0.00 0.00 0.00 0.00 0.00 0.00 21.69 82.79 127.91 166.29 188.63 195.76 178.85 139.78 95.21 42.27 0.00 0.00 0.00 0.00 0.00
0.00 0.00 0.00 0.00 0.00 0.00 0.00 0.00 0.00 20.63 78.75 121.67 158.17 179.43 186.21 170.13 132.96 90.57 40.20 0.00 0.00 0.00 0.00 0.00
0.00 0.00 0.00 0.00 0.00 0.00 0.00 0.00 0.00 39.67 151.44 233.98 304.18 345.05 358.10 327.16 255.69 174.17 77.32 0.00 0.00 0.00 0.00 0.00
0.00 0.00 0.00 0.00 0.00 0.00 0.00 0.00 0.00 39.01 148.91 230.08 299.11 339.30 352.13 321.71 251.43 171.27 76.03 0.00 0.00 0.00 0.00 0.00
0.00 0.00 0.00 0.00 0.00 0.00 0.00 0.00 0.00 42.15 159.03 247.31 324.04 358.63 370.87 330.13 253.89 172.03 69.14 0.00 0.00 0.00 0.00 0.00
0.00 0.00 0.00 0.00 0.00 0.00 0.00 0.00 0.00 0.76 1.81 2.60 3.21 3.48 3.51 3.10 2.35 1.53 0.52 0.00 0.00 0.00 0.00 0.00
0.00 0.00 0.00 0.00 0.00 0.00 0.00 0.00 0.00 3.83 9.16 13.20 16.25 17.65 17.80 15.69 11.89 7.73 2.61 0.00 0.00 0.00 0.00 0.00
0.00 0.00 0.00 0.00 0.00 0.00 0.00 0.00 0.00 19.57 46.75 67.37 82.95 90.10 90.87 80.12 60.69 39.47 13.32 0.00 0.00 0.00 0.00 0.00
0.00 0.00 0.00 0.00 0.00 0.00 0.00 0.00 0.00 1.48 5.65 8.74 11.36 12.88 13.37 12.21 9.55 6.50 2.89 0.00 0.00 0.00 0.00 0.00
0.00 0.00 0.00 0.00 0.00 0.00 0.00 0.00 0.00 35.42 124.95 191.73 249.23 276.11 282.48 252.53 194.77 132.42 54.05 0.00 0.00 0.00 0.00 0.00
0.00 0.00 0.00 0.00 0.00 0.00 0.00 0.00 0.00 3.45 10.05 14.75 18.54 20.88 21.65 19.36 15.60 10.61 4.35 0.00 0.00 0.00 0.00 0.00
0.00 0.00 0.00 0.00 0.00 0.00 0.00 0.00 0.00 19.06 62.30 93.81 120.26 131.57 132.31 118.28 88.27 57.71 19.57 0.00 0.00 0.00 0.00 0.00
0.00 0.00 0.00 0.00 0.00 0.00 0.00 0.00 0.00 0.59 2.08 3.20 4.15 4.60 4.71 4.21 3.25 2.21 0.90 0.00 0.00 0.00 0.00 0.00
0.00 0.00 0.00 0.00 0.00 0.00 0.00 0.00 0.00 26.56 93.71 143.79 186.92 207.08 211.86 189.39 146.08 99.32 40.53 0.00 0.00 0.00 0.00 0.00
0.00 0.00 0.00 0.00 0.00 0.00 0.00 0.00 0.00 34.09 120.26 184.54 239.88 265.75 271.88 243.06 187.47 127.46 52.02 0.00 0.00 0.00 0.00 0.00
0.00 0.00 0.00 0.00 0.00 0.00 0.00 0.00 0.00 55.58 209.72 326.13 427.32 472.94 489.09 435.36 334.82 226.87 91.18 0.00 0.00 0.00 0.00 0.00
0.00 0.00 0.00 0.00 0.00 0.00 0.00 0.00 0.00 1.90 4.88 6.98 8.80 9.80 10.00 8.99 6.88 4.57 1.69 0.00 0.00 0.00 0.00 0.00
0.00 0.00 0.00 0.00 0.00 0.00 0.00 0.00 0.00 2.36 6.07 8.67 10.93 12.19 12.52 11.18 8.59 5.69 2.09 0.00 0.00 0.00 0.00 0.00
0.00 0.00 0.00 0.00 0.00 0.00 0.00 0.00 0.00 14.24 41.44 60.84 76.47 86.14 89.29 79.86 64.35 43.76 17.94 0.00 0.00 0.00 0.00 0.00
0.00 0.00 0.00 0.00 0.00 0.00 0.00 0.00 0.00 21.26 133.24 219.53 292.99 333.75 339.80 301.65 238.12 161.06 63.62 0.00 0.00 0.00 0.00 0.00
0.00 0.00 0.00 0.00 0.00 0.00 0.00 0.00 0.00 0.63 1.58 2.23 2.81 3.13 3.15 2.74 2.09 1.35 0.43 0.00 0.00 0.00 0.00 0.00
0.00 0.00 0.00 0.00 0.00 0.00 0.00 0.00 0.00 8.87 30.38 46.32 60.48 67.52 68.62 60.97 46.07 30.83 11.78 0.00 0.00 0.00 0.00 0.00
0.00 0.00 0.00 0.00 0.00 0.00 0.00 0.00 0.00 2.48 10.07 15.85 21.01 24.22 25.24 23.30 18.29 12.36 5.93 0.00 0.00 0.00 0.00 0.00
0.00 0.00 0.00 0.00 0.00 0.00 0.00 0.00 0.00 1.43 3.67 5.22 6.39 6.94 6.93 5.93 4.48 2.72 0.60 0.00 0.00 0.00 0.00 0.00
0.00 0.00 0.00 0.00 0.00 0.00 0.00 0.00 0.00 0.71 1.84 2.61 3.20 3.47 3.46 2.97 2.24 1.36 0.30 0.00 0.00 0.00 0.00 0.00
0.00 0.00 0.00 0.00 0.00 0.00 0.00 0.00 0.00 1.56 4.01 5.71 6.99 7.59 7.57 6.49 4.90 2.98 0.65 0.00 0.00 0.00 0.00 0.00
0.00 0.00 0.00 0.00 0.00 0.00 0.00 0.00 0.00 1.89 4.74 6.73 8.29 9.06 9.07 7.88 5.90 3.62 0.84 0.00 0.00 0.00 0.00 0.00
0.00 0.00 0.00 0.00 0.00 0.00 0.00 0.00 0.00 2.87 7.23 10.26 12.62 13.80 13.83 12.00 8.99 5.51 1.28 0.00 0.00 0.00 0.00 0.00
0.00 0.00 0.00 0.00 0.00 0.00 0.00 0.00 0.00 2.40 6.26 8.94 11.12 12.31 12.16 10.79 7.90 4.88 1.20 0.00 0.00 0.00 0.00 0.00
0.00 0.00 0.00 0.00 0.00 0.00 0.00 0.00 0.00 1.59 4.99 7.43 9.42 10.55 10.45 9.21 6.74 4.30 1.27 0.00 0.00 0.00 0.00 0.00
0.00 0.00 0.00 0.00 0.00 0.00 0.00 0.00 0.00 4.10 12.90 19.19 24.32 27.25 27.01 23.79 17.41 11.11 3.29 0.00 0.00 0.00 0.00 0.00
0.00 0.00 0.00 0.00 0.00 0.00 0.00 0.00 0.00 1.07 3.31 4.92 6.40 7.13 7.19 6.24 4.76 3.09 1.00 0.00 0.00 0.00 0.00 0.00
0.00 0.00 0.00 0.00 0.00 0.00 0.00 0.00 0.00 2.94 7.12 10.03 12.34 13.50 13.76 11.79 9.06 5.77 1.72 0.00 0.00 0.00 0.00 0.00
0.00 0.00 0.00 0.00 0.00 0.00 0.00 0.00 0.00 4.71 11.62 16.45 20.31 22.23 22.19 19.56 14.77 9.30 2.57 0.00 0.00 0.00 0.00 0.00
0.00 0.00 0.00 0.00 0.00 0.00 0.00 0.00 0.00 0.77 1.71 2.39 2.84 2.98 3.01 2.60 1.96 1.20 0.28 0.00 0.00 0.00 0.00 0.00
0.00 0.00 0.00 0.00 0.00 0.00 0.00 0.00 0.00 4.15 9.52 13.59 16.27 17.34 17.54 15.41 11.40 7.17 2.03 0.00 0.00 0.00 0.00 0.00
0.00 0.00 0.00 0.00 0.00 0.00 0.00 0.00 0.00 2.76 6.24 8.96 10.83 11.62 11.63 10.16 7.44 4.63 1.20 0.00 0.00 0.00 0.00 0.00
0.00 0.00 0.00 0.00 0.00 0.00 0.00 0.00 0.00 3.81 8.61 12.37 14.95 16.04 16.05 14.02 10.27 6.39 1.66 0.00 0.00 0.00 0.00 0.00
0.00 0.00 0.00 0.00 0.00 0.00 0.00 0.00 0.00 2.60 5.87 8.43 10.18 10.93 10.93 9.55 7.00 4.35 1.13 0.00 0.00 0.00 0.00 0.00
0.00 0.00 0.00 0.00 0.00 0.00 0.00 0.00 0.00 2.21 5.08 7.25 8.68 9.25 9.36 8.22 6.08 3.82 1.08 0.00 0.00 0.00 0.00 0.00
0.00 0.00 0.00 0.00 0.00 0.00 0.00 0.00 0.00 2.15 4.79 6.74 8.23 8.99 8.84 7.59 5.65 3.49 0.85 0.00 0.00 0.00 0.00 0.00
0.00 0.00 0.00 0.00 0.00 0.00 0.00 0.00 0.00 2.17 5.18 7.47 9.19 9.99 10.07 8.88 6.73 4.37 1.48 0.00 0.00 0.00 0.00 0.00
0.00 0.00 0.00 0.00 0.00 0.00 0.00 0.00 0.00 17.17 31.44 46.65 59.59 55.22 57.94 51.92 41.97 27.21 11.46 0.00 0.00 0.00 0.00 0.00
0.00 0.00 0.00 0.00 0.00 0.00 0.00 0.00 0.00 2.95 7.59 10.83 13.68 15.10 15.09 13.36 10.56 6.93 2.44 0.00 0.00 0.00 0.00 0.00
0.00 0.00 0.00 0.00 0.00 0.00 0.00 0.00 0.00 4.61 11.31 16.02 20.39 22.41 22.14 19.40 15.02 9.72 3.18 0.00 0.00 0.00 0.00 0.00
0.00 0.00 0.00 0.00 0.00 0.00 0.00 0.00 0.00 2.11 5.18 7.34 9.35 10.27 10.15 8.89 6.88 4.45 1.46 0.00 0.00 0.00 0.00 0.00
0.00 0.00 0.00 0.00 0.00 0.00 0.00 0.00 0.00 3.67 9.42 13.45 16.92 18.71 18.74 16.44 13.09 8.59 3.00 0.00 0.00 0.00 0.00 0.00
0.00 0.00 0.00 0.00 0.00 0.00 0.00 0.00 0.00 1.54 3.83 5.43 6.83 7.61 7.64 6.66 5.07 3.27 1.06 0.00 0.00 0.00 0.00 0.00
0.00 0.00 0.00 0.00 0.00 0.00 0.00 0.00 0.00 14.74 42.91 62.99 79.18 89.19 92.45 82.68 66.62 45.31 18.57 0.00 0.00 0.00 0.00 0.00
0.00 0.00 0.00 0.00 0.00 0.00 0.00 0.00 0.00 4.56 14.90 22.43 28.76 31.46 31.64 28.28 21.11 13.80 4.68 0.00 0.00 0.00 0.00 0.00
0.00 0.00 0.00 0.00 0.00 0.00 0.00 0.00 0.00 1.04 3.32 4.99 6.47 7.13 7.04 6.36 4.81 3.16 1.10 0.00 0.00 0.00 0.00 0.00
0.00 0.00 0.00 0.00 0.00 0.00 0.00 0.00 0.00 1.33 4.06 6.06 7.69 8.69 8.77 7.86 6.00 3.96 1.42 0.00 0.00 0.00 0.00 0.00
0.00 0.00 0.00 0.00 0.00 0.00 0.00 0.00 0.00 2.13 6.50 9.69 12.30 13.91 14.03 12.58 9.60 6.34 2.27 0.00 0.00 0.00 0.00 0.00
0.00 0.00 0.00 0.00 0.00 0.00 0.00 0.00 0.00 40.33 153.96 237.88 309.25 350.80 364.07 332.62 259.95 177.07 78.60 0.00 0.00 0.00 0.00 0.00
