0.00 0.00 0.00 0.00 0.00 0.00 0.00 0.00 0.00 0.56 1.52 2.29 2.98 3.40 3.49 3.17 2.48 1.67 0.73 0.00 0.00 0.00 0.00 0.00
0.00 0.00 0.00 0.00 0.00 0.00 0.00 0.00 0.66 10.57 20.09 28.83 35.22 37.94 36.79 32.92 26.50 17.37 6.53 0.00 0.00 0.00 0.00 0.00
0.00 0.00 0.00 0.00 0.00 0.00 0.00 0.00 0.00 12.77 34.76 52.37 68.25 77.86 79.74 72.53 56.61 38.13 16.62 0.00 0.00 0.00 0.00 0.00
0.00 0.00 0.00 0.00 0.00 0.00 0.00 0.00 0.00 45.37 123.53 186.14 242.56 276.69 283.38 257.77 201.20 135.50 59.05 0.00 0.00 0.00 0.00 0.00
0.00 0.00 0.00 0.00 0.00 0.00 0.00 0.00 0.45 3.09 5.88 8.27 9.61 8.39 8.12 7.20 4.79 2.96 0.79 0.00 0.00 0.00 0.00 0.00
0.00 0.00 0.00 0.00 0.00 0.00 0.00 0.00 0.00 104.10 276.58 418.83 557.19 657.71 677.52 624.15 484.53 316.32 147.49 0.00 0.00 0.00 0.00 0.00
0.00 0.00 0.00 0.00 0.00 0.00 0.00 0.00 0.00 1.31 2.96 4.49 5.44 5.80 5.74 5.06 3.75 2.36 0.68 0.00 0.00 0.00 0.00 0.00
0.00 0.00 0.00 0.00 0.00 0.00 0.00 0.00 0.03 0.81 1.45 2.11 2.53 2.60 2.58 2.29 1.69 1.10 0.40 0.00 0.00 0.00 0.00 0.00
0.00 0.00 0.00 0.00 0.00 0.00 0.00 0.00 0.05 1.30 2.32 3.37 4.05 4.16 4.13 3.66 2.70 1.76 0.63 0.00 0.00 0.00 0.00 0.00
0.00 0.00 0.00 0.00 0.00 0.00 0.00 0.00 0.05 1.30 2.32 3.37 4.05 4.16 4.13 3.66 2.70 1.76 0.63 0.00 0.00 0.00 0.00 0.00
0.00 0.00 0.00 0.00 0.00 0.00 0.00 0.00 0.00 2.86 6.09 9.00 11.44 13.16 13.28 12.05 9.41 6.20 2.33 0.00 0.00 0.00 0.00 0.00
0.00 0.00 0.00 0.00 0.00 0.00 0.00 0.00 0.00 1.37 2.90 4.32 5.53 6.21 6.23 5.65 4.33 2.85 1.07 0.00 0.00 0.00 0.00 0.00
0.00 0.00 0.00 0.00 0.00 0.00 0.00 0.00 0.00 1.77 3.73 5.56 7.11 7.98 8.01 7.27 5.57 3.66 1.38 0.00 0.00 0.00 0.00 0.00
0.00 0.00 0.00 0.00 0.00 0.00 0.00 0.00 0.00 1.18 2.49 3.70 4.74 5.32 5.34 4.85 3.71 2.44 0.92 0.00 0.00 0.00 0.00 0.00
0.00 0.00 0.00 0.00 0.00 0.00 0.00 0.00 0.00 1.18 2.49 3.70 4.74 5.32 5.34 4.85 3.71 2.44 0.92 0.00 0.00 0.00 0.00 0.00
0.00 0.00 0.00 0.00 0.00 0.00 0.00 0.00 0.00 15.80 33.97 52.07 66.22 72.71 75.20 68.25 52.79 33.70 14.72 0.00 0.00 0.00 0.00 0.00
0.00 0.00 0.00 0.00 0.00 0.00 0.00 0.00 0.00 8.91 18.86 27.31 35.09 40.12 41.05 37.02 28.06 18.36 6.67 0.00 0.00 0.00 0.00 0.00
0.00 0.00 0.00 0.00 0.00 0.00 0.00 0.00 0.00 7.48 16.06 23.31 30.06 33.61 33.06 29.78 23.04 15.15 5.53 0.00 0.00 0.00 0.00 0.00
0.00 0.00 0.00 0.00 0.00 0.00 0.00 0.00 0.00 30.71 81.58 123.54 164.35 194.00 199.84 184.10 142.92 93.30 43.50 0.00 0.00 0.00 0.00 0.00
0.00 0.00 0.00 0.00 0.00 0.00 0.00 0.00 0.00 29.21 77.60 117.51 156.33 184.54 190.09 175.12 135.95 88.75 41.38 0.00 0.00 0.00 0.00 0.00
0.00 0.00 0.00 0.00 0.00 0.00 0.00 0.00 0.00 56.17 149.23 225.99 300.64 354.88 365.57 336.77 261.44 170.67 79.58 0.00 0.00 0.00 0.00 0.00
0.00 0.00 0.00 0.00 0.00 0.00 0.00 0.00 0.00 55.23 146.74 222.22 295.63 348.96 359.47 331.16 257.08 167.83 78.25 0.00 0.00 0.00 0.00 0.00
0.00 0.00 0.00 0.00 0.00 0.00 0.00 0.00 0.00 54.13 158.67 237.20 314.58 363.81 371.04 337.53 265.17 178.23 76.95 0.00 0.00 0.00 0.00 0.00
0.00 0.00 0.00 0.00 0.00 0.00 0.00 0.00 0.03 0.81 1.45 2.11 2.53 2.60 2.58 2.29 1.69 1.10 0.40 0.00 0.00 0.00 0.00 0.00
0.00 0.00 0.00 0.00 0.00 0.00 0.00 0.00 0.15 4.13 7.35 10.68 12.82 13.17 13.08 11.59 8.56 5.58 2.01 0.00 0.00 0.00 0.00 0.00
0.00 0.00 0.00 0.00 0.00 0.00 0.00 0.00 0.78 21.06 37.54 54.54 65.47 67.26 66.76 59.15 43.71 28.47 10.26 0.00 0.00 0.00 0.00 0.00
0.00 0.00 0.00 0.00 0.00 0.00 0.00 0.00 0.00 2.10 5.57 8.44 11.22 13.25 13.65 12.57 9.76 6.37 2.97 0.00 0.00 0.00 0.00 0.00
0.00 0.00 0.00 0.00 0.00 0.00 0.00 0.00 0.00 44.67 121.60 183.23 238.78 272.38 278.96 253.75 198.06 133.39 58.13 0.00 0.00 0.00 0.00 0.00
0.00 0.00 0.00 0.00 0.00 0.00 0.00 0.00 0.00 3.93 8.75 12.99 16.89 20.44 20.66 19.19 15.60 10.73 4.63 0.00 0.00 0.00 0.00 0.00
0.00 0.00 0.00 0.00 0.00 0.00 0.00 0.00 0.00 22.90 61.03 90.33 115.00 130.39 129.59 114.98 87.61 58.34 21.97 0.00 0.00 0.00 0.00 0.00
0.00 0.00 0.00 0.00 0.00 0.00 0.00 0.00 0.00 0.74 2.03 3.05 3.98 4.54 4.65 4.23 3.30 2.22 0.97 0.00 0.00 0.00 0.00 0.00
0.00 0.00 0.00 0.00 0.00 0.00 0.00 0.00 0.00 33.50 91.20 137.43 179.08 204.29 209.22 190.31 148.55 100.04 43.60 0.00 0.00 0.00 0.00 0.00
0.00 0.00 0.00 0.00 0.00 0.00 0.00 0.00 0.00 42.99 117.04 176.36 229.82 262.17 268.50 244.24 190.63 128.38 55.95 0.00 0.00 0.00 0.00 0.00
0.00 0.00 0.00 0.00 0.00 0.00 0.00 0.00 0.00 71.38 209.25 312.81 414.86 479.78 489.31 445.12 349.69 235.04 101.48 0.00 0.00 0.00 0.00 0.00
0.00 0.00 0.00 0.00 0.00 0.00 0.00 0.00 0.00 2.14 4.52 6.85 8.73 9.78 9.90 8.93 7.10 4.67 1.83 0.00 0.00 0.00 0.00 0.00
0.00 0.00 0.00 0.00 0.00 0.00 0.00 0.00 0.00 2.66 5.62 8.52 10.93 12.23 12.34 11.18 8.84 5.83 2.27 0.00 0.00 0.00 0.00 0.00
0.00 0.00 0.00 0.00 0.00 0.00 0.00 0.00 0.00 16.21 36.08 53.59 69.68 84.30 85.24 79.14 64.34 44.25 19.08 0.00 0.00 0.00 0.00 0.00
0.00 0.00 0.00 0.00 0.00 0.00 0.00 0.00 0.00 39.20 145.06 223.03 301.41 347.55 361.43 328.68 253.25 173.40 74.86 0.00 0.00 0.00 0.00 0.00
0.00 0.00 0.00 0.00 0.00 0.00 0.00 0.00 0.00 0.73 1.52 2.20 2.75 3.09 3.15 2.83 2.17 1.41 0.50 0.00 0.00 0.00 0.00 0.00
0.00 0.00 0.00 0.00 0.00 0.00 0.00 0.00 0.00 10.76 29.60 44.37 57.86 66.76 68.26 61.17 47.57 31.91 13.19 0.00 0.00 0.00 0.00 0.00
0.00 0.00 0.00 0.00 0.00 0.00 0.00 0.00 0.00 3.76 10.05 15.39 20.19 23.45 24.45 22.36 18.07 11.88 5.91 0.00 0.00 0.00 0.00 0.00
0.00 0.00 0.00 0.00 0.00 0.00 0.00 0.00 0.00 1.57 3.55 5.15 6.29 6.77 6.64 5.94 4.37 2.72 0.73 0.00 0.00 0.00 0.00 0.00
0.00 0.00 0.00 0.00 0.00 0.00 0.00 0.00 0.00 0.79 1.78 2.58 3.14 3.39 3.32 2.97 2.18 1.36 0.37 0.00 0.00 0.00 0.00 0.00
0.00 0.00 0.00 0.00 0.00 0.00 0.00 0.00 0.00 1.72 3.89 5.63 6.88 7.41 7.26 6.49 4.78 2.98 0.80 0.00 0.00 0.00 0.00 0.00
0.00 0.00 0.00 0.00 0.00 0.00 0.00 0.00 0.00 2.14 4.61 6.66 8.18 8.69 8.66 7.75 5.71 3.58 1.00 0.00 0.00 0.00 0.00 0.00
0.00 0.00 0.00 0.00 0.00 0.00 0.00 0.00 0.00 3.26 7.02 10.14 12.46 13.24 13.20 11.80 8.70 5.45 1.52 0.00 0.00 0.00 0.00 0.00
0.00 0.00 0.00 0.00 0.00 0.00 0.00 0.00 0.00 2.67 6.02 8.97 11.04 11.82 11.71 10.21 7.57 4.78 1.39 0.00 0.00 0.00 0.00 0.00
0.00 0.00 0.00 0.00 0.00 0.00 0.00 0.00 0.00 1.96 5.02 7.35 9.25 10.18 10.13 8.90 6.65 4.33 1.47 0.00 0.00 0.00 0.00 0.00
0.00 0.00 0.00 0.00 0.00 0.00 0.00 0.00 0.00 5.06 12.96 18.98 23.90 26.30 26.18 23.00 17.19 11.20 3.80 0.00 0.00 0.00 0.00 0.00
0.00 0.00 0.00 0.00 0.00 0.00 0.00 0.00 0.00 1.30 3.35 4.91 6.22 6.93 6.93 6.11 4.66 3.07 1.11 0.00 0.00 0.00 0.00 0.00
0.00 0.00 0.00 0.00 0.00 0.00 0.00 0.00 0.01 3.32 6.75 9.84 12.43 13.44 13.46 12.04 9.18 5.90 1.94 0.00 0.00 0.00 0.00 0.00
0.00 0.00 0.00 0.00 0.00 0.00 0.00 0.00 0.00 5.34 11.16 16.19 19.79 21.45 21.91 20.07 14.96 9.55 3.00 0.00 0.00 0.00 0.00 0.00
0.00 0.00 0.00 0.00 0.00 0.00 0.00 0.00 0.12 0.90 1.71 2.37 2.82 2.92 2.89 2.53 1.71 1.06 0.28 0.00 0.00 0.00 0.00 0.00
0.00 0.00 0.00 0.00 0.00 0.00 0.00 0.00 0.46 4.99 8.68 12.34 14.48 13.64 13.34 11.69 8.45 5.35 1.67 0.00 0.00 0.00 0.00 0.00
0.00 0.00 0.00 0.00 0.00 0.00 0.00 0.00 0.40 3.44 6.32 9.06 10.52 9.80 9.43 8.25 5.95 3.73 1.09 0.00 0.00 0.00 0.00 0.00
0.00 0.00 0.00 0.00 0.00 0.00 0.00 0.00 0.55 4.75 8.72 12.50 14.52 13.52 13.01 11.39 8.21 5.14 1.50 0.00 0.00 0.00 0.00 0.00
0.00 0.00 0.00 0.00 0.00 0.00 0.00 0.00 0.37 3.23 5.94 8.51 9.89 9.21 8.86 7.76 5.59 3.50 1.02 0.00 0.00 0.00 0.00 0.00
0.00 0.00 0.00 0.00 0.00 0.00 0.00 0.00 0.25 2.66 4.63 6.58 7.72 7.27 7.12 6.23 4.50 2.86 0.89 0.00 0.00 0.00 0.00 0.00
0.00 0.00 0.00 0.00 0.00 0.00 0.00 0.00 0.39 2.73 5.05 7.01 8.25 7.04 6.91 6.15 4.16 2.58 0.72 0.00 0.00 0.00 0.00 0.00
0.00 0.00 0.00 0.00 0.00 0.00 0.00 0.00 0.09 2.33 4.16 6.04 7.26 7.45 7.40 6.56 4.84 3.15 1.14 0.00 0.00 0.00 0.00 0.00
0.00 0.00 0.00 0.00 0.00 0.00 0.00 0.00 0.00 20.56 44.22 67.77 86.19 94.63 97.88 88.84 68.71 43.86 19.16 0.00 0.00 0.00 0.00 0.00
0.00 0.00 0.00 0.00 0.00 0.00 0.00 0.00 0.00 3.25 6.90 10.20 12.96 14.91 15.05 13.66 10.66 7.02 2.64 0.00 0.00 0.00 0.00 0.00
0.00 0.00 0.00 0.00 0.00 0.00 0.00 0.00 0.00 5.43 11.16 16.18 20.08 21.68 21.59 19.83 12.95 8.43 2.98 0.00 0.00 0.00 0.00 0.00
0.00 0.00 0.00 0.00 0.00 0.00 0.00 0.00 0.00 2.49 5.12 7.42 9.20 9.94 9.90 9.09 5.93 3.86 1.37 0.00 0.00 0.00 0.00 0.00
0.00 0.00 0.00 0.00 0.00 0.00 0.00 0.00 0.00 4.02 8.56 12.55 15.91 18.46 18.72 16.92 13.21 8.70 3.26 0.00 0.00 0.00 0.00 0.00
0.00 0.00 0.00 0.00 0.00 0.00 0.00 0.00 0.00 1.77 3.68 5.35 6.67 7.51 7.64 6.88 5.28 3.43 1.21 0.00 0.00 0.00 0.00 0.00
0.00 0.00 0.00 0.00 0.00 0.00 0.00 0.00 0.00 16.79 37.35 55.48 72.14 87.28 88.26 81.94 66.62 45.82 19.75 0.00 0.00 0.00 0.00 0.00
0.00 0.00 0.00 0.00 0.00 0.00 0.00 0.00 0.00 5.48 14.59 21.60 27.50 31.18 30.99 27.50 20.95 13.95 5.25 0.00 0.00 0.00 0.00 0.00
0.00 0.00 0.00 0.00 0.00 0.00 0.00 0.00 0.00 1.24 3.26 4.80 6.20 6.99 7.07 6.26 4.77 3.18 1.22 0.00 0.00 0.00 0.00 0.00
0.00 0.00 0.00 0.00 0.00 0.00 0.00 0.00 0.00 1.60 4.04 6.04 7.69 8.70 8.75 7.90 6.12 4.10 1.60 0.00 0.00 0.00 0.00 0.00
0.00 0.00 0.00 0.00 0.00 0.00 0.00 0.00 0.00 2.57 6.47 9.66 12.30 13.92 13.99 12.64 9.79 6.56 2.56 0.00 0.00 0.00 0.00 0.00
0.00 0.00 0.00 0.00 0.00 0.00 0.00 0.00 0.00 57.10 151.72 229.75 305.65 360.79 371.66 342.38 265.79 173.52 80.90 0.00 0.00 0.00 0.00 0.00
