0.00 0.00 0.00 0.00 0.00 0.00 0.00 0.00 0.91 1.83 2.95 3.90 4.58 4.74 4.90 4.73 4.16 3.42 2.43 1.48 0.61 0.00 0.00 0.00
0.00 0.00 0.00 0.00 0.00 0.00 0.00 1.61 18.66 34.91 51.55 67.17 78.04 88.83 90.39 85.97 72.71 57.26 38.47 16.30 3.65 0.00 0.00 0.00
0.00 0.00 0.00 0.00 0.00 0.00 0.00 0.00 20.90 41.95 67.39 89.23 104.67 108.31 112.01 108.21 95.23 78.24 55.67 33.91 13.90 0.00 0.00 0.00
0.00 0.00 0.00 0.00 0.00 0.00 0.00 0.00 74.28 149.08 239.51 317.11 371.99 384.92 398.09 384.57 338.43 278.05 197.83 120.52 49.38 0.00 0.00 0.00
0.00 0.00 0.00 0.00 0.00 0.00 0.00 0.90 3.80 6.51 8.52 10.75 12.22 10.24 10.31 9.74 6.32 4.90 3.19 2.33 0.37 0.00 0.00 0.00
0.00 0.00 0.00 0.00 0.00 0.00 0.00 0.00 152.96 323.30 512.79 682.89 804.17 870.94 902.24 892.07 796.72 656.02 475.97 288.59 121.26 0.00 0.00 0.00
0.00 0.00 0.00 0.00 0.00 0.00 0.00 0.34 1.56 2.72 3.87 4.91 5.65 6.37 6.35 6.07 6.79 5.43 3.71 2.07 0.62 0.00 0.00 0.00
0.00 0.00 0.00 0.00 0.00 0.00 0.00 0.13 1.12 2.05 2.83 3.71 4.31 4.29 4.33 4.09 4.17 3.34 2.24 1.09 0.26 0.00 0.00 0.00
0.00 0.00 0.00 0.00 0.00 0.00 0.00 0.21 1.79 3.29 4.53 5.94 6.90 6.87 6.92 6.54 6.67 5.35 3.58 1.75 0.42 0.00 0.00 0.00
0.00 0.00 0.00 0.00 0.00 0.00 0.00 0.21 1.79 3.29 4.53 5.94 6.90 6.87 6.92 6.54 6.67 5.35 3.58 1.75 0.42 0.00 0.00 0.00
0.00 0.00 0.00 0.00 0.00 0.00 0.00 0.37 4.16 7.75 11.52 15.41 17.98 19.15 19.33 18.31 16.65 13.14 8.91 4.73 1.38 0.00 0.00 0.00
0.00 0.00 0.00 0.00 0.00 0.00 0.00 0.17 1.94 3.61 5.13 6.81 7.95 8.16 8.30 7.87 7.63 6.03 4.05 2.21 0.64 0.00 0.00 0.00
0.00 0.00 0.00 0.00 0.00 0.00 0.00 0.22 2.49 4.64 6.60 8.76 10.23 10.50 10.67 10.12 9.81 7.75 5.21 2.84 0.82 0.00 0.00 0.00
0.00 0.00 0.00 0.00 0.00 0.00 0.00 0.15 1.66 3.09 4.40 5.84 6.82 7.00 7.12 6.75 6.54 5.17 3.47 1.89 0.55 0.00 0.00 0.00
0.00 0.00 0.00 0.00 0.00 0.00 0.00 0.15 1.66 3.09 4.40 5.84 6.82 7.00 7.12 6.75 6.54 5.17 3.47 1.89 0.55 0.00 0.00 0.00
0.00 0.00 0.00 0.00 0.00 0.00 0.00 0.00 20.33 40.97 65.22 85.23 99.46 100.72 102.37 97.59 76.93 59.80 41.10 20.99 5.70 0.00 0.00 0.00
0.00 0.00 0.00 0.00 0.00 0.00 0.00 1.45 12.84 23.66 37.00 49.07 57.78 61.44 60.90 56.86 49.08 38.81 26.39 13.73 3.93 0.00 0.00 0.00
0.00 0.00 0.00 0.00 0.00 0.00 0.00 1.28 11.55 21.31 31.82 41.71 49.09 53.14 52.75 48.99 44.27 35.22 23.87 12.20 3.75 0.00 0.00 0.00
0.00 0.00 0.00 0.00 0.00 0.00 0.00 0.00 45.12 95.36 151.25 201.43 237.20 256.90 266.13 263.13 235.01 193.50 140.39 85.12 35.77 0.00 0.00 0.00
0.00 0.00 0.00 0.00 0.00 0.00 0.00 0.00 42.92 90.71 143.88 191.60 225.63 244.36 253.15 250.29 223.54 184.06 133.55 80.97 34.02 0.00 0.00 0.00
0.00 0.00 0.00 0.00 0.00 0.00 0.00 0.00 82.53 174.44 276.68 368.46 433.90 469.93 486.82 481.33 429.89 353.97 256.82 155.71 65.43 0.00 0.00 0.00
0.00 0.00 0.00 0.00 0.00 0.00 0.00 0.00 81.16 171.54 272.07 362.32 426.67 462.10 478.71 473.31 422.72 348.07 252.54 153.12 64.34 0.00 0.00 0.00
0.00 0.00 0.00 0.00 0.00 0.00 0.00 0.00 96.68 192.71 306.32 409.48 486.04 472.05 488.25 475.01 413.05 338.63 243.81 124.99 53.16 0.00 0.00 0.00
0.00 0.00 0.00 0.00 0.00 0.00 0.00 0.13 1.12 2.05 2.83 3.71 4.31 4.29 4.33 4.09 4.17 3.34 2.24 1.09 0.26 0.00 0.00 0.00
0.00 0.00 0.00 0.00 0.00 0.00 0.00 0.66 5.67 10.41 14.35 18.82 21.85 21.75 21.92 20.72 21.13 16.93 11.34 5.53 1.33 0.00 0.00 0.00
0.00 0.00 0.00 0.00 0.00 0.00 0.00 3.36 28.97 53.13 73.26 96.09 111.56 111.03 111.89 105.80 107.87 86.43 57.90 28.24 6.81 0.00 0.00 0.00
0.00 0.00 0.00 0.00 0.00 0.00 0.00 0.00 3.08 6.51 10.33 13.76 16.20 17.54 18.17 17.97 16.05 13.21 9.59 5.81 2.44 0.00 0.00 0.00
0.00 0.00 0.00 0.00 0.00 0.00 0.00 0.00 73.12 146.76 235.78 312.16 366.19 378.92 391.89 378.57 333.16 273.71 194.75 118.64 48.61 0.00 0.00 0.00
0.00 0.00 0.00 0.00 0.00 0.00 0.00 0.00 5.45 10.89 17.91 24.67 29.78 32.76 32.86 31.30 26.43 21.31 14.67 9.00 3.12 0.00 0.00 0.00
0.00 0.00 0.00 0.00 0.00 0.00 0.00 2.92 30.55 57.09 95.49 125.00 145.97 179.84 182.86 172.66 142.60 116.88 83.17 37.49 14.54 0.00 0.00 0.00
0.00 0.00 0.00 0.00 0.00 0.00 0.00 0.00 1.22 2.45 3.93 5.20 6.10 6.32 6.53 6.31 5.55 4.56 3.25 1.98 0.81 0.00 0.00 0.00
0.00 0.00 0.00 0.00 0.00 0.00 0.00 0.00 54.84 110.07 176.84 234.12 274.64 284.19 293.92 283.93 249.87 205.29 146.06 88.98 36.46 0.00 0.00 0.00
0.00 0.00 0.00 0.00 0.00 0.00 0.00 0.00 70.38 141.25 226.94 300.46 352.46 364.71 377.19 364.37 320.66 263.45 187.44 114.19 46.79 0.00 0.00 0.00
0.00 0.00 0.00 0.00 0.00 0.00 0.00 0.00 127.50 254.13 403.96 540.00 640.96 622.51 643.88 626.42 544.71 446.56 321.53 164.84 70.11 0.00 0.00 0.00
0.00 0.00 0.00 0.00 0.00 0.00 0.00 0.17 2.96 5.60 7.87 10.40 12.33 11.99 12.08 11.26 11.37 9.05 6.14 3.33 0.97 0.00 0.00 0.00
0.00 0.00 0.00 0.00 0.00 0.00 0.00 0.24 3.72 7.02 9.89 13.11 15.37 14.93 15.05 14.13 14.12 11.20 7.64 4.21 1.23 0.00 0.00 0.00
0.00 0.00 0.00 0.00 0.00 0.00 0.00 0.00 22.50 44.94 73.86 101.77 122.85 135.12 135.54 129.09 109.01 87.92 60.53 37.14 12.86 0.00 0.00 0.00
0.00 0.00 0.00 0.00 0.00 0.00 0.00 0.00 95.47 191.41 299.36 408.26 494.92 549.34 563.76 540.44 493.16 407.30 292.99 173.19 82.38 0.00 0.00 0.00
0.00 0.00 0.00 0.00 0.00 0.00 0.00 0.14 1.08 1.96 2.95 3.91 4.58 5.03 5.00 4.63 3.91 3.09 2.10 1.07 0.30 0.00 0.00 0.00
0.00 0.00 0.00 0.00 0.00 0.00 0.00 0.36 19.44 37.83 59.90 79.69 92.97 91.22 93.31 89.38 80.49 66.16 46.71 28.50 11.46 0.00 0.00 0.00
0.00 0.00 0.00 0.00 0.00 0.00 0.00 0.00 4.82 10.89 15.32 20.99 25.09 31.68 32.48 31.42 27.73 22.89 16.64 10.25 4.48 0.00 0.00 0.00
0.00 0.00 0.00 0.00 0.00 0.00 0.00 0.43 1.82 3.14 4.48 5.72 6.50 7.27 7.17 6.82 7.08 5.57 3.84 2.10 0.61 0.00 0.00 0.00
0.00 0.00 0.00 0.00 0.00 0.00 0.00 0.22 0.91 1.57 2.24 2.86 3.25 3.64 3.59 3.41 3.54 2.78 1.92 1.05 0.30 0.00 0.00 0.00
0.00 0.00 0.00 0.00 0.00 0.00 0.00 0.47 1.99 3.43 4.90 6.25 7.11 7.95 7.85 7.46 7.74 6.09 4.20 2.30 0.66 0.00 0.00 0.00
0.00 0.00 0.00 0.00 0.00 0.00 0.00 0.73 3.19 5.53 7.04 8.99 10.30 9.64 9.48 9.03 8.64 6.90 4.70 2.94 0.83 0.00 0.00 0.00
0.00 0.00 0.00 0.00 0.00 0.00 0.00 1.11 4.86 8.42 10.72 13.70 15.69 14.68 14.45 13.76 13.17 10.51 7.16 4.49 1.27 0.00 0.00 0.00
0.00 0.00 0.00 0.00 0.00 0.00 0.00 0.72 3.35 5.85 8.25 10.38 11.99 12.98 13.00 12.32 13.50 10.64 7.36 4.32 1.29 0.00 0.00 0.00
0.00 0.00 0.00 0.00 0.00 0.00 0.00 0.32 2.05 3.71 6.69 8.84 10.31 15.34 15.33 14.62 13.55 10.88 7.63 4.05 1.51 0.00 0.00 0.00
0.00 0.00 0.00 0.00 0.00 0.00 0.00 0.82 5.29 9.59 17.28 22.84 26.64 39.62 39.59 37.77 35.00 28.11 19.72 10.47 3.90 0.00 0.00 0.00
0.00 0.00 0.00 0.00 0.00 0.00 0.00 0.19 1.56 2.88 4.86 6.37 7.45 9.61 9.55 9.01 9.11 7.31 5.15 1.97 0.73 0.00 0.00 0.00
0.00 0.00 0.00 0.00 0.00 0.00 0.00 0.81 4.87 8.68 13.09 17.06 19.67 21.64 21.52 20.09 15.52 12.45 8.49 4.30 1.12 0.00 0.00 0.00
0.00 0.00 0.00 0.00 0.00 0.00 0.00 1.63 8.66 15.31 22.88 29.47 33.92 35.49 35.86 33.54 24.78 19.46 13.15 5.53 1.55 0.00 0.00 0.00
0.00 0.00 0.00 0.00 0.00 0.00 0.00 0.29 1.22 2.08 2.87 3.59 4.01 3.24 3.22 2.99 2.13 1.67 1.13 0.74 0.13 0.00 0.00 0.00
0.00 0.00 0.00 0.00 0.00 0.00 0.00 1.20 6.40 11.27 15.03 19.27 21.88 18.48 18.21 17.11 16.86 13.51 9.14 4.37 0.89 0.00 0.00 0.00
0.00 0.00 0.00 0.00 0.00 0.00 0.00 0.95 4.47 7.75 10.34 13.09 14.74 12.64 12.38 11.90 8.69 6.90 4.64 3.22 0.60 0.00 0.00 0.00
0.00 0.00 0.00 0.00 0.00 0.00 0.00 1.31 6.17 10.70 14.27 18.07 20.34 17.44 17.09 16.42 11.99 9.52 6.40 4.44 0.83 0.00 0.00 0.00
0.00 0.00 0.00 0.00 0.00 0.00 0.00 0.89 4.20 7.29 9.72 12.31 13.85 11.88 11.64 11.19 8.17 6.49 4.36 3.03 0.56 0.00 0.00 0.00
0.00 0.00 0.00 0.00 0.00 0.00 0.00 0.64 3.41 6.01 8.02 10.28 11.67 9.85 9.71 9.13 8.99 7.20 4.88 2.33 0.48 0.00 0.00 0.00
0.00 0.00 0.00 0.00 0.00 0.00 0.00 0.75 3.32 5.72 7.93 10.00 11.32 9.99 10.08 9.60 6.99 5.47 3.57 2.20 0.36 0.00 0.00 0.00
0.00 0.00 0.00 0.00 0.00 0.00 0.00 0.37 3.21 5.89 8.12 10.65 12.36 12.31 12.40 11.73 11.96 9.58 6.42 3.13 0.75 0.00 0.00 0.00
0.00 0.00 0.00 0.00 0.00 0.00 0.00 0.00 26.47 53.32 84.89 110.93 129.46 131.09 133.25 127.02 100.13 77.84 53.49 27.32 7.42 0.00 0.00 0.00
0.00 0.00 0.00 0.00 0.00 0.00 0.00 0.42 4.71 8.79 13.05 17.47 20.37 21.70 21.90 20.76 18.87 14.89 10.09 5.36 1.56 0.00 0.00 0.00
0.00 0.00 0.00 0.00 0.00 0.00 0.00 0.95 7.40 13.49 18.71 24.57 28.82 28.38 28.21 26.44 25.56 19.93 13.46 6.95 1.87 0.00 0.00 0.00
0.00 0.00 0.00 0.00 0.00 0.00 0.00 0.43 3.39 6.18 8.58 11.26 13.21 13.01 12.93 12.12 11.72 9.13 6.17 3.19 0.86 0.00 0.00 0.00
0.00 0.00 0.00 0.00 0.00 0.00 0.00 0.55 5.92 11.04 16.71 22.32 26.08 28.01 28.22 26.67 23.23 18.37 12.43 6.54 1.91 0.00 0.00 0.00
0.00 0.00 0.00 0.00 0.00 0.00 0.00 0.35 2.61 4.76 7.17 9.49 11.12 12.23 12.15 11.24 9.49 7.51 5.11 2.60 0.72 0.00 0.00 0.00
0.00 0.00 0.00 0.00 0.00 0.00 0.00 0.00 23.29 46.53 76.47 105.37 127.20 139.90 140.33 133.66 112.87 91.03 62.67 38.45 13.32 0.00 0.00 0.00
0.00 0.00 0.00 0.00 0.00 0.00 0.00 0.70 7.30 13.65 22.84 29.89 34.91 43.01 43.73 41.29 34.10 27.95 19.89 8.96 3.48 0.00 0.00 0.00
0.00 0.00 0.00 0.00 0.00 0.00 0.00 0.14 1.72 3.25 5.42 7.10 8.32 9.50 9.61 9.08 7.68 6.20 4.40 2.79 1.08 0.00 0.00 0.00
0.00 0.00 0.00 0.00 0.00 0.00 0.00 0.13 1.98 3.76 6.40 8.38 9.74 11.98 12.01 11.46 10.36 8.48 6.05 3.44 1.29 0.00 0.00 0.00
0.00 0.00 0.00 0.00 0.00 0.00 0.00 0.21 3.17 6.02 10.24 13.41 15.59 19.17 19.22 18.34 16.57 13.57 9.68 5.50 2.06 0.00 0.00 0.00
0.00 0.00 0.00 0.00 0.00 0.00 0.00 0.00 83.91 177.35 281.29 374.61 441.14 477.76 494.94 489.36 437.05 359.87 261.10 158.31 66.52 0.00 0.00 0.00
