0.00 0.00 0.00 0.00 0.00 0.00 0.00 0.00 0.00 0.85 1.90 2.75 3.41 3.73 3.77 3.54 2.88 1.97 1.01 0.00 0.00 0.00 0.00 0.00
0.00 0.00 0.00 0.00 0.00 0.00 0.00 0.00 5.45 21.61 39.22 54.49 63.19 69.59 67.57 60.75 46.39 30.33 13.80 0.00 0.00 0.00 0.00 0.00
0.00 0.00 0.00 0.00 0.00 0.00 0.00 0.00 0.00 19.50 43.39 62.78 78.07 85.25 86.31 80.92 65.84 45.03 23.16 0.00 0.00 0.00 0.00 0.00
0.00 0.00 0.00 0.00 0.00 0.00 0.00 0.00 0.00 69.31 154.22 223.13 277.46 302.99 306.75 287.60 233.97 160.04 82.30 0.00 0.00 0.00 0.00 0.00
0.00 0.00 0.00 0.00 0.00 0.00 0.00 0.00 1.31 4.14 7.02 9.35 10.57 10.93 10.40 9.01 7.05 4.39 1.67 0.00 0.00 0.00 0.00 0.00
0.00 0.00 0.00 0.00 0.00 0.00 0.00 0.00 0.00 148.82 337.61 488.59 610.00 691.71 713.46 675.99 553.12 382.88 205.56 0.00 0.00 0.00 0.00 0.00
0.00 0.00 0.00 0.00 0.00 0.00 0.00 0.00 0.40 1.99 3.81 5.34 6.36 6.87 6.84 6.18 4.25 2.65 1.07 0.00 0.00 0.00 0.00 0.00
0.00 0.00 0.00 0.00 0.00 0.00 0.00 0.00 0.31 1.28 2.35 3.23 3.64 3.70 3.60 3.27 2.21 1.44 0.64 0.00 0.00 0.00 0.00 0.00
0.00 0.00 0.00 0.00 0.00 0.00 0.00 0.00 0.50 2.06 3.76 5.17 5.82 5.92 5.76 5.23 3.54 2.31 1.03 0.00 0.00 0.00 0.00 0.00
0.00 0.00 0.00 0.00 0.00 0.00 0.00 0.00 0.50 2.06 3.76 5.17 5.82 5.92 5.76 5.23 3.54 2.31 1.03 0.00 0.00 0.00 0.00 0.00
0.00 0.00 0.00 0.00 0.00 0.00 0.00 0.00 0.77 4.09 7.88 11.35 13.42 14.99 14.64 13.54 10.58 6.95 3.20 0.00 0.00 0.00 0.00 0.00
0.00 0.00 0.00 0.00 0.00 0.00 0.00 0.00 0.38 1.98 3.80 5.48 6.40 7.06 6.91 6.44 4.71 3.08 1.42 0.00 0.00 0.00 0.00 0.00
0.00 0.00 0.00 0.00 0.00 0.00 0.00 0.00 0.49 2.55 4.89 7.04 8.22 9.08 8.88 8.27 6.06 3.96 1.82 0.00 0.00 0.00 0.00 0.00
0.00 0.00 0.00 0.00 0.00 0.00 0.00 0.00 0.33 1.70 3.26 4.70 5.48 6.05 5.92 5.52 4.04 2.64 1.22 0.00 0.00 0.00 0.00 0.00
0.00 0.00 0.00 0.00 0.00 0.00 0.00 0.00 0.33 1.70 3.26 4.70 5.48 6.05 5.92 5.52 4.04 2.64 1.22 0.00 0.00 0.00 0.00 0.00
0.00 0.00 0.00 0.00 0.00 0.00 0.00 0.00 3.69 19.28 38.54 55.57 65.51 81.43 80.73 74.01 59.99 40.04 19.97 0.00 0.00 0.00 0.00 0.00
0.00 0.00 0.00 0.00 0.00 0.00 0.00 0.00 2.50 12.75 24.40 34.80 40.66 44.59 44.04 40.20 31.76 20.89 9.44 0.00 0.00 0.00 0.00 0.00
0.00 0.00 0.00 0.00 0.00 0.00 0.00 0.00 1.73 10.03 19.42 27.57 33.28 37.19 36.87 34.10 27.26 17.98 8.20 0.00 0.00 0.00 0.00 0.00
0.00 0.00 0.00 0.00 0.00 0.00 0.00 0.00 0.00 43.90 99.58 144.12 179.93 204.03 210.44 199.39 163.15 112.94 60.63 0.00 0.00 0.00 0.00 0.00
0.00 0.00 0.00 0.00 0.00 0.00 0.00 0.00 0.00 41.76 94.72 137.09 171.15 194.08 200.18 189.67 155.19 107.43 57.68 0.00 0.00 0.00 0.00 0.00
0.00 0.00 0.00 0.00 0.00 0.00 0.00 0.00 0.00 80.30 182.16 263.63 329.13 373.22 384.96 364.74 298.45 206.59 110.91 0.00 0.00 0.00 0.00 0.00
0.00 0.00 0.00 0.00 0.00 0.00 0.00 0.00 0.00 78.96 179.13 259.23 323.65 367.00 378.54 358.66 293.47 203.15 109.07 0.00 0.00 0.00 0.00 0.00
0.00 0.00 0.00 0.00 0.00 0.00 0.00 0.00 0.00 88.26 199.77 288.15 366.00 409.53 418.01 388.50 316.27 215.40 110.60 0.00 0.00 0.00 0.00 0.00
0.00 0.00 0.00 0.00 0.00 0.00 0.00 0.00 0.31 1.28 2.35 3.23 3.64 3.70 3.60 3.27 2.21 1.44 0.64 0.00 0.00 0.00 0.00 0.00
0.00 0.00 0.00 0.00 0.00 0.00 0.00 0.00 1.58 6.51 11.92 16.36 18.44 18.75 18.24 16.56 11.22 7.30 3.26 0.00 0.00 0.00 0.00 0.00
0.00 0.00 0.00 0.00 0.00 0.00 0.00 0.00 8.06 33.23 60.85 83.51 94.12 95.71 93.10 84.53 57.27 37.29 16.66 0.00 0.00 0.00 0.00 0.00
0.00 0.00 0.00 0.00 0.00 0.00 0.00 0.00 0.00 3.00 6.80 9.84 12.29 13.93 14.37 13.62 11.14 7.71 4.14 0.00 0.00 0.00 0.00 0.00
0.00 0.00 0.00 0.00 0.00 0.00 0.00 0.00 0.00 68.23 151.81 219.65 273.13 298.27 301.97 283.12 230.33 157.55 81.02 0.00 0.00 0.00 0.00 0.00
0.00 0.00 0.00 0.00 0.00 0.00 0.00 0.00 0.50 5.28 10.87 16.27 20.73 22.88 23.97 22.92 17.06 11.87 5.96 0.00 0.00 0.00 0.00 0.00
0.00 0.00 0.00 0.00 0.00 0.00 0.00 0.00 1.35 37.52 80.17 115.28 138.75 151.90 156.19 142.84 116.53 75.81 35.88 0.00 0.00 0.00 0.00 0.00
0.00 0.00 0.00 0.00 0.00 0.00 0.00 0.00 0.00 1.14 2.53 3.66 4.55 4.97 5.03 4.72 3.84 2.63 1.35 0.00 0.00 0.00 0.00 0.00
0.00 0.00 0.00 0.00 0.00 0.00 0.00 0.00 0.00 51.17 113.86 164.74 204.85 223.70 226.48 212.34 172.74 118.16 60.76 0.00 0.00 0.00 0.00 0.00
0.00 0.00 0.00 0.00 0.00 0.00 0.00 0.00 0.00 65.67 146.12 211.41 262.89 287.08 290.64 272.50 221.69 151.64 77.98 0.00 0.00 0.00 0.00 0.00
0.00 0.00 0.00 0.00 0.00 0.00 0.00 0.00 0.00 116.39 263.44 380.00 482.67 540.06 551.25 512.34 417.08 284.07 145.86 0.00 0.00 0.00 0.00 0.00
0.00 0.00 0.00 0.00 0.00 0.00 0.00 0.00 0.56 3.06 5.92 8.51 10.07 11.43 11.14 10.08 7.46 4.99 2.35 0.00 0.00 0.00 0.00 0.00
0.00 0.00 0.00 0.00 0.00 0.00 0.00 0.00 0.71 3.88 7.47 10.68 12.73 14.13 13.73 12.71 9.15 6.10 2.86 0.00 0.00 0.00 0.00 0.00
0.00 0.00 0.00 0.00 0.00 0.00 0.00 0.00 2.07 21.77 44.83 67.13 85.50 94.37 98.86 94.54 70.36 48.98 24.59 0.00 0.00 0.00 0.00 0.00
0.00 0.00 0.00 0.00 0.00 0.00 0.00 0.00 0.00 75.28 178.11 265.95 339.25 401.72 413.91 383.98 327.63 224.88 116.75 0.00 0.00 0.00 0.00 0.00
0.00 0.00 0.00 0.00 0.00 0.00 0.00 0.00 0.22 1.06 2.00 2.74 3.22 3.52 3.45 3.12 2.34 1.52 0.67 0.00 0.00 0.00 0.00 0.00
0.00 0.00 0.00 0.00 0.00 0.00 0.00 0.00 0.00 17.69 38.90 56.29 69.55 77.24 78.82 72.40 57.97 39.12 19.51 0.00 0.00 0.00 0.00 0.00
0.00 0.00 0.00 0.00 0.00 0.00 0.00 0.00 0.00 5.60 12.96 19.33 23.88 27.17 28.10 26.40 21.42 15.03 8.42 0.23 0.00 0.00 0.00 0.00
0.00 0.00 0.00 0.00 0.00 0.00 0.00 0.00 0.51 2.35 4.47 6.30 7.58 8.05 7.80 7.07 4.92 3.07 1.21 0.00 0.00 0.00 0.00 0.00
0.00 0.00 0.00 0.00 0.00 0.00 0.00 0.00 0.25 1.18 2.23 3.15 3.79 4.02 3.90 3.53 2.46 1.54 0.61 0.00 0.00 0.00 0.00 0.00
0.00 0.00 0.00 0.00 0.00 0.00 0.00 0.00 0.56 2.57 4.89 6.89 8.29 8.80 8.53 7.73 5.38 3.36 1.33 0.00 0.00 0.00 0.00 0.00
0.00 0.00 0.00 0.00 0.00 0.00 0.00 0.00 0.69 3.14 5.92 8.22 9.82 10.40 10.21 9.26 6.84 4.25 1.70 0.00 0.00 0.00 0.00 0.00
0.00 0.00 0.00 0.00 0.00 0.00 0.00 0.00 1.05 4.79 9.03 12.53 14.97 15.85 15.57 14.12 10.42 6.48 2.59 0.00 0.00 0.00 0.00 0.00
0.00 0.00 0.00 0.00 0.00 0.00 0.00 0.00 0.81 4.04 7.77 10.76 12.92 13.96 13.94 12.60 8.51 5.39 2.20 0.00 0.00 0.00 0.00 0.00
0.00 0.00 0.00 0.00 0.00 0.00 0.00 0.00 0.25 3.17 6.59 9.30 11.13 11.66 11.77 10.76 7.92 5.12 2.29 0.00 0.00 0.00 0.00 0.00
0.00 0.00 0.00 0.00 0.00 0.00 0.00 0.00 0.66 8.20 17.01 24.03 28.76 30.12 30.42 27.80 20.46 13.23 5.93 0.00 0.00 0.00 0.00 0.00
0.00 0.00 0.00 0.00 0.00 0.00 0.00 0.00 0.16 2.09 4.36 6.12 7.44 8.15 8.28 7.46 5.99 3.84 1.77 0.00 0.00 0.00 0.00 0.00
0.00 0.00 0.00 0.00 0.00 0.00 0.00 0.00 1.12 4.87 9.02 12.47 14.33 15.50 15.32 13.74 9.92 6.34 2.71 0.00 0.00 0.00 0.00 0.00
0.00 0.00 0.00 0.00 0.00 0.00 0.00 0.00 1.65 7.67 14.43 19.96 23.64 26.35 26.71 24.16 18.47 11.59 4.87 0.00 0.00 0.00 0.00 0.00
0.00 0.00 0.00 0.00 0.00 0.00 0.00 0.00 0.39 1.25 2.13 2.87 3.20 3.36 3.25 2.86 2.19 1.38 0.52 0.00 0.00 0.00 0.00 0.00
0.00 0.00 0.00 0.00 0.00 0.00 0.00 0.00 2.03 7.21 12.57 16.95 19.15 20.72 19.77 17.55 12.96 8.34 3.43 0.00 0.00 0.00 0.00 0.00
0.00 0.00 0.00 0.00 0.00 0.00 0.00 0.00 1.42 4.78 8.32 11.13 12.35 13.52 13.10 11.53 8.76 5.46 2.17 0.00 0.00 0.00 0.00 0.00
0.00 0.00 0.00 0.00 0.00 0.00 0.00 0.00 1.96 6.60 11.49 15.37 17.05 18.65 18.08 15.91 12.09 7.54 2.99 0.00 0.00 0.00 0.00 0.00
0.00 0.00 0.00 0.00 0.00 0.00 0.00 0.00 1.34 4.50 7.83 10.47 11.61 12.71 12.32 10.83 8.23 5.13 2.04 0.00 0.00 0.00 0.00 0.00
0.00 0.00 0.00 0.00 0.00 0.00 0.00 0.00 1.08 3.84 6.70 9.04 10.21 11.05 10.55 9.36 6.91 4.45 1.83 0.00 0.00 0.00 0.00 0.00
0.00 0.00 0.00 0.00 0.00 0.00 0.00 0.00 1.12 3.58 6.14 8.27 9.34 9.91 9.59 8.43 6.44 3.97 1.53 0.00 0.00 0.00 0.00 0.00
0.00 0.00 0.00 0.00 0.00 0.00 0.00 0.00 0.89 3.68 6.74 9.26 10.43 10.61 10.32 9.37 6.35 4.13 1.85 0.00 0.00 0.00 0.00 0.00
0.00 0.00 0.00 0.00 0.00 0.00 0.00 0.00 4.80 25.09 50.16 72.33 85.27 105.99 105.07 96.33 78.09 52.12 25.99 0.00 0.00 0.00 0.00 0.00
0.00 0.00 0.00 0.00 0.00 0.00 0.00 0.00 0.87 4.64 8.93 12.86 15.21 16.99 16.59 15.34 11.99 7.88 3.63 0.00 0.00 0.00 0.00 0.00
0.00 0.00 0.00 0.00 0.00 0.00 0.00 0.00 1.64 7.52 14.01 19.31 22.48 23.58 23.35 21.40 12.75 8.38 3.73 0.00 0.00 0.00 0.00 0.00
0.00 0.00 0.00 0.00 0.00 0.00 0.00 0.00 0.75 3.44 6.42 8.85 10.30 10.81 10.70 9.81 5.84 3.84 1.71 0.00 0.00 0.00 0.00 0.00
0.00 0.00 0.00 0.00 0.00 0.00 0.00 0.00 1.06 5.69 10.94 15.71 18.59 20.85 20.40 18.78 14.88 9.87 4.54 0.00 0.00 0.00 0.00 0.00
0.00 0.00 0.00 0.00 0.00 0.00 0.00 0.00 0.53 2.56 4.85 6.66 7.82 8.56 8.37 7.57 5.68 3.69 1.63 0.00 0.00 0.00 0.00 0.00
0.00 0.00 0.00 0.00 0.00 0.00 0.00 0.00 2.14 22.54 46.41 69.50 88.52 97.71 102.36 97.88 72.84 50.71 25.46 0.00 0.00 0.00 0.00 0.00
0.00 0.00 0.00 0.00 0.00 0.00 0.00 0.00 0.32 8.97 19.17 27.57 33.18 36.32 37.35 34.16 27.87 18.13 8.58 0.00 0.00 0.00 0.00 0.00
0.00 0.00 0.00 0.00 0.00 0.00 0.00 0.00 0.08 2.00 4.26 6.14 7.43 8.24 8.33 7.58 6.04 4.04 1.93 0.00 0.00 0.00 0.00 0.00
0.00 0.00 0.00 0.00 0.00 0.00 0.00 0.00 0.15 2.45 5.12 7.27 8.87 9.87 9.89 8.99 7.27 4.89 2.35 0.00 0.00 0.00 0.00 0.00
0.00 0.00 0.00 0.00 0.00 0.00 0.00 0.00 0.24 3.91 8.19 11.64 14.20 15.79 15.83 14.39 11.63 7.82 3.76 0.00 0.00 0.00 0.00 0.00
0.00 0.00 0.00 0.00 0.00 0.00 0.00 0.00 0.00 81.64 185.20 268.02 334.62 379.44 391.38 370.82 303.42 210.04 112.76 0.00 0.00 0.00 0.00 0.00
