0.00 0.00 0.00 0.00 0.00 0.00 0.00 0.00 0.77 1.68 2.74 3.66 4.30 4.76 4.80 4.65 4.22 3.47 2.44 1.19 0.41 0.00 0.00 0.00
0.00 0.00 0.00 0.00 0.00 0.00 0.00 0.00 16.92 33.37 52.16 66.24 77.10 81.42 80.91 75.64 67.59 52.43 35.41 13.42 1.57 0.00 0.00 0.00
0.00 0.00 0.00 0.00 0.00 0.00 0.00 0.00 17.62 38.51 62.67 83.59 98.34 108.85 109.69 106.22 96.57 79.44 55.79 27.14 9.27 0.00 0.00 0.00
0.00 0.00 0.00 0.00 0.00 0.00 0.00 0.00 62.61 136.85 222.74 297.09 349.48 386.84 389.82 377.50 343.21 282.32 198.26 96.47 32.94 0.00 0.00 0.00
0.00 0.00 0.00 0.00 0.00 0.00 0.00 0.52 3.42 6.13 8.56 10.76 12.14 11.52 11.24 10.36 8.38 6.50 4.17 2.11 0.05 0.00 0.00 0.00
0.00 0.00 0.00 0.00 0.00 0.00 0.00 0.00 120.39 279.39 468.10 629.81 758.58 842.29 875.39 873.82 815.94 668.59 463.83 234.02 83.47 0.00 0.00 0.00
0.00 0.00 0.00 0.00 0.00 0.00 0.00 0.24 2.04 3.73 5.70 7.37 8.52 9.09 8.98 8.43 7.48 5.77 3.80 1.56 0.30 0.00 0.00 0.00
0.00 0.00 0.00 0.00 0.00 0.00 0.00 0.01 1.02 1.98 2.92 3.79 4.39 4.91 4.78 4.54 4.35 3.40 2.28 0.89 0.12 0.00 0.00 0.00
0.00 0.00 0.00 0.00 0.00 0.00 0.00 0.01 1.64 3.17 4.67 6.06 7.03 7.86 7.64 7.27 6.96 5.44 3.64 1.43 0.19 0.00 0.00 0.00
0.00 0.00 0.00 0.00 0.00 0.00 0.00 0.01 1.64 3.17 4.67 6.06 7.03 7.86 7.64 7.27 6.96 5.44 3.64 1.43 0.19 0.00 0.00 0.00
0.00 0.00 0.00 0.00 0.00 0.00 0.00 0.00 3.84 7.60 12.14 16.12 18.67 20.19 20.16 19.03 17.58 13.81 8.91 3.68 0.72 0.00 0.00 0.00
0.00 0.00 0.00 0.00 0.00 0.00 0.00 0.00 1.79 3.54 5.67 7.54 8.71 9.56 9.53 8.94 8.37 6.61 4.25 1.74 0.33 0.00 0.00 0.00
0.00 0.00 0.00 0.00 0.00 0.00 0.00 0.00 2.30 4.56 7.29 9.70 11.20 12.29 12.25 11.49 10.76 8.50 5.47 2.23 0.42 0.00 0.00 0.00
0.00 0.00 0.00 0.00 0.00 0.00 0.00 0.00 1.54 3.04 4.86 6.46 7.47 8.19 8.17 7.66 7.18 5.66 3.65 1.49 0.28 0.00 0.00 0.00
0.00 0.00 0.00 0.00 0.00 0.00 0.00 0.00 1.54 3.04 4.86 6.46 7.47 8.19 8.17 7.66 7.18 5.66 3.65 1.49 0.28 0.00 0.00 0.00
0.00 0.00 0.00 0.00 0.00 0.00 0.00 0.00 18.81 40.36 65.14 86.02 100.06 112.82 112.34 105.80 93.56 72.77 48.53 19.97 3.64 0.00 0.00 0.00
0.00 0.00 0.00 0.00 0.00 0.00 0.00 0.00 11.85 23.12 36.16 48.10 55.82 60.97 60.86 56.54 51.46 40.41 26.45 10.84 2.02 0.00 0.00 0.00
0.00 0.00 0.00 0.00 0.00 0.00 0.00 0.00 10.11 19.82 31.23 41.54 47.68 51.43 51.19 48.10 43.03 33.94 22.21 9.30 1.96 0.00 0.00 0.00
0.00 0.00 0.00 0.00 0.00 0.00 0.00 0.00 35.51 82.41 138.07 185.77 223.75 248.45 258.21 257.75 240.67 197.21 136.81 69.03 24.62 0.00 0.00 0.00
0.00 0.00 0.00 0.00 0.00 0.00 0.00 0.00 33.78 78.39 131.34 176.71 212.84 236.33 245.61 245.17 228.93 187.59 130.14 65.66 23.42 0.00 0.00 0.00
0.00 0.00 0.00 0.00 0.00 0.00 0.00 0.00 64.96 150.75 252.57 339.83 409.30 454.47 472.33 471.49 440.26 360.75 250.27 126.27 45.04 0.00 0.00 0.00
0.00 0.00 0.00 0.00 0.00 0.00 0.00 0.00 63.88 148.24 248.36 334.16 402.48 446.90 464.46 463.63 432.92 354.74 246.10 124.17 44.29 0.00 0.00 0.00
0.00 0.00 0.00 0.00 0.00 0.00 0.00 0.00 80.06 174.24 280.24 379.63 457.79 511.15 526.77 506.76 466.34 371.72 259.36 128.98 46.24 0.00 0.00 0.00
0.00 0.00 0.00 0.00 0.00 0.00 0.00 0.01 1.02 1.98 2.92 3.79 4.39 4.91 4.78 4.54 4.35 3.40 2.28 0.89 0.12 0.00 0.00 0.00
0.00 0.00 0.00 0.00 0.00 0.00 0.00 0.04 5.19 10.04 14.79 19.19 22.25 24.89 24.20 23.01 22.03 17.22 11.54 4.52 0.60 0.00 0.00 0.00
0.00 0.00 0.00 0.00 0.00 0.00 0.00 0.19 26.51 51.27 75.49 97.96 113.59 127.06 123.53 117.49 112.46 87.91 58.91 23.08 3.08 0.00 0.00 0.00
0.00 0.00 0.00 0.00 0.00 0.00 0.00 0.00 2.43 5.63 9.43 12.69 15.28 16.97 17.63 17.60 16.44 13.47 9.34 4.71 1.68 0.00 0.00 0.00
0.00 0.00 0.00 0.00 0.00 0.00 0.00 0.00 61.63 134.71 219.27 292.45 344.03 380.81 383.75 371.62 337.86 277.92 195.17 94.96 32.43 0.00 0.00 0.00
0.00 0.00 0.00 0.00 0.00 0.00 0.00 0.00 5.19 11.15 16.50 22.51 26.81 30.03 29.72 27.96 27.47 21.85 14.72 5.80 1.54 0.00 0.00 0.00
0.00 0.00 0.00 0.00 0.00 0.00 0.00 0.00 34.13 68.32 110.58 149.18 176.31 192.31 194.12 184.38 165.15 133.05 92.38 42.81 13.17 0.00 0.00 0.00
0.00 0.00 0.00 0.00 0.00 0.00 0.00 0.00 1.03 2.25 3.65 4.87 5.73 6.35 6.40 6.19 5.63 4.63 3.25 1.58 0.54 0.00 0.00 0.00
0.00 0.00 0.00 0.00 0.00 0.00 0.00 0.00 46.22 101.03 164.45 219.34 258.02 285.61 287.81 278.71 253.39 208.44 146.38 71.22 24.32 0.00 0.00 0.00
0.00 0.00 0.00 0.00 0.00 0.00 0.00 0.00 59.32 129.66 211.05 281.49 331.13 366.53 369.36 357.68 325.19 267.49 187.85 91.40 31.21 0.00 0.00 0.00
0.00 0.00 0.00 0.00 0.00 0.00 0.00 0.00 105.57 229.78 369.56 500.64 603.71 674.08 694.68 668.29 614.99 490.20 342.03 170.10 60.98 0.00 0.00 0.00
0.00 0.00 0.00 0.00 0.00 0.00 0.00 0.00 2.65 5.34 8.82 11.78 13.64 15.16 15.11 14.09 12.96 9.86 6.67 2.75 0.54 0.00 0.00 0.00
0.00 0.00 0.00 0.00 0.00 0.00 0.00 0.00 3.37 6.77 11.12 14.83 17.19 19.07 19.03 17.76 16.33 12.49 8.31 3.41 0.67 0.00 0.00 0.00
0.00 0.00 0.00 0.00 0.00 0.00 0.00 0.00 21.42 45.98 68.07 92.84 110.60 123.89 122.62 115.34 113.30 90.14 60.72 23.93 6.34 0.00 0.00 0.00
0.00 0.00 0.00 0.00 0.00 0.00 0.00 0.00 76.46 168.53 273.58 375.57 456.69 505.76 514.19 484.07 347.59 282.51 199.83 99.75 41.23 0.00 0.00 0.00
0.00 0.00 0.00 0.00 0.00 0.00 0.00 0.02 0.95 1.83 2.86 3.78 4.34 4.71 4.72 4.42 3.99 3.04 2.04 0.82 0.14 0.00 0.00 0.00
0.00 0.00 0.00 0.00 0.00 0.00 0.00 0.00 16.11 33.95 54.46 73.30 88.01 96.87 98.26 94.31 84.30 67.15 47.18 22.66 7.43 0.00 0.00 0.00
0.00 0.00 0.00 0.00 0.00 0.00 0.00 0.00 3.81 9.58 16.46 22.82 27.44 30.43 31.13 30.29 29.12 22.97 16.50 8.88 3.36 0.00 0.00 0.00
0.00 0.00 0.00 0.00 0.00 0.00 0.00 0.34 2.42 4.37 6.51 8.43 9.68 10.21 10.16 9.56 8.39 6.54 4.25 1.71 0.30 0.00 0.00 0.00
0.00 0.00 0.00 0.00 0.00 0.00 0.00 0.17 1.21 2.18 3.26 4.21 4.84 5.10 5.08 4.78 4.20 3.27 2.12 0.86 0.15 0.00 0.00 0.00
0.00 0.00 0.00 0.00 0.00 0.00 0.00 0.37 2.64 4.78 7.12 9.22 10.59 11.16 11.11 10.46 9.18 7.16 4.65 1.87 0.33 0.00 0.00 0.00
0.00 0.00 0.00 0.00 0.00 0.00 0.00 0.40 3.14 5.72 8.63 11.11 12.91 13.73 13.48 12.72 11.32 8.72 5.66 2.26 0.39 0.00 0.00 0.00
0.00 0.00 0.00 0.00 0.00 0.00 0.00 0.61 4.79 8.71 13.15 16.93 19.67 20.92 20.54 19.39 17.26 13.29 8.62 3.44 0.59 0.00 0.00 0.00
0.00 0.00 0.00 0.00 0.00 0.00 0.00 0.46 4.16 7.64 11.60 14.85 17.24 18.32 17.99 16.98 15.20 11.82 7.86 3.26 0.62 0.00 0.00 0.00
0.00 0.00 0.00 0.00 0.00 0.00 0.00 0.08 3.01 5.78 8.97 12.09 14.22 15.14 15.33 14.68 13.22 10.44 7.07 3.18 0.90 0.00 0.00 0.00
0.00 0.00 0.00 0.00 0.00 0.00 0.00 0.21 7.77 14.93 23.17 31.24 36.75 39.11 39.60 37.92 34.15 26.97 18.25 8.22 2.33 0.00 0.00 0.00
0.00 0.00 0.00 0.00 0.00 0.00 0.00 0.00 1.98 3.88 5.99 8.09 9.58 10.32 10.27 9.64 8.59 6.77 4.70 2.16 0.61 0.00 0.00 0.00
0.00 0.00 0.00 0.00 0.00 0.00 0.00 0.27 4.43 8.33 12.67 16.55 18.95 20.64 20.56 18.89 17.29 13.28 8.61 3.44 0.52 0.00 0.00 0.00
0.00 0.00 0.00 0.00 0.00 0.00 0.00 0.61 7.33 13.70 21.37 28.03 32.30 34.22 34.54 32.36 28.56 22.05 14.33 5.82 1.00 0.00 0.00 0.00
0.00 0.00 0.00 0.00 0.00 0.00 0.00 0.17 1.09 1.95 2.83 3.56 4.00 4.17 4.01 3.73 2.89 2.23 1.44 0.57 0.02 0.00 0.00 0.00
0.00 0.00 0.00 0.00 0.00 0.00 0.00 0.54 5.83 10.75 15.31 19.28 21.56 22.56 21.75 20.39 16.34 12.63 8.28 3.78 0.31 0.00 0.00 0.00
0.00 0.00 0.00 0.00 0.00 0.00 0.00 0.48 3.92 7.12 10.30 12.91 14.37 14.04 13.36 12.71 10.47 8.06 5.30 2.41 0.14 0.00 0.00 0.00
0.00 0.00 0.00 0.00 0.00 0.00 0.00 0.66 5.41 9.82 14.21 17.82 19.83 19.37 18.44 17.54 14.45 11.13 7.32 3.33 0.19 0.00 0.00 0.00
0.00 0.00 0.00 0.00 0.00 0.00 0.00 0.45 3.68 6.69 9.68 12.14 13.51 13.19 12.56 11.95 9.85 7.58 4.98 2.27 0.13 0.00 0.00 0.00
0.00 0.00 0.00 0.00 0.00 0.00 0.00 0.29 3.11 5.74 8.17 10.29 11.50 12.03 11.60 10.87 8.72 6.74 4.41 2.02 0.16 0.00 0.00 0.00
0.00 0.00 0.00 0.00 0.00 0.00 0.00 0.43 3.03 5.46 7.71 9.66 10.89 10.29 10.15 9.48 8.20 6.36 4.08 1.89 0.06 0.00 0.00 0.00
0.00 0.00 0.00 0.00 0.00 0.00 0.00 0.02 2.94 5.68 8.37 10.86 12.59 14.08 13.69 13.02 12.46 9.74 6.53 2.56 0.34 0.00 0.00 0.00
0.00 0.00 0.00 0.00 0.00 0.00 0.00 0.00 24.48 52.53 84.79 111.96 130.24 146.84 146.22 137.70 121.78 94.71 63.17 25.99 4.74 0.00 0.00 0.00
0.00 0.00 0.00 0.00 0.00 0.00 0.00 0.00 4.35 8.62 13.76 18.27 21.16 22.88 22.85 21.57 19.93 15.66 10.09 4.17 0.81 0.00 0.00 0.00
0.00 0.00 0.00 0.00 0.00 0.00 0.00 0.10 6.44 12.40 19.37 25.64 29.95 33.79 33.69 31.22 28.86 22.11 14.53 5.68 0.93 0.00 0.00 0.00
0.00 0.00 0.00 0.00 0.00 0.00 0.00 0.05 2.95 5.69 8.88 11.75 13.73 15.49 15.44 14.31 13.23 10.13 6.66 2.60 0.43 0.00 0.00 0.00
0.00 0.00 0.00 0.00 0.00 0.00 0.00 0.00 5.42 10.70 17.02 22.54 26.16 28.22 28.16 26.57 24.44 19.16 12.40 5.13 1.00 0.00 0.00 0.00
0.00 0.00 0.00 0.00 0.00 0.00 0.00 0.05 2.30 4.44 6.95 9.18 10.54 11.44 11.47 10.74 9.68 7.38 4.96 1.99 0.35 0.00 0.00 0.00
0.00 0.00 0.00 0.00 0.00 0.00 0.00 0.00 22.18 47.60 70.48 96.12 114.51 128.27 126.95 119.42 117.30 93.33 62.87 24.77 6.56 0.00 0.00 0.00
0.00 0.00 0.00 0.00 0.00 0.00 0.00 0.00 8.16 16.34 26.44 35.67 42.16 45.99 46.42 44.09 39.49 31.82 22.09 10.24 3.15 0.00 0.00 0.00
0.00 0.00 0.00 0.00 0.00 0.00 0.00 0.00 1.86 3.76 5.93 7.95 9.59 10.48 10.38 9.82 8.85 7.10 4.94 2.29 0.70 0.00 0.00 0.00
0.00 0.00 0.00 0.00 0.00 0.00 0.00 0.00 2.35 4.79 7.69 10.17 11.78 12.72 12.87 12.37 11.04 8.88 6.13 2.82 0.82 0.00 0.00 0.00
0.00 0.00 0.00 0.00 0.00 0.00 0.00 0.00 3.77 7.66 12.30 16.26 18.84 20.35 20.59 19.79 17.67 14.21 9.81 4.51 1.32 0.00 0.00 0.00
0.00 0.00 0.00 0.00 0.00 0.00 0.00 0.00 66.04 153.26 256.78 345.49 416.13 462.05 480.21 479.34 447.60 366.76 254.44 128.38 45.79 0.00 0.00 0.00
