0.00 0.00 0.00 0.00 0.00 0.00 0.00 0.16 1.16 2.11 3.19 4.23 5.07 5.50 5.61 5.31 4.66 3.73 2.54 1.31 0.47 0.00 0.00 0.00
0.00 0.00 0.00 0.00 0.00 0.00 0.00 4.30 18.82 32.46 47.63 62.89 74.58 81.58 82.00 76.83 65.17 50.63 33.30 12.82 1.76 0.00 0.00 0.00
0.00 0.00 0.00 0.00 0.00 0.00 0.00 3.76 26.44 48.20 73.00 96.66 116.00 125.84 128.39 121.42 106.46 85.29 58.06 30.00 10.82 0.00 0.00 0.00
0.00 0.00 0.00 0.00 0.00 0.00 0.00 13.37 93.98 171.29 259.44 343.53 412.24 447.22 456.29 431.52 378.36 303.11 206.35 106.61 38.46 0.00 0.00 0.00
0.00 0.00 0.00 0.00 0.00 0.00 0.00 1.25 3.68 6.03 9.06 11.55 13.14 14.22 14.19 12.93 10.69 8.10 5.14 1.79 0.11 0.00 0.00 0.00
0.00 0.00 0.00 0.00 0.00 0.00 0.00 14.65 203.66 385.91 599.46 796.05 952.77 1038.67 1049.36 986.18 829.23 648.50 452.12 240.13 89.33 0.00 0.00 0.00
0.00 0.00 0.00 0.00 0.00 0.00 0.00 0.84 2.56 4.18 6.09 7.73 9.01 9.59 9.88 9.32 8.24 6.42 4.20 1.84 0.43 0.00 0.00 0.00
0.00 0.00 0.00 0.00 0.00 0.00 0.00 0.27 1.09 1.85 2.81 3.71 4.37 4.80 4.82 4.60 4.00 3.15 2.08 0.85 0.14 0.00 0.00 0.00
0.00 0.00 0.00 0.00 0.00 0.00 0.00 0.44 1.75 2.97 4.50 5.93 6.99 7.68 7.71 7.36 6.41 5.03 3.33 1.36 0.22 0.00 0.00 0.00
0.00 0.00 0.00 0.00 0.00 0.00 0.00 0.44 1.75 2.97 4.50 5.93 6.99 7.68 7.71 7.36 6.41 5.03 3.33 1.36 0.22 0.00 0.00 0.00
0.00 0.00 0.00 0.00 0.00 0.00 0.00 0.89 3.81 6.55 9.74 13.24 16.14 18.51 19.29 18.46 15.96 12.55 8.31 2.53 0.56 0.00 0.00 0.00
0.00 0.00 0.00 0.00 0.00 0.00 0.00 0.42 1.80 3.09 4.63 6.30 7.62 8.84 9.16 8.71 7.30 5.72 3.76 1.14 0.25 0.00 0.00 0.00
0.00 0.00 0.00 0.00 0.00 0.00 0.00 0.54 2.31 3.97 5.96 8.10 9.80 11.37 11.77 11.20 9.38 7.36 4.84 1.47 0.32 0.00 0.00 0.00
0.00 0.00 0.00 0.00 0.00 0.00 0.00 0.36 1.54 2.65 3.97 5.40 6.54 7.58 7.85 7.46 6.26 4.90 3.22 0.98 0.21 0.00 0.00 0.00
0.00 0.00 0.00 0.00 0.00 0.00 0.00 0.36 1.54 2.65 3.97 5.40 6.54 7.58 7.85 7.46 6.26 4.90 3.22 0.98 0.21 0.00 0.00 0.00
0.00 0.00 0.00 0.00 0.00 0.00 0.00 2.74 21.67 39.56 61.11 79.72 93.49 102.73 104.79 101.02 88.77 68.79 44.28 18.58 3.59 0.00 0.00 0.00
0.00 0.00 0.00 0.00 0.00 0.00 0.00 3.01 12.07 20.58 30.38 40.32 48.95 55.39 56.62 54.98 48.45 38.03 25.30 7.41 1.59 0.00 0.00 0.00
0.00 0.00 0.00 0.00 0.00 0.00 0.00 2.78 11.22 19.14 27.53 36.06 43.62 46.81 48.11 46.44 41.68 32.94 21.83 9.33 2.23 0.00 0.00 0.00
0.00 0.00 0.00 0.00 0.00 0.00 0.00 4.32 60.07 113.83 176.82 234.80 281.03 306.37 309.52 290.89 244.59 191.28 133.36 70.83 26.35 0.00 0.00 0.00
0.00 0.00 0.00 0.00 0.00 0.00 0.00 4.11 57.14 108.28 168.19 223.35 267.32 291.42 294.42 276.70 232.66 181.95 126.85 67.37 25.06 0.00 0.00 0.00
0.00 0.00 0.00 0.00 0.00 0.00 0.00 7.90 109.89 208.22 323.45 429.52 514.08 560.43 566.20 532.11 447.43 349.91 243.95 129.56 48.20 0.00 0.00 0.00
0.00 0.00 0.00 0.00 0.00 0.00 0.00 7.77 108.06 204.75 318.06 422.36 505.52 551.09 556.76 523.24 439.97 344.08 239.88 127.40 47.39 0.00 0.00 0.00
0.00 0.00 0.00 0.00 0.00 0.00 0.00 19.13 127.12 230.81 343.70 456.52 545.08 588.66 601.02 569.33 498.59 399.04 273.26 147.26 55.75 0.00 0.00 0.00
0.00 0.00 0.00 0.00 0.00 0.00 0.00 0.27 1.09 1.85 2.81 3.71 4.37 4.80 4.82 4.60 4.00 3.15 2.08 0.85 0.14 0.00 0.00 0.00
0.00 0.00 0.00 0.00 0.00 0.00 0.00 1.39 5.53 9.40 14.24 18.79 22.13 24.33 24.43 23.31 20.29 15.94 10.53 4.32 0.69 0.00 0.00 0.00
0.00 0.00 0.00 0.00 0.00 0.00 0.00 7.08 28.23 47.98 72.70 95.94 112.99 124.23 124.70 118.98 103.56 81.39 53.77 22.04 3.50 0.00 0.00 0.00
0.00 0.00 0.00 0.00 0.00 0.00 0.00 0.30 4.10 7.77 12.08 16.04 19.19 20.92 21.14 19.87 16.70 13.06 9.11 4.84 1.80 0.00 0.00 0.00
0.00 0.00 0.00 0.00 0.00 0.00 0.00 13.16 92.51 168.62 255.40 338.18 405.81 440.25 449.18 424.79 372.47 298.38 203.13 104.95 37.86 0.00 0.00 0.00
0.00 0.00 0.00 0.00 0.00 0.00 0.00 0.64 4.33 7.82 13.60 19.62 24.98 28.71 30.38 29.24 25.83 20.53 14.10 6.53 1.86 0.00 0.00 0.00
0.00 0.00 0.00 0.00 0.00 0.00 0.00 12.73 53.48 92.24 133.20 173.11 202.65 216.87 219.74 208.53 182.14 146.60 101.25 49.73 16.84 0.00 0.00 0.00
0.00 0.00 0.00 0.00 0.00 0.00 0.00 0.22 1.54 2.81 4.26 5.64 6.76 7.34 7.49 7.08 6.21 4.97 3.39 1.75 0.63 0.00 0.00 0.00
0.00 0.00 0.00 0.00 0.00 0.00 0.00 9.87 69.38 126.46 191.55 253.63 304.36 330.19 336.88 318.59 279.35 223.79 152.35 78.71 28.39 0.00 0.00 0.00
0.00 0.00 0.00 0.00 0.00 0.00 0.00 12.67 89.04 162.29 245.82 325.50 390.60 423.74 432.33 408.86 358.50 287.19 195.52 101.01 36.44 0.00 0.00 0.00
0.00 0.00 0.00 0.00 0.00 0.00 0.00 25.23 167.64 304.39 453.25 602.04 718.82 776.30 792.60 750.80 657.52 526.23 360.36 194.20 73.52 0.00 0.00 0.00
0.00 0.00 0.00 0.00 0.00 0.00 0.00 0.57 2.72 4.73 7.23 9.92 12.18 13.84 14.06 13.55 11.95 9.38 6.31 2.36 0.52 0.00 0.00 0.00
0.00 0.00 0.00 0.00 0.00 0.00 0.00 0.73 3.39 5.88 8.94 12.20 15.19 17.30 17.77 17.06 14.82 11.51 7.66 2.69 0.59 0.00 0.00 0.00
0.00 0.00 0.00 0.00 0.00 0.00 0.00 2.63 17.87 32.27 56.10 80.91 103.03 118.44 125.31 120.63 106.53 84.69 58.17 26.94 7.69 0.00 0.00 0.00
0.00 0.00 0.00 0.00 0.00 0.00 0.00 19.70 126.72 230.05 333.35 441.71 524.99 586.23 596.99 575.31 498.91 401.15 287.66 185.35 80.94 0.00 0.00 0.00
0.00 0.00 0.00 0.00 0.00 0.00 0.00 0.26 0.98 1.66 2.41 3.29 3.96 4.41 4.53 4.31 3.74 2.93 1.96 0.63 0.13 0.00 0.00 0.00
0.00 0.00 0.00 0.00 0.00 0.00 0.00 4.51 24.69 43.99 64.67 85.41 101.61 109.85 111.43 104.93 91.29 73.51 51.78 26.43 9.30 0.00 0.00 0.00
0.00 0.00 0.00 0.00 0.00 0.00 0.00 0.00 6.90 13.69 21.60 29.28 34.82 38.15 38.05 35.04 29.45 23.40 16.63 9.43 3.69 0.00 0.00 0.00
0.00 0.00 0.00 0.00 0.00 0.00 0.00 0.98 2.86 4.65 6.84 8.91 10.30 10.91 11.08 10.59 9.44 7.35 4.86 2.12 0.46 0.00 0.00 0.00
0.00 0.00 0.00 0.00 0.00 0.00 0.00 0.49 1.43 2.32 3.42 4.45 5.15 5.45 5.54 5.30 4.72 3.68 2.43 1.06 0.23 0.00 0.00 0.00
0.00 0.00 0.00 0.00 0.00 0.00 0.00 1.07 3.13 5.08 7.48 9.74 11.27 11.93 12.11 11.58 10.33 8.04 5.32 2.31 0.51 0.00 0.00 0.00
0.00 0.00 0.00 0.00 0.00 0.00 0.00 1.24 3.70 6.02 8.81 11.49 13.26 14.07 14.38 13.95 12.37 9.53 6.40 2.75 0.59 0.00 0.00 0.00
0.00 0.00 0.00 0.00 0.00 0.00 0.00 1.88 5.64 9.17 13.43 17.51 20.21 21.44 21.92 21.26 18.84 14.52 9.75 4.18 0.90 0.00 0.00 0.00
0.00 0.00 0.00 0.00 0.00 0.00 0.00 1.68 5.16 8.44 12.38 15.74 18.32 19.59 19.87 18.86 16.57 12.93 8.63 3.81 0.88 0.00 0.00 0.00
0.00 0.00 0.00 0.00 0.00 0.00 0.00 1.29 4.58 7.68 10.99 14.17 16.52 17.48 17.38 16.27 14.28 11.28 7.77 3.73 1.19 0.00 0.00 0.00
0.00 0.00 0.00 0.00 0.00 0.00 0.00 3.33 11.82 19.84 28.39 36.62 42.69 45.15 44.90 42.03 36.90 29.14 20.08 9.63 3.08 0.00 0.00 0.00
0.00 0.00 0.00 0.00 0.00 0.00 0.00 0.75 2.95 5.03 7.22 9.39 10.96 11.66 11.83 11.05 9.52 7.54 5.20 2.52 0.80 0.00 0.00 0.00
0.00 0.00 0.00 0.00 0.00 0.00 0.00 1.33 4.60 7.67 11.37 14.94 17.64 19.26 19.84 18.81 15.92 12.33 8.22 2.55 0.47 0.00 0.00 0.00
0.00 0.00 0.00 0.00 0.00 0.00 0.00 2.52 8.29 13.70 19.75 26.11 31.67 34.59 35.02 33.40 30.07 23.26 15.23 6.39 1.33 0.00 0.00 0.00
0.00 0.00 0.00 0.00 0.00 0.00 0.00 0.40 1.18 1.92 2.79 3.53 4.00 4.12 4.11 3.89 3.02 2.30 1.50 0.51 0.04 0.00 0.00 0.00
0.00 0.00 0.00 0.00 0.00 0.00 0.00 1.96 6.47 10.67 15.73 20.30 23.40 24.76 24.78 23.45 19.93 15.42 10.09 3.90 0.45 0.00 0.00 0.00
0.00 0.00 0.00 0.00 0.00 0.00 0.00 1.41 4.39 7.20 10.65 13.70 15.62 16.66 16.66 15.61 12.85 9.95 6.45 2.45 0.23 0.00 0.00 0.00
0.00 0.00 0.00 0.00 0.00 0.00 0.00 1.95 6.05 9.93 14.70 18.90 21.55 22.99 22.99 21.54 17.74 13.73 8.90 3.39 0.32 0.00 0.00 0.00
0.00 0.00 0.00 0.00 0.00 0.00 0.00 1.33 4.12 6.76 10.01 12.87 14.68 15.66 15.66 14.67 12.08 9.35 6.06 2.31 0.22 0.00 0.00 0.00
0.00 0.00 0.00 0.00 0.00 0.00 0.00 1.05 3.45 5.69 8.39 10.83 12.48 13.21 13.22 12.51 10.63 8.22 5.38 2.08 0.24 0.00 0.00 0.00
0.00 0.00 0.00 0.00 0.00 0.00 0.00 1.08 3.25 5.35 8.10 10.28 11.81 12.89 12.86 11.80 9.80 7.41 4.69 1.69 0.11 0.00 0.00 0.00
0.00 0.00 0.00 0.00 0.00 0.00 0.00 0.79 3.13 5.32 8.06 10.63 12.52 13.77 13.82 13.19 11.48 9.02 5.96 2.44 0.39 0.00 0.00 0.00
0.00 0.00 0.00 0.00 0.00 0.00 0.00 3.57 28.20 51.49 79.54 103.76 121.69 133.72 136.40 131.48 115.54 89.54 57.63 24.19 4.68 0.00 0.00 0.00
0.00 0.00 0.00 0.00 0.00 0.00 0.00 1.00 4.31 7.43 11.04 15.01 18.29 20.98 21.86 20.92 18.09 14.22 9.42 2.86 0.63 0.00 0.00 0.00
0.00 0.00 0.00 0.00 0.00 0.00 0.00 1.66 6.39 10.83 16.68 22.84 27.09 30.84 30.97 29.46 21.47 16.68 11.04 3.19 0.62 0.00 0.00 0.00
0.00 0.00 0.00 0.00 0.00 0.00 0.00 0.76 2.93 4.96 7.65 10.47 12.42 14.14 14.19 13.50 9.84 7.65 5.06 1.46 0.28 0.00 0.00 0.00
0.00 0.00 0.00 0.00 0.00 0.00 0.00 1.26 5.38 9.26 13.65 18.48 22.58 25.78 26.85 25.73 22.40 17.63 11.72 3.55 0.79 0.00 0.00 0.00
0.00 0.00 0.00 0.00 0.00 0.00 0.00 0.63 2.38 4.02 5.86 8.00 9.61 10.72 11.01 10.47 9.09 7.12 4.75 1.53 0.31 0.00 0.00 0.00
0.00 0.00 0.00 0.00 0.00 0.00 0.00 2.73 18.51 33.41 58.09 83.77 106.68 122.63 129.74 124.90 110.30 87.68 60.23 27.89 7.96 0.00 0.00 0.00
0.00 0.00 0.00 0.00 0.00 0.00 0.00 3.05 12.79 22.06 31.85 41.40 48.46 51.86 52.55 49.86 43.55 35.06 24.21 11.89 4.03 0.00 0.00 0.00
0.00 0.00 0.00 0.00 0.00 0.00 0.00 0.64 2.82 4.89 7.15 9.30 10.87 11.64 11.90 11.18 9.76 7.78 5.37 2.60 0.87 0.00 0.00 0.00
0.00 0.00 0.00 0.00 0.00 0.00 0.00 0.73 3.35 5.85 8.44 11.13 13.32 14.46 14.50 13.61 11.93 9.41 6.48 3.06 0.98 0.00 0.00 0.00
0.00 0.00 0.00 0.00 0.00 0.00 0.00 1.17 5.36 9.36 13.50 17.81 21.31 23.14 23.20 21.78 19.10 15.06 10.37 4.90 1.57 0.00 0.00 0.00
0.00 0.00 0.00 0.00 0.00 0.00 0.00 8.03 111.72 211.69 328.84 436.68 522.65 569.77 575.64 540.98 454.88 355.74 248.02 131.72 49.00 0.00 0.00 0.00
