0.00 0.00 0.00 0.00 0.00 0.00 0.00 0.00 0.62 1.54 2.28 3.17 3.82 4.17 4.19 4.00 3.52 2.77 1.85 0.93 0.15 0.00 0.00 0.00
0.00 0.00 0.00 0.00 0.00 0.00 0.00 0.00 12.75 26.78 38.69 52.51 63.70 69.19 69.39 65.08 55.92 42.96 26.83 9.34 0.00 0.00 0.00 0.00
0.00 0.00 0.00 0.00 0.00 0.00 0.00 0.00 14.29 35.28 52.12 72.41 87.45 95.33 95.82 91.58 80.54 63.27 42.19 21.32 3.37 0.00 0.00 0.00
0.00 0.00 0.00 0.00 0.00 0.00 0.00 0.00 50.78 125.38 185.22 257.35 310.80 338.81 340.54 325.47 286.24 224.85 149.94 75.77 11.98 0.00 0.00 0.00
0.00 0.00 0.00 0.00 0.00 0.00 0.00 0.12 2.84 5.38 8.01 10.62 12.20 12.40 12.26 11.53 9.46 7.10 4.28 1.40 0.00 0.00 0.00 0.00
0.00 0.00 0.00 0.00 0.00 0.00 0.00 0.00 99.65 264.62 424.91 591.20 711.96 766.29 778.14 734.63 630.51 499.22 344.24 184.93 34.86 0.00 0.00 0.00
0.00 0.00 0.00 0.00 0.00 0.00 0.00 0.00 1.79 3.54 5.02 6.80 7.85 8.15 8.07 7.59 6.24 4.63 2.90 1.16 0.00 0.00 0.00 0.00
0.00 0.00 0.00 0.00 0.00 0.00 0.00 0.00 0.76 1.58 2.37 3.25 3.85 4.02 4.12 3.89 3.48 2.72 1.70 0.70 0.00 0.00 0.00 0.00
0.00 0.00 0.00 0.00 0.00 0.00 0.00 0.00 1.22 2.53 3.80 5.20 6.16 6.43 6.60 6.23 5.57 4.35 2.73 1.13 0.00 0.00 0.00 0.00
0.00 0.00 0.00 0.00 0.00 0.00 0.00 0.00 1.22 2.53 3.80 5.20 6.16 6.43 6.60 6.23 5.57 4.35 2.73 1.13 0.00 0.00 0.00 0.00
0.00 0.00 0.00 0.00 0.00 0.00 0.00 0.00 2.83 6.06 9.44 13.03 15.80 16.84 16.91 16.24 14.16 10.86 7.03 3.07 0.00 0.00 0.00 0.00
0.00 0.00 0.00 0.00 0.00 0.00 0.00 0.00 1.36 2.89 4.52 6.13 7.37 7.88 7.93 7.66 6.69 5.16 3.25 1.39 0.00 0.00 0.00 0.00
0.00 0.00 0.00 0.00 0.00 0.00 0.00 0.00 1.74 3.72 5.81 7.88 9.47 10.13 10.19 9.84 8.60 6.63 4.18 1.79 0.00 0.00 0.00 0.00
0.00 0.00 0.00 0.00 0.00 0.00 0.00 0.00 1.16 2.48 3.87 5.25 6.31 6.75 6.79 6.56 5.73 4.42 2.78 1.19 0.00 0.00 0.00 0.00
0.00 0.00 0.00 0.00 0.00 0.00 0.00 0.00 1.16 2.48 3.87 5.25 6.31 6.75 6.79 6.56 5.73 4.42 2.78 1.19 0.00 0.00 0.00 0.00
0.00 0.00 0.00 0.00 0.00 0.00 0.00 0.00 13.27 30.67 50.28 70.11 86.23 96.89 100.29 95.99 84.78 65.53 41.13 16.50 0.00 0.00 0.00 0.00
0.00 0.00 0.00 0.00 0.00 0.00 0.00 0.00 8.99 18.96 29.14 40.76 49.37 51.95 51.05 48.44 42.35 32.46 21.03 9.12 0.00 0.00 0.00 0.00
0.00 0.00 0.00 0.00 0.00 0.00 0.00 0.00 7.96 16.92 25.35 34.01 41.08 43.05 43.12 41.25 35.00 26.92 17.36 7.61 0.00 0.00 0.00 0.00
0.00 0.00 0.00 0.00 0.00 0.00 0.00 0.00 29.39 78.05 125.33 174.38 210.00 226.03 229.52 216.69 185.98 147.25 101.54 54.55 10.28 0.00 0.00 0.00
0.00 0.00 0.00 0.00 0.00 0.00 0.00 0.00 27.96 74.25 119.22 165.88 199.76 215.00 218.33 206.12 176.91 140.07 96.59 51.89 9.78 0.00 0.00 0.00
0.00 0.00 0.00 0.00 0.00 0.00 0.00 0.00 53.77 142.78 229.27 318.99 384.15 413.47 419.86 396.38 340.20 269.36 185.74 99.78 18.81 0.00 0.00 0.00
0.00 0.00 0.00 0.00 0.00 0.00 0.00 0.00 52.87 140.40 225.45 313.68 377.75 406.58 412.86 389.78 334.53 264.87 182.65 98.12 18.49 0.00 0.00 0.00
0.00 0.00 0.00 0.00 0.00 0.00 0.00 0.00 69.43 171.81 255.00 348.26 413.75 448.37 448.93 424.24 375.72 294.31 198.76 102.25 18.39 0.00 0.00 0.00
0.00 0.00 0.00 0.00 0.00 0.00 0.00 0.00 0.76 1.58 2.37 3.25 3.85 4.02 4.12 3.89 3.48 2.72 1.70 0.70 0.00 0.00 0.00 0.00
0.00 0.00 0.00 0.00 0.00 0.00 0.00 0.00 3.87 8.00 12.03 16.47 19.50 20.35 20.90 19.71 17.63 13.76 8.64 3.56 0.00 0.00 0.00 0.00
0.00 0.00 0.00 0.00 0.00 0.00 0.00 0.00 19.78 40.87 61.40 84.07 99.56 103.91 106.68 100.65 90.02 70.27 44.09 18.20 0.00 0.00 0.00 0.00
0.00 0.00 0.00 0.00 0.00 0.00 0.00 0.00 2.01 5.33 8.56 11.91 14.34 15.44 15.67 14.80 12.70 10.06 6.93 3.73 0.70 0.00 0.00 0.00
0.00 0.00 0.00 0.00 0.00 0.00 0.00 0.00 49.99 123.42 182.33 253.34 305.96 333.53 335.23 320.39 281.78 221.35 147.60 74.59 11.79 0.00 0.00 0.00
0.00 0.00 0.00 0.00 0.00 0.00 0.00 0.00 3.62 8.55 13.12 18.53 23.42 27.05 27.70 26.37 22.37 17.51 11.89 5.55 0.31 0.00 0.00 0.00
0.00 0.00 0.00 0.00 0.00 0.00 0.00 0.00 29.26 65.02 98.83 136.30 158.71 138.95 138.90 131.47 132.45 102.34 67.11 34.23 3.33 0.00 0.00 0.00
0.00 0.00 0.00 0.00 0.00 0.00 0.00 0.00 0.83 2.06 3.04 4.22 5.10 5.56 5.59 5.34 4.70 3.69 2.46 1.24 0.20 0.00 0.00 0.00
0.00 0.00 0.00 0.00 0.00 0.00 0.00 0.00 37.49 92.57 136.75 190.01 229.47 250.15 251.42 240.30 211.34 166.01 110.70 55.94 8.84 0.00 0.00 0.00
0.00 0.00 0.00 0.00 0.00 0.00 0.00 0.00 48.11 118.80 175.50 243.84 294.49 321.02 322.66 308.38 271.22 213.05 142.07 71.79 11.35 0.00 0.00 0.00
0.00 0.00 0.00 0.00 0.00 0.00 0.00 0.00 91.56 226.57 336.29 459.27 545.64 591.29 592.02 559.47 495.48 388.12 262.12 134.84 24.25 0.00 0.00 0.00
0.00 0.00 0.00 0.00 0.00 0.00 0.00 0.00 2.02 4.39 6.76 9.31 11.15 12.32 12.62 12.02 10.44 8.05 5.17 2.21 0.00 0.00 0.00 0.00
0.00 0.00 0.00 0.00 0.00 0.00 0.00 0.00 2.56 5.55 8.55 11.79 14.14 15.52 15.74 15.10 13.04 10.00 6.45 2.79 0.00 0.00 0.00 0.00
0.00 0.00 0.00 0.00 0.00 0.00 0.00 0.00 14.95 35.27 54.11 76.42 96.63 111.57 114.25 108.78 92.28 72.23 49.04 22.90 1.29 0.00 0.00 0.00
0.00 0.00 0.00 0.00 0.00 0.00 0.00 0.00 65.50 167.90 259.22 346.48 423.02 449.84 453.90 431.29 405.04 327.86 229.33 114.40 29.30 0.00 0.00 0.00
0.00 0.00 0.00 0.00 0.00 0.00 0.00 0.00 0.74 1.53 2.36 3.28 3.94 4.17 4.10 3.80 3.26 2.53 1.63 0.69 0.00 0.00 0.00 0.00
0.00 0.00 0.00 0.00 0.00 0.00 0.00 0.00 13.58 32.10 46.78 63.70 76.81 82.68 83.56 78.33 69.50 54.88 36.15 17.94 2.44 0.00 0.00 0.00
0.00 0.00 0.00 0.00 0.00 0.00 0.00 0.00 3.27 9.62 15.35 21.64 26.29 27.96 27.60 26.17 23.58 19.05 13.18 7.16 1.62 0.00 0.00 0.00
0.00 0.00 0.00 0.00 0.00 0.00 0.00 0.00 2.14 4.17 5.81 7.87 9.20 9.34 9.27 8.61 7.22 5.35 3.31 1.32 0.00 0.00 0.00 0.00
0.00 0.00 0.00 0.00 0.00 0.00 0.00 0.00 1.07 2.08 2.91 3.94 4.60 4.67 4.64 4.30 3.61 2.67 1.66 0.66 0.00 0.00 0.00 0.00
0.00 0.00 0.00 0.00 0.00 0.00 0.00 0.00 2.34 4.56 6.36 8.61 10.06 10.21 10.14 9.42 7.89 5.85 3.63 1.44 0.00 0.00 0.00 0.00
0.00 0.00 0.00 0.00 0.00 0.00 0.00 0.00 2.73 5.34 7.63 10.43 12.30 12.52 12.34 11.50 9.78 7.17 4.48 1.69 0.00 0.00 0.00 0.00
0.00 0.00 0.00 0.00 0.00 0.00 0.00 0.00 4.16 8.14 11.62 15.89 18.75 19.07 18.81 17.52 14.90 10.92 6.82 2.58 0.00 0.00 0.00 0.00
0.00 0.00 0.00 0.00 0.00 0.00 0.00 0.00 3.62 7.18 10.08 13.65 15.98 16.56 16.48 15.30 12.70 9.52 5.98 2.42 0.00 0.00 0.00 0.00
0.00 0.00 0.00 0.00 0.00 0.00 0.00 0.00 2.55 5.41 8.15 10.97 13.15 13.30 13.03 12.22 10.39 8.04 5.15 2.40 0.13 0.00 0.00 0.00
0.00 0.00 0.00 0.00 0.00 0.00 0.00 0.00 6.59 13.97 21.05 28.34 33.97 34.37 33.67 31.58 26.83 20.76 13.32 6.21 0.33 0.00 0.00 0.00
0.00 0.00 0.00 0.00 0.00 0.00 0.00 0.00 1.63 3.53 5.36 7.39 8.83 8.89 8.76 8.26 7.01 5.32 3.42 1.69 0.10 0.00 0.00 0.00
0.00 0.00 0.00 0.00 0.00 0.00 0.00 0.00 3.53 7.12 10.79 14.58 17.47 18.27 18.02 16.75 12.80 9.93 6.30 2.76 0.00 0.00 0.00 0.00
0.00 0.00 0.00 0.00 0.00 0.00 0.00 0.00 6.41 12.87 18.82 25.30 29.86 31.08 30.88 29.09 24.60 18.70 11.48 4.62 0.00 0.00 0.00 0.00
0.00 0.00 0.00 0.00 0.00 0.00 0.00 0.03 0.87 1.65 2.46 3.27 3.78 3.79 3.73 3.57 3.04 2.27 1.39 0.52 0.00 0.00 0.00 0.00
0.00 0.00 0.00 0.00 0.00 0.00 0.00 0.00 4.56 8.92 13.28 17.60 20.81 20.72 20.61 19.44 16.87 12.79 7.99 3.20 0.00 0.00 0.00 0.00
0.00 0.00 0.00 0.00 0.00 0.00 0.00 0.01 3.20 6.16 9.10 12.07 13.92 13.63 13.76 13.12 11.31 8.53 5.23 2.06 0.00 0.00 0.00 0.00
0.00 0.00 0.00 0.00 0.00 0.00 0.00 0.01 4.41 8.50 12.56 16.65 19.21 18.81 18.99 18.11 15.61 11.77 7.22 2.85 0.00 0.00 0.00 0.00
0.00 0.00 0.00 0.00 0.00 0.00 0.00 0.01 3.01 5.79 8.55 11.34 13.08 12.81 12.94 12.34 10.63 8.02 4.92 1.94 0.00 0.00 0.00 0.00
0.00 0.00 0.00 0.00 0.00 0.00 0.00 0.00 2.43 4.76 7.08 9.39 11.10 11.05 10.99 10.37 9.00 6.82 4.26 1.71 0.00 0.00 0.00 0.00
0.00 0.00 0.00 0.00 0.00 0.00 0.00 0.07 2.50 4.77 7.15 9.47 10.79 11.13 10.91 10.23 8.40 6.33 3.85 1.37 0.00 0.00 0.00 0.00
0.00 0.00 0.00 0.00 0.00 0.00 0.00 0.00 2.19 4.53 6.80 9.32 11.03 11.52 11.82 11.15 9.98 7.79 4.89 2.02 0.00 0.00 0.00 0.00
0.00 0.00 0.00 0.00 0.00 0.00 0.00 0.00 17.27 39.92 65.45 91.25 112.24 126.11 130.53 124.94 110.34 85.29 53.53 21.47 0.00 0.00 0.00 0.00
0.00 0.00 0.00 0.00 0.00 0.00 0.00 0.00 3.21 6.87 10.70 14.76 17.90 19.09 19.16 18.41 16.04 12.31 7.97 3.48 0.00 0.00 0.00 0.00
0.00 0.00 0.00 0.00 0.00 0.00 0.00 0.00 5.23 10.81 16.04 21.74 26.23 26.51 26.19 24.76 22.11 17.23 11.13 4.67 0.00 0.00 0.00 0.00
0.00 0.00 0.00 0.00 0.00 0.00 0.00 0.00 2.40 4.96 7.35 9.96 12.02 12.15 12.01 11.35 10.13 7.90 5.10 2.14 0.00 0.00 0.00 0.00
0.00 0.00 0.00 0.00 0.00 0.00 0.00 0.00 3.95 8.46 13.25 18.46 22.43 23.72 23.72 22.69 19.76 15.16 9.92 4.34 0.00 0.00 0.00 0.00
0.00 0.00 0.00 0.00 0.00 0.00 0.00 0.00 1.79 3.72 5.74 7.96 9.57 10.12 9.97 9.23 7.92 6.15 3.96 1.68 0.00 0.00 0.00 0.00
0.00 0.00 0.00 0.00 0.00 0.00 0.00 0.00 15.48 36.51 56.02 79.12 100.04 115.51 118.29 112.63 95.54 74.78 50.77 23.71 1.34 0.00 0.00 0.00
0.00 0.00 0.00 0.00 0.00 0.00 0.00 0.00 7.00 15.55 23.63 32.59 37.95 33.23 33.22 31.44 31.67 24.47 16.05 8.18 0.80 0.00 0.00 0.00
0.00 0.00 0.00 0.00 0.00 0.00 0.00 0.00 1.57 3.51 5.18 7.19 8.48 8.61 8.78 8.26 7.08 5.52 3.64 1.83 0.17 0.00 0.00 0.00
0.00 0.00 0.00 0.00 0.00 0.00 0.00 0.00 1.98 4.44 6.27 8.62 10.39 11.00 11.06 10.42 9.13 7.04 4.61 2.20 0.18 0.00 0.00 0.00
0.00 0.00 0.00 0.00 0.00 0.00 0.00 0.00 3.16 7.11 10.03 13.79 16.62 17.60 17.69 16.68 14.61 11.26 7.38 3.52 0.28 0.00 0.00 0.00
0.00 0.00 0.00 0.00 0.00 0.00 0.00 0.00 54.67 145.16 233.09 324.31 390.55 420.36 426.86 402.99 345.87 273.85 188.84 101.44 19.12 0.00 0.00 0.00
