0.00 0.00 0.00 0.00 0.00 0.00 0.00 0.00 0.84 1.74 2.31 3.14 3.76 3.32 3.34 3.21 2.92 2.32 1.57 1.00 0.25 0.00 0.00 0.00
0.00 0.00 0.00 0.00 0.00 0.00 0.00 0.92 14.86 27.95 38.43 51.25 61.56 60.92 60.87 57.02 38.46 29.88 19.07 8.19 0.00 0.00 0.00 0.00
0.00 0.00 0.00 0.00 0.00 0.00 0.00 0.00 19.18 39.72 52.76 71.89 85.98 76.01 76.45 73.31 66.84 52.96 35.97 22.90 5.77 0.00 0.00 0.00
0.00 0.00 0.00 0.00 0.00 0.00 0.00 0.00 68.16 141.15 187.51 255.49 305.58 270.14 271.69 260.53 237.53 188.20 127.84 81.38 20.52 0.00 0.00 0.00
0.00 0.00 0.00 0.00 0.00 0.00 0.00 0.68 3.24 5.59 7.91 10.31 11.72 11.48 11.33 10.67 8.61 6.53 4.03 1.46 0.00 0.00 0.00 0.00
0.00 0.00 0.00 0.00 0.00 0.00 0.00 0.00 137.85 300.36 502.87 685.77 817.72 844.99 856.43 809.13 628.90 502.00 352.28 198.04 54.00 0.00 0.00 0.00
0.00 0.00 0.00 0.00 0.00 0.00 0.00 0.37 2.12 3.77 5.41 7.19 8.22 6.82 6.75 6.37 5.01 3.76 2.41 1.23 0.07 0.00 0.00 0.00
0.00 0.00 0.00 0.00 0.00 0.00 0.00 0.08 0.89 1.65 2.23 2.99 3.51 3.61 3.69 3.48 2.42 1.91 1.23 0.56 0.00 0.00 0.00 0.00
0.00 0.00 0.00 0.00 0.00 0.00 0.00 0.12 1.42 2.64 3.56 4.79 5.61 5.78 5.91 5.57 3.88 3.06 1.96 0.90 0.00 0.00 0.00 0.00
0.00 0.00 0.00 0.00 0.00 0.00 0.00 0.12 1.42 2.64 3.56 4.79 5.61 5.78 5.91 5.57 3.88 3.06 1.96 0.90 0.00 0.00 0.00 0.00
0.00 0.00 0.00 0.00 0.00 0.00 0.00 0.17 3.29 6.24 9.36 12.69 15.24 14.24 14.28 13.73 12.25 9.47 6.25 2.74 0.19 0.00 0.00 0.00
0.00 0.00 0.00 0.00 0.00 0.00 0.00 0.08 1.57 2.97 4.45 5.93 7.06 6.55 6.58 6.36 5.58 4.33 2.78 1.24 0.08 0.00 0.00 0.00
0.00 0.00 0.00 0.00 0.00 0.00 0.00 0.11 2.02 3.82 5.73 7.63 9.08 8.42 8.45 8.18 7.17 5.57 3.57 1.60 0.10 0.00 0.00 0.00
0.00 0.00 0.00 0.00 0.00 0.00 0.00 0.07 1.35 2.55 3.82 5.09 6.05 5.61 5.64 5.45 4.78 3.71 2.38 1.06 0.07 0.00 0.00 0.00
0.00 0.00 0.00 0.00 0.00 0.00 0.00 0.07 1.35 2.55 3.82 5.09 6.05 5.61 5.64 5.45 4.78 3.71 2.38 1.06 0.07 0.00 0.00 0.00
0.00 0.00 0.00 0.00 0.00 0.00 0.00 0.00 12.52 25.31 36.82 50.42 61.41 62.16 64.25 61.55 81.90 63.65 40.56 16.88 0.93 0.00 0.00 0.00
0.00 0.00 0.00 0.00 0.00 0.00 0.00 0.78 10.46 19.58 28.96 39.77 47.67 43.83 43.02 40.86 38.84 29.99 19.81 8.18 0.47 0.00 0.00 0.00
0.00 0.00 0.00 0.00 0.00 0.00 0.00 0.63 9.35 17.56 26.51 34.90 41.71 37.01 37.05 35.51 34.31 26.60 17.49 7.20 0.64 0.00 0.00 0.00
0.00 0.00 0.00 0.00 0.00 0.00 0.00 0.00 40.66 88.59 148.33 202.28 241.20 249.24 252.62 238.66 185.50 148.07 103.91 58.41 15.93 0.00 0.00 0.00
0.00 0.00 0.00 0.00 0.00 0.00 0.00 0.00 38.68 84.27 141.09 192.41 229.43 237.08 240.29 227.02 176.45 140.85 98.84 55.57 15.15 0.00 0.00 0.00
0.00 0.00 0.00 0.00 0.00 0.00 0.00 0.00 74.38 162.06 271.33 370.02 441.21 455.93 462.10 436.58 339.34 270.86 190.08 106.86 29.13 0.00 0.00 0.00
0.00 0.00 0.00 0.00 0.00 0.00 0.00 0.00 73.14 159.36 266.81 363.85 433.86 448.33 454.40 429.30 333.68 266.35 186.91 105.08 28.65 0.00 0.00 0.00
0.00 0.00 0.00 0.00 0.00 0.00 0.00 0.00 95.32 196.85 225.91 302.83 356.68 315.17 316.30 300.49 300.41 237.28 163.19 110.54 30.10 0.00 0.00 0.00
0.00 0.00 0.00 0.00 0.00 0.00 0.00 0.08 0.89 1.65 2.23 2.99 3.51 3.61 3.69 3.48 2.42 1.91 1.23 0.56 0.00 0.00 0.00 0.00
0.00 0.00 0.00 0.00 0.00 0.00 0.00 0.39 4.51 8.35 11.28 15.17 17.77 18.30 18.71 17.63 12.29 9.69 6.22 2.85 0.00 0.00 0.00 0.00
0.00 0.00 0.00 0.00 0.00 0.00 0.00 1.99 23.02 42.62 57.61 77.45 90.73 93.43 95.53 89.98 62.72 49.49 31.74 14.54 0.00 0.00 0.00 0.00
0.00 0.00 0.00 0.00 0.00 0.00 0.00 0.00 2.78 6.05 10.13 13.81 16.47 17.02 17.25 16.30 12.67 10.11 7.10 3.99 1.09 0.00 0.00 0.00
0.00 0.00 0.00 0.00 0.00 0.00 0.00 0.00 67.09 138.95 184.59 251.51 300.82 265.93 267.46 256.47 233.83 185.27 125.85 80.11 20.20 0.00 0.00 0.00
0.00 0.00 0.00 0.00 0.00 0.00 0.00 0.00 4.37 8.86 14.03 19.48 24.41 21.25 21.76 20.78 20.51 16.17 11.17 5.71 0.92 0.00 0.00 0.00
0.00 0.00 0.00 0.00 0.00 0.00 0.00 1.16 39.43 75.76 112.45 152.08 175.26 134.29 134.15 127.24 101.83 79.44 53.18 34.64 7.30 0.00 0.00 0.00
0.00 0.00 0.00 0.00 0.00 0.00 0.00 0.00 1.12 2.32 3.08 4.19 5.01 4.43 4.46 4.27 3.90 3.09 2.10 1.34 0.34 0.00 0.00 0.00
0.00 0.00 0.00 0.00 0.00 0.00 0.00 0.00 50.32 104.21 138.44 188.63 225.61 199.45 200.59 192.35 175.37 138.95 94.38 60.08 15.15 0.00 0.00 0.00
0.00 0.00 0.00 0.00 0.00 0.00 0.00 0.00 64.58 133.74 177.67 242.08 289.54 255.96 257.43 246.85 225.06 178.32 121.13 77.10 19.44 0.00 0.00 0.00
0.00 0.00 0.00 0.00 0.00 0.00 0.00 0.00 125.70 259.60 297.92 399.35 470.37 415.62 417.12 396.27 396.16 312.91 215.21 145.78 39.70 0.00 0.00 0.00
0.00 0.00 0.00 0.00 0.00 0.00 0.00 0.05 2.35 4.52 6.45 8.72 10.33 9.61 9.83 9.38 8.58 6.65 4.35 2.09 0.15 0.00 0.00 0.00
0.00 0.00 0.00 0.00 0.00 0.00 0.00 0.08 2.97 5.69 8.22 11.12 13.20 12.31 12.47 11.98 10.77 8.30 5.45 2.55 0.18 0.00 0.00 0.00
0.00 0.00 0.00 0.00 0.00 0.00 0.00 0.00 18.05 36.56 57.88 80.34 100.69 87.65 89.78 85.71 84.59 66.70 46.06 23.56 3.78 0.00 0.00 0.00
0.00 0.00 0.00 0.00 0.00 0.00 0.00 0.00 93.13 196.84 303.30 400.65 488.90 509.42 512.50 486.98 371.08 302.79 215.64 133.87 45.60 0.00 0.00 0.00
0.00 0.00 0.00 0.00 0.00 0.00 0.00 0.08 0.86 1.59 2.31 3.15 3.74 3.38 3.33 3.08 3.06 2.39 1.57 0.62 0.03 0.00 0.00 0.00
0.00 0.00 0.00 0.00 0.00 0.00 0.00 0.00 17.84 35.82 46.42 62.06 74.16 57.39 58.07 54.64 53.37 42.52 28.55 19.22 4.56 0.00 0.00 0.00
0.00 0.00 0.00 0.00 0.00 0.00 0.00 0.00 4.94 11.49 18.84 25.91 31.04 32.06 31.54 29.88 21.33 17.35 12.19 7.72 2.33 0.00 0.00 0.00
0.00 0.00 0.00 0.00 0.00 0.00 0.00 0.49 2.52 4.43 6.23 8.28 9.56 8.41 8.34 7.77 5.08 3.80 2.42 1.30 0.05 0.00 0.00 0.00
0.00 0.00 0.00 0.00 0.00 0.00 0.00 0.24 1.26 2.21 3.12 4.14 4.78 4.20 4.17 3.88 2.54 1.90 1.21 0.65 0.03 0.00 0.00 0.00
0.00 0.00 0.00 0.00 0.00 0.00 0.00 0.53 2.76 4.84 6.82 9.05 10.46 9.20 9.13 8.49 5.55 4.16 2.65 1.42 0.05 0.00 0.00 0.00
0.00 0.00 0.00 0.00 0.00 0.00 0.00 0.59 3.22 5.67 8.06 10.82 12.62 11.86 11.68 10.91 7.42 5.50 3.52 1.71 0.06 0.00 0.00 0.00
0.00 0.00 0.00 0.00 0.00 0.00 0.00 0.90 4.90 8.64 12.28 16.48 19.23 18.08 17.80 16.62 11.31 8.38 5.37 2.61 0.09 0.00 0.00 0.00
0.00 0.00 0.00 0.00 0.00 0.00 0.00 0.73 4.30 7.65 10.89 14.46 16.74 13.56 13.50 12.57 10.93 8.28 5.32 2.59 0.15 0.00 0.00 0.00
0.00 0.00 0.00 0.00 0.00 0.00 0.00 0.31 3.28 6.09 9.05 11.96 14.19 14.52 14.18 13.30 9.59 7.50 4.92 2.49 0.45 0.00 0.00 0.00
0.00 0.00 0.00 0.00 0.00 0.00 0.00 0.79 8.47 15.73 23.38 30.89 36.66 37.50 36.63 34.36 24.78 19.37 12.71 6.42 1.16 0.00 0.00 0.00
0.00 0.00 0.00 0.00 0.00 0.00 0.00 0.13 2.14 4.04 5.98 8.08 9.56 8.48 8.35 7.89 5.75 4.41 2.90 1.69 0.31 0.00 0.00 0.00
0.00 0.00 0.00 0.00 0.00 0.00 0.00 0.54 4.12 7.48 10.40 13.81 16.37 15.56 15.33 14.26 12.22 9.56 6.19 2.54 0.00 0.00 0.00 0.00
0.00 0.00 0.00 0.00 0.00 0.00 0.00 1.11 7.57 13.63 19.38 25.57 29.86 27.85 27.63 26.06 16.92 12.99 8.16 4.53 0.16 0.00 0.00 0.00
0.00 0.00 0.00 0.00 0.00 0.00 0.00 0.21 1.00 1.72 2.43 3.18 3.64 3.62 3.56 3.41 2.92 2.20 1.39 0.50 0.00 0.00 0.00 0.00
0.00 0.00 0.00 0.00 0.00 0.00 0.00 0.82 5.14 9.13 12.69 16.52 19.33 19.60 19.46 18.36 15.31 11.72 7.49 2.73 0.00 0.00 0.00 0.00
0.00 0.00 0.00 0.00 0.00 0.00 0.00 0.68 3.66 6.41 8.82 11.50 13.13 12.99 13.10 12.50 10.48 7.99 5.02 1.91 0.00 0.00 0.00 0.00
0.00 0.00 0.00 0.00 0.00 0.00 0.00 0.93 5.05 8.85 12.18 15.87 18.12 17.93 18.08 17.25 14.47 11.02 6.93 2.63 0.00 0.00 0.00 0.00
0.00 0.00 0.00 0.00 0.00 0.00 0.00 0.64 3.44 6.03 8.29 10.81 12.34 12.21 12.31 11.75 9.85 7.51 4.72 1.79 0.00 0.00 0.00 0.00
0.00 0.00 0.00 0.00 0.00 0.00 0.00 0.44 2.74 4.87 6.77 8.81 10.31 10.45 10.38 9.79 8.16 6.25 4.00 1.46 0.00 0.00 0.00 0.00
0.00 0.00 0.00 0.00 0.00 0.00 0.00 0.58 2.87 4.98 7.02 9.15 10.32 10.19 9.98 9.37 7.77 5.91 3.68 1.41 0.00 0.00 0.00 0.00
0.00 0.00 0.00 0.00 0.00 0.00 0.00 0.22 2.55 4.72 6.38 8.58 10.05 10.35 10.59 9.97 6.95 5.48 3.52 1.61 0.00 0.00 0.00 0.00
0.00 0.00 0.00 0.00 0.00 0.00 0.00 0.00 16.29 32.94 47.93 65.63 79.93 80.90 83.62 80.12 106.60 82.85 52.79 21.97 1.20 0.00 0.00 0.00
0.00 0.00 0.00 0.00 0.00 0.00 0.00 0.19 3.73 7.07 10.61 14.38 17.27 16.14 16.18 15.56 13.88 10.73 7.08 3.11 0.21 0.00 0.00 0.00
0.00 0.00 0.00 0.00 0.00 0.00 0.00 0.56 6.07 11.22 15.70 20.88 24.92 23.01 22.69 21.46 18.41 14.46 9.53 4.05 0.11 0.00 0.00 0.00
0.00 0.00 0.00 0.00 0.00 0.00 0.00 0.26 2.78 5.14 7.19 9.57 11.42 10.54 10.40 9.83 8.44 6.63 4.37 1.85 0.05 0.00 0.00 0.00
0.00 0.00 0.00 0.00 0.00 0.00 0.00 0.25 4.61 8.73 13.14 18.00 21.65 20.12 20.09 19.23 17.46 13.49 9.00 3.87 0.27 0.00 0.00 0.00
0.00 0.00 0.00 0.00 0.00 0.00 0.00 0.20 2.09 3.86 5.62 7.64 9.09 8.21 8.08 7.49 7.42 5.81 3.81 1.52 0.06 0.00 0.00 0.00
0.00 0.00 0.00 0.00 0.00 0.00 0.00 0.00 18.68 37.85 59.93 83.18 104.25 90.74 92.95 88.74 87.58 69.06 47.69 24.39 3.91 0.00 0.00 0.00
0.00 0.00 0.00 0.00 0.00 0.00 0.00 0.28 9.43 18.12 26.89 36.37 41.91 32.11 32.08 30.43 24.35 19.00 12.72 8.28 1.75 0.00 0.00 0.00
0.00 0.00 0.00 0.00 0.00 0.00 0.00 0.03 2.04 3.95 5.70 7.76 9.07 7.17 7.31 6.89 5.64 4.44 2.99 1.87 0.39 0.00 0.00 0.00
0.00 0.00 0.00 0.00 0.00 0.00 0.00 0.02 2.49 4.85 6.92 9.34 11.15 9.33 9.38 8.87 7.80 6.06 4.06 2.31 0.44 0.00 0.00 0.00
0.00 0.00 0.00 0.00 0.00 0.00 0.00 0.03 3.99 7.76 11.08 14.94 17.84 14.93 15.01 14.19 12.47 9.70 6.49 3.70 0.71 0.00 0.00 0.00
0.00 0.00 0.00 0.00 0.00 0.00 0.00 0.00 75.62 164.76 275.86 376.19 448.57 463.53 469.80 443.86 344.99 275.38 193.25 108.64 29.62 0.00 0.00 0.00
