0.00 0.00 0.00 0.00 0.00 0.00 0.00 0.00 0.00 0.42 1.52 2.34 3.04 3.41 3.48 3.11 2.39 1.63 0.66 0.00 0.00 0.00 0.00 0.00
0.00 0.00 0.00 0.00 0.00 0.00 0.00 0.00 0.00 13.58 31.49 45.33 55.67 60.23 61.59 54.27 40.70 26.61 9.46 0.00 0.00 0.00 0.00 0.00
0.00 0.00 0.00 0.00 0.00 0.00 0.00 0.00 0.00 9.67 34.74 53.41 69.40 78.04 79.65 71.02 54.71 37.25 15.20 0.00 0.00 0.00 0.00 0.00
0.00 0.00 0.00 0.00 0.00 0.00 0.00 0.00 0.00 34.35 123.45 189.80 246.66 277.35 283.09 252.40 194.44 132.38 54.03 0.00 0.00 0.00 0.00 0.00
0.00 0.00 0.00 0.00 0.00 0.00 0.00 0.00 0.00 2.57 5.60 7.92 9.51 10.11 9.90 8.44 6.43 3.94 0.92 0.00 0.00 0.00 0.00 0.00
0.00 0.00 0.00 0.00 0.00 0.00 0.00 0.00 0.00 73.70 276.65 427.76 555.21 633.02 655.11 596.68 462.23 315.38 140.09 0.00 0.00 0.00 0.00 0.00
0.00 0.00 0.00 0.00 0.00 0.00 0.00 0.00 0.00 1.19 3.12 4.47 5.55 6.07 5.99 5.26 3.87 2.38 0.57 0.00 0.00 0.00 0.00 0.00
0.00 0.00 0.00 0.00 0.00 0.00 0.00 0.00 0.00 0.81 1.87 2.69 3.30 3.54 3.56 3.14 2.42 1.57 0.53 0.00 0.00 0.00 0.00 0.00
0.00 0.00 0.00 0.00 0.00 0.00 0.00 0.00 0.00 1.29 3.00 4.31 5.28 5.66 5.70 5.02 3.87 2.51 0.84 0.00 0.00 0.00 0.00 0.00
0.00 0.00 0.00 0.00 0.00 0.00 0.00 0.00 0.00 1.29 3.00 4.31 5.28 5.66 5.70 5.02 3.87 2.51 0.84 0.00 0.00 0.00 0.00 0.00
0.00 0.00 0.00 0.00 0.00 0.00 0.00 0.00 0.00 2.67 6.75 9.64 12.16 13.20 13.18 11.65 9.34 6.10 2.13 0.00 0.00 0.00 0.00 0.00
0.00 0.00 0.00 0.00 0.00 0.00 0.00 0.00 0.00 1.28 3.20 4.56 5.74 6.24 6.25 5.53 4.35 2.84 0.99 0.00 0.00 0.00 0.00 0.00
0.00 0.00 0.00 0.00 0.00 0.00 0.00 0.00 0.00 1.64 4.11 5.86 7.38 8.02 8.04 7.11 5.59 3.65 1.28 0.00 0.00 0.00 0.00 0.00
0.00 0.00 0.00 0.00 0.00 0.00 0.00 0.00 0.00 1.10 2.74 3.90 4.92 5.35 5.36 4.74 3.72 2.43 0.85 0.00 0.00 0.00 0.00 0.00
0.00 0.00 0.00 0.00 0.00 0.00 0.00 0.00 0.00 1.10 2.74 3.90 4.92 5.35 5.36 4.74 3.72 2.43 0.85 0.00 0.00 0.00 0.00 0.00
0.00 0.00 0.00 0.00 0.00 0.00 0.00 0.00 0.00 8.97 21.56 32.04 40.93 46.23 48.44 43.33 37.41 24.25 10.21 0.00 0.00 0.00 0.00 0.00
0.00 0.00 0.00 0.00 0.00 0.00 0.00 0.00 0.00 8.02 20.22 28.80 36.80 40.93 40.46 35.18 27.52 17.83 5.96 0.00 0.00 0.00 0.00 0.00
0.00 0.00 0.00 0.00 0.00 0.00 0.00 0.00 0.00 6.37 16.67 23.95 29.60 33.04 33.32 28.80 22.75 14.78 4.95 0.00 0.00 0.00 0.00 0.00
0.00 0.00 0.00 0.00 0.00 0.00 0.00 0.00 0.00 21.74 81.60 126.17 163.77 186.72 193.23 176.00 136.34 93.02 41.32 0.00 0.00 0.00 0.00 0.00
0.00 0.00 0.00 0.00 0.00 0.00 0.00 0.00 0.00 20.68 77.62 120.02 155.78 177.61 183.81 167.41 129.69 88.49 39.31 0.00 0.00 0.00 0.00 0.00
0.00 0.00 0.00 0.00 0.00 0.00 0.00 0.00 0.00 39.76 149.27 230.81 299.57 341.56 353.48 321.95 249.40 170.17 75.59 0.00 0.00 0.00 0.00 0.00
0.00 0.00 0.00 0.00 0.00 0.00 0.00 0.00 0.00 39.10 146.78 226.96 294.58 335.86 347.58 316.58 245.25 167.33 74.33 0.00 0.00 0.00 0.00 0.00
0.00 0.00 0.00 0.00 0.00 0.00 0.00 0.00 0.00 39.11 153.67 239.81 314.52 353.26 364.73 324.04 249.62 169.56 68.20 0.00 0.00 0.00 0.00 0.00
0.00 0.00 0.00 0.00 0.00 0.00 0.00 0.00 0.00 0.81 1.87 2.69 3.30 3.54 3.56 3.14 2.42 1.57 0.53 0.00 0.00 0.00 0.00 0.00
0.00 0.00 0.00 0.00 0.00 0.00 0.00 0.00 0.00 4.08 9.50 13.65 16.73 17.92 18.05 15.89 12.25 7.94 2.67 0.00 0.00 0.00 0.00 0.00
0.00 0.00 0.00 0.00 0.00 0.00 0.00 0.00 0.00 20.85 48.48 69.67 85.42 91.48 92.16 81.15 62.56 40.53 13.62 0.00 0.00 0.00 0.00 0.00
0.00 0.00 0.00 0.00 0.00 0.00 0.00 0.00 0.00 1.48 5.57 8.62 11.18 12.75 13.20 12.02 9.31 6.35 2.82 0.00 0.00 0.00 0.00 0.00
0.00 0.00 0.00 0.00 0.00 0.00 0.00 0.00 0.00 33.82 121.52 186.84 242.82 273.03 278.68 248.47 191.41 130.32 53.19 0.00 0.00 0.00 0.00 0.00
0.00 0.00 0.00 0.00 0.00 0.00 0.00 0.00 0.00 3.54 9.97 14.64 18.39 20.75 21.48 19.18 15.51 10.55 4.32 0.00 0.00 0.00 0.00 0.00
0.00 0.00 0.00 0.00 0.00 0.00 0.00 0.00 0.00 18.42 61.43 92.91 119.36 131.07 131.48 117.23 87.10 56.97 19.27 0.00 0.00 0.00 0.00 0.00
0.00 0.00 0.00 0.00 0.00 0.00 0.00 0.00 0.00 0.56 2.03 3.11 4.05 4.55 4.64 4.14 3.19 2.17 0.89 0.00 0.00 0.00 0.00 0.00
0.00 0.00 0.00 0.00 0.00 0.00 0.00 0.00 0.00 25.36 91.14 140.13 182.11 204.77 209.01 186.35 143.56 97.74 39.89 0.00 0.00 0.00 0.00 0.00
0.00 0.00 0.00 0.00 0.00 0.00 0.00 0.00 0.00 32.55 116.97 179.84 233.71 262.79 268.23 239.15 184.23 125.43 51.19 0.00 0.00 0.00 0.00 0.00
0.00 0.00 0.00 0.00 0.00 0.00 0.00 0.00 0.00 51.58 202.65 316.25 414.77 465.86 480.99 427.33 329.19 223.61 89.94 0.00 0.00 0.00 0.00 0.00
0.00 0.00 0.00 0.00 0.00 0.00 0.00 0.00 0.00 1.99 4.99 7.12 8.95 9.79 9.98 8.96 6.96 4.60 1.69 0.00 0.00 0.00 0.00 0.00
0.00 0.00 0.00 0.00 0.00 0.00 0.00 0.00 0.00 2.47 6.18 8.82 11.09 12.15 12.46 11.11 8.68 5.72 2.09 0.00 0.00 0.00 0.00 0.00
0.00 0.00 0.00 0.00 0.00 0.00 0.00 0.00 0.00 14.61 41.11 60.41 75.86 85.60 88.60 79.12 64.00 43.53 17.83 0.00 0.00 0.00 0.00 0.00
0.00 0.00 0.00 0.00 0.00 0.00 0.00 0.00 0.00 19.26 127.64 211.27 282.30 327.08 332.30 294.28 231.82 157.36 62.22 0.00 0.00 0.00 0.00 0.00
0.00 0.00 0.00 0.00 0.00 0.00 0.00 0.00 0.00 0.64 1.59 2.25 2.83 3.12 3.13 2.73 2.09 1.34 0.43 0.00 0.00 0.00 0.00 0.00
0.00 0.00 0.00 0.00 0.00 0.00 0.00 0.00 0.00 8.40 29.46 45.08 58.93 66.73 67.67 59.97 45.31 30.36 11.59 0.00 0.00 0.00 0.00 0.00
0.00 0.00 0.00 0.00 0.00 0.00 0.00 0.00 0.00 2.43 9.85 15.54 20.59 23.64 24.65 22.76 17.73 12.02 5.78 0.00 0.00 0.00 0.00 0.00
0.00 0.00 0.00 0.00 0.00 0.00 0.00 0.00 0.00 1.43 3.66 5.22 6.40 7.01 6.98 5.97 4.54 2.76 0.60 0.00 0.00 0.00 0.00 0.00
0.00 0.00 0.00 0.00 0.00 0.00 0.00 0.00 0.00 0.71 1.83 2.61 3.20 3.51 3.49 2.98 2.27 1.38 0.30 0.00 0.00 0.00 0.00 0.00
0.00 0.00 0.00 0.00 0.00 0.00 0.00 0.00 0.00 1.56 4.00 5.71 7.00 7.67 7.64 6.53 4.97 3.02 0.66 0.00 0.00 0.00 0.00 0.00
0.00 0.00 0.00 0.00 0.00 0.00 0.00 0.00 0.00 1.88 4.77 6.78 8.35 9.18 9.17 7.94 5.98 3.65 0.84 0.00 0.00 0.00 0.00 0.00
0.00 0.00 0.00 0.00 0.00 0.00 0.00 0.00 0.00 2.87 7.26 10.34 12.73 13.98 13.97 12.10 9.11 5.57 1.28 0.00 0.00 0.00 0.00 0.00
0.00 0.00 0.00 0.00 0.00 0.00 0.00 0.00 0.00 2.40 6.30 9.02 11.23 12.47 12.28 10.87 7.98 4.92 1.20 0.00 0.00 0.00 0.00 0.00
0.00 0.00 0.00 0.00 0.00 0.00 0.00 0.00 0.00 1.57 4.96 7.41 9.41 10.58 10.47 9.20 6.77 4.31 1.27 0.00 0.00 0.00 0.00 0.00
0.00 0.00 0.00 0.00 0.00 0.00 0.00 0.00 0.00 4.06 12.80 19.13 24.30 27.32 27.04 23.77 17.48 11.14 3.28 0.00 0.00 0.00 0.00 0.00
0.00 0.00 0.00 0.00 0.00 0.00 0.00 0.00 0.00 1.04 3.28 4.89 6.38 7.13 7.17 6.21 4.73 3.06 0.99 0.00 0.00 0.00 0.00 0.00
0.00 0.00 0.00 0.00 0.00 0.00 0.00 0.00 0.00 2.98 7.20 10.15 12.50 13.56 13.79 11.79 9.18 5.82 1.72 0.00 0.00 0.00 0.00 0.00
0.00 0.00 0.00 0.00 0.00 0.00 0.00 0.00 0.00 4.71 11.68 16.58 20.49 22.38 22.26 19.57 14.87 9.32 2.56 0.00 0.00 0.00 0.00 0.00
0.00 0.00 0.00 0.00 0.00 0.00 0.00 0.00 0.00 0.80 1.75 2.45 2.91 3.04 3.06 2.64 2.01 1.23 0.28 0.00 0.00 0.00 0.00 0.00
0.00 0.00 0.00 0.00 0.00 0.00 0.00 0.00 0.00 4.34 9.75 13.91 16.63 17.54 17.71 15.54 11.78 7.38 2.07 0.00 0.00 0.00 0.00 0.00
0.00 0.00 0.00 0.00 0.00 0.00 0.00 0.00 0.00 2.88 6.41 9.20 11.10 11.80 11.78 10.27 7.71 4.78 1.23 0.00 0.00 0.00 0.00 0.00
0.00 0.00 0.00 0.00 0.00 0.00 0.00 0.00 0.00 3.97 8.84 12.69 15.31 16.28 16.26 14.18 10.65 6.59 1.70 0.00 0.00 0.00 0.00 0.00
0.00 0.00 0.00 0.00 0.00 0.00 0.00 0.00 0.00 2.71 6.02 8.65 10.43 11.09 11.07 9.66 7.25 4.49 1.16 0.00 0.00 0.00 0.00 0.00
0.00 0.00 0.00 0.00 0.00 0.00 0.00 0.00 0.00 2.31 5.20 7.42 8.87 9.35 9.45 8.29 6.28 3.94 1.11 0.00 0.00 0.00 0.00 0.00
0.00 0.00 0.00 0.00 0.00 0.00 0.00 0.00 0.00 2.25 4.92 6.92 8.44 9.12 8.95 7.67 5.83 3.58 0.87 0.00 0.00 0.00 0.00 0.00
0.00 0.00 0.00 0.00 0.00 0.00 0.00 0.00 0.00 2.31 5.37 7.72 9.47 10.14 10.21 8.99 6.93 4.49 1.51 0.00 0.00 0.00 0.00 0.00
0.00 0.00 0.00 0.00 0.00 0.00 0.00 0.00 0.00 11.67 28.07 41.70 53.28 60.18 63.05 56.40 48.69 31.56 13.29 0.00 0.00 0.00 0.00 0.00
0.00 0.00 0.00 0.00 0.00 0.00 0.00 0.00 0.00 3.02 7.65 10.92 13.78 14.96 14.94 13.20 10.58 6.92 2.42 0.00 0.00 0.00 0.00 0.00
0.00 0.00 0.00 0.00 0.00 0.00 0.00 0.00 0.00 4.76 11.52 16.30 20.71 22.37 22.07 19.31 15.13 9.75 3.18 0.00 0.00 0.00 0.00 0.00
0.00 0.00 0.00 0.00 0.00 0.00 0.00 0.00 0.00 2.18 5.28 7.47 9.49 10.25 10.12 8.85 6.94 4.47 1.46 0.00 0.00 0.00 0.00 0.00
0.00 0.00 0.00 0.00 0.00 0.00 0.00 0.00 0.00 3.74 9.48 13.54 17.02 18.55 18.55 16.24 13.09 8.55 2.97 0.00 0.00 0.00 0.00 0.00
0.00 0.00 0.00 0.00 0.00 0.00 0.00 0.00 0.00 1.55 3.85 5.47 6.88 7.59 7.61 6.62 5.08 3.27 1.05 0.00 0.00 0.00 0.00 0.00
0.00 0.00 0.00 0.00 0.00 0.00 0.00 0.00 0.00 15.13 42.57 62.54 78.54 88.63 91.74 81.92 66.26 45.07 18.46 0.00 0.00 0.00 0.00 0.00
0.00 0.00 0.00 0.00 0.00 0.00 0.00 0.00 0.00 4.41 14.69 22.22 28.54 31.34 31.44 28.03 20.83 13.62 4.61 0.00 0.00 0.00 0.00 0.00
0.00 0.00 0.00 0.00 0.00 0.00 0.00 0.00 0.00 1.00 3.27 4.94 6.41 7.10 6.99 6.30 4.75 3.12 1.08 0.00 0.00 0.00 0.00 0.00
0.00 0.00 0.00 0.00 0.00 0.00 0.00 0.00 0.00 1.28 3.99 5.97 7.57 8.64 8.69 7.77 5.94 3.92 1.40 0.00 0.00 0.00 0.00 0.00
0.00 0.00 0.00 0.00 0.00 0.00 0.00 0.00 0.00 2.05 6.39 9.55 12.12 13.83 13.91 12.44 9.50 6.28 2.24 0.00 0.00 0.00 0.00 0.00
0.00 0.00 0.00 0.00 0.00 0.00 0.00 0.00 0.00 40.43 151.76 234.65 304.57 347.25 359.37 327.31 253.56 173.00 76.85 0.00 0.00 0.00 0.00 0.00
