0.00 0.00 0.00 0.00 0.00 0.00 0.00 0.00 0.07 0.94 1.96 2.79 3.44 3.78 3.85 3.65 3.01 2.10 1.15 0.01 0.00 0.00 0.00 0.00
0.00 0.00 0.00 0.00 0.00 0.00 0.00 0.00 7.03 23.35 41.49 57.18 66.15 69.33 67.55 61.12 47.90 32.01 15.76 0.00 0.00 0.00 0.00 0.00
0.00 0.00 0.00 0.00 0.00 0.00 0.00 0.00 1.51 21.50 44.78 63.76 78.75 86.42 88.07 83.40 68.79 48.04 26.40 0.32 0.00 0.00 0.00 0.00
0.00 0.00 0.00 0.00 0.00 0.00 0.00 0.00 5.38 76.40 159.14 226.59 279.86 307.14 313.01 296.39 244.46 170.71 93.83 1.14 0.00 0.00 0.00 0.00
0.00 0.00 0.00 0.00 0.00 0.00 0.00 0.00 1.22 3.35 6.58 8.72 9.85 11.49 10.99 9.61 7.39 4.74 2.04 0.00 0.00 0.00 0.00 0.00
0.00 0.00 0.00 0.00 0.00 0.00 0.00 0.00 4.76 161.26 346.52 495.96 618.15 706.97 732.89 700.10 580.68 408.31 231.50 7.56 0.00 0.00 0.00 0.00
0.00 0.00 0.00 0.00 0.00 0.00 0.00 0.00 0.59 2.19 3.98 5.47 6.43 6.91 6.88 6.23 4.86 3.13 1.44 0.00 0.00 0.00 0.00 0.00
0.00 0.00 0.00 0.00 0.00 0.00 0.00 0.00 0.39 1.33 2.37 3.24 3.65 3.62 3.54 3.24 2.20 1.47 0.72 0.00 0.00 0.00 0.00 0.00
0.00 0.00 0.00 0.00 0.00 0.00 0.00 0.00 0.63 2.13 3.80 5.19 5.85 5.80 5.66 5.18 3.52 2.35 1.15 0.00 0.00 0.00 0.00 0.00
0.00 0.00 0.00 0.00 0.00 0.00 0.00 0.00 0.63 2.13 3.80 5.19 5.85 5.80 5.66 5.18 3.52 2.35 1.15 0.00 0.00 0.00 0.00 0.00
0.00 0.00 0.00 0.00 0.00 0.00 0.00 0.00 1.07 4.27 7.96 11.32 13.29 14.88 14.59 13.59 10.41 7.01 3.51 0.00 0.00 0.00 0.00 0.00
0.00 0.00 0.00 0.00 0.00 0.00 0.00 0.00 0.52 2.06 3.83 5.46 6.33 7.03 6.91 6.49 4.61 3.09 1.55 0.00 0.00 0.00 0.00 0.00
0.00 0.00 0.00 0.00 0.00 0.00 0.00 0.00 0.67 2.65 4.92 7.01 8.14 9.04 8.89 8.35 5.92 3.97 1.99 0.00 0.00 0.00 0.00 0.00
0.00 0.00 0.00 0.00 0.00 0.00 0.00 0.00 0.45 1.76 3.28 4.68 5.43 6.03 5.93 5.56 3.95 2.65 1.32 0.00 0.00 0.00 0.00 0.00
0.00 0.00 0.00 0.00 0.00 0.00 0.00 0.00 0.45 1.76 3.28 4.68 5.43 6.03 5.93 5.56 3.95 2.65 1.32 0.00 0.00 0.00 0.00 0.00
0.00 0.00 0.00 0.00 0.00 0.00 0.00 0.00 6.37 25.99 48.79 69.76 82.01 87.29 86.91 80.24 62.62 42.66 22.63 0.00 0.00 0.00 0.00 0.00
0.00 0.00 0.00 0.00 0.00 0.00 0.00 0.00 3.44 13.27 24.64 34.65 40.18 44.09 43.72 40.19 31.28 21.13 10.44 0.00 0.00 0.00 0.00 0.00
0.00 0.00 0.00 0.00 0.00 0.00 0.00 0.00 2.56 10.65 19.80 27.68 33.13 36.98 36.73 34.14 27.87 18.87 9.40 0.00 0.00 0.00 0.00 0.00
0.00 0.00 0.00 0.00 0.00 0.00 0.00 0.00 1.40 47.56 102.21 146.29 182.33 208.53 216.18 206.50 171.28 120.44 68.28 2.23 0.00 0.00 0.00 0.00
0.00 0.00 0.00 0.00 0.00 0.00 0.00 0.00 1.34 45.24 97.22 139.16 173.44 198.36 205.63 196.43 162.92 114.56 64.95 2.12 0.00 0.00 0.00 0.00
0.00 0.00 0.00 0.00 0.00 0.00 0.00 0.00 2.57 87.01 186.97 267.61 333.54 381.46 395.44 377.75 313.32 220.31 124.91 4.08 0.00 0.00 0.00 0.00
0.00 0.00 0.00 0.00 0.00 0.00 0.00 0.00 2.53 85.56 183.85 263.15 327.98 375.10 388.85 371.46 308.10 216.64 122.83 4.01 0.00 0.00 0.00 0.00
0.00 0.00 0.00 0.00 0.00 0.00 0.00 0.00 4.08 97.33 206.91 291.74 365.81 405.12 415.61 389.57 321.17 224.15 123.63 1.72 0.00 0.00 0.00 0.00
0.00 0.00 0.00 0.00 0.00 0.00 0.00 0.00 0.39 1.33 2.37 3.24 3.65 3.62 3.54 3.24 2.20 1.47 0.72 0.00 0.00 0.00 0.00 0.00
0.00 0.00 0.00 0.00 0.00 0.00 0.00 0.00 1.99 6.73 12.03 16.42 18.52 18.35 17.93 16.40 11.16 7.45 3.63 0.00 0.00 0.00 0.00 0.00
0.00 0.00 0.00 0.00 0.00 0.00 0.00 0.00 10.15 34.38 61.42 83.84 94.54 93.70 91.55 83.74 56.95 38.01 18.52 0.00 0.00 0.00 0.00 0.00
0.00 0.00 0.00 0.00 0.00 0.00 0.00 0.00 0.10 3.25 6.98 9.99 12.45 14.24 14.76 14.10 11.70 8.22 4.66 0.15 0.00 0.00 0.00 0.00
0.00 0.00 0.00 0.00 0.00 0.00 0.00 0.00 5.30 75.21 156.66 223.05 275.50 302.36 308.13 291.77 240.65 168.05 92.37 1.12 0.00 0.00 0.00 0.00
0.00 0.00 0.00 0.00 0.00 0.00 0.00 0.00 0.97 5.62 11.05 16.36 20.73 23.00 24.18 23.28 18.54 13.19 7.08 0.00 0.00 0.00 0.00 0.00
0.00 0.00 0.00 0.00 0.00 0.00 0.00 0.00 5.66 41.42 82.53 115.68 136.91 151.00 155.15 142.29 114.87 77.03 39.95 0.00 0.00 0.00 0.00 0.00
0.00 0.00 0.00 0.00 0.00 0.00 0.00 0.00 0.09 1.25 2.61 3.72 4.59 5.04 5.14 4.86 4.01 2.80 1.54 0.02 0.00 0.00 0.00 0.00
0.00 0.00 0.00 0.00 0.00 0.00 0.00 0.00 3.97 56.41 117.49 167.29 206.63 226.77 231.10 218.83 180.49 126.04 69.28 0.84 0.00 0.00 0.00 0.00
0.00 0.00 0.00 0.00 0.00 0.00 0.00 0.00 5.10 72.39 150.78 214.69 265.17 291.02 296.58 280.83 231.63 161.75 88.90 1.08 0.00 0.00 0.00 0.00
0.00 0.00 0.00 0.00 0.00 0.00 0.00 0.00 5.38 128.35 272.86 384.74 482.41 534.25 548.09 513.74 423.54 295.59 163.03 2.26 0.00 0.00 0.00 0.00
0.00 0.00 0.00 0.00 0.00 0.00 0.00 0.00 0.78 3.18 5.96 8.49 10.01 11.38 11.15 10.16 7.64 5.23 2.66 0.00 0.00 0.00 0.00 0.00
0.00 0.00 0.00 0.00 0.00 0.00 0.00 0.00 0.99 4.03 7.53 10.65 12.64 14.09 13.75 12.83 9.28 6.34 3.22 0.00 0.00 0.00 0.00 0.00
0.00 0.00 0.00 0.00 0.00 0.00 0.00 0.00 3.98 23.19 45.60 67.47 85.53 94.86 99.76 96.04 76.47 54.40 29.20 0.00 0.00 0.00 0.00 0.00
0.00 0.00 0.00 0.00 0.00 0.00 0.00 0.00 0.00 87.99 199.26 288.97 362.49 412.50 426.36 398.30 330.16 233.72 131.35 4.04 0.00 0.00 0.00 0.00
0.00 0.00 0.00 0.00 0.00 0.00 0.00 0.00 0.30 1.10 2.01 2.72 3.17 3.48 3.41 3.11 2.34 1.57 0.76 0.00 0.00 0.00 0.00 0.00
0.00 0.00 0.00 0.00 0.00 0.00 0.00 0.00 1.88 19.48 40.11 56.77 69.23 76.48 78.44 72.67 58.84 40.65 21.85 0.00 0.00 0.00 0.00 0.00
0.00 0.00 0.00 0.00 0.00 0.00 0.00 0.00 0.00 6.14 13.51 19.86 24.41 27.80 28.73 27.05 22.37 15.90 9.33 0.56 0.00 0.00 0.00 0.00
0.00 0.00 0.00 0.00 0.00 0.00 0.00 0.00 0.74 2.59 4.67 6.45 7.66 8.10 7.84 7.13 5.45 3.51 1.58 0.00 0.00 0.00 0.00 0.00
0.00 0.00 0.00 0.00 0.00 0.00 0.00 0.00 0.37 1.29 2.33 3.23 3.83 4.05 3.92 3.57 2.72 1.76 0.79 0.00 0.00 0.00 0.00 0.00
0.00 0.00 0.00 0.00 0.00 0.00 0.00 0.00 0.80 2.83 5.11 7.06 8.38 8.86 8.58 7.80 5.96 3.84 1.72 0.00 0.00 0.00 0.00 0.00
0.00 0.00 0.00 0.00 0.00 0.00 0.00 0.00 0.97 3.42 6.14 8.37 9.87 10.50 10.31 9.38 7.18 4.61 2.09 0.00 0.00 0.00 0.00 0.00
0.00 0.00 0.00 0.00 0.00 0.00 0.00 0.00 1.48 5.21 9.36 12.75 15.05 15.99 15.71 14.30 10.95 7.03 3.18 0.00 0.00 0.00 0.00 0.00
0.00 0.00 0.00 0.00 0.00 0.00 0.00 0.00 1.19 4.43 8.10 11.00 13.05 14.09 14.06 12.75 9.79 6.41 2.96 0.00 0.00 0.00 0.00 0.00
0.00 0.00 0.00 0.00 0.00 0.00 0.00 0.00 0.61 3.51 6.79 9.34 10.98 11.74 11.83 10.82 8.58 5.75 2.87 0.00 0.00 0.00 0.00 0.00
0.00 0.00 0.00 0.00 0.00 0.00 0.00 0.00 1.58 9.06 17.55 24.14 28.36 30.33 30.55 27.96 22.18 14.86 7.41 0.00 0.00 0.00 0.00 0.00
0.00 0.00 0.00 0.00 0.00 0.00 0.00 0.00 0.39 2.30 4.50 6.16 7.35 8.02 8.16 7.38 5.96 3.95 2.01 0.00 0.00 0.00 0.00 0.00
0.00 0.00 0.00 0.00 0.00 0.00 0.00 0.00 1.45 5.00 9.03 12.31 14.05 15.28 15.16 13.68 9.61 6.32 2.99 0.00 0.00 0.00 0.00 0.00
0.00 0.00 0.00 0.00 0.00 0.00 0.00 0.00 2.27 8.14 14.69 20.00 23.45 26.10 26.47 24.04 18.75 12.09 5.66 0.00 0.00 0.00 0.00 0.00
0.00 0.00 0.00 0.00 0.00 0.00 0.00 0.00 0.37 1.05 2.01 2.69 2.99 3.41 3.32 2.95 2.28 1.49 0.64 0.00 0.00 0.00 0.00 0.00
0.00 0.00 0.00 0.00 0.00 0.00 0.00 0.00 2.18 6.58 12.50 16.76 18.94 20.63 19.80 17.74 13.45 8.90 4.08 0.00 0.00 0.00 0.00 0.00
0.00 0.00 0.00 0.00 0.00 0.00 0.00 0.00 1.36 3.96 8.12 10.79 11.97 13.42 13.09 11.62 8.99 5.77 2.57 0.00 0.00 0.00 0.00 0.00
0.00 0.00 0.00 0.00 0.00 0.00 0.00 0.00 1.88 5.46 11.20 14.89 16.52 18.52 18.06 16.04 12.41 7.97 3.55 0.00 0.00 0.00 0.00 0.00
0.00 0.00 0.00 0.00 0.00 0.00 0.00 0.00 1.28 3.72 7.63 10.14 11.25 12.61 12.30 10.93 8.45 5.43 2.42 0.00 0.00 0.00 0.00 0.00
0.00 0.00 0.00 0.00 0.00 0.00 0.00 0.00 1.16 3.51 6.67 8.94 10.10 11.00 10.56 9.46 7.18 4.75 2.17 0.00 0.00 0.00 0.00 0.00
0.00 0.00 0.00 0.00 0.00 0.00 0.00 0.00 1.13 3.15 5.89 7.89 8.92 10.18 9.91 8.79 6.73 4.27 1.86 0.00 0.00 0.00 0.00 0.00
0.00 0.00 0.00 0.00 0.00 0.00 0.00 0.00 1.12 3.81 6.81 9.29 10.48 10.38 10.15 9.28 6.31 4.21 2.05 0.00 0.00 0.00 0.00 0.00
0.00 0.00 0.00 0.00 0.00 0.00 0.00 0.00 8.30 33.83 63.51 90.80 106.74 113.62 113.12 104.43 81.51 55.52 29.45 0.00 0.00 0.00 0.00 0.00
0.00 0.00 0.00 0.00 0.00 0.00 0.00 0.00 1.21 4.84 9.02 12.83 15.07 16.87 16.54 15.40 11.80 7.95 3.98 0.00 0.00 0.00 0.00 0.00
0.00 0.00 0.00 0.00 0.00 0.00 0.00 0.00 2.14 7.73 14.13 19.26 22.32 23.95 23.81 21.99 12.99 8.79 4.29 0.00 0.00 0.00 0.00 0.00
0.00 0.00 0.00 0.00 0.00 0.00 0.00 0.00 0.98 3.54 6.47 8.83 10.23 10.98 10.91 10.08 5.95 4.03 1.97 0.00 0.00 0.00 0.00 0.00
0.00 0.00 0.00 0.00 0.00 0.00 0.00 0.00 1.49 5.93 11.06 15.67 18.41 20.67 20.31 18.83 14.82 10.07 5.04 0.00 0.00 0.00 0.00 0.00
0.00 0.00 0.00 0.00 0.00 0.00 0.00 0.00 0.72 2.66 4.89 6.62 7.71 8.45 8.29 7.55 5.69 3.80 1.85 0.00 0.00 0.00 0.00 0.00
0.00 0.00 0.00 0.00 0.00 0.00 0.00 0.00 4.12 24.01 47.21 69.86 88.55 98.21 103.28 99.44 79.18 56.32 30.23 0.00 0.00 0.00 0.00 0.00
0.00 0.00 0.00 0.00 0.00 0.00 0.00 0.00 1.35 9.90 19.74 27.66 32.74 36.11 37.10 34.03 27.47 18.42 9.55 0.00 0.00 0.00 0.00 0.00
0.00 0.00 0.00 0.00 0.00 0.00 0.00 0.00 0.31 2.20 4.38 6.17 7.34 8.12 8.23 7.54 6.06 4.17 2.17 0.00 0.00 0.00 0.00 0.00
0.00 0.00 0.00 0.00 0.00 0.00 0.00 0.00 0.41 2.69 5.29 7.36 8.88 9.95 10.02 9.18 7.54 5.21 2.72 0.00 0.00 0.00 0.00 0.00
0.00 0.00 0.00 0.00 0.00 0.00 0.00 0.00 0.66 4.31 8.46 11.78 14.21 15.91 16.03 14.69 12.07 8.33 4.35 0.00 0.00 0.00 0.00 0.00
0.00 0.00 0.00 0.00 0.00 0.00 0.00 0.00 2.61 88.46 190.09 272.07 339.09 387.81 402.03 384.05 318.54 223.98 126.99 4.15 0.00 0.00 0.00 0.00
