0.00 0.00 0.00 0.00 0.00 0.00 0.00 0.00 0.30 0.90 2.32 3.22 3.98 4.48 4.60 4.37 3.72 2.82 1.76 0.54 0.00 0.00 0.00 0.00
0.00 0.00 0.00 0.00 0.00 0.00 0.00 0.00 11.57 26.84 31.82 41.06 49.83 73.37 71.45 66.28 62.34 45.65 28.35 5.32 0.00 0.00 0.00 0.00
0.00 0.00 0.00 0.00 0.00 0.00 0.00 0.00 6.83 20.63 53.16 73.60 91.08 102.35 105.08 100.02 84.96 64.42 40.20 12.42 0.00 0.00 0.00 0.00
0.00 0.00 0.00 0.00 0.00 0.00 0.00 0.00 24.27 73.32 188.91 261.56 323.69 363.74 373.46 355.45 301.93 228.94 142.88 44.14 0.00 0.00 0.00 0.00
0.00 0.00 0.00 0.00 0.00 0.00 0.00 0.00 2.81 5.74 7.75 9.86 11.34 6.17 6.01 5.50 6.70 4.82 2.93 0.50 0.00 0.00 0.00 0.00
0.00 0.00 0.00 0.00 0.00 0.00 0.00 0.00 66.13 220.64 418.34 584.37 723.80 810.28 831.39 810.38 680.73 517.63 325.74 110.42 0.00 0.00 0.00 0.00
0.00 0.00 0.00 0.00 0.00 0.00 0.00 0.00 1.39 3.06 4.91 6.46 7.74 7.68 7.78 7.24 5.76 4.24 2.62 0.74 0.00 0.00 0.00 0.00
0.00 0.00 0.00 0.00 0.00 0.00 0.00 0.00 0.82 1.88 2.77 3.67 4.29 3.99 3.94 3.69 2.09 1.55 0.94 0.27 0.00 0.00 0.00 0.00
0.00 0.00 0.00 0.00 0.00 0.00 0.00 0.00 1.32 3.02 4.44 5.87 6.87 6.38 6.31 5.91 3.35 2.48 1.50 0.43 0.00 0.00 0.00 0.00
0.00 0.00 0.00 0.00 0.00 0.00 0.00 0.00 1.32 3.02 4.44 5.87 6.87 6.38 6.31 5.91 3.35 2.48 1.50 0.43 0.00 0.00 0.00 0.00
0.00 0.00 0.00 0.00 0.00 0.00 0.00 0.00 2.80 6.74 11.10 14.91 18.06 18.87 19.08 17.84 11.90 8.68 5.22 1.34 0.00 0.00 0.00 0.00
0.00 0.00 0.00 0.00 0.00 0.00 0.00 0.00 1.32 3.16 5.25 7.11 8.62 8.57 8.55 7.98 5.05 3.68 2.20 0.58 0.00 0.00 0.00 0.00
0.00 0.00 0.00 0.00 0.00 0.00 0.00 0.00 1.70 4.07 6.75 9.14 11.08 11.02 10.99 10.26 6.50 4.74 2.83 0.75 0.00 0.00 0.00 0.00
0.00 0.00 0.00 0.00 0.00 0.00 0.00 0.00 1.13 2.71 4.50 6.10 7.39 7.34 7.33 6.84 4.33 3.16 1.88 0.50 0.00 0.00 0.00 0.00
0.00 0.00 0.00 0.00 0.00 0.00 0.00 0.00 1.13 2.71 4.50 6.10 7.39 7.34 7.33 6.84 4.33 3.16 1.88 0.50 0.00 0.00 0.00 0.00
0.00 0.00 0.00 0.00 0.00 0.00 0.00 0.00 8.44 22.03 42.33 56.93 68.19 66.88 67.25 63.23 63.97 47.52 28.05 8.09 0.00 0.00 0.00 0.00
0.00 0.00 0.00 0.00 0.00 0.00 0.00 0.00 8.56 20.21 33.05 44.06 53.14 57.27 57.82 53.79 39.73 28.97 17.53 4.04 0.00 0.00 0.00 0.00
0.00 0.00 0.00 0.00 0.00 0.00 0.00 0.00 6.94 16.65 27.48 36.57 43.77 49.08 48.68 45.90 38.86 28.98 17.86 3.84 0.00 0.00 0.00 0.00
0.00 0.00 0.00 0.00 0.00 0.00 0.00 0.00 19.50 65.08 123.40 172.37 213.49 239.00 245.23 239.03 200.79 152.68 96.08 32.57 0.00 0.00 0.00 0.00
0.00 0.00 0.00 0.00 0.00 0.00 0.00 0.00 18.55 61.91 117.38 163.96 203.08 227.34 233.27 227.37 191.00 145.24 91.39 30.98 0.00 0.00 0.00 0.00
0.00 0.00 0.00 0.00 0.00 0.00 0.00 0.00 35.68 119.05 225.72 315.31 390.54 437.20 448.59 437.26 367.30 279.30 175.76 59.58 0.00 0.00 0.00 0.00
0.00 0.00 0.00 0.00 0.00 0.00 0.00 0.00 35.08 117.07 221.96 310.05 384.03 429.92 441.12 429.97 361.18 274.64 172.83 58.59 0.00 0.00 0.00 0.00
0.00 0.00 0.00 0.00 0.00 0.00 0.00 0.00 28.05 86.02 239.81 331.33 413.72 466.04 479.00 454.19 362.17 276.79 173.82 56.63 0.00 0.00 0.00 0.00
0.00 0.00 0.00 0.00 0.00 0.00 0.00 0.00 0.82 1.88 2.77 3.67 4.29 3.99 3.94 3.69 2.09 1.55 0.94 0.27 0.00 0.00 0.00 0.00
0.00 0.00 0.00 0.00 0.00 0.00 0.00 0.00 4.17 9.55 14.05 18.58 21.75 20.20 19.98 18.71 10.61 7.86 4.74 1.38 0.00 0.00 0.00 0.00
0.00 0.00 0.00 0.00 0.00 0.00 0.00 0.00 21.27 48.76 71.74 94.87 111.02 103.13 101.98 95.51 54.17 40.11 24.22 7.02 0.00 0.00 0.00 0.00
0.00 0.00 0.00 0.00 0.00 0.00 0.00 0.00 1.33 4.44 8.43 11.77 14.58 16.32 16.75 16.32 13.71 10.43 6.56 2.22 0.00 0.00 0.00 0.00
0.00 0.00 0.00 0.00 0.00 0.00 0.00 0.00 23.89 72.18 185.97 257.49 318.64 358.07 367.64 349.91 297.22 225.37 140.65 43.45 0.00 0.00 0.00 0.00
0.00 0.00 0.00 0.00 0.00 0.00 0.00 0.00 3.53 9.71 16.43 22.62 27.90 30.57 30.61 28.54 21.90 16.22 10.43 2.83 0.00 0.00 0.00 0.00
0.00 0.00 0.00 0.00 0.00 0.00 0.00 0.00 12.41 32.66 73.26 100.22 121.95 125.96 129.45 121.18 113.83 86.78 53.20 17.96 0.00 0.00 0.00 0.00
0.00 0.00 0.00 0.00 0.00 0.00 0.00 0.00 0.40 1.20 3.10 4.29 5.31 5.97 6.13 5.83 4.95 3.76 2.34 0.72 0.00 0.00 0.00 0.00
0.00 0.00 0.00 0.00 0.00 0.00 0.00 0.00 17.92 54.13 139.48 193.12 238.98 268.55 275.73 262.43 222.92 169.03 105.49 32.59 0.00 0.00 0.00 0.00
0.00 0.00 0.00 0.00 0.00 0.00 0.00 0.00 23.00 69.47 178.99 247.83 306.69 344.64 353.85 336.79 286.08 216.92 135.38 41.82 0.00 0.00 0.00 0.00
0.00 0.00 0.00 0.00 0.00 0.00 0.00 0.00 36.99 113.45 316.25 436.94 545.59 614.59 631.68 598.96 477.61 365.01 229.23 74.67 0.00 0.00 0.00 0.00
0.00 0.00 0.00 0.00 0.00 0.00 0.00 0.00 1.99 4.89 8.15 11.05 13.45 11.93 11.97 11.14 7.17 5.29 3.18 0.89 0.00 0.00 0.00 0.00
0.00 0.00 0.00 0.00 0.00 0.00 0.00 0.00 2.52 6.15 10.33 14.00 17.04 15.70 15.71 14.58 9.27 6.83 4.08 1.08 0.00 0.00 0.00 0.00
0.00 0.00 0.00 0.00 0.00 0.00 0.00 0.00 14.57 40.05 67.78 93.31 115.10 126.11 126.25 117.71 90.35 66.92 43.01 11.69 0.00 0.00 0.00 0.00
0.00 0.00 0.00 0.00 0.00 0.00 0.00 0.00 33.90 115.08 230.12 315.75 393.04 443.68 457.99 433.30 378.71 293.24 188.91 64.28 0.00 0.00 0.00 0.00
0.00 0.00 0.00 0.00 0.00 0.00 0.00 0.00 0.68 1.58 2.57 3.48 4.20 4.60 4.62 4.25 3.16 2.32 1.41 0.32 0.00 0.00 0.00 0.00
0.00 0.00 0.00 0.00 0.00 0.00 0.00 0.00 5.42 15.47 43.72 59.98 73.44 86.31 87.67 83.30 66.82 50.28 30.77 9.73 0.00 0.00 0.00 0.00
0.00 0.00 0.00 0.00 0.00 0.00 0.00 0.00 2.08 8.08 15.10 21.42 26.69 29.74 30.27 28.45 25.09 19.21 12.58 4.32 0.00 0.00 0.00 0.00
0.00 0.00 0.00 0.00 0.00 0.00 0.00 0.00 1.67 3.61 5.64 7.32 8.71 8.64 8.79 8.22 5.95 4.32 2.68 0.71 0.00 0.00 0.00 0.00
0.00 0.00 0.00 0.00 0.00 0.00 0.00 0.00 0.83 1.80 2.82 3.66 4.36 4.32 4.39 4.11 2.97 2.16 1.34 0.35 0.00 0.00 0.00 0.00
0.00 0.00 0.00 0.00 0.00 0.00 0.00 0.00 1.83 3.94 6.17 8.00 9.53 9.45 9.61 8.99 6.51 4.72 2.93 0.78 0.00 0.00 0.00 0.00
0.00 0.00 0.00 0.00 0.00 0.00 0.00 0.00 2.18 4.73 7.56 9.84 11.63 12.25 12.26 11.62 9.49 6.95 4.30 0.85 0.00 0.00 0.00 0.00
0.00 0.00 0.00 0.00 0.00 0.00 0.00 0.00 3.32 7.21 11.52 15.00 17.72 18.67 18.68 17.70 14.46 10.59 6.55 1.29 0.00 0.00 0.00 0.00
0.00 0.00 0.00 0.00 0.00 0.00 0.00 0.00 2.80 6.18 9.90 13.09 15.55 15.84 15.96 14.95 12.24 8.99 5.57 1.59 0.00 0.00 0.00 0.00
0.00 0.00 0.00 0.00 0.00 0.00 0.00 0.00 0.96 2.37 5.98 8.05 9.82 11.81 12.04 11.49 9.69 7.13 4.33 1.25 0.00 0.00 0.00 0.00
0.00 0.00 0.00 0.00 0.00 0.00 0.00 0.00 2.48 6.13 15.45 20.79 25.38 30.50 31.11 29.69 25.04 18.43 11.19 3.23 0.00 0.00 0.00 0.00
0.00 0.00 0.00 0.00 0.00 0.00 0.00 0.00 0.72 1.81 3.47 4.76 5.81 6.33 6.37 5.95 5.96 4.45 2.72 0.91 0.00 0.00 0.00 0.00
0.00 0.00 0.00 0.00 0.00 0.00 0.00 0.00 3.26 7.31 11.53 15.48 18.35 19.47 19.59 17.80 12.86 9.31 5.64 1.25 0.00 0.00 0.00 0.00
0.00 0.00 0.00 0.00 0.00 0.00 0.00 0.00 5.18 11.55 18.63 24.69 29.77 22.45 22.51 20.96 22.35 16.39 9.91 2.13 0.00 0.00 0.00 0.00
0.00 0.00 0.00 0.00 0.00 0.00 0.00 0.00 0.87 1.79 2.69 3.38 3.88 2.76 2.73 2.52 2.47 1.76 1.08 0.20 0.00 0.00 0.00 0.00
0.00 0.00 0.00 0.00 0.00 0.00 0.00 0.00 4.77 10.24 13.38 17.31 20.51 13.47 13.25 12.23 9.86 7.03 4.28 1.16 0.00 0.00 0.00 0.00
0.00 0.00 0.00 0.00 0.00 0.00 0.00 0.00 3.02 6.34 8.96 11.44 13.18 8.63 8.48 7.95 7.15 5.18 3.16 0.70 0.00 0.00 0.00 0.00
0.00 0.00 0.00 0.00 0.00 0.00 0.00 0.00 4.17 8.76 12.37 15.79 18.18 11.90 11.71 10.97 9.87 7.15 4.36 0.97 0.00 0.00 0.00 0.00
0.00 0.00 0.00 0.00 0.00 0.00 0.00 0.00 2.84 5.96 8.42 10.75 12.38 8.11 7.98 7.47 6.72 4.87 2.97 0.66 0.00 0.00 0.00 0.00
0.00 0.00 0.00 0.00 0.00 0.00 0.00 0.00 2.54 5.46 7.14 9.23 10.94 7.19 7.07 6.52 5.26 3.75 2.28 0.62 0.00 0.00 0.00 0.00
0.00 0.00 0.00 0.00 0.00 0.00 0.00 0.00 2.24 4.61 6.79 8.78 10.15 5.60 5.50 5.06 6.14 4.42 2.69 0.48 0.00 0.00 0.00 0.00
0.00 0.00 0.00 0.00 0.00 0.00 0.00 0.00 2.36 5.40 7.95 10.51 12.30 11.43 11.30 10.59 6.00 4.45 2.68 0.78 0.00 0.00 0.00 0.00
0.00 0.00 0.00 0.00 0.00 0.00 0.00 0.00 10.98 28.67 55.10 74.10 88.75 87.05 87.54 82.29 83.27 61.86 36.51 10.53 0.00 0.00 0.00 0.00
0.00 0.00 0.00 0.00 0.00 0.00 0.00 0.00 3.18 7.64 12.58 16.90 20.47 21.39 21.63 20.22 13.49 9.83 5.92 1.52 0.00 0.00 0.00 0.00
0.00 0.00 0.00 0.00 0.00 0.00 0.00 0.00 5.02 11.61 18.98 25.54 30.39 29.16 28.98 26.94 18.67 13.45 8.22 2.44 0.00 0.00 0.00 0.00
0.00 0.00 0.00 0.00 0.00 0.00 0.00 0.00 2.30 5.32 8.70 11.70 13.93 13.37 13.28 12.35 8.56 6.17 3.77 1.12 0.00 0.00 0.00 0.00
0.00 0.00 0.00 0.00 0.00 0.00 0.00 0.00 3.92 9.42 15.50 20.73 25.09 26.81 27.22 25.41 17.54 12.84 7.77 1.93 0.00 0.00 0.00 0.00
0.00 0.00 0.00 0.00 0.00 0.00 0.00 0.00 1.66 3.84 6.25 8.45 10.20 11.18 11.22 10.33 7.67 5.64 3.42 0.78 0.00 0.00 0.00 0.00
0.00 0.00 0.00 0.00 0.00 0.00 0.00 0.00 15.08 41.47 70.18 96.61 119.17 130.57 130.72 121.87 93.55 69.28 44.53 12.10 0.00 0.00 0.00 0.00
0.00 0.00 0.00 0.00 0.00 0.00 0.00 0.00 2.97 7.81 17.52 23.97 29.16 30.12 30.96 28.98 27.22 20.75 12.72 4.29 0.00 0.00 0.00 0.00
0.00 0.00 0.00 0.00 0.00 0.00 0.00 0.00 0.89 2.37 4.29 5.82 7.09 6.95 7.13 6.78 5.85 4.37 2.72 0.84 0.00 0.00 0.00 0.00
0.00 0.00 0.00 0.00 0.00 0.00 0.00 0.00 1.46 3.84 6.44 8.87 10.92 10.79 10.74 10.01 8.37 6.18 3.83 1.02 0.00 0.00 0.00 0.00
0.00 0.00 0.00 0.00 0.00 0.00 0.00 0.00 2.33 6.14 10.31 14.19 17.47 17.27 17.18 16.01 13.39 9.89 6.14 1.63 0.00 0.00 0.00 0.00
0.00 0.00 0.00 0.00 0.00 0.00 0.00 0.00 36.27 121.04 229.49 320.57 397.05 444.49 456.07 444.54 373.42 283.95 178.69 60.57 0.00 0.00 0.00 0.00
