0.00 0.00 0.00 0.00 0.00 0.00 0.00 0.00 0.46 1.34 2.34 3.24 4.01 4.22 4.34 4.14 3.07 2.34 1.48 0.50 0.00 0.00 0.00 0.00
0.00 0.00 0.00 0.00 0.00 0.00 0.00 0.00 12.25 27.93 48.06 61.82 74.87 51.45 50.47 47.20 52.20 38.40 24.14 6.03 0.00 0.00 0.00 0.00
0.00 0.00 0.00 0.00 0.00 0.00 0.00 0.00 10.55 30.59 53.58 74.11 91.78 96.40 99.23 94.77 70.13 53.50 33.80 11.50 0.00 0.00 0.00 0.00
0.00 0.00 0.00 0.00 0.00 0.00 0.00 0.00 37.50 108.71 190.41 263.39 326.17 342.60 352.66 336.79 249.25 190.13 120.12 40.86 0.00 0.00 0.00 0.00
0.00 0.00 0.00 0.00 0.00 0.00 0.00 0.00 2.88 5.81 7.45 9.49 10.93 12.05 11.75 10.79 9.80 7.14 4.46 0.63 0.00 0.00 0.00 0.00
0.00 0.00 0.00 0.00 0.00 0.00 0.00 0.00 72.33 231.10 418.79 584.24 723.89 784.39 806.39 788.19 602.06 460.09 292.66 109.47 0.00 0.00 0.00 0.00
0.00 0.00 0.00 0.00 0.00 0.00 0.00 0.00 1.43 3.09 4.98 6.55 7.83 8.41 8.51 7.92 6.38 4.73 2.97 0.62 0.00 0.00 0.00 0.00
0.00 0.00 0.00 0.00 0.00 0.00 0.00 0.00 0.85 1.92 2.60 3.44 4.03 3.10 3.08 2.90 2.44 1.82 1.12 0.23 0.00 0.00 0.00 0.00
0.00 0.00 0.00 0.00 0.00 0.00 0.00 0.00 1.36 3.07 4.17 5.51 6.45 4.95 4.92 4.64 3.90 2.91 1.79 0.36 0.00 0.00 0.00 0.00
0.00 0.00 0.00 0.00 0.00 0.00 0.00 0.00 1.36 3.07 4.17 5.51 6.45 4.95 4.92 4.64 3.90 2.91 1.79 0.36 0.00 0.00 0.00 0.00
0.00 0.00 0.00 0.00 0.00 0.00 0.00 0.00 2.87 6.76 10.62 14.23 17.22 15.68 15.92 14.96 10.23 7.50 4.58 1.53 0.00 0.00 0.00 0.00
0.00 0.00 0.00 0.00 0.00 0.00 0.00 0.00 1.35 3.17 4.82 6.53 7.90 7.04 7.05 6.62 4.98 3.65 2.21 0.71 0.00 0.00 0.00 0.00
0.00 0.00 0.00 0.00 0.00 0.00 0.00 0.00 1.74 4.08 6.20 8.39 10.16 9.05 9.07 8.51 6.40 4.69 2.84 0.91 0.00 0.00 0.00 0.00
0.00 0.00 0.00 0.00 0.00 0.00 0.00 0.00 1.16 2.72 4.13 5.59 6.77 6.03 6.05 5.67 4.26 3.13 1.89 0.61 0.00 0.00 0.00 0.00
0.00 0.00 0.00 0.00 0.00 0.00 0.00 0.00 1.16 2.72 4.13 5.59 6.77 6.03 6.05 5.67 4.26 3.13 1.89 0.61 0.00 0.00 0.00 0.00
0.00 0.00 0.00 0.00 0.00 0.00 0.00 0.00 14.70 37.50 62.24 83.36 99.55 93.68 94.25 88.69 76.39 57.12 34.15 9.24 0.00 0.00 0.00 0.00
0.00 0.00 0.00 0.00 0.00 0.00 0.00 0.00 8.74 20.21 32.49 43.21 52.05 45.73 46.38 43.38 25.31 18.59 11.42 3.86 0.00 0.00 0.00 0.00
0.00 0.00 0.00 0.00 0.00 0.00 0.00 0.00 7.14 16.74 27.35 36.30 43.37 40.76 40.49 38.27 28.03 21.05 13.17 2.91 0.00 0.00 0.00 0.00
0.00 0.00 0.00 0.00 0.00 0.00 0.00 0.00 21.34 68.17 123.53 172.33 213.52 231.37 237.86 232.49 177.59 135.71 86.32 32.29 0.00 0.00 0.00 0.00
0.00 0.00 0.00 0.00 0.00 0.00 0.00 0.00 20.29 64.84 117.50 163.92 203.11 220.08 226.25 221.15 168.92 129.09 82.11 30.72 0.00 0.00 0.00 0.00
0.00 0.00 0.00 0.00 0.00 0.00 0.00 0.00 39.03 124.70 225.97 315.24 390.59 423.23 435.10 425.28 324.85 248.25 157.91 59.07 0.00 0.00 0.00 0.00
0.00 0.00 0.00 0.00 0.00 0.00 0.00 0.00 38.38 122.62 222.20 309.98 384.08 416.18 427.85 418.20 319.44 244.11 155.28 58.08 0.00 0.00 0.00 0.00
0.00 0.00 0.00 0.00 0.00 0.00 0.00 0.00 47.58 139.72 246.54 339.96 424.38 411.43 424.15 403.75 280.12 215.34 136.88 56.66 0.00 0.00 0.00 0.00
0.00 0.00 0.00 0.00 0.00 0.00 0.00 0.00 0.85 1.92 2.60 3.44 4.03 3.10 3.08 2.90 2.44 1.82 1.12 0.23 0.00 0.00 0.00 0.00
0.00 0.00 0.00 0.00 0.00 0.00 0.00 0.00 4.32 9.71 13.19 17.44 20.42 15.68 15.58 14.68 12.34 9.21 5.65 1.15 0.00 0.00 0.00 0.00
0.00 0.00 0.00 0.00 0.00 0.00 0.00 0.00 22.06 49.57 67.36 89.04 104.27 80.07 79.56 74.94 63.01 47.04 28.87 5.87 0.00 0.00 0.00 0.00
0.00 0.00 0.00 0.00 0.00 0.00 0.00 0.00 1.46 4.66 8.44 11.77 14.58 15.80 16.24 15.88 12.13 9.27 5.90 2.21 0.00 0.00 0.00 0.00
0.00 0.00 0.00 0.00 0.00 0.00 0.00 0.00 36.91 107.01 187.44 259.29 321.09 337.26 347.16 331.54 245.37 187.16 118.25 40.22 0.00 0.00 0.00 0.00
0.00 0.00 0.00 0.00 0.00 0.00 0.00 0.00 3.68 9.82 16.39 22.50 27.73 23.64 23.75 22.23 18.32 13.63 8.86 3.05 0.00 0.00 0.00 0.00
0.00 0.00 0.00 0.00 0.00 0.00 0.00 0.00 22.67 57.70 96.83 131.74 159.67 171.19 176.16 165.26 132.16 101.56 63.22 16.49 0.00 0.00 0.00 0.00
0.00 0.00 0.00 0.00 0.00 0.00 0.00 0.00 0.62 1.78 3.12 4.32 5.35 5.62 5.79 5.53 4.09 3.12 1.97 0.67 0.00 0.00 0.00 0.00
0.00 0.00 0.00 0.00 0.00 0.00 0.00 0.00 27.69 80.26 140.58 194.46 240.82 252.95 260.37 248.66 184.03 140.37 88.69 30.16 0.00 0.00 0.00 0.00
0.00 0.00 0.00 0.00 0.00 0.00 0.00 0.00 35.53 103.00 180.41 249.56 309.05 324.62 334.14 319.11 236.17 180.14 113.81 38.71 0.00 0.00 0.00 0.00
0.00 0.00 0.00 0.00 0.00 0.00 0.00 0.00 62.75 184.26 325.13 448.32 559.65 542.58 559.35 532.44 369.41 283.98 180.51 74.72 0.00 0.00 0.00 0.00
0.00 0.00 0.00 0.00 0.00 0.00 0.00 0.00 2.05 4.92 7.85 10.62 12.93 11.16 11.23 10.48 7.81 5.79 3.53 1.31 0.00 0.00 0.00 0.00
0.00 0.00 0.00 0.00 0.00 0.00 0.00 0.00 2.58 6.17 9.77 13.23 16.09 13.32 13.38 12.47 9.41 6.98 4.23 1.56 0.00 0.00 0.00 0.00
0.00 0.00 0.00 0.00 0.00 0.00 0.00 0.00 15.17 40.52 67.59 92.81 114.37 97.52 97.95 91.71 75.57 56.23 36.56 12.58 0.00 0.00 0.00 0.00
0.00 0.00 0.00 0.00 0.00 0.00 0.00 0.00 39.66 126.73 228.51 312.65 388.94 450.43 467.06 444.28 376.27 293.27 191.32 68.62 2.12 0.00 0.00 0.00
0.00 0.00 0.00 0.00 0.00 0.00 0.00 0.00 0.70 1.58 2.48 3.35 4.04 3.73 3.75 3.46 2.00 1.49 0.92 0.25 0.00 0.00 0.00 0.00
0.00 0.00 0.00 0.00 0.00 0.00 0.00 0.00 10.07 27.63 47.16 64.55 78.99 80.79 82.27 78.43 57.68 43.72 27.12 8.73 0.00 0.00 0.00 0.00
0.00 0.00 0.00 0.00 0.00 0.00 0.00 0.00 1.88 6.94 15.16 21.48 26.78 29.61 30.19 28.47 23.28 17.91 11.83 4.41 0.12 0.00 0.00 0.00
0.00 0.00 0.00 0.00 0.00 0.00 0.00 0.00 1.68 3.57 5.73 7.42 8.82 9.51 9.66 9.04 7.62 5.57 3.51 0.71 0.00 0.00 0.00 0.00
0.00 0.00 0.00 0.00 0.00 0.00 0.00 0.00 0.84 1.79 2.87 3.71 4.41 4.75 4.83 4.52 3.81 2.78 1.76 0.36 0.00 0.00 0.00 0.00
0.00 0.00 0.00 0.00 0.00 0.00 0.00 0.00 1.84 3.91 6.27 8.12 9.65 10.40 10.57 9.89 8.33 6.09 3.84 0.78 0.00 0.00 0.00 0.00
0.00 0.00 0.00 0.00 0.00 0.00 0.00 0.00 2.24 4.78 7.64 9.93 11.72 12.51 12.51 11.87 9.64 7.12 4.48 0.94 0.00 0.00 0.00 0.00
0.00 0.00 0.00 0.00 0.00 0.00 0.00 0.00 3.41 7.29 11.65 15.13 17.87 19.06 19.07 18.09 14.70 10.84 6.82 1.43 0.00 0.00 0.00 0.00
0.00 0.00 0.00 0.00 0.00 0.00 0.00 0.00 2.89 6.28 10.05 13.26 15.73 16.96 17.08 16.01 12.55 9.29 5.85 1.29 0.00 0.00 0.00 0.00
0.00 0.00 0.00 0.00 0.00 0.00 0.00 0.00 2.02 4.84 7.97 10.68 13.00 13.20 13.49 12.92 10.98 8.13 5.01 1.35 0.00 0.00 0.00 0.00
0.00 0.00 0.00 0.00 0.00 0.00 0.00 0.00 5.22 12.50 20.60 27.60 33.57 34.10 34.86 33.37 28.36 21.01 12.94 3.49 0.00 0.00 0.00 0.00
0.00 0.00 0.00 0.00 0.00 0.00 0.00 0.00 1.33 3.27 5.34 7.27 8.84 9.54 9.60 8.98 7.18 5.41 3.35 0.82 0.00 0.00 0.00 0.00
0.00 0.00 0.00 0.00 0.00 0.00 0.00 0.00 3.33 7.32 10.78 14.45 17.12 15.98 16.10 14.66 9.59 7.02 4.34 1.24 0.00 0.00 0.00 0.00
0.00 0.00 0.00 0.00 0.00 0.00 0.00 0.00 5.31 11.63 18.59 24.59 29.61 29.66 29.63 27.51 20.17 14.97 9.25 2.11 0.00 0.00 0.00 0.00
0.00 0.00 0.00 0.00 0.00 0.00 0.00 0.00 0.90 1.81 2.44 3.07 3.53 2.69 2.67 2.48 2.13 1.53 0.96 0.21 0.00 0.00 0.00 0.00
0.00 0.00 0.00 0.00 0.00 0.00 0.00 0.00 4.87 10.28 13.41 17.35 20.60 16.34 16.14 14.99 12.18 8.75 5.42 1.21 0.00 0.00 0.00 0.00
0.00 0.00 0.00 0.00 0.00 0.00 0.00 0.00 3.35 6.91 9.35 11.96 13.82 9.39 9.30 8.76 8.39 6.13 3.80 0.76 0.00 0.00 0.00 0.00
0.00 0.00 0.00 0.00 0.00 0.00 0.00 0.00 4.62 9.54 12.90 16.51 19.07 12.96 12.83 12.09 11.58 8.46 5.24 1.05 0.00 0.00 0.00 0.00
0.00 0.00 0.00 0.00 0.00 0.00 0.00 0.00 3.14 6.50 8.79 11.24 12.99 8.83 8.74 8.23 7.89 5.76 3.57 0.72 0.00 0.00 0.00 0.00
0.00 0.00 0.00 0.00 0.00 0.00 0.00 0.00 2.60 5.48 7.15 9.25 10.99 8.72 8.61 7.99 6.50 4.67 2.89 0.64 0.00 0.00 0.00 0.00
0.00 0.00 0.00 0.00 0.00 0.00 0.00 0.00 2.56 5.20 6.88 8.93 10.35 9.82 9.66 8.91 7.92 5.77 3.58 0.64 0.00 0.00 0.00 0.00
0.00 0.00 0.00 0.00 0.00 0.00 0.00 0.00 2.44 5.49 7.46 9.87 11.56 8.87 8.82 8.31 6.98 5.21 3.20 0.65 0.00 0.00 0.00 0.00
0.00 0.00 0.00 0.00 0.00 0.00 0.00 0.00 19.13 48.80 81.01 108.50 129.57 121.93 122.67 115.44 99.43 74.35 44.45 12.03 0.00 0.00 0.00 0.00
0.00 0.00 0.00 0.00 0.00 0.00 0.00 0.00 3.25 7.66 12.03 16.13 19.52 17.77 18.04 16.96 11.59 8.50 5.19 1.73 0.00 0.00 0.00 0.00
0.00 0.00 0.00 0.00 0.00 0.00 0.00 0.00 5.11 11.58 16.23 21.81 25.95 22.98 22.97 21.50 13.11 9.51 5.90 2.08 0.00 0.00 0.00 0.00
0.00 0.00 0.00 0.00 0.00 0.00 0.00 0.00 2.34 5.31 7.44 10.00 11.90 10.53 10.53 9.85 6.01 4.36 2.70 0.95 0.00 0.00 0.00 0.00
0.00 0.00 0.00 0.00 0.00 0.00 0.00 0.00 4.01 9.44 15.15 20.21 24.42 22.14 22.59 21.21 13.42 9.88 6.06 2.11 0.00 0.00 0.00 0.00
0.00 0.00 0.00 0.00 0.00 0.00 0.00 0.00 1.69 3.84 6.03 8.14 9.81 9.05 9.11 8.41 4.87 3.61 2.23 0.60 0.00 0.00 0.00 0.00
0.00 0.00 0.00 0.00 0.00 0.00 0.00 0.00 15.71 41.95 69.98 96.09 118.41 100.97 101.42 94.95 78.24 58.22 37.86 13.03 0.00 0.00 0.00 0.00
0.00 0.00 0.00 0.00 0.00 0.00 0.00 0.00 5.42 13.80 23.15 31.50 38.18 40.94 42.13 39.52 31.60 24.29 15.12 3.94 0.00 0.00 0.00 0.00
0.00 0.00 0.00 0.00 0.00 0.00 0.00 0.00 1.22 3.13 5.23 7.06 8.57 9.36 9.62 9.16 7.11 5.35 3.38 0.86 0.00 0.00 0.00 0.00
0.00 0.00 0.00 0.00 0.00 0.00 0.00 0.00 1.54 3.93 6.62 9.08 11.15 12.03 11.98 11.18 8.05 5.98 3.76 1.08 0.00 0.00 0.00 0.00
0.00 0.00 0.00 0.00 0.00 0.00 0.00 0.00 2.46 6.29 10.58 14.52 17.84 19.25 19.16 17.88 12.88 9.57 6.01 1.73 0.00 0.00 0.00 0.00
0.00 0.00 0.00 0.00 0.00 0.00 0.00 0.00 39.68 126.77 229.73 320.49 397.10 430.29 442.36 432.37 330.27 252.39 160.54 60.05 0.00 0.00 0.00 0.00
