0.00 0.00 0.00 0.00 0.00 0.00 0.00 0.00 0.00 0.95 2.07 3.20 4.17 4.69 4.89 4.70 4.19 3.22 1.98 0.61 0.00 0.00 0.00 0.00
0.00 0.00 0.00 0.00 0.00 0.00 0.00 0.00 3.45 17.18 32.19 46.61 58.07 63.87 65.62 63.89 54.50 40.51 24.76 3.68 0.00 0.00 0.00 0.00
0.00 0.00 0.00 0.00 0.00 0.00 0.00 0.00 0.00 21.71 47.36 73.25 95.37 107.14 111.72 107.50 95.84 73.71 45.28 13.93 0.00 0.00 0.00 0.00
0.00 0.00 0.00 0.00 0.00 0.00 0.00 0.00 0.00 77.17 168.31 260.34 338.94 380.77 397.04 382.05 340.59 261.97 160.93 49.51 0.00 0.00 0.00 0.00
0.00 0.00 0.00 0.00 0.00 0.00 0.00 0.00 0.86 2.98 5.39 8.06 9.92 10.48 10.54 9.68 8.49 6.15 3.75 0.66 0.00 0.00 0.00 0.00
0.00 0.00 0.00 0.00 0.00 0.00 0.00 0.00 0.00 168.98 371.78 584.51 755.60 865.56 925.03 898.67 789.71 610.73 388.45 133.99 0.00 0.00 0.00 0.00
0.00 0.00 0.00 0.00 0.00 0.00 0.00 0.00 0.44 2.17 4.03 5.95 7.31 8.05 8.05 7.61 6.68 5.00 3.08 0.58 0.00 0.00 0.00 0.00
0.00 0.00 0.00 0.00 0.00 0.00 0.00 0.00 0.20 0.97 1.81 2.65 3.44 3.87 3.95 3.90 3.38 2.51 1.54 0.34 0.00 0.00 0.00 0.00
0.00 0.00 0.00 0.00 0.00 0.00 0.00 0.00 0.31 1.55 2.89 4.24 5.50 6.20 6.33 6.25 5.40 4.02 2.46 0.55 0.00 0.00 0.00 0.00
0.00 0.00 0.00 0.00 0.00 0.00 0.00 0.00 0.31 1.55 2.89 4.24 5.50 6.20 6.33 6.25 5.40 4.02 2.46 0.55 0.00 0.00 0.00 0.00
0.00 0.00 0.00 0.00 0.00 0.00 0.00 0.00 0.61 3.97 7.37 11.08 14.54 15.55 16.19 15.68 14.38 10.99 6.82 1.63 0.00 0.00 0.00 0.00
0.00 0.00 0.00 0.00 0.00 0.00 0.00 0.00 0.30 1.89 3.49 5.28 6.94 7.47 7.59 7.39 6.84 5.23 3.16 0.75 0.00 0.00 0.00 0.00
0.00 0.00 0.00 0.00 0.00 0.00 0.00 0.00 0.38 2.42 4.49 6.78 8.92 9.61 9.76 9.50 8.80 6.72 4.06 0.96 0.00 0.00 0.00 0.00
0.00 0.00 0.00 0.00 0.00 0.00 0.00 0.00 0.25 1.62 2.99 4.52 5.95 6.41 6.51 6.33 5.87 4.48 2.71 0.64 0.00 0.00 0.00 0.00
0.00 0.00 0.00 0.00 0.00 0.00 0.00 0.00 0.25 1.62 2.99 4.52 5.95 6.41 6.51 6.33 5.87 4.48 2.71 0.64 0.00 0.00 0.00 0.00
0.00 0.00 0.00 0.00 0.00 0.00 0.00 0.00 2.36 19.62 38.27 60.00 79.64 89.25 92.78 89.66 77.37 58.53 34.40 9.61 0.00 0.00 0.00 0.00
0.00 0.00 0.00 0.00 0.00 0.00 0.00 0.00 2.02 12.13 22.46 33.61 43.66 48.22 49.59 47.01 43.21 33.24 20.05 4.82 0.00 0.00 0.00 0.00
0.00 0.00 0.00 0.00 0.00 0.00 0.00 0.00 1.59 10.73 20.10 29.59 37.89 41.91 42.72 41.18 36.10 27.54 17.19 4.13 0.00 0.00 0.00 0.00
0.00 0.00 0.00 0.00 0.00 0.00 0.00 0.00 0.00 49.84 109.66 172.41 222.87 255.31 272.85 265.08 232.94 180.14 114.58 39.52 0.00 0.00 0.00 0.00
0.00 0.00 0.00 0.00 0.00 0.00 0.00 0.00 0.00 47.41 104.31 164.00 212.00 242.85 259.54 252.15 221.57 171.36 108.99 37.60 0.00 0.00 0.00 0.00
0.00 0.00 0.00 0.00 0.00 0.00 0.00 0.00 0.00 91.18 200.60 315.38 407.70 467.03 499.12 484.90 426.10 329.53 209.60 72.30 0.00 0.00 0.00 0.00
0.00 0.00 0.00 0.00 0.00 0.00 0.00 0.00 0.00 89.66 197.26 310.13 400.90 459.24 490.80 476.81 419.00 324.04 206.10 71.09 0.00 0.00 0.00 0.00
0.00 0.00 0.00 0.00 0.00 0.00 0.00 0.00 0.00 97.42 216.64 339.92 446.66 434.45 444.42 423.02 373.20 283.33 177.54 61.47 0.00 0.00 0.00 0.00
0.00 0.00 0.00 0.00 0.00 0.00 0.00 0.00 0.20 0.97 1.81 2.65 3.44 3.87 3.95 3.90 3.38 2.51 1.54 0.34 0.00 0.00 0.00 0.00
0.00 0.00 0.00 0.00 0.00 0.00 0.00 0.00 0.99 4.92 9.15 13.41 17.42 19.63 20.04 19.78 17.11 12.72 7.79 1.74 0.00 0.00 0.00 0.00
0.00 0.00 0.00 0.00 0.00 0.00 0.00 0.00 5.06 25.12 46.69 68.48 88.93 100.20 102.29 100.97 87.37 64.94 39.76 8.88 0.00 0.00 0.00 0.00
0.00 0.00 0.00 0.00 0.00 0.00 0.00 0.00 0.00 3.40 7.49 11.77 15.22 17.44 18.63 18.10 15.91 12.30 7.82 2.70 0.00 0.00 0.00 0.00
0.00 0.00 0.00 0.00 0.00 0.00 0.00 0.00 0.00 75.96 165.69 256.28 333.65 374.84 390.85 376.10 335.29 257.89 158.42 48.74 0.00 0.00 0.00 0.00
0.00 0.00 0.00 0.00 0.00 0.00 0.00 0.00 0.29 5.41 10.44 15.97 21.77 25.16 26.38 25.84 24.10 18.82 12.26 3.53 0.00 0.00 0.00 0.00
0.00 0.00 0.00 0.00 0.00 0.00 0.00 0.00 2.05 39.74 79.97 122.13 158.03 185.80 194.21 186.73 161.92 122.16 75.09 19.20 0.00 0.00 0.00 0.00
0.00 0.00 0.00 0.00 0.00 0.00 0.00 0.00 0.00 1.27 2.76 4.27 5.56 6.25 6.51 6.27 5.59 4.30 2.64 0.81 0.00 0.00 0.00 0.00
0.00 0.00 0.00 0.00 0.00 0.00 0.00 0.00 0.00 56.97 124.27 192.21 250.24 281.13 293.14 282.07 251.46 193.41 118.82 36.55 0.00 0.00 0.00 0.00
0.00 0.00 0.00 0.00 0.00 0.00 0.00 0.00 0.00 73.11 159.48 246.67 321.14 360.78 376.19 361.99 322.71 248.22 152.48 46.91 0.00 0.00 0.00 0.00
0.00 0.00 0.00 0.00 0.00 0.00 0.00 0.00 0.00 128.48 285.70 448.26 589.03 572.93 586.08 557.85 492.15 373.65 234.13 81.07 0.00 0.00 0.00 0.00
0.00 0.00 0.00 0.00 0.00 0.00 0.00 0.00 0.41 2.88 5.31 8.06 10.57 11.28 11.67 11.40 10.67 8.09 4.96 1.23 0.00 0.00 0.00 0.00
0.00 0.00 0.00 0.00 0.00 0.00 0.00 0.00 0.53 3.67 6.77 10.06 13.27 14.21 14.62 14.23 13.31 10.11 6.18 1.49 0.00 0.00 0.00 0.00
0.00 0.00 0.00 0.00 0.00 0.00 0.00 0.00 1.19 22.33 43.06 65.88 89.81 103.80 108.81 106.61 99.42 77.63 50.58 14.55 0.00 0.00 0.00 0.00
0.00 0.00 0.00 0.00 0.00 0.00 0.00 0.00 0.00 49.12 139.16 220.56 294.74 450.95 466.54 448.85 431.48 344.45 219.69 75.76 0.00 0.00 0.00 0.00
0.00 0.00 0.00 0.00 0.00 0.00 0.00 0.00 0.18 0.97 1.78 2.69 3.47 3.80 3.95 3.79 3.33 2.53 1.56 0.36 0.00 0.00 0.00 0.00
0.00 0.00 0.00 0.00 0.00 0.00 0.00 0.00 0.01 19.07 41.15 64.06 83.05 88.08 91.00 87.43 72.96 55.22 34.39 11.08 0.00 0.00 0.00 0.00
0.00 0.00 0.00 0.00 0.00 0.00 0.00 0.00 0.00 6.09 13.60 21.09 28.05 31.76 32.23 31.44 29.03 22.38 14.55 5.11 0.00 0.00 0.00 0.00
0.00 0.00 0.00 0.00 0.00 0.00 0.00 0.00 0.54 2.49 4.60 6.84 8.57 9.55 9.48 8.76 7.38 5.58 3.47 0.64 0.00 0.00 0.00 0.00
0.00 0.00 0.00 0.00 0.00 0.00 0.00 0.00 0.27 1.24 2.30 3.42 4.28 4.78 4.74 4.38 3.69 2.79 1.73 0.32 0.00 0.00 0.00 0.00
0.00 0.00 0.00 0.00 0.00 0.00 0.00 0.00 0.59 2.72 5.04 7.48 9.37 10.45 10.37 9.58 8.07 6.11 3.79 0.70 0.00 0.00 0.00 0.00
0.00 0.00 0.00 0.00 0.00 0.00 0.00 0.00 0.72 3.31 6.06 9.11 11.20 12.13 12.10 11.37 9.81 7.45 4.58 0.88 0.00 0.00 0.00 0.00
0.00 0.00 0.00 0.00 0.00 0.00 0.00 0.00 1.09 5.04 9.23 13.88 17.06 18.48 18.43 17.33 14.95 11.35 6.98 1.35 0.00 0.00 0.00 0.00
0.00 0.00 0.00 0.00 0.00 0.00 0.00 0.00 0.88 4.39 8.19 12.13 14.82 16.17 16.32 15.51 13.53 10.32 6.36 1.28 0.00 0.00 0.00 0.00
0.00 0.00 0.00 0.00 0.00 0.00 0.00 0.00 0.35 3.40 6.82 10.18 12.80 14.70 15.38 14.82 12.59 9.51 5.73 1.33 0.00 0.00 0.00 0.00
0.00 0.00 0.00 0.00 0.00 0.00 0.00 0.00 0.89 8.78 17.63 26.30 33.08 37.97 39.73 38.30 32.52 24.57 14.80 3.44 0.00 0.00 0.00 0.00
0.00 0.00 0.00 0.00 0.00 0.00 0.00 0.00 0.19 2.19 4.46 6.76 8.85 10.11 10.47 9.93 8.48 6.40 3.94 1.00 0.00 0.00 0.00 0.00
0.00 0.00 0.00 0.00 0.00 0.00 0.00 0.00 0.90 4.35 7.86 11.71 14.78 16.53 17.13 16.51 14.17 10.78 6.72 1.42 0.00 0.00 0.00 0.00
0.00 0.00 0.00 0.00 0.00 0.00 0.00 0.00 1.61 7.97 14.55 21.14 26.23 29.30 29.92 28.62 25.19 19.05 11.57 2.43 0.00 0.00 0.00 0.00
0.00 0.00 0.00 0.00 0.00 0.00 0.00 0.00 0.28 0.98 1.73 2.53 3.15 3.47 3.47 3.31 2.78 2.06 1.26 0.24 0.00 0.00 0.00 0.00
0.00 0.00 0.00 0.00 0.00 0.00 0.00 0.00 1.29 5.14 9.50 14.09 18.22 19.47 19.77 18.80 16.28 12.20 7.52 1.48 0.00 0.00 0.00 0.00
0.00 0.00 0.00 0.00 0.00 0.00 0.00 0.00 0.97 3.62 6.53 9.52 12.01 13.48 13.37 12.65 10.73 7.95 4.84 0.91 0.00 0.00 0.00 0.00
0.00 0.00 0.00 0.00 0.00 0.00 0.00 0.00 1.34 5.00 9.01 13.13 16.58 18.61 18.45 17.46 14.81 10.96 6.68 1.25 0.00 0.00 0.00 0.00
0.00 0.00 0.00 0.00 0.00 0.00 0.00 0.00 0.91 3.41 6.14 8.95 11.29 12.67 12.57 11.89 10.09 7.47 4.55 0.85 0.00 0.00 0.00 0.00
0.00 0.00 0.00 0.00 0.00 0.00 0.00 0.00 0.69 2.74 5.07 7.52 9.72 10.38 10.54 10.03 8.68 6.51 4.01 0.79 0.00 0.00 0.00 0.00
0.00 0.00 0.00 0.00 0.00 0.00 0.00 0.00 0.76 2.67 4.74 6.93 8.60 9.54 9.69 8.98 7.78 5.72 3.49 0.62 0.00 0.00 0.00 0.00
0.00 0.00 0.00 0.00 0.00 0.00 0.00 0.00 0.56 2.78 5.17 7.59 9.86 11.10 11.34 11.19 9.68 7.20 4.41 0.98 0.00 0.00 0.00 0.00
0.00 0.00 0.00 0.00 0.00 0.00 0.00 0.00 3.08 25.53 49.82 78.09 103.66 116.17 120.77 116.71 100.70 76.18 44.77 12.50 0.00 0.00 0.00 0.00
0.00 0.00 0.00 0.00 0.00 0.00 0.00 0.00 0.69 4.50 8.35 12.56 16.47 17.62 18.34 17.77 16.29 12.46 7.73 1.84 0.00 0.00 0.00 0.00
0.00 0.00 0.00 0.00 0.00 0.00 0.00 0.00 1.22 6.54 11.90 18.04 23.95 27.13 27.30 26.34 23.17 17.62 11.08 2.52 0.00 0.00 0.00 0.00
0.00 0.00 0.00 0.00 0.00 0.00 0.00 0.00 0.56 3.00 5.45 8.27 10.98 12.43 12.51 12.07 10.62 8.07 5.08 1.16 0.00 0.00 0.00 0.00
0.00 0.00 0.00 0.00 0.00 0.00 0.00 0.00 0.86 5.57 10.34 15.50 20.13 21.66 22.66 21.82 19.88 15.26 9.60 2.27 0.00 0.00 0.00 0.00
0.00 0.00 0.00 0.00 0.00 0.00 0.00 0.00 0.43 2.35 4.31 6.53 8.43 9.24 9.59 9.20 8.09 6.15 3.78 0.88 0.00 0.00 0.00 0.00
0.00 0.00 0.00 0.00 0.00 0.00 0.00 0.00 1.24 23.12 44.58 68.21 92.99 107.47 112.66 110.38 102.94 80.37 52.37 15.07 0.00 0.00 0.00 0.00
0.00 0.00 0.00 0.00 0.00 0.00 0.00 0.00 0.49 9.50 19.12 29.20 37.79 44.43 46.44 44.65 38.72 29.21 17.96 4.59 0.00 0.00 0.00 0.00
0.00 0.00 0.00 0.00 0.00 0.00 0.00 0.00 0.10 2.11 4.25 6.56 8.51 10.00 10.36 10.08 8.70 6.48 3.99 1.05 0.00 0.00 0.00 0.00
0.00 0.00 0.00 0.00 0.00 0.00 0.00 0.00 0.16 2.68 5.47 8.33 10.73 12.22 12.66 12.24 10.61 8.01 4.97 1.32 0.00 0.00 0.00 0.00
0.00 0.00 0.00 0.00 0.00 0.00 0.00 0.00 0.25 4.29 8.74 13.33 17.17 19.55 20.26 19.58 16.97 12.82 7.95 2.12 0.00 0.00 0.00 0.00
0.00 0.00 0.00 0.00 0.00 0.00 0.00 0.00 0.00 92.70 203.95 320.64 414.49 474.81 507.44 492.98 433.21 335.02 213.09 73.50 0.00 0.00 0.00 0.00
