0.00 0.00 0.00 0.00 0.00 0.00 0.00 0.00 0.23 1.05 2.06 2.89 3.56 3.97 4.06 3.88 3.29 2.39 1.47 0.19 0.00 0.00 0.00 0.00
0.00 0.00 0.00 0.00 0.00 0.00 0.00 0.00 7.62 20.55 36.73 50.13 57.95 51.92 50.79 46.40 48.44 33.77 19.02 0.68 0.00 0.00 0.00 0.00
0.00 0.00 0.00 0.00 0.00 0.00 0.00 0.00 5.17 24.00 47.12 66.00 81.35 90.75 92.84 88.79 75.32 54.70 33.66 4.42 0.00 0.00 0.00 0.00
0.00 0.00 0.00 0.00 0.00 0.00 0.00 0.00 18.38 85.30 167.48 234.55 289.12 322.51 329.93 315.57 267.67 194.42 119.61 15.72 0.00 0.00 0.00 0.00
0.00 0.00 0.00 0.00 0.00 0.00 0.00 0.00 1.93 4.49 7.55 9.87 11.12 11.93 11.47 10.14 8.27 5.61 2.94 0.00 0.00 0.00 0.00 0.00
0.00 0.00 0.00 0.00 0.00 0.00 0.00 0.00 33.43 185.46 367.09 516.63 642.44 739.38 770.07 743.35 637.02 464.78 291.55 42.21 0.00 0.00 0.00 0.00
0.00 0.00 0.00 0.00 0.00 0.00 0.00 0.00 0.87 2.36 4.08 5.53 6.50 6.60 6.65 6.13 3.74 2.54 1.40 0.06 0.00 0.00 0.00 0.00
0.00 0.00 0.00 0.00 0.00 0.00 0.00 0.00 0.48 1.29 2.11 2.85 3.21 2.59 2.55 2.35 1.69 1.18 0.66 0.04 0.00 0.00 0.00 0.00
0.00 0.00 0.00 0.00 0.00 0.00 0.00 0.00 0.77 2.07 3.38 4.56 5.14 4.15 4.07 3.77 2.71 1.88 1.06 0.06 0.00 0.00 0.00 0.00
0.00 0.00 0.00 0.00 0.00 0.00 0.00 0.00 0.77 2.07 3.38 4.56 5.14 4.15 4.07 3.77 2.71 1.88 1.06 0.06 0.00 0.00 0.00 0.00
0.00 0.00 0.00 0.00 0.00 0.00 0.00 0.00 1.08 3.19 4.69 6.61 7.79 9.45 9.31 8.78 8.59 6.03 3.45 0.28 0.00 0.00 0.00 0.00
0.00 0.00 0.00 0.00 0.00 0.00 0.00 0.00 0.50 1.46 2.15 3.04 3.55 4.52 4.47 4.24 3.74 2.61 1.50 0.12 0.00 0.00 0.00 0.00
0.00 0.00 0.00 0.00 0.00 0.00 0.00 0.00 0.64 1.87 2.77 3.91 4.56 5.81 5.75 5.46 4.80 3.36 1.92 0.16 0.00 0.00 0.00 0.00
0.00 0.00 0.00 0.00 0.00 0.00 0.00 0.00 0.43 1.25 1.85 2.61 3.04 3.88 3.83 3.64 3.20 2.24 1.28 0.10 0.00 0.00 0.00 0.00
0.00 0.00 0.00 0.00 0.00 0.00 0.00 0.00 0.43 1.25 1.85 2.61 3.04 3.88 3.83 3.64 3.20 2.24 1.28 0.10 0.00 0.00 0.00 0.00
0.00 0.00 0.00 0.00 0.00 0.00 0.00 0.00 6.06 18.97 32.57 46.34 54.71 60.28 60.31 56.24 52.90 37.30 21.99 2.67 0.00 0.00 0.00 0.00
0.00 0.00 0.00 0.00 0.00 0.00 0.00 0.00 3.43 9.90 13.93 19.47 22.69 31.09 30.97 28.79 28.50 20.08 11.41 0.74 0.00 0.00 0.00 0.00
0.00 0.00 0.00 0.00 0.00 0.00 0.00 0.00 2.56 7.64 14.35 19.92 23.95 26.71 26.74 25.21 22.53 15.90 9.10 0.77 0.00 0.00 0.00 0.00
0.00 0.00 0.00 0.00 0.00 0.00 0.00 0.00 9.86 54.70 108.28 152.39 189.50 218.09 227.14 219.26 187.90 137.09 86.00 12.45 0.00 0.00 0.00 0.00
0.00 0.00 0.00 0.00 0.00 0.00 0.00 0.00 9.38 52.03 103.00 144.95 180.25 207.45 216.06 208.57 178.73 130.41 81.80 11.84 0.00 0.00 0.00 0.00
0.00 0.00 0.00 0.00 0.00 0.00 0.00 0.00 18.04 100.07 198.07 278.76 346.64 398.95 415.51 401.09 343.71 250.78 157.31 22.77 0.00 0.00 0.00 0.00
0.00 0.00 0.00 0.00 0.00 0.00 0.00 0.00 17.74 98.40 194.77 274.11 340.87 392.30 408.58 394.40 337.98 246.60 154.69 22.40 0.00 0.00 0.00 0.00
0.00 0.00 0.00 0.00 0.00 0.00 0.00 0.00 22.64 112.90 219.46 304.09 380.60 425.03 437.04 413.22 355.13 257.43 158.89 21.01 0.00 0.00 0.00 0.00
0.00 0.00 0.00 0.00 0.00 0.00 0.00 0.00 0.48 1.29 2.11 2.85 3.21 2.59 2.55 2.35 1.69 1.18 0.66 0.04 0.00 0.00 0.00 0.00
0.00 0.00 0.00 0.00 0.00 0.00 0.00 0.00 2.43 6.56 10.69 14.45 16.28 13.14 12.90 11.93 8.57 5.96 3.34 0.20 0.00 0.00 0.00 0.00
0.00 0.00 0.00 0.00 0.00 0.00 0.00 0.00 12.42 33.47 54.58 73.75 83.10 67.08 65.86 60.91 43.76 30.44 17.06 1.00 0.00 0.00 0.00 0.00
0.00 0.00 0.00 0.00 0.00 0.00 0.00 0.00 0.67 3.74 7.39 10.41 12.94 14.89 15.51 14.97 12.83 9.36 5.87 0.85 0.00 0.00 0.00 0.00
0.00 0.00 0.00 0.00 0.00 0.00 0.00 0.00 18.09 83.97 164.87 230.90 284.62 317.48 324.79 310.65 263.50 191.39 117.75 15.48 0.00 0.00 0.00 0.00
0.00 0.00 0.00 0.00 0.00 0.00 0.00 0.00 1.54 5.58 11.37 16.59 20.97 21.21 22.46 21.89 15.87 11.73 7.04 1.05 0.00 0.00 0.00 0.00
0.00 0.00 0.00 0.00 0.00 0.00 0.00 0.00 7.83 28.94 58.94 81.64 96.89 106.84 110.44 102.57 97.28 67.74 40.02 4.09 0.00 0.00 0.00 0.00
0.00 0.00 0.00 0.00 0.00 0.00 0.00 0.00 0.30 1.40 2.75 3.85 4.74 5.29 5.41 5.18 4.39 3.19 1.96 0.26 0.00 0.00 0.00 0.00
0.00 0.00 0.00 0.00 0.00 0.00 0.00 0.00 13.57 62.97 123.65 173.17 213.46 238.11 243.59 232.99 197.62 143.54 88.31 11.61 0.00 0.00 0.00 0.00
0.00 0.00 0.00 0.00 0.00 0.00 0.00 0.00 17.41 80.82 158.68 222.24 273.95 305.57 312.61 299.00 253.61 184.21 113.33 14.90 0.00 0.00 0.00 0.00
0.00 0.00 0.00 0.00 0.00 0.00 0.00 0.00 29.86 148.89 289.41 401.02 501.92 560.51 576.35 544.93 468.32 339.48 209.53 27.70 0.00 0.00 0.00 0.00
0.00 0.00 0.00 0.00 0.00 0.00 0.00 0.00 0.79 2.39 3.67 5.18 6.12 7.23 7.13 6.57 6.07 4.33 2.50 0.21 0.00 0.00 0.00 0.00
0.00 0.00 0.00 0.00 0.00 0.00 0.00 0.00 0.97 2.90 4.56 6.40 7.62 8.86 8.70 8.22 7.32 5.21 3.00 0.25 0.00 0.00 0.00 0.00
0.00 0.00 0.00 0.00 0.00 0.00 0.00 0.00 6.37 23.03 46.91 68.43 86.51 87.50 92.63 90.29 65.48 48.37 29.05 4.34 0.00 0.00 0.00 0.00
0.00 0.00 0.00 0.00 0.00 0.00 0.00 0.00 4.86 37.05 151.98 215.24 268.85 366.19 378.63 356.28 299.55 219.98 138.19 27.49 0.00 0.00 0.00 0.00
0.00 0.00 0.00 0.00 0.00 0.00 0.00 0.00 0.29 0.83 1.20 1.61 1.89 3.02 2.98 2.74 2.23 1.56 0.88 0.04 0.00 0.00 0.00 0.00
0.00 0.00 0.00 0.00 0.00 0.00 0.00 0.00 3.61 15.23 31.39 43.84 53.53 70.64 72.61 67.83 64.84 46.61 28.25 3.11 0.00 0.00 0.00 0.00
0.00 0.00 0.00 0.00 0.00 0.00 0.00 0.00 0.93 7.20 14.58 21.00 25.65 29.16 30.26 28.76 24.34 17.89 11.47 1.93 0.00 0.00 0.00 0.00
0.00 0.00 0.00 0.00 0.00 0.00 0.00 0.00 1.06 2.79 4.70 6.42 7.62 7.36 7.21 6.68 4.38 2.99 1.62 0.04 0.00 0.00 0.00 0.00
0.00 0.00 0.00 0.00 0.00 0.00 0.00 0.00 0.53 1.39 2.35 3.21 3.81 3.68 3.60 3.34 2.19 1.49 0.81 0.02 0.00 0.00 0.00 0.00
0.00 0.00 0.00 0.00 0.00 0.00 0.00 0.00 1.16 3.05 5.14 7.02 8.34 8.05 7.88 7.30 4.79 3.27 1.77 0.04 0.00 0.00 0.00 0.00
0.00 0.00 0.00 0.00 0.00 0.00 0.00 0.00 1.38 3.64 6.02 8.10 9.57 9.63 9.55 8.85 6.10 4.14 2.25 0.06 0.00 0.00 0.00 0.00
0.00 0.00 0.00 0.00 0.00 0.00 0.00 0.00 2.10 5.55 9.17 12.35 14.58 14.67 14.56 13.48 9.30 6.31 3.43 0.10 0.00 0.00 0.00 0.00
0.00 0.00 0.00 0.00 0.00 0.00 0.00 0.00 1.74 4.73 8.15 10.93 12.95 13.25 13.37 12.34 7.24 4.99 2.75 0.14 0.00 0.00 0.00 0.00
0.00 0.00 0.00 0.00 0.00 0.00 0.00 0.00 0.81 2.67 5.25 7.13 8.38 10.82 10.98 10.19 8.35 5.84 3.38 0.19 0.00 0.00 0.00 0.00
0.00 0.00 0.00 0.00 0.00 0.00 0.00 0.00 2.08 6.90 13.57 18.41 21.65 27.96 28.36 26.31 21.56 15.08 8.72 0.49 0.00 0.00 0.00 0.00
0.00 0.00 0.00 0.00 0.00 0.00 0.00 0.00 0.54 1.85 3.55 4.81 5.75 5.57 5.71 5.24 4.24 2.92 1.70 0.17 0.00 0.00 0.00 0.00
0.00 0.00 0.00 0.00 0.00 0.00 0.00 0.00 1.42 3.81 6.46 8.73 9.98 14.08 14.04 12.82 8.50 5.86 3.25 0.13 0.00 0.00 0.00 0.00
0.00 0.00 0.00 0.00 0.00 0.00 0.00 0.00 3.13 8.47 14.17 19.09 22.41 24.57 25.15 23.22 16.79 11.39 6.30 0.19 0.00 0.00 0.00 0.00
0.00 0.00 0.00 0.00 0.00 0.00 0.00 0.00 0.52 1.23 2.21 2.92 3.23 3.62 3.54 3.18 2.53 1.74 0.91 0.00 0.00 0.00 0.00 0.00
0.00 0.00 0.00 0.00 0.00 0.00 0.00 0.00 2.74 6.81 13.42 17.78 20.04 19.21 18.53 16.79 13.06 9.07 4.91 0.07 0.00 0.00 0.00 0.00
0.00 0.00 0.00 0.00 0.00 0.00 0.00 0.00 2.09 5.06 8.92 11.72 12.97 13.54 13.27 11.92 9.23 6.24 3.32 0.00 0.00 0.00 0.00 0.00
0.00 0.00 0.00 0.00 0.00 0.00 0.00 0.00 2.89 6.98 12.31 16.18 17.90 18.68 18.31 16.45 12.74 8.61 4.59 0.00 0.00 0.00 0.00 0.00
0.00 0.00 0.00 0.00 0.00 0.00 0.00 0.00 1.97 4.76 8.39 11.02 12.19 12.73 12.47 11.20 8.68 5.86 3.12 0.00 0.00 0.00 0.00 0.00
0.00 0.00 0.00 0.00 0.00 0.00 0.00 0.00 1.46 3.63 7.16 9.48 10.69 10.25 9.88 8.95 6.97 4.84 2.62 0.04 0.00 0.00 0.00 0.00
0.00 0.00 0.00 0.00 0.00 0.00 0.00 0.00 1.71 4.03 6.59 8.71 9.81 10.61 10.37 9.30 7.50 5.03 2.65 0.00 0.00 0.00 0.00 0.00
0.00 0.00 0.00 0.00 0.00 0.00 0.00 0.00 1.38 3.71 6.05 8.17 9.21 7.43 7.30 6.75 4.85 3.37 1.89 0.11 0.00 0.00 0.00 0.00
0.00 0.00 0.00 0.00 0.00 0.00 0.00 0.00 7.89 24.68 42.39 60.32 71.21 78.46 78.50 73.21 68.86 48.55 28.63 3.48 0.00 0.00 0.00 0.00
0.00 0.00 0.00 0.00 0.00 0.00 0.00 0.00 1.23 3.62 5.31 7.49 8.83 10.70 10.56 9.95 9.73 6.83 3.91 0.32 0.00 0.00 0.00 0.00
0.00 0.00 0.00 0.00 0.00 0.00 0.00 0.00 1.73 4.82 7.58 10.26 11.93 20.59 20.53 19.13 14.41 10.17 5.73 0.27 0.00 0.00 0.00 0.00
0.00 0.00 0.00 0.00 0.00 0.00 0.00 0.00 0.79 2.21 3.47 4.70 5.47 9.44 9.41 8.77 6.60 4.66 2.63 0.12 0.00 0.00 0.00 0.00
0.00 0.00 0.00 0.00 0.00 0.00 0.00 0.00 1.55 4.57 6.57 9.25 10.91 13.03 12.88 12.08 12.73 9.02 5.16 0.39 0.00 0.00 0.00 0.00
0.00 0.00 0.00 0.00 0.00 0.00 0.00 0.00 0.71 2.01 2.91 3.92 4.59 7.34 7.23 6.65 5.42 3.79 2.13 0.10 0.00 0.00 0.00 0.00
0.00 0.00 0.00 0.00 0.00 0.00 0.00 0.00 6.59 23.84 48.57 70.85 89.57 90.59 95.91 93.49 67.80 50.08 30.07 4.50 0.00 0.00 0.00 0.00
0.00 0.00 0.00 0.00 0.00 0.00 0.00 0.00 1.87 6.92 14.09 19.52 23.17 25.55 26.41 24.53 23.26 16.20 9.57 0.98 0.00 0.00 0.00 0.00
0.00 0.00 0.00 0.00 0.00 0.00 0.00 0.00 0.44 1.64 3.19 4.44 5.31 5.67 5.77 5.35 4.93 3.52 2.09 0.24 0.00 0.00 0.00 0.00
0.00 0.00 0.00 0.00 0.00 0.00 0.00 0.00 0.50 1.80 3.17 4.38 5.31 6.36 6.44 5.98 5.24 3.76 2.23 0.28 0.00 0.00 0.00 0.00
0.00 0.00 0.00 0.00 0.00 0.00 0.00 0.00 0.80 2.89 5.08 7.01 8.49 10.18 10.31 9.57 8.39 6.02 3.56 0.45 0.00 0.00 0.00 0.00
0.00 0.00 0.00 0.00 0.00 0.00 0.00 0.00 18.34 101.73 201.37 283.41 352.42 405.59 422.43 407.77 349.44 254.96 159.93 23.15 0.00 0.00 0.00 0.00
