0.00 0.00 0.00 0.00 0.00 0.00 0.00 0.00 0.64 1.57 2.60 3.51 4.15 4.52 4.54 4.38 3.82 3.09 2.11 0.98 0.21 0.00 0.00 0.00
0.00 0.00 0.00 0.00 0.00 0.00 0.00 0.00 14.87 31.13 41.61 53.33 62.38 70.07 69.30 64.32 61.74 47.10 30.78 6.95 0.00 0.00 0.00 0.00
0.00 0.00 0.00 0.00 0.00 0.00 0.00 0.00 14.73 35.84 59.54 80.29 94.91 103.36 103.90 100.11 87.30 70.77 48.34 22.39 4.83 0.00 0.00 0.00
0.00 0.00 0.00 0.00 0.00 0.00 0.00 0.00 52.34 127.39 211.59 285.33 337.31 367.32 369.25 355.77 310.26 251.50 171.80 79.57 17.17 0.00 0.00 0.00
0.00 0.00 0.00 0.00 0.00 0.00 0.00 0.11 2.01 3.80 5.69 7.22 8.18 8.43 8.19 7.51 8.82 6.70 4.13 1.43 0.00 0.00 0.00 0.00
0.00 0.00 0.00 0.00 0.00 0.00 0.00 0.00 100.25 261.47 445.29 605.41 732.28 796.00 826.03 821.17 745.14 601.79 406.51 193.09 46.52 0.00 0.00 0.00
0.00 0.00 0.00 0.00 0.00 0.00 0.00 0.00 1.75 3.43 5.53 7.20 8.37 6.76 6.69 6.27 4.32 3.28 2.09 0.68 0.00 0.00 0.00 0.00
0.00 0.00 0.00 0.00 0.00 0.00 0.00 0.00 0.92 1.89 2.93 3.83 4.46 3.89 3.77 3.57 3.26 2.50 1.62 0.65 0.00 0.00 0.00 0.00
0.00 0.00 0.00 0.00 0.00 0.00 0.00 0.00 1.47 3.03 4.69 6.13 7.13 6.22 6.04 5.72 5.21 4.00 2.59 1.05 0.00 0.00 0.00 0.00
0.00 0.00 0.00 0.00 0.00 0.00 0.00 0.00 1.47 3.03 4.69 6.13 7.13 6.22 6.04 5.72 5.21 4.00 2.59 1.05 0.00 0.00 0.00 0.00
0.00 0.00 0.00 0.00 0.00 0.00 0.00 0.00 3.34 7.09 11.58 15.50 18.01 14.18 14.18 13.36 9.93 7.68 4.80 2.18 0.04 0.00 0.00 0.00
0.00 0.00 0.00 0.00 0.00 0.00 0.00 0.00 1.57 3.34 5.48 7.34 8.51 6.75 6.74 6.31 4.79 3.73 2.32 1.08 0.02 0.00 0.00 0.00
0.00 0.00 0.00 0.00 0.00 0.00 0.00 0.00 2.02 4.29 7.05 9.44 10.94 8.68 8.66 8.11 6.16 4.79 2.99 1.39 0.02 0.00 0.00 0.00
0.00 0.00 0.00 0.00 0.00 0.00 0.00 0.00 1.35 2.86 4.70 6.30 7.29 5.79 5.78 5.40 4.11 3.19 1.99 0.93 0.01 0.00 0.00 0.00
0.00 0.00 0.00 0.00 0.00 0.00 0.00 0.00 1.35 2.86 4.70 6.30 7.29 5.79 5.78 5.40 4.11 3.19 1.99 0.93 0.01 0.00 0.00 0.00
0.00 0.00 0.00 0.00 0.00 0.00 0.00 0.00 16.61 38.30 62.39 83.05 96.96 82.73 82.37 77.39 61.39 47.02 30.45 11.37 0.27 0.00 0.00 0.00
0.00 0.00 0.00 0.00 0.00 0.00 0.00 0.00 10.35 21.64 34.87 46.76 54.45 42.13 42.11 39.08 30.36 23.48 14.90 5.83 0.04 0.00 0.00 0.00
0.00 0.00 0.00 0.00 0.00 0.00 0.00 0.00 8.23 17.38 28.93 38.84 44.77 36.59 36.50 34.27 20.52 15.94 10.12 4.55 0.17 0.00 0.00 0.00
0.00 0.00 0.00 0.00 0.00 0.00 0.00 0.00 29.57 77.12 131.34 178.57 216.00 234.79 243.65 242.21 219.79 177.51 119.91 56.95 13.72 0.00 0.00 0.00
0.00 0.00 0.00 0.00 0.00 0.00 0.00 0.00 28.13 73.36 124.94 169.86 205.46 223.34 231.76 230.40 209.07 168.85 114.06 54.18 13.05 0.00 0.00 0.00
0.00 0.00 0.00 0.00 0.00 0.00 0.00 0.00 54.09 141.08 240.26 326.66 395.11 429.49 445.70 443.07 402.06 324.71 219.34 104.19 25.10 0.00 0.00 0.00
0.00 0.00 0.00 0.00 0.00 0.00 0.00 0.00 53.19 138.73 236.26 321.22 388.53 422.34 438.27 435.69 395.35 319.30 215.68 102.45 24.68 0.00 0.00 0.00
0.00 0.00 0.00 0.00 0.00 0.00 0.00 0.00 66.88 162.62 266.51 364.62 441.27 494.10 507.99 486.21 444.83 349.37 237.09 106.69 25.15 0.00 0.00 0.00
0.00 0.00 0.00 0.00 0.00 0.00 0.00 0.00 0.92 1.89 2.93 3.83 4.46 3.89 3.77 3.57 3.26 2.50 1.62 0.65 0.00 0.00 0.00 0.00
0.00 0.00 0.00 0.00 0.00 0.00 0.00 0.00 4.64 9.59 14.86 19.42 22.59 19.70 19.12 18.11 16.51 12.67 8.21 3.32 0.00 0.00 0.00 0.00
0.00 0.00 0.00 0.00 0.00 0.00 0.00 0.00 23.71 48.94 75.86 99.16 115.31 100.60 97.63 92.45 84.26 64.69 41.89 16.94 0.00 0.00 0.00 0.00
0.00 0.00 0.00 0.00 0.00 0.00 0.00 0.00 2.02 5.27 8.97 12.20 14.75 16.03 16.64 16.54 15.01 12.12 8.19 3.89 0.94 0.00 0.00 0.00
0.00 0.00 0.00 0.00 0.00 0.00 0.00 0.00 51.53 125.40 208.29 280.88 332.05 361.59 363.49 350.23 305.42 247.58 169.13 78.33 16.90 0.00 0.00 0.00
0.00 0.00 0.00 0.00 0.00 0.00 0.00 0.00 4.35 10.20 17.31 23.77 28.38 27.30 27.06 25.43 17.13 13.45 8.81 4.27 0.53 0.00 0.00 0.00
0.00 0.00 0.00 0.00 0.00 0.00 0.00 0.00 23.74 52.18 83.42 113.83 135.27 121.65 122.65 116.03 94.57 74.95 50.45 27.37 4.45 0.00 0.00 0.00
0.00 0.00 0.00 0.00 0.00 0.00 0.00 0.00 0.86 2.09 3.47 4.68 5.53 6.03 6.06 5.84 5.09 4.13 2.82 1.31 0.28 0.00 0.00 0.00
0.00 0.00 0.00 0.00 0.00 0.00 0.00 0.00 38.65 94.05 156.22 210.66 249.04 271.19 272.62 262.67 229.06 185.69 126.84 58.75 12.67 0.00 0.00 0.00
0.00 0.00 0.00 0.00 0.00 0.00 0.00 0.00 49.60 120.70 200.48 270.35 319.60 348.03 349.86 337.09 293.97 238.30 162.78 75.39 16.27 0.00 0.00 0.00
0.00 0.00 0.00 0.00 0.00 0.00 0.00 0.00 88.20 214.46 351.46 480.85 581.92 651.60 669.92 641.19 586.62 460.74 312.66 140.70 33.16 0.00 0.00 0.00
0.00 0.00 0.00 0.00 0.00 0.00 0.00 0.00 2.32 5.02 8.45 11.37 13.21 11.00 10.97 10.20 7.06 5.29 3.47 1.78 0.05 0.00 0.00 0.00
0.00 0.00 0.00 0.00 0.00 0.00 0.00 0.00 2.95 6.36 10.56 14.19 16.51 13.51 13.49 12.56 8.77 6.60 4.26 2.18 0.06 0.00 0.00 0.00
0.00 0.00 0.00 0.00 0.00 0.00 0.00 0.00 17.96 42.09 71.39 98.07 117.05 112.63 111.64 104.91 70.66 55.46 36.35 17.63 2.17 0.00 0.00 0.00
0.00 0.00 0.00 0.00 0.00 0.00 0.00 0.00 65.08 163.77 275.41 381.91 465.68 510.81 517.25 483.64 447.06 356.73 244.68 123.05 37.53 0.00 0.00 0.00
0.00 0.00 0.00 0.00 0.00 0.00 0.00 0.00 0.84 1.72 2.77 3.69 4.25 3.28 3.29 3.08 2.41 1.81 1.18 0.44 0.00 0.00 0.00 0.00
0.00 0.00 0.00 0.00 0.00 0.00 0.00 0.00 12.86 29.98 50.14 68.22 82.30 91.48 92.56 88.39 71.88 56.40 38.50 18.02 3.52 0.00 0.00 0.00
0.00 0.00 0.00 0.00 0.00 0.00 0.00 0.00 3.13 9.05 15.50 21.73 26.24 29.60 30.25 29.33 27.25 21.20 14.86 7.58 2.08 0.00 0.00 0.00
0.00 0.00 0.00 0.00 0.00 0.00 0.00 0.03 2.08 4.01 6.22 8.13 9.37 6.84 6.83 6.43 4.33 3.33 2.09 0.72 0.00 0.00 0.00 0.00
0.00 0.00 0.00 0.00 0.00 0.00 0.00 0.02 1.04 2.01 3.11 4.06 4.69 3.42 3.42 3.22 2.17 1.67 1.05 0.36 0.00 0.00 0.00 0.00
0.00 0.00 0.00 0.00 0.00 0.00 0.00 0.03 2.27 4.39 6.81 8.89 10.25 7.48 7.47 7.04 4.74 3.64 2.29 0.79 0.00 0.00 0.00 0.00
0.00 0.00 0.00 0.00 0.00 0.00 0.00 0.01 2.70 5.23 8.38 10.88 12.69 10.17 10.00 9.43 7.26 5.50 3.45 0.99 0.00 0.00 0.00 0.00
0.00 0.00 0.00 0.00 0.00 0.00 0.00 0.01 4.11 7.97 12.77 16.58 19.34 15.50 15.24 14.37 11.06 8.38 5.26 1.50 0.00 0.00 0.00 0.00
0.00 0.00 0.00 0.00 0.00 0.00 0.00 0.00 3.59 7.05 11.28 14.58 16.99 13.46 13.22 12.46 9.29 7.12 4.58 1.53 0.00 0.00 0.00 0.00
0.00 0.00 0.00 0.00 0.00 0.00 0.00 0.00 2.56 5.36 8.43 11.51 13.61 12.24 12.38 11.80 8.78 6.82 4.48 2.13 0.27 0.00 0.00 0.00
0.00 0.00 0.00 0.00 0.00 0.00 0.00 0.00 6.62 13.85 21.79 29.72 35.17 31.61 31.97 30.48 22.67 17.63 11.56 5.51 0.69 0.00 0.00 0.00
0.00 0.00 0.00 0.00 0.00 0.00 0.00 0.00 1.65 3.53 5.56 7.59 9.04 7.52 7.48 7.00 5.60 4.35 2.92 1.38 0.18 0.00 0.00 0.00
0.00 0.00 0.00 0.00 0.00 0.00 0.00 0.00 3.94 7.89 12.22 16.09 18.48 14.58 14.53 13.33 10.95 8.28 5.19 2.07 0.00 0.00 0.00 0.00
0.00 0.00 0.00 0.00 0.00 0.00 0.00 0.00 6.52 12.96 20.74 27.43 31.72 25.18 25.47 23.86 15.35 11.65 7.32 3.15 0.00 0.00 0.00 0.00
0.00 0.00 0.00 0.00 0.00 0.00 0.00 0.03 0.61 1.15 1.79 2.27 2.55 3.08 2.95 2.73 2.79 2.12 1.31 0.47 0.00 0.00 0.00 0.00
0.00 0.00 0.00 0.00 0.00 0.00 0.00 0.00 5.10 9.98 15.23 19.33 21.68 16.51 15.90 14.86 15.51 11.75 7.41 2.86 0.00 0.00 0.00 0.00
0.00 0.00 0.00 0.00 0.00 0.00 0.00 0.05 3.09 5.95 7.75 9.82 10.98 9.65 9.16 8.66 11.98 9.04 5.71 2.10 0.00 0.00 0.00 0.00
0.00 0.00 0.00 0.00 0.00 0.00 0.00 0.07 4.27 8.21 10.70 13.55 15.16 13.32 12.64 11.95 16.53 12.47 7.89 2.89 0.00 0.00 0.00 0.00
0.00 0.00 0.00 0.00 0.00 0.00 0.00 0.05 2.91 5.59 7.29 9.23 10.32 9.07 8.61 8.14 11.26 8.49 5.37 1.97 0.00 0.00 0.00 0.00
0.00 0.00 0.00 0.00 0.00 0.00 0.00 0.00 2.72 5.33 8.12 10.31 11.56 8.81 8.48 7.92 8.27 6.26 3.95 1.53 0.00 0.00 0.00 0.00
0.00 0.00 0.00 0.00 0.00 0.00 0.00 0.07 1.83 3.49 5.50 6.95 7.86 8.32 8.17 7.58 9.09 6.92 4.26 1.43 0.00 0.00 0.00 0.00
0.00 0.00 0.00 0.00 0.00 0.00 0.00 0.00 2.63 5.42 8.41 10.99 12.78 11.15 10.82 10.25 9.34 7.17 4.64 1.88 0.00 0.00 0.00 0.00
0.00 0.00 0.00 0.00 0.00 0.00 0.00 0.00 21.62 49.85 81.21 108.09 126.20 107.68 107.21 100.72 79.90 61.21 39.64 14.80 0.35 0.00 0.00 0.00
0.00 0.00 0.00 0.00 0.00 0.00 0.00 0.00 3.78 8.03 13.12 17.56 20.41 16.07 16.07 15.14 11.25 8.71 5.44 2.47 0.05 0.00 0.00 0.00
0.00 0.00 0.00 0.00 0.00 0.00 0.00 0.00 5.73 11.81 18.38 24.52 28.73 23.90 23.82 22.03 16.55 12.48 7.95 3.71 0.00 0.00 0.00 0.00
0.00 0.00 0.00 0.00 0.00 0.00 0.00 0.00 2.63 5.41 8.42 11.24 13.17 10.95 10.92 10.10 7.59 5.72 3.64 1.70 0.00 0.00 0.00 0.00
0.00 0.00 0.00 0.00 0.00 0.00 0.00 0.00 4.71 9.99 16.33 21.80 25.38 19.73 19.71 18.59 13.75 10.62 6.66 2.89 0.06 0.00 0.00 0.00
0.00 0.00 0.00 0.00 0.00 0.00 0.00 0.00 2.03 4.17 6.72 8.95 10.32 7.96 7.99 7.47 5.86 4.40 2.86 1.07 0.00 0.00 0.00 0.00
0.00 0.00 0.00 0.00 0.00 0.00 0.00 0.00 18.60 43.58 73.92 101.53 121.19 116.61 115.59 108.62 73.16 57.42 37.64 18.26 2.25 0.00 0.00 0.00
0.00 0.00 0.00 0.00 0.00 0.00 0.00 0.00 5.68 12.48 19.95 27.22 32.35 29.09 29.33 27.75 22.62 17.92 12.06 6.54 1.06 0.00 0.00 0.00
0.00 0.00 0.00 0.00 0.00 0.00 0.00 0.00 1.55 3.43 5.43 7.36 8.93 7.84 7.76 7.31 6.02 4.75 3.21 1.59 0.26 0.00 0.00 0.00
0.00 0.00 0.00 0.00 0.00 0.00 0.00 0.00 1.52 3.38 6.21 8.30 9.66 9.84 9.94 9.52 7.71 6.11 4.09 1.63 0.24 0.00 0.00 0.00
0.00 0.00 0.00 0.00 0.00 0.00 0.00 0.00 2.43 5.40 9.94 13.27 15.45 15.75 15.91 15.23 12.34 9.77 6.55 2.61 0.38 0.00 0.00 0.00
0.00 0.00 0.00 0.00 0.00 0.00 0.00 0.00 54.99 143.43 244.27 332.10 401.70 436.65 453.13 450.46 408.76 330.12 223.00 105.92 25.52 0.00 0.00 0.00
