0.00 0.00 0.00 0.00 0.00 0.00 0.00 0.00 0.67 1.71 2.86 4.00 4.85 5.37 5.39 5.15 4.48 3.51 2.33 0.97 0.14 0.00 0.00 0.00
0.00 0.00 0.00 0.00 0.00 0.00 0.00 0.00 13.68 29.46 47.00 63.63 76.90 82.80 82.51 76.86 63.75 48.82 30.33 8.93 0.00 0.00 0.00 0.00
0.00 0.00 0.00 0.00 0.00 0.00 0.00 0.00 15.31 39.11 65.39 91.43 110.91 122.73 123.27 117.67 102.45 80.18 53.17 22.10 3.13 0.00 0.00 0.00
0.00 0.00 0.00 0.00 0.00 0.00 0.00 0.00 54.42 138.98 232.40 324.93 394.18 436.16 438.08 418.20 364.12 284.94 188.98 78.56 11.11 0.00 0.00 0.00
0.00 0.00 0.00 0.00 0.00 0.00 0.00 0.02 2.86 5.54 8.81 11.68 13.39 13.80 13.58 12.72 10.69 8.01 4.80 1.19 0.00 0.00 0.00 0.00
0.00 0.00 0.00 0.00 0.00 0.00 0.00 0.00 108.63 301.06 536.36 751.22 909.03 992.68 1003.67 942.92 814.37 642.18 440.36 190.44 33.09 0.00 0.00 0.00
0.00 0.00 0.00 0.00 0.00 0.00 0.00 0.00 1.84 3.72 5.77 7.86 9.11 9.89 9.78 9.20 7.75 5.74 3.58 1.15 0.00 0.00 0.00 0.00
0.00 0.00 0.00 0.00 0.00 0.00 0.00 0.00 0.81 1.72 2.69 3.68 4.35 4.72 4.82 4.53 3.91 3.04 1.90 0.59 0.00 0.00 0.00 0.00
0.00 0.00 0.00 0.00 0.00 0.00 0.00 0.00 1.30 2.76 4.30 5.89 6.96 7.56 7.72 7.24 6.25 4.86 3.03 0.94 0.00 0.00 0.00 0.00
0.00 0.00 0.00 0.00 0.00 0.00 0.00 0.00 1.30 2.76 4.30 5.89 6.96 7.56 7.72 7.24 6.25 4.86 3.03 0.94 0.00 0.00 0.00 0.00
0.00 0.00 0.00 0.00 0.00 0.00 0.00 0.00 2.97 6.51 10.89 15.08 18.32 19.81 19.89 19.09 16.73 12.78 8.22 2.73 0.00 0.00 0.00 0.00
0.00 0.00 0.00 0.00 0.00 0.00 0.00 0.00 1.42 3.11 5.22 7.11 8.56 9.27 9.32 8.99 7.87 6.04 3.78 1.24 0.00 0.00 0.00 0.00
0.00 0.00 0.00 0.00 0.00 0.00 0.00 0.00 1.83 4.00 6.71 9.14 11.01 11.92 11.98 11.56 10.11 7.76 4.86 1.60 0.00 0.00 0.00 0.00
0.00 0.00 0.00 0.00 0.00 0.00 0.00 0.00 1.22 2.66 4.47 6.09 7.34 7.94 7.99 7.71 6.74 5.18 3.24 1.06 0.00 0.00 0.00 0.00
0.00 0.00 0.00 0.00 0.00 0.00 0.00 0.00 1.22 2.66 4.47 6.09 7.34 7.94 7.99 7.71 6.74 5.18 3.24 1.06 0.00 0.00 0.00 0.00
0.00 0.00 0.00 0.00 0.00 0.00 0.00 0.00 13.57 32.33 57.36 80.45 99.40 112.71 116.62 111.55 94.61 72.98 45.64 15.70 0.00 0.00 0.00 0.00
0.00 0.00 0.00 0.00 0.00 0.00 0.00 0.00 9.40 20.28 33.02 46.33 56.22 60.59 59.52 56.42 50.16 38.28 24.66 8.03 0.00 0.00 0.00 0.00
0.00 0.00 0.00 0.00 0.00 0.00 0.00 0.00 8.25 17.94 29.33 39.49 47.81 50.85 50.95 48.73 42.54 32.61 20.91 6.98 0.00 0.00 0.00 0.00
0.00 0.00 0.00 0.00 0.00 0.00 0.00 0.00 32.04 88.80 158.21 221.58 268.13 292.80 296.05 278.13 240.21 189.42 129.89 56.17 9.76 0.00 0.00 0.00
0.00 0.00 0.00 0.00 0.00 0.00 0.00 0.00 30.48 84.47 150.49 210.77 255.05 278.52 281.61 264.56 228.49 180.18 123.55 53.43 9.28 0.00 0.00 0.00
0.00 0.00 0.00 0.00 0.00 0.00 0.00 0.00 58.62 162.44 289.40 405.33 490.48 535.62 541.55 508.77 439.41 346.50 237.60 102.75 17.85 0.00 0.00 0.00
0.00 0.00 0.00 0.00 0.00 0.00 0.00 0.00 57.64 159.74 284.58 398.58 482.31 526.69 532.52 500.29 432.08 340.72 233.64 101.04 17.56 0.00 0.00 0.00
0.00 0.00 0.00 0.00 0.00 0.00 0.00 0.00 73.51 188.75 318.00 437.08 521.63 562.63 563.18 531.83 469.78 366.47 246.07 104.37 17.03 0.00 0.00 0.00
0.00 0.00 0.00 0.00 0.00 0.00 0.00 0.00 0.81 1.72 2.69 3.68 4.35 4.72 4.82 4.53 3.91 3.04 1.90 0.59 0.00 0.00 0.00 0.00
0.00 0.00 0.00 0.00 0.00 0.00 0.00 0.00 4.13 8.73 13.61 18.64 22.05 23.94 24.45 22.93 19.80 15.40 9.61 2.97 0.00 0.00 0.00 0.00
0.00 0.00 0.00 0.00 0.00 0.00 0.00 0.00 21.06 44.58 69.47 95.16 112.57 122.21 124.80 117.08 101.06 78.63 49.07 15.16 0.00 0.00 0.00 0.00
0.00 0.00 0.00 0.00 0.00 0.00 0.00 0.00 2.19 6.06 10.80 15.13 18.31 20.00 20.22 18.99 16.40 12.94 8.87 3.84 0.67 0.00 0.00 0.00
0.00 0.00 0.00 0.00 0.00 0.00 0.00 0.00 53.57 136.82 228.78 319.86 388.03 429.37 431.25 411.68 358.44 280.50 186.03 77.33 10.94 0.00 0.00 0.00
0.00 0.00 0.00 0.00 0.00 0.00 0.00 0.00 3.91 9.48 16.04 22.71 28.74 32.75 33.56 31.96 27.27 21.32 14.43 5.41 0.21 0.00 0.00 0.00
0.00 0.00 0.00 0.00 0.00 0.00 0.00 0.00 32.44 74.23 119.46 165.52 193.30 208.78 208.57 197.19 169.81 131.02 85.63 32.32 2.49 0.00 0.00 0.00
0.00 0.00 0.00 0.00 0.00 0.00 0.00 0.00 0.89 2.28 3.81 5.33 6.47 7.16 7.19 6.86 5.97 4.68 3.10 1.29 0.18 0.00 0.00 0.00
0.00 0.00 0.00 0.00 0.00 0.00 0.00 0.00 40.18 102.61 171.59 239.90 291.02 322.02 323.44 308.76 268.83 210.38 139.52 58.00 8.20 0.00 0.00 0.00
0.00 0.00 0.00 0.00 0.00 0.00 0.00 0.00 51.56 131.69 220.20 307.87 373.48 413.26 415.08 396.24 345.00 269.98 179.05 74.43 10.53 0.00 0.00 0.00
0.00 0.00 0.00 0.00 0.00 0.00 0.00 0.00 96.94 248.92 419.36 576.40 687.89 741.97 742.69 701.36 619.53 483.28 324.50 137.64 22.46 0.00 0.00 0.00
0.00 0.00 0.00 0.00 0.00 0.00 0.00 0.00 2.14 4.78 7.97 11.00 13.20 14.54 14.88 14.16 12.25 9.40 6.00 2.01 0.00 0.00 0.00 0.00
0.00 0.00 0.00 0.00 0.00 0.00 0.00 0.00 2.70 6.01 10.01 13.85 16.64 18.28 18.53 17.76 15.36 11.72 7.51 2.49 0.00 0.00 0.00 0.00
0.00 0.00 0.00 0.00 0.00 0.00 0.00 0.00 16.11 39.09 66.15 93.68 118.56 135.10 138.43 131.82 112.47 87.94 59.54 22.33 0.87 0.00 0.00 0.00
0.00 0.00 0.00 0.00 0.00 0.00 0.00 0.00 67.99 182.40 300.66 403.83 494.37 526.29 528.04 498.60 452.30 364.05 252.79 116.38 27.97 0.00 0.00 0.00
0.00 0.00 0.00 0.00 0.00 0.00 0.00 0.00 0.77 1.63 2.65 3.68 4.44 4.82 4.74 4.39 3.84 2.97 1.90 0.61 0.00 0.00 0.00 0.00
0.00 0.00 0.00 0.00 0.00 0.00 0.00 0.00 14.33 34.95 58.39 79.99 96.86 105.53 106.67 99.95 86.89 68.40 44.84 18.35 2.17 0.00 0.00 0.00
0.00 0.00 0.00 0.00 0.00 0.00 0.00 0.00 3.67 11.31 19.75 27.69 33.40 35.98 35.43 33.49 29.91 24.12 16.63 7.50 1.61 0.00 0.00 0.00
0.00 0.00 0.00 0.00 0.00 0.00 0.00 0.00 2.19 4.38 6.64 9.04 10.60 11.35 11.26 10.44 8.97 6.64 4.10 1.28 0.00 0.00 0.00 0.00
0.00 0.00 0.00 0.00 0.00 0.00 0.00 0.00 1.10 2.19 3.32 4.52 5.30 5.67 5.63 5.22 4.49 3.32 2.05 0.64 0.00 0.00 0.00 0.00
0.00 0.00 0.00 0.00 0.00 0.00 0.00 0.00 2.40 4.79 7.26 9.88 11.60 12.41 12.31 11.42 9.81 7.26 4.48 1.40 0.00 0.00 0.00 0.00
0.00 0.00 0.00 0.00 0.00 0.00 0.00 0.00 2.79 5.59 8.62 11.85 14.04 15.13 14.91 13.88 11.82 8.65 5.38 1.67 0.00 0.00 0.00 0.00
0.00 0.00 0.00 0.00 0.00 0.00 0.00 0.00 4.25 8.52 13.13 18.06 21.39 23.06 22.72 21.15 18.01 13.18 8.20 2.54 0.00 0.00 0.00 0.00
0.00 0.00 0.00 0.00 0.00 0.00 0.00 0.00 3.72 7.55 11.63 15.82 18.59 20.07 19.97 18.52 15.69 11.74 7.35 2.37 0.00 0.00 0.00 0.00
0.00 0.00 0.00 0.00 0.00 0.00 0.00 0.00 2.76 6.00 9.58 12.96 15.59 16.77 16.43 15.40 13.36 10.32 6.60 2.36 0.07 0.00 0.00 0.00
0.00 0.00 0.00 0.00 0.00 0.00 0.00 0.00 7.12 15.50 24.76 33.49 40.27 43.33 42.44 39.79 34.52 26.67 17.05 6.09 0.19 0.00 0.00 0.00
0.00 0.00 0.00 0.00 0.00 0.00 0.00 0.00 1.79 3.98 6.42 8.88 10.65 11.44 11.29 10.65 9.10 6.90 4.42 1.63 0.06 0.00 0.00 0.00
0.00 0.00 0.00 0.00 0.00 0.00 0.00 0.00 3.65 7.55 11.95 16.21 19.49 21.13 20.82 19.33 16.18 12.51 7.88 2.42 0.00 0.00 0.00 0.00
0.00 0.00 0.00 0.00 0.00 0.00 0.00 0.00 6.59 13.53 21.27 28.73 34.02 36.23 35.99 33.88 29.48 22.36 13.67 4.29 0.00 0.00 0.00 0.00
0.00 0.00 0.00 0.00 0.00 0.00 0.00 0.00 0.88 1.71 2.69 3.58 4.15 4.30 4.22 4.02 3.45 2.57 1.57 0.41 0.00 0.00 0.00 0.00
0.00 0.00 0.00 0.00 0.00 0.00 0.00 0.00 4.72 9.48 14.80 19.64 23.22 24.72 24.51 23.02 19.18 14.49 9.00 2.59 0.00 0.00 0.00 0.00
0.00 0.00 0.00 0.00 0.00 0.00 0.00 0.00 3.31 6.53 10.07 13.37 15.42 16.12 16.22 15.41 12.85 9.66 5.89 1.63 0.00 0.00 0.00 0.00
0.00 0.00 0.00 0.00 0.00 0.00 0.00 0.00 4.57 9.01 13.90 18.45 21.28 22.25 22.39 21.26 17.73 13.33 8.13 2.25 0.00 0.00 0.00 0.00
0.00 0.00 0.00 0.00 0.00 0.00 0.00 0.00 3.11 6.14 9.47 12.57 14.49 15.16 15.25 14.48 12.08 9.08 5.54 1.53 0.00 0.00 0.00 0.00
0.00 0.00 0.00 0.00 0.00 0.00 0.00 0.00 2.51 5.06 7.89 10.47 12.39 13.19 13.07 12.28 10.23 7.73 4.80 1.38 0.00 0.00 0.00 0.00
0.00 0.00 0.00 0.00 0.00 0.00 0.00 0.00 2.58 5.03 7.88 10.44 11.87 12.40 12.11 11.30 9.55 7.18 4.34 1.10 0.00 0.00 0.00 0.00
0.00 0.00 0.00 0.00 0.00 0.00 0.00 0.00 2.33 4.94 7.70 10.55 12.48 13.54 13.83 12.98 11.20 8.71 5.44 1.68 0.00 0.00 0.00 0.00
0.00 0.00 0.00 0.00 0.00 0.00 0.00 0.00 17.67 42.09 74.66 104.71 129.38 146.70 151.80 145.20 123.15 94.99 59.40 20.44 0.00 0.00 0.00 0.00
0.00 0.00 0.00 0.00 0.00 0.00 0.00 0.00 3.37 7.38 12.34 17.09 20.76 22.46 22.54 21.63 18.96 14.49 9.32 3.10 0.00 0.00 0.00 0.00
0.00 0.00 0.00 0.00 0.00 0.00 0.00 0.00 5.46 11.58 18.24 24.83 30.06 32.22 31.79 29.98 25.88 20.07 12.87 4.10 0.00 0.00 0.00 0.00
0.00 0.00 0.00 0.00 0.00 0.00 0.00 0.00 2.50 5.31 8.36 11.38 13.78 14.77 14.57 13.74 11.86 9.20 5.90 1.88 0.00 0.00 0.00 0.00
0.00 0.00 0.00 0.00 0.00 0.00 0.00 0.00 4.15 9.09 15.20 21.25 25.85 27.87 27.87 26.63 23.39 17.87 11.63 3.85 0.00 0.00 0.00 0.00
0.00 0.00 0.00 0.00 0.00 0.00 0.00 0.00 1.87 3.96 6.43 8.94 10.78 11.70 11.52 10.66 9.32 7.20 4.60 1.49 0.00 0.00 0.00 0.00
0.00 0.00 0.00 0.00 0.00 0.00 0.00 0.00 16.68 40.47 68.49 96.99 122.75 139.88 143.32 136.48 116.45 91.05 61.64 23.12 0.90 0.00 0.00 0.00
0.00 0.00 0.00 0.00 0.00 0.00 0.00 0.00 7.76 17.75 28.57 39.58 46.22 49.93 49.87 47.15 40.61 31.33 20.48 7.73 0.60 0.00 0.00 0.00
0.00 0.00 0.00 0.00 0.00 0.00 0.00 0.00 1.68 3.87 6.11 8.52 10.09 11.14 11.37 10.68 9.17 7.13 4.69 1.77 0.13 0.00 0.00 0.00
0.00 0.00 0.00 0.00 0.00 0.00 0.00 0.00 2.06 4.77 7.80 10.78 13.06 14.14 14.22 13.40 11.72 9.01 5.88 2.19 0.13 0.00 0.00 0.00
0.00 0.00 0.00 0.00 0.00 0.00 0.00 0.00 3.30 7.63 12.47 17.25 20.89 22.63 22.75 21.45 18.75 14.41 9.41 3.50 0.21 0.00 0.00 0.00
0.00 0.00 0.00 0.00 0.00 0.00 0.00 0.00 59.59 165.15 294.23 412.09 498.66 544.55 550.57 517.25 446.73 352.27 241.56 104.47 18.15 0.00 0.00 0.00
