0.00 0.00 0.00 0.00 0.00 0.00 0.00 0.00 0.00 0.21 1.33 2.18 2.91 3.34 3.45 3.11 2.47 1.71 0.74 0.00 0.00 0.00 0.00 0.00
0.00 0.00 0.00 0.00 0.00 0.00 0.00 0.00 0.00 2.40 6.70 10.11 12.77 12.65 13.11 11.69 17.82 11.82 4.53 0.00 0.00 0.00 0.00 0.00
0.00 0.00 0.00 0.00 0.00 0.00 0.00 0.00 0.00 4.73 30.32 49.83 66.54 76.26 78.90 71.19 56.49 39.12 16.81 0.00 0.00 0.00 0.00 0.00
0.00 0.00 0.00 0.00 0.00 0.00 0.00 0.00 0.00 16.82 107.74 177.10 236.48 271.03 280.41 253.01 200.77 139.01 59.76 0.00 0.00 0.00 0.00 0.00
0.00 0.00 0.00 0.00 0.00 0.00 0.00 0.00 0.00 0.84 1.49 2.20 2.71 1.89 1.88 1.62 1.76 1.09 0.29 0.00 0.00 0.00 0.00 0.00
0.00 0.00 0.00 0.00 0.00 0.00 0.00 0.00 0.00 34.49 240.13 399.20 535.04 624.43 654.77 603.19 482.78 334.60 155.50 0.00 0.00 0.00 0.00 0.00
0.00 0.00 0.00 0.00 0.00 0.00 0.00 0.00 0.00 0.68 1.24 1.87 2.38 2.19 2.19 1.94 1.54 0.96 0.26 0.00 0.00 0.00 0.00 0.00
0.00 0.00 0.00 0.00 0.00 0.00 0.00 0.00 0.00 0.16 0.38 0.57 0.72 0.80 0.82 0.73 0.55 0.36 0.13 0.00 0.00 0.00 0.00 0.00
0.00 0.00 0.00 0.00 0.00 0.00 0.00 0.00 0.00 0.25 0.60 0.92 1.16 1.28 1.30 1.16 0.88 0.58 0.21 0.00 0.00 0.00 0.00 0.00
0.00 0.00 0.00 0.00 0.00 0.00 0.00 0.00 0.00 0.25 0.60 0.92 1.16 1.28 1.30 1.16 0.88 0.58 0.21 0.00 0.00 0.00 0.00 0.00
0.00 0.00 0.00 0.00 0.00 0.00 0.00 0.00 0.00 0.72 1.72 2.61 3.39 4.56 4.62 4.14 4.40 2.91 1.09 0.00 0.00 0.00 0.00 0.00
0.00 0.00 0.00 0.00 0.00 0.00 0.00 0.00 0.00 0.34 0.78 1.18 1.54 1.69 1.72 1.54 1.95 1.29 0.49 0.00 0.00 0.00 0.00 0.00
0.00 0.00 0.00 0.00 0.00 0.00 0.00 0.00 0.00 0.43 1.01 1.52 1.98 2.17 2.21 1.98 2.51 1.66 0.62 0.00 0.00 0.00 0.00 0.00
0.00 0.00 0.00 0.00 0.00 0.00 0.00 0.00 0.00 0.29 0.67 1.01 1.32 1.45 1.47 1.32 1.68 1.11 0.42 0.00 0.00 0.00 0.00 0.00
0.00 0.00 0.00 0.00 0.00 0.00 0.00 0.00 0.00 0.29 0.67 1.01 1.32 1.45 1.47 1.32 1.68 1.11 0.42 0.00 0.00 0.00 0.00 0.00
0.00 0.00 0.00 0.00 0.00 0.00 0.00 0.00 0.00 5.60 17.68 27.40 35.72 26.96 28.63 25.95 17.00 11.23 5.02 0.00 0.00 0.00 0.00 0.00
0.00 0.00 0.00 0.00 0.00 0.00 0.00 0.00 0.00 2.31 5.61 8.45 11.14 13.79 13.86 12.23 9.06 5.95 2.14 0.00 0.00 0.00 0.00 0.00
0.00 0.00 0.00 0.00 0.00 0.00 0.00 0.00 0.00 1.78 5.58 8.50 10.83 11.40 11.72 10.32 11.31 7.42 2.66 0.00 0.00 0.00 0.00 0.00
0.00 0.00 0.00 0.00 0.00 0.00 0.00 0.00 0.00 10.17 70.83 117.75 157.82 184.19 193.13 177.92 142.40 98.69 45.87 0.00 0.00 0.00 0.00 0.00
0.00 0.00 0.00 0.00 0.00 0.00 0.00 0.00 0.00 9.68 67.38 112.01 150.12 175.20 183.71 169.24 135.46 93.88 43.63 0.00 0.00 0.00 0.00 0.00
0.00 0.00 0.00 0.00 0.00 0.00 0.00 0.00 0.00 18.61 129.57 215.40 288.69 336.92 353.29 325.46 260.49 180.54 83.90 0.00 0.00 0.00 0.00 0.00
0.00 0.00 0.00 0.00 0.00 0.00 0.00 0.00 0.00 18.30 127.41 211.81 283.88 331.31 347.40 320.04 256.15 177.53 82.50 0.00 0.00 0.00 0.00 0.00
0.00 0.00 0.00 0.00 0.00 0.00 0.00 0.00 0.00 16.94 134.83 226.01 304.89 347.59 363.73 326.89 258.26 178.02 75.23 0.00 0.00 0.00 0.00 0.00
0.00 0.00 0.00 0.00 0.00 0.00 0.00 0.00 0.00 0.16 0.38 0.57 0.72 0.80 0.82 0.73 0.55 0.36 0.13 0.00 0.00 0.00 0.00 0.00
0.00 0.00 0.00 0.00 0.00 0.00 0.00 0.00 0.00 0.79 1.91 2.90 3.67 4.05 4.13 3.68 2.80 1.84 0.67 0.00 0.00 0.00 0.00 0.00
0.00 0.00 0.00 0.00 0.00 0.00 0.00 0.00 0.00 4.06 9.76 14.80 18.72 20.66 21.09 18.80 14.30 9.39 3.41 0.00 0.00 0.00 0.00 0.00
0.00 0.00 0.00 0.00 0.00 0.00 0.00 0.00 0.00 0.69 4.84 8.04 10.78 12.58 13.19 12.15 9.72 6.74 3.13 0.00 0.00 0.00 0.00 0.00
0.00 0.00 0.00 0.00 0.00 0.00 0.00 0.00 0.00 16.55 106.06 174.34 232.79 266.81 276.04 249.07 197.64 136.85 58.83 0.00 0.00 0.00 0.00 0.00
0.00 0.00 0.00 0.00 0.00 0.00 0.00 0.00 0.00 1.20 6.77 10.51 13.56 16.87 17.70 16.00 13.83 9.53 4.11 0.00 0.00 0.00 0.00 0.00
0.00 0.00 0.00 0.00 0.00 0.00 0.00 0.00 0.00 9.48 52.22 84.25 111.15 124.78 126.97 114.64 86.77 57.61 20.80 0.00 0.00 0.00 0.00 0.00
0.00 0.00 0.00 0.00 0.00 0.00 0.00 0.00 0.00 0.28 1.77 2.91 3.88 4.45 4.60 4.15 3.29 2.28 0.98 0.00 0.00 0.00 0.00 0.00
0.00 0.00 0.00 0.00 0.00 0.00 0.00 0.00 0.00 12.42 79.54 130.76 174.60 200.10 207.03 186.80 148.23 102.63 44.12 0.00 0.00 0.00 0.00 0.00
0.00 0.00 0.00 0.00 0.00 0.00 0.00 0.00 0.00 15.93 102.08 167.81 224.07 256.80 265.69 239.73 190.23 131.71 56.62 0.00 0.00 0.00 0.00 0.00
0.00 0.00 0.00 0.00 0.00 0.00 0.00 0.00 0.00 22.34 177.80 298.06 402.08 458.39 479.67 431.09 340.58 234.77 99.20 0.00 0.00 0.00 0.00 0.00
0.00 0.00 0.00 0.00 0.00 0.00 0.00 0.00 0.00 0.49 1.03 1.56 2.03 2.25 2.32 2.11 2.06 1.38 0.54 0.00 0.00 0.00 0.00 0.00
0.00 0.00 0.00 0.00 0.00 0.00 0.00 0.00 0.00 0.62 1.38 2.09 2.72 3.50 3.64 3.29 3.29 2.20 0.86 0.00 0.00 0.00 0.00 0.00
0.00 0.00 0.00 0.00 0.00 0.00 0.00 0.00 0.00 4.94 27.91 43.37 55.94 69.57 73.01 66.00 57.06 39.30 16.97 0.00 0.00 0.00 0.00 0.00
0.00 0.00 0.00 0.00 0.00 0.00 0.00 0.00 0.00 0.07 107.77 196.24 271.51 321.73 331.35 296.68 236.25 162.70 67.25 0.00 0.00 0.00 0.00 0.00
0.00 0.00 0.00 0.00 0.00 0.00 0.00 0.00 0.00 0.18 0.43 0.64 0.83 0.82 0.84 0.74 0.51 0.33 0.11 0.00 0.00 0.00 0.00 0.00
0.00 0.00 0.00 0.00 0.00 0.00 0.00 0.00 0.00 4.20 25.76 42.09 56.49 65.07 66.88 59.98 46.42 31.58 12.74 0.00 0.00 0.00 0.00 0.00
0.00 0.00 0.00 0.00 0.00 0.00 0.00 0.00 0.00 1.05 8.59 14.58 19.92 23.56 24.97 23.38 18.89 13.00 6.50 0.00 0.00 0.00 0.00 0.00
0.00 0.00 0.00 0.00 0.00 0.00 0.00 0.00 0.00 0.89 1.75 2.62 3.29 2.90 2.92 2.53 1.96 1.21 0.30 0.00 0.00 0.00 0.00 0.00
0.00 0.00 0.00 0.00 0.00 0.00 0.00 0.00 0.00 0.45 0.87 1.31 1.65 1.45 1.46 1.26 0.98 0.61 0.15 0.00 0.00 0.00 0.00 0.00
0.00 0.00 0.00 0.00 0.00 0.00 0.00 0.00 0.00 0.97 1.91 2.87 3.60 3.17 3.20 2.76 2.15 1.33 0.33 0.00 0.00 0.00 0.00 0.00
0.00 0.00 0.00 0.00 0.00 0.00 0.00 0.00 0.00 1.10 1.77 2.66 3.36 3.47 3.51 3.07 2.50 1.56 0.41 0.00 0.00 0.00 0.00 0.00
0.00 0.00 0.00 0.00 0.00 0.00 0.00 0.00 0.00 1.67 2.70 4.05 5.12 5.28 5.34 4.68 3.82 2.37 0.62 0.00 0.00 0.00 0.00 0.00
0.00 0.00 0.00 0.00 0.00 0.00 0.00 0.00 0.00 1.29 2.26 3.42 4.36 4.40 4.39 3.93 3.01 1.88 0.51 0.00 0.00 0.00 0.00 0.00
0.00 0.00 0.00 0.00 0.00 0.00 0.00 0.00 0.00 0.83 4.03 6.40 8.35 8.02 8.06 7.18 4.88 3.15 1.00 0.00 0.00 0.00 0.00 0.00
0.00 0.00 0.00 0.00 0.00 0.00 0.00 0.00 0.00 2.16 10.40 16.54 21.56 20.72 20.81 18.54 12.61 8.14 2.59 0.00 0.00 0.00 0.00 0.00
0.00 0.00 0.00 0.00 0.00 0.00 0.00 0.00 0.00 0.57 2.72 4.32 5.78 6.06 6.18 5.42 4.02 2.64 0.91 0.00 0.00 0.00 0.00 0.00
0.00 0.00 0.00 0.00 0.00 0.00 0.00 0.00 0.00 0.79 1.89 2.80 3.55 3.41 3.53 3.06 1.68 1.08 0.35 0.00 0.00 0.00 0.00 0.00
0.00 0.00 0.00 0.00 0.00 0.00 0.00 0.00 0.00 1.67 3.37 5.04 6.41 7.06 7.12 6.34 3.78 2.41 0.73 0.00 0.00 0.00 0.00 0.00
0.00 0.00 0.00 0.00 0.00 0.00 0.00 0.00 0.00 0.27 0.50 0.73 0.88 0.72 0.74 0.64 0.53 0.33 0.09 0.00 0.00 0.00 0.00 0.00
0.00 0.00 0.00 0.00 0.00 0.00 0.00 0.00 0.00 1.07 2.13 3.19 3.92 4.05 4.14 3.68 3.06 1.95 0.61 0.00 0.00 0.00 0.00 0.00
0.00 0.00 0.00 0.00 0.00 0.00 0.00 0.00 0.00 0.79 1.40 2.11 2.62 2.65 2.68 2.37 2.04 1.29 0.37 0.00 0.00 0.00 0.00 0.00
0.00 0.00 0.00 0.00 0.00 0.00 0.00 0.00 0.00 1.09 1.94 2.91 3.61 3.65 3.70 3.27 2.82 1.78 0.52 0.00 0.00 0.00 0.00 0.00
0.00 0.00 0.00 0.00 0.00 0.00 0.00 0.00 0.00 0.74 1.32 1.99 2.46 2.49 2.52 2.23 1.92 1.21 0.35 0.00 0.00 0.00 0.00 0.00
0.00 0.00 0.00 0.00 0.00 0.00 0.00 0.00 0.00 0.57 1.14 1.70 2.09 2.16 2.21 1.96 1.63 1.04 0.32 0.00 0.00 0.00 0.00 0.00
0.00 0.00 0.00 0.00 0.00 0.00 0.00 0.00 0.00 0.71 1.12 1.65 2.07 1.70 1.69 1.47 1.58 0.99 0.27 0.00 0.00 0.00 0.00 0.00
0.00 0.00 0.00 0.00 0.00 0.00 0.00 0.00 0.00 0.45 1.08 1.64 2.07 2.29 2.34 2.08 1.58 1.04 0.38 0.00 0.00 0.00 0.00 0.00
0.00 0.00 0.00 0.00 0.00 0.00 0.00 0.00 0.00 7.29 23.01 35.67 46.49 35.09 37.27 33.77 22.13 14.62 6.53 0.00 0.00 0.00 0.00 0.00
0.00 0.00 0.00 0.00 0.00 0.00 0.00 0.00 0.00 0.82 1.95 2.95 3.85 5.16 5.23 4.69 4.98 3.30 1.23 0.00 0.00 0.00 0.00 0.00
0.00 0.00 0.00 0.00 0.00 0.00 0.00 0.00 0.00 1.12 2.58 3.86 5.06 4.55 4.55 4.04 2.39 1.56 0.55 0.00 0.00 0.00 0.00 0.00
0.00 0.00 0.00 0.00 0.00 0.00 0.00 0.00 0.00 0.51 1.18 1.77 2.32 2.08 2.09 1.85 1.09 0.71 0.25 0.00 0.00 0.00 0.00 0.00
0.00 0.00 0.00 0.00 0.00 0.00 0.00 0.00 0.00 1.05 2.42 3.66 4.75 6.85 6.97 6.19 5.92 3.91 1.46 0.00 0.00 0.00 0.00 0.00
0.00 0.00 0.00 0.00 0.00 0.00 0.00 0.00 0.00 0.43 1.04 1.56 2.03 2.00 2.03 1.80 1.23 0.80 0.28 0.00 0.00 0.00 0.00 0.00
0.00 0.00 0.00 0.00 0.00 0.00 0.00 0.00 0.00 5.12 28.89 44.90 57.92 72.03 75.59 68.33 59.08 40.69 17.57 0.00 0.00 0.00 0.00 0.00
0.00 0.00 0.00 0.00 0.00 0.00 0.00 0.00 0.00 2.27 12.49 20.15 26.58 29.84 30.36 27.41 20.75 13.78 4.97 0.00 0.00 0.00 0.00 0.00
0.00 0.00 0.00 0.00 0.00 0.00 0.00 0.00 0.00 0.53 2.78 4.47 5.97 6.76 6.75 6.16 4.73 3.15 1.16 0.00 0.00 0.00 0.00 0.00
0.00 0.00 0.00 0.00 0.00 0.00 0.00 0.00 0.00 0.71 3.41 5.41 7.05 8.20 8.36 7.57 5.88 3.94 1.50 0.00 0.00 0.00 0.00 0.00
0.00 0.00 0.00 0.00 0.00 0.00 0.00 0.00 0.00 1.13 5.45 8.66 11.29 13.12 13.38 12.11 9.40 6.30 2.40 0.00 0.00 0.00 0.00 0.00
0.00 0.00 0.00 0.00 0.00 0.00 0.00 0.00 0.00 18.92 131.73 218.99 293.50 342.54 359.18 330.88 264.83 183.55 85.30 0.00 0.00 0.00 0.00 0.00
