0.00 0.00 0.00 0.00 0.00 0.00 0.00 0.00 0.32 1.17 2.16 3.02 3.74 4.04 4.13 3.90 3.33 2.46 1.45 0.32 0.00 0.00 0.00 0.00
0.00 0.00 0.00 0.00 0.00 0.00 0.00 0.00 12.15 30.36 44.49 57.58 69.78 63.23 61.37 56.54 55.19 39.38 22.91 2.31 0.00 0.00 0.00 0.00
0.00 0.00 0.00 0.00 0.00 0.00 0.00 0.00 7.27 26.73 49.37 68.96 85.45 92.31 94.44 89.23 76.20 56.32 33.22 7.38 0.00 0.00 0.00 0.00
0.00 0.00 0.00 0.00 0.00 0.00 0.00 0.00 25.83 95.00 175.45 245.06 303.69 328.07 335.65 317.10 270.81 200.18 118.05 26.22 0.00 0.00 0.00 0.00
0.00 0.00 0.00 0.00 0.00 0.00 0.00 0.00 2.57 5.62 8.48 10.87 12.54 13.22 12.79 11.59 9.57 6.70 3.77 0.15 0.00 0.00 0.00 0.00
0.00 0.00 0.00 0.00 0.00 0.00 0.00 0.00 49.91 209.42 398.69 560.89 694.64 769.45 786.54 761.07 655.38 486.38 290.39 62.45 0.00 0.00 0.00 0.00
0.00 0.00 0.00 0.00 0.00 0.00 0.00 0.00 1.15 2.80 4.65 6.16 7.36 7.89 7.93 7.30 5.96 4.25 2.43 0.25 0.00 0.00 0.00 0.00
0.00 0.00 0.00 0.00 0.00 0.00 0.00 0.00 0.72 1.79 2.74 3.63 4.25 3.47 3.42 3.18 2.39 1.72 0.97 0.16 0.00 0.00 0.00 0.00
0.00 0.00 0.00 0.00 0.00 0.00 0.00 0.00 1.15 2.86 4.38 5.81 6.79 5.56 5.47 5.09 3.82 2.76 1.56 0.25 0.00 0.00 0.00 0.00
0.00 0.00 0.00 0.00 0.00 0.00 0.00 0.00 1.15 2.86 4.38 5.81 6.79 5.56 5.47 5.09 3.82 2.76 1.56 0.25 0.00 0.00 0.00 0.00
0.00 0.00 0.00 0.00 0.00 0.00 0.00 0.00 2.36 6.27 10.61 14.33 17.34 19.64 19.73 18.26 15.13 10.73 6.04 0.91 0.00 0.00 0.00 0.00
0.00 0.00 0.00 0.00 0.00 0.00 0.00 0.00 1.12 2.95 5.04 6.86 8.30 9.43 9.34 8.62 7.06 5.01 2.80 0.42 0.00 0.00 0.00 0.00
0.00 0.00 0.00 0.00 0.00 0.00 0.00 0.00 1.43 3.79 6.48 8.82 10.68 12.12 12.01 11.09 9.08 6.44 3.59 0.55 0.00 0.00 0.00 0.00
0.00 0.00 0.00 0.00 0.00 0.00 0.00 0.00 0.96 2.53 4.32 5.88 7.12 8.08 8.01 7.39 6.05 4.29 2.40 0.36 0.00 0.00 0.00 0.00
0.00 0.00 0.00 0.00 0.00 0.00 0.00 0.00 0.96 2.53 4.32 5.88 7.12 8.08 8.01 7.39 6.05 4.29 2.40 0.36 0.00 0.00 0.00 0.00
0.00 0.00 0.00 0.00 0.00 0.00 0.00 0.00 12.27 34.92 60.74 81.73 97.51 105.02 104.87 97.57 73.76 53.53 29.88 5.26 0.00 0.00 0.00 0.00
0.00 0.00 0.00 0.00 0.00 0.00 0.00 0.00 7.23 18.79 31.60 42.33 51.03 57.67 57.85 53.27 45.30 32.12 18.17 2.45 0.00 0.00 0.00 0.00
0.00 0.00 0.00 0.00 0.00 0.00 0.00 0.00 5.78 15.38 26.12 34.91 41.72 46.64 46.00 42.97 36.69 26.60 15.33 2.02 0.00 0.00 0.00 0.00
0.00 0.00 0.00 0.00 0.00 0.00 0.00 0.00 14.72 61.77 117.60 165.44 204.89 226.96 232.00 224.49 193.31 143.46 85.66 18.42 0.00 0.00 0.00 0.00
0.00 0.00 0.00 0.00 0.00 0.00 0.00 0.00 14.00 58.76 111.86 157.37 194.90 215.89 220.68 213.54 183.88 136.47 81.48 17.52 0.00 0.00 0.00 0.00
0.00 0.00 0.00 0.00 0.00 0.00 0.00 0.00 26.93 112.99 215.12 302.64 374.81 415.17 424.39 410.65 353.62 262.43 156.69 33.69 0.00 0.00 0.00 0.00
0.00 0.00 0.00 0.00 0.00 0.00 0.00 0.00 26.48 111.11 211.54 297.60 368.56 408.25 417.32 403.80 347.73 258.06 154.08 33.13 0.00 0.00 0.00 0.00
0.00 0.00 0.00 0.00 0.00 0.00 0.00 0.00 32.76 124.87 230.74 321.77 402.41 449.38 460.23 433.16 370.25 275.91 163.81 33.44 0.00 0.00 0.00 0.00
0.00 0.00 0.00 0.00 0.00 0.00 0.00 0.00 0.72 1.79 2.74 3.63 4.25 3.47 3.42 3.18 2.39 1.72 0.97 0.16 0.00 0.00 0.00 0.00
0.00 0.00 0.00 0.00 0.00 0.00 0.00 0.00 3.65 9.06 13.87 18.41 21.51 17.60 17.33 16.11 12.10 8.73 4.93 0.79 0.00 0.00 0.00 0.00
0.00 0.00 0.00 0.00 0.00 0.00 0.00 0.00 18.65 46.27 70.83 93.99 109.83 89.83 88.49 82.25 61.78 44.54 25.15 4.04 0.00 0.00 0.00 0.00
0.00 0.00 0.00 0.00 0.00 0.00 0.00 0.00 1.01 4.22 8.03 11.30 13.99 15.50 15.84 15.33 13.20 9.80 5.85 1.26 0.00 0.00 0.00 0.00
0.00 0.00 0.00 0.00 0.00 0.00 0.00 0.00 25.43 93.52 172.72 241.24 298.96 322.96 330.42 312.16 266.59 197.06 116.21 25.81 0.00 0.00 0.00 0.00
0.00 0.00 0.00 0.00 0.00 0.00 0.00 0.00 2.86 8.97 15.60 21.58 26.61 29.49 29.38 27.15 20.30 14.66 8.89 2.11 0.00 0.00 0.00 0.00
0.00 0.00 0.00 0.00 0.00 0.00 0.00 0.00 16.67 51.29 89.73 123.67 150.53 166.38 170.02 157.60 130.28 96.75 55.73 8.30 0.00 0.00 0.00 0.00
0.00 0.00 0.00 0.00 0.00 0.00 0.00 0.00 0.42 1.56 2.88 4.02 4.98 5.38 5.51 5.20 4.44 3.28 1.94 0.43 0.00 0.00 0.00 0.00
0.00 0.00 0.00 0.00 0.00 0.00 0.00 0.00 19.07 70.14 129.54 180.93 224.22 242.22 247.81 234.12 199.94 147.79 87.15 19.36 0.00 0.00 0.00 0.00
0.00 0.00 0.00 0.00 0.00 0.00 0.00 0.00 24.48 90.02 166.24 232.20 287.75 310.85 318.03 300.46 256.59 189.67 111.85 24.84 0.00 0.00 0.00 0.00
0.00 0.00 0.00 0.00 0.00 0.00 0.00 0.00 43.21 164.67 304.28 424.33 530.68 592.62 606.92 571.23 488.27 363.86 216.02 44.09 0.00 0.00 0.00 0.00
0.00 0.00 0.00 0.00 0.00 0.00 0.00 0.00 1.68 4.57 7.93 10.78 13.12 14.72 14.66 13.49 10.15 7.28 4.10 0.69 0.00 0.00 0.00 0.00
0.00 0.00 0.00 0.00 0.00 0.00 0.00 0.00 2.13 5.74 9.98 13.58 16.50 18.71 18.59 17.05 13.20 9.47 5.31 0.85 0.00 0.00 0.00 0.00
0.00 0.00 0.00 0.00 0.00 0.00 0.00 0.00 11.78 36.99 64.34 89.02 109.75 121.65 121.17 112.00 83.75 60.45 36.67 8.69 0.00 0.00 0.00 0.00
0.00 0.00 0.00 0.00 0.00 0.00 0.00 0.00 24.23 113.77 217.44 301.75 376.37 430.98 444.26 418.03 359.70 271.69 165.71 41.17 0.00 0.00 0.00 0.00
0.00 0.00 0.00 0.00 0.00 0.00 0.00 0.00 0.58 1.48 2.47 3.35 4.04 4.49 4.48 4.08 3.44 2.46 1.39 0.16 0.00 0.00 0.00 0.00
0.00 0.00 0.00 0.00 0.00 0.00 0.00 0.00 7.20 24.58 43.98 60.88 74.67 83.57 84.54 79.68 68.75 50.40 29.07 5.20 0.00 0.00 0.00 0.00
0.00 0.00 0.00 0.00 0.00 0.00 0.00 0.00 1.40 7.31 14.08 20.15 25.15 28.10 28.52 26.65 23.19 17.37 10.83 2.69 0.00 0.00 0.00 0.00
0.00 0.00 0.00 0.00 0.00 0.00 0.00 0.00 1.35 3.23 5.35 6.98 8.30 8.91 9.00 8.32 6.77 4.76 2.72 0.27 0.00 0.00 0.00 0.00
0.00 0.00 0.00 0.00 0.00 0.00 0.00 0.00 0.68 1.61 2.67 3.49 4.15 4.46 4.50 4.16 3.39 2.38 1.36 0.14 0.00 0.00 0.00 0.00
0.00 0.00 0.00 0.00 0.00 0.00 0.00 0.00 1.48 3.53 5.85 7.63 9.07 9.75 9.84 9.10 7.41 5.20 2.98 0.30 0.00 0.00 0.00 0.00
0.00 0.00 0.00 0.00 0.00 0.00 0.00 0.00 1.80 4.31 7.17 9.38 11.07 11.82 11.75 11.02 9.11 6.46 3.69 0.33 0.00 0.00 0.00 0.00
0.00 0.00 0.00 0.00 0.00 0.00 0.00 0.00 2.75 6.57 10.92 14.29 16.87 18.02 17.91 16.79 13.89 9.85 5.63 0.50 0.00 0.00 0.00 0.00
0.00 0.00 0.00 0.00 0.00 0.00 0.00 0.00 2.30 5.64 9.38 12.46 14.79 15.97 15.98 14.81 12.24 8.72 5.00 0.51 0.00 0.00 0.00 0.00
0.00 0.00 0.00 0.00 0.00 0.00 0.00 0.00 1.52 4.29 7.38 10.01 12.22 13.26 13.44 12.69 10.33 7.39 4.19 0.50 0.00 0.00 0.00 0.00
0.00 0.00 0.00 0.00 0.00 0.00 0.00 0.00 3.92 11.09 19.06 25.85 31.57 34.25 34.72 32.78 26.68 19.09 10.83 1.29 0.00 0.00 0.00 0.00
0.00 0.00 0.00 0.00 0.00 0.00 0.00 0.00 1.00 2.90 4.95 6.83 8.34 8.98 8.98 8.30 6.87 5.00 2.86 0.42 0.00 0.00 0.00 0.00
0.00 0.00 0.00 0.00 0.00 0.00 0.00 0.00 2.80 6.86 11.11 14.98 17.74 19.71 19.70 17.72 14.75 10.38 5.86 0.60 0.00 0.00 0.00 0.00
0.00 0.00 0.00 0.00 0.00 0.00 0.00 0.00 4.36 10.69 17.78 23.67 28.49 30.81 30.56 28.03 23.78 16.98 9.57 0.90 0.00 0.00 0.00 0.00
0.00 0.00 0.00 0.00 0.00 0.00 0.00 0.00 0.79 1.74 2.71 3.44 3.96 3.86 3.80 3.47 2.72 1.88 1.06 0.07 0.00 0.00 0.00 0.00
0.00 0.00 0.00 0.00 0.00 0.00 0.00 0.00 4.22 9.76 13.87 18.04 21.40 17.06 16.70 15.29 12.19 8.45 4.78 0.55 0.00 0.00 0.00 0.00
0.00 0.00 0.00 0.00 0.00 0.00 0.00 0.00 2.93 6.60 9.94 12.77 14.75 12.25 12.00 11.14 9.48 6.67 3.76 0.33 0.00 0.00 0.00 0.00
0.00 0.00 0.00 0.00 0.00 0.00 0.00 0.00 4.05 9.11 13.71 17.63 20.35 16.91 16.56 15.37 13.08 9.21 5.19 0.45 0.00 0.00 0.00 0.00
0.00 0.00 0.00 0.00 0.00 0.00 0.00 0.00 2.76 6.21 9.34 12.01 13.86 11.52 11.28 10.47 8.91 6.27 3.54 0.31 0.00 0.00 0.00 0.00
0.00 0.00 0.00 0.00 0.00 0.00 0.00 0.00 2.25 5.20 7.40 9.62 11.41 9.10 8.91 8.16 6.50 4.50 2.55 0.29 0.00 0.00 0.00 0.00
0.00 0.00 0.00 0.00 0.00 0.00 0.00 0.00 2.27 5.01 7.55 9.85 11.42 11.11 10.83 9.86 8.62 6.04 3.40 0.17 0.00 0.00 0.00 0.00
0.00 0.00 0.00 0.00 0.00 0.00 0.00 0.00 2.07 5.13 7.85 10.42 12.17 9.96 9.81 9.12 6.85 4.94 2.79 0.45 0.00 0.00 0.00 0.00
0.00 0.00 0.00 0.00 0.00 0.00 0.00 0.00 15.97 45.45 79.06 106.38 126.91 136.69 136.50 126.99 96.00 69.67 38.89 6.85 0.00 0.00 0.00 0.00
0.00 0.00 0.00 0.00 0.00 0.00 0.00 0.00 2.67 7.10 12.03 16.24 19.66 22.25 22.36 20.69 17.15 12.16 6.85 1.03 0.00 0.00 0.00 0.00
0.00 0.00 0.00 0.00 0.00 0.00 0.00 0.00 4.31 10.89 18.31 24.71 29.35 32.76 32.35 29.76 22.60 15.85 9.04 1.20 0.00 0.00 0.00 0.00
0.00 0.00 0.00 0.00 0.00 0.00 0.00 0.00 1.97 4.99 8.39 11.33 13.45 15.02 14.83 13.64 10.36 7.26 4.15 0.55 0.00 0.00 0.00 0.00
0.00 0.00 0.00 0.00 0.00 0.00 0.00 0.00 3.30 8.74 14.79 19.89 24.05 27.20 27.44 25.36 21.15 15.05 8.52 1.25 0.00 0.00 0.00 0.00
0.00 0.00 0.00 0.00 0.00 0.00 0.00 0.00 1.41 3.58 5.99 8.14 9.80 10.89 10.87 9.90 8.34 5.97 3.38 0.39 0.00 0.00 0.00 0.00
0.00 0.00 0.00 0.00 0.00 0.00 0.00 0.00 12.20 38.30 66.61 92.17 113.63 125.95 125.46 115.96 86.71 62.59 37.96 8.99 0.00 0.00 0.00 0.00
0.00 0.00 0.00 0.00 0.00 0.00 0.00 0.00 3.99 12.27 21.46 29.57 36.00 39.79 40.66 37.69 31.15 23.14 13.33 1.98 0.00 0.00 0.00 0.00
0.00 0.00 0.00 0.00 0.00 0.00 0.00 0.00 0.90 2.78 4.86 6.64 8.09 8.94 9.12 8.58 7.03 5.11 2.99 0.46 0.00 0.00 0.00 0.00
0.00 0.00 0.00 0.00 0.00 0.00 0.00 0.00 1.14 3.50 6.15 8.53 10.51 11.65 11.52 10.64 8.62 6.19 3.60 0.62 0.00 0.00 0.00 0.00
0.00 0.00 0.00 0.00 0.00 0.00 0.00 0.00 1.83 5.60 9.84 13.65 16.81 18.63 18.44 17.02 13.79 9.91 5.77 0.99 0.00 0.00 0.00 0.00
0.00 0.00 0.00 0.00 0.00 0.00 0.00 0.00 27.38 114.88 218.71 307.68 381.05 422.09 431.47 417.49 359.52 266.81 159.30 34.26 0.00 0.00 0.00 0.00
