0.00 0.00 0.00 0.00 0.00 0.00 0.00 0.00 0.71 1.42 1.57 2.11 2.56 4.39 4.47 4.20 3.92 3.11 2.07 0.97 0.27 0.00 0.00 0.00
0.00 0.00 0.00 0.00 0.00 0.00 0.00 0.88 8.18 15.19 21.09 28.18 33.64 55.78 55.94 52.16 61.75 47.30 30.30 10.07 0.01 0.00 0.00 0.00
0.00 0.00 0.00 0.00 0.00 0.00 0.00 0.00 16.15 32.39 35.82 48.23 58.45 100.40 102.16 96.12 89.53 71.00 47.37 22.12 6.09 0.00 0.00 0.00
0.00 0.00 0.00 0.00 0.00 0.00 0.00 0.00 57.41 115.13 127.30 171.41 207.74 356.80 363.08 341.62 318.17 252.33 168.37 78.61 21.64 0.00 0.00 0.00
0.00 0.00 0.00 0.00 0.00 0.00 0.00 0.68 2.78 4.81 5.94 7.66 8.76 11.40 11.36 10.32 8.04 6.02 3.71 1.23 0.00 0.00 0.00 0.00
0.00 0.00 0.00 0.00 0.00 0.00 0.00 0.00 82.85 174.36 261.10 353.34 428.02 445.49 450.00 421.79 579.82 448.16 305.91 219.13 64.30 0.00 0.00 0.00
0.00 0.00 0.00 0.00 0.00 0.00 0.00 0.42 1.92 3.33 4.86 6.24 7.31 6.51 6.70 6.31 5.26 4.04 2.58 1.11 0.11 0.00 0.00 0.00
0.00 0.00 0.00 0.00 0.00 0.00 0.00 0.10 0.77 1.40 2.43 3.25 3.86 4.37 4.39 4.18 3.94 3.05 1.97 0.81 0.02 0.00 0.00 0.00
0.00 0.00 0.00 0.00 0.00 0.00 0.00 0.16 1.23 2.23 3.89 5.20 6.17 7.00 7.02 6.68 6.30 4.89 3.15 1.30 0.03 0.00 0.00 0.00
0.00 0.00 0.00 0.00 0.00 0.00 0.00 0.16 1.23 2.23 3.89 5.20 6.17 7.00 7.02 6.68 6.30 4.89 3.15 1.30 0.03 0.00 0.00 0.00
0.00 0.00 0.00 0.00 0.00 0.00 0.00 0.23 2.25 4.17 9.47 13.04 16.01 16.58 17.29 16.51 9.98 7.77 5.03 2.19 0.22 0.00 0.00 0.00
0.00 0.00 0.00 0.00 0.00 0.00 0.00 0.11 1.05 1.95 4.50 6.20 7.56 7.66 7.94 7.54 5.18 4.01 2.58 1.35 0.13 0.00 0.00 0.00
0.00 0.00 0.00 0.00 0.00 0.00 0.00 0.14 1.35 2.51 5.79 7.97 9.72 9.85 10.21 9.70 6.66 5.16 3.31 1.73 0.17 0.00 0.00 0.00
0.00 0.00 0.00 0.00 0.00 0.00 0.00 0.09 0.90 1.68 3.86 5.31 6.48 6.56 6.81 6.47 4.44 3.44 2.21 1.15 0.11 0.00 0.00 0.00
0.00 0.00 0.00 0.00 0.00 0.00 0.00 0.09 0.90 1.68 3.86 5.31 6.48 6.56 6.81 6.47 4.44 3.44 2.21 1.15 0.11 0.00 0.00 0.00
0.00 0.00 0.00 0.00 0.00 0.00 0.00 0.00 15.79 31.13 54.91 72.68 86.02 104.56 106.58 102.45 77.88 59.79 37.73 14.19 1.21 0.00 0.00 0.00
0.00 0.00 0.00 0.00 0.00 0.00 0.00 0.71 5.79 10.65 28.87 38.79 47.42 52.29 53.46 51.79 27.95 21.72 14.14 4.18 0.39 0.00 0.00 0.00
0.00 0.00 0.00 0.00 0.00 0.00 0.00 0.96 8.19 15.10 25.04 33.28 40.60 44.94 46.14 44.38 30.26 23.64 15.31 3.69 0.45 0.00 0.00 0.00
0.00 0.00 0.00 0.00 0.00 0.00 0.00 0.00 24.44 51.43 77.02 104.22 126.25 131.40 132.73 124.41 171.03 132.19 90.23 64.64 18.97 0.00 0.00 0.00
0.00 0.00 0.00 0.00 0.00 0.00 0.00 0.00 23.25 48.92 73.26 99.14 120.09 124.99 126.26 118.34 162.68 125.74 85.83 61.48 18.04 0.00 0.00 0.00
0.00 0.00 0.00 0.00 0.00 0.00 0.00 0.00 44.70 94.08 140.88 190.65 230.94 240.37 242.81 227.58 312.85 241.81 165.06 118.24 34.69 0.00 0.00 0.00
0.00 0.00 0.00 0.00 0.00 0.00 0.00 0.00 43.96 92.51 138.53 187.48 227.09 236.36 238.76 223.79 307.64 237.78 162.31 116.27 34.12 0.00 0.00 0.00
0.00 0.00 0.00 0.00 0.00 0.00 0.00 0.00 91.74 183.24 265.13 357.13 429.39 463.21 472.91 446.82 424.12 335.90 225.35 95.04 28.08 0.00 0.00 0.00
0.00 0.00 0.00 0.00 0.00 0.00 0.00 0.10 0.77 1.40 2.43 3.25 3.86 4.37 4.39 4.18 3.94 3.05 1.97 0.81 0.02 0.00 0.00 0.00
0.00 0.00 0.00 0.00 0.00 0.00 0.00 0.51 3.89 7.07 12.31 16.46 19.54 22.16 22.24 21.16 19.94 15.47 9.97 4.10 0.11 0.00 0.00 0.00
0.00 0.00 0.00 0.00 0.00 0.00 0.00 2.62 19.85 36.10 62.84 84.03 99.75 113.12 113.52 108.02 101.81 79.00 50.90 20.95 0.55 0.00 0.00 0.00
0.00 0.00 0.00 0.00 0.00 0.00 0.00 0.00 1.67 3.51 5.26 7.12 8.62 8.97 9.06 8.50 11.68 9.03 6.16 4.41 1.30 0.00 0.00 0.00
0.00 0.00 0.00 0.00 0.00 0.00 0.00 0.00 56.51 113.33 125.32 168.74 204.51 351.24 357.42 336.30 313.21 248.40 165.74 77.39 21.31 0.00 0.00 0.00
0.00 0.00 0.00 0.00 0.00 0.00 0.00 0.00 2.94 5.81 9.40 13.76 17.67 18.97 20.09 19.31 18.85 14.84 10.00 2.78 0.52 0.00 0.00 0.00
0.00 0.00 0.00 0.00 0.00 0.00 0.00 3.64 41.04 76.74 93.70 123.31 145.22 136.54 138.59 131.40 145.96 116.18 78.47 27.49 6.60 0.00 0.00 0.00
0.00 0.00 0.00 0.00 0.00 0.00 0.00 0.00 0.94 1.89 2.09 2.81 3.41 5.85 5.96 5.60 5.22 4.14 2.76 1.29 0.36 0.00 0.00 0.00
0.00 0.00 0.00 0.00 0.00 0.00 0.00 0.00 42.38 85.00 93.99 126.55 153.38 263.43 268.07 252.22 234.91 186.30 124.31 58.04 15.98 0.00 0.00 0.00
0.00 0.00 0.00 0.00 0.00 0.00 0.00 0.00 54.39 109.08 120.62 162.41 196.84 338.07 344.02 323.69 301.46 239.09 159.53 74.49 20.51 0.00 0.00 0.00
0.00 0.00 0.00 0.00 0.00 0.00 0.00 0.00 120.98 241.64 349.65 470.97 566.26 610.86 623.65 589.24 559.31 442.96 297.19 125.33 37.04 0.00 0.00 0.00
0.00 0.00 0.00 0.00 0.00 0.00 0.00 0.16 2.11 3.97 6.90 9.62 11.92 11.84 12.03 11.58 10.11 7.84 5.16 2.33 0.25 0.00 0.00 0.00
0.00 0.00 0.00 0.00 0.00 0.00 0.00 0.20 2.50 4.69 8.56 11.84 14.87 14.77 15.19 14.57 12.38 9.51 6.18 2.94 0.31 0.00 0.00 0.00
0.00 0.00 0.00 0.00 0.00 0.00 0.00 0.00 12.11 23.95 38.78 56.75 72.88 78.25 82.87 79.66 77.74 61.23 41.24 11.48 2.16 0.00 0.00 0.00
0.00 0.00 0.00 0.00 0.00 0.00 0.00 0.00 76.55 154.93 225.86 304.82 366.23 470.63 480.33 462.69 472.75 376.08 264.25 154.88 56.07 0.00 0.00 0.00
0.00 0.00 0.00 0.00 0.00 0.00 0.00 0.06 0.42 0.77 1.98 2.74 3.32 4.37 4.48 4.24 2.51 1.95 1.27 0.31 0.02 0.00 0.00 0.00
0.00 0.00 0.00 0.00 0.00 0.00 0.00 0.28 18.86 36.69 51.63 69.06 82.66 97.20 98.54 92.50 80.59 64.27 44.38 17.11 4.49 0.00 0.00 0.00
0.00 0.00 0.00 0.00 0.00 0.00 0.00 0.00 3.75 8.37 14.07 19.36 23.21 27.43 27.40 25.21 26.46 20.85 14.57 8.58 2.75 0.00 0.00 0.00
0.00 0.00 0.00 0.00 0.00 0.00 0.00 0.51 2.18 3.76 5.11 6.73 7.82 6.06 6.16 5.88 5.63 4.32 2.78 1.54 0.13 0.00 0.00 0.00
0.00 0.00 0.00 0.00 0.00 0.00 0.00 0.25 1.09 1.88 2.55 3.36 3.91 3.03 3.08 2.94 2.81 2.16 1.39 0.77 0.06 0.00 0.00 0.00
0.00 0.00 0.00 0.00 0.00 0.00 0.00 0.56 2.38 4.11 5.59 7.36 8.56 6.63 6.74 6.43 6.16 4.73 3.04 1.68 0.14 0.00 0.00 0.00
0.00 0.00 0.00 0.00 0.00 0.00 0.00 0.64 2.83 4.91 6.92 9.14 10.61 9.83 10.04 9.72 8.80 6.69 4.37 1.76 0.14 0.00 0.00 0.00
0.00 0.00 0.00 0.00 0.00 0.00 0.00 0.97 4.32 7.47 10.55 13.92 16.17 14.97 15.31 14.81 13.41 10.19 6.66 2.69 0.21 0.00 0.00 0.00
0.00 0.00 0.00 0.00 0.00 0.00 0.00 0.81 3.83 6.68 10.08 12.95 15.16 14.11 14.32 13.56 10.85 8.36 5.43 2.01 0.20 0.00 0.00 0.00
0.00 0.00 0.00 0.00 0.00 0.00 0.00 0.50 3.42 6.20 6.82 8.91 10.47 10.86 10.82 10.12 8.81 6.87 4.62 2.02 0.43 0.00 0.00 0.00
0.00 0.00 0.00 0.00 0.00 0.00 0.00 1.29 8.83 16.01 17.61 23.03 27.04 28.06 27.95 26.13 22.75 17.75 11.94 5.21 1.11 0.00 0.00 0.00
0.00 0.00 0.00 0.00 0.00 0.00 0.00 0.23 2.00 3.68 4.97 6.54 7.67 7.04 7.14 6.66 7.35 5.76 3.88 1.32 0.28 0.00 0.00 0.00
0.00 0.00 0.00 0.00 0.00 0.00 0.00 0.30 1.72 3.07 5.99 7.99 9.53 18.18 18.68 17.62 13.03 9.97 6.48 1.51 0.08 0.00 0.00 0.00
0.00 0.00 0.00 0.00 0.00 0.00 0.00 0.74 3.93 6.96 14.43 19.35 23.68 29.40 29.70 28.19 26.03 19.85 12.64 3.43 0.26 0.00 0.00 0.00
0.00 0.00 0.00 0.00 0.00 0.00 0.00 0.20 0.83 1.42 1.85 2.37 2.71 2.45 2.45 2.31 2.11 1.58 1.00 0.42 0.00 0.00 0.00 0.00
0.00 0.00 0.00 0.00 0.00 0.00 0.00 0.83 4.15 7.26 7.11 9.31 10.83 16.24 16.21 15.24 18.18 13.86 8.83 4.06 0.00 0.00 0.00 0.00
0.00 0.00 0.00 0.00 0.00 0.00 0.00 0.77 3.49 6.05 5.88 7.67 8.83 10.69 10.66 9.95 10.22 7.80 4.91 2.45 0.00 0.00 0.00 0.00
0.00 0.00 0.00 0.00 0.00 0.00 0.00 1.07 4.81 8.35 8.12 10.59 12.19 14.75 14.72 13.74 14.11 10.76 6.78 3.38 0.00 0.00 0.00 0.00
0.00 0.00 0.00 0.00 0.00 0.00 0.00 0.73 3.28 5.69 5.53 7.21 8.30 10.05 10.02 9.36 9.61 7.33 4.62 2.31 0.00 0.00 0.00 0.00
0.00 0.00 0.00 0.00 0.00 0.00 0.00 0.44 2.21 3.87 3.79 4.96 5.78 8.66 8.64 8.13 9.69 7.39 4.71 2.17 0.00 0.00 0.00 0.00
0.00 0.00 0.00 0.00 0.00 0.00 0.00 0.61 2.59 4.50 5.40 6.93 8.01 10.51 10.48 9.58 7.69 5.73 3.54 1.31 0.00 0.00 0.00 0.00
0.00 0.00 0.00 0.00 0.00 0.00 0.00 0.29 2.20 4.00 6.96 9.31 11.05 12.54 12.58 11.97 11.28 8.76 5.64 2.32 0.06 0.00 0.00 0.00
0.00 0.00 0.00 0.00 0.00 0.00 0.00 0.00 20.56 40.52 71.47 94.60 111.96 136.10 138.72 133.34 101.37 77.83 49.11 18.47 1.58 0.00 0.00 0.00
0.00 0.00 0.00 0.00 0.00 0.00 0.00 0.26 2.55 4.73 10.73 14.78 18.14 18.79 19.60 18.71 11.31 8.80 5.70 2.48 0.25 0.00 0.00 0.00
0.00 0.00 0.00 0.00 0.00 0.00 0.00 0.31 2.23 4.06 14.37 19.89 23.72 28.43 28.57 27.14 16.57 12.72 8.21 2.67 0.18 0.00 0.00 0.00
0.00 0.00 0.00 0.00 0.00 0.00 0.00 0.14 1.02 1.86 6.59 9.12 10.87 13.03 13.09 12.44 7.59 5.83 3.76 1.22 0.08 0.00 0.00 0.00
0.00 0.00 0.00 0.00 0.00 0.00 0.00 0.31 2.99 5.55 13.27 18.19 22.39 23.72 24.71 23.63 13.07 10.18 6.62 2.53 0.26 0.00 0.00 0.00
0.00 0.00 0.00 0.00 0.00 0.00 0.00 0.14 1.03 1.87 4.81 6.65 8.06 10.60 10.87 10.31 6.10 4.73 3.08 0.76 0.06 0.00 0.00 0.00
0.00 0.00 0.00 0.00 0.00 0.00 0.00 0.00 12.54 24.80 40.15 58.76 75.46 81.01 85.80 82.48 80.49 63.40 42.70 11.88 2.23 0.00 0.00 0.00
0.00 0.00 0.00 0.00 0.00 0.00 0.00 0.87 9.81 18.35 22.41 29.49 34.73 32.65 33.14 31.42 34.90 27.78 18.77 6.57 1.58 0.00 0.00 0.00
0.00 0.00 0.00 0.00 0.00 0.00 0.00 0.17 2.19 4.11 5.69 7.49 8.82 9.61 9.83 9.22 7.62 6.01 4.06 1.51 0.36 0.00 0.00 0.00
0.00 0.00 0.00 0.00 0.00 0.00 0.00 0.18 2.64 5.00 6.30 8.43 10.17 11.63 11.66 10.90 9.22 7.19 4.85 2.17 0.48 0.00 0.00 0.00
0.00 0.00 0.00 0.00 0.00 0.00 0.00 0.28 4.23 8.00 10.08 13.49 16.27 18.61 18.65 17.45 14.75 11.51 7.75 3.47 0.77 0.00 0.00 0.00
0.00 0.00 0.00 0.00 0.00 0.00 0.00 0.00 45.45 95.65 143.23 193.83 234.79 244.38 246.85 231.38 318.07 245.84 167.81 120.21 35.27 0.00 0.00 0.00
