0.00 0.00 0.00 0.00 0.00 0.00 0.00 0.00 0.28 1.14 2.13 2.99 3.73 4.20 4.30 4.05 3.42 2.50 1.44 0.23 0.00 0.00 0.00 0.00
0.00 0.00 0.00 0.00 0.00 0.00 0.00 0.00 11.14 28.99 43.31 56.28 68.33 70.41 68.17 62.55 53.94 38.02 21.40 1.06 0.00 0.00 0.00 0.00
0.00 0.00 0.00 0.00 0.00 0.00 0.00 0.00 6.29 25.99 48.67 68.48 85.23 96.06 98.28 92.70 78.16 57.16 32.83 5.26 0.00 0.00 0.00 0.00
0.00 0.00 0.00 0.00 0.00 0.00 0.00 0.00 22.37 92.37 172.95 243.39 302.90 341.39 349.28 329.44 277.77 203.15 116.67 18.71 0.00 0.00 0.00 0.00
0.00 0.00 0.00 0.00 0.00 0.00 0.00 0.00 1.61 3.65 6.17 7.94 9.17 12.59 12.14 10.95 9.10 6.27 3.38 0.03 0.00 0.00 0.00 0.00
0.00 0.00 0.00 0.00 0.00 0.00 0.00 0.00 41.05 197.87 385.84 547.39 681.38 763.78 780.01 752.79 644.74 474.40 276.79 50.49 0.00 0.00 0.00 0.00
0.00 0.00 0.00 0.00 0.00 0.00 0.00 0.00 1.08 2.77 4.61 6.11 7.29 7.70 7.72 7.07 5.66 3.98 2.19 0.14 0.00 0.00 0.00 0.00
0.00 0.00 0.00 0.00 0.00 0.00 0.00 0.00 0.51 1.32 2.31 3.08 3.61 3.59 3.52 3.25 2.76 1.97 1.08 0.08 0.00 0.00 0.00 0.00
0.00 0.00 0.00 0.00 0.00 0.00 0.00 0.00 0.81 2.11 3.69 4.93 5.78 5.74 5.64 5.21 4.42 3.15 1.72 0.12 0.00 0.00 0.00 0.00
0.00 0.00 0.00 0.00 0.00 0.00 0.00 0.00 0.81 2.11 3.69 4.93 5.78 5.74 5.64 5.21 4.42 3.15 1.72 0.12 0.00 0.00 0.00 0.00
0.00 0.00 0.00 0.00 0.00 0.00 0.00 0.00 1.37 3.85 7.42 10.08 12.25 11.91 11.95 11.02 10.26 7.18 3.91 0.50 0.00 0.00 0.00 0.00
0.00 0.00 0.00 0.00 0.00 0.00 0.00 0.00 0.59 1.64 3.52 4.83 5.88 5.27 5.22 4.80 4.69 3.28 1.77 0.22 0.00 0.00 0.00 0.00
0.00 0.00 0.00 0.00 0.00 0.00 0.00 0.00 0.75 2.11 4.53 6.21 7.56 6.78 6.71 6.18 6.03 4.22 2.28 0.29 0.00 0.00 0.00 0.00
0.00 0.00 0.00 0.00 0.00 0.00 0.00 0.00 0.50 1.41 3.02 4.14 5.04 4.52 4.47 4.12 4.02 2.81 1.52 0.19 0.00 0.00 0.00 0.00
0.00 0.00 0.00 0.00 0.00 0.00 0.00 0.00 0.50 1.41 3.02 4.14 5.04 4.52 4.47 4.12 4.02 2.81 1.52 0.19 0.00 0.00 0.00 0.00
0.00 0.00 0.00 0.00 0.00 0.00 0.00 0.00 7.58 22.69 43.41 58.79 70.46 68.75 68.80 64.05 66.34 47.49 25.73 3.82 0.00 0.00 0.00 0.00
0.00 0.00 0.00 0.00 0.00 0.00 0.00 0.00 4.65 12.75 20.00 26.97 32.64 38.18 38.23 35.07 31.71 22.16 12.10 1.63 0.00 0.00 0.00 0.00
0.00 0.00 0.00 0.00 0.00 0.00 0.00 0.00 4.09 11.56 24.03 32.26 38.61 43.36 42.68 39.71 31.71 22.71 12.66 1.66 0.00 0.00 0.00 0.00
0.00 0.00 0.00 0.00 0.00 0.00 0.00 0.00 12.11 58.37 113.81 161.46 200.98 225.29 230.07 222.05 190.17 139.93 81.64 14.89 0.00 0.00 0.00 0.00
0.00 0.00 0.00 0.00 0.00 0.00 0.00 0.00 11.52 55.52 108.26 153.58 191.18 214.30 218.85 211.21 180.90 133.11 77.66 14.17 0.00 0.00 0.00 0.00
0.00 0.00 0.00 0.00 0.00 0.00 0.00 0.00 22.15 106.77 208.19 295.35 367.65 412.11 420.87 406.18 347.88 255.97 149.35 27.24 0.00 0.00 0.00 0.00
0.00 0.00 0.00 0.00 0.00 0.00 0.00 0.00 21.78 104.99 204.72 290.43 361.52 405.24 413.85 399.41 342.08 251.71 146.86 26.79 0.00 0.00 0.00 0.00
0.00 0.00 0.00 0.00 0.00 0.00 0.00 0.00 26.97 117.28 223.05 313.42 393.54 440.84 451.10 423.45 357.69 263.81 152.53 25.79 0.00 0.00 0.00 0.00
0.00 0.00 0.00 0.00 0.00 0.00 0.00 0.00 0.51 1.32 2.31 3.08 3.61 3.59 3.52 3.25 2.76 1.97 1.08 0.08 0.00 0.00 0.00 0.00
0.00 0.00 0.00 0.00 0.00 0.00 0.00 0.00 2.58 6.68 11.68 15.60 18.31 18.19 17.84 16.49 14.01 9.98 5.45 0.39 0.00 0.00 0.00 0.00
0.00 0.00 0.00 0.00 0.00 0.00 0.00 0.00 13.15 34.10 59.65 79.66 93.46 92.86 91.10 84.19 71.50 50.93 27.81 1.99 0.00 0.00 0.00 0.00
0.00 0.00 0.00 0.00 0.00 0.00 0.00 0.00 0.83 3.99 7.77 11.03 13.73 15.39 15.71 15.16 12.99 9.56 5.58 1.02 0.00 0.00 0.00 0.00
0.00 0.00 0.00 0.00 0.00 0.00 0.00 0.00 22.02 90.93 170.26 239.60 298.18 336.07 343.83 324.31 273.44 199.99 114.85 18.42 0.00 0.00 0.00 0.00
0.00 0.00 0.00 0.00 0.00 0.00 0.00 0.00 1.64 5.55 7.33 10.24 12.70 21.66 21.51 19.80 14.70 10.48 6.17 1.45 0.00 0.00 0.00 0.00
0.00 0.00 0.00 0.00 0.00 0.00 0.00 0.00 14.61 49.27 88.10 121.86 148.32 164.03 167.46 154.79 122.69 90.09 50.33 6.02 0.00 0.00 0.00 0.00
0.00 0.00 0.00 0.00 0.00 0.00 0.00 0.00 0.37 1.52 2.84 3.99 4.97 5.60 5.73 5.41 4.56 3.33 1.91 0.31 0.00 0.00 0.00 0.00
0.00 0.00 0.00 0.00 0.00 0.00 0.00 0.00 16.52 68.20 127.69 179.70 223.64 252.06 257.88 243.23 205.08 149.99 86.14 13.81 0.00 0.00 0.00 0.00
0.00 0.00 0.00 0.00 0.00 0.00 0.00 0.00 21.20 87.52 163.87 230.61 287.00 323.47 330.94 312.15 263.18 192.49 110.55 17.73 0.00 0.00 0.00 0.00
0.00 0.00 0.00 0.00 0.00 0.00 0.00 0.00 35.57 154.66 294.14 413.32 518.98 581.36 594.88 558.43 471.70 347.90 201.15 34.01 0.00 0.00 0.00 0.00
0.00 0.00 0.00 0.00 0.00 0.00 0.00 0.00 0.82 2.36 4.95 6.79 8.31 7.15 7.11 6.53 6.91 4.88 2.66 0.48 0.00 0.00 0.00 0.00
0.00 0.00 0.00 0.00 0.00 0.00 0.00 0.00 1.05 3.02 6.48 8.89 10.86 9.56 9.49 8.69 8.84 6.25 3.39 0.51 0.00 0.00 0.00 0.00
0.00 0.00 0.00 0.00 0.00 0.00 0.00 0.00 6.77 22.90 30.25 42.23 52.40 89.33 88.75 81.69 60.65 43.24 25.47 5.98 0.00 0.00 0.00 0.00
0.00 0.00 0.00 0.00 0.00 0.00 0.00 0.00 17.46 102.52 205.35 287.77 360.87 412.41 424.57 398.23 336.88 251.97 149.80 24.44 0.00 0.00 0.00 0.00
0.00 0.00 0.00 0.00 0.00 0.00 0.00 0.00 0.39 1.04 1.52 2.08 2.52 3.10 3.09 2.80 2.46 1.73 0.95 0.12 0.00 0.00 0.00 0.00
0.00 0.00 0.00 0.00 0.00 0.00 0.00 0.00 6.17 23.37 42.70 59.46 73.12 81.89 82.84 77.94 66.44 48.20 27.04 3.88 0.00 0.00 0.00 0.00
0.00 0.00 0.00 0.00 0.00 0.00 0.00 0.00 1.11 6.97 13.93 20.06 25.09 28.09 28.43 26.44 22.14 16.44 10.04 2.42 0.00 0.00 0.00 0.00
0.00 0.00 0.00 0.00 0.00 0.00 0.00 0.00 1.30 3.27 5.32 6.94 8.24 8.70 8.75 8.05 6.32 4.38 2.40 0.14 0.00 0.00 0.00 0.00
0.00 0.00 0.00 0.00 0.00 0.00 0.00 0.00 0.65 1.63 2.66 3.47 4.12 4.35 4.38 4.03 3.16 2.19 1.20 0.07 0.00 0.00 0.00 0.00
0.00 0.00 0.00 0.00 0.00 0.00 0.00 0.00 1.43 3.57 5.81 7.59 9.01 9.51 9.57 8.81 6.91 4.79 2.63 0.15 0.00 0.00 0.00 0.00
0.00 0.00 0.00 0.00 0.00 0.00 0.00 0.00 1.70 4.28 7.08 9.28 10.94 11.48 11.38 10.61 8.46 5.92 3.25 0.20 0.00 0.00 0.00 0.00
0.00 0.00 0.00 0.00 0.00 0.00 0.00 0.00 2.59 6.52 10.79 14.14 16.67 17.50 17.34 16.17 12.90 9.02 4.95 0.30 0.00 0.00 0.00 0.00
0.00 0.00 0.00 0.00 0.00 0.00 0.00 0.00 2.17 5.59 9.27 12.34 14.63 15.58 15.55 14.34 11.59 8.14 4.50 0.32 0.00 0.00 0.00 0.00
0.00 0.00 0.00 0.00 0.00 0.00 0.00 0.00 1.35 4.16 7.30 9.93 12.12 13.14 13.30 12.51 9.52 6.73 3.69 0.47 0.00 0.00 0.00 0.00
0.00 0.00 0.00 0.00 0.00 0.00 0.00 0.00 3.50 10.73 18.86 25.65 31.30 33.95 34.35 32.31 24.58 17.38 9.54 1.22 0.00 0.00 0.00 0.00
0.00 0.00 0.00 0.00 0.00 0.00 0.00 0.00 0.89 2.80 4.86 6.72 8.20 8.85 8.84 8.16 6.61 4.76 2.64 0.32 0.00 0.00 0.00 0.00
0.00 0.00 0.00 0.00 0.00 0.00 0.00 0.00 1.91 4.89 8.65 11.73 13.92 15.76 15.73 14.10 10.31 7.15 3.89 0.42 0.00 0.00 0.00 0.00
0.00 0.00 0.00 0.00 0.00 0.00 0.00 0.00 3.99 10.29 15.25 20.43 24.67 28.72 28.38 25.89 18.34 12.90 7.00 0.62 0.00 0.00 0.00 0.00
0.00 0.00 0.00 0.00 0.00 0.00 0.00 0.00 0.64 1.47 2.19 2.78 3.21 3.79 3.71 3.38 2.97 2.03 1.10 0.02 0.00 0.00 0.00 0.00
0.00 0.00 0.00 0.00 0.00 0.00 0.00 0.00 3.49 8.36 13.10 17.12 20.35 20.24 19.76 18.01 16.20 11.07 6.03 0.19 0.00 0.00 0.00 0.00
0.00 0.00 0.00 0.00 0.00 0.00 0.00 0.00 2.42 5.65 7.58 9.80 11.34 13.34 13.02 12.01 11.04 7.67 4.16 0.10 0.00 0.00 0.00 0.00
0.00 0.00 0.00 0.00 0.00 0.00 0.00 0.00 3.34 7.80 10.47 13.52 15.65 18.41 17.96 16.57 15.23 10.58 5.74 0.14 0.00 0.00 0.00 0.00
0.00 0.00 0.00 0.00 0.00 0.00 0.00 0.00 2.28 5.32 7.13 9.21 10.66 12.54 12.23 11.29 10.38 7.21 3.91 0.09 0.00 0.00 0.00 0.00
0.00 0.00 0.00 0.00 0.00 0.00 0.00 0.00 1.86 4.46 6.99 9.13 10.86 10.80 10.54 9.61 8.64 5.91 3.22 0.10 0.00 0.00 0.00 0.00
0.00 0.00 0.00 0.00 0.00 0.00 0.00 0.00 1.60 3.66 5.55 7.27 8.45 11.04 10.73 9.71 8.43 5.82 3.14 0.05 0.00 0.00 0.00 0.00
0.00 0.00 0.00 0.00 0.00 0.00 0.00 0.00 1.46 3.78 6.61 8.83 10.36 10.29 10.10 9.33 7.92 5.64 3.08 0.22 0.00 0.00 0.00 0.00
0.00 0.00 0.00 0.00 0.00 0.00 0.00 0.00 9.87 29.54 56.50 76.52 91.71 89.48 89.54 83.36 86.35 61.81 33.49 4.97 0.00 0.00 0.00 0.00
0.00 0.00 0.00 0.00 0.00 0.00 0.00 0.00 1.55 4.37 8.41 11.42 13.88 13.50 13.54 12.49 11.63 8.13 4.43 0.57 0.00 0.00 0.00 0.00
0.00 0.00 0.00 0.00 0.00 0.00 0.00 0.00 2.42 6.44 11.37 15.43 18.38 22.41 22.13 20.33 14.56 10.05 5.53 0.73 0.00 0.00 0.00 0.00
0.00 0.00 0.00 0.00 0.00 0.00 0.00 0.00 1.11 2.95 5.21 7.07 8.42 10.27 10.14 9.32 6.67 4.61 2.53 0.34 0.00 0.00 0.00 0.00
0.00 0.00 0.00 0.00 0.00 0.00 0.00 0.00 2.08 5.84 10.33 13.97 16.96 17.48 17.60 16.20 14.98 10.53 5.77 0.75 0.00 0.00 0.00 0.00
0.00 0.00 0.00 0.00 0.00 0.00 0.00 0.00 0.94 2.52 3.70 5.06 6.12 7.53 7.50 6.81 5.98 4.21 2.30 0.30 0.00 0.00 0.00 0.00
0.00 0.00 0.00 0.00 0.00 0.00 0.00 0.00 7.00 23.71 31.32 43.73 54.26 92.49 91.88 84.57 62.80 44.77 26.37 6.19 0.00 0.00 0.00 0.00
0.00 0.00 0.00 0.00 0.00 0.00 0.00 0.00 3.49 11.78 21.07 29.14 35.47 39.23 40.04 37.01 29.34 21.54 12.04 1.44 0.00 0.00 0.00 0.00
0.00 0.00 0.00 0.00 0.00 0.00 0.00 0.00 0.79 2.67 4.76 6.52 7.95 8.79 8.96 8.41 6.64 4.77 2.71 0.32 0.00 0.00 0.00 0.00
0.00 0.00 0.00 0.00 0.00 0.00 0.00 0.00 1.01 3.37 6.03 8.39 10.35 11.27 11.15 10.27 8.54 6.07 3.43 0.43 0.00 0.00 0.00 0.00
0.00 0.00 0.00 0.00 0.00 0.00 0.00 0.00 1.62 5.39 9.64 13.43 16.56 18.04 17.85 16.44 13.66 9.71 5.48 0.69 0.00 0.00 0.00 0.00
0.00 0.00 0.00 0.00 0.00 0.00 0.00 0.00 22.52 108.54 211.66 300.28 373.78 418.98 427.88 412.95 353.68 260.24 151.84 27.70 0.00 0.00 0.00 0.00
