0.00 0.00 0.00 0.00 0.00 0.00 0.00 0.00 0.00 0.35 0.58 0.86 1.13 1.12 1.15 1.06 1.06 0.72 0.34 0.00 0.00 0.00 0.00 0.00
0.00 0.00 0.00 0.00 0.00 0.00 0.00 0.00 2.12 12.48 21.57 30.49 37.07 34.02 33.16 29.91 22.20 14.96 6.19 0.00 0.00 0.00 0.00 0.00
0.00 0.00 0.00 0.00 0.00 0.00 0.00 0.00 0.00 8.12 13.23 19.69 25.79 25.62 26.34 24.16 24.20 16.52 7.75 0.00 0.00 0.00 0.00 0.00
0.00 0.00 0.00 0.00 0.00 0.00 0.00 0.00 0.00 28.85 47.02 69.98 91.66 91.04 93.63 85.85 86.01 58.71 27.54 0.00 0.00 0.00 0.00 0.00
0.00 0.00 0.00 0.00 0.00 0.00 0.00 0.00 0.73 2.99 4.37 6.07 7.04 3.09 3.00 2.69 1.56 0.99 0.31 0.00 0.00 0.00 0.00 0.00
0.00 0.00 0.00 0.00 0.00 0.00 0.00 0.00 0.00 113.18 162.30 241.73 321.98 237.92 247.60 231.22 186.84 123.95 61.60 0.00 0.00 0.00 0.00 0.00
0.00 0.00 0.00 0.00 0.00 0.00 0.00 0.00 0.04 0.53 0.76 1.15 1.42 1.87 1.86 1.66 1.36 0.87 0.30 0.00 0.00 0.00 0.00 0.00
0.00 0.00 0.00 0.00 0.00 0.00 0.00 0.00 0.11 0.68 1.15 1.65 1.98 2.28 2.27 2.02 1.66 1.11 0.45 0.00 0.00 0.00 0.00 0.00
0.00 0.00 0.00 0.00 0.00 0.00 0.00 0.00 0.17 1.09 1.84 2.65 3.17 3.65 3.63 3.24 2.66 1.78 0.71 0.00 0.00 0.00 0.00 0.00
0.00 0.00 0.00 0.00 0.00 0.00 0.00 0.00 0.17 1.09 1.84 2.65 3.17 3.65 3.63 3.24 2.66 1.78 0.71 0.00 0.00 0.00 0.00 0.00
0.00 0.00 0.00 0.00 0.00 0.00 0.00 0.00 0.19 2.31 3.55 5.19 6.62 7.12 7.21 6.59 3.34 2.25 0.93 0.00 0.00 0.00 0.00 0.00
0.00 0.00 0.00 0.00 0.00 0.00 0.00 0.00 0.10 1.14 1.77 2.62 3.36 3.52 3.54 3.23 1.78 1.20 0.50 0.00 0.00 0.00 0.00 0.00
0.00 0.00 0.00 0.00 0.00 0.00 0.00 0.00 0.13 1.46 2.28 3.37 4.32 4.52 4.55 4.16 2.29 1.54 0.64 0.00 0.00 0.00 0.00 0.00
0.00 0.00 0.00 0.00 0.00 0.00 0.00 0.00 0.09 0.97 1.52 2.24 2.88 3.01 3.03 2.77 1.53 1.03 0.43 0.00 0.00 0.00 0.00 0.00
0.00 0.00 0.00 0.00 0.00 0.00 0.00 0.00 0.09 0.97 1.52 2.24 2.88 3.01 3.03 2.77 1.53 1.03 0.43 0.00 0.00 0.00 0.00 0.00
0.00 0.00 0.00 0.00 0.00 0.00 0.00 0.00 1.63 16.06 32.43 48.91 61.85 60.85 63.00 57.38 37.92 24.56 11.38 0.00 0.00 0.00 0.00 0.00
0.00 0.00 0.00 0.00 0.00 0.00 0.00 0.00 0.64 6.96 9.34 13.38 17.22 16.97 17.44 15.86 8.82 5.92 2.39 0.00 0.00 0.00 0.00 0.00
0.00 0.00 0.00 0.00 0.00 0.00 0.00 0.00 0.22 3.90 7.54 10.82 13.96 13.58 13.48 12.31 7.99 5.38 2.19 0.00 0.00 0.00 0.00 0.00
0.00 0.00 0.00 0.00 0.00 0.00 0.00 0.00 0.00 33.38 47.87 71.30 94.97 70.18 73.03 68.20 55.11 36.56 18.17 0.00 0.00 0.00 0.00 0.00
0.00 0.00 0.00 0.00 0.00 0.00 0.00 0.00 0.00 31.75 45.54 67.82 90.34 66.75 69.47 64.88 52.42 34.78 17.28 0.00 0.00 0.00 0.00 0.00
0.00 0.00 0.00 0.00 0.00 0.00 0.00 0.00 0.00 61.07 87.57 130.43 173.73 128.37 133.60 124.76 100.81 66.88 33.24 0.00 0.00 0.00 0.00 0.00
0.00 0.00 0.00 0.00 0.00 0.00 0.00 0.00 0.00 60.05 86.11 128.26 170.83 126.23 131.37 122.68 99.13 65.77 32.68 0.00 0.00 0.00 0.00 0.00
0.00 0.00 0.00 0.00 0.00 0.00 0.00 0.00 0.00 23.32 58.74 86.14 114.22 111.86 114.30 104.57 83.82 57.24 26.76 0.00 0.00 0.00 0.00 0.00
0.00 0.00 0.00 0.00 0.00 0.00 0.00 0.00 0.11 0.68 1.15 1.65 1.98 2.28 2.27 2.02 1.66 1.11 0.45 0.00 0.00 0.00 0.00 0.00
0.00 0.00 0.00 0.00 0.00 0.00 0.00 0.00 0.53 3.46 5.83 8.38 10.04 11.57 11.51 10.26 8.43 5.64 2.26 0.00 0.00 0.00 0.00 0.00
0.00 0.00 0.00 0.00 0.00 0.00 0.00 0.00 2.72 17.67 29.78 42.76 51.28 59.05 58.75 52.36 43.01 28.78 11.54 0.00 0.00 0.00 0.00 0.00
0.00 0.00 0.00 0.00 0.00 0.00 0.00 0.00 0.00 2.28 3.27 4.87 6.49 4.79 4.99 4.66 3.76 2.50 1.24 0.00 0.00 0.00 0.00 0.00
0.00 0.00 0.00 0.00 0.00 0.00 0.00 0.00 0.00 28.40 46.29 68.89 90.23 89.62 92.17 84.51 84.67 57.79 27.11 0.00 0.00 0.00 0.00 0.00
0.00 0.00 0.00 0.00 0.00 0.00 0.00 0.00 0.00 3.46 7.73 11.27 14.57 12.70 12.96 12.18 8.66 6.06 2.81 0.00 0.00 0.00 0.00 0.00
0.00 0.00 0.00 0.00 0.00 0.00 0.00 0.00 0.00 7.94 18.80 27.47 35.12 36.71 36.52 32.56 27.01 18.25 7.64 0.00 0.00 0.00 0.00 0.00
0.00 0.00 0.00 0.00 0.00 0.00 0.00 0.00 0.00 0.47 0.77 1.15 1.50 1.49 1.54 1.41 1.41 0.96 0.45 0.00 0.00 0.00 0.00 0.00
0.00 0.00 0.00 0.00 0.00 0.00 0.00 0.00 0.00 21.30 34.72 51.66 67.67 67.22 69.13 63.38 63.50 43.35 20.33 0.00 0.00 0.00 0.00 0.00
0.00 0.00 0.00 0.00 0.00 0.00 0.00 0.00 0.00 27.33 44.56 66.30 86.85 86.26 88.71 81.34 81.50 55.63 26.09 0.00 0.00 0.00 0.00 0.00
0.00 0.00 0.00 0.00 0.00 0.00 0.00 0.00 0.00 30.75 77.46 113.60 150.62 147.51 150.73 137.91 110.54 75.48 35.29 0.00 0.00 0.00 0.00 0.00
0.00 0.00 0.00 0.00 0.00 0.00 0.00 0.00 0.14 1.83 3.37 5.02 6.37 6.30 6.43 5.86 4.07 2.73 1.17 0.00 0.00 0.00 0.00 0.00
0.00 0.00 0.00 0.00 0.00 0.00 0.00 0.00 0.18 2.22 4.18 6.25 8.00 8.26 8.39 7.67 5.04 3.39 1.44 0.00 0.00 0.00 0.00 0.00
0.00 0.00 0.00 0.00 0.00 0.00 0.00 0.00 0.00 14.28 31.89 46.47 60.10 52.40 53.47 50.25 35.72 25.01 11.60 0.00 0.00 0.00 0.00 0.00
0.00 0.00 0.00 0.00 0.00 0.00 0.00 0.00 0.00 13.77 36.77 54.56 72.95 85.26 88.66 80.98 70.62 49.15 23.16 0.00 0.00 0.00 0.00 0.00
0.00 0.00 0.00 0.00 0.00 0.00 0.00 0.00 0.06 0.58 0.78 1.13 1.41 1.35 1.38 1.25 0.77 0.52 0.20 0.00 0.00 0.00 0.00 0.00
0.00 0.00 0.00 0.00 0.00 0.00 0.00 0.00 0.00 4.24 15.53 22.94 29.99 33.70 34.56 31.18 21.41 14.58 6.57 0.00 0.00 0.00 0.00 0.00
0.00 0.00 0.00 0.00 0.00 0.00 0.00 0.00 0.00 4.02 6.84 10.18 13.23 22.49 23.45 21.53 15.48 10.37 5.47 0.00 0.00 0.00 0.00 0.00
0.00 0.00 0.00 0.00 0.00 0.00 0.00 0.00 0.08 0.79 0.92 1.33 1.64 2.04 2.02 1.83 1.60 1.02 0.33 0.00 0.00 0.00 0.00 0.00
0.00 0.00 0.00 0.00 0.00 0.00 0.00 0.00 0.04 0.39 0.46 0.66 0.82 1.02 1.01 0.91 0.80 0.51 0.17 0.00 0.00 0.00 0.00 0.00
0.00 0.00 0.00 0.00 0.00 0.00 0.00 0.00 0.09 0.86 1.00 1.45 1.80 2.24 2.21 2.00 1.75 1.11 0.36 0.00 0.00 0.00 0.00 0.00
0.00 0.00 0.00 0.00 0.00 0.00 0.00 0.00 0.10 0.98 1.35 1.96 2.44 2.71 2.72 2.46 2.18 1.40 0.47 0.00 0.00 0.00 0.00 0.00
0.00 0.00 0.00 0.00 0.00 0.00 0.00 0.00 0.16 1.49 2.06 2.98 3.72 4.12 4.14 3.75 3.33 2.13 0.71 0.00 0.00 0.00 0.00 0.00
0.00 0.00 0.00 0.00 0.00 0.00 0.00 0.00 0.08 1.02 1.55 2.31 2.89 4.47 4.46 3.93 2.70 1.74 0.60 0.00 0.00 0.00 0.00 0.00
0.00 0.00 0.00 0.00 0.00 0.00 0.00 0.00 0.00 0.77 1.47 2.13 2.69 2.68 2.67 2.36 2.08 1.38 0.53 0.00 0.00 0.00 0.00 0.00
0.00 0.00 0.00 0.00 0.00 0.00 0.00 0.00 0.00 2.00 3.79 5.49 6.95 6.91 6.89 6.09 5.37 3.56 1.38 0.00 0.00 0.00 0.00 0.00
0.00 0.00 0.00 0.00 0.00 0.00 0.00 0.00 0.00 0.44 1.00 1.45 1.85 2.12 2.12 1.88 1.46 0.98 0.40 0.00 0.00 0.00 0.00 0.00
0.00 0.00 0.00 0.00 0.00 0.00 0.00 0.00 0.33 2.47 3.49 5.04 6.39 6.49 6.54 5.89 3.71 2.45 0.92 0.00 0.00 0.00 0.00 0.00
0.00 0.00 0.00 0.00 0.00 0.00 0.00 0.00 0.23 2.13 4.58 6.60 8.11 8.17 8.45 7.87 7.83 5.12 1.85 0.00 0.00 0.00 0.00 0.00
0.00 0.00 0.00 0.00 0.00 0.00 0.00 0.00 0.20 0.88 0.88 1.21 1.44 1.32 1.31 1.16 0.68 0.43 0.14 0.00 0.00 0.00 0.00 0.00
0.00 0.00 0.00 0.00 0.00 0.00 0.00 0.00 0.71 3.56 5.56 7.83 9.20 8.20 8.09 7.17 5.63 3.65 1.30 0.00 0.00 0.00 0.00 0.00
0.00 0.00 0.00 0.00 0.00 0.00 0.00 0.00 0.62 2.85 3.59 5.10 5.93 5.42 5.25 4.64 3.96 2.54 0.86 0.00 0.00 0.00 0.00 0.00
0.00 0.00 0.00 0.00 0.00 0.00 0.00 0.00 0.86 3.94 4.95 7.04 8.18 7.48 7.24 6.40 5.46 3.50 1.18 0.00 0.00 0.00 0.00 0.00
0.00 0.00 0.00 0.00 0.00 0.00 0.00 0.00 0.59 2.68 3.37 4.79 5.58 5.09 4.93 4.36 3.72 2.38 0.81 0.00 0.00 0.00 0.00 0.00
0.00 0.00 0.00 0.00 0.00 0.00 0.00 0.00 0.38 1.90 2.96 4.18 4.91 4.38 4.32 3.82 3.00 1.94 0.69 0.00 0.00 0.00 0.00 0.00
0.00 0.00 0.00 0.00 0.00 0.00 0.00 0.00 0.60 2.50 3.48 4.76 5.59 2.94 2.91 2.61 1.71 1.09 0.36 0.00 0.00 0.00 0.00 0.00
0.00 0.00 0.00 0.00 0.00 0.00 0.00 0.00 0.30 1.96 3.30 4.74 5.68 6.54 6.51 5.80 4.77 3.19 1.28 0.00 0.00 0.00 0.00 0.00
0.00 0.00 0.00 0.00 0.00 0.00 0.00 0.00 2.13 20.90 42.21 63.66 80.50 79.21 81.99 74.68 49.35 31.96 14.81 0.00 0.00 0.00 0.00 0.00
0.00 0.00 0.00 0.00 0.00 0.00 0.00 0.00 0.21 2.62 4.02 5.89 7.50 8.07 8.17 7.47 3.79 2.55 1.06 0.00 0.00 0.00 0.00 0.00
0.00 0.00 0.00 0.00 0.00 0.00 0.00 0.00 0.43 3.62 5.17 7.46 9.34 10.32 10.27 9.45 9.21 6.13 2.42 0.00 0.00 0.00 0.00 0.00
0.00 0.00 0.00 0.00 0.00 0.00 0.00 0.00 0.20 1.66 2.37 3.42 4.28 4.73 4.71 4.33 4.22 2.81 1.11 0.00 0.00 0.00 0.00 0.00
0.00 0.00 0.00 0.00 0.00 0.00 0.00 0.00 0.25 3.10 4.66 6.76 8.60 9.94 10.12 9.21 4.19 2.82 1.17 0.00 0.00 0.00 0.00 0.00
0.00 0.00 0.00 0.00 0.00 0.00 0.00 0.00 0.15 1.41 1.90 2.74 3.42 3.29 3.35 3.05 1.88 1.26 0.50 0.00 0.00 0.00 0.00 0.00
0.00 0.00 0.00 0.00 0.00 0.00 0.00 0.00 0.00 14.78 33.02 48.12 62.23 54.25 55.36 52.03 36.98 25.90 12.01 0.00 0.00 0.00 0.00 0.00
0.00 0.00 0.00 0.00 0.00 0.00 0.00 0.00 0.00 1.90 4.50 6.57 8.40 8.78 8.73 7.79 6.46 4.36 1.83 0.00 0.00 0.00 0.00 0.00
0.00 0.00 0.00 0.00 0.00 0.00 0.00 0.00 0.00 0.41 1.26 1.84 2.40 2.42 2.45 2.18 1.57 1.06 0.45 0.00 0.00 0.00 0.00 0.00
0.00 0.00 0.00 0.00 0.00 0.00 0.00 0.00 0.00 0.74 1.29 1.91 2.46 3.59 3.62 3.30 2.61 1.78 0.76 0.00 0.00 0.00 0.00 0.00
0.00 0.00 0.00 0.00 0.00 0.00 0.00 0.00 0.00 1.18 2.06 3.06 3.94 5.75 5.80 5.28 4.18 2.84 1.22 0.00 0.00 0.00 0.00 0.00
0.00 0.00 0.00 0.00 0.00 0.00 0.00 0.00 0.00 62.08 89.03 132.60 176.63 130.51 135.82 126.84 102.49 67.99 33.79 0.00 0.00 0.00 0.00 0.00
