0.00 0.00 0.00 0.00 0.00 0.00 0.00 0.00 0.00 0.44 1.59 2.44 3.30 3.88 4.07 3.92 3.35 2.48 1.58 0.28 0.00 0.00 0.00 0.00
0.00 0.00 0.00 0.00 0.00 0.00 0.00 0.00 0.00 11.41 28.48 43.83 55.51 60.56 62.74 60.21 49.87 37.35 22.38 1.87 0.00 0.00 0.00 0.00
0.00 0.00 0.00 0.00 0.00 0.00 0.00 0.00 0.00 10.17 36.27 55.85 75.35 88.68 93.07 89.57 76.64 56.79 36.08 6.35 0.00 0.00 0.00 0.00
0.00 0.00 0.00 0.00 0.00 0.00 0.00 0.00 0.00 36.16 128.90 198.49 267.79 315.17 330.76 318.31 272.37 201.81 128.22 22.58 0.00 0.00 0.00 0.00
0.00 0.00 0.00 0.00 0.00 0.00 0.00 0.00 0.00 1.53 4.66 6.97 8.75 9.53 9.45 8.97 7.53 5.41 2.99 0.08 0.00 0.00 0.00 0.00
0.00 0.00 0.00 0.00 0.00 0.00 0.00 0.00 0.00 74.43 265.70 417.87 569.78 689.93 741.99 717.38 657.27 483.68 309.70 63.20 0.00 0.00 0.00 0.00
0.00 0.00 0.00 0.00 0.00 0.00 0.00 0.00 0.00 1.21 3.13 4.88 6.40 7.31 7.32 7.04 5.73 3.95 2.24 0.13 0.00 0.00 0.00 0.00
0.00 0.00 0.00 0.00 0.00 0.00 0.00 0.00 0.00 0.57 1.45 2.25 3.00 3.53 3.61 3.53 2.97 2.19 1.30 0.12 0.00 0.00 0.00 0.00
0.00 0.00 0.00 0.00 0.00 0.00 0.00 0.00 0.00 0.91 2.31 3.60 4.80 5.65 5.77 5.64 4.76 3.50 2.08 0.20 0.00 0.00 0.00 0.00
0.00 0.00 0.00 0.00 0.00 0.00 0.00 0.00 0.00 0.91 2.31 3.60 4.80 5.65 5.77 5.64 4.76 3.50 2.08 0.20 0.00 0.00 0.00 0.00
0.00 0.00 0.00 0.00 0.00 0.00 0.00 0.00 0.00 2.02 5.43 8.44 11.60 13.99 14.42 14.07 12.09 8.76 5.27 0.53 0.00 0.00 0.00 0.00
0.00 0.00 0.00 0.00 0.00 0.00 0.00 0.00 0.00 0.97 2.57 4.07 5.55 6.67 6.86 6.68 5.73 4.19 2.52 0.25 0.00 0.00 0.00 0.00
0.00 0.00 0.00 0.00 0.00 0.00 0.00 0.00 0.00 1.25 3.31 5.23 7.14 8.58 8.82 8.59 7.37 5.39 3.24 0.32 0.00 0.00 0.00 0.00
0.00 0.00 0.00 0.00 0.00 0.00 0.00 0.00 0.00 0.83 2.20 3.49 4.76 5.72 5.88 5.73 4.91 3.59 2.16 0.22 0.00 0.00 0.00 0.00
0.00 0.00 0.00 0.00 0.00 0.00 0.00 0.00 0.00 0.83 2.20 3.49 4.76 5.72 5.88 5.73 4.91 3.59 2.16 0.22 0.00 0.00 0.00 0.00
0.00 0.00 0.00 0.00 0.00 0.00 0.00 0.00 0.00 13.19 35.12 54.57 70.43 80.72 84.97 81.97 70.88 52.18 32.55 4.53 0.00 0.00 0.00 0.00
0.00 0.00 0.00 0.00 0.00 0.00 0.00 0.00 0.00 6.31 16.73 26.34 36.57 42.24 42.76 41.79 36.17 26.25 15.62 1.55 0.00 0.00 0.00 0.00
0.00 0.00 0.00 0.00 0.00 0.00 0.00 0.00 0.00 5.49 14.73 23.14 30.88 35.91 36.81 35.55 30.79 22.35 13.34 1.43 0.00 0.00 0.00 0.00
0.00 0.00 0.00 0.00 0.00 0.00 0.00 0.00 0.00 21.95 78.37 123.26 168.06 203.50 218.86 211.60 193.87 142.67 91.35 18.64 0.00 0.00 0.00 0.00
0.00 0.00 0.00 0.00 0.00 0.00 0.00 0.00 0.00 20.88 74.55 117.24 159.87 193.58 208.19 201.28 184.41 135.71 86.89 17.73 0.00 0.00 0.00 0.00
0.00 0.00 0.00 0.00 0.00 0.00 0.00 0.00 0.00 40.16 143.37 225.47 307.43 372.26 400.36 387.07 354.64 260.98 167.10 34.10 0.00 0.00 0.00 0.00
0.00 0.00 0.00 0.00 0.00 0.00 0.00 0.00 0.00 39.49 140.98 221.71 302.31 366.06 393.68 380.62 348.73 256.63 164.32 33.53 0.00 0.00 0.00 0.00
0.00 0.00 0.00 0.00 0.00 0.00 0.00 0.00 0.00 44.37 169.80 264.30 357.42 426.12 440.06 423.20 356.42 262.90 167.14 30.27 0.00 0.00 0.00 0.00
0.00 0.00 0.00 0.00 0.00 0.00 0.00 0.00 0.00 0.57 1.45 2.25 3.00 3.53 3.61 3.53 2.97 2.19 1.30 0.12 0.00 0.00 0.00 0.00
0.00 0.00 0.00 0.00 0.00 0.00 0.00 0.00 0.00 2.87 7.32 11.40 15.20 17.89 18.28 17.86 15.06 11.10 6.58 0.62 0.00 0.00 0.00 0.00
0.00 0.00 0.00 0.00 0.00 0.00 0.00 0.00 0.00 14.66 37.38 58.20 77.58 91.32 93.31 91.20 76.89 56.65 33.60 3.17 0.00 0.00 0.00 0.00
0.00 0.00 0.00 0.00 0.00 0.00 0.00 0.00 0.00 1.50 5.35 8.42 11.48 13.90 14.95 14.45 13.24 9.74 6.24 1.27 0.00 0.00 0.00 0.00
0.00 0.00 0.00 0.00 0.00 0.00 0.00 0.00 0.00 35.60 126.89 195.40 263.62 310.26 325.60 313.35 268.13 198.67 126.23 22.23 0.00 0.00 0.00 0.00
0.00 0.00 0.00 0.00 0.00 0.00 0.00 0.00 0.00 2.98 9.01 13.84 18.90 22.44 24.09 23.27 20.11 15.45 9.71 1.63 0.00 0.00 0.00 0.00
0.00 0.00 0.00 0.00 0.00 0.00 0.00 0.00 0.00 21.52 68.98 105.31 138.34 161.39 163.14 155.32 129.13 94.18 57.07 6.41 0.00 0.00 0.00 0.00
0.00 0.00 0.00 0.00 0.00 0.00 0.00 0.00 0.00 0.59 2.11 3.26 4.39 5.17 5.43 5.22 4.47 3.31 2.10 0.37 0.00 0.00 0.00 0.00
0.00 0.00 0.00 0.00 0.00 0.00 0.00 0.00 0.00 26.70 95.17 146.55 197.71 232.69 244.20 235.01 201.09 149.00 94.67 16.67 0.00 0.00 0.00 0.00
0.00 0.00 0.00 0.00 0.00 0.00 0.00 0.00 0.00 34.26 122.13 188.07 253.73 298.62 313.39 301.60 258.07 191.22 121.49 21.40 0.00 0.00 0.00 0.00
0.00 0.00 0.00 0.00 0.00 0.00 0.00 0.00 0.00 58.51 223.92 348.55 471.35 561.95 580.33 558.10 470.03 346.70 220.42 39.91 0.00 0.00 0.00 0.00
0.00 0.00 0.00 0.00 0.00 0.00 0.00 0.00 0.00 1.47 3.96 6.34 8.71 10.32 10.86 10.51 8.99 6.62 4.02 0.46 0.00 0.00 0.00 0.00
0.00 0.00 0.00 0.00 0.00 0.00 0.00 0.00 0.00 1.85 4.94 7.97 10.93 12.88 13.59 13.18 11.17 8.19 4.97 0.54 0.00 0.00 0.00 0.00
0.00 0.00 0.00 0.00 0.00 0.00 0.00 0.00 0.00 12.30 37.18 57.08 77.98 92.58 99.39 95.98 82.97 63.73 40.04 6.72 0.00 0.00 0.00 0.00
0.00 0.00 0.00 0.00 0.00 0.00 0.00 0.00 0.00 29.26 144.65 234.61 325.06 402.61 431.26 415.42 363.85 275.04 177.04 34.04 0.00 0.00 0.00 0.00
0.00 0.00 0.00 0.00 0.00 0.00 0.00 0.00 0.00 0.51 1.30 2.05 2.82 3.36 3.40 3.25 2.82 2.06 1.22 0.10 0.00 0.00 0.00 0.00
0.00 0.00 0.00 0.00 0.00 0.00 0.00 0.00 0.00 9.68 33.35 51.15 69.47 81.51 83.65 79.18 66.13 48.21 30.12 4.72 0.00 0.00 0.00 0.00
0.00 0.00 0.00 0.00 0.00 0.00 0.00 0.00 0.00 2.49 10.05 16.21 22.87 27.35 29.36 27.80 24.55 18.23 11.50 3.46 0.00 0.00 0.00 0.00
0.00 0.00 0.00 0.00 0.00 0.00 0.00 0.00 0.00 1.42 3.58 5.43 7.03 7.91 8.08 7.64 6.57 4.57 2.56 0.11 0.00 0.00 0.00 0.00
0.00 0.00 0.00 0.00 0.00 0.00 0.00 0.00 0.00 0.71 1.79 2.71 3.52 3.96 4.04 3.82 3.28 2.29 1.28 0.06 0.00 0.00 0.00 0.00
0.00 0.00 0.00 0.00 0.00 0.00 0.00 0.00 0.00 1.55 3.92 5.94 7.69 8.66 8.84 8.35 7.18 5.00 2.80 0.12 0.00 0.00 0.00 0.00
0.00 0.00 0.00 0.00 0.00 0.00 0.00 0.00 0.00 1.85 4.70 7.18 9.38 10.00 10.17 9.71 8.46 5.91 3.32 0.15 0.00 0.00 0.00 0.00
0.00 0.00 0.00 0.00 0.00 0.00 0.00 0.00 0.00 2.82 7.16 10.94 14.30 15.24 15.50 14.80 12.90 9.00 5.07 0.23 0.00 0.00 0.00 0.00
0.00 0.00 0.00 0.00 0.00 0.00 0.00 0.00 0.00 2.44 6.38 9.86 12.94 14.80 14.84 14.33 11.57 7.92 4.50 0.30 0.00 0.00 0.00 0.00
0.00 0.00 0.00 0.00 0.00 0.00 0.00 0.00 0.00 1.90 5.70 8.67 11.45 13.24 13.31 12.51 10.45 7.45 4.41 0.40 0.00 0.00 0.00 0.00
0.00 0.00 0.00 0.00 0.00 0.00 0.00 0.00 0.00 4.90 14.72 22.40 29.57 34.20 34.39 32.31 27.00 19.25 11.39 1.02 0.00 0.00 0.00 0.00
0.00 0.00 0.00 0.00 0.00 0.00 0.00 0.00 0.00 1.19 3.65 5.60 7.45 8.59 8.64 8.16 7.00 5.11 3.06 0.33 0.00 0.00 0.00 0.00
0.00 0.00 0.00 0.00 0.00 0.00 0.00 0.00 0.00 2.33 5.10 8.11 10.67 13.78 14.27 13.77 12.04 8.65 5.01 0.30 0.00 0.00 0.00 0.00
0.00 0.00 0.00 0.00 0.00 0.00 0.00 0.00 0.00 4.38 10.64 16.65 21.85 21.20 21.56 20.81 20.98 14.97 8.60 0.68 0.00 0.00 0.00 0.00
0.00 0.00 0.00 0.00 0.00 0.00 0.00 0.00 0.00 0.47 1.46 2.15 2.66 2.38 2.38 2.29 2.38 1.71 0.95 0.04 0.00 0.00 0.00 0.00
0.00 0.00 0.00 0.00 0.00 0.00 0.00 0.00 0.00 2.44 7.43 11.45 14.49 17.85 17.87 17.42 14.07 10.06 5.75 0.60 0.00 0.00 0.00 0.00
0.00 0.00 0.00 0.00 0.00 0.00 0.00 0.00 0.00 1.58 5.10 7.79 9.65 11.44 11.60 11.17 9.23 6.54 3.68 0.32 0.00 0.00 0.00 0.00
0.00 0.00 0.00 0.00 0.00 0.00 0.00 0.00 0.00 2.18 7.03 10.75 13.32 15.79 16.01 15.41 12.74 9.03 5.08 0.44 0.00 0.00 0.00 0.00
0.00 0.00 0.00 0.00 0.00 0.00 0.00 0.00 0.00 1.48 4.79 7.32 9.07 10.75 10.91 10.50 8.68 6.15 3.46 0.30 0.00 0.00 0.00 0.00
0.00 0.00 0.00 0.00 0.00 0.00 0.00 0.00 0.00 1.30 3.96 6.11 7.73 9.52 9.53 9.29 7.50 5.36 3.07 0.32 0.00 0.00 0.00 0.00
0.00 0.00 0.00 0.00 0.00 0.00 0.00 0.00 0.00 1.32 4.18 6.32 7.70 8.68 8.74 8.21 6.80 4.92 2.74 0.13 0.00 0.00 0.00 0.00
0.00 0.00 0.00 0.00 0.00 0.00 0.00 0.00 0.00 1.62 4.14 6.45 8.60 10.12 10.34 10.11 8.52 6.28 3.72 0.35 0.00 0.00 0.00 0.00
0.00 0.00 0.00 0.00 0.00 0.00 0.00 0.00 0.00 17.17 45.72 71.03 91.67 105.06 110.60 106.70 92.25 67.92 42.37 5.90 0.00 0.00 0.00 0.00
0.00 0.00 0.00 0.00 0.00 0.00 0.00 0.00 0.00 2.29 6.16 9.56 13.15 15.86 16.34 15.95 13.70 9.93 5.97 0.61 0.00 0.00 0.00 0.00
0.00 0.00 0.00 0.00 0.00 0.00 0.00 0.00 0.00 3.56 8.94 14.46 19.47 22.90 23.17 22.99 19.51 14.02 8.29 0.66 0.00 0.00 0.00 0.00
0.00 0.00 0.00 0.00 0.00 0.00 0.00 0.00 0.00 1.63 4.10 6.63 8.93 10.49 10.62 10.54 8.94 6.43 3.80 0.30 0.00 0.00 0.00 0.00
0.00 0.00 0.00 0.00 0.00 0.00 0.00 0.00 0.00 2.84 7.63 11.79 16.30 19.60 20.12 19.51 16.83 12.24 7.35 0.73 0.00 0.00 0.00 0.00
0.00 0.00 0.00 0.00 0.00 0.00 0.00 0.00 0.00 1.24 3.15 4.98 6.86 8.16 8.26 7.89 6.85 5.01 2.96 0.25 0.00 0.00 0.00 0.00
0.00 0.00 0.00 0.00 0.00 0.00 0.00 0.00 0.00 12.73 38.50 59.10 80.74 95.86 102.90 99.37 85.90 65.99 41.45 6.96 0.00 0.00 0.00 0.00
0.00 0.00 0.00 0.00 0.00 0.00 0.00 0.00 0.00 5.15 16.49 25.18 33.08 38.59 39.01 37.14 30.88 22.52 13.65 1.53 0.00 0.00 0.00 0.00
0.00 0.00 0.00 0.00 0.00 0.00 0.00 0.00 0.00 1.15 3.67 5.62 7.47 8.48 8.64 8.26 7.04 5.09 3.10 0.37 0.00 0.00 0.00 0.00
0.00 0.00 0.00 0.00 0.00 0.00 0.00 0.00 0.00 1.44 4.47 6.87 8.95 10.38 10.57 9.99 8.57 6.33 3.87 0.48 0.00 0.00 0.00 0.00
0.00 0.00 0.00 0.00 0.00 0.00 0.00 0.00 0.00 2.30 7.15 10.99 14.33 16.61 16.91 15.98 13.71 10.13 6.19 0.77 0.00 0.00 0.00 0.00
0.00 0.00 0.00 0.00 0.00 0.00 0.00 0.00 0.00 40.83 145.76 229.23 312.56 378.47 407.03 393.52 360.55 265.33 169.89 34.67 0.00 0.00 0.00 0.00
