0.00 0.00 0.00 0.00 0.00 0.00 0.00 0.00 0.00 0.34 1.37 2.11 2.74 3.01 3.09 2.77 2.20 1.50 0.61 0.00 0.00 0.00 0.00 0.00
0.00 0.00 0.00 0.00 0.00 0.00 0.00 0.00 0.00 11.80 28.93 41.75 51.23 55.80 57.09 50.32 37.30 24.50 8.77 0.00 0.00 0.00 0.00 0.00
0.00 0.00 0.00 0.00 0.00 0.00 0.00 0.00 0.00 7.81 31.26 48.32 62.68 68.78 70.61 63.29 50.41 34.29 13.96 0.00 0.00 0.00 0.00 0.00
0.00 0.00 0.00 0.00 0.00 0.00 0.00 0.00 0.00 27.76 111.09 171.72 222.77 244.45 250.95 224.94 179.15 121.87 49.60 0.00 0.00 0.00 0.00 0.00
0.00 0.00 0.00 0.00 0.00 0.00 0.00 0.00 0.00 2.22 4.74 6.72 8.07 8.71 8.55 7.31 5.44 3.32 0.77 0.00 0.00 0.00 0.00 0.00
0.00 0.00 0.00 0.00 0.00 0.00 0.00 0.00 0.00 59.31 238.76 373.08 485.90 538.65 561.60 515.09 427.37 291.54 129.35 0.00 0.00 0.00 0.00 0.00
0.00 0.00 0.00 0.00 0.00 0.00 0.00 0.00 0.00 1.09 2.81 4.04 5.01 5.45 5.37 4.71 3.45 2.12 0.50 0.00 0.00 0.00 0.00 0.00
0.00 0.00 0.00 0.00 0.00 0.00 0.00 0.00 0.00 0.69 1.64 2.37 2.90 2.88 2.91 2.56 1.95 1.27 0.43 0.00 0.00 0.00 0.00 0.00
0.00 0.00 0.00 0.00 0.00 0.00 0.00 0.00 0.00 1.10 2.63 3.78 4.63 4.61 4.65 4.10 3.12 2.03 0.68 0.00 0.00 0.00 0.00 0.00
0.00 0.00 0.00 0.00 0.00 0.00 0.00 0.00 0.00 1.10 2.63 3.78 4.63 4.61 4.65 4.10 3.12 2.03 0.68 0.00 0.00 0.00 0.00 0.00
0.00 0.00 0.00 0.00 0.00 0.00 0.00 0.00 0.00 2.05 5.86 8.41 10.61 11.74 11.72 10.36 8.34 5.47 1.92 0.00 0.00 0.00 0.00 0.00
0.00 0.00 0.00 0.00 0.00 0.00 0.00 0.00 0.00 0.99 2.74 3.92 4.94 5.53 5.54 4.90 3.83 2.51 0.88 0.00 0.00 0.00 0.00 0.00
0.00 0.00 0.00 0.00 0.00 0.00 0.00 0.00 0.00 1.27 3.53 5.05 6.36 7.11 7.13 6.29 4.92 3.23 1.13 0.00 0.00 0.00 0.00 0.00
0.00 0.00 0.00 0.00 0.00 0.00 0.00 0.00 0.00 0.85 2.35 3.36 4.24 4.74 4.75 4.20 3.28 2.15 0.76 0.00 0.00 0.00 0.00 0.00
0.00 0.00 0.00 0.00 0.00 0.00 0.00 0.00 0.00 0.85 2.35 3.36 4.24 4.74 4.75 4.20 3.28 2.15 0.76 0.00 0.00 0.00 0.00 0.00
0.00 0.00 0.00 0.00 0.00 0.00 0.00 0.00 0.00 13.06 33.77 49.95 63.27 71.30 74.56 66.54 50.55 33.00 14.01 0.00 0.00 0.00 0.00 0.00
0.00 0.00 0.00 0.00 0.00 0.00 0.00 0.00 0.00 6.16 17.84 25.52 32.60 36.41 36.01 31.31 24.88 16.17 5.42 0.00 0.00 0.00 0.00 0.00
0.00 0.00 0.00 0.00 0.00 0.00 0.00 0.00 0.00 5.42 15.02 21.65 26.71 29.25 29.49 25.47 20.31 13.23 4.44 0.00 0.00 0.00 0.00 0.00
0.00 0.00 0.00 0.00 0.00 0.00 0.00 0.00 0.00 17.50 70.43 110.04 143.32 158.88 165.65 151.93 126.06 85.99 38.15 0.00 0.00 0.00 0.00 0.00
0.00 0.00 0.00 0.00 0.00 0.00 0.00 0.00 0.00 16.64 66.99 104.68 136.33 151.13 157.57 144.52 119.91 81.80 36.29 0.00 0.00 0.00 0.00 0.00
0.00 0.00 0.00 0.00 0.00 0.00 0.00 0.00 0.00 32.00 128.83 201.30 262.18 290.64 303.02 277.92 230.60 157.30 69.79 0.00 0.00 0.00 0.00 0.00
0.00 0.00 0.00 0.00 0.00 0.00 0.00 0.00 0.00 31.47 126.68 197.95 257.81 285.79 297.97 273.29 226.75 154.68 68.63 0.00 0.00 0.00 0.00 0.00
0.00 0.00 0.00 0.00 0.00 0.00 0.00 0.00 0.00 31.80 139.39 219.12 287.26 318.42 330.50 295.03 229.42 155.86 62.53 0.00 0.00 0.00 0.00 0.00
0.00 0.00 0.00 0.00 0.00 0.00 0.00 0.00 0.00 0.69 1.64 2.37 2.90 2.88 2.91 2.56 1.95 1.27 0.43 0.00 0.00 0.00 0.00 0.00
0.00 0.00 0.00 0.00 0.00 0.00 0.00 0.00 0.00 3.47 8.32 11.98 14.67 14.61 14.73 12.98 9.87 6.42 2.17 0.00 0.00 0.00 0.00 0.00
0.00 0.00 0.00 0.00 0.00 0.00 0.00 0.00 0.00 17.72 42.47 61.18 74.91 74.60 75.22 66.27 50.39 32.77 11.06 0.00 0.00 0.00 0.00 0.00
0.00 0.00 0.00 0.00 0.00 0.00 0.00 0.00 0.00 1.19 4.81 7.52 9.79 10.85 11.31 10.38 8.61 5.87 2.61 0.00 0.00 0.00 0.00 0.00
0.00 0.00 0.00 0.00 0.00 0.00 0.00 0.00 0.00 27.33 109.36 169.05 219.30 240.64 247.04 221.43 176.35 119.97 48.83 0.00 0.00 0.00 0.00 0.00
0.00 0.00 0.00 0.00 0.00 0.00 0.00 0.00 0.00 2.71 8.33 12.32 15.51 17.96 18.60 16.62 14.08 9.58 3.92 0.00 0.00 0.00 0.00 0.00
0.00 0.00 0.00 0.00 0.00 0.00 0.00 0.00 0.00 16.22 55.97 85.04 109.02 119.12 119.36 106.23 78.31 51.25 17.27 0.00 0.00 0.00 0.00 0.00
0.00 0.00 0.00 0.00 0.00 0.00 0.00 0.00 0.00 0.46 1.82 2.82 3.65 4.01 4.12 3.69 2.94 2.00 0.81 0.00 0.00 0.00 0.00 0.00
0.00 0.00 0.00 0.00 0.00 0.00 0.00 0.00 0.00 20.50 82.02 126.78 164.47 180.48 185.28 166.07 132.27 89.98 36.62 0.00 0.00 0.00 0.00 0.00
0.00 0.00 0.00 0.00 0.00 0.00 0.00 0.00 0.00 26.30 105.26 162.71 211.07 231.62 237.77 213.13 169.74 115.47 47.00 0.00 0.00 0.00 0.00 0.00
0.00 0.00 0.00 0.00 0.00 0.00 0.00 0.00 0.00 41.94 183.82 288.96 378.83 419.91 435.85 389.07 302.55 205.54 82.46 0.00 0.00 0.00 0.00 0.00
0.00 0.00 0.00 0.00 0.00 0.00 0.00 0.00 0.00 1.55 4.15 5.95 7.48 8.56 8.72 7.82 6.21 4.12 1.52 0.00 0.00 0.00 0.00 0.00
0.00 0.00 0.00 0.00 0.00 0.00 0.00 0.00 0.00 1.92 5.16 7.40 9.30 10.64 10.91 9.71 7.72 5.10 1.87 0.00 0.00 0.00 0.00 0.00
0.00 0.00 0.00 0.00 0.00 0.00 0.00 0.00 0.00 11.17 34.35 50.84 63.97 74.08 76.74 68.55 58.10 39.50 16.17 0.00 0.00 0.00 0.00 0.00
0.00 0.00 0.00 0.00 0.00 0.00 0.00 0.00 0.00 13.51 116.81 196.27 263.48 306.07 312.34 277.63 215.68 146.18 57.44 0.00 0.00 0.00 0.00 0.00
0.00 0.00 0.00 0.00 0.00 0.00 0.00 0.00 0.00 0.51 1.42 2.02 2.54 2.78 2.78 2.42 1.88 1.21 0.39 0.00 0.00 0.00 0.00 0.00
0.00 0.00 0.00 0.00 0.00 0.00 0.00 0.00 0.00 6.92 26.84 41.27 53.85 59.97 61.02 54.24 41.40 27.75 10.57 0.00 0.00 0.00 0.00 0.00
0.00 0.00 0.00 0.00 0.00 0.00 0.00 0.00 0.00 2.01 8.47 13.56 18.12 21.04 22.06 20.47 17.00 11.50 5.51 0.00 0.00 0.00 0.00 0.00
0.00 0.00 0.00 0.00 0.00 0.00 0.00 0.00 0.00 1.34 3.32 4.76 5.83 6.32 6.28 5.36 4.05 2.46 0.53 0.00 0.00 0.00 0.00 0.00
0.00 0.00 0.00 0.00 0.00 0.00 0.00 0.00 0.00 0.67 1.66 2.38 2.91 3.16 3.14 2.68 2.02 1.23 0.27 0.00 0.00 0.00 0.00 0.00
0.00 0.00 0.00 0.00 0.00 0.00 0.00 0.00 0.00 1.46 3.63 5.20 6.37 6.91 6.87 5.86 4.42 2.69 0.58 0.00 0.00 0.00 0.00 0.00
0.00 0.00 0.00 0.00 0.00 0.00 0.00 0.00 0.00 1.71 4.25 6.06 7.44 8.00 7.99 6.90 5.32 3.26 0.75 0.00 0.00 0.00 0.00 0.00
0.00 0.00 0.00 0.00 0.00 0.00 0.00 0.00 0.00 2.60 6.47 9.23 11.34 12.19 12.17 10.52 8.11 4.97 1.14 0.00 0.00 0.00 0.00 0.00
0.00 0.00 0.00 0.00 0.00 0.00 0.00 0.00 0.00 2.15 5.68 8.16 10.15 11.22 11.03 9.75 7.11 4.39 1.07 0.00 0.00 0.00 0.00 0.00
0.00 0.00 0.00 0.00 0.00 0.00 0.00 0.00 0.00 1.41 4.50 6.76 8.58 9.61 9.49 8.33 6.05 3.85 1.13 0.00 0.00 0.00 0.00 0.00
0.00 0.00 0.00 0.00 0.00 0.00 0.00 0.00 0.00 3.64 11.62 17.46 22.17 24.83 24.52 21.51 15.63 9.95 2.91 0.00 0.00 0.00 0.00 0.00
0.00 0.00 0.00 0.00 0.00 0.00 0.00 0.00 0.00 0.90 2.98 4.47 5.81 6.45 6.48 5.60 4.24 2.74 0.88 0.00 0.00 0.00 0.00 0.00
0.00 0.00 0.00 0.00 0.00 0.00 0.00 0.00 0.00 2.43 6.47 9.14 11.22 12.01 12.22 10.43 7.62 4.84 1.43 0.00 0.00 0.00 0.00 0.00
0.00 0.00 0.00 0.00 0.00 0.00 0.00 0.00 0.00 4.01 10.58 15.09 18.64 20.22 20.08 17.61 13.30 8.34 2.28 0.00 0.00 0.00 0.00 0.00
0.00 0.00 0.00 0.00 0.00 0.00 0.00 0.00 0.00 0.69 1.51 2.12 2.51 2.68 2.70 2.33 1.74 1.06 0.24 0.00 0.00 0.00 0.00 0.00
0.00 0.00 0.00 0.00 0.00 0.00 0.00 0.00 0.00 3.74 8.12 11.60 13.83 14.95 15.10 13.25 10.01 6.29 1.77 0.00 0.00 0.00 0.00 0.00
0.00 0.00 0.00 0.00 0.00 0.00 0.00 0.00 0.00 2.49 5.37 7.72 9.30 10.17 10.17 8.87 6.47 4.01 1.04 0.00 0.00 0.00 0.00 0.00
0.00 0.00 0.00 0.00 0.00 0.00 0.00 0.00 0.00 3.43 7.41 10.66 12.84 14.04 14.04 12.25 8.93 5.54 1.43 0.00 0.00 0.00 0.00 0.00
0.00 0.00 0.00 0.00 0.00 0.00 0.00 0.00 0.00 2.34 5.05 7.26 8.74 9.56 9.56 8.34 6.08 3.77 0.97 0.00 0.00 0.00 0.00 0.00
0.00 0.00 0.00 0.00 0.00 0.00 0.00 0.00 0.00 1.99 4.33 6.19 7.38 7.97 8.05 7.06 5.34 3.36 0.94 0.00 0.00 0.00 0.00 0.00
0.00 0.00 0.00 0.00 0.00 0.00 0.00 0.00 0.00 1.94 4.15 5.85 7.14 7.76 7.63 6.55 4.95 3.04 0.74 0.00 0.00 0.00 0.00 0.00
0.00 0.00 0.00 0.00 0.00 0.00 0.00 0.00 0.00 1.96 4.71 6.78 8.30 8.27 8.34 7.34 5.58 3.63 1.23 0.00 0.00 0.00 0.00 0.00
0.00 0.00 0.00 0.00 0.00 0.00 0.00 0.00 0.00 16.99 43.96 65.02 82.35 92.80 97.05 86.61 65.79 42.96 18.24 0.00 0.00 0.00 0.00 0.00
0.00 0.00 0.00 0.00 0.00 0.00 0.00 0.00 0.00 2.32 6.64 9.53 12.02 13.31 13.29 11.74 9.46 6.20 2.17 0.00 0.00 0.00 0.00 0.00
0.00 0.00 0.00 0.00 0.00 0.00 0.00 0.00 0.00 3.83 9.88 14.00 17.74 19.81 19.52 17.05 12.67 8.20 2.68 0.00 0.00 0.00 0.00 0.00
0.00 0.00 0.00 0.00 0.00 0.00 0.00 0.00 0.00 1.76 4.53 6.42 8.13 9.08 8.95 7.81 5.81 3.76 1.23 0.00 0.00 0.00 0.00 0.00
0.00 0.00 0.00 0.00 0.00 0.00 0.00 0.00 0.00 2.85 8.29 11.90 14.98 16.50 16.51 14.46 11.77 7.71 2.68 0.00 0.00 0.00 0.00 0.00
0.00 0.00 0.00 0.00 0.00 0.00 0.00 0.00 0.00 1.23 3.45 4.92 6.17 6.75 6.76 5.88 4.57 2.95 0.95 0.00 0.00 0.00 0.00 0.00
0.00 0.00 0.00 0.00 0.00 0.00 0.00 0.00 0.00 11.56 35.57 52.64 66.24 76.69 79.45 70.98 60.15 40.90 16.74 0.00 0.00 0.00 0.00 0.00
0.00 0.00 0.00 0.00 0.00 0.00 0.00 0.00 0.00 3.88 13.38 20.34 26.07 28.49 28.54 25.40 18.73 12.26 4.13 0.00 0.00 0.00 0.00 0.00
0.00 0.00 0.00 0.00 0.00 0.00 0.00 0.00 0.00 0.85 2.97 4.51 5.84 6.43 6.33 5.69 4.28 2.81 0.98 0.00 0.00 0.00 0.00 0.00
0.00 0.00 0.00 0.00 0.00 0.00 0.00 0.00 0.00 1.07 3.61 5.42 6.86 7.69 7.74 6.93 5.34 3.53 1.26 0.00 0.00 0.00 0.00 0.00
0.00 0.00 0.00 0.00 0.00 0.00 0.00 0.00 0.00 1.71 5.77 8.67 10.98 12.31 12.39 11.09 8.54 5.65 2.02 0.00 0.00 0.00 0.00 0.00
0.00 0.00 0.00 0.00 0.00 0.00 0.00 0.00 0.00 32.54 130.97 204.66 266.55 295.48 308.07 282.56 234.44 159.93 70.96 0.00 0.00 0.00 0.00 0.00
