0.00 0.00 0.00 0.00 0.00 0.00 0.00 0.00 0.00 0.16 0.55 0.87 1.15 1.05 1.09 0.99 0.83 0.57 0.23 0.00 0.00 0.00 0.00 0.00
0.00 0.00 0.00 0.00 0.00 0.00 0.00 0.00 0.00 10.83 27.49 40.05 49.38 54.18 55.65 49.22 36.59 24.16 8.75 0.00 0.00 0.00 0.00 0.00
0.00 0.00 0.00 0.00 0.00 0.00 0.00 0.00 0.00 3.57 12.51 19.86 26.24 24.03 24.92 22.54 18.91 12.97 5.33 0.00 0.00 0.00 0.00 0.00
0.00 0.00 0.00 0.00 0.00 0.00 0.00 0.00 0.00 12.70 44.46 70.60 93.25 85.39 88.55 80.12 67.22 46.08 18.95 0.00 0.00 0.00 0.00 0.00
0.00 0.00 0.00 0.00 0.00 0.00 0.00 0.00 0.00 1.97 4.59 6.58 7.94 8.58 8.46 7.26 5.45 3.35 0.80 0.00 0.00 0.00 0.00 0.00
0.00 0.00 0.00 0.00 0.00 0.00 0.00 0.00 0.00 29.58 162.84 260.38 343.91 318.01 333.54 307.52 205.69 142.22 64.08 0.00 0.00 0.00 0.00 0.00
0.00 0.00 0.00 0.00 0.00 0.00 0.00 0.00 0.00 0.89 2.34 3.41 4.25 4.38 4.37 3.88 3.11 1.93 0.46 0.00 0.00 0.00 0.00 0.00
0.00 0.00 0.00 0.00 0.00 0.00 0.00 0.00 0.00 0.61 1.59 2.31 2.85 3.10 3.13 2.77 2.08 1.36 0.47 0.00 0.00 0.00 0.00 0.00
0.00 0.00 0.00 0.00 0.00 0.00 0.00 0.00 0.00 0.98 2.54 3.70 4.56 4.95 5.01 4.43 3.33 2.18 0.74 0.00 0.00 0.00 0.00 0.00
0.00 0.00 0.00 0.00 0.00 0.00 0.00 0.00 0.00 0.98 2.54 3.70 4.56 4.95 5.01 4.43 3.33 2.18 0.74 0.00 0.00 0.00 0.00 0.00
0.00 0.00 0.00 0.00 0.00 0.00 0.00 0.00 0.00 1.98 5.74 8.33 10.57 11.57 11.59 10.26 8.13 5.36 1.90 0.00 0.00 0.00 0.00 0.00
0.00 0.00 0.00 0.00 0.00 0.00 0.00 0.00 0.00 0.96 2.73 3.95 5.01 5.52 5.54 4.90 3.78 2.49 0.88 0.00 0.00 0.00 0.00 0.00
0.00 0.00 0.00 0.00 0.00 0.00 0.00 0.00 0.00 1.23 3.51 5.08 6.44 7.09 7.12 6.31 4.86 3.20 1.13 0.00 0.00 0.00 0.00 0.00
0.00 0.00 0.00 0.00 0.00 0.00 0.00 0.00 0.00 0.82 2.34 3.39 4.29 4.73 4.75 4.20 3.24 2.13 0.76 0.00 0.00 0.00 0.00 0.00
0.00 0.00 0.00 0.00 0.00 0.00 0.00 0.00 0.00 0.82 2.34 3.39 4.29 4.73 4.75 4.20 3.24 2.13 0.76 0.00 0.00 0.00 0.00 0.00
0.00 0.00 0.00 0.00 0.00 0.00 0.00 0.00 0.00 11.82 32.10 48.01 61.16 69.39 72.68 64.94 49.51 32.35 13.82 0.00 0.00 0.00 0.00 0.00
0.00 0.00 0.00 0.00 0.00 0.00 0.00 0.00 0.00 5.96 17.12 24.78 31.85 35.49 35.21 30.69 23.96 15.66 5.31 0.00 0.00 0.00 0.00 0.00
0.00 0.00 0.00 0.00 0.00 0.00 0.00 0.00 0.00 4.74 14.02 20.48 25.45 27.93 28.32 24.60 20.08 13.15 4.46 0.00 0.00 0.00 0.00 0.00
0.00 0.00 0.00 0.00 0.00 0.00 0.00 0.00 0.00 8.72 48.03 76.80 101.44 93.80 98.38 90.71 60.67 41.95 18.90 0.00 0.00 0.00 0.00 0.00
0.00 0.00 0.00 0.00 0.00 0.00 0.00 0.00 0.00 8.30 45.69 73.06 96.49 89.22 93.58 86.28 57.71 39.90 17.98 0.00 0.00 0.00 0.00 0.00
0.00 0.00 0.00 0.00 0.00 0.00 0.00 0.00 0.00 15.96 87.86 140.49 185.56 171.59 179.97 165.93 110.98 76.74 34.58 0.00 0.00 0.00 0.00 0.00
0.00 0.00 0.00 0.00 0.00 0.00 0.00 0.00 0.00 15.69 86.40 138.15 182.47 168.73 176.97 163.16 109.13 75.46 34.00 0.00 0.00 0.00 0.00 0.00
0.00 0.00 0.00 0.00 0.00 0.00 0.00 0.00 0.00 19.24 66.34 107.28 143.26 145.67 152.88 137.90 118.45 80.46 32.35 0.00 0.00 0.00 0.00 0.00
0.00 0.00 0.00 0.00 0.00 0.00 0.00 0.00 0.00 0.61 1.59 2.31 2.85 3.10 3.13 2.77 2.08 1.36 0.47 0.00 0.00 0.00 0.00 0.00
0.00 0.00 0.00 0.00 0.00 0.00 0.00 0.00 0.00 3.10 8.05 11.72 14.43 15.69 15.87 14.01 10.54 6.89 2.36 0.00 0.00 0.00 0.00 0.00
0.00 0.00 0.00 0.00 0.00 0.00 0.00 0.00 0.00 15.80 41.10 59.84 73.65 80.10 81.00 71.54 53.79 35.19 12.04 0.00 0.00 0.00 0.00 0.00
0.00 0.00 0.00 0.00 0.00 0.00 0.00 0.00 0.00 0.60 3.28 5.25 6.93 6.41 6.72 6.19 4.14 2.86 1.29 0.00 0.00 0.00 0.00 0.00
0.00 0.00 0.00 0.00 0.00 0.00 0.00 0.00 0.00 12.50 43.76 69.50 91.79 84.06 87.17 78.87 66.17 45.36 18.65 0.00 0.00 0.00 0.00 0.00
0.00 0.00 0.00 0.00 0.00 0.00 0.00 0.00 0.00 2.65 8.67 12.94 16.31 18.32 19.05 17.07 13.95 9.50 3.91 0.00 0.00 0.00 0.00 0.00
0.00 0.00 0.00 0.00 0.00 0.00 0.00 0.00 0.00 10.47 34.47 53.75 70.09 69.38 70.73 64.01 47.96 31.41 10.62 0.00 0.00 0.00 0.00 0.00
0.00 0.00 0.00 0.00 0.00 0.00 0.00 0.00 0.00 0.21 0.73 1.16 1.53 1.40 1.45 1.31 1.10 0.76 0.31 0.00 0.00 0.00 0.00 0.00
0.00 0.00 0.00 0.00 0.00 0.00 0.00 0.00 0.00 9.38 32.82 52.12 68.85 63.05 65.38 59.15 49.63 34.02 13.99 0.00 0.00 0.00 0.00 0.00
0.00 0.00 0.00 0.00 0.00 0.00 0.00 0.00 0.00 12.03 42.12 66.89 88.35 80.91 83.90 75.91 63.69 43.66 17.95 0.00 0.00 0.00 0.00 0.00
0.00 0.00 0.00 0.00 0.00 0.00 0.00 0.00 0.00 25.37 87.49 141.47 188.93 192.10 201.61 181.85 156.21 106.11 42.66 0.00 0.00 0.00 0.00 0.00
0.00 0.00 0.00 0.00 0.00 0.00 0.00 0.00 0.00 1.49 4.29 6.22 7.87 8.75 8.94 8.02 6.10 4.06 1.51 0.00 0.00 0.00 0.00 0.00
0.00 0.00 0.00 0.00 0.00 0.00 0.00 0.00 0.00 1.85 5.31 7.70 9.73 10.83 11.13 9.93 7.58 5.03 1.86 0.00 0.00 0.00 0.00 0.00
0.00 0.00 0.00 0.00 0.00 0.00 0.00 0.00 0.00 10.95 35.76 53.37 67.26 75.56 78.57 70.42 57.53 39.19 16.15 0.00 0.00 0.00 0.00 0.00
0.00 0.00 0.00 0.00 0.00 0.00 0.00 0.00 0.00 10.63 100.97 175.01 238.99 271.94 279.99 250.91 212.72 144.11 56.60 0.00 0.00 0.00 0.00 0.00
0.00 0.00 0.00 0.00 0.00 0.00 0.00 0.00 0.00 0.48 1.34 1.94 2.45 2.69 2.71 2.36 1.81 1.18 0.38 0.00 0.00 0.00 0.00 0.00
0.00 0.00 0.00 0.00 0.00 0.00 0.00 0.00 0.00 3.74 11.75 18.56 24.65 23.10 23.80 21.41 18.44 12.44 4.78 0.00 0.00 0.00 0.00 0.00
0.00 0.00 0.00 0.00 0.00 0.00 0.00 0.00 0.00 1.63 8.06 13.12 17.64 19.20 20.21 18.81 15.24 10.40 5.05 0.00 0.00 0.00 0.00 0.00
0.00 0.00 0.00 0.00 0.00 0.00 0.00 0.00 0.00 1.07 2.84 4.12 5.07 4.98 5.01 4.32 3.60 2.21 0.48 0.00 0.00 0.00 0.00 0.00
0.00 0.00 0.00 0.00 0.00 0.00 0.00 0.00 0.00 0.54 1.42 2.06 2.53 2.49 2.51 2.16 1.80 1.10 0.24 0.00 0.00 0.00 0.00 0.00
0.00 0.00 0.00 0.00 0.00 0.00 0.00 0.00 0.00 1.17 3.11 4.50 5.54 5.45 5.48 4.73 3.94 2.41 0.53 0.00 0.00 0.00 0.00 0.00
0.00 0.00 0.00 0.00 0.00 0.00 0.00 0.00 0.00 1.41 3.90 5.63 6.96 7.11 7.17 6.25 5.28 3.26 0.76 0.00 0.00 0.00 0.00 0.00
0.00 0.00 0.00 0.00 0.00 0.00 0.00 0.00 0.00 2.15 5.94 8.57 10.60 10.83 10.92 9.53 8.05 4.97 1.16 0.00 0.00 0.00 0.00 0.00
0.00 0.00 0.00 0.00 0.00 0.00 0.00 0.00 0.00 1.80 4.76 6.93 8.67 9.21 9.16 8.19 6.60 4.10 1.01 0.00 0.00 0.00 0.00 0.00
0.00 0.00 0.00 0.00 0.00 0.00 0.00 0.00 0.00 1.01 3.26 5.02 6.48 6.67 6.71 5.99 4.37 2.79 0.82 0.00 0.00 0.00 0.00 0.00
0.00 0.00 0.00 0.00 0.00 0.00 0.00 0.00 0.00 2.62 8.41 12.97 16.75 17.22 17.33 15.48 11.30 7.21 2.12 0.00 0.00 0.00 0.00 0.00
0.00 0.00 0.00 0.00 0.00 0.00 0.00 0.00 0.00 0.57 1.71 2.61 3.46 3.23 3.30 2.90 2.24 1.45 0.47 0.00 0.00 0.00 0.00 0.00
0.00 0.00 0.00 0.00 0.00 0.00 0.00 0.00 0.00 2.21 6.06 8.66 10.70 11.63 11.87 10.16 7.86 5.02 1.50 0.00 0.00 0.00 0.00 0.00
0.00 0.00 0.00 0.00 0.00 0.00 0.00 0.00 0.00 3.50 9.77 14.09 17.51 18.48 18.48 16.32 13.17 8.34 2.32 0.00 0.00 0.00 0.00 0.00
0.00 0.00 0.00 0.00 0.00 0.00 0.00 0.00 0.00 0.61 1.45 2.05 2.44 2.56 2.59 2.25 1.68 1.03 0.24 0.00 0.00 0.00 0.00 0.00
0.00 0.00 0.00 0.00 0.00 0.00 0.00 0.00 0.00 3.31 8.22 11.85 14.18 15.10 15.34 13.52 9.87 6.25 1.79 0.00 0.00 0.00 0.00 0.00
0.00 0.00 0.00 0.00 0.00 0.00 0.00 0.00 0.00 2.15 5.34 7.75 9.38 10.06 10.11 8.86 6.42 4.01 1.05 0.00 0.00 0.00 0.00 0.00
0.00 0.00 0.00 0.00 0.00 0.00 0.00 0.00 0.00 2.97 7.37 10.70 12.95 13.89 13.95 12.23 8.86 5.53 1.46 0.00 0.00 0.00 0.00 0.00
0.00 0.00 0.00 0.00 0.00 0.00 0.00 0.00 0.00 2.02 5.02 7.29 8.82 9.46 9.50 8.33 6.04 3.77 0.99 0.00 0.00 0.00 0.00 0.00
0.00 0.00 0.00 0.00 0.00 0.00 0.00 0.00 0.00 1.76 4.38 6.32 7.56 8.06 8.18 7.21 5.27 3.33 0.95 0.00 0.00 0.00 0.00 0.00
0.00 0.00 0.00 0.00 0.00 0.00 0.00 0.00 0.00 1.61 4.07 5.79 7.10 7.77 7.69 6.63 4.92 3.04 0.76 0.00 0.00 0.00 0.00 0.00
0.00 0.00 0.00 0.00 0.00 0.00 0.00 0.00 0.00 1.75 4.55 6.63 8.16 8.88 8.98 7.93 5.96 3.90 1.33 0.00 0.00 0.00 0.00 0.00
0.00 0.00 0.00 0.00 0.00 0.00 0.00 0.00 0.00 15.38 41.79 62.49 79.61 90.31 94.59 84.52 64.44 42.11 17.99 0.00 0.00 0.00 0.00 0.00
0.00 0.00 0.00 0.00 0.00 0.00 0.00 0.00 0.00 2.25 6.51 9.44 11.98 13.11 13.13 11.63 9.22 6.08 2.15 0.00 0.00 0.00 0.00 0.00
0.00 0.00 0.00 0.00 0.00 0.00 0.00 0.00 0.00 3.57 9.82 14.08 17.95 19.68 19.45 17.04 13.05 8.47 2.79 0.00 0.00 0.00 0.00 0.00
0.00 0.00 0.00 0.00 0.00 0.00 0.00 0.00 0.00 1.64 4.50 6.46 8.23 9.02 8.92 7.81 5.98 3.88 1.28 0.00 0.00 0.00 0.00 0.00
0.00 0.00 0.00 0.00 0.00 0.00 0.00 0.00 0.00 2.77 8.03 11.66 14.76 16.14 16.21 14.23 11.41 7.51 2.65 0.00 0.00 0.00 0.00 0.00
0.00 0.00 0.00 0.00 0.00 0.00 0.00 0.00 0.00 1.16 3.27 4.71 5.95 6.54 6.57 5.73 4.41 2.85 0.93 0.00 0.00 0.00 0.00 0.00
0.00 0.00 0.00 0.00 0.00 0.00 0.00 0.00 0.00 11.34 37.02 55.26 69.64 78.23 81.35 72.91 59.56 40.58 16.72 0.00 0.00 0.00 0.00 0.00
0.00 0.00 0.00 0.00 0.00 0.00 0.00 0.00 0.00 2.50 8.24 12.85 16.76 16.59 16.91 15.31 11.47 7.51 2.54 0.00 0.00 0.00 0.00 0.00
0.00 0.00 0.00 0.00 0.00 0.00 0.00 0.00 0.00 0.52 1.51 2.35 3.09 3.00 3.00 2.74 2.05 1.35 0.47 0.00 0.00 0.00 0.00 0.00
0.00 0.00 0.00 0.00 0.00 0.00 0.00 0.00 0.00 0.73 2.07 3.18 4.09 3.93 4.00 3.63 2.67 1.77 0.63 0.00 0.00 0.00 0.00 0.00
0.00 0.00 0.00 0.00 0.00 0.00 0.00 0.00 0.00 1.17 3.31 5.08 6.54 6.28 6.41 5.81 4.27 2.82 1.01 0.00 0.00 0.00 0.00 0.00
0.00 0.00 0.00 0.00 0.00 0.00 0.00 0.00 0.00 16.23 89.33 142.83 188.65 174.45 182.97 168.69 112.83 78.02 35.15 0.00 0.00 0.00 0.00 0.00
