0.00 0.00 0.00 0.00 0.00 0.00 0.00 0.00 0.00 0.17 1.23 2.04 2.73 3.12 3.22 2.91 2.33 1.62 0.72 0.00 0.00 0.00 0.00 0.00
0.00 0.00 0.00 0.00 0.00 0.00 0.00 0.00 0.00 9.80 28.27 42.68 53.62 59.61 61.77 55.14 42.75 28.80 11.49 0.00 0.00 0.00 0.00 0.00
0.00 0.00 0.00 0.00 0.00 0.00 0.00 0.00 0.00 3.93 28.11 46.64 62.42 71.28 73.69 66.44 53.21 37.15 16.42 0.00 0.00 0.00 0.00 0.00
0.00 0.00 0.00 0.00 0.00 0.00 0.00 0.00 0.00 13.98 99.90 165.77 221.84 253.33 261.88 236.12 189.12 132.02 58.37 0.00 0.00 0.00 0.00 0.00
0.00 0.00 0.00 0.00 0.00 0.00 0.00 0.00 0.00 1.80 4.81 7.10 8.69 9.48 9.41 8.15 6.28 3.96 1.14 0.00 0.00 0.00 0.00 0.00
0.00 0.00 0.00 0.00 0.00 0.00 0.00 0.00 0.00 28.16 222.88 373.94 502.05 579.96 607.59 559.25 453.31 316.54 150.60 0.00 0.00 0.00 0.00 0.00
0.00 0.00 0.00 0.00 0.00 0.00 0.00 0.00 0.00 0.72 2.62 3.98 5.06 5.65 5.64 5.01 3.84 2.44 0.70 0.00 0.00 0.00 0.00 0.00
0.00 0.00 0.00 0.00 0.00 0.00 0.00 0.00 0.00 0.56 1.65 2.49 3.13 3.45 3.51 3.13 2.46 1.64 0.63 0.00 0.00 0.00 0.00 0.00
0.00 0.00 0.00 0.00 0.00 0.00 0.00 0.00 0.00 0.89 2.64 3.99 5.00 5.51 5.62 5.01 3.93 2.63 1.00 0.00 0.00 0.00 0.00 0.00
0.00 0.00 0.00 0.00 0.00 0.00 0.00 0.00 0.00 0.89 2.64 3.99 5.00 5.51 5.62 5.01 3.93 2.63 1.00 0.00 0.00 0.00 0.00 0.00
0.00 0.00 0.00 0.00 0.00 0.00 0.00 0.00 0.00 1.72 5.84 8.81 11.40 12.74 12.88 11.52 9.27 6.26 2.46 0.00 0.00 0.00 0.00 0.00
0.00 0.00 0.00 0.00 0.00 0.00 0.00 0.00 0.00 0.83 2.78 4.18 5.40 6.06 6.14 5.49 4.32 2.92 1.15 0.00 0.00 0.00 0.00 0.00
0.00 0.00 0.00 0.00 0.00 0.00 0.00 0.00 0.00 1.06 3.57 5.38 6.94 7.79 7.90 7.06 5.56 3.75 1.47 0.00 0.00 0.00 0.00 0.00
0.00 0.00 0.00 0.00 0.00 0.00 0.00 0.00 0.00 0.71 2.38 3.58 4.63 5.19 5.26 4.71 3.71 2.50 0.98 0.00 0.00 0.00 0.00 0.00
0.00 0.00 0.00 0.00 0.00 0.00 0.00 0.00 0.00 0.71 2.38 3.58 4.63 5.19 5.26 4.71 3.71 2.50 0.98 0.00 0.00 0.00 0.00 0.00
0.00 0.00 0.00 0.00 0.00 0.00 0.00 0.00 0.00 10.18 32.02 49.61 64.32 73.84 78.06 70.41 55.21 36.91 17.00 0.00 0.00 0.00 0.00 0.00
0.00 0.00 0.00 0.00 0.00 0.00 0.00 0.00 0.00 5.18 17.50 26.34 34.53 39.42 39.47 34.74 27.38 18.34 6.94 0.00 0.00 0.00 0.00 0.00
0.00 0.00 0.00 0.00 0.00 0.00 0.00 0.00 0.00 3.99 14.39 21.88 27.74 31.44 32.09 28.06 22.41 15.03 5.68 0.00 0.00 0.00 0.00 0.00
0.00 0.00 0.00 0.00 0.00 0.00 0.00 0.00 0.00 8.31 65.74 110.30 148.09 171.07 179.22 164.96 133.71 93.37 44.42 0.00 0.00 0.00 0.00 0.00
0.00 0.00 0.00 0.00 0.00 0.00 0.00 0.00 0.00 7.90 62.53 104.92 140.86 162.72 170.48 156.91 127.19 88.81 42.25 0.00 0.00 0.00 0.00 0.00
0.00 0.00 0.00 0.00 0.00 0.00 0.00 0.00 0.00 15.19 120.26 201.77 270.89 312.93 327.84 301.75 244.59 170.79 81.26 0.00 0.00 0.00 0.00 0.00
0.00 0.00 0.00 0.00 0.00 0.00 0.00 0.00 0.00 14.94 118.25 198.40 266.38 307.71 322.37 296.72 240.52 167.95 79.90 0.00 0.00 0.00 0.00 0.00
0.00 0.00 0.00 0.00 0.00 0.00 0.00 0.00 0.00 13.34 123.59 209.44 283.39 316.78 331.47 297.92 235.68 163.76 71.22 0.00 0.00 0.00 0.00 0.00
0.00 0.00 0.00 0.00 0.00 0.00 0.00 0.00 0.00 0.56 1.65 2.49 3.13 3.45 3.51 3.13 2.46 1.64 0.63 0.00 0.00 0.00 0.00 0.00
0.00 0.00 0.00 0.00 0.00 0.00 0.00 0.00 0.00 2.82 8.37 12.63 15.84 17.46 17.80 15.86 12.44 8.32 3.17 0.00 0.00 0.00 0.00 0.00
0.00 0.00 0.00 0.00 0.00 0.00 0.00 0.00 0.00 14.38 42.73 64.49 80.89 89.12 90.87 80.95 63.52 42.49 16.19 0.00 0.00 0.00 0.00 0.00
0.00 0.00 0.00 0.00 0.00 0.00 0.00 0.00 0.00 0.57 4.49 7.53 10.11 11.68 12.24 11.27 9.13 6.38 3.03 0.00 0.00 0.00 0.00 0.00
0.00 0.00 0.00 0.00 0.00 0.00 0.00 0.00 0.00 13.76 98.34 163.18 218.38 249.38 257.80 232.44 186.17 129.97 57.46 0.00 0.00 0.00 0.00 0.00
0.00 0.00 0.00 0.00 0.00 0.00 0.00 0.00 0.00 2.06 8.62 13.46 17.37 19.84 20.80 18.79 15.44 10.77 4.80 0.00 0.00 0.00 0.00 0.00
0.00 0.00 0.00 0.00 0.00 0.00 0.00 0.00 0.00 8.48 50.26 81.81 108.19 120.76 122.63 110.52 85.54 57.49 21.65 0.00 0.00 0.00 0.00 0.00
0.00 0.00 0.00 0.00 0.00 0.00 0.00 0.00 0.00 0.23 1.64 2.72 3.64 4.16 4.30 3.87 3.10 2.17 0.96 0.00 0.00 0.00 0.00 0.00
0.00 0.00 0.00 0.00 0.00 0.00 0.00 0.00 0.00 10.32 73.75 122.39 163.78 187.04 193.35 174.33 139.63 97.47 43.10 0.00 0.00 0.00 0.00 0.00
0.00 0.00 0.00 0.00 0.00 0.00 0.00 0.00 0.00 13.25 94.65 157.07 210.19 240.03 248.13 223.73 179.19 125.09 55.31 0.00 0.00 0.00 0.00 0.00
0.00 0.00 0.00 0.00 0.00 0.00 0.00 0.00 0.00 17.59 162.99 276.20 373.72 417.76 437.12 392.89 310.81 215.96 93.92 0.00 0.00 0.00 0.00 0.00
0.00 0.00 0.00 0.00 0.00 0.00 0.00 0.00 0.00 1.27 4.34 6.54 8.43 9.53 9.83 8.91 6.95 4.73 1.94 0.00 0.00 0.00 0.00 0.00
0.00 0.00 0.00 0.00 0.00 0.00 0.00 0.00 0.00 1.59 5.37 8.10 10.44 11.81 12.26 11.05 8.66 5.88 2.39 0.00 0.00 0.00 0.00 0.00
0.00 0.00 0.00 0.00 0.00 0.00 0.00 0.00 0.00 8.50 35.54 55.54 71.64 81.84 85.79 77.50 63.68 44.42 19.80 0.00 0.00 0.00 0.00 0.00
0.00 0.00 0.00 0.00 0.00 0.00 0.00 0.00 0.00 0.00 91.41 169.10 235.17 267.43 275.90 247.49 197.28 136.52 57.99 0.00 0.00 0.00 0.00 0.00
0.00 0.00 0.00 0.00 0.00 0.00 0.00 0.00 0.00 0.41 1.38 2.06 2.66 3.01 3.05 2.69 2.09 1.39 0.51 0.00 0.00 0.00 0.00 0.00
0.00 0.00 0.00 0.00 0.00 0.00 0.00 0.00 0.00 3.55 24.00 39.59 53.27 61.11 62.76 56.24 44.01 30.24 12.61 0.00 0.00 0.00 0.00 0.00
0.00 0.00 0.00 0.00 0.00 0.00 0.00 0.00 0.00 0.82 7.90 13.54 18.54 21.17 22.46 21.06 17.14 11.86 6.04 0.00 0.00 0.00 0.00 0.00
0.00 0.00 0.00 0.00 0.00 0.00 0.00 0.00 0.00 0.88 3.11 4.69 5.89 6.54 6.58 5.69 4.50 2.83 0.76 0.00 0.00 0.00 0.00 0.00
0.00 0.00 0.00 0.00 0.00 0.00 0.00 0.00 0.00 0.44 1.56 2.35 2.94 3.27 3.29 2.84 2.25 1.42 0.38 0.00 0.00 0.00 0.00 0.00
0.00 0.00 0.00 0.00 0.00 0.00 0.00 0.00 0.00 0.96 3.40 5.13 6.44 7.15 7.20 6.22 4.92 3.10 0.83 0.00 0.00 0.00 0.00 0.00
0.00 0.00 0.00 0.00 0.00 0.00 0.00 0.00 0.00 1.17 4.05 6.08 7.66 8.58 8.67 7.59 5.93 3.76 1.06 0.00 0.00 0.00 0.00 0.00
0.00 0.00 0.00 0.00 0.00 0.00 0.00 0.00 0.00 1.78 6.17 9.26 11.67 13.07 13.22 11.57 9.03 5.73 1.61 0.00 0.00 0.00 0.00 0.00
0.00 0.00 0.00 0.00 0.00 0.00 0.00 0.00 0.00 1.44 5.31 8.04 10.25 11.65 11.61 10.39 7.90 5.04 1.48 0.00 0.00 0.00 0.00 0.00
0.00 0.00 0.00 0.00 0.00 0.00 0.00 0.00 0.00 0.78 4.10 6.58 8.60 9.79 9.80 8.70 6.63 4.35 1.46 0.00 0.00 0.00 0.00 0.00
0.00 0.00 0.00 0.00 0.00 0.00 0.00 0.00 0.00 2.02 10.59 17.00 22.21 25.30 25.32 22.47 17.13 11.24 3.78 0.00 0.00 0.00 0.00 0.00
0.00 0.00 0.00 0.00 0.00 0.00 0.00 0.00 0.00 0.52 2.72 4.34 5.82 6.60 6.72 5.88 4.63 3.09 1.12 0.00 0.00 0.00 0.00 0.00
0.00 0.00 0.00 0.00 0.00 0.00 0.00 0.00 0.00 1.96 6.23 9.24 11.64 12.96 13.34 11.54 9.17 6.00 2.06 0.00 0.00 0.00 0.00 0.00
0.00 0.00 0.00 0.00 0.00 0.00 0.00 0.00 0.00 2.97 9.99 14.97 18.95 21.26 21.43 19.07 14.96 9.70 3.12 0.00 0.00 0.00 0.00 0.00
0.00 0.00 0.00 0.00 0.00 0.00 0.00 0.00 0.00 0.55 1.50 2.19 2.65 2.82 2.88 2.52 1.94 1.22 0.35 0.00 0.00 0.00 0.00 0.00
0.00 0.00 0.00 0.00 0.00 0.00 0.00 0.00 0.00 3.04 8.59 12.80 15.61 16.89 17.28 15.35 11.65 7.54 2.49 0.00 0.00 0.00 0.00 0.00
0.00 0.00 0.00 0.00 0.00 0.00 0.00 0.00 0.00 2.02 5.58 8.37 10.30 11.21 11.34 10.02 7.53 4.81 1.49 0.00 0.00 0.00 0.00 0.00
0.00 0.00 0.00 0.00 0.00 0.00 0.00 0.00 0.00 2.79 7.71 11.55 14.21 15.47 15.65 13.83 10.39 6.64 2.05 0.00 0.00 0.00 0.00 0.00
0.00 0.00 0.00 0.00 0.00 0.00 0.00 0.00 0.00 1.90 5.25 7.87 9.68 10.54 10.66 9.42 7.08 4.53 1.40 0.00 0.00 0.00 0.00 0.00
0.00 0.00 0.00 0.00 0.00 0.00 0.00 0.00 0.00 1.62 4.58 6.83 8.32 9.01 9.22 8.19 6.22 4.02 1.33 0.00 0.00 0.00 0.00 0.00
0.00 0.00 0.00 0.00 0.00 0.00 0.00 0.00 0.00 1.58 4.25 6.24 7.76 8.60 8.56 7.44 5.68 3.60 1.07 0.00 0.00 0.00 0.00 0.00
0.00 0.00 0.00 0.00 0.00 0.00 0.00 0.00 0.00 1.59 4.74 7.15 8.96 9.88 10.07 8.97 7.04 4.71 1.79 0.00 0.00 0.00 0.00 0.00
0.00 0.00 0.00 0.00 0.00 0.00 0.00 0.00 0.00 13.26 41.68 64.57 83.72 96.10 101.60 91.64 71.86 48.05 22.12 0.00 0.00 0.00 0.00 0.00
0.00 0.00 0.00 0.00 0.00 0.00 0.00 0.00 0.00 1.95 6.62 9.99 12.92 14.44 14.60 13.06 10.51 7.09 2.78 0.00 0.00 0.00 0.00 0.00
0.00 0.00 0.00 0.00 0.00 0.00 0.00 0.00 0.00 3.17 10.11 15.05 19.54 21.71 21.67 19.16 15.22 10.13 3.75 0.00 0.00 0.00 0.00 0.00
0.00 0.00 0.00 0.00 0.00 0.00 0.00 0.00 0.00 1.45 4.63 6.90 8.96 9.95 9.93 8.78 6.98 4.64 1.72 0.00 0.00 0.00 0.00 0.00
0.00 0.00 0.00 0.00 0.00 0.00 0.00 0.00 0.00 2.40 8.18 12.36 15.94 17.84 18.08 16.03 12.99 8.77 3.42 0.00 0.00 0.00 0.00 0.00
0.00 0.00 0.00 0.00 0.00 0.00 0.00 0.00 0.00 1.01 3.35 5.01 6.46 7.31 7.42 6.53 5.08 3.37 1.23 0.00 0.00 0.00 0.00 0.00
0.00 0.00 0.00 0.00 0.00 0.00 0.00 0.00 0.00 8.80 36.80 57.50 74.17 84.73 88.82 80.24 65.93 45.99 20.50 0.00 0.00 0.00 0.00 0.00
0.00 0.00 0.00 0.00 0.00 0.00 0.00 0.00 0.00 2.03 12.02 19.56 25.87 28.88 29.33 26.43 20.46 13.75 5.18 0.00 0.00 0.00 0.00 0.00
0.00 0.00 0.00 0.00 0.00 0.00 0.00 0.00 0.00 0.47 2.69 4.36 5.83 6.57 6.54 5.95 4.64 3.13 1.21 0.00 0.00 0.00 0.00 0.00
0.00 0.00 0.00 0.00 0.00 0.00 0.00 0.00 0.00 0.64 3.32 5.31 6.94 8.01 8.16 7.37 5.78 3.92 1.55 0.00 0.00 0.00 0.00 0.00
0.00 0.00 0.00 0.00 0.00 0.00 0.00 0.00 0.00 1.03 5.31 8.50 11.10 12.82 13.05 11.80 9.25 6.27 2.48 0.00 0.00 0.00 0.00 0.00
0.00 0.00 0.00 0.00 0.00 0.00 0.00 0.00 0.00 15.45 122.26 205.13 275.41 318.14 333.30 306.78 248.67 173.64 82.61 0.00 0.00 0.00 0.00 0.00
