0.00 0.00 0.00 0.00 0.00 0.00 0.00 0.00 0.00 0.21 1.19 1.99 2.82 2.61 2.74 2.62 2.89 2.05 1.19 0.13 0.00 0.00 0.00 0.00
0.00 0.00 0.00 0.00 0.00 0.00 0.00 0.00 0.00 9.88 28.82 43.45 56.95 59.10 59.98 57.76 39.22 27.87 15.11 0.28 0.00 0.00 0.00 0.00
0.00 0.00 0.00 0.00 0.00 0.00 0.00 0.00 0.00 4.90 27.19 45.41 64.58 59.62 62.75 59.91 66.08 46.77 27.12 3.08 0.00 0.00 0.00 0.00
0.00 0.00 0.00 0.00 0.00 0.00 0.00 0.00 0.00 17.40 96.62 161.37 229.50 211.90 222.99 212.91 234.84 166.22 96.38 10.94 0.00 0.00 0.00 0.00
0.00 0.00 0.00 0.00 0.00 0.00 0.00 0.00 0.00 1.83 4.89 7.18 9.28 10.58 10.79 9.86 7.32 5.15 2.48 0.00 0.00 0.00 0.00 0.00
0.00 0.00 0.00 0.00 0.00 0.00 0.00 0.00 0.00 35.37 183.19 310.14 446.95 451.54 476.47 451.62 553.93 396.65 237.40 39.68 0.00 0.00 0.00 0.00
0.00 0.00 0.00 0.00 0.00 0.00 0.00 0.00 0.00 0.80 2.67 4.07 5.47 5.81 5.97 5.51 3.95 2.81 1.39 0.00 0.00 0.00 0.00 0.00
0.00 0.00 0.00 0.00 0.00 0.00 0.00 0.00 0.00 0.54 1.58 2.37 3.11 3.34 3.51 3.32 2.22 1.58 0.84 0.00 0.00 0.00 0.00 0.00
0.00 0.00 0.00 0.00 0.00 0.00 0.00 0.00 0.00 0.86 2.53 3.79 4.97 5.35 5.62 5.32 3.55 2.53 1.35 0.01 0.00 0.00 0.00 0.00
0.00 0.00 0.00 0.00 0.00 0.00 0.00 0.00 0.00 0.86 2.53 3.79 4.97 5.35 5.62 5.32 3.55 2.53 1.35 0.01 0.00 0.00 0.00 0.00
0.00 0.00 0.00 0.00 0.00 0.00 0.00 0.00 0.00 1.72 5.64 8.62 11.75 11.64 12.23 11.73 9.08 6.61 3.59 0.11 0.00 0.00 0.00 0.00
0.00 0.00 0.00 0.00 0.00 0.00 0.00 0.00 0.00 0.81 2.65 4.04 5.59 5.58 5.81 5.56 4.30 3.08 1.67 0.04 0.00 0.00 0.00 0.00
0.00 0.00 0.00 0.00 0.00 0.00 0.00 0.00 0.00 1.05 3.41 5.20 7.19 7.18 7.47 7.14 5.53 3.96 2.15 0.05 0.00 0.00 0.00 0.00
0.00 0.00 0.00 0.00 0.00 0.00 0.00 0.00 0.00 0.70 2.27 3.46 4.80 4.79 4.98 4.76 3.69 2.64 1.43 0.04 0.00 0.00 0.00 0.00
0.00 0.00 0.00 0.00 0.00 0.00 0.00 0.00 0.00 0.70 2.27 3.46 4.80 4.79 4.98 4.76 3.69 2.64 1.43 0.04 0.00 0.00 0.00 0.00
0.00 0.00 0.00 0.00 0.00 0.00 0.00 0.00 0.00 10.00 31.86 48.86 68.87 79.74 83.97 81.17 71.39 50.84 29.43 2.41 0.00 0.00 0.00 0.00
0.00 0.00 0.00 0.00 0.00 0.00 0.00 0.00 0.00 5.42 17.53 26.73 35.82 35.40 37.27 35.45 27.46 19.49 10.44 0.12 0.00 0.00 0.00 0.00
0.00 0.00 0.00 0.00 0.00 0.00 0.00 0.00 0.00 4.45 14.83 22.86 30.62 30.57 31.64 30.02 23.64 17.16 9.22 0.12 0.00 0.00 0.00 0.00
0.00 0.00 0.00 0.00 0.00 0.00 0.00 0.00 0.00 10.43 54.04 91.48 131.84 133.19 140.54 133.21 163.39 117.00 70.02 11.70 0.00 0.00 0.00 0.00
0.00 0.00 0.00 0.00 0.00 0.00 0.00 0.00 0.00 9.92 51.40 87.02 125.40 126.69 133.68 126.71 155.42 111.29 66.61 11.13 0.00 0.00 0.00 0.00
0.00 0.00 0.00 0.00 0.00 0.00 0.00 0.00 0.00 19.08 98.85 167.34 241.16 243.63 257.09 243.68 298.88 214.02 128.09 21.41 0.00 0.00 0.00 0.00
0.00 0.00 0.00 0.00 0.00 0.00 0.00 0.00 0.00 18.76 97.20 164.55 237.14 239.57 252.80 239.62 293.90 210.45 125.96 21.05 0.00 0.00 0.00 0.00
0.00 0.00 0.00 0.00 0.00 0.00 0.00 0.00 0.00 18.84 121.95 206.90 292.77 322.39 337.04 319.90 295.73 210.47 121.75 12.91 0.00 0.00 0.00 0.00
0.00 0.00 0.00 0.00 0.00 0.00 0.00 0.00 0.00 0.54 1.58 2.37 3.11 3.34 3.51 3.32 2.22 1.58 0.84 0.00 0.00 0.00 0.00 0.00
0.00 0.00 0.00 0.00 0.00 0.00 0.00 0.00 0.00 2.73 8.01 12.01 15.75 16.93 17.80 16.84 11.24 8.00 4.28 0.02 0.00 0.00 0.00 0.00
0.00 0.00 0.00 0.00 0.00 0.00 0.00 0.00 0.00 13.93 40.89 61.32 80.42 86.45 90.85 85.96 57.40 40.86 21.83 0.12 0.00 0.00 0.00 0.00
0.00 0.00 0.00 0.00 0.00 0.00 0.00 0.00 0.00 0.71 3.69 6.25 9.00 9.10 9.60 9.10 11.16 7.99 4.78 0.80 0.00 0.00 0.00 0.00
0.00 0.00 0.00 0.00 0.00 0.00 0.00 0.00 0.00 17.13 95.11 158.86 225.92 208.59 219.52 209.59 231.18 163.63 94.88 10.77 0.00 0.00 0.00 0.00
0.00 0.00 0.00 0.00 0.00 0.00 0.00 0.00 0.00 2.16 8.02 12.70 17.28 19.21 20.83 20.22 18.42 14.14 8.15 0.90 0.00 0.00 0.00 0.00
0.00 0.00 0.00 0.00 0.00 0.00 0.00 0.00 0.00 10.70 51.96 84.62 117.41 126.84 130.26 122.50 106.96 78.14 42.60 1.08 0.00 0.00 0.00 0.00
0.00 0.00 0.00 0.00 0.00 0.00 0.00 0.00 0.00 0.29 1.59 2.65 3.77 3.48 3.66 3.49 3.85 2.73 1.58 0.18 0.00 0.00 0.00 0.00
0.00 0.00 0.00 0.00 0.00 0.00 0.00 0.00 0.00 12.85 71.33 119.14 169.44 156.45 164.64 157.20 173.38 122.72 71.16 8.07 0.00 0.00 0.00 0.00
0.00 0.00 0.00 0.00 0.00 0.00 0.00 0.00 0.00 16.49 91.55 152.90 217.45 200.77 211.28 201.73 222.51 157.49 91.32 10.36 0.00 0.00 0.00 0.00
0.00 0.00 0.00 0.00 0.00 0.00 0.00 0.00 0.00 24.85 160.82 272.85 386.09 425.15 444.48 421.87 389.99 277.55 160.56 17.02 0.00 0.00 0.00 0.00
0.00 0.00 0.00 0.00 0.00 0.00 0.00 0.00 0.00 1.20 3.97 6.08 8.51 9.02 9.71 9.18 7.37 5.28 2.92 0.14 0.00 0.00 0.00 0.00
0.00 0.00 0.00 0.00 0.00 0.00 0.00 0.00 0.00 1.53 5.02 7.68 10.76 11.15 11.90 11.32 8.82 6.30 3.47 0.15 0.00 0.00 0.00 0.00
0.00 0.00 0.00 0.00 0.00 0.00 0.00 0.00 0.00 8.90 33.08 52.39 71.29 79.24 85.93 83.41 75.99 58.33 33.61 3.73 0.00 0.00 0.00 0.00
0.00 0.00 0.00 0.00 0.00 0.00 0.00 0.00 0.00 3.54 107.56 194.86 273.41 314.85 338.20 323.09 286.25 206.35 119.71 13.61 0.00 0.00 0.00 0.00
0.00 0.00 0.00 0.00 0.00 0.00 0.00 0.00 0.00 0.44 1.38 2.10 2.83 2.78 2.90 2.77 2.17 1.56 0.82 0.00 0.00 0.00 0.00 0.00
0.00 0.00 0.00 0.00 0.00 0.00 0.00 0.00 0.00 4.57 24.78 41.02 57.74 63.60 65.59 61.57 56.11 40.42 22.91 1.89 0.00 0.00 0.00 0.00
0.00 0.00 0.00 0.00 0.00 0.00 0.00 0.00 0.00 1.04 5.84 10.11 14.56 22.07 23.79 22.43 21.11 15.50 9.61 2.04 0.00 0.00 0.00 0.00
0.00 0.00 0.00 0.00 0.00 0.00 0.00 0.00 0.00 0.97 3.15 4.78 6.38 6.85 6.88 6.36 5.06 3.59 1.73 0.00 0.00 0.00 0.00 0.00
0.00 0.00 0.00 0.00 0.00 0.00 0.00 0.00 0.00 0.48 1.57 2.39 3.19 3.42 3.44 3.18 2.53 1.79 0.87 0.00 0.00 0.00 0.00 0.00
0.00 0.00 0.00 0.00 0.00 0.00 0.00 0.00 0.00 1.06 3.44 5.23 6.98 7.49 7.53 6.96 5.54 3.92 1.90 0.00 0.00 0.00 0.00 0.00
0.00 0.00 0.00 0.00 0.00 0.00 0.00 0.00 0.00 1.29 4.11 6.23 8.24 9.26 9.43 8.85 6.91 4.91 2.40 0.00 0.00 0.00 0.00 0.00
0.00 0.00 0.00 0.00 0.00 0.00 0.00 0.00 0.00 1.96 6.27 9.50 12.55 14.10 14.37 13.48 10.53 7.48 3.65 0.00 0.00 0.00 0.00 0.00
0.00 0.00 0.00 0.00 0.00 0.00 0.00 0.00 0.00 1.62 5.42 8.28 11.29 12.30 12.41 11.42 7.92 5.64 2.79 0.00 0.00 0.00 0.00 0.00
0.00 0.00 0.00 0.00 0.00 0.00 0.00 0.00 0.00 0.95 4.24 6.81 9.35 10.19 10.39 9.92 8.50 6.15 3.23 0.00 0.00 0.00 0.00 0.00
0.00 0.00 0.00 0.00 0.00 0.00 0.00 0.00 0.00 2.46 10.96 17.58 24.15 26.33 26.83 25.62 21.96 15.88 8.33 0.00 0.00 0.00 0.00 0.00
0.00 0.00 0.00 0.00 0.00 0.00 0.00 0.00 0.00 0.67 2.95 4.73 6.46 6.84 6.96 6.63 5.64 4.11 2.21 0.01 0.00 0.00 0.00 0.00
0.00 0.00 0.00 0.00 0.00 0.00 0.00 0.00 0.00 2.08 6.36 9.56 12.63 12.83 13.26 12.60 9.58 6.87 3.54 0.00 0.00 0.00 0.00 0.00
0.00 0.00 0.00 0.00 0.00 0.00 0.00 0.00 0.00 3.21 10.14 15.37 20.84 23.76 24.47 22.67 16.52 11.86 6.02 0.00 0.00 0.00 0.00 0.00
0.00 0.00 0.00 0.00 0.00 0.00 0.00 0.00 0.00 0.53 1.44 2.11 2.70 3.09 3.14 2.92 2.25 1.58 0.76 0.00 0.00 0.00 0.00 0.00
0.00 0.00 0.00 0.00 0.00 0.00 0.00 0.00 0.00 2.97 8.25 12.19 16.12 18.48 18.68 17.27 11.84 8.43 4.26 0.00 0.00 0.00 0.00 0.00
0.00 0.00 0.00 0.00 0.00 0.00 0.00 0.00 0.00 2.11 5.74 8.51 11.06 12.51 12.68 11.72 8.24 5.80 2.87 0.00 0.00 0.00 0.00 0.00
0.00 0.00 0.00 0.00 0.00 0.00 0.00 0.00 0.00 2.91 7.91 11.74 15.26 17.27 17.50 16.17 11.38 8.00 3.95 0.00 0.00 0.00 0.00 0.00
0.00 0.00 0.00 0.00 0.00 0.00 0.00 0.00 0.00 1.98 5.39 8.00 10.40 11.76 11.92 11.01 7.75 5.45 2.69 0.00 0.00 0.00 0.00 0.00
0.00 0.00 0.00 0.00 0.00 0.00 0.00 0.00 0.00 1.59 4.40 6.50 8.59 9.85 9.96 9.21 6.32 4.49 2.27 0.00 0.00 0.00 0.00 0.00
0.00 0.00 0.00 0.00 0.00 0.00 0.00 0.00 0.00 1.65 4.50 6.64 8.42 9.56 9.83 9.02 6.57 4.63 2.26 0.00 0.00 0.00 0.00 0.00
0.00 0.00 0.00 0.00 0.00 0.00 0.00 0.00 0.00 1.54 4.53 6.80 8.91 9.58 10.07 9.53 6.36 4.53 2.42 0.01 0.00 0.00 0.00 0.00
0.00 0.00 0.00 0.00 0.00 0.00 0.00 0.00 0.00 13.02 41.47 63.60 89.64 103.79 109.30 105.65 92.92 66.18 38.30 3.14 0.00 0.00 0.00 0.00
0.00 0.00 0.00 0.00 0.00 0.00 0.00 0.00 0.00 1.95 6.39 9.77 13.32 13.19 13.86 13.30 10.30 7.49 4.07 0.12 0.00 0.00 0.00 0.00
0.00 0.00 0.00 0.00 0.00 0.00 0.00 0.00 0.00 3.15 9.73 14.70 20.13 20.71 21.33 20.38 14.51 10.42 5.53 0.00 0.00 0.00 0.00 0.00
0.00 0.00 0.00 0.00 0.00 0.00 0.00 0.00 0.00 1.45 4.46 6.74 9.23 9.49 9.78 9.34 6.65 4.78 2.54 0.00 0.00 0.00 0.00 0.00
0.00 0.00 0.00 0.00 0.00 0.00 0.00 0.00 0.00 2.42 7.94 12.14 16.45 16.25 17.03 16.33 12.59 9.21 5.00 0.14 0.00 0.00 0.00 0.00
0.00 0.00 0.00 0.00 0.00 0.00 0.00 0.00 0.00 1.06 3.36 5.09 6.86 6.76 7.05 6.73 5.27 3.78 2.00 0.00 0.00 0.00 0.00 0.00
0.00 0.00 0.00 0.00 0.00 0.00 0.00 0.00 0.00 9.22 34.25 54.24 73.81 82.05 88.97 86.36 78.68 60.40 34.80 3.86 0.00 0.00 0.00 0.00
0.00 0.00 0.00 0.00 0.00 0.00 0.00 0.00 0.00 2.56 12.43 20.23 28.08 30.33 31.15 29.29 25.58 18.69 10.19 0.26 0.00 0.00 0.00 0.00
0.00 0.00 0.00 0.00 0.00 0.00 0.00 0.00 0.00 0.61 2.81 4.58 6.33 6.92 7.07 6.64 5.90 4.29 2.36 0.10 0.00 0.00 0.00 0.00
0.00 0.00 0.00 0.00 0.00 0.00 0.00 0.00 0.00 0.80 3.50 5.65 7.80 8.36 8.72 8.23 7.57 5.46 3.02 0.16 0.00 0.00 0.00 0.00
0.00 0.00 0.00 0.00 0.00 0.00 0.00 0.00 0.00 1.28 5.61 9.04 12.48 13.38 13.94 13.16 12.11 8.73 4.82 0.26 0.00 0.00 0.00 0.00
0.00 0.00 0.00 0.00 0.00 0.00 0.00 0.00 0.00 19.40 100.49 170.13 245.18 247.69 261.37 247.74 303.87 217.59 130.23 21.77 0.00 0.00 0.00 0.00
