0.00 0.00 0.00 0.00 0.00 0.00 0.00 0.00 0.24 1.07 2.06 2.88 3.56 3.93 4.03 3.86 3.32 2.42 1.50 0.19 0.00 0.00 0.00 0.00
0.00 0.00 0.00 0.00 0.00 0.00 0.00 0.00 7.66 20.50 29.34 40.09 46.41 57.32 56.13 51.35 47.22 33.00 18.72 0.89 0.00 0.00 0.00 0.00
0.00 0.00 0.00 0.00 0.00 0.00 0.00 0.00 5.46 24.50 47.05 65.94 81.41 89.94 92.10 88.21 75.84 55.31 34.30 4.41 0.00 0.00 0.00 0.00
0.00 0.00 0.00 0.00 0.00 0.00 0.00 0.00 19.39 87.09 167.22 234.36 289.33 319.64 327.32 313.50 269.54 196.58 121.90 15.66 0.00 0.00 0.00 0.00
0.00 0.00 0.00 0.00 0.00 0.00 0.00 0.00 2.11 4.87 7.69 10.06 11.33 11.85 11.40 10.09 6.87 4.68 2.47 0.00 0.00 0.00 0.00 0.00
0.00 0.00 0.00 0.00 0.00 0.00 0.00 0.00 34.90 186.26 366.48 515.23 640.50 735.88 766.12 739.54 634.59 464.89 293.79 44.81 0.00 0.00 0.00 0.00
0.00 0.00 0.00 0.00 0.00 0.00 0.00 0.00 0.89 2.38 4.08 5.55 6.54 6.79 6.84 6.32 4.55 3.10 1.72 0.05 0.00 0.00 0.00 0.00
0.00 0.00 0.00 0.00 0.00 0.00 0.00 0.00 0.57 1.51 2.48 3.35 3.77 3.34 3.28 3.03 2.40 1.68 0.95 0.06 0.00 0.00 0.00 0.00
0.00 0.00 0.00 0.00 0.00 0.00 0.00 0.00 0.91 2.41 3.97 5.36 6.04 5.34 5.25 4.86 3.84 2.69 1.52 0.10 0.00 0.00 0.00 0.00
0.00 0.00 0.00 0.00 0.00 0.00 0.00 0.00 0.91 2.41 3.97 5.36 6.04 5.34 5.25 4.86 3.84 2.69 1.52 0.10 0.00 0.00 0.00 0.00
0.00 0.00 0.00 0.00 0.00 0.00 0.00 0.00 1.68 4.88 8.43 11.85 13.91 15.89 15.65 14.74 11.84 8.36 4.84 0.34 0.00 0.00 0.00 0.00
0.00 0.00 0.00 0.00 0.00 0.00 0.00 0.00 0.79 2.29 3.92 5.52 6.41 7.35 7.26 6.89 5.39 3.79 2.19 0.15 0.00 0.00 0.00 0.00
0.00 0.00 0.00 0.00 0.00 0.00 0.00 0.00 1.02 2.95 5.04 7.10 8.24 9.45 9.33 8.86 6.94 4.88 2.82 0.20 0.00 0.00 0.00 0.00
0.00 0.00 0.00 0.00 0.00 0.00 0.00 0.00 0.68 1.97 3.36 4.73 5.49 6.30 6.22 5.91 4.62 3.25 1.88 0.13 0.00 0.00 0.00 0.00
0.00 0.00 0.00 0.00 0.00 0.00 0.00 0.00 0.68 1.97 3.36 4.73 5.49 6.30 6.22 5.91 4.62 3.25 1.88 0.13 0.00 0.00 0.00 0.00
0.00 0.00 0.00 0.00 0.00 0.00 0.00 0.00 7.28 22.45 35.58 50.56 59.65 54.70 54.81 51.21 45.88 32.48 19.29 3.19 0.00 0.00 0.00 0.00
0.00 0.00 0.00 0.00 0.00 0.00 0.00 0.00 5.36 15.21 26.47 36.82 42.72 47.57 47.41 44.09 34.72 24.59 14.11 0.97 0.00 0.00 0.00 0.00
0.00 0.00 0.00 0.00 0.00 0.00 0.00 0.00 4.11 12.04 21.11 29.20 34.99 39.64 39.65 37.36 30.23 21.45 12.40 0.82 0.00 0.00 0.00 0.00
0.00 0.00 0.00 0.00 0.00 0.00 0.00 0.00 10.29 54.94 108.10 151.97 188.92 217.06 225.98 218.14 187.18 137.13 86.66 13.22 0.00 0.00 0.00 0.00
0.00 0.00 0.00 0.00 0.00 0.00 0.00 0.00 9.79 52.26 102.83 144.56 179.71 206.47 214.96 207.50 178.05 130.44 82.43 12.57 0.00 0.00 0.00 0.00
0.00 0.00 0.00 0.00 0.00 0.00 0.00 0.00 18.83 100.50 197.74 278.00 345.59 397.06 413.38 399.03 342.40 250.84 158.52 24.18 0.00 0.00 0.00 0.00
0.00 0.00 0.00 0.00 0.00 0.00 0.00 0.00 18.52 98.82 194.45 273.37 339.83 390.44 406.49 392.38 336.70 246.66 155.88 23.78 0.00 0.00 0.00 0.00
0.00 0.00 0.00 0.00 0.00 0.00 0.00 0.00 22.80 109.46 213.20 296.27 372.20 394.31 407.00 386.45 326.93 238.51 148.71 19.43 0.00 0.00 0.00 0.00
0.00 0.00 0.00 0.00 0.00 0.00 0.00 0.00 0.57 1.51 2.48 3.35 3.77 3.34 3.28 3.03 2.40 1.68 0.95 0.06 0.00 0.00 0.00 0.00
0.00 0.00 0.00 0.00 0.00 0.00 0.00 0.00 2.87 7.64 12.58 16.97 19.12 16.91 16.61 15.38 12.17 8.51 4.81 0.32 0.00 0.00 0.00 0.00
0.00 0.00 0.00 0.00 0.00 0.00 0.00 0.00 14.63 38.98 64.21 86.66 97.60 86.33 84.81 78.50 62.14 43.43 24.57 1.61 0.00 0.00 0.00 0.00
0.00 0.00 0.00 0.00 0.00 0.00 0.00 0.00 0.70 3.75 7.38 10.38 12.90 14.82 15.43 14.90 12.78 9.36 5.92 0.90 0.00 0.00 0.00 0.00
0.00 0.00 0.00 0.00 0.00 0.00 0.00 0.00 19.09 85.73 164.62 230.71 284.82 314.66 322.21 308.61 265.34 193.52 120.00 15.41 0.00 0.00 0.00 0.00
0.00 0.00 0.00 0.00 0.00 0.00 0.00 0.00 1.84 6.51 11.69 17.03 21.51 23.62 24.98 24.33 18.27 13.54 8.19 1.12 0.00 0.00 0.00 0.00
0.00 0.00 0.00 0.00 0.00 0.00 0.00 0.00 12.85 46.13 84.71 117.46 139.68 149.48 155.77 145.93 124.59 87.96 52.92 4.81 0.00 0.00 0.00 0.00
0.00 0.00 0.00 0.00 0.00 0.00 0.00 0.00 0.32 1.43 2.74 3.85 4.75 5.24 5.37 5.14 4.42 3.23 2.00 0.26 0.00 0.00 0.00 0.00
0.00 0.00 0.00 0.00 0.00 0.00 0.00 0.00 14.32 64.30 123.46 173.03 213.62 235.99 241.66 231.46 199.01 145.14 90.00 11.56 0.00 0.00 0.00 0.00
0.00 0.00 0.00 0.00 0.00 0.00 0.00 0.00 18.37 82.51 158.44 222.06 274.14 302.86 310.13 297.04 255.39 186.26 115.50 14.84 0.00 0.00 0.00 0.00
0.00 0.00 0.00 0.00 0.00 0.00 0.00 0.00 30.07 144.35 281.15 390.71 490.84 520.00 536.73 509.63 431.13 314.53 196.11 25.62 0.00 0.00 0.00 0.00
0.00 0.00 0.00 0.00 0.00 0.00 0.00 0.00 1.05 3.11 5.52 7.77 9.15 10.57 10.41 9.60 7.34 5.26 3.07 0.27 0.00 0.00 0.00 0.00
0.00 0.00 0.00 0.00 0.00 0.00 0.00 0.00 1.40 4.13 7.21 10.09 11.97 13.72 13.46 12.71 9.81 7.01 4.08 0.33 0.00 0.00 0.00 0.00
0.00 0.00 0.00 0.00 0.00 0.00 0.00 0.00 7.58 26.84 48.23 70.25 88.73 97.41 103.02 100.36 75.37 55.87 33.79 4.63 0.00 0.00 0.00 0.00
0.00 0.00 0.00 0.00 0.00 0.00 0.00 0.00 10.80 76.93 121.12 173.05 218.32 157.61 164.29 155.85 113.94 83.98 53.14 16.02 0.00 0.00 0.00 0.00
0.00 0.00 0.00 0.00 0.00 0.00 0.00 0.00 0.45 1.25 2.16 2.90 3.38 3.75 3.70 3.41 2.50 1.75 1.00 0.06 0.00 0.00 0.00 0.00
0.00 0.00 0.00 0.00 0.00 0.00 0.00 0.00 5.37 21.92 41.66 58.18 71.10 78.35 80.91 75.98 63.65 46.08 28.24 3.47 0.00 0.00 0.00 0.00
0.00 0.00 0.00 0.00 0.00 0.00 0.00 0.00 0.99 7.21 14.56 20.93 25.54 28.67 29.74 28.28 24.01 17.72 11.44 2.22 0.00 0.00 0.00 0.00
0.00 0.00 0.00 0.00 0.00 0.00 0.00 0.00 1.08 2.80 4.77 6.53 7.78 7.64 7.49 6.95 4.73 3.24 1.78 0.04 0.00 0.00 0.00 0.00
0.00 0.00 0.00 0.00 0.00 0.00 0.00 0.00 0.54 1.40 2.39 3.27 3.89 3.82 3.75 3.48 2.37 1.62 0.89 0.02 0.00 0.00 0.00 0.00
0.00 0.00 0.00 0.00 0.00 0.00 0.00 0.00 1.18 3.06 5.22 7.15 8.51 8.36 8.19 7.61 5.17 3.55 1.95 0.05 0.00 0.00 0.00 0.00
0.00 0.00 0.00 0.00 0.00 0.00 0.00 0.00 1.43 3.71 6.32 8.52 10.08 10.38 10.31 9.57 6.27 4.27 2.35 0.08 0.00 0.00 0.00 0.00
0.00 0.00 0.00 0.00 0.00 0.00 0.00 0.00 2.18 5.66 9.62 12.98 15.36 15.82 15.71 14.58 9.56 6.51 3.58 0.12 0.00 0.00 0.00 0.00
0.00 0.00 0.00 0.00 0.00 0.00 0.00 0.00 1.81 4.83 8.32 11.19 13.30 14.12 14.26 13.18 8.99 6.22 3.46 0.11 0.00 0.00 0.00 0.00
0.00 0.00 0.00 0.00 0.00 0.00 0.00 0.00 1.19 3.87 6.89 9.39 11.11 10.71 10.99 10.34 8.48 5.98 3.51 0.24 0.00 0.00 0.00 0.00
0.00 0.00 0.00 0.00 0.00 0.00 0.00 0.00 3.09 9.99 17.79 24.26 28.70 27.66 28.40 26.70 21.92 15.46 9.06 0.62 0.00 0.00 0.00 0.00
0.00 0.00 0.00 0.00 0.00 0.00 0.00 0.00 0.77 2.57 4.65 6.30 7.56 7.86 8.10 7.47 5.77 4.02 2.38 0.22 0.00 0.00 0.00 0.00
0.00 0.00 0.00 0.00 0.00 0.00 0.00 0.00 2.15 5.68 9.67 13.05 14.91 15.42 15.40 14.09 9.52 6.59 3.69 0.15 0.00 0.00 0.00 0.00
0.00 0.00 0.00 0.00 0.00 0.00 0.00 0.00 3.39 9.02 15.43 20.78 24.39 27.08 27.73 25.61 17.88 12.18 6.80 0.23 0.00 0.00 0.00 0.00
0.00 0.00 0.00 0.00 0.00 0.00 0.00 0.00 0.63 1.46 2.34 3.09 3.42 3.24 3.18 2.86 1.85 1.28 0.68 0.00 0.00 0.00 0.00 0.00
0.00 0.00 0.00 0.00 0.00 0.00 0.00 0.00 3.41 8.38 13.61 18.04 20.33 19.76 19.07 17.29 12.76 8.89 4.86 0.13 0.00 0.00 0.00 0.00
0.00 0.00 0.00 0.00 0.00 0.00 0.00 0.00 2.33 5.56 9.05 11.89 13.16 13.69 13.42 12.06 7.22 4.90 2.63 0.03 0.00 0.00 0.00 0.00
0.00 0.00 0.00 0.00 0.00 0.00 0.00 0.00 3.22 7.68 12.50 16.41 18.16 18.89 18.52 16.65 9.97 6.76 3.64 0.04 0.00 0.00 0.00 0.00
0.00 0.00 0.00 0.00 0.00 0.00 0.00 0.00 2.19 5.23 8.51 11.18 12.37 12.87 12.61 11.34 6.79 4.60 2.48 0.03 0.00 0.00 0.00 0.00
0.00 0.00 0.00 0.00 0.00 0.00 0.00 0.00 1.82 4.47 7.26 9.62 10.84 10.54 10.17 9.22 6.81 4.74 2.59 0.07 0.00 0.00 0.00 0.00
0.00 0.00 0.00 0.00 0.00 0.00 0.00 0.00 1.80 4.19 6.68 8.83 9.95 10.74 10.50 9.42 5.68 3.82 2.03 0.00 0.00 0.00 0.00 0.00
0.00 0.00 0.00 0.00 0.00 0.00 0.00 0.00 1.62 4.32 7.12 9.60 10.82 9.57 9.40 8.70 6.89 4.81 2.72 0.18 0.00 0.00 0.00 0.00
0.00 0.00 0.00 0.00 0.00 0.00 0.00 0.00 9.47 29.22 46.31 65.81 77.63 71.20 71.34 66.65 59.71 42.27 25.11 4.15 0.00 0.00 0.00 0.00
0.00 0.00 0.00 0.00 0.00 0.00 0.00 0.00 1.91 5.53 9.56 13.43 15.77 18.00 17.74 16.70 13.42 9.47 5.48 0.39 0.00 0.00 0.00 0.00
0.00 0.00 0.00 0.00 0.00 0.00 0.00 0.00 3.03 8.27 13.34 18.01 20.88 26.08 26.04 24.32 19.01 13.48 7.66 0.36 0.00 0.00 0.00 0.00
0.00 0.00 0.00 0.00 0.00 0.00 0.00 0.00 1.39 3.79 6.11 8.25 9.57 11.95 11.94 11.14 8.71 6.18 3.51 0.16 0.00 0.00 0.00 0.00
0.00 0.00 0.00 0.00 0.00 0.00 0.00 0.00 2.35 6.81 11.84 16.58 19.48 22.22 21.93 20.56 16.69 11.89 6.88 0.48 0.00 0.00 0.00 0.00
0.00 0.00 0.00 0.00 0.00 0.00 0.00 0.00 1.10 3.03 5.26 7.04 8.21 9.11 8.99 8.28 6.06 4.25 2.42 0.15 0.00 0.00 0.00 0.00
0.00 0.00 0.00 0.00 0.00 0.00 0.00 0.00 7.84 27.79 49.93 72.73 91.86 100.86 106.67 103.91 78.04 57.84 34.98 4.79 0.00 0.00 0.00 0.00
0.00 0.00 0.00 0.00 0.00 0.00 0.00 0.00 3.07 11.03 20.26 28.09 33.40 35.75 37.25 34.90 29.79 21.03 12.65 1.15 0.00 0.00 0.00 0.00
0.00 0.00 0.00 0.00 0.00 0.00 0.00 0.00 0.69 2.48 4.53 6.32 7.55 8.33 8.53 7.94 6.64 4.80 2.89 0.26 0.00 0.00 0.00 0.00
0.00 0.00 0.00 0.00 0.00 0.00 0.00 0.00 0.87 3.06 5.57 7.66 9.26 10.45 10.61 9.87 8.22 5.94 3.56 0.34 0.00 0.00 0.00 0.00
0.00 0.00 0.00 0.00 0.00 0.00 0.00 0.00 1.39 4.90 8.91 12.26 14.82 16.72 16.97 15.78 13.16 9.50 5.69 0.54 0.00 0.00 0.00 0.00
0.00 0.00 0.00 0.00 0.00 0.00 0.00 0.00 19.14 102.17 201.04 282.63 351.35 403.68 420.27 405.68 348.11 255.02 161.16 24.58 0.00 0.00 0.00 0.00
