0.00 0.00 0.00 0.00 0.00 0.00 0.00 0.00 0.02 0.84 1.35 1.98 2.51 2.37 2.43 2.32 1.91 1.32 0.70 0.00 0.00 0.00 0.00 0.00
0.00 0.00 0.00 0.00 0.00 0.00 0.00 0.00 4.66 16.83 33.12 46.01 53.53 49.46 48.23 43.60 23.94 15.77 7.45 0.00 0.00 0.00 0.00 0.00
0.00 0.00 0.00 0.00 0.00 0.00 0.00 0.00 0.38 19.27 30.88 45.25 57.31 54.14 55.60 52.98 43.65 30.13 16.01 0.00 0.00 0.00 0.00 0.00
0.00 0.00 0.00 0.00 0.00 0.00 0.00 0.00 1.35 68.49 109.73 160.82 203.69 192.42 197.60 188.29 155.14 107.08 56.89 0.00 0.00 0.00 0.00 0.00
0.00 0.00 0.00 0.00 0.00 0.00 0.00 0.00 1.34 3.92 6.38 8.49 9.62 11.57 11.04 9.61 7.34 4.64 1.88 0.00 0.00 0.00 0.00 0.00
0.00 0.00 0.00 0.00 0.00 0.00 0.00 0.00 0.00 150.08 332.93 485.00 612.69 558.61 585.91 565.39 359.04 250.99 138.81 4.31 0.00 0.00 0.00 0.00
0.00 0.00 0.00 0.00 0.00 0.00 0.00 0.00 0.45 1.90 2.84 3.98 4.77 3.83 3.89 3.59 1.93 1.22 0.52 0.00 0.00 0.00 0.00 0.00
0.00 0.00 0.00 0.00 0.00 0.00 0.00 0.00 0.25 0.93 1.79 2.46 2.79 3.11 3.03 2.77 2.16 1.42 0.67 0.00 0.00 0.00 0.00 0.00
0.00 0.00 0.00 0.00 0.00 0.00 0.00 0.00 0.40 1.48 2.86 3.94 4.47 4.98 4.85 4.43 3.46 2.28 1.06 0.00 0.00 0.00 0.00 0.00
0.00 0.00 0.00 0.00 0.00 0.00 0.00 0.00 0.40 1.48 2.86 3.94 4.47 4.98 4.85 4.43 3.46 2.28 1.06 0.00 0.00 0.00 0.00 0.00
0.00 0.00 0.00 0.00 0.00 0.00 0.00 0.00 0.82 3.73 6.61 9.49 11.24 12.41 12.18 11.33 8.08 5.38 2.59 0.00 0.00 0.00 0.00 0.00
0.00 0.00 0.00 0.00 0.00 0.00 0.00 0.00 0.37 1.66 2.95 4.24 4.97 5.36 5.27 4.94 3.70 2.45 1.18 0.00 0.00 0.00 0.00 0.00
0.00 0.00 0.00 0.00 0.00 0.00 0.00 0.00 0.48 2.13 3.79 5.46 6.39 6.89 6.78 6.36 4.76 3.15 1.51 0.00 0.00 0.00 0.00 0.00
0.00 0.00 0.00 0.00 0.00 0.00 0.00 0.00 0.32 1.42 2.53 3.64 4.26 4.59 4.52 4.24 3.17 2.10 1.01 0.00 0.00 0.00 0.00 0.00
0.00 0.00 0.00 0.00 0.00 0.00 0.00 0.00 0.32 1.42 2.53 3.64 4.26 4.59 4.52 4.24 3.17 2.10 1.01 0.00 0.00 0.00 0.00 0.00
0.00 0.00 0.00 0.00 0.00 0.00 0.00 0.00 5.60 25.46 48.40 69.70 82.31 78.14 77.80 71.74 49.90 33.62 17.28 0.00 0.00 0.00 0.00 0.00
0.00 0.00 0.00 0.00 0.00 0.00 0.00 0.00 2.73 11.89 21.60 30.72 35.94 37.93 37.66 34.60 20.48 13.66 6.47 0.00 0.00 0.00 0.00 0.00
0.00 0.00 0.00 0.00 0.00 0.00 0.00 0.00 2.07 9.93 15.45 21.92 26.54 25.78 25.67 23.88 15.29 10.25 4.90 0.00 0.00 0.00 0.00 0.00
0.00 0.00 0.00 0.00 0.00 0.00 0.00 0.00 0.00 44.27 98.20 143.06 180.72 164.77 172.82 166.77 105.90 74.03 40.94 1.27 0.00 0.00 0.00 0.00
0.00 0.00 0.00 0.00 0.00 0.00 0.00 0.00 0.00 42.11 93.41 136.08 171.91 156.73 164.39 158.64 100.74 70.42 38.95 1.21 0.00 0.00 0.00 0.00
0.00 0.00 0.00 0.00 0.00 0.00 0.00 0.00 0.00 80.98 179.64 261.69 330.59 301.41 316.14 305.07 193.73 135.43 74.90 2.33 0.00 0.00 0.00 0.00
0.00 0.00 0.00 0.00 0.00 0.00 0.00 0.00 0.00 79.63 176.65 257.33 325.08 296.38 310.87 299.98 190.50 133.17 73.65 2.29 0.00 0.00 0.00 0.00
0.00 0.00 0.00 0.00 0.00 0.00 0.00 0.00 0.00 64.22 108.28 157.24 202.14 198.59 205.22 193.46 167.42 115.08 61.10 0.00 0.00 0.00 0.00 0.00
0.00 0.00 0.00 0.00 0.00 0.00 0.00 0.00 0.25 0.93 1.79 2.46 2.79 3.11 3.03 2.77 2.16 1.42 0.67 0.00 0.00 0.00 0.00 0.00
0.00 0.00 0.00 0.00 0.00 0.00 0.00 0.00 1.27 4.70 9.05 12.48 14.16 15.76 15.37 14.03 10.96 7.22 3.37 0.00 0.00 0.00 0.00 0.00
0.00 0.00 0.00 0.00 0.00 0.00 0.00 0.00 6.47 23.99 46.22 63.69 72.29 80.44 78.48 71.61 55.94 36.86 17.21 0.00 0.00 0.00 0.00 0.00
0.00 0.00 0.00 0.00 0.00 0.00 0.00 0.00 0.00 3.02 6.71 9.77 12.34 11.25 11.80 11.39 7.23 5.06 2.80 0.09 0.00 0.00 0.00 0.00
0.00 0.00 0.00 0.00 0.00 0.00 0.00 0.00 1.33 67.42 108.02 158.31 200.52 189.42 194.52 185.35 152.72 105.41 56.00 0.00 0.00 0.00 0.00 0.00
0.00 0.00 0.00 0.00 0.00 0.00 0.00 0.00 0.72 5.30 10.61 15.82 20.13 17.91 18.86 18.14 16.33 11.46 5.94 0.00 0.00 0.00 0.00 0.00
0.00 0.00 0.00 0.00 0.00 0.00 0.00 0.00 1.43 16.10 34.02 49.21 59.86 67.94 70.55 65.28 38.59 25.35 12.50 0.00 0.00 0.00 0.00 0.00
0.00 0.00 0.00 0.00 0.00 0.00 0.00 0.00 0.02 1.12 1.80 2.64 3.34 3.16 3.24 3.09 2.55 1.76 0.93 0.00 0.00 0.00 0.00 0.00
0.00 0.00 0.00 0.00 0.00 0.00 0.00 0.00 1.00 50.56 81.02 118.73 150.39 142.07 145.89 139.01 114.54 79.06 42.00 0.00 0.00 0.00 0.00 0.00
0.00 0.00 0.00 0.00 0.00 0.00 0.00 0.00 1.28 64.89 103.97 152.37 193.00 182.32 187.23 178.40 146.99 101.46 53.90 0.00 0.00 0.00 0.00 0.00
0.00 0.00 0.00 0.00 0.00 0.00 0.00 0.00 0.00 84.70 142.79 207.36 266.58 261.88 270.64 255.12 220.79 151.77 80.58 0.00 0.00 0.00 0.00 0.00
0.00 0.00 0.00 0.00 0.00 0.00 0.00 0.00 0.59 2.74 4.91 7.05 8.37 8.53 8.36 7.61 5.53 3.74 1.83 0.00 0.00 0.00 0.00 0.00
0.00 0.00 0.00 0.00 0.00 0.00 0.00 0.00 0.76 3.51 6.07 8.67 10.37 10.72 10.47 9.76 7.17 4.84 2.36 0.00 0.00 0.00 0.00 0.00
0.00 0.00 0.00 0.00 0.00 0.00 0.00 0.00 2.97 21.88 43.76 65.24 83.02 73.89 77.78 74.85 67.36 47.28 24.50 0.00 0.00 0.00 0.00 0.00
0.00 0.00 0.00 0.00 0.00 0.00 0.00 0.00 0.00 49.54 51.75 77.11 98.83 92.14 95.49 89.29 160.53 111.34 59.90 0.00 0.00 0.00 0.00 0.00
0.00 0.00 0.00 0.00 0.00 0.00 0.00 0.00 0.22 0.92 1.58 2.17 2.55 2.72 2.68 2.43 1.28 0.85 0.39 0.00 0.00 0.00 0.00 0.00
0.00 0.00 0.00 0.00 0.00 0.00 0.00 0.00 0.51 10.96 20.76 30.30 37.94 40.17 41.51 38.67 32.33 22.02 11.38 0.00 0.00 0.00 0.00 0.00
0.00 0.00 0.00 0.00 0.00 0.00 0.00 0.00 0.00 5.78 13.10 19.50 24.15 27.48 28.60 27.08 21.94 15.57 8.98 0.38 0.00 0.00 0.00 0.00
0.00 0.00 0.00 0.00 0.00 0.00 0.00 0.00 0.55 2.20 3.49 4.92 5.93 5.03 4.95 4.57 2.24 1.42 0.60 0.00 0.00 0.00 0.00 0.00
0.00 0.00 0.00 0.00 0.00 0.00 0.00 0.00 0.28 1.10 1.75 2.46 2.97 2.52 2.48 2.29 1.12 0.71 0.30 0.00 0.00 0.00 0.00 0.00
0.00 0.00 0.00 0.00 0.00 0.00 0.00 0.00 0.61 2.41 3.82 5.38 6.49 5.50 5.42 5.00 2.45 1.55 0.65 0.00 0.00 0.00 0.00 0.00
0.00 0.00 0.00 0.00 0.00 0.00 0.00 0.00 0.79 3.12 5.31 7.34 8.77 7.12 7.08 6.52 4.46 2.82 1.20 0.00 0.00 0.00 0.00 0.00
0.00 0.00 0.00 0.00 0.00 0.00 0.00 0.00 1.20 4.76 8.09 11.18 13.36 10.85 10.79 9.93 6.80 4.30 1.83 0.00 0.00 0.00 0.00 0.00
0.00 0.00 0.00 0.00 0.00 0.00 0.00 0.00 0.93 3.95 5.82 8.07 9.75 7.73 7.87 7.27 4.00 2.57 1.11 0.00 0.00 0.00 0.00 0.00
0.00 0.00 0.00 0.00 0.00 0.00 0.00 0.00 0.24 1.89 2.99 4.25 5.13 5.64 5.75 5.31 3.94 2.57 1.21 0.00 0.00 0.00 0.00 0.00
0.00 0.00 0.00 0.00 0.00 0.00 0.00 0.00 0.63 4.89 7.72 10.97 13.26 14.58 14.84 13.71 10.18 6.65 3.12 0.00 0.00 0.00 0.00 0.00
0.00 0.00 0.00 0.00 0.00 0.00 0.00 0.00 0.12 0.98 2.04 2.89 3.57 3.64 3.73 3.40 3.11 2.01 0.97 0.00 0.00 0.00 0.00 0.00
0.00 0.00 0.00 0.00 0.00 0.00 0.00 0.00 0.96 3.67 5.92 8.18 9.43 9.98 9.91 8.94 5.48 3.55 1.59 0.00 0.00 0.00 0.00 0.00
0.00 0.00 0.00 0.00 0.00 0.00 0.00 0.00 1.87 7.50 10.40 14.35 17.00 13.37 13.62 12.41 11.10 7.09 3.17 0.00 0.00 0.00 0.00 0.00
0.00 0.00 0.00 0.00 0.00 0.00 0.00 0.00 0.43 1.28 2.16 2.91 3.23 3.47 3.37 2.98 2.36 1.51 0.62 0.00 0.00 0.00 0.00 0.00
0.00 0.00 0.00 0.00 0.00 0.00 0.00 0.00 1.94 6.28 10.09 13.62 15.46 17.62 16.88 15.06 13.92 9.07 3.94 0.00 0.00 0.00 0.00 0.00
0.00 0.00 0.00 0.00 0.00 0.00 0.00 0.00 1.56 4.82 8.16 10.92 12.16 12.51 12.18 10.78 9.14 5.78 2.43 0.00 0.00 0.00 0.00 0.00
0.00 0.00 0.00 0.00 0.00 0.00 0.00 0.00 2.15 6.65 11.26 15.07 16.78 17.26 16.81 14.88 12.61 7.97 3.36 0.00 0.00 0.00 0.00 0.00
0.00 0.00 0.00 0.00 0.00 0.00 0.00 0.00 1.46 4.53 7.67 10.26 11.43 11.76 11.45 10.14 8.59 5.43 2.29 0.00 0.00 0.00 0.00 0.00
0.00 0.00 0.00 0.00 0.00 0.00 0.00 0.00 1.03 3.35 5.38 7.27 8.25 9.40 9.00 8.03 7.43 4.84 2.10 0.00 0.00 0.00 0.00 0.00
0.00 0.00 0.00 0.00 0.00 0.00 0.00 0.00 1.17 3.45 5.76 7.76 8.80 10.19 9.89 8.74 6.70 4.19 1.72 0.00 0.00 0.00 0.00 0.00
0.00 0.00 0.00 0.00 0.00 0.00 0.00 0.00 0.72 2.66 5.12 7.06 8.01 8.91 8.70 7.94 6.20 4.08 1.91 0.00 0.00 0.00 0.00 0.00
0.00 0.00 0.00 0.00 0.00 0.00 0.00 0.00 7.29 33.13 62.99 90.72 107.14 101.70 101.26 93.37 64.95 43.76 22.49 0.00 0.00 0.00 0.00 0.00
0.00 0.00 0.00 0.00 0.00 0.00 0.00 0.00 0.93 4.23 7.49 10.76 12.74 14.07 13.80 12.84 9.16 6.09 2.93 0.00 0.00 0.00 0.00 0.00
0.00 0.00 0.00 0.00 0.00 0.00 0.00 0.00 1.27 5.10 8.80 12.15 14.22 14.65 14.58 13.45 10.28 6.84 3.18 0.00 0.00 0.00 0.00 0.00
0.00 0.00 0.00 0.00 0.00 0.00 0.00 0.00 0.58 2.34 4.03 5.57 6.52 6.72 6.68 6.17 4.71 3.13 1.46 0.00 0.00 0.00 0.00 0.00
0.00 0.00 0.00 0.00 0.00 0.00 0.00 0.00 1.19 5.41 9.66 13.84 16.39 18.20 17.89 16.57 11.12 7.47 3.59 0.00 0.00 0.00 0.00 0.00
0.00 0.00 0.00 0.00 0.00 0.00 0.00 0.00 0.54 2.23 3.84 5.27 6.20 6.61 6.50 5.91 3.12 2.05 0.95 0.00 0.00 0.00 0.00 0.00
0.00 0.00 0.00 0.00 0.00 0.00 0.00 0.00 3.07 22.65 45.31 67.54 85.96 76.50 80.53 77.49 69.74 48.95 25.36 0.00 0.00 0.00 0.00 0.00
0.00 0.00 0.00 0.00 0.00 0.00 0.00 0.00 0.34 3.85 8.14 11.77 14.31 16.25 16.87 15.61 9.23 6.06 2.99 0.00 0.00 0.00 0.00 0.00
0.00 0.00 0.00 0.00 0.00 0.00 0.00 0.00 0.08 0.91 1.87 2.73 3.35 3.64 3.72 3.43 2.94 1.99 0.99 0.00 0.00 0.00 0.00 0.00
0.00 0.00 0.00 0.00 0.00 0.00 0.00 0.00 0.21 1.97 2.56 3.68 4.57 4.87 4.95 4.58 4.31 2.93 1.46 0.00 0.00 0.00 0.00 0.00
0.00 0.00 0.00 0.00 0.00 0.00 0.00 0.00 0.34 3.15 4.10 5.89 7.31 7.79 7.92 7.32 6.89 4.68 2.34 0.00 0.00 0.00 0.00 0.00
0.00 0.00 0.00 0.00 0.00 0.00 0.00 0.00 0.00 82.33 182.63 266.05 336.10 306.43 321.41 310.15 196.96 137.68 76.15 2.37 0.00 0.00 0.00 0.00
