0.00 0.00 0.00 0.00 0.00 0.00 0.00 0.00 0.49 1.38 2.38 3.28 4.06 4.58 4.70 4.49 3.95 3.03 1.93 0.65 0.00 0.00 0.00 0.00
0.00 0.00 0.00 0.00 0.00 0.00 0.00 0.00 15.30 34.37 53.54 68.70 83.07 88.83 86.77 80.88 68.70 51.04 32.64 7.08 0.00 0.00 0.00 0.00
0.00 0.00 0.00 0.00 0.00 0.00 0.00 0.00 11.32 31.52 54.40 75.01 92.73 104.63 107.54 102.63 90.29 69.22 44.20 14.76 0.00 0.00 0.00 0.00
0.00 0.00 0.00 0.00 0.00 0.00 0.00 0.00 40.22 112.03 193.35 266.58 329.57 371.83 382.18 364.73 320.88 246.00 157.09 52.45 0.00 0.00 0.00 0.00
0.00 0.00 0.00 0.00 0.00 0.00 0.00 0.00 3.03 6.01 8.79 11.14 12.78 14.05 13.67 12.54 10.59 7.77 4.92 0.82 0.00 0.00 0.00 0.00
0.00 0.00 0.00 0.00 0.00 0.00 0.00 0.00 78.38 238.95 427.57 593.91 733.84 823.97 846.44 827.34 737.92 567.07 364.63 125.50 3.09 0.00 0.00 0.00
0.00 0.00 0.00 0.00 0.00 0.00 0.00 0.00 1.51 3.20 5.05 6.63 7.92 8.51 8.61 8.02 6.91 5.14 3.28 0.77 0.00 0.00 0.00 0.00
0.00 0.00 0.00 0.00 0.00 0.00 0.00 0.00 0.89 1.97 3.13 4.12 4.81 5.36 5.31 4.98 4.40 3.31 2.06 0.47 0.00 0.00 0.00 0.00
0.00 0.00 0.00 0.00 0.00 0.00 0.00 0.00 1.43 3.16 5.01 6.59 7.70 8.58 8.49 7.97 7.04 5.29 3.29 0.76 0.00 0.00 0.00 0.00
0.00 0.00 0.00 0.00 0.00 0.00 0.00 0.00 1.43 3.16 5.01 6.59 7.70 8.58 8.49 7.97 7.04 5.29 3.29 0.76 0.00 0.00 0.00 0.00
0.00 0.00 0.00 0.00 0.00 0.00 0.00 0.00 2.28 5.27 10.38 13.89 16.80 20.08 20.31 19.04 16.48 12.16 7.52 1.99 0.00 0.00 0.00 0.00
0.00 0.00 0.00 0.00 0.00 0.00 0.00 0.00 0.98 2.26 4.89 6.60 7.98 9.51 9.49 8.87 7.81 5.76 3.53 0.92 0.00 0.00 0.00 0.00
0.00 0.00 0.00 0.00 0.00 0.00 0.00 0.00 1.26 2.91 6.29 8.48 10.26 12.23 12.21 11.41 10.04 7.41 4.54 1.18 0.00 0.00 0.00 0.00
0.00 0.00 0.00 0.00 0.00 0.00 0.00 0.00 0.84 1.94 4.19 5.66 6.84 8.15 8.14 7.61 6.69 4.94 3.03 0.79 0.00 0.00 0.00 0.00
0.00 0.00 0.00 0.00 0.00 0.00 0.00 0.00 0.84 1.94 4.19 5.66 6.84 8.15 8.14 7.61 6.69 4.94 3.03 0.79 0.00 0.00 0.00 0.00
0.00 0.00 0.00 0.00 0.00 0.00 0.00 0.00 15.28 38.26 64.17 85.90 102.63 99.58 100.18 94.34 73.08 54.93 33.23 9.51 0.00 0.00 0.00 0.00
0.00 0.00 0.00 0.00 0.00 0.00 0.00 0.00 7.44 16.90 32.42 43.07 51.88 60.50 61.11 56.98 50.62 37.39 23.26 5.71 0.00 0.00 0.00 0.00
0.00 0.00 0.00 0.00 0.00 0.00 0.00 0.00 7.30 16.76 27.50 36.51 43.69 48.48 48.10 45.46 41.06 31.00 19.62 5.00 0.00 0.00 0.00 0.00
0.00 0.00 0.00 0.00 0.00 0.00 0.00 0.00 23.12 70.48 126.12 175.18 216.46 243.04 249.67 244.04 217.66 167.27 107.55 37.02 0.91 0.00 0.00 0.00
0.00 0.00 0.00 0.00 0.00 0.00 0.00 0.00 21.99 67.04 119.97 166.64 205.90 231.19 237.49 232.13 207.04 159.11 102.31 35.21 0.87 0.00 0.00 0.00
0.00 0.00 0.00 0.00 0.00 0.00 0.00 0.00 42.29 128.93 230.70 320.46 395.96 444.59 456.71 446.41 398.16 305.97 196.74 67.72 1.67 0.00 0.00 0.00
0.00 0.00 0.00 0.00 0.00 0.00 0.00 0.00 41.59 126.78 226.86 315.11 389.36 437.18 449.10 438.97 391.52 300.87 193.47 66.59 1.64 0.00 0.00 0.00
0.00 0.00 0.00 0.00 0.00 0.00 0.00 0.00 51.21 144.04 250.68 344.72 429.88 482.14 495.97 471.53 417.04 322.25 207.09 70.59 0.15 0.00 0.00 0.00
0.00 0.00 0.00 0.00 0.00 0.00 0.00 0.00 0.89 1.97 3.13 4.12 4.81 5.36 5.31 4.98 4.40 3.31 2.06 0.47 0.00 0.00 0.00 0.00
0.00 0.00 0.00 0.00 0.00 0.00 0.00 0.00 4.52 10.01 15.86 20.88 24.38 27.18 26.90 25.25 22.30 16.75 10.42 2.40 0.00 0.00 0.00 0.00
0.00 0.00 0.00 0.00 0.00 0.00 0.00 0.00 23.07 51.08 80.99 106.61 124.45 138.74 137.31 128.91 113.85 85.54 53.22 12.27 0.00 0.00 0.00 0.00
0.00 0.00 0.00 0.00 0.00 0.00 0.00 0.00 1.58 4.81 8.61 11.96 14.78 16.60 17.05 16.67 14.86 11.42 7.35 2.53 0.06 0.00 0.00 0.00
0.00 0.00 0.00 0.00 0.00 0.00 0.00 0.00 39.60 110.29 190.33 262.43 324.43 366.04 376.23 359.04 315.88 242.17 154.64 51.63 0.00 0.00 0.00 0.00
0.00 0.00 0.00 0.00 0.00 0.00 0.00 0.00 3.85 10.02 16.63 22.81 28.10 30.97 31.05 29.03 24.22 18.15 11.95 4.02 0.00 0.00 0.00 0.00
0.00 0.00 0.00 0.00 0.00 0.00 0.00 0.00 24.24 59.55 98.46 133.81 162.26 179.59 184.52 172.98 147.25 113.70 71.59 21.53 0.00 0.00 0.00 0.00
0.00 0.00 0.00 0.00 0.00 0.00 0.00 0.00 0.66 1.84 3.17 4.37 5.41 6.10 6.27 5.98 5.26 4.04 2.58 0.86 0.00 0.00 0.00 0.00
0.00 0.00 0.00 0.00 0.00 0.00 0.00 0.00 29.70 82.72 142.75 196.82 243.32 274.53 282.17 269.28 236.91 181.63 115.98 38.72 0.00 0.00 0.00 0.00
0.00 0.00 0.00 0.00 0.00 0.00 0.00 0.00 38.11 106.15 183.20 252.59 312.27 352.31 362.12 345.58 304.04 233.09 148.84 49.69 0.00 0.00 0.00 0.00
0.00 0.00 0.00 0.00 0.00 0.00 0.00 0.00 67.54 189.96 330.58 454.60 566.91 635.83 654.06 621.83 549.97 424.97 273.09 93.10 0.20 0.00 0.00 0.00
0.00 0.00 0.00 0.00 0.00 0.00 0.00 0.00 1.95 4.59 7.95 10.75 13.09 14.42 14.47 13.48 12.14 9.05 5.58 1.55 0.00 0.00 0.00 0.00
0.00 0.00 0.00 0.00 0.00 0.00 0.00 0.00 2.23 5.25 9.70 13.11 15.93 18.26 18.27 16.98 15.32 11.43 7.01 1.92 0.00 0.00 0.00 0.00
0.00 0.00 0.00 0.00 0.00 0.00 0.00 0.00 15.90 41.32 68.62 94.08 115.91 127.76 128.08 119.77 99.92 74.85 49.28 16.59 0.00 0.00 0.00 0.00
0.00 0.00 0.00 0.00 0.00 0.00 0.00 0.00 43.59 131.84 236.47 322.92 401.71 459.25 475.36 451.80 377.36 295.49 194.75 81.81 7.80 0.00 0.00 0.00
0.00 0.00 0.00 0.00 0.00 0.00 0.00 0.00 0.69 1.55 2.59 3.49 4.21 4.72 4.74 4.37 3.83 2.86 1.79 0.42 0.00 0.00 0.00 0.00
0.00 0.00 0.00 0.00 0.00 0.00 0.00 0.00 10.74 28.41 47.76 65.29 79.92 89.94 91.43 87.07 77.68 59.12 37.06 11.90 0.00 0.00 0.00 0.00
0.00 0.00 0.00 0.00 0.00 0.00 0.00 0.00 2.39 8.34 15.27 21.56 26.83 30.10 30.68 28.94 25.20 19.48 13.00 4.88 0.41 0.00 0.00 0.00
0.00 0.00 0.00 0.00 0.00 0.00 0.00 0.00 1.81 3.77 5.82 7.52 8.94 9.62 9.77 9.15 7.82 5.75 3.67 0.83 0.00 0.00 0.00 0.00
0.00 0.00 0.00 0.00 0.00 0.00 0.00 0.00 0.91 1.89 2.91 3.76 4.47 4.81 4.89 4.58 3.91 2.87 1.84 0.42 0.00 0.00 0.00 0.00
0.00 0.00 0.00 0.00 0.00 0.00 0.00 0.00 1.98 4.13 6.36 8.22 9.77 10.52 10.69 10.01 8.55 6.28 4.02 0.91 0.00 0.00 0.00 0.00
0.00 0.00 0.00 0.00 0.00 0.00 0.00 0.00 2.34 4.91 7.73 10.03 11.83 12.68 12.68 12.04 10.41 7.72 4.92 1.10 0.00 0.00 0.00 0.00
0.00 0.00 0.00 0.00 0.00 0.00 0.00 0.00 3.57 7.48 11.78 15.28 18.03 19.32 19.33 18.35 15.86 11.76 7.50 1.68 0.00 0.00 0.00 0.00
0.00 0.00 0.00 0.00 0.00 0.00 0.00 0.00 3.03 6.45 10.19 13.42 15.91 17.22 17.33 16.27 14.09 10.49 6.69 1.58 0.00 0.00 0.00 0.00
0.00 0.00 0.00 0.00 0.00 0.00 0.00 0.00 2.16 5.01 8.17 10.92 13.28 14.46 14.74 14.08 11.81 8.80 5.49 1.50 0.00 0.00 0.00 0.00
0.00 0.00 0.00 0.00 0.00 0.00 0.00 0.00 5.58 12.94 21.09 28.20 34.30 37.36 38.08 36.38 30.51 22.74 14.19 3.87 0.00 0.00 0.00 0.00
0.00 0.00 0.00 0.00 0.00 0.00 0.00 0.00 1.42 3.36 5.41 7.36 8.96 9.69 9.75 9.12 7.83 5.93 3.72 1.06 0.00 0.00 0.00 0.00
0.00 0.00 0.00 0.00 0.00 0.00 0.00 0.00 3.41 7.38 11.59 15.53 18.40 20.60 20.75 18.90 16.40 12.04 7.52 1.71 0.00 0.00 0.00 0.00
0.00 0.00 0.00 0.00 0.00 0.00 0.00 0.00 5.44 11.69 18.69 24.72 29.80 32.54 32.50 30.20 26.78 19.96 12.48 2.88 0.00 0.00 0.00 0.00
0.00 0.00 0.00 0.00 0.00 0.00 0.00 0.00 0.94 1.86 2.82 3.54 4.07 4.42 4.37 4.04 3.50 2.54 1.61 0.29 0.00 0.00 0.00 0.00
0.00 0.00 0.00 0.00 0.00 0.00 0.00 0.00 5.09 10.58 16.18 20.84 24.64 27.41 26.95 24.92 21.62 15.67 9.88 2.02 0.00 0.00 0.00 0.00
0.00 0.00 0.00 0.00 0.00 0.00 0.00 0.00 3.50 7.12 10.79 13.73 15.79 17.55 17.26 16.18 14.04 10.35 6.54 1.28 0.00 0.00 0.00 0.00
0.00 0.00 0.00 0.00 0.00 0.00 0.00 0.00 4.83 9.82 14.89 18.95 21.79 24.22 23.81 22.32 19.37 14.29 9.02 1.77 0.00 0.00 0.00 0.00
0.00 0.00 0.00 0.00 0.00 0.00 0.00 0.00 3.29 6.69 10.14 12.90 14.85 16.50 16.22 15.20 13.19 9.73 6.14 1.21 0.00 0.00 0.00 0.00
0.00 0.00 0.00 0.00 0.00 0.00 0.00 0.00 2.72 5.64 8.63 11.11 13.14 14.62 14.37 13.29 11.53 8.36 5.27 1.08 0.00 0.00 0.00 0.00
0.00 0.00 0.00 0.00 0.00 0.00 0.00 0.00 2.68 5.37 7.93 10.23 11.81 13.10 12.84 11.82 10.08 7.41 4.68 0.81 0.00 0.00 0.00 0.00
0.00 0.00 0.00 0.00 0.00 0.00 0.00 0.00 2.56 5.66 8.98 11.82 13.79 15.38 15.22 14.29 12.62 9.48 5.90 1.36 0.00 0.00 0.00 0.00
0.00 0.00 0.00 0.00 0.00 0.00 0.00 0.00 19.89 49.80 83.52 111.80 133.58 129.61 130.39 122.79 95.12 71.50 43.25 12.37 0.00 0.00 0.00 0.00
0.00 0.00 0.00 0.00 0.00 0.00 0.00 0.00 2.58 5.97 11.76 15.74 19.04 22.76 23.02 21.57 18.68 13.78 8.52 2.25 0.00 0.00 0.00 0.00
0.00 0.00 0.00 0.00 0.00 0.00 0.00 0.00 4.83 10.78 19.14 25.67 30.51 35.13 34.93 32.54 27.96 20.42 12.85 3.07 0.00 0.00 0.00 0.00
0.00 0.00 0.00 0.00 0.00 0.00 0.00 0.00 2.21 4.94 8.77 11.76 13.98 16.10 16.01 14.91 12.81 9.36 5.89 1.41 0.00 0.00 0.00 0.00
0.00 0.00 0.00 0.00 0.00 0.00 0.00 0.00 3.38 7.80 14.67 19.54 23.61 28.25 28.70 26.85 23.25 17.22 10.71 2.77 0.00 0.00 0.00 0.00
0.00 0.00 0.00 0.00 0.00 0.00 0.00 0.00 1.68 3.76 6.29 8.48 10.22 11.46 11.51 10.62 9.31 6.94 4.34 1.03 0.00 0.00 0.00 0.00
0.00 0.00 0.00 0.00 0.00 0.00 0.00 0.00 16.46 42.78 71.04 97.41 120.01 132.28 132.61 124.00 103.45 77.50 51.02 17.18 0.00 0.00 0.00 0.00
0.00 0.00 0.00 0.00 0.00 0.00 0.00 0.00 5.80 14.24 23.54 32.00 38.80 42.95 44.12 41.36 35.21 27.19 17.12 5.15 0.00 0.00 0.00 0.00
0.00 0.00 0.00 0.00 0.00 0.00 0.00 0.00 1.29 3.21 5.29 7.13 8.67 9.61 9.86 9.38 7.93 5.99 3.83 1.15 0.00 0.00 0.00 0.00
0.00 0.00 0.00 0.00 0.00 0.00 0.00 0.00 1.62 4.00 6.63 9.09 11.19 12.49 12.43 11.60 10.09 7.54 4.79 1.42 0.00 0.00 0.00 0.00
0.00 0.00 0.00 0.00 0.00 0.00 0.00 0.00 2.58 6.40 10.60 14.55 17.90 19.99 19.89 18.56 16.15 12.07 7.67 2.27 0.00 0.00 0.00 0.00
0.00 0.00 0.00 0.00 0.00 0.00 0.00 0.00 43.00 131.08 234.55 325.80 402.56 452.00 464.32 453.85 404.79 311.07 200.02 68.85 1.70 0.00 0.00 0.00
