0.00 0.00 0.00 0.00 0.00 0.00 0.00 0.00 0.00 0.19 1.32 2.18 2.92 3.33 3.44 3.10 2.47 1.71 0.74 0.00 0.00 0.00 0.00 0.00
0.00 0.00 0.00 0.00 0.00 0.00 0.00 0.00 0.00 10.08 28.68 43.17 54.21 60.36 62.40 55.56 42.84 28.73 11.26 0.00 0.00 0.00 0.00 0.00
0.00 0.00 0.00 0.00 0.00 0.00 0.00 0.00 0.00 4.46 30.17 49.87 66.71 76.23 78.76 70.96 56.39 39.13 17.02 0.00 0.00 0.00 0.00 0.00
0.00 0.00 0.00 0.00 0.00 0.00 0.00 0.00 0.00 15.83 107.23 177.24 237.08 270.92 279.89 252.18 200.40 139.07 60.50 0.00 0.00 0.00 0.00 0.00
0.00 0.00 0.00 0.00 0.00 0.00 0.00 0.00 0.00 1.52 3.71 5.50 6.77 7.96 7.90 6.82 6.32 3.97 1.10 0.00 0.00 0.00 0.00 0.00
0.00 0.00 0.00 0.00 0.00 0.00 0.00 0.00 0.00 32.41 239.97 401.28 538.94 627.29 657.11 604.77 484.61 336.35 157.76 0.00 0.00 0.00 0.00 0.00
0.00 0.00 0.00 0.00 0.00 0.00 0.00 0.00 0.00 0.73 2.62 3.98 5.08 5.71 5.71 5.08 3.84 2.42 0.67 0.00 0.00 0.00 0.00 0.00
0.00 0.00 0.00 0.00 0.00 0.00 0.00 0.00 0.00 0.56 1.65 2.49 3.13 3.48 3.55 3.16 2.47 1.64 0.61 0.00 0.00 0.00 0.00 0.00
0.00 0.00 0.00 0.00 0.00 0.00 0.00 0.00 0.00 0.90 2.64 3.98 5.00 5.58 5.68 5.05 3.94 2.62 0.98 0.00 0.00 0.00 0.00 0.00
0.00 0.00 0.00 0.00 0.00 0.00 0.00 0.00 0.00 0.90 2.64 3.98 5.00 5.58 5.68 5.05 3.94 2.62 0.98 0.00 0.00 0.00 0.00 0.00
0.00 0.00 0.00 0.00 0.00 0.00 0.00 0.00 0.00 1.79 6.01 9.05 11.70 13.13 13.24 11.82 9.53 6.38 2.45 0.00 0.00 0.00 0.00 0.00
0.00 0.00 0.00 0.00 0.00 0.00 0.00 0.00 0.00 0.86 2.84 4.27 5.52 6.21 6.29 5.61 4.43 2.97 1.14 0.00 0.00 0.00 0.00 0.00
0.00 0.00 0.00 0.00 0.00 0.00 0.00 0.00 0.00 1.11 3.66 5.49 7.09 7.99 8.09 7.22 5.70 3.81 1.47 0.00 0.00 0.00 0.00 0.00
0.00 0.00 0.00 0.00 0.00 0.00 0.00 0.00 0.00 0.74 2.44 3.66 4.73 5.33 5.39 4.81 3.80 2.54 0.98 0.00 0.00 0.00 0.00 0.00
0.00 0.00 0.00 0.00 0.00 0.00 0.00 0.00 0.00 0.74 2.44 3.66 4.73 5.33 5.39 4.81 3.80 2.54 0.98 0.00 0.00 0.00 0.00 0.00
0.00 0.00 0.00 0.00 0.00 0.00 0.00 0.00 0.00 10.86 33.27 51.39 66.58 76.72 81.11 73.15 57.76 38.41 17.43 0.00 0.00 0.00 0.00 0.00
0.00 0.00 0.00 0.00 0.00 0.00 0.00 0.00 0.00 5.38 17.90 26.88 35.23 40.49 40.47 35.55 28.08 18.64 6.89 0.00 0.00 0.00 0.00 0.00
0.00 0.00 0.00 0.00 0.00 0.00 0.00 0.00 0.00 4.16 14.69 22.31 28.31 32.40 33.05 28.88 23.16 15.39 5.68 0.00 0.00 0.00 0.00 0.00
0.00 0.00 0.00 0.00 0.00 0.00 0.00 0.00 0.00 9.56 70.78 118.36 158.97 185.03 193.82 178.39 142.94 99.21 46.53 0.00 0.00 0.00 0.00 0.00
0.00 0.00 0.00 0.00 0.00 0.00 0.00 0.00 0.00 9.09 67.33 112.59 151.21 176.00 184.37 169.68 135.97 94.37 44.26 0.00 0.00 0.00 0.00 0.00
0.00 0.00 0.00 0.00 0.00 0.00 0.00 0.00 0.00 17.49 129.48 216.52 290.80 338.46 354.55 326.31 261.48 181.48 85.12 0.00 0.00 0.00 0.00 0.00
0.00 0.00 0.00 0.00 0.00 0.00 0.00 0.00 0.00 17.20 127.32 212.91 285.95 332.82 348.65 320.88 257.12 178.46 83.70 0.00 0.00 0.00 0.00 0.00
0.00 0.00 0.00 0.00 0.00 0.00 0.00 0.00 0.00 15.34 132.58 223.54 302.09 344.46 359.84 322.83 255.98 177.32 76.05 0.00 0.00 0.00 0.00 0.00
0.00 0.00 0.00 0.00 0.00 0.00 0.00 0.00 0.00 0.56 1.65 2.49 3.13 3.48 3.55 3.16 2.47 1.64 0.61 0.00 0.00 0.00 0.00 0.00
0.00 0.00 0.00 0.00 0.00 0.00 0.00 0.00 0.00 2.86 8.36 12.61 15.84 17.65 17.98 15.99 12.49 8.29 3.09 0.00 0.00 0.00 0.00 0.00
0.00 0.00 0.00 0.00 0.00 0.00 0.00 0.00 0.00 14.59 42.67 64.36 80.86 90.13 91.78 81.63 63.78 42.33 15.77 0.00 0.00 0.00 0.00 0.00
0.00 0.00 0.00 0.00 0.00 0.00 0.00 0.00 0.00 0.65 4.83 8.08 10.86 12.64 13.24 12.18 9.76 6.78 3.18 0.00 0.00 0.00 0.00 0.00
0.00 0.00 0.00 0.00 0.00 0.00 0.00 0.00 0.00 15.59 105.56 174.48 233.39 266.70 275.53 248.25 197.28 136.90 59.55 0.00 0.00 0.00 0.00 0.00
0.00 0.00 0.00 0.00 0.00 0.00 0.00 0.00 0.00 2.26 9.02 14.05 18.11 20.75 21.72 19.60 16.19 11.23 4.93 0.00 0.00 0.00 0.00 0.00
0.00 0.00 0.00 0.00 0.00 0.00 0.00 0.00 0.00 9.14 52.81 85.64 113.20 127.39 129.30 116.46 88.71 59.33 21.90 0.00 0.00 0.00 0.00 0.00
0.00 0.00 0.00 0.00 0.00 0.00 0.00 0.00 0.00 0.26 1.76 2.91 3.89 4.45 4.59 4.14 3.29 2.28 0.99 0.00 0.00 0.00 0.00 0.00
0.00 0.00 0.00 0.00 0.00 0.00 0.00 0.00 0.00 11.69 79.17 130.86 175.04 200.03 206.65 186.19 147.96 102.67 44.66 0.00 0.00 0.00 0.00 0.00
0.00 0.00 0.00 0.00 0.00 0.00 0.00 0.00 0.00 15.00 101.60 167.94 224.64 256.70 265.20 238.94 189.88 131.77 57.32 0.00 0.00 0.00 0.00 0.00
0.00 0.00 0.00 0.00 0.00 0.00 0.00 0.00 0.00 20.22 174.84 294.79 398.38 454.25 474.53 425.74 337.57 233.84 100.30 0.00 0.00 0.00 0.00 0.00
0.00 0.00 0.00 0.00 0.00 0.00 0.00 0.00 0.00 1.34 4.45 6.69 8.62 9.79 10.08 9.12 7.14 4.83 1.94 0.00 0.00 0.00 0.00 0.00
0.00 0.00 0.00 0.00 0.00 0.00 0.00 0.00 0.00 1.67 5.51 8.29 10.68 12.13 12.57 11.31 8.88 5.99 2.39 0.00 0.00 0.00 0.00 0.00
0.00 0.00 0.00 0.00 0.00 0.00 0.00 0.00 0.00 9.30 37.22 57.97 74.72 85.60 89.61 80.85 66.80 46.33 20.33 0.00 0.00 0.00 0.00 0.00
0.00 0.00 0.00 0.00 0.00 0.00 0.00 0.00 0.00 0.00 104.87 192.75 267.69 318.98 328.54 294.20 235.37 162.88 68.37 0.00 0.00 0.00 0.00 0.00
0.00 0.00 0.00 0.00 0.00 0.00 0.00 0.00 0.00 0.43 1.39 2.09 2.69 3.07 3.11 2.74 2.13 1.40 0.50 0.00 0.00 0.00 0.00 0.00
0.00 0.00 0.00 0.00 0.00 0.00 0.00 0.00 0.00 3.98 25.66 42.14 56.65 65.13 66.84 59.85 46.45 31.78 13.03 0.00 0.00 0.00 0.00 0.00
0.00 0.00 0.00 0.00 0.00 0.00 0.00 0.00 0.00 0.98 8.63 14.71 20.11 23.66 25.00 23.34 18.93 13.11 6.64 0.00 0.00 0.00 0.00 0.00
0.00 0.00 0.00 0.00 0.00 0.00 0.00 0.00 0.00 0.89 3.11 4.69 5.91 6.60 6.66 5.77 4.49 2.80 0.72 0.00 0.00 0.00 0.00 0.00
0.00 0.00 0.00 0.00 0.00 0.00 0.00 0.00 0.00 0.44 1.56 2.35 2.95 3.30 3.33 2.88 2.24 1.40 0.36 0.00 0.00 0.00 0.00 0.00
0.00 0.00 0.00 0.00 0.00 0.00 0.00 0.00 0.00 0.97 3.40 5.13 6.46 7.22 7.29 6.31 4.91 3.06 0.79 0.00 0.00 0.00 0.00 0.00
0.00 0.00 0.00 0.00 0.00 0.00 0.00 0.00 0.00 1.18 4.03 6.07 7.69 8.66 8.78 7.69 5.94 3.72 1.01 0.00 0.00 0.00 0.00 0.00
0.00 0.00 0.00 0.00 0.00 0.00 0.00 0.00 0.00 1.80 6.14 9.25 11.71 13.20 13.37 11.72 9.04 5.67 1.53 0.00 0.00 0.00 0.00 0.00
0.00 0.00 0.00 0.00 0.00 0.00 0.00 0.00 0.00 1.47 5.30 8.05 10.31 11.77 11.75 10.54 7.94 5.02 1.41 0.00 0.00 0.00 0.00 0.00
0.00 0.00 0.00 0.00 0.00 0.00 0.00 0.00 0.00 0.80 4.17 6.68 8.75 10.11 10.13 8.99 6.78 4.42 1.45 0.00 0.00 0.00 0.00 0.00
0.00 0.00 0.00 0.00 0.00 0.00 0.00 0.00 0.00 2.08 10.78 17.26 22.59 26.12 26.16 23.23 17.50 11.43 3.74 0.00 0.00 0.00 0.00 0.00
0.00 0.00 0.00 0.00 0.00 0.00 0.00 0.00 0.00 0.56 2.82 4.49 6.03 6.90 7.02 6.14 4.80 3.18 1.13 0.00 0.00 0.00 0.00 0.00
0.00 0.00 0.00 0.00 0.00 0.00 0.00 0.00 0.00 1.99 6.21 9.24 11.69 13.11 13.51 11.69 9.22 5.99 2.00 0.00 0.00 0.00 0.00 0.00
0.00 0.00 0.00 0.00 0.00 0.00 0.00 0.00 0.00 3.00 9.98 15.00 19.08 21.53 21.72 19.34 14.98 9.62 3.00 0.00 0.00 0.00 0.00 0.00
0.00 0.00 0.00 0.00 0.00 0.00 0.00 0.00 0.00 0.46 1.23 1.81 2.20 2.61 2.66 2.32 2.01 1.26 0.34 0.00 0.00 0.00 0.00 0.00
0.00 0.00 0.00 0.00 0.00 0.00 0.00 0.00 0.00 2.81 7.18 10.75 13.19 14.43 14.76 13.11 11.82 7.61 2.45 0.00 0.00 0.00 0.00 0.00
0.00 0.00 0.00 0.00 0.00 0.00 0.00 0.00 0.00 1.80 4.37 6.59 8.16 9.18 9.29 8.21 7.72 4.91 1.48 0.00 0.00 0.00 0.00 0.00
0.00 0.00 0.00 0.00 0.00 0.00 0.00 0.00 0.00 2.48 6.03 9.09 11.26 12.67 12.82 11.32 10.66 6.78 2.04 0.00 0.00 0.00 0.00 0.00
0.00 0.00 0.00 0.00 0.00 0.00 0.00 0.00 0.00 1.69 4.11 6.19 7.67 8.63 8.73 7.71 7.26 4.62 1.39 0.00 0.00 0.00 0.00 0.00
0.00 0.00 0.00 0.00 0.00 0.00 0.00 0.00 0.00 1.50 3.83 5.73 7.03 7.69 7.87 6.99 6.30 4.06 1.30 0.00 0.00 0.00 0.00 0.00
0.00 0.00 0.00 0.00 0.00 0.00 0.00 0.00 0.00 1.44 3.40 5.01 6.27 7.19 7.15 6.20 5.77 3.64 1.05 0.00 0.00 0.00 0.00 0.00
0.00 0.00 0.00 0.00 0.00 0.00 0.00 0.00 0.00 1.62 4.73 7.13 8.96 9.99 10.17 9.05 7.07 4.69 1.75 0.00 0.00 0.00 0.00 0.00
0.00 0.00 0.00 0.00 0.00 0.00 0.00 0.00 0.00 14.13 43.30 66.88 86.66 99.86 105.57 95.22 75.17 49.99 22.69 0.00 0.00 0.00 0.00 0.00
0.00 0.00 0.00 0.00 0.00 0.00 0.00 0.00 0.00 2.03 6.81 10.25 13.26 14.88 15.01 13.39 10.80 7.23 2.78 0.00 0.00 0.00 0.00 0.00
0.00 0.00 0.00 0.00 0.00 0.00 0.00 0.00 0.00 3.24 10.13 15.10 19.66 22.03 21.97 19.41 15.40 10.17 3.68 0.00 0.00 0.00 0.00 0.00
0.00 0.00 0.00 0.00 0.00 0.00 0.00 0.00 0.00 1.48 4.64 6.92 9.01 10.10 10.07 8.90 7.06 4.66 1.69 0.00 0.00 0.00 0.00 0.00
0.00 0.00 0.00 0.00 0.00 0.00 0.00 0.00 0.00 2.51 8.43 12.69 16.36 18.41 18.61 16.46 13.36 8.94 3.42 0.00 0.00 0.00 0.00 0.00
0.00 0.00 0.00 0.00 0.00 0.00 0.00 0.00 0.00 1.04 3.38 5.06 6.54 7.44 7.55 6.64 5.17 3.41 1.21 0.00 0.00 0.00 0.00 0.00
0.00 0.00 0.00 0.00 0.00 0.00 0.00 0.00 0.00 9.63 38.54 60.02 77.37 88.63 92.78 83.71 69.16 47.97 21.05 0.00 0.00 0.00 0.00 0.00
0.00 0.00 0.00 0.00 0.00 0.00 0.00 0.00 0.00 2.19 12.63 20.48 27.07 30.46 30.92 27.85 21.21 14.19 5.24 0.00 0.00 0.00 0.00 0.00
0.00 0.00 0.00 0.00 0.00 0.00 0.00 0.00 0.00 0.51 2.83 4.57 6.11 6.93 6.90 6.28 4.85 3.25 1.23 0.00 0.00 0.00 0.00 0.00
0.00 0.00 0.00 0.00 0.00 0.00 0.00 0.00 0.00 0.70 3.48 5.56 7.26 8.44 8.58 7.76 6.07 4.10 1.59 0.00 0.00 0.00 0.00 0.00
0.00 0.00 0.00 0.00 0.00 0.00 0.00 0.00 0.00 1.12 5.57 8.90 11.62 13.50 13.74 12.41 9.71 6.56 2.54 0.00 0.00 0.00 0.00 0.00
0.00 0.00 0.00 0.00 0.00 0.00 0.00 0.00 0.00 17.78 131.64 220.13 295.64 344.10 360.46 331.75 265.84 184.51 86.54 0.00 0.00 0.00 0.00 0.00
