0.00 0.00 0.00 0.00 0.00 0.00 0.00 0.00 0.00 0.32 1.32 2.07 2.70 3.01 3.08 2.75 2.15 1.47 0.60 0.00 0.00 0.00 0.00 0.00
0.00 0.00 0.00 0.00 0.00 0.00 0.00 0.00 0.00 11.14 22.50 32.84 40.60 42.30 43.33 38.22 37.06 24.32 8.74 0.00 0.00 0.00 0.00 0.00
0.00 0.00 0.00 0.00 0.00 0.00 0.00 0.00 0.00 7.20 30.25 47.30 61.65 68.79 70.40 62.87 49.23 33.60 13.74 0.00 0.00 0.00 0.00 0.00
0.00 0.00 0.00 0.00 0.00 0.00 0.00 0.00 0.00 25.61 107.50 168.10 219.10 244.47 250.19 223.45 174.95 119.43 48.85 0.00 0.00 0.00 0.00 0.00
0.00 0.00 0.00 0.00 0.00 0.00 0.00 0.00 0.00 2.13 4.98 7.12 8.57 9.11 8.95 7.65 5.71 3.50 0.83 0.00 0.00 0.00 0.00 0.00
0.00 0.00 0.00 0.00 0.00 0.00 0.00 0.00 0.00 54.74 235.44 371.69 485.66 559.59 582.00 532.19 418.07 286.29 127.70 0.00 0.00 0.00 0.00 0.00
0.00 0.00 0.00 0.00 0.00 0.00 0.00 0.00 0.00 0.98 2.72 3.95 4.94 5.35 5.29 4.65 3.45 2.12 0.50 0.00 0.00 0.00 0.00 0.00
0.00 0.00 0.00 0.00 0.00 0.00 0.00 0.00 0.00 0.65 1.66 2.42 2.98 2.72 2.75 2.43 1.87 1.22 0.41 0.00 0.00 0.00 0.00 0.00
0.00 0.00 0.00 0.00 0.00 0.00 0.00 0.00 0.00 1.04 2.66 3.87 4.77 4.36 4.40 3.88 3.00 1.95 0.66 0.00 0.00 0.00 0.00 0.00
0.00 0.00 0.00 0.00 0.00 0.00 0.00 0.00 0.00 1.04 2.66 3.87 4.77 4.36 4.40 3.88 3.00 1.95 0.66 0.00 0.00 0.00 0.00 0.00
0.00 0.00 0.00 0.00 0.00 0.00 0.00 0.00 0.00 2.13 6.06 8.78 11.13 12.24 12.23 10.81 8.38 5.51 1.94 0.00 0.00 0.00 0.00 0.00
0.00 0.00 0.00 0.00 0.00 0.00 0.00 0.00 0.00 1.03 2.88 4.16 5.26 5.80 5.81 5.14 3.89 2.56 0.90 0.00 0.00 0.00 0.00 0.00
0.00 0.00 0.00 0.00 0.00 0.00 0.00 0.00 0.00 1.32 3.70 5.34 6.76 7.46 7.47 6.61 5.00 3.29 1.16 0.00 0.00 0.00 0.00 0.00
0.00 0.00 0.00 0.00 0.00 0.00 0.00 0.00 0.00 0.88 2.47 3.56 4.51 4.97 4.98 4.40 3.33 2.19 0.77 0.00 0.00 0.00 0.00 0.00
0.00 0.00 0.00 0.00 0.00 0.00 0.00 0.00 0.00 0.88 2.47 3.56 4.51 4.97 4.98 4.40 3.33 2.19 0.77 0.00 0.00 0.00 0.00 0.00
0.00 0.00 0.00 0.00 0.00 0.00 0.00 0.00 0.00 11.37 31.37 46.89 59.79 70.08 73.37 65.54 49.83 32.55 13.88 0.00 0.00 0.00 0.00 0.00
0.00 0.00 0.00 0.00 0.00 0.00 0.00 0.00 0.00 6.43 18.11 26.15 33.57 37.71 37.33 32.47 24.67 16.06 5.41 0.00 0.00 0.00 0.00 0.00
0.00 0.00 0.00 0.00 0.00 0.00 0.00 0.00 0.00 5.07 14.91 21.70 26.91 29.97 30.26 26.19 20.39 13.30 4.48 0.00 0.00 0.00 0.00 0.00
0.00 0.00 0.00 0.00 0.00 0.00 0.00 0.00 0.00 16.15 69.45 109.64 143.25 165.06 171.67 156.98 123.32 84.45 37.67 0.00 0.00 0.00 0.00 0.00
0.00 0.00 0.00 0.00 0.00 0.00 0.00 0.00 0.00 15.36 66.06 104.29 136.26 157.01 163.29 149.32 117.30 80.33 35.83 0.00 0.00 0.00 0.00 0.00
0.00 0.00 0.00 0.00 0.00 0.00 0.00 0.00 0.00 29.53 127.04 200.55 262.05 301.94 314.03 287.15 225.58 154.47 68.90 0.00 0.00 0.00 0.00 0.00
0.00 0.00 0.00 0.00 0.00 0.00 0.00 0.00 0.00 29.04 124.92 197.21 257.68 296.90 308.79 282.37 221.82 151.90 67.75 0.00 0.00 0.00 0.00 0.00
0.00 0.00 0.00 0.00 0.00 0.00 0.00 0.00 0.00 28.63 130.58 208.04 274.38 315.40 326.47 290.47 227.31 154.67 62.21 0.00 0.00 0.00 0.00 0.00
0.00 0.00 0.00 0.00 0.00 0.00 0.00 0.00 0.00 0.65 1.66 2.42 2.98 2.72 2.75 2.43 1.87 1.22 0.41 0.00 0.00 0.00 0.00 0.00
0.00 0.00 0.00 0.00 0.00 0.00 0.00 0.00 0.00 3.30 8.42 12.25 15.10 13.80 13.93 12.29 9.48 6.16 2.09 0.00 0.00 0.00 0.00 0.00
0.00 0.00 0.00 0.00 0.00 0.00 0.00 0.00 0.00 16.86 42.98 62.56 77.09 70.45 71.13 62.73 48.42 31.46 10.66 0.00 0.00 0.00 0.00 0.00
0.00 0.00 0.00 0.00 0.00 0.00 0.00 0.00 0.00 1.10 4.74 7.49 9.78 11.27 11.72 10.72 8.42 5.77 2.57 0.00 0.00 0.00 0.00 0.00
0.00 0.00 0.00 0.00 0.00 0.00 0.00 0.00 0.00 25.21 105.82 165.48 215.68 240.66 246.29 219.96 172.22 117.57 48.08 0.00 0.00 0.00 0.00 0.00
0.00 0.00 0.00 0.00 0.00 0.00 0.00 0.00 0.00 2.80 9.11 13.62 17.22 18.98 19.66 17.55 14.31 9.75 4.01 0.00 0.00 0.00 0.00 0.00
0.00 0.00 0.00 0.00 0.00 0.00 0.00 0.00 0.00 12.25 49.18 75.65 97.53 115.96 116.30 103.56 77.62 50.71 17.08 0.00 0.00 0.00 0.00 0.00
0.00 0.00 0.00 0.00 0.00 0.00 0.00 0.00 0.00 0.42 1.76 2.76 3.59 4.01 4.10 3.67 2.87 1.96 0.80 0.00 0.00 0.00 0.00 0.00
0.00 0.00 0.00 0.00 0.00 0.00 0.00 0.00 0.00 18.90 79.37 124.11 161.76 180.49 184.72 164.97 129.17 88.18 36.06 0.00 0.00 0.00 0.00 0.00
0.00 0.00 0.00 0.00 0.00 0.00 0.00 0.00 0.00 24.26 101.85 159.28 207.60 231.63 237.06 211.71 165.76 113.16 46.28 0.00 0.00 0.00 0.00 0.00
0.00 0.00 0.00 0.00 0.00 0.00 0.00 0.00 0.00 37.76 172.20 274.36 361.84 415.94 430.54 383.05 299.77 203.98 82.04 0.00 0.00 0.00 0.00 0.00
0.00 0.00 0.00 0.00 0.00 0.00 0.00 0.00 0.00 1.59 4.50 6.51 8.21 9.11 9.29 8.33 6.28 4.17 1.55 0.00 0.00 0.00 0.00 0.00
0.00 0.00 0.00 0.00 0.00 0.00 0.00 0.00 0.00 1.98 5.57 8.06 10.17 11.31 11.61 10.34 7.82 5.18 1.91 0.00 0.00 0.00 0.00 0.00
0.00 0.00 0.00 0.00 0.00 0.00 0.00 0.00 0.00 11.55 37.59 56.18 71.02 78.30 81.10 72.40 59.04 40.23 16.55 0.00 0.00 0.00 0.00 0.00
0.00 0.00 0.00 0.00 0.00 0.00 0.00 0.00 0.00 9.18 100.53 172.35 233.62 289.73 296.24 263.67 212.56 144.07 56.57 0.00 0.00 0.00 0.00 0.00
0.00 0.00 0.00 0.00 0.00 0.00 0.00 0.00 0.00 0.51 1.42 2.04 2.58 2.86 2.87 2.50 1.87 1.21 0.39 0.00 0.00 0.00 0.00 0.00
0.00 0.00 0.00 0.00 0.00 0.00 0.00 0.00 0.00 6.18 25.74 40.11 52.67 59.05 59.94 53.12 40.89 27.46 10.49 0.00 0.00 0.00 0.00 0.00
0.00 0.00 0.00 0.00 0.00 0.00 0.00 0.00 0.00 1.77 8.20 13.28 17.82 21.29 22.35 20.75 16.57 11.24 5.41 0.00 0.00 0.00 0.00 0.00
0.00 0.00 0.00 0.00 0.00 0.00 0.00 0.00 0.00 1.18 3.19 4.61 5.68 6.16 6.14 5.25 4.05 2.46 0.53 0.00 0.00 0.00 0.00 0.00
0.00 0.00 0.00 0.00 0.00 0.00 0.00 0.00 0.00 0.59 1.59 2.31 2.84 3.08 3.07 2.63 2.03 1.23 0.27 0.00 0.00 0.00 0.00 0.00
0.00 0.00 0.00 0.00 0.00 0.00 0.00 0.00 0.00 1.29 3.48 5.04 6.22 6.74 6.72 5.74 4.43 2.69 0.58 0.00 0.00 0.00 0.00 0.00
0.00 0.00 0.00 0.00 0.00 0.00 0.00 0.00 0.00 1.55 4.20 6.06 7.49 8.10 8.10 7.02 5.35 3.28 0.75 0.00 0.00 0.00 0.00 0.00
0.00 0.00 0.00 0.00 0.00 0.00 0.00 0.00 0.00 2.37 6.40 9.23 11.42 12.34 12.34 10.69 8.16 4.99 1.15 0.00 0.00 0.00 0.00 0.00
0.00 0.00 0.00 0.00 0.00 0.00 0.00 0.00 0.00 1.97 5.50 8.00 10.01 11.03 10.87 9.63 7.13 4.40 1.07 0.00 0.00 0.00 0.00 0.00
0.00 0.00 0.00 0.00 0.00 0.00 0.00 0.00 0.00 1.07 4.06 6.17 7.88 9.34 9.24 8.10 6.13 3.91 1.14 0.00 0.00 0.00 0.00 0.00
0.00 0.00 0.00 0.00 0.00 0.00 0.00 0.00 0.00 2.76 10.48 15.95 20.36 24.13 23.86 20.93 15.84 10.09 2.96 0.00 0.00 0.00 0.00 0.00
0.00 0.00 0.00 0.00 0.00 0.00 0.00 0.00 0.00 0.75 2.73 4.13 5.41 6.31 6.34 5.49 4.11 2.66 0.86 0.00 0.00 0.00 0.00 0.00
0.00 0.00 0.00 0.00 0.00 0.00 0.00 0.00 0.00 2.40 6.43 9.17 11.33 12.32 12.55 10.73 8.12 5.16 1.54 0.00 0.00 0.00 0.00 0.00
0.00 0.00 0.00 0.00 0.00 0.00 0.00 0.00 0.00 3.79 10.36 14.91 18.52 20.11 20.04 17.62 13.36 8.38 2.31 0.00 0.00 0.00 0.00 0.00
0.00 0.00 0.00 0.00 0.00 0.00 0.00 0.00 0.00 0.66 1.56 2.21 2.62 2.73 2.75 2.38 1.78 1.09 0.25 0.00 0.00 0.00 0.00 0.00
0.00 0.00 0.00 0.00 0.00 0.00 0.00 0.00 0.00 3.56 8.74 12.58 15.08 15.97 16.16 14.20 10.20 6.42 1.82 0.00 0.00 0.00 0.00 0.00
0.00 0.00 0.00 0.00 0.00 0.00 0.00 0.00 0.00 2.37 5.71 8.27 10.01 10.66 10.67 9.32 6.83 4.25 1.11 0.00 0.00 0.00 0.00 0.00
0.00 0.00 0.00 0.00 0.00 0.00 0.00 0.00 0.00 3.27 7.87 11.42 13.81 14.71 14.73 12.87 9.43 5.87 1.53 0.00 0.00 0.00 0.00 0.00
0.00 0.00 0.00 0.00 0.00 0.00 0.00 0.00 0.00 2.23 5.36 7.78 9.41 10.02 10.03 8.77 6.42 4.00 1.05 0.00 0.00 0.00 0.00 0.00
0.00 0.00 0.00 0.00 0.00 0.00 0.00 0.00 0.00 1.90 4.66 6.71 8.04 8.52 8.62 7.57 5.44 3.42 0.97 0.00 0.00 0.00 0.00 0.00
0.00 0.00 0.00 0.00 0.00 0.00 0.00 0.00 0.00 1.86 4.36 6.20 7.59 8.22 8.10 6.96 5.17 3.19 0.79 0.00 0.00 0.00 0.00 0.00
0.00 0.00 0.00 0.00 0.00 0.00 0.00 0.00 0.00 1.87 4.76 6.93 8.54 7.81 7.88 6.95 5.37 3.49 1.18 0.00 0.00 0.00 0.00 0.00
0.00 0.00 0.00 0.00 0.00 0.00 0.00 0.00 0.00 14.79 40.83 61.03 77.82 91.22 95.50 85.31 64.86 42.37 18.07 0.00 0.00 0.00 0.00 0.00
0.00 0.00 0.00 0.00 0.00 0.00 0.00 0.00 0.00 2.42 6.87 9.95 12.62 13.87 13.86 12.26 9.50 6.24 2.20 0.00 0.00 0.00 0.00 0.00
0.00 0.00 0.00 0.00 0.00 0.00 0.00 0.00 0.00 3.85 10.37 14.85 18.91 20.66 20.38 17.82 13.32 8.62 2.83 0.00 0.00 0.00 0.00 0.00
0.00 0.00 0.00 0.00 0.00 0.00 0.00 0.00 0.00 1.77 4.75 6.81 8.67 9.47 9.34 8.17 6.10 3.95 1.30 0.00 0.00 0.00 0.00 0.00
0.00 0.00 0.00 0.00 0.00 0.00 0.00 0.00 0.00 2.98 8.50 12.31 15.56 17.14 17.17 15.04 11.76 7.71 2.70 0.00 0.00 0.00 0.00 0.00
0.00 0.00 0.00 0.00 0.00 0.00 0.00 0.00 0.00 1.25 3.45 4.96 6.27 6.95 6.97 6.07 4.54 2.93 0.94 0.00 0.00 0.00 0.00 0.00
0.00 0.00 0.00 0.00 0.00 0.00 0.00 0.00 0.00 11.96 38.92 58.16 73.53 81.07 83.97 74.96 61.13 41.65 17.13 0.00 0.00 0.00 0.00 0.00
0.00 0.00 0.00 0.00 0.00 0.00 0.00 0.00 0.00 2.93 11.76 18.09 23.32 27.73 27.81 24.76 18.56 12.13 4.08 0.00 0.00 0.00 0.00 0.00
0.00 0.00 0.00 0.00 0.00 0.00 0.00 0.00 0.00 0.72 2.79 4.28 5.58 6.31 6.22 5.60 4.24 2.79 0.97 0.00 0.00 0.00 0.00 0.00
0.00 0.00 0.00 0.00 0.00 0.00 0.00 0.00 0.00 0.99 3.49 5.31 6.78 7.79 7.83 7.00 5.15 3.41 1.22 0.00 0.00 0.00 0.00 0.00
0.00 0.00 0.00 0.00 0.00 0.00 0.00 0.00 0.00 1.58 5.59 8.50 10.84 12.46 12.54 11.21 8.24 5.46 1.95 0.00 0.00 0.00 0.00 0.00
0.00 0.00 0.00 0.00 0.00 0.00 0.00 0.00 0.00 30.03 129.15 203.90 266.41 306.97 319.26 291.94 229.34 157.05 70.05 0.00 0.00 0.00 0.00 0.00
