0.00 0.00 0.00 0.00 0.00 0.00 0.00 0.00 0.00 0.70 1.81 2.93 3.89 4.62 4.84 4.66 4.09 3.13 1.88 0.48 0.00 0.00 0.00 0.00
0.00 0.00 0.00 0.00 0.00 0.00 0.00 0.00 0.64 13.93 22.35 33.36 42.24 33.31 34.25 33.26 43.29 32.17 19.31 1.90 0.00 0.00 0.00 0.00
0.00 0.00 0.00 0.00 0.00 0.00 0.00 0.00 0.00 16.09 41.48 66.92 88.85 105.57 110.64 106.60 93.42 71.54 43.06 10.93 0.00 0.00 0.00 0.00
0.00 0.00 0.00 0.00 0.00 0.00 0.00 0.00 0.00 57.18 147.40 237.82 315.78 375.18 393.20 378.87 332.01 254.25 153.02 38.84 0.00 0.00 0.00 0.00
0.00 0.00 0.00 0.00 0.00 0.00 0.00 0.00 0.20 1.26 3.46 5.30 6.60 4.22 4.31 4.00 4.22 3.03 1.79 0.28 0.00 0.00 0.00 0.00
0.00 0.00 0.00 0.00 0.00 0.00 0.00 0.00 0.00 119.93 330.17 541.06 712.12 837.66 899.26 874.42 742.89 574.63 360.41 99.13 0.00 0.00 0.00 0.00
0.00 0.00 0.00 0.00 0.00 0.00 0.00 0.00 0.02 1.03 1.99 3.04 3.80 5.23 5.25 4.96 5.29 3.92 2.32 0.40 0.00 0.00 0.00 0.00
0.00 0.00 0.00 0.00 0.00 0.00 0.00 0.00 0.03 0.65 1.18 1.78 2.33 2.48 2.56 2.55 2.51 1.86 1.12 0.30 0.00 0.00 0.00 0.00
0.00 0.00 0.00 0.00 0.00 0.00 0.00 0.00 0.04 1.04 1.89 2.84 3.73 3.97 4.10 4.07 4.01 2.98 1.79 0.48 0.00 0.00 0.00 0.00
0.00 0.00 0.00 0.00 0.00 0.00 0.00 0.00 0.04 1.04 1.89 2.84 3.73 3.97 4.10 4.07 4.01 2.98 1.79 0.48 0.00 0.00 0.00 0.00
0.00 0.00 0.00 0.00 0.00 0.00 0.00 0.00 0.00 2.66 5.48 8.53 11.40 12.89 13.60 13.31 12.58 9.57 5.80 1.19 0.00 0.00 0.00 0.00
0.00 0.00 0.00 0.00 0.00 0.00 0.00 0.00 0.00 1.29 2.60 4.06 5.43 5.80 5.97 5.87 5.93 4.51 2.67 0.58 0.00 0.00 0.00 0.00
0.00 0.00 0.00 0.00 0.00 0.00 0.00 0.00 0.00 1.66 3.35 5.22 6.98 7.45 7.68 7.55 7.63 5.80 3.43 0.75 0.00 0.00 0.00 0.00
0.00 0.00 0.00 0.00 0.00 0.00 0.00 0.00 0.00 1.10 2.23 3.48 4.65 4.97 5.12 5.03 5.09 3.87 2.28 0.50 0.00 0.00 0.00 0.00
0.00 0.00 0.00 0.00 0.00 0.00 0.00 0.00 0.00 1.10 2.23 3.48 4.65 4.97 5.12 5.03 5.09 3.87 2.28 0.50 0.00 0.00 0.00 0.00
0.00 0.00 0.00 0.00 0.00 0.00 0.00 0.00 0.00 15.53 34.73 55.96 75.20 86.45 89.75 86.37 68.19 51.22 29.49 6.68 0.00 0.00 0.00 0.00
0.00 0.00 0.00 0.00 0.00 0.00 0.00 0.00 0.00 7.05 13.68 21.33 28.38 36.76 38.24 36.55 34.80 26.56 15.60 3.13 0.00 0.00 0.00 0.00
0.00 0.00 0.00 0.00 0.00 0.00 0.00 0.00 0.00 6.14 12.89 19.85 26.13 32.10 32.98 31.93 29.66 22.41 13.60 2.74 0.00 0.00 0.00 0.00
0.00 0.00 0.00 0.00 0.00 0.00 0.00 0.00 0.00 35.38 97.39 159.59 210.05 247.08 265.25 257.92 219.13 169.49 106.31 29.24 0.00 0.00 0.00 0.00
0.00 0.00 0.00 0.00 0.00 0.00 0.00 0.00 0.00 33.65 92.64 151.81 199.80 235.03 252.31 245.34 208.44 161.23 101.12 27.81 0.00 0.00 0.00 0.00
0.00 0.00 0.00 0.00 0.00 0.00 0.00 0.00 0.00 64.71 178.15 291.94 384.24 451.97 485.21 471.81 400.84 310.05 194.47 53.48 0.00 0.00 0.00 0.00
0.00 0.00 0.00 0.00 0.00 0.00 0.00 0.00 0.00 63.63 175.18 287.07 377.83 444.44 477.12 463.95 394.16 304.88 191.23 52.59 0.00 0.00 0.00 0.00
0.00 0.00 0.00 0.00 0.00 0.00 0.00 0.00 0.00 72.21 195.07 320.00 429.26 496.75 510.04 485.40 419.66 317.04 194.46 50.91 0.00 0.00 0.00 0.00
0.00 0.00 0.00 0.00 0.00 0.00 0.00 0.00 0.03 0.65 1.18 1.78 2.33 2.48 2.56 2.55 2.51 1.86 1.12 0.30 0.00 0.00 0.00 0.00
0.00 0.00 0.00 0.00 0.00 0.00 0.00 0.00 0.13 3.31 5.98 8.99 11.80 12.57 12.97 12.90 12.71 9.44 5.67 1.53 0.00 0.00 0.00 0.00
0.00 0.00 0.00 0.00 0.00 0.00 0.00 0.00 0.67 16.87 30.53 45.92 60.25 64.19 66.21 65.84 64.91 48.19 28.93 7.79 0.00 0.00 0.00 0.00
0.00 0.00 0.00 0.00 0.00 0.00 0.00 0.00 0.00 2.42 6.65 10.90 14.34 16.87 18.11 17.61 14.96 11.58 7.26 2.00 0.00 0.00 0.00 0.00
0.00 0.00 0.00 0.00 0.00 0.00 0.00 0.00 0.00 56.29 145.11 234.12 310.86 369.33 387.07 372.96 326.83 250.29 150.64 38.24 0.00 0.00 0.00 0.00
0.00 0.00 0.00 0.00 0.00 0.00 0.00 0.00 0.00 3.94 9.33 14.71 20.29 24.36 25.73 25.33 22.22 17.39 11.19 2.70 0.00 0.00 0.00 0.00
0.00 0.00 0.00 0.00 0.00 0.00 0.00 0.00 0.00 19.83 45.25 72.15 95.42 120.54 126.82 122.25 109.66 81.92 48.89 15.34 0.00 0.00 0.00 0.00
0.00 0.00 0.00 0.00 0.00 0.00 0.00 0.00 0.00 0.94 2.42 3.90 5.18 6.16 6.45 6.22 5.45 4.17 2.51 0.64 0.00 0.00 0.00 0.00
0.00 0.00 0.00 0.00 0.00 0.00 0.00 0.00 0.00 42.22 108.83 175.59 233.14 277.00 290.30 279.72 245.13 187.72 112.98 28.68 0.00 0.00 0.00 0.00
0.00 0.00 0.00 0.00 0.00 0.00 0.00 0.00 0.00 54.18 139.67 225.34 299.20 355.48 372.55 358.98 314.58 240.90 144.99 36.80 0.00 0.00 0.00 0.00
0.00 0.00 0.00 0.00 0.00 0.00 0.00 0.00 0.00 95.22 257.25 422.01 566.09 655.08 672.62 640.13 553.42 418.10 256.44 67.13 0.00 0.00 0.00 0.00
0.00 0.00 0.00 0.00 0.00 0.00 0.00 0.00 0.00 1.97 4.44 6.92 9.16 9.87 10.32 10.16 8.80 6.67 4.02 0.92 0.00 0.00 0.00 0.00
0.00 0.00 0.00 0.00 0.00 0.00 0.00 0.00 0.00 2.59 5.48 8.36 11.15 11.97 12.47 12.25 11.23 8.52 5.12 1.16 0.00 0.00 0.00 0.00
0.00 0.00 0.00 0.00 0.00 0.00 0.00 0.00 0.00 16.25 38.47 60.67 83.69 100.47 106.15 104.48 91.67 71.74 46.14 11.15 0.00 0.00 0.00 0.00
0.00 0.00 0.00 0.00 0.00 0.00 0.00 0.00 0.00 54.08 156.73 261.61 357.65 414.45 432.20 417.40 298.35 236.64 147.37 42.32 0.00 0.00 0.00 0.00
0.00 0.00 0.00 0.00 0.00 0.00 0.00 0.00 0.00 0.55 0.87 1.37 1.82 2.67 2.80 2.70 2.51 1.89 1.13 0.27 0.00 0.00 0.00 0.00
0.00 0.00 0.00 0.00 0.00 0.00 0.00 0.00 0.00 14.04 33.86 55.04 72.88 89.47 92.90 89.34 73.89 55.56 33.78 8.56 0.00 0.00 0.00 0.00
0.00 0.00 0.00 0.00 0.00 0.00 0.00 0.00 0.00 4.14 11.71 18.98 25.73 29.86 30.52 29.88 26.36 20.23 12.94 3.84 0.00 0.00 0.00 0.00
0.00 0.00 0.00 0.00 0.00 0.00 0.00 0.00 0.04 1.11 2.24 3.45 4.40 6.31 6.29 5.81 5.80 4.33 2.59 0.37 0.00 0.00 0.00 0.00
0.00 0.00 0.00 0.00 0.00 0.00 0.00 0.00 0.02 0.56 1.12 1.72 2.20 3.16 3.14 2.90 2.90 2.17 1.29 0.18 0.00 0.00 0.00 0.00
0.00 0.00 0.00 0.00 0.00 0.00 0.00 0.00 0.05 1.22 2.45 3.77 4.81 6.90 6.88 6.35 6.34 4.74 2.83 0.40 0.00 0.00 0.00 0.00
0.00 0.00 0.00 0.00 0.00 0.00 0.00 0.00 0.05 1.40 3.14 4.89 6.12 7.98 7.99 7.51 7.64 5.73 3.39 0.57 0.00 0.00 0.00 0.00
0.00 0.00 0.00 0.00 0.00 0.00 0.00 0.00 0.08 2.13 4.78 7.44 9.32 12.16 12.17 11.44 11.64 8.73 5.17 0.87 0.00 0.00 0.00 0.00
0.00 0.00 0.00 0.00 0.00 0.00 0.00 0.00 0.03 2.02 4.10 6.30 7.85 10.53 10.67 10.14 10.31 7.77 4.62 0.86 0.00 0.00 0.00 0.00
0.00 0.00 0.00 0.00 0.00 0.00 0.00 0.00 0.00 1.16 2.34 3.64 4.69 9.21 9.69 9.35 10.99 8.22 4.79 0.82 0.00 0.00 0.00 0.00
0.00 0.00 0.00 0.00 0.00 0.00 0.00 0.00 0.00 3.01 6.05 9.41 12.11 23.79 25.02 24.15 28.40 21.23 12.37 2.13 0.00 0.00 0.00 0.00
0.00 0.00 0.00 0.00 0.00 0.00 0.00 0.00 0.00 1.08 2.17 3.44 4.60 6.78 7.05 6.69 6.57 4.91 2.93 0.75 0.00 0.00 0.00 0.00
0.00 0.00 0.00 0.00 0.00 0.00 0.00 0.00 0.10 2.69 3.96 6.18 8.02 9.84 10.28 9.95 9.44 7.09 4.28 1.04 0.00 0.00 0.00 0.00
0.00 0.00 0.00 0.00 0.00 0.00 0.00 0.00 0.09 3.78 7.53 11.38 14.45 19.14 19.61 18.75 18.67 13.94 8.18 1.22 0.00 0.00 0.00 0.00
0.00 0.00 0.00 0.00 0.00 0.00 0.00 0.00 0.05 0.36 0.96 1.44 1.81 1.84 1.87 1.80 1.64 1.20 0.71 0.12 0.00 0.00 0.00 0.00
0.00 0.00 0.00 0.00 0.00 0.00 0.00 0.00 0.30 2.89 5.34 8.14 10.68 10.35 10.67 10.26 9.84 7.32 4.38 0.90 0.00 0.00 0.00 0.00
0.00 0.00 0.00 0.00 0.00 0.00 0.00 0.00 0.22 1.72 3.93 5.89 7.54 6.88 6.92 6.62 6.19 4.54 2.69 0.57 0.00 0.00 0.00 0.00
0.00 0.00 0.00 0.00 0.00 0.00 0.00 0.00 0.30 2.38 5.42 8.13 10.40 9.49 9.55 9.13 8.54 6.27 3.71 0.78 0.00 0.00 0.00 0.00
0.00 0.00 0.00 0.00 0.00 0.00 0.00 0.00 0.21 1.62 3.69 5.54 7.09 6.47 6.51 6.22 5.82 4.27 2.52 0.53 0.00 0.00 0.00 0.00
0.00 0.00 0.00 0.00 0.00 0.00 0.00 0.00 0.16 1.54 2.85 4.34 5.69 5.52 5.69 5.47 5.25 3.90 2.34 0.48 0.00 0.00 0.00 0.00
0.00 0.00 0.00 0.00 0.00 0.00 0.00 0.00 0.20 1.33 2.88 4.31 5.43 4.17 4.30 4.02 3.92 2.86 1.69 0.29 0.00 0.00 0.00 0.00
0.00 0.00 0.00 0.00 0.00 0.00 0.00 0.00 0.07 1.87 3.38 5.09 6.68 7.11 7.34 7.30 7.19 5.34 3.21 0.86 0.00 0.00 0.00 0.00
0.00 0.00 0.00 0.00 0.00 0.00 0.00 0.00 0.00 20.22 45.20 72.84 97.88 112.52 116.82 112.42 88.76 66.67 38.38 8.70 0.00 0.00 0.00 0.00
0.00 0.00 0.00 0.00 0.00 0.00 0.00 0.00 0.00 3.02 6.21 9.66 12.92 14.61 15.42 15.08 14.26 10.84 6.57 1.34 0.00 0.00 0.00 0.00
0.00 0.00 0.00 0.00 0.00 0.00 0.00 0.00 0.05 4.26 7.72 12.13 16.41 15.44 15.76 15.37 15.17 11.44 7.00 2.04 0.00 0.00 0.00 0.00
0.00 0.00 0.00 0.00 0.00 0.00 0.00 0.00 0.02 1.95 3.54 5.56 7.52 7.08 7.22 7.04 6.96 5.24 3.21 0.93 0.00 0.00 0.00 0.00
0.00 0.00 0.00 0.00 0.00 0.00 0.00 0.00 0.00 3.69 7.35 11.44 15.19 18.06 19.13 18.59 17.03 12.99 7.98 1.59 0.00 0.00 0.00 0.00
0.00 0.00 0.00 0.00 0.00 0.00 0.00 0.00 0.00 1.34 2.10 3.33 4.42 6.48 6.79 6.55 6.10 4.59 2.74 0.65 0.00 0.00 0.00 0.00
0.00 0.00 0.00 0.00 0.00 0.00 0.00 0.00 0.00 16.82 39.83 62.82 86.65 104.02 109.91 108.18 94.91 74.27 47.77 11.55 0.00 0.00 0.00 0.00
0.00 0.00 0.00 0.00 0.00 0.00 0.00 0.00 0.00 4.74 10.82 17.25 22.82 28.83 30.33 29.23 26.22 19.59 11.69 3.67 0.00 0.00 0.00 0.00
0.00 0.00 0.00 0.00 0.00 0.00 0.00 0.00 0.00 1.07 2.51 4.05 5.37 6.61 6.88 6.71 5.95 4.39 2.63 0.86 0.00 0.00 0.00 0.00
0.00 0.00 0.00 0.00 0.00 0.00 0.00 0.00 0.00 1.65 3.87 6.15 8.09 10.46 10.90 10.55 9.29 6.96 4.21 1.02 0.00 0.00 0.00 0.00
0.00 0.00 0.00 0.00 0.00 0.00 0.00 0.00 0.00 2.65 6.19 9.84 12.95 16.74 17.43 16.88 14.87 11.14 6.73 1.63 0.00 0.00 0.00 0.00
0.00 0.00 0.00 0.00 0.00 0.00 0.00 0.00 0.00 65.79 181.12 296.80 390.64 459.51 493.30 479.67 407.52 315.22 197.71 54.38 0.00 0.00 0.00 0.00
