0.00 0.00 0.00 0.00 0.00 0.00 0.00 0.00 0.00 0.11 1.06 1.82 2.59 3.13 3.27 3.08 2.54 1.71 0.85 0.00 0.00 0.00 0.00 0.00
0.00 0.00 0.00 0.00 0.00 0.00 0.00 0.00 0.00 7.45 22.78 34.46 44.94 49.19 49.49 46.98 38.50 26.02 11.86 0.00 0.00 0.00 0.00 0.00
0.00 0.00 0.00 0.00 0.00 0.00 0.00 0.00 0.00 2.54 24.27 41.58 59.23 71.67 74.79 70.34 57.98 39.18 19.43 0.00 0.00 0.00 0.00 0.00
0.00 0.00 0.00 0.00 0.00 0.00 0.00 0.00 0.00 9.03 86.26 147.76 210.51 254.70 265.81 249.97 206.07 139.25 69.04 0.00 0.00 0.00 0.00 0.00
0.00 0.00 0.00 0.00 0.00 0.00 0.00 0.00 0.00 1.33 3.58 5.27 6.77 8.07 8.14 7.33 5.86 3.86 1.40 0.00 0.00 0.00 0.00 0.00
0.00 0.00 0.00 0.00 0.00 0.00 0.00 0.00 0.00 17.81 195.68 338.91 488.58 600.97 629.52 588.67 496.92 341.14 178.63 0.00 0.00 0.00 0.00 0.00
0.00 0.00 0.00 0.00 0.00 0.00 0.00 0.00 0.00 0.40 2.01 3.13 4.20 5.13 5.22 4.73 3.68 2.45 0.90 0.00 0.00 0.00 0.00 0.00
0.00 0.00 0.00 0.00 0.00 0.00 0.00 0.00 0.00 0.39 1.22 1.84 2.40 2.48 2.58 2.40 2.25 1.52 0.67 0.00 0.00 0.00 0.00 0.00
0.00 0.00 0.00 0.00 0.00 0.00 0.00 0.00 0.00 0.63 1.95 2.95 3.84 3.97 4.13 3.85 3.59 2.42 1.07 0.00 0.00 0.00 0.00 0.00
0.00 0.00 0.00 0.00 0.00 0.00 0.00 0.00 0.00 0.63 1.95 2.95 3.84 3.97 4.13 3.85 3.59 2.42 1.07 0.00 0.00 0.00 0.00 0.00
0.00 0.00 0.00 0.00 0.00 0.00 0.00 0.00 0.00 1.12 4.10 6.33 8.62 10.90 11.34 10.69 8.84 6.10 2.75 0.00 0.00 0.00 0.00 0.00
0.00 0.00 0.00 0.00 0.00 0.00 0.00 0.00 0.00 0.54 1.93 2.97 4.10 5.20 5.35 5.02 4.19 2.85 1.29 0.00 0.00 0.00 0.00 0.00
0.00 0.00 0.00 0.00 0.00 0.00 0.00 0.00 0.00 0.69 2.48 3.82 5.28 6.68 6.87 6.46 5.39 3.66 1.65 0.00 0.00 0.00 0.00 0.00
0.00 0.00 0.00 0.00 0.00 0.00 0.00 0.00 0.00 0.46 1.65 2.55 3.52 4.46 4.58 4.30 3.59 2.44 1.10 0.00 0.00 0.00 0.00 0.00
0.00 0.00 0.00 0.00 0.00 0.00 0.00 0.00 0.00 0.46 1.65 2.55 3.52 4.46 4.58 4.30 3.59 2.44 1.10 0.00 0.00 0.00 0.00 0.00
0.00 0.00 0.00 0.00 0.00 0.00 0.00 0.00 0.00 8.01 26.64 40.87 57.16 66.80 69.62 66.26 53.62 36.45 18.41 0.00 0.00 0.00 0.00 0.00
0.00 0.00 0.00 0.00 0.00 0.00 0.00 0.00 0.00 3.54 12.64 19.49 26.08 32.98 34.33 32.07 26.84 18.05 7.94 0.00 0.00 0.00 0.00 0.00
0.00 0.00 0.00 0.00 0.00 0.00 0.00 0.00 0.00 2.27 10.53 16.42 21.93 29.05 29.77 27.77 22.86 15.73 6.92 0.00 0.00 0.00 0.00 0.00
0.00 0.00 0.00 0.00 0.00 0.00 0.00 0.00 0.00 5.25 57.72 99.97 144.11 177.27 185.68 173.64 146.57 100.62 52.69 0.00 0.00 0.00 0.00 0.00
0.00 0.00 0.00 0.00 0.00 0.00 0.00 0.00 0.00 5.00 54.90 95.09 137.08 168.62 176.63 165.17 139.42 95.72 50.12 0.00 0.00 0.00 0.00 0.00
0.00 0.00 0.00 0.00 0.00 0.00 0.00 0.00 0.00 9.61 105.58 182.86 263.62 324.27 339.67 317.63 268.12 184.07 96.39 0.00 0.00 0.00 0.00 0.00
0.00 0.00 0.00 0.00 0.00 0.00 0.00 0.00 0.00 9.45 103.82 179.82 259.23 318.86 334.01 312.33 263.65 181.00 94.78 0.00 0.00 0.00 0.00 0.00
0.00 0.00 0.00 0.00 0.00 0.00 0.00 0.00 0.00 7.43 109.28 190.97 270.89 330.60 342.77 320.38 261.21 177.10 86.96 0.00 0.00 0.00 0.00 0.00
0.00 0.00 0.00 0.00 0.00 0.00 0.00 0.00 0.00 0.39 1.22 1.84 2.40 2.48 2.58 2.40 2.25 1.52 0.67 0.00 0.00 0.00 0.00 0.00
0.00 0.00 0.00 0.00 0.00 0.00 0.00 0.00 0.00 1.99 6.19 9.33 12.17 12.58 13.09 12.18 11.38 7.68 3.39 0.00 0.00 0.00 0.00 0.00
0.00 0.00 0.00 0.00 0.00 0.00 0.00 0.00 0.00 10.16 31.60 47.64 62.15 64.23 66.82 62.18 58.12 39.20 17.28 0.00 0.00 0.00 0.00 0.00
0.00 0.00 0.00 0.00 0.00 0.00 0.00 0.00 0.00 0.36 3.94 6.83 9.84 12.11 12.68 11.86 10.01 6.87 3.60 0.00 0.00 0.00 0.00 0.00
0.00 0.00 0.00 0.00 0.00 0.00 0.00 0.00 0.00 8.89 84.92 145.45 207.23 250.73 261.66 246.07 202.86 137.08 67.96 0.00 0.00 0.00 0.00 0.00
0.00 0.00 0.00 0.00 0.00 0.00 0.00 0.00 0.00 1.08 6.42 10.30 14.02 17.96 19.31 18.48 15.21 11.14 5.52 0.00 0.00 0.00 0.00 0.00
0.00 0.00 0.00 0.00 0.00 0.00 0.00 0.00 0.00 5.75 43.76 73.29 102.08 119.62 121.76 112.62 89.85 62.09 27.47 0.00 0.00 0.00 0.00 0.00
0.00 0.00 0.00 0.00 0.00 0.00 0.00 0.00 0.00 0.15 1.42 2.42 3.45 4.18 4.36 4.10 3.38 2.28 1.13 0.00 0.00 0.00 0.00 0.00
0.00 0.00 0.00 0.00 0.00 0.00 0.00 0.00 0.00 6.67 63.69 109.09 155.42 188.05 196.25 184.56 152.14 102.81 50.97 0.00 0.00 0.00 0.00 0.00
0.00 0.00 0.00 0.00 0.00 0.00 0.00 0.00 0.00 8.56 81.73 140.00 199.46 241.32 251.85 236.85 195.25 131.94 65.41 0.00 0.00 0.00 0.00 0.00
0.00 0.00 0.00 0.00 0.00 0.00 0.00 0.00 0.00 9.80 144.11 251.84 357.24 435.98 452.02 422.50 344.47 233.56 114.68 0.00 0.00 0.00 0.00 0.00
0.00 0.00 0.00 0.00 0.00 0.00 0.00 0.00 0.00 0.81 3.00 4.64 6.48 8.12 8.64 8.03 6.74 4.57 2.12 0.00 0.00 0.00 0.00 0.00
0.00 0.00 0.00 0.00 0.00 0.00 0.00 0.00 0.00 1.03 3.77 5.82 8.14 10.18 10.73 10.03 8.36 5.67 2.62 0.00 0.00 0.00 0.00 0.00
0.00 0.00 0.00 0.00 0.00 0.00 0.00 0.00 0.00 4.47 26.46 42.50 57.81 74.09 79.67 76.24 62.75 45.97 22.79 0.00 0.00 0.00 0.00 0.00
0.00 0.00 0.00 0.00 0.00 0.00 0.00 0.00 0.00 0.00 92.62 177.03 250.80 310.46 330.97 311.31 249.10 170.45 82.73 0.00 0.00 0.00 0.00 0.00
0.00 0.00 0.00 0.00 0.00 0.00 0.00 0.00 0.00 0.28 0.97 1.49 2.00 2.56 2.64 2.47 2.07 1.40 0.60 0.00 0.00 0.00 0.00 0.00
0.00 0.00 0.00 0.00 0.00 0.00 0.00 0.00 0.00 2.44 21.78 37.01 52.20 63.08 64.52 59.65 48.99 33.56 15.97 0.00 0.00 0.00 0.00 0.00
0.00 0.00 0.00 0.00 0.00 0.00 0.00 0.00 0.00 0.48 7.06 12.53 18.09 22.10 23.72 22.15 19.17 13.53 7.47 0.16 0.00 0.00 0.00 0.00
0.00 0.00 0.00 0.00 0.00 0.00 0.00 0.00 0.00 0.32 2.34 3.62 4.83 5.90 5.86 5.32 4.11 2.71 0.96 0.00 0.00 0.00 0.00 0.00
0.00 0.00 0.00 0.00 0.00 0.00 0.00 0.00 0.00 0.16 1.17 1.81 2.41 2.95 2.93 2.66 2.05 1.36 0.48 0.00 0.00 0.00 0.00 0.00
0.00 0.00 0.00 0.00 0.00 0.00 0.00 0.00 0.00 0.35 2.56 3.96 5.28 6.45 6.41 5.82 4.49 2.97 1.05 0.00 0.00 0.00 0.00 0.00
0.00 0.00 0.00 0.00 0.00 0.00 0.00 0.00 0.00 0.58 2.94 4.53 5.99 7.74 7.80 7.18 5.63 3.74 1.36 0.00 0.00 0.00 0.00 0.00
0.00 0.00 0.00 0.00 0.00 0.00 0.00 0.00 0.00 0.89 4.48 6.90 9.12 11.80 11.89 10.94 8.58 5.70 2.07 0.00 0.00 0.00 0.00 0.00
0.00 0.00 0.00 0.00 0.00 0.00 0.00 0.00 0.00 0.93 4.10 6.37 8.67 10.62 10.60 9.57 7.55 5.04 1.88 0.00 0.00 0.00 0.00 0.00
0.00 0.00 0.00 0.00 0.00 0.00 0.00 0.00 0.00 0.53 3.47 5.73 7.91 9.22 9.30 8.73 6.98 4.74 1.94 0.00 0.00 0.00 0.00 0.00
0.00 0.00 0.00 0.00 0.00 0.00 0.00 0.00 0.00 1.36 8.97 14.81 20.44 23.81 24.03 22.54 18.04 12.24 5.01 0.00 0.00 0.00 0.00 0.00
0.00 0.00 0.00 0.00 0.00 0.00 0.00 0.00 0.00 0.39 2.44 4.01 5.50 6.36 6.41 6.00 4.71 3.24 1.40 0.00 0.00 0.00 0.00 0.00
0.00 0.00 0.00 0.00 0.00 0.00 0.00 0.00 0.00 1.30 4.38 6.65 8.77 11.09 11.34 10.57 8.86 5.98 2.45 0.00 0.00 0.00 0.00 0.00
0.00 0.00 0.00 0.00 0.00 0.00 0.00 0.00 0.00 1.43 6.51 10.02 13.57 19.40 19.76 17.97 14.79 9.97 3.94 0.00 0.00 0.00 0.00 0.00
0.00 0.00 0.00 0.00 0.00 0.00 0.00 0.00 0.00 0.34 0.92 1.35 1.73 2.40 2.40 2.19 1.79 1.18 0.43 0.00 0.00 0.00 0.00 0.00
0.00 0.00 0.00 0.00 0.00 0.00 0.00 0.00 0.00 2.17 6.34 9.41 12.34 14.41 14.42 13.10 10.56 7.08 2.83 0.00 0.00 0.00 0.00 0.00
0.00 0.00 0.00 0.00 0.00 0.00 0.00 0.00 0.00 1.53 4.35 6.48 8.36 9.68 9.71 8.81 7.04 4.65 1.78 0.00 0.00 0.00 0.00 0.00
0.00 0.00 0.00 0.00 0.00 0.00 0.00 0.00 0.00 2.11 6.00 8.94 11.54 13.36 13.40 12.16 9.72 6.41 2.45 0.00 0.00 0.00 0.00 0.00
0.00 0.00 0.00 0.00 0.00 0.00 0.00 0.00 0.00 1.44 4.09 6.09 7.86 9.10 9.13 8.28 6.62 4.37 1.67 0.00 0.00 0.00 0.00 0.00
0.00 0.00 0.00 0.00 0.00 0.00 0.00 0.00 0.00 1.16 3.38 5.02 6.58 7.69 7.69 6.98 5.63 3.78 1.51 0.00 0.00 0.00 0.00 0.00
0.00 0.00 0.00 0.00 0.00 0.00 0.00 0.00 0.00 1.23 3.37 5.00 6.31 7.28 7.41 6.69 5.38 3.55 1.32 0.00 0.00 0.00 0.00 0.00
0.00 0.00 0.00 0.00 0.00 0.00 0.00 0.00 0.00 1.13 3.50 5.28 6.89 7.12 7.40 6.89 6.44 4.34 1.92 0.00 0.00 0.00 0.00 0.00
0.00 0.00 0.00 0.00 0.00 0.00 0.00 0.00 0.00 10.42 34.67 53.20 74.40 86.94 90.62 86.25 69.79 47.44 23.96 0.00 0.00 0.00 0.00 0.00
0.00 0.00 0.00 0.00 0.00 0.00 0.00 0.00 0.00 1.26 4.64 7.18 9.77 12.36 12.85 12.11 10.02 6.91 3.12 0.00 0.00 0.00 0.00 0.00
0.00 0.00 0.00 0.00 0.00 0.00 0.00 0.00 0.00 1.74 7.13 10.87 14.84 18.31 18.63 17.47 14.34 9.74 4.22 0.00 0.00 0.00 0.00 0.00
0.00 0.00 0.00 0.00 0.00 0.00 0.00 0.00 0.00 0.80 3.27 4.98 6.80 8.39 8.54 8.01 6.57 4.47 1.93 0.00 0.00 0.00 0.00 0.00
0.00 0.00 0.00 0.00 0.00 0.00 0.00 0.00 0.00 1.56 5.79 8.95 12.11 15.22 15.78 14.88 12.29 8.53 3.84 0.00 0.00 0.00 0.00 0.00
0.00 0.00 0.00 0.00 0.00 0.00 0.00 0.00 0.00 0.68 2.35 3.61 4.86 6.22 6.41 6.00 5.03 3.41 1.46 0.00 0.00 0.00 0.00 0.00
0.00 0.00 0.00 0.00 0.00 0.00 0.00 0.00 0.00 4.62 27.40 44.01 59.86 76.71 82.49 78.94 64.97 47.59 23.59 0.00 0.00 0.00 0.00 0.00
0.00 0.00 0.00 0.00 0.00 0.00 0.00 0.00 0.00 1.38 10.46 17.53 24.41 28.60 29.12 26.93 21.49 14.85 6.57 0.00 0.00 0.00 0.00 0.00
0.00 0.00 0.00 0.00 0.00 0.00 0.00 0.00 0.00 0.34 2.39 3.98 5.52 6.61 6.70 6.19 4.95 3.41 1.54 0.00 0.00 0.00 0.00 0.00
0.00 0.00 0.00 0.00 0.00 0.00 0.00 0.00 0.00 0.47 2.92 4.83 6.69 8.21 8.49 7.89 6.36 4.35 1.99 0.00 0.00 0.00 0.00 0.00
0.00 0.00 0.00 0.00 0.00 0.00 0.00 0.00 0.00 0.76 4.68 7.73 10.70 13.14 13.58 12.62 10.17 6.96 3.18 0.00 0.00 0.00 0.00 0.00
0.00 0.00 0.00 0.00 0.00 0.00 0.00 0.00 0.00 9.77 107.34 185.91 268.01 329.67 345.33 322.92 272.59 187.14 97.99 0.00 0.00 0.00 0.00 0.00
