0.00 0.00 0.00 0.00 0.00 0.00 0.00 0.22 1.03 1.83 2.32 3.07 3.73 5.18 5.31 4.98 4.30 3.47 2.48 1.48 0.62 0.00 0.00 0.00
0.00 0.00 0.00 0.00 0.00 0.00 0.00 5.83 21.38 35.97 56.65 73.05 84.95 91.93 91.58 84.90 70.88 55.84 36.93 15.48 3.42 0.00 0.00 0.00
0.00 0.00 0.00 0.00 0.00 0.00 0.00 4.92 23.64 41.75 53.07 70.27 85.31 118.53 121.47 113.81 98.21 79.30 56.68 33.81 14.10 0.00 0.00 0.00
0.00 0.00 0.00 0.00 0.00 0.00 0.00 17.48 84.01 148.39 188.59 249.72 303.17 421.26 431.70 404.48 349.05 281.82 201.43 120.15 50.11 0.00 0.00 0.00
0.00 0.00 0.00 0.00 0.00 0.00 0.00 1.62 4.29 7.12 10.33 12.98 14.68 16.46 16.31 14.65 11.95 9.32 6.16 2.44 0.40 0.00 0.00 0.00
0.00 0.00 0.00 0.00 0.00 0.00 0.00 26.70 183.39 335.97 482.04 639.50 770.83 903.70 923.86 875.25 790.30 638.73 448.22 261.39 110.99 0.00 0.00 0.00
0.00 0.00 0.00 0.00 0.00 0.00 0.00 0.69 1.87 3.11 5.63 7.22 8.31 8.74 8.79 8.18 6.10 4.83 3.28 1.79 0.55 0.00 0.00 0.00
0.00 0.00 0.00 0.00 0.00 0.00 0.00 0.42 1.42 2.35 3.47 4.41 5.03 5.71 5.81 5.44 4.50 3.49 2.34 1.04 0.25 0.00 0.00 0.00
0.00 0.00 0.00 0.00 0.00 0.00 0.00 0.67 2.28 3.76 5.56 7.05 8.05 9.13 9.30 8.70 7.20 5.58 3.75 1.66 0.40 0.00 0.00 0.00
0.00 0.00 0.00 0.00 0.00 0.00 0.00 0.67 2.28 3.76 5.56 7.05 8.05 9.13 9.30 8.70 7.20 5.58 3.75 1.66 0.40 0.00 0.00 0.00
0.00 0.00 0.00 0.00 0.00 0.00 0.00 1.27 4.53 7.62 11.84 15.93 18.89 21.07 21.01 19.84 17.40 13.98 9.61 4.13 1.21 0.00 0.00 0.00
0.00 0.00 0.00 0.00 0.00 0.00 0.00 0.61 2.17 3.64 5.63 7.56 8.95 10.18 10.25 9.62 8.22 6.55 4.48 1.99 0.58 0.00 0.00 0.00
0.00 0.00 0.00 0.00 0.00 0.00 0.00 0.78 2.79 4.68 7.24 9.72 11.50 13.09 13.18 12.37 10.57 8.43 5.76 2.56 0.74 0.00 0.00 0.00
0.00 0.00 0.00 0.00 0.00 0.00 0.00 0.52 1.86 3.12 4.83 6.48 7.67 8.73 8.79 8.24 7.05 5.62 3.84 1.71 0.50 0.00 0.00 0.00
0.00 0.00 0.00 0.00 0.00 0.00 0.00 0.52 1.86 3.12 4.83 6.48 7.67 8.73 8.79 8.24 7.05 5.62 3.84 1.71 0.50 0.00 0.00 0.00
0.00 0.00 0.00 0.00 0.00 0.00 0.00 4.52 25.17 44.66 66.80 87.11 99.10 110.89 112.59 106.99 94.75 74.22 49.90 20.73 5.46 0.00 0.00 0.00
0.00 0.00 0.00 0.00 0.00 0.00 0.00 4.35 14.68 24.40 36.55 48.37 57.63 63.14 63.62 59.49 52.95 42.29 29.48 12.69 3.67 0.00 0.00 0.00
0.00 0.00 0.00 0.00 0.00 0.00 0.00 3.35 11.29 18.79 29.62 37.78 44.41 51.46 51.96 49.43 45.46 35.89 24.53 12.02 3.74 0.00 0.00 0.00
0.00 0.00 0.00 0.00 0.00 0.00 0.00 7.88 54.09 99.10 142.18 188.63 227.37 266.56 272.50 258.17 233.11 188.40 132.21 77.10 32.74 0.00 0.00 0.00
0.00 0.00 0.00 0.00 0.00 0.00 0.00 7.49 51.45 94.27 135.25 179.43 216.28 253.56 259.21 245.57 221.74 179.21 125.76 73.34 31.14 0.00 0.00 0.00
0.00 0.00 0.00 0.00 0.00 0.00 0.00 14.41 98.95 181.28 260.09 345.05 415.91 487.61 498.48 472.26 426.42 344.64 241.85 141.04 59.89 0.00 0.00 0.00
0.00 0.00 0.00 0.00 0.00 0.00 0.00 14.17 97.30 178.26 255.76 339.30 408.98 479.48 490.17 464.39 419.32 338.89 237.82 138.69 58.89 0.00 0.00 0.00
0.00 0.00 0.00 0.00 0.00 0.00 0.00 24.65 113.27 199.09 238.43 316.68 384.80 530.82 540.23 527.92 475.15 381.48 274.01 163.69 70.98 0.00 0.00 0.00
0.00 0.00 0.00 0.00 0.00 0.00 0.00 0.42 1.42 2.35 3.47 4.41 5.03 5.71 5.81 5.44 4.50 3.49 2.34 1.04 0.25 0.00 0.00 0.00
0.00 0.00 0.00 0.00 0.00 0.00 0.00 2.13 7.21 11.91 17.60 22.33 25.49 28.91 29.44 27.56 22.80 17.68 11.88 5.27 1.28 0.00 0.00 0.00
0.00 0.00 0.00 0.00 0.00 0.00 0.00 10.90 36.80 60.82 89.83 114.02 130.14 147.62 150.30 140.72 116.40 90.28 60.63 26.91 6.52 0.00 0.00 0.00
0.00 0.00 0.00 0.00 0.00 0.00 0.00 0.54 3.69 6.77 9.71 12.88 15.53 18.20 18.61 17.63 15.92 12.87 9.03 5.27 2.24 0.00 0.00 0.00
0.00 0.00 0.00 0.00 0.00 0.00 0.00 17.21 82.70 146.08 185.65 245.83 298.44 414.69 424.97 398.18 343.61 277.43 198.29 118.27 49.32 0.00 0.00 0.00
0.00 0.00 0.00 0.00 0.00 0.00 0.00 1.16 5.63 9.91 15.36 21.29 26.92 30.36 31.12 30.03 26.83 21.50 14.87 8.53 2.96 0.00 0.00 0.00
0.00 0.00 0.00 0.00 0.00 0.00 0.00 13.13 44.86 75.45 58.35 75.12 88.24 154.06 160.48 151.98 171.72 139.06 98.48 57.77 22.99 0.00 0.00 0.00
0.00 0.00 0.00 0.00 0.00 0.00 0.00 0.29 1.38 2.43 3.09 4.10 4.97 6.91 7.08 6.64 5.73 4.62 3.30 1.97 0.82 0.00 0.00 0.00
0.00 0.00 0.00 0.00 0.00 0.00 0.00 12.91 62.03 109.56 139.24 184.37 223.83 311.02 318.73 298.63 257.71 208.07 148.71 88.70 36.99 0.00 0.00 0.00
0.00 0.00 0.00 0.00 0.00 0.00 0.00 16.56 79.60 140.60 178.69 236.61 287.25 399.14 409.04 383.25 330.72 267.03 190.85 113.84 47.47 0.00 0.00 0.00
0.00 0.00 0.00 0.00 0.00 0.00 0.00 32.51 149.37 262.54 314.43 417.63 507.45 700.01 712.43 696.20 626.61 503.07 361.34 215.87 93.60 0.00 0.00 0.00
0.00 0.00 0.00 0.00 0.00 0.00 0.00 0.87 3.36 5.70 8.85 11.65 13.79 15.85 15.90 15.02 13.39 10.46 7.19 3.36 0.99 0.00 0.00 0.00
0.00 0.00 0.00 0.00 0.00 0.00 0.00 1.11 4.22 7.15 11.08 14.49 17.27 19.78 19.93 18.91 16.52 12.84 8.96 4.14 1.21 0.00 0.00 0.00
0.00 0.00 0.00 0.00 0.00 0.00 0.00 4.77 23.24 40.90 63.35 87.83 111.03 125.22 128.39 123.87 110.69 88.71 61.32 35.21 12.19 0.00 0.00 0.00
0.00 0.00 0.00 0.00 0.00 0.00 0.00 28.66 125.18 219.18 328.89 426.29 506.66 538.22 548.59 513.28 465.20 375.75 273.97 155.10 75.43 0.00 0.00 0.00
0.00 0.00 0.00 0.00 0.00 0.00 0.00 0.37 1.19 1.96 2.97 3.88 4.55 5.04 5.04 4.75 4.24 3.37 2.34 0.94 0.26 0.00 0.00 0.00
0.00 0.00 0.00 0.00 0.00 0.00 0.00 5.27 21.60 37.38 49.37 63.85 76.19 94.67 95.49 89.83 84.84 68.60 49.95 30.55 12.54 0.00 0.00 0.00
0.00 0.00 0.00 0.00 0.00 0.00 0.00 0.44 6.64 12.69 18.81 25.15 30.27 32.36 32.73 29.97 27.26 21.71 15.45 5.74 2.52 0.00 0.00 0.00
0.00 0.00 0.00 0.00 0.00 0.00 0.00 0.95 2.47 4.09 6.89 8.77 10.07 9.80 9.76 9.15 6.58 5.15 3.47 2.00 0.60 0.00 0.00 0.00
0.00 0.00 0.00 0.00 0.00 0.00 0.00 0.47 1.24 2.05 3.44 4.38 5.04 4.90 4.88 4.57 3.29 2.57 1.73 1.00 0.30 0.00 0.00 0.00
0.00 0.00 0.00 0.00 0.00 0.00 0.00 1.04 2.71 4.48 7.53 9.59 11.02 10.71 10.68 10.00 7.20 5.63 3.79 2.19 0.65 0.00 0.00 0.00
0.00 0.00 0.00 0.00 0.00 0.00 0.00 1.29 3.42 5.67 8.84 11.11 12.81 13.22 13.22 12.35 9.65 7.50 5.12 2.75 0.81 0.00 0.00 0.00
0.00 0.00 0.00 0.00 0.00 0.00 0.00 1.96 5.21 8.64 13.47 16.93 19.52 20.15 20.14 18.83 14.71 11.42 7.80 4.18 1.23 0.00 0.00 0.00
0.00 0.00 0.00 0.00 0.00 0.00 0.00 1.31 3.56 5.89 11.09 14.36 16.34 18.07 18.07 16.90 13.26 10.55 7.10 3.71 1.15 0.00 0.00 0.00
0.00 0.00 0.00 0.00 0.00 0.00 0.00 1.28 3.86 6.34 8.87 11.17 12.94 13.65 14.22 13.86 12.50 9.89 6.92 4.42 1.69 0.00 0.00 0.00
0.00 0.00 0.00 0.00 0.00 0.00 0.00 3.31 9.98 16.37 22.91 28.86 33.44 35.27 36.73 35.81 32.29 25.55 17.87 11.42 4.37 0.00 0.00 0.00
0.00 0.00 0.00 0.00 0.00 0.00 0.00 0.72 2.36 3.93 4.64 5.95 6.97 9.16 9.33 8.96 9.28 7.43 5.14 3.03 1.15 0.00 0.00 0.00
0.00 0.00 0.00 0.00 0.00 0.00 0.00 1.81 5.44 8.92 12.82 17.03 19.81 22.33 22.60 20.88 18.15 14.31 9.84 3.84 1.02 0.00 0.00 0.00
0.00 0.00 0.00 0.00 0.00 0.00 0.00 2.41 6.96 11.41 20.09 25.86 30.75 35.96 36.57 34.22 31.81 24.93 16.75 7.95 2.28 0.00 0.00 0.00
0.00 0.00 0.00 0.00 0.00 0.00 0.00 0.53 1.40 2.24 3.08 3.87 4.32 4.89 4.77 4.41 3.70 2.89 1.89 0.82 0.15 0.00 0.00 0.00
0.00 0.00 0.00 0.00 0.00 0.00 0.00 2.71 7.87 12.88 18.45 22.79 25.50 29.61 29.74 27.41 22.66 17.36 11.33 4.94 1.03 0.00 0.00 0.00
0.00 0.00 0.00 0.00 0.00 0.00 0.00 1.95 5.41 8.84 12.48 15.57 16.98 19.03 18.51 17.32 14.53 11.17 7.40 3.16 0.61 0.00 0.00 0.00
0.00 0.00 0.00 0.00 0.00 0.00 0.00 2.69 7.47 12.20 17.22 21.48 23.44 26.26 25.55 23.90 20.04 15.42 10.21 4.36 0.84 0.00 0.00 0.00
0.00 0.00 0.00 0.00 0.00 0.00 0.00 1.83 5.09 8.31 11.73 14.63 15.96 17.89 17.40 16.28 13.65 10.50 6.95 2.97 0.57 0.00 0.00 0.00
0.00 0.00 0.00 0.00 0.00 0.00 0.00 1.44 4.20 6.87 9.84 12.16 13.60 15.79 15.86 14.62 12.08 9.26 6.04 2.63 0.55 0.00 0.00 0.00
0.00 0.00 0.00 0.00 0.00 0.00 0.00 1.45 3.92 6.42 9.29 11.56 12.89 14.31 14.26 13.11 10.76 8.41 5.71 2.30 0.39 0.00 0.00 0.00
0.00 0.00 0.00 0.00 0.00 0.00 0.00 1.21 4.08 6.74 9.96 12.64 14.42 16.36 16.66 15.59 12.90 10.01 6.72 2.98 0.72 0.00 0.00 0.00
0.00 0.00 0.00 0.00 0.00 0.00 0.00 5.88 32.77 58.13 86.95 113.37 128.99 144.33 146.55 139.25 123.32 96.61 64.95 26.98 7.11 0.00 0.00 0.00
0.00 0.00 0.00 0.00 0.00 0.00 0.00 1.44 5.14 8.63 13.42 18.05 21.41 23.88 23.81 22.49 19.73 15.85 10.89 4.68 1.37 0.00 0.00 0.00
0.00 0.00 0.00 0.00 0.00 0.00 0.00 2.52 8.25 13.60 20.68 27.20 32.43 36.45 36.99 34.38 28.30 22.46 15.44 7.32 1.99 0.00 0.00 0.00
0.00 0.00 0.00 0.00 0.00 0.00 0.00 1.16 3.78 6.23 9.48 12.47 14.86 16.71 16.96 15.76 12.97 10.29 7.08 3.35 0.91 0.00 0.00 0.00
0.00 0.00 0.00 0.00 0.00 0.00 0.00 1.82 6.43 10.79 16.59 22.23 26.44 29.19 28.92 27.31 24.20 19.35 13.46 5.79 1.70 0.00 0.00 0.00
0.00 0.00 0.00 0.00 0.00 0.00 0.00 0.90 2.89 4.77 7.21 9.43 11.05 12.23 12.24 11.54 10.29 8.19 5.68 2.29 0.64 0.00 0.00 0.00
0.00 0.00 0.00 0.00 0.00 0.00 0.00 4.94 24.06 42.34 65.59 90.94 114.96 129.65 132.92 128.25 114.61 91.84 63.49 36.45 12.63 0.00 0.00 0.00
0.00 0.00 0.00 0.00 0.00 0.00 0.00 3.14 10.73 18.04 13.95 17.96 21.10 36.84 38.38 36.34 41.06 33.25 23.55 13.81 5.50 0.00 0.00 0.00
0.00 0.00 0.00 0.00 0.00 0.00 0.00 0.60 2.11 3.57 3.62 4.65 5.52 7.74 7.84 7.44 9.23 7.42 5.20 3.17 1.25 0.00 0.00 0.00
0.00 0.00 0.00 0.00 0.00 0.00 0.00 0.60 2.21 3.75 6.53 8.39 9.87 10.29 10.59 10.28 11.96 9.39 6.60 3.96 1.51 0.00 0.00 0.00
0.00 0.00 0.00 0.00 0.00 0.00 0.00 0.96 3.53 6.01 10.45 13.43 15.79 16.46 16.95 16.45 19.13 15.03 10.56 6.34 2.42 0.00 0.00 0.00
0.00 0.00 0.00 0.00 0.00 0.00 0.00 14.65 100.60 184.30 264.43 350.80 422.85 495.73 506.79 480.13 433.53 350.38 245.88 143.39 60.88 0.00 0.00 0.00
