0.00 0.00 0.00 0.00 0.00 0.00 0.00 0.24 1.10 1.92 2.90 3.81 4.61 5.26 5.42 5.11 4.53 3.69 2.66 1.60 0.71 0.00 0.00 0.00
0.00 0.00 0.00 0.00 0.00 0.00 0.00 3.16 11.39 19.24 33.25 42.99 50.14 64.84 64.48 59.70 71.99 56.77 37.74 16.47 4.32 0.00 0.00 0.00
0.00 0.00 0.00 0.00 0.00 0.00 0.00 5.58 25.12 43.82 66.29 87.23 105.31 120.39 123.97 116.79 103.68 84.27 60.84 36.50 16.17 0.00 0.00 0.00
0.00 0.00 0.00 0.00 0.00 0.00 0.00 19.84 89.26 155.73 235.61 310.03 374.27 427.84 440.57 415.06 368.46 299.49 216.22 129.73 57.48 0.00 0.00 0.00
0.00 0.00 0.00 0.00 0.00 0.00 0.00 1.58 4.14 6.87 10.61 13.37 15.16 16.39 16.24 14.60 12.47 9.75 6.50 2.72 0.58 0.00 0.00 0.00
0.00 0.00 0.00 0.00 0.00 0.00 0.00 32.28 200.94 362.65 541.28 716.14 861.42 932.07 954.93 907.21 834.83 679.00 481.06 275.10 123.67 0.00 0.00 0.00
0.00 0.00 0.00 0.00 0.00 0.00 0.00 0.92 2.41 3.97 6.12 7.83 8.99 8.99 9.06 8.45 8.10 6.45 4.43 2.28 0.79 0.00 0.00 0.00
0.00 0.00 0.00 0.00 0.00 0.00 0.00 0.25 0.82 1.37 2.81 3.57 4.09 5.74 5.84 5.47 4.50 3.49 2.36 1.04 0.29 0.00 0.00 0.00
0.00 0.00 0.00 0.00 0.00 0.00 0.00 0.39 1.31 2.19 4.50 5.72 6.54 9.19 9.35 8.75 7.20 5.59 3.78 1.67 0.47 0.00 0.00 0.00
0.00 0.00 0.00 0.00 0.00 0.00 0.00 0.39 1.31 2.19 4.50 5.72 6.54 9.19 9.35 8.75 7.20 5.59 3.78 1.67 0.47 0.00 0.00 0.00
0.00 0.00 0.00 0.00 0.00 0.00 0.00 1.31 4.52 7.56 12.19 16.38 19.43 21.94 21.89 20.70 19.25 15.52 10.76 5.36 1.76 0.00 0.00 0.00
0.00 0.00 0.00 0.00 0.00 0.00 0.00 0.65 2.25 3.76 5.81 7.80 9.25 10.65 10.73 10.07 9.24 7.39 5.09 2.51 0.82 0.00 0.00 0.00
0.00 0.00 0.00 0.00 0.00 0.00 0.00 0.84 2.89 4.84 7.47 10.03 11.89 13.69 13.79 12.95 11.88 9.50 6.55 3.22 1.05 0.00 0.00 0.00
0.00 0.00 0.00 0.00 0.00 0.00 0.00 0.56 1.93 3.22 4.98 6.69 7.93 9.13 9.19 8.63 7.92 6.33 4.37 2.15 0.70 0.00 0.00 0.00
0.00 0.00 0.00 0.00 0.00 0.00 0.00 0.56 1.93 3.22 4.98 6.69 7.93 9.13 9.19 8.63 7.92 6.33 4.37 2.15 0.70 0.00 0.00 0.00
0.00 0.00 0.00 0.00 0.00 0.00 0.00 3.05 16.47 29.36 46.47 60.87 69.61 82.23 83.60 79.60 91.32 71.71 48.52 24.25 7.25 0.00 0.00 0.00
0.00 0.00 0.00 0.00 0.00 0.00 0.00 4.47 14.68 24.33 37.90 50.12 59.69 65.88 66.40 62.15 57.85 46.38 32.59 16.04 5.21 0.00 0.00 0.00
0.00 0.00 0.00 0.00 0.00 0.00 0.00 4.18 13.68 22.64 32.58 41.54 48.83 53.96 54.49 51.88 47.57 37.72 26.00 13.36 4.61 0.00 0.00 0.00
0.00 0.00 0.00 0.00 0.00 0.00 0.00 9.52 59.27 106.97 159.66 211.24 254.09 274.93 281.67 267.60 246.25 200.28 141.90 81.15 36.48 0.00 0.00 0.00
0.00 0.00 0.00 0.00 0.00 0.00 0.00 9.06 56.38 101.75 151.87 200.93 241.69 261.52 267.93 254.54 234.23 190.51 134.97 77.19 34.70 0.00 0.00 0.00
0.00 0.00 0.00 0.00 0.00 0.00 0.00 17.42 108.42 195.67 292.06 386.41 464.80 502.92 515.25 489.50 450.45 366.37 259.56 148.44 66.73 0.00 0.00 0.00
0.00 0.00 0.00 0.00 0.00 0.00 0.00 17.13 106.61 192.41 287.19 379.97 457.05 494.53 506.66 481.35 442.94 360.26 255.24 145.96 65.62 0.00 0.00 0.00
0.00 0.00 0.00 0.00 0.00 0.00 0.00 25.97 111.83 194.33 311.96 413.13 500.84 545.77 558.04 548.26 500.06 403.97 292.94 176.54 80.99 0.00 0.00 0.00
0.00 0.00 0.00 0.00 0.00 0.00 0.00 0.25 0.82 1.37 2.81 3.57 4.09 5.74 5.84 5.47 4.50 3.49 2.36 1.04 0.29 0.00 0.00 0.00
0.00 0.00 0.00 0.00 0.00 0.00 0.00 1.25 4.16 6.93 14.24 18.10 20.70 29.09 29.59 27.70 22.78 17.70 11.96 5.28 1.48 0.00 0.00 0.00
0.00 0.00 0.00 0.00 0.00 0.00 0.00 6.37 21.23 35.36 72.69 92.40 105.70 148.50 151.08 141.43 116.32 90.36 61.05 26.94 7.58 0.00 0.00 0.00
0.00 0.00 0.00 0.00 0.00 0.00 0.00 0.65 4.05 7.31 10.90 14.43 17.35 18.78 19.24 18.27 16.82 13.68 9.69 5.54 2.49 0.00 0.00 0.00
0.00 0.00 0.00 0.00 0.00 0.00 0.00 19.53 87.87 153.30 231.93 305.19 368.44 421.17 433.71 408.59 362.72 294.82 212.85 127.71 56.59 0.00 0.00 0.00
0.00 0.00 0.00 0.00 0.00 0.00 0.00 1.29 5.97 10.44 15.99 22.17 28.05 31.99 32.81 31.67 28.84 23.21 16.18 9.29 3.51 0.00 0.00 0.00
0.00 0.00 0.00 0.00 0.00 0.00 0.00 8.95 29.36 48.98 86.25 110.30 128.80 189.29 197.89 188.22 181.98 148.54 106.44 62.86 26.81 0.00 0.00 0.00
0.00 0.00 0.00 0.00 0.00 0.00 0.00 0.33 1.46 2.55 3.87 5.09 6.14 7.02 7.23 6.81 6.05 4.91 3.55 2.13 0.94 0.00 0.00 0.00
0.00 0.00 0.00 0.00 0.00 0.00 0.00 14.65 65.90 114.97 173.95 228.90 276.33 315.88 325.28 306.45 272.04 221.12 159.64 95.78 42.44 0.00 0.00 0.00
0.00 0.00 0.00 0.00 0.00 0.00 0.00 18.80 84.57 147.55 223.24 293.75 354.62 405.38 417.44 393.27 349.11 283.77 204.87 122.92 54.46 0.00 0.00 0.00
0.00 0.00 0.00 0.00 0.00 0.00 0.00 34.25 147.48 256.28 411.40 544.81 660.48 719.74 735.92 723.01 659.46 532.73 386.31 232.82 106.80 0.00 0.00 0.00
0.00 0.00 0.00 0.00 0.00 0.00 0.00 0.93 3.46 5.86 8.83 11.63 13.80 16.56 16.62 15.71 14.58 11.43 7.93 3.97 1.30 0.00 0.00 0.00
0.00 0.00 0.00 0.00 0.00 0.00 0.00 1.20 4.42 7.46 11.29 14.77 17.64 20.69 20.86 19.81 18.17 14.18 9.98 4.96 1.62 0.00 0.00 0.00
0.00 0.00 0.00 0.00 0.00 0.00 0.00 5.31 24.62 43.06 65.94 91.46 115.71 131.97 135.33 130.64 118.96 95.75 66.73 38.32 14.47 0.00 0.00 0.00
0.00 0.00 0.00 0.00 0.00 0.00 0.00 32.41 131.95 228.69 342.85 445.59 531.57 570.13 582.20 546.13 493.95 400.67 294.30 182.08 92.49 2.16 0.00 0.00
0.00 0.00 0.00 0.00 0.00 0.00 0.00 0.39 1.23 2.02 3.11 4.06 4.76 5.25 5.25 4.96 4.54 3.62 2.54 1.22 0.39 0.00 0.00 0.00
0.00 0.00 0.00 0.00 0.00 0.00 0.00 5.73 22.25 38.07 61.66 79.42 94.45 104.43 105.62 99.70 89.16 72.56 53.37 33.14 14.51 0.00 0.00 0.00
0.00 0.00 0.00 0.00 0.00 0.00 0.00 0.57 6.94 13.09 19.39 25.91 31.20 33.66 34.19 31.48 28.45 22.80 16.38 9.61 4.45 0.00 0.00 0.00
0.00 0.00 0.00 0.00 0.00 0.00 0.00 1.15 2.91 4.78 7.02 8.91 10.22 11.07 11.03 10.34 9.89 7.79 5.31 2.58 0.87 0.00 0.00 0.00
0.00 0.00 0.00 0.00 0.00 0.00 0.00 0.57 1.46 2.39 3.51 4.46 5.11 5.53 5.51 5.17 4.95 3.89 2.65 1.29 0.43 0.00 0.00 0.00
0.00 0.00 0.00 0.00 0.00 0.00 0.00 1.25 3.19 5.23 7.68 9.75 11.18 12.10 12.06 11.31 10.82 8.52 5.81 2.82 0.95 0.00 0.00 0.00
0.00 0.00 0.00 0.00 0.00 0.00 0.00 1.62 4.19 6.87 9.77 12.24 14.09 15.02 15.02 14.04 12.70 9.92 6.85 3.37 1.12 0.00 0.00 0.00
0.00 0.00 0.00 0.00 0.00 0.00 0.00 2.46 6.38 10.48 14.89 18.65 21.46 22.89 22.88 21.40 19.34 15.12 10.44 5.13 1.71 0.00 0.00 0.00
0.00 0.00 0.00 0.00 0.00 0.00 0.00 1.93 5.11 8.37 12.55 16.20 18.38 18.29 18.33 17.19 16.36 13.10 8.92 4.68 1.62 0.00 0.00 0.00
0.00 0.00 0.00 0.00 0.00 0.00 0.00 0.80 2.33 3.79 6.16 7.75 8.97 13.95 14.51 14.14 14.73 11.73 8.29 4.96 2.05 0.00 0.00 0.00
0.00 0.00 0.00 0.00 0.00 0.00 0.00 2.06 6.02 9.80 15.91 20.01 23.16 36.04 37.49 36.54 38.06 30.31 21.41 12.80 5.28 0.00 0.00 0.00
0.00 0.00 0.00 0.00 0.00 0.00 0.00 0.48 1.51 2.49 5.04 6.43 7.50 10.74 10.97 10.57 9.98 8.05 5.64 3.31 1.36 0.00 0.00 0.00
0.00 0.00 0.00 0.00 0.00 0.00 0.00 1.95 5.72 9.34 13.61 18.08 21.03 23.38 23.68 21.90 20.22 16.00 11.10 5.10 1.55 0.00 0.00 0.00
0.00 0.00 0.00 0.00 0.00 0.00 0.00 3.69 10.32 16.72 23.31 30.00 35.69 38.72 39.34 36.79 33.85 26.66 18.09 8.46 2.75 0.00 0.00 0.00
0.00 0.00 0.00 0.00 0.00 0.00 0.00 0.55 1.43 2.30 3.25 4.10 4.58 5.34 5.22 4.83 4.19 3.28 2.16 0.93 0.21 0.00 0.00 0.00
0.00 0.00 0.00 0.00 0.00 0.00 0.00 2.08 5.97 9.82 17.99 22.29 25.00 29.92 30.06 27.74 23.29 17.89 11.76 5.21 1.31 0.00 0.00 0.00
0.00 0.00 0.00 0.00 0.00 0.00 0.00 1.82 4.97 8.14 12.69 15.88 17.38 19.11 18.60 17.42 15.13 11.68 7.79 3.47 0.82 0.00 0.00 0.00
0.00 0.00 0.00 0.00 0.00 0.00 0.00 2.51 6.86 11.23 17.51 21.91 23.98 26.37 25.67 24.05 20.88 16.11 10.75 4.78 1.13 0.00 0.00 0.00
0.00 0.00 0.00 0.00 0.00 0.00 0.00 1.71 4.68 7.65 11.93 14.92 16.33 17.96 17.49 16.38 14.22 10.98 7.32 3.26 0.77 0.00 0.00 0.00
0.00 0.00 0.00 0.00 0.00 0.00 0.00 1.11 3.19 5.24 9.60 11.89 13.34 15.96 16.03 14.79 12.42 9.54 6.27 2.78 0.70 0.00 0.00 0.00
0.00 0.00 0.00 0.00 0.00 0.00 0.00 1.36 3.63 5.96 9.36 11.67 13.05 13.85 13.81 12.70 10.61 8.32 5.69 2.49 0.54 0.00 0.00 0.00
0.00 0.00 0.00 0.00 0.00 0.00 0.00 0.71 2.35 3.92 8.06 10.24 11.71 16.46 16.74 15.67 12.89 10.01 6.77 2.99 0.84 0.00 0.00 0.00
0.00 0.00 0.00 0.00 0.00 0.00 0.00 3.97 21.44 38.21 60.49 79.23 90.61 107.03 108.81 103.61 118.86 93.34 63.15 31.57 9.43 0.00 0.00 0.00
0.00 0.00 0.00 0.00 0.00 0.00 0.00 1.48 5.12 8.57 13.81 18.57 22.03 24.87 24.81 23.46 21.81 17.59 12.19 6.07 2.00 0.00 0.00 0.00
0.00 0.00 0.00 0.00 0.00 0.00 0.00 2.51 8.01 13.19 21.31 28.04 33.48 37.98 38.56 35.88 32.32 25.75 17.85 8.30 2.56 0.00 0.00 0.00
0.00 0.00 0.00 0.00 0.00 0.00 0.00 1.15 3.67 6.04 9.77 12.85 15.35 17.41 17.67 16.44 14.81 11.80 8.18 3.80 1.17 0.00 0.00 0.00
0.00 0.00 0.00 0.00 0.00 0.00 0.00 1.80 6.20 10.35 17.16 22.97 27.31 30.42 30.17 28.51 26.62 21.38 14.99 7.45 2.45 0.00 0.00 0.00
0.00 0.00 0.00 0.00 0.00 0.00 0.00 0.95 2.98 4.90 7.55 9.86 11.56 12.74 12.76 12.04 11.02 8.80 6.16 2.96 0.94 0.00 0.00 0.00
0.00 0.00 0.00 0.00 0.00 0.00 0.00 5.50 25.49 44.58 68.27 94.69 119.80 136.64 140.11 135.26 123.17 99.14 69.09 39.67 14.98 0.00 0.00 0.00
0.00 0.00 0.00 0.00 0.00 0.00 0.00 2.14 7.02 11.71 20.62 26.38 30.80 45.26 47.32 45.01 43.52 35.52 25.45 15.03 6.41 0.00 0.00 0.00
0.00 0.00 0.00 0.00 0.00 0.00 0.00 0.59 2.01 3.36 6.01 7.66 9.03 10.84 11.04 10.53 9.71 7.87 5.58 3.42 1.45 0.00 0.00 0.00
0.00 0.00 0.00 0.00 0.00 0.00 0.00 0.94 3.27 5.49 8.11 10.38 12.19 13.49 13.92 13.55 12.44 9.85 7.00 4.26 1.75 0.00 0.00 0.00
0.00 0.00 0.00 0.00 0.00 0.00 0.00 1.50 5.24 8.78 12.97 16.62 19.50 21.58 22.27 21.67 19.91 15.76 11.20 6.81 2.80 0.00 0.00 0.00
0.00 0.00 0.00 0.00 0.00 0.00 0.00 17.71 110.23 198.93 296.93 392.85 472.54 511.30 523.84 497.66 457.96 372.47 263.89 150.91 67.84 0.00 0.00 0.00
