0.00 0.00 0.00 0.00 0.00 0.00 0.00 0.00 0.67 1.60 2.67 3.60 4.26 4.68 4.70 4.54 4.07 3.31 2.27 0.95 0.23 0.00 0.00 0.00
0.00 0.00 0.00 0.00 0.00 0.00 0.00 0.00 13.09 27.16 43.24 55.30 64.58 76.13 75.41 70.14 60.35 46.21 30.41 10.30 0.00 0.00 0.00 0.00
0.00 0.00 0.00 0.00 0.00 0.00 0.00 0.00 15.34 36.61 61.16 82.41 97.45 106.95 107.56 103.71 92.99 75.64 51.96 21.76 5.20 0.00 0.00 0.00
0.00 0.00 0.00 0.00 0.00 0.00 0.00 0.00 54.53 130.10 217.35 292.88 346.33 380.10 382.24 368.58 330.49 268.81 184.68 77.34 18.47 0.00 0.00 0.00
0.00 0.00 0.00 0.00 0.00 0.00 0.00 0.22 3.17 5.92 7.41 9.40 10.67 9.74 9.49 8.71 7.26 5.54 3.44 1.40 0.00 0.00 0.00 0.00
0.00 0.00 0.00 0.00 0.00 0.00 0.00 0.00 104.15 266.70 456.64 620.66 751.30 831.31 862.19 857.03 785.07 636.33 432.34 200.73 52.58 0.00 0.00 0.00
0.00 0.00 0.00 0.00 0.00 0.00 0.00 0.02 1.79 3.46 5.55 7.25 8.43 9.08 8.95 8.37 7.09 5.40 3.46 1.19 0.04 0.00 0.00 0.00
0.00 0.00 0.00 0.00 0.00 0.00 0.00 0.00 0.91 1.86 2.49 3.26 3.80 3.83 3.72 3.52 3.12 2.41 1.57 0.61 0.00 0.00 0.00 0.00
0.00 0.00 0.00 0.00 0.00 0.00 0.00 0.00 1.46 2.98 3.99 5.22 6.08 6.13 5.95 5.63 5.00 3.86 2.52 0.97 0.00 0.00 0.00 0.00
0.00 0.00 0.00 0.00 0.00 0.00 0.00 0.00 1.46 2.98 3.99 5.22 6.08 6.13 5.95 5.63 5.00 3.86 2.52 0.97 0.00 0.00 0.00 0.00
0.00 0.00 0.00 0.00 0.00 0.00 0.00 0.00 3.33 6.99 11.25 15.07 17.53 16.78 16.74 15.76 12.31 9.57 6.03 2.40 0.13 0.00 0.00 0.00
0.00 0.00 0.00 0.00 0.00 0.00 0.00 0.00 1.49 3.13 5.04 6.76 7.85 7.09 7.06 6.60 5.27 4.12 2.59 1.06 0.05 0.00 0.00 0.00
0.00 0.00 0.00 0.00 0.00 0.00 0.00 0.00 1.92 4.02 6.48 8.70 10.09 9.12 9.08 8.49 6.78 5.30 3.33 1.36 0.07 0.00 0.00 0.00
0.00 0.00 0.00 0.00 0.00 0.00 0.00 0.00 1.28 2.68 4.32 5.80 6.73 6.08 6.06 5.66 4.52 3.53 2.22 0.91 0.04 0.00 0.00 0.00
0.00 0.00 0.00 0.00 0.00 0.00 0.00 0.00 1.28 2.68 4.32 5.80 6.73 6.08 6.06 5.66 4.52 3.53 2.22 0.91 0.04 0.00 0.00 0.00
0.00 0.00 0.00 0.00 0.00 0.00 0.00 0.00 17.05 38.87 62.87 83.69 97.78 94.82 94.37 88.64 68.22 52.45 34.17 13.87 0.75 0.00 0.00 0.00
0.00 0.00 0.00 0.00 0.00 0.00 0.00 0.00 10.50 21.70 34.67 46.51 54.23 56.87 56.70 52.50 38.67 30.04 19.21 7.28 0.30 0.00 0.00 0.00
0.00 0.00 0.00 0.00 0.00 0.00 0.00 0.00 9.04 18.82 30.35 40.74 46.99 50.46 50.16 46.95 36.69 28.61 18.28 6.26 0.45 0.00 0.00 0.00
0.00 0.00 0.00 0.00 0.00 0.00 0.00 0.00 30.72 78.67 134.69 183.07 221.61 245.21 254.31 252.79 231.57 187.70 127.52 59.21 15.51 0.00 0.00 0.00
0.00 0.00 0.00 0.00 0.00 0.00 0.00 0.00 29.22 74.83 128.12 174.14 210.80 233.25 241.91 240.46 220.27 178.54 121.30 56.32 14.75 0.00 0.00 0.00
0.00 0.00 0.00 0.00 0.00 0.00 0.00 0.00 56.19 143.90 246.39 334.89 405.38 448.55 465.21 462.43 423.60 343.35 233.28 108.31 28.37 0.00 0.00 0.00
0.00 0.00 0.00 0.00 0.00 0.00 0.00 0.00 55.26 141.50 242.28 329.31 398.62 441.07 457.45 454.72 416.54 337.62 229.39 106.50 27.90 0.00 0.00 0.00
0.00 0.00 0.00 0.00 0.00 0.00 0.00 0.00 69.45 165.52 273.74 374.84 454.51 503.04 517.30 495.45 423.08 333.92 228.22 59.90 15.46 0.00 0.00 0.00
0.00 0.00 0.00 0.00 0.00 0.00 0.00 0.00 0.91 1.86 2.49 3.26 3.80 3.83 3.72 3.52 3.12 2.41 1.57 0.61 0.00 0.00 0.00 0.00
0.00 0.00 0.00 0.00 0.00 0.00 0.00 0.00 4.62 9.42 12.63 16.53 19.27 19.42 18.83 17.83 15.82 12.21 7.97 3.07 0.00 0.00 0.00 0.00
0.00 0.00 0.00 0.00 0.00 0.00 0.00 0.00 23.60 48.10 64.46 84.39 98.35 99.15 96.15 91.03 80.77 62.34 40.71 15.68 0.00 0.00 0.00 0.00
0.00 0.00 0.00 0.00 0.00 0.00 0.00 0.00 2.10 5.37 9.20 12.50 15.13 16.75 17.37 17.26 15.81 12.82 8.71 4.04 1.06 0.00 0.00 0.00
0.00 0.00 0.00 0.00 0.00 0.00 0.00 0.00 53.68 128.07 213.96 288.32 340.94 374.18 376.29 362.84 325.34 264.62 181.80 76.14 18.18 0.00 0.00 0.00
0.00 0.00 0.00 0.00 0.00 0.00 0.00 0.00 4.55 10.48 17.57 24.12 28.81 30.95 30.64 28.76 22.04 17.36 11.44 4.77 0.72 0.00 0.00 0.00
0.00 0.00 0.00 0.00 0.00 0.00 0.00 0.00 29.81 64.33 107.45 146.65 174.49 154.23 155.83 147.81 110.91 88.28 59.85 23.50 4.46 0.00 0.00 0.00
0.00 0.00 0.00 0.00 0.00 0.00 0.00 0.00 0.89 2.13 3.57 4.81 5.68 6.24 6.27 6.05 5.42 4.41 3.03 1.27 0.30 0.00 0.00 0.00
0.00 0.00 0.00 0.00 0.00 0.00 0.00 0.00 40.26 96.05 160.47 216.24 255.70 280.63 282.21 272.13 244.00 198.47 136.35 57.10 13.63 0.00 0.00 0.00
0.00 0.00 0.00 0.00 0.00 0.00 0.00 0.00 51.67 123.27 205.94 277.50 328.15 360.14 362.18 349.23 313.14 254.70 174.98 73.28 17.50 0.00 0.00 0.00
0.00 0.00 0.00 0.00 0.00 0.00 0.00 0.00 91.58 218.28 361.00 494.32 599.38 663.39 682.19 653.37 557.94 440.35 300.97 78.99 20.39 0.00 0.00 0.00
0.00 0.00 0.00 0.00 0.00 0.00 0.00 0.00 2.35 5.03 7.93 10.69 12.43 12.16 12.11 11.25 9.10 6.85 4.53 1.70 0.10 0.00 0.00 0.00
0.00 0.00 0.00 0.00 0.00 0.00 0.00 0.00 2.90 6.19 9.81 13.19 15.36 15.61 15.56 14.48 11.27 8.53 5.56 2.10 0.12 0.00 0.00 0.00
0.00 0.00 0.00 0.00 0.00 0.00 0.00 0.00 18.75 43.24 72.46 99.51 118.83 127.67 126.37 118.64 90.93 71.60 47.20 19.69 2.95 0.00 0.00 0.00
0.00 0.00 0.00 0.00 0.00 0.00 0.00 0.00 65.15 159.99 270.34 375.31 458.74 509.25 516.36 483.73 449.18 360.01 248.59 126.06 40.93 0.00 0.00 0.00
0.00 0.00 0.00 0.00 0.00 0.00 0.00 0.00 0.85 1.74 2.73 3.64 4.20 4.22 4.22 3.94 2.89 2.18 1.43 0.56 0.01 0.00 0.00 0.00
0.00 0.00 0.00 0.00 0.00 0.00 0.00 0.00 14.13 32.31 53.14 72.27 87.25 95.41 96.58 92.30 79.17 62.38 42.87 13.17 2.89 0.00 0.00 0.00
0.00 0.00 0.00 0.00 0.00 0.00 0.00 0.00 3.27 9.23 16.25 22.72 27.39 30.38 31.03 30.09 26.15 20.44 14.42 8.13 2.39 0.00 0.00 0.00
0.00 0.00 0.00 0.00 0.00 0.00 0.00 0.08 2.14 4.08 6.35 8.31 9.59 10.23 10.16 9.52 8.13 6.25 3.95 1.33 0.01 0.00 0.00 0.00
0.00 0.00 0.00 0.00 0.00 0.00 0.00 0.04 1.07 2.04 3.18 4.15 4.80 5.11 5.08 4.76 4.07 3.13 1.97 0.66 0.01 0.00 0.00 0.00
0.00 0.00 0.00 0.00 0.00 0.00 0.00 0.08 2.34 4.46 6.95 9.08 10.49 11.18 11.12 10.42 8.89 6.84 4.32 1.45 0.01 0.00 0.00 0.00
0.00 0.00 0.00 0.00 0.00 0.00 0.00 0.07 2.79 5.36 8.44 10.98 12.83 13.77 13.50 12.69 10.95 8.32 5.25 1.73 0.01 0.00 0.00 0.00
0.00 0.00 0.00 0.00 0.00 0.00 0.00 0.10 4.25 8.17 12.87 16.73 19.55 20.98 20.57 19.34 16.68 12.68 8.00 2.64 0.02 0.00 0.00 0.00
0.00 0.00 0.00 0.00 0.00 0.00 0.00 0.01 3.65 7.08 11.31 14.63 17.08 18.30 17.94 16.88 14.38 11.04 7.14 2.51 0.08 0.00 0.00 0.00
0.00 0.00 0.00 0.00 0.00 0.00 0.00 0.00 2.64 5.45 8.69 11.87 14.07 14.10 14.28 13.64 8.09 6.32 4.17 1.99 0.31 0.00 0.00 0.00
0.00 0.00 0.00 0.00 0.00 0.00 0.00 0.00 6.83 14.07 22.46 30.67 36.35 36.43 36.89 35.25 20.90 16.32 10.78 5.15 0.80 0.00 0.00 0.00
0.00 0.00 0.00 0.00 0.00 0.00 0.00 0.00 1.73 3.64 5.82 7.95 9.48 9.87 9.81 9.17 7.54 5.88 3.98 1.41 0.22 0.00 0.00 0.00
0.00 0.00 0.00 0.00 0.00 0.00 0.00 0.00 4.01 7.96 12.06 15.89 18.27 17.21 17.14 15.71 11.67 8.86 5.60 2.07 0.00 0.00 0.00 0.00
0.00 0.00 0.00 0.00 0.00 0.00 0.00 0.00 6.63 13.07 20.87 27.62 31.99 33.77 34.03 31.77 24.63 18.78 11.90 3.97 0.05 0.00 0.00 0.00
0.00 0.00 0.00 0.00 0.00 0.00 0.00 0.07 1.00 1.87 2.53 3.21 3.63 2.96 2.84 2.63 2.45 1.87 1.17 0.40 0.00 0.00 0.00 0.00
0.00 0.00 0.00 0.00 0.00 0.00 0.00 0.01 5.13 9.94 11.27 14.35 16.15 16.82 16.19 15.11 13.43 10.24 6.52 2.69 0.00 0.00 0.00 0.00
0.00 0.00 0.00 0.00 0.00 0.00 0.00 0.12 3.61 6.87 8.95 11.33 12.69 11.17 10.62 10.06 9.34 7.09 4.52 2.07 0.00 0.00 0.00 0.00
0.00 0.00 0.00 0.00 0.00 0.00 0.00 0.17 4.98 9.48 12.35 15.64 17.52 15.42 14.66 13.89 12.89 9.78 6.24 2.85 0.00 0.00 0.00 0.00
0.00 0.00 0.00 0.00 0.00 0.00 0.00 0.11 3.39 6.46 8.41 10.65 11.93 10.50 9.99 9.46 8.78 6.66 4.25 1.94 0.00 0.00 0.00 0.00
0.00 0.00 0.00 0.00 0.00 0.00 0.00 0.00 2.74 5.30 6.01 7.65 8.61 8.97 8.63 8.06 7.16 5.46 3.48 1.44 0.00 0.00 0.00 0.00
0.00 0.00 0.00 0.00 0.00 0.00 0.00 0.16 2.80 5.28 6.84 8.65 9.81 9.12 8.99 8.36 6.96 5.32 3.30 1.36 0.00 0.00 0.00 0.00
0.00 0.00 0.00 0.00 0.00 0.00 0.00 0.00 2.61 5.33 7.14 9.35 10.90 10.99 10.66 10.09 8.95 6.91 4.51 1.74 0.00 0.00 0.00 0.00
0.00 0.00 0.00 0.00 0.00 0.00 0.00 0.00 22.20 50.59 81.83 108.93 127.27 123.41 122.83 115.37 88.79 68.26 44.48 18.05 0.97 0.00 0.00 0.00
0.00 0.00 0.00 0.00 0.00 0.00 0.00 0.00 3.77 7.92 12.75 17.08 19.87 19.01 18.97 17.86 13.95 10.84 6.83 2.72 0.15 0.00 0.00 0.00
0.00 0.00 0.00 0.00 0.00 0.00 0.00 0.00 5.22 10.66 16.05 21.43 25.16 24.48 24.38 22.52 17.25 13.08 8.39 3.50 0.04 0.00 0.00 0.00
0.00 0.00 0.00 0.00 0.00 0.00 0.00 0.00 2.39 4.89 7.35 9.82 11.53 11.22 11.17 10.32 7.91 5.99 3.85 1.60 0.02 0.00 0.00 0.00
0.00 0.00 0.00 0.00 0.00 0.00 0.00 0.00 4.77 10.00 16.13 21.54 25.11 25.23 25.15 23.65 18.06 14.01 8.86 3.44 0.19 0.00 0.00 0.00
0.00 0.00 0.00 0.00 0.00 0.00 0.00 0.00 2.08 4.23 6.63 8.84 10.20 10.24 10.26 9.58 7.02 5.29 3.47 1.36 0.03 0.00 0.00 0.00
0.00 0.00 0.00 0.00 0.00 0.00 0.00 0.00 19.41 44.76 75.02 103.02 123.03 132.18 130.84 122.84 94.15 74.14 48.87 20.39 3.06 0.00 0.00 0.00
0.00 0.00 0.00 0.00 0.00 0.00 0.00 0.00 7.13 15.38 25.69 35.07 41.73 36.88 37.26 35.35 26.52 21.11 14.31 5.62 1.07 0.00 0.00 0.00
0.00 0.00 0.00 0.00 0.00 0.00 0.00 0.00 1.63 3.55 5.76 7.81 9.48 10.12 10.01 9.43 7.47 5.92 4.03 1.74 0.33 0.00 0.00 0.00
0.00 0.00 0.00 0.00 0.00 0.00 0.00 0.00 2.07 4.54 7.48 9.99 11.65 12.59 12.71 12.16 10.19 8.10 5.47 2.27 0.40 0.00 0.00 0.00
0.00 0.00 0.00 0.00 0.00 0.00 0.00 0.00 3.32 7.27 11.97 15.99 18.63 20.14 20.33 19.46 16.31 12.97 8.75 3.64 0.63 0.00 0.00 0.00
0.00 0.00 0.00 0.00 0.00 0.00 0.00 0.00 57.13 146.30 250.49 340.47 412.13 456.02 472.96 470.13 430.66 349.07 237.16 110.11 28.85 0.00 0.00 0.00
