0.00 0.00 0.00 0.00 0.00 0.00 0.00 0.00 0.17 1.13 2.20 3.12 3.86 3.97 4.04 3.84 2.58 1.84 1.07 0.15 0.00 0.00 0.00 0.00
0.00 0.00 0.00 0.00 0.00 0.00 0.00 0.00 3.48 10.31 15.63 21.49 24.91 29.18 28.34 25.63 22.91 15.54 8.17 0.00 0.00 0.00 0.00 0.00
0.00 0.00 0.00 0.00 0.00 0.00 0.00 0.00 3.94 25.87 50.37 71.29 88.23 90.69 92.38 87.72 59.08 41.98 24.43 3.53 0.00 0.00 0.00 0.00
0.00 0.00 0.00 0.00 0.00 0.00 0.00 0.00 14.01 91.95 179.01 253.36 313.56 322.31 328.33 311.74 209.96 149.18 86.82 12.54 0.00 0.00 0.00 0.00
0.00 0.00 0.00 0.00 0.00 0.00 0.00 0.00 0.92 2.32 3.48 4.58 5.17 6.41 6.11 5.34 4.42 2.90 1.38 0.00 0.00 0.00 0.00 0.00
0.00 0.00 0.00 0.00 0.00 0.00 0.00 0.00 21.61 188.43 280.79 399.65 499.32 497.88 515.86 493.99 656.21 468.31 278.98 47.64 0.00 0.00 0.00 0.00
0.00 0.00 0.00 0.00 0.00 0.00 0.00 0.00 0.88 2.70 4.64 6.36 7.50 8.12 8.12 7.43 6.05 4.01 2.03 0.00 0.00 0.00 0.00 0.00
0.00 0.00 0.00 0.00 0.00 0.00 0.00 0.00 0.23 0.68 1.09 1.48 1.67 1.92 1.87 1.71 1.43 0.97 0.51 0.00 0.00 0.00 0.00 0.00
0.00 0.00 0.00 0.00 0.00 0.00 0.00 0.00 0.36 1.09 1.74 2.37 2.68 3.07 2.99 2.74 2.30 1.56 0.81 0.00 0.00 0.00 0.00 0.00
0.00 0.00 0.00 0.00 0.00 0.00 0.00 0.00 0.36 1.09 1.74 2.37 2.68 3.07 2.99 2.74 2.30 1.56 0.81 0.00 0.00 0.00 0.00 0.00
0.00 0.00 0.00 0.00 0.00 0.00 0.00 0.00 0.66 2.22 3.66 5.20 6.15 7.60 7.46 6.98 7.96 5.45 2.92 0.01 0.00 0.00 0.00 0.00
0.00 0.00 0.00 0.00 0.00 0.00 0.00 0.00 0.32 1.05 1.76 2.51 2.93 3.43 3.38 3.19 3.19 2.17 1.16 0.00 0.00 0.00 0.00 0.00
0.00 0.00 0.00 0.00 0.00 0.00 0.00 0.00 0.41 1.35 2.27 3.23 3.77 4.41 4.34 4.10 4.10 2.79 1.49 0.00 0.00 0.00 0.00 0.00
0.00 0.00 0.00 0.00 0.00 0.00 0.00 0.00 0.27 0.90 1.51 2.15 2.51 2.94 2.89 2.73 2.73 1.86 1.00 0.00 0.00 0.00 0.00 0.00
0.00 0.00 0.00 0.00 0.00 0.00 0.00 0.00 0.27 0.90 1.51 2.15 2.51 2.94 2.89 2.73 2.73 1.86 1.00 0.00 0.00 0.00 0.00 0.00
0.00 0.00 0.00 0.00 0.00 0.00 0.00 0.00 4.39 15.37 23.55 33.74 39.96 40.98 40.90 37.96 41.17 28.40 15.85 0.96 0.00 0.00 0.00 0.00
0.00 0.00 0.00 0.00 0.00 0.00 0.00 0.00 2.22 7.25 12.12 17.05 19.91 23.30 23.15 21.38 25.17 17.29 9.17 0.00 0.00 0.00 0.00 0.00
0.00 0.00 0.00 0.00 0.00 0.00 0.00 0.00 1.97 6.76 11.05 15.47 18.66 26.92 26.80 25.06 25.33 17.45 9.33 0.02 0.00 0.00 0.00 0.00
0.00 0.00 0.00 0.00 0.00 0.00 0.00 0.00 6.37 55.58 82.82 117.88 147.28 146.86 152.16 145.71 193.56 138.13 82.29 14.05 0.00 0.00 0.00 0.00
0.00 0.00 0.00 0.00 0.00 0.00 0.00 0.00 6.06 52.87 78.78 112.13 140.10 139.69 144.74 138.60 184.12 131.40 78.28 13.37 0.00 0.00 0.00 0.00
0.00 0.00 0.00 0.00 0.00 0.00 0.00 0.00 11.66 101.67 151.51 215.64 269.42 268.64 278.34 266.54 354.07 252.68 150.53 25.71 0.00 0.00 0.00 0.00
0.00 0.00 0.00 0.00 0.00 0.00 0.00 0.00 11.47 99.98 148.98 212.04 264.93 264.16 273.70 262.10 348.17 248.47 148.02 25.28 0.00 0.00 0.00 0.00
0.00 0.00 0.00 0.00 0.00 0.00 0.00 0.00 15.59 118.30 231.16 323.73 406.61 437.92 449.00 422.01 333.04 236.26 137.95 11.70 0.00 0.00 0.00 0.00
0.00 0.00 0.00 0.00 0.00 0.00 0.00 0.00 0.23 0.68 1.09 1.48 1.67 1.92 1.87 1.71 1.43 0.97 0.51 0.00 0.00 0.00 0.00 0.00
0.00 0.00 0.00 0.00 0.00 0.00 0.00 0.00 1.15 3.44 5.50 7.49 8.47 9.72 9.47 8.67 7.27 4.93 2.57 0.00 0.00 0.00 0.00 0.00
0.00 0.00 0.00 0.00 0.00 0.00 0.00 0.00 5.89 17.58 28.10 38.26 43.27 49.62 48.36 44.24 37.11 25.16 13.14 0.00 0.00 0.00 0.00 0.00
0.00 0.00 0.00 0.00 0.00 0.00 0.00 0.00 0.44 3.80 5.66 8.05 10.06 10.03 10.39 9.95 13.22 9.43 5.62 0.96 0.00 0.00 0.00 0.00
0.00 0.00 0.00 0.00 0.00 0.00 0.00 0.00 13.79 90.52 176.22 249.41 308.67 317.29 323.21 306.88 206.68 146.85 85.47 12.34 0.00 0.00 0.00 0.00
0.00 0.00 0.00 0.00 0.00 0.00 0.00 0.00 0.73 3.18 7.16 10.54 13.38 17.61 18.54 17.93 17.11 12.36 7.01 0.49 0.00 0.00 0.00 0.00
0.00 0.00 0.00 0.00 0.00 0.00 0.00 0.00 11.02 51.78 95.43 133.04 157.88 170.81 176.05 162.50 132.29 90.36 50.24 1.69 0.00 0.00 0.00 0.00
0.00 0.00 0.00 0.00 0.00 0.00 0.00 0.00 0.23 1.51 2.94 4.16 5.14 5.29 5.39 5.11 3.44 2.45 1.42 0.21 0.00 0.00 0.00 0.00
0.00 0.00 0.00 0.00 0.00 0.00 0.00 0.00 10.34 67.89 132.17 187.06 231.51 237.97 242.41 230.16 155.01 110.14 64.10 9.26 0.00 0.00 0.00 0.00
0.00 0.00 0.00 0.00 0.00 0.00 0.00 0.00 13.27 87.12 169.62 240.06 297.10 305.39 311.09 295.37 198.93 141.35 82.26 11.88 0.00 0.00 0.00 0.00
0.00 0.00 0.00 0.00 0.00 0.00 0.00 0.00 20.56 156.01 304.85 426.92 536.22 577.51 592.11 556.53 439.20 311.57 181.92 15.43 0.00 0.00 0.00 0.00
0.00 0.00 0.00 0.00 0.00 0.00 0.00 0.00 0.47 1.60 2.78 3.95 4.68 5.48 5.38 4.93 4.83 3.36 1.82 0.06 0.00 0.00 0.00 0.00
0.00 0.00 0.00 0.00 0.00 0.00 0.00 0.00 0.59 2.02 3.46 4.88 5.83 6.77 6.63 6.22 6.04 4.19 2.27 0.06 0.00 0.00 0.00 0.00
0.00 0.00 0.00 0.00 0.00 0.00 0.00 0.00 3.00 13.13 29.54 43.49 55.19 72.64 76.50 73.97 70.58 50.98 28.93 2.02 0.00 0.00 0.00 0.00
0.00 0.00 0.00 0.00 0.00 0.00 0.00 0.00 4.16 109.38 229.69 328.08 409.62 459.68 472.98 441.41 366.02 264.01 157.51 14.52 0.00 0.00 0.00 0.00
0.00 0.00 0.00 0.00 0.00 0.00 0.00 0.00 0.20 0.63 1.06 1.44 1.69 1.93 1.90 1.74 1.85 1.26 0.66 0.00 0.00 0.00 0.00 0.00
0.00 0.00 0.00 0.00 0.00 0.00 0.00 0.00 4.16 23.65 45.30 63.82 78.10 84.14 86.25 80.13 64.75 45.55 26.05 2.12 0.00 0.00 0.00 0.00
0.00 0.00 0.00 0.00 0.00 0.00 0.00 0.00 0.31 5.21 9.51 13.81 16.90 29.06 29.88 28.08 24.10 17.37 10.65 2.19 0.00 0.00 0.00 0.00
0.00 0.00 0.00 0.00 0.00 0.00 0.00 0.00 1.08 3.19 5.45 7.52 8.96 9.55 9.29 8.53 6.82 4.54 2.26 0.00 0.00 0.00 0.00 0.00
0.00 0.00 0.00 0.00 0.00 0.00 0.00 0.00 0.54 1.60 2.73 3.76 4.48 4.77 4.65 4.26 3.41 2.27 1.13 0.00 0.00 0.00 0.00 0.00
0.00 0.00 0.00 0.00 0.00 0.00 0.00 0.00 1.18 3.49 5.96 8.22 9.80 10.44 10.16 9.33 7.46 4.96 2.47 0.00 0.00 0.00 0.00 0.00
0.00 0.00 0.00 0.00 0.00 0.00 0.00 0.00 1.41 4.18 7.15 9.71 11.51 12.35 12.18 11.18 8.95 5.91 2.96 0.00 0.00 0.00 0.00 0.00
0.00 0.00 0.00 0.00 0.00 0.00 0.00 0.00 2.15 6.37 10.90 14.80 17.54 18.81 18.56 17.03 13.64 9.01 4.51 0.00 0.00 0.00 0.00 0.00
0.00 0.00 0.00 0.00 0.00 0.00 0.00 0.00 1.77 5.45 9.42 12.76 15.19 16.52 16.57 15.16 12.15 8.17 4.15 0.00 0.00 0.00 0.00 0.00
0.00 0.00 0.00 0.00 0.00 0.00 0.00 0.00 1.09 4.41 7.94 10.86 12.80 13.62 13.79 12.73 10.35 7.09 3.83 0.01 0.00 0.00 0.00 0.00
0.00 0.00 0.00 0.00 0.00 0.00 0.00 0.00 2.81 11.39 20.51 28.06 33.07 35.18 35.62 32.88 26.74 18.31 9.90 0.03 0.00 0.00 0.00 0.00
0.00 0.00 0.00 0.00 0.00 0.00 0.00 0.00 0.69 2.86 5.21 7.10 8.52 9.17 9.36 8.52 6.99 4.71 2.58 0.05 0.00 0.00 0.00 0.00
0.00 0.00 0.00 0.00 0.00 0.00 0.00 0.00 1.01 3.01 5.23 7.14 8.21 8.56 8.52 7.74 6.26 4.20 2.15 0.00 0.00 0.00 0.00 0.00
0.00 0.00 0.00 0.00 0.00 0.00 0.00 0.00 3.13 9.50 16.53 22.47 26.46 28.99 29.54 27.05 22.37 14.79 7.57 0.00 0.00 0.00 0.00 0.00
0.00 0.00 0.00 0.00 0.00 0.00 0.00 0.00 0.27 0.69 1.25 1.66 1.85 2.11 2.05 1.82 1.41 0.94 0.45 0.00 0.00 0.00 0.00 0.00
0.00 0.00 0.00 0.00 0.00 0.00 0.00 0.00 1.39 3.78 6.14 8.20 9.27 11.73 11.23 10.06 8.17 5.50 2.74 0.00 0.00 0.00 0.00 0.00
0.00 0.00 0.00 0.00 0.00 0.00 0.00 0.00 0.96 2.52 4.21 5.57 6.19 7.85 7.63 6.78 5.49 3.59 1.75 0.00 0.00 0.00 0.00 0.00
0.00 0.00 0.00 0.00 0.00 0.00 0.00 0.00 1.32 3.47 5.81 7.69 8.54 10.83 10.53 9.35 7.57 4.96 2.42 0.00 0.00 0.00 0.00 0.00
0.00 0.00 0.00 0.00 0.00 0.00 0.00 0.00 0.90 2.37 3.96 5.24 5.82 7.38 7.17 6.37 5.16 3.38 1.65 0.00 0.00 0.00 0.00 0.00
0.00 0.00 0.00 0.00 0.00 0.00 0.00 0.00 0.74 2.02 3.27 4.37 4.95 6.26 5.99 5.37 4.36 2.94 1.46 0.00 0.00 0.00 0.00 0.00
0.00 0.00 0.00 0.00 0.00 0.00 0.00 0.00 0.76 1.92 3.02 4.01 4.53 5.63 5.46 4.84 4.09 2.66 1.27 0.00 0.00 0.00 0.00 0.00
0.00 0.00 0.00 0.00 0.00 0.00 0.00 0.00 0.65 1.95 3.11 4.24 4.79 5.50 5.36 4.90 4.11 2.79 1.46 0.00 0.00 0.00 0.00 0.00
0.00 0.00 0.00 0.00 0.00 0.00 0.00 0.00 5.72 20.01 30.65 43.91 52.02 53.34 53.24 49.40 53.59 36.97 20.63 1.25 0.00 0.00 0.00 0.00
0.00 0.00 0.00 0.00 0.00 0.00 0.00 0.00 0.75 2.52 4.15 5.90 6.96 8.61 8.45 7.91 9.02 6.18 3.31 0.01 0.00 0.00 0.00 0.00
0.00 0.00 0.00 0.00 0.00 0.00 0.00 0.00 1.29 4.01 7.05 9.63 11.22 12.15 12.10 11.23 8.47 5.82 3.05 0.00 0.00 0.00 0.00 0.00
0.00 0.00 0.00 0.00 0.00 0.00 0.00 0.00 0.59 1.84 3.23 4.41 5.14 5.57 5.54 5.15 3.88 2.67 1.40 0.00 0.00 0.00 0.00 0.00
0.00 0.00 0.00 0.00 0.00 0.00 0.00 0.00 0.94 3.14 5.14 7.28 8.60 10.68 10.51 9.79 11.78 8.15 4.36 0.01 0.00 0.00 0.00 0.00
0.00 0.00 0.00 0.00 0.00 0.00 0.00 0.00 0.48 1.53 2.58 3.50 4.11 4.69 4.62 4.23 4.49 3.05 1.60 0.00 0.00 0.00 0.00 0.00
0.00 0.00 0.00 0.00 0.00 0.00 0.00 0.00 3.11 13.59 30.59 45.03 57.14 75.21 79.20 76.58 73.07 52.78 29.95 2.09 0.00 0.00 0.00 0.00
0.00 0.00 0.00 0.00 0.00 0.00 0.00 0.00 2.64 12.38 22.82 31.81 37.75 40.85 42.10 38.86 31.64 21.61 12.01 0.40 0.00 0.00 0.00 0.00
0.00 0.00 0.00 0.00 0.00 0.00 0.00 0.00 0.58 2.72 5.04 7.07 8.44 9.17 9.31 8.56 6.98 4.89 2.73 0.09 0.00 0.00 0.00 0.00
0.00 0.00 0.00 0.00 0.00 0.00 0.00 0.00 0.72 3.26 6.04 8.39 10.17 11.16 11.25 10.36 8.82 6.20 3.46 0.16 0.00 0.00 0.00 0.00
0.00 0.00 0.00 0.00 0.00 0.00 0.00 0.00 1.16 5.21 9.66 13.42 16.27 17.85 18.00 16.57 14.12 9.92 5.53 0.25 0.00 0.00 0.00 0.00
0.00 0.00 0.00 0.00 0.00 0.00 0.00 0.00 11.85 103.37 154.03 219.23 273.91 273.12 282.98 270.98 359.97 256.90 153.04 26.13 0.00 0.00 0.00 0.00
