0.00 0.00 0.00 0.00 0.00 0.00 0.00 0.00 0.81 1.72 2.72 3.63 4.26 4.71 4.75 4.60 4.18 3.45 2.44 1.22 0.45 0.00 0.00 0.00
0.00 0.00 0.00 0.00 0.00 0.00 0.00 0.22 17.63 34.12 51.81 65.72 76.51 83.87 83.40 78.07 68.27 53.19 36.20 14.12 2.22 0.00 0.00 0.00
0.00 0.00 0.00 0.00 0.00 0.00 0.00 0.00 18.57 39.44 62.30 82.91 97.49 107.77 108.61 105.26 95.65 78.92 55.76 27.93 10.27 0.00 0.00 0.00
0.00 0.00 0.00 0.00 0.00 0.00 0.00 0.00 65.99 140.15 221.42 294.67 346.49 383.01 386.00 374.08 339.93 280.47 198.17 99.26 36.50 0.00 0.00 0.00
0.00 0.00 0.00 0.00 0.00 0.00 0.00 0.64 3.55 6.28 8.69 10.91 12.31 11.82 11.55 10.67 11.32 8.80 5.69 2.05 0.15 0.00 0.00 0.00
0.00 0.00 0.00 0.00 0.00 0.00 0.00 0.00 128.57 288.97 466.80 626.64 754.36 835.66 869.02 868.60 811.73 667.21 465.65 243.53 92.80 0.00 0.00 0.00
0.00 0.00 0.00 0.00 0.00 0.00 0.00 0.29 1.89 3.41 5.48 7.08 8.19 8.73 8.63 8.11 7.56 5.85 3.88 1.70 0.39 0.00 0.00 0.00
0.00 0.00 0.00 0.00 0.00 0.00 0.00 0.05 1.06 2.02 3.07 3.97 4.60 4.96 4.82 4.60 4.33 3.40 2.30 0.95 0.17 0.00 0.00 0.00
0.00 0.00 0.00 0.00 0.00 0.00 0.00 0.07 1.69 3.22 4.91 6.36 7.36 7.93 7.72 7.36 6.93 5.44 3.68 1.53 0.27 0.00 0.00 0.00
0.00 0.00 0.00 0.00 0.00 0.00 0.00 0.07 1.69 3.22 4.91 6.36 7.36 7.93 7.72 7.36 6.93 5.44 3.68 1.53 0.27 0.00 0.00 0.00
0.00 0.00 0.00 0.00 0.00 0.00 0.00 0.03 3.91 7.59 12.14 16.08 18.62 20.18 20.18 19.08 16.59 13.10 8.51 3.90 0.90 0.00 0.00 0.00
0.00 0.00 0.00 0.00 0.00 0.00 0.00 0.02 1.83 3.55 5.68 7.54 8.71 9.56 9.55 8.97 7.78 6.17 4.00 1.86 0.42 0.00 0.00 0.00
0.00 0.00 0.00 0.00 0.00 0.00 0.00 0.02 2.35 4.57 7.31 9.70 11.20 12.29 12.28 11.53 10.00 7.93 5.15 2.39 0.54 0.00 0.00 0.00
0.00 0.00 0.00 0.00 0.00 0.00 0.00 0.01 1.57 3.04 4.87 6.47 7.47 8.20 8.18 7.69 6.67 5.29 3.43 1.60 0.36 0.00 0.00 0.00
0.00 0.00 0.00 0.00 0.00 0.00 0.00 0.01 1.57 3.04 4.87 6.47 7.47 8.20 8.18 7.69 6.67 5.29 3.43 1.60 0.36 0.00 0.00 0.00
0.00 0.00 0.00 0.00 0.00 0.00 0.00 0.00 19.25 40.51 65.16 85.95 100.01 112.31 111.94 105.57 94.74 73.88 49.57 21.85 4.71 0.00 0.00 0.00
0.00 0.00 0.00 0.00 0.00 0.00 0.00 0.42 12.02 23.05 36.17 48.03 55.72 60.98 60.93 56.72 50.57 39.89 26.33 11.53 2.57 0.00 0.00 0.00
0.00 0.00 0.00 0.00 0.00 0.00 0.00 0.31 10.20 19.63 31.04 41.23 47.32 51.18 51.00 48.00 43.05 34.10 22.50 9.75 2.40 0.00 0.00 0.00
0.00 0.00 0.00 0.00 0.00 0.00 0.00 0.00 37.92 85.24 137.69 184.84 222.51 246.49 256.33 256.21 239.43 196.80 137.35 71.83 27.37 0.00 0.00 0.00
0.00 0.00 0.00 0.00 0.00 0.00 0.00 0.00 36.07 81.08 130.97 175.82 211.65 234.47 243.82 243.71 227.75 187.20 130.65 68.33 26.04 0.00 0.00 0.00
0.00 0.00 0.00 0.00 0.00 0.00 0.00 0.00 69.37 155.92 251.87 338.12 407.03 450.90 468.89 468.67 437.99 360.00 251.25 131.40 50.07 0.00 0.00 0.00
0.00 0.00 0.00 0.00 0.00 0.00 0.00 0.00 68.21 153.32 247.67 332.48 400.24 443.38 461.08 460.86 430.69 354.00 247.06 129.21 49.24 0.00 0.00 0.00
0.00 0.00 0.00 0.00 0.00 0.00 0.00 0.00 84.88 179.33 279.72 378.06 455.69 507.56 523.05 503.49 463.02 370.18 259.84 133.54 51.33 0.00 0.00 0.00
0.00 0.00 0.00 0.00 0.00 0.00 0.00 0.05 1.06 2.02 3.07 3.97 4.60 4.96 4.82 4.60 4.33 3.40 2.30 0.95 0.17 0.00 0.00 0.00
0.00 0.00 0.00 0.00 0.00 0.00 0.00 0.23 5.36 10.21 15.54 20.13 23.32 25.11 24.44 23.29 21.96 17.23 11.64 4.84 0.84 0.00 0.00 0.00
0.00 0.00 0.00 0.00 0.00 0.00 0.00 1.18 27.36 52.13 79.36 102.75 119.04 128.19 124.79 118.92 112.09 87.99 59.43 24.69 4.29 0.00 0.00 0.00
0.00 0.00 0.00 0.00 0.00 0.00 0.00 0.00 2.59 5.82 9.40 12.62 15.20 16.83 17.51 17.50 16.35 13.44 9.38 4.91 1.87 0.00 0.00 0.00
0.00 0.00 0.00 0.00 0.00 0.00 0.00 0.00 64.96 137.97 217.96 290.07 341.09 377.04 379.98 368.25 334.63 276.10 195.09 97.72 35.93 0.00 0.00 0.00
0.00 0.00 0.00 0.00 0.00 0.00 0.00 0.00 5.23 10.97 17.91 24.34 28.95 31.87 31.63 29.85 26.38 21.07 14.30 6.76 1.99 0.00 0.00 0.00
0.00 0.00 0.00 0.00 0.00 0.00 0.00 0.09 35.70 69.78 110.69 149.02 176.08 189.88 191.64 182.13 163.86 132.42 92.53 44.41 14.98 0.00 0.00 0.00
0.00 0.00 0.00 0.00 0.00 0.00 0.00 0.00 1.08 2.30 3.63 4.83 5.68 6.28 6.33 6.14 5.58 4.60 3.25 1.63 0.60 0.00 0.00 0.00
0.00 0.00 0.00 0.00 0.00 0.00 0.00 0.00 48.72 103.48 163.47 217.56 255.81 282.78 284.98 276.19 250.97 207.08 146.31 73.29 26.95 0.00 0.00 0.00
0.00 0.00 0.00 0.00 0.00 0.00 0.00 0.00 62.53 132.79 209.79 279.20 328.29 362.90 365.73 354.44 322.08 265.75 187.77 94.05 34.58 0.00 0.00 0.00
0.00 0.00 0.00 0.00 0.00 0.00 0.00 0.00 111.94 236.49 368.88 498.57 600.94 669.34 689.77 663.97 610.61 488.18 342.66 176.11 67.69 0.00 0.00 0.00
0.00 0.00 0.00 0.00 0.00 0.00 0.00 0.00 2.71 5.35 8.84 11.78 13.63 14.82 14.79 13.82 11.40 8.71 5.94 2.83 0.66 0.00 0.00 0.00
0.00 0.00 0.00 0.00 0.00 0.00 0.00 0.00 3.45 6.78 11.15 14.83 17.19 18.66 18.65 17.44 14.54 11.17 7.49 3.54 0.82 0.00 0.00 0.00
0.00 0.00 0.00 0.00 0.00 0.00 0.00 0.00 21.57 45.24 73.88 100.42 119.41 131.48 130.47 123.13 108.80 86.93 58.99 27.88 8.20 0.00 0.00 0.00
0.00 0.00 0.00 0.00 0.00 0.00 0.00 0.00 81.15 172.83 275.90 377.67 458.86 506.33 514.04 483.60 454.62 369.47 262.07 112.44 49.22 0.00 0.00 0.00
0.00 0.00 0.00 0.00 0.00 0.00 0.00 0.06 0.97 1.83 2.87 3.78 4.34 4.71 4.72 4.43 3.95 3.03 2.05 0.87 0.19 0.00 0.00 0.00
0.00 0.00 0.00 0.00 0.00 0.00 0.00 0.00 16.99 34.86 53.52 71.90 86.30 96.02 97.39 93.53 83.32 66.57 47.07 23.19 8.23 0.00 0.00 0.00
0.00 0.00 0.00 0.00 0.00 0.00 0.00 0.00 4.02 9.74 16.45 22.75 27.33 30.78 31.52 30.73 29.20 23.11 16.70 9.25 3.72 0.00 0.00 0.00
0.00 0.00 0.00 0.00 0.00 0.00 0.00 0.38 2.18 3.89 6.14 7.95 9.14 9.91 9.87 9.30 8.51 6.66 4.35 1.89 0.41 0.00 0.00 0.00
0.00 0.00 0.00 0.00 0.00 0.00 0.00 0.19 1.09 1.95 3.07 3.97 4.57 4.95 4.94 4.65 4.25 3.33 2.18 0.94 0.20 0.00 0.00 0.00
0.00 0.00 0.00 0.00 0.00 0.00 0.00 0.41 2.39 4.26 6.72 8.69 10.00 10.84 10.80 10.17 9.31 7.28 4.76 2.06 0.45 0.00 0.00 0.00
0.00 0.00 0.00 0.00 0.00 0.00 0.00 0.41 2.56 4.61 7.73 9.94 11.56 13.77 13.53 12.79 11.48 8.87 5.80 2.45 0.52 0.00 0.00 0.00
0.00 0.00 0.00 0.00 0.00 0.00 0.00 0.63 3.91 7.02 11.78 15.15 17.62 20.99 20.62 19.48 17.50 13.52 8.84 3.74 0.80 0.00 0.00 0.00
0.00 0.00 0.00 0.00 0.00 0.00 0.00 0.57 3.93 7.10 11.17 14.29 16.61 18.00 17.68 16.72 15.31 11.95 8.01 3.53 0.82 0.00 0.00 0.00
0.00 0.00 0.00 0.00 0.00 0.00 0.00 0.22 3.10 5.84 8.96 12.05 14.17 15.07 15.26 14.62 13.18 10.45 7.12 3.36 1.06 0.00 0.00 0.00
0.00 0.00 0.00 0.00 0.00 0.00 0.00 0.57 8.01 15.08 23.13 31.14 36.61 38.94 39.42 37.76 34.05 26.98 18.39 8.68 2.75 0.00 0.00 0.00
0.00 0.00 0.00 0.00 0.00 0.00 0.00 0.06 2.02 3.88 5.97 8.05 9.55 10.23 10.18 9.57 8.52 6.74 4.70 2.24 0.71 0.00 0.00 0.00
0.00 0.00 0.00 0.00 0.00 0.00 0.00 0.44 4.52 8.37 12.71 16.58 18.97 20.53 20.47 18.85 16.94 13.07 8.55 3.55 0.68 0.00 0.00 0.00
0.00 0.00 0.00 0.00 0.00 0.00 0.00 0.84 7.14 13.13 20.91 27.40 31.57 31.80 32.15 30.21 28.61 22.15 14.50 6.08 1.29 0.00 0.00 0.00
0.00 0.00 0.00 0.00 0.00 0.00 0.00 0.20 1.12 1.98 2.90 3.65 4.10 4.28 4.12 3.84 3.13 2.43 1.58 0.66 0.06 0.00 0.00 0.00
0.00 0.00 0.00 0.00 0.00 0.00 0.00 0.75 6.03 10.98 16.61 20.88 23.31 27.23 26.26 24.64 21.60 16.77 11.09 4.35 0.55 0.00 0.00 0.00
0.00 0.00 0.00 0.00 0.00 0.00 0.00 0.61 4.05 7.26 11.03 13.81 15.36 16.62 15.82 15.06 14.20 10.98 7.29 2.83 0.30 0.00 0.00 0.00
0.00 0.00 0.00 0.00 0.00 0.00 0.00 0.85 5.59 10.02 15.23 19.06 21.20 22.93 21.84 20.78 19.59 15.15 10.05 3.91 0.42 0.00 0.00 0.00
0.00 0.00 0.00 0.00 0.00 0.00 0.00 0.58 3.80 6.82 10.37 12.98 14.44 15.62 14.87 14.15 13.35 10.32 6.85 2.66 0.28 0.00 0.00 0.00
0.00 0.00 0.00 0.00 0.00 0.00 0.00 0.40 3.22 5.85 8.86 11.13 12.43 14.52 14.01 13.14 11.52 8.95 5.91 2.32 0.30 0.00 0.00 0.00
0.00 0.00 0.00 0.00 0.00 0.00 0.00 0.53 3.14 5.57 7.96 9.96 11.22 11.80 11.65 10.89 10.48 8.17 5.28 1.94 0.16 0.00 0.00 0.00
0.00 0.00 0.00 0.00 0.00 0.00 0.00 0.13 3.03 5.78 8.79 11.39 13.19 14.21 13.83 13.18 12.42 9.75 6.59 2.74 0.48 0.00 0.00 0.00
0.00 0.00 0.00 0.00 0.00 0.00 0.00 0.00 25.06 52.73 84.81 111.87 130.18 146.19 145.70 137.40 123.31 96.16 64.52 28.44 6.13 0.00 0.00 0.00
0.00 0.00 0.00 0.00 0.00 0.00 0.00 0.04 4.43 8.60 13.75 18.23 21.11 22.87 22.87 21.63 18.81 14.85 9.65 4.42 1.02 0.00 0.00 0.00
0.00 0.00 0.00 0.00 0.00 0.00 0.00 0.35 6.62 12.54 19.52 25.80 30.13 34.00 33.93 31.50 28.93 22.28 14.77 6.20 1.26 0.00 0.00 0.00
0.00 0.00 0.00 0.00 0.00 0.00 0.00 0.16 3.04 5.75 8.95 11.82 13.81 15.58 15.55 14.44 13.26 10.21 6.77 2.84 0.58 0.00 0.00 0.00
0.00 0.00 0.00 0.00 0.00 0.00 0.00 0.07 5.50 10.67 17.00 22.48 26.08 28.19 28.16 26.63 23.53 18.54 12.10 5.42 1.25 0.00 0.00 0.00
0.00 0.00 0.00 0.00 0.00 0.00 0.00 0.14 2.35 4.44 6.96 9.18 10.54 11.43 11.47 10.76 9.60 7.35 4.98 2.12 0.45 0.00 0.00 0.00
0.00 0.00 0.00 0.00 0.00 0.00 0.00 0.00 22.34 46.84 76.49 103.97 123.63 136.13 135.08 127.48 112.64 90.00 61.08 28.86 8.49 0.00 0.00 0.00
0.00 0.00 0.00 0.00 0.00 0.00 0.00 0.02 8.54 16.69 26.47 35.64 42.11 45.41 45.83 43.55 39.18 31.67 22.13 10.62 3.58 0.00 0.00 0.00
0.00 0.00 0.00 0.00 0.00 0.00 0.00 0.00 1.93 3.80 5.92 7.92 9.56 10.39 10.29 9.74 8.76 7.05 4.94 2.36 0.79 0.00 0.00 0.00
0.00 0.00 0.00 0.00 0.00 0.00 0.00 0.00 2.42 4.81 7.63 10.07 11.67 12.64 12.78 12.30 10.93 8.82 6.13 2.93 0.94 0.00 0.00 0.00
0.00 0.00 0.00 0.00 0.00 0.00 0.00 0.00 3.87 7.70 12.21 16.12 18.68 20.22 20.45 19.67 17.49 14.11 9.81 4.69 1.51 0.00 0.00 0.00
0.00 0.00 0.00 0.00 0.00 0.00 0.00 0.00 70.53 158.52 256.07 343.75 413.81 458.41 476.71 476.48 445.29 366.00 255.44 133.59 50.91 0.00 0.00 0.00
