0.00 0.00 0.00 0.00 0.00 0.00 0.00 0.00 0.60 1.55 2.60 3.52 4.17 4.61 4.63 4.46 3.97 3.20 2.15 0.85 0.11 0.00 0.00 0.00
0.00 0.00 0.00 0.00 0.00 0.00 0.00 0.00 10.20 22.02 46.65 59.68 69.53 79.57 78.65 72.87 62.41 47.20 30.27 7.95 0.00 0.00 0.00 0.00
0.00 0.00 0.00 0.00 0.00 0.00 0.00 0.00 13.81 35.35 59.46 80.57 95.41 105.34 105.94 101.97 90.81 73.07 49.15 19.39 2.53 0.00 0.00 0.00
0.00 0.00 0.00 0.00 0.00 0.00 0.00 0.00 49.08 125.63 211.32 286.33 339.09 374.39 376.50 362.40 322.73 259.69 174.69 68.90 9.00 0.00 0.00 0.00
0.00 0.00 0.00 0.00 0.00 0.00 0.00 0.01 2.99 5.77 8.89 11.28 12.77 12.41 12.05 11.01 10.44 7.86 4.75 0.90 0.00 0.00 0.00 0.00
0.00 0.00 0.00 0.00 0.00 0.00 0.00 0.00 91.66 254.10 439.92 601.39 729.22 817.90 848.34 841.89 770.92 618.63 412.11 177.55 29.10 0.00 0.00 0.00
0.00 0.00 0.00 0.00 0.00 0.00 0.00 0.00 1.67 3.36 5.48 7.17 8.35 5.98 5.94 5.59 3.46 2.59 1.61 0.93 0.00 0.00 0.00 0.00
0.00 0.00 0.00 0.00 0.00 0.00 0.00 0.00 0.78 1.65 2.57 3.37 3.93 3.76 3.64 3.43 3.56 2.71 1.72 0.54 0.00 0.00 0.00 0.00
0.00 0.00 0.00 0.00 0.00 0.00 0.00 0.00 1.25 2.65 4.11 5.40 6.28 6.02 5.82 5.49 5.70 4.34 2.76 0.86 0.00 0.00 0.00 0.00
0.00 0.00 0.00 0.00 0.00 0.00 0.00 0.00 1.25 2.65 4.11 5.40 6.28 6.02 5.82 5.49 5.70 4.34 2.76 0.86 0.00 0.00 0.00 0.00
0.00 0.00 0.00 0.00 0.00 0.00 0.00 0.00 3.19 7.00 11.57 15.56 18.12 18.68 18.62 17.47 11.85 9.09 5.58 1.97 0.00 0.00 0.00 0.00
0.00 0.00 0.00 0.00 0.00 0.00 0.00 0.00 1.49 3.27 5.40 7.27 8.45 8.83 8.79 8.19 5.59 4.31 2.64 0.94 0.00 0.00 0.00 0.00
0.00 0.00 0.00 0.00 0.00 0.00 0.00 0.00 1.92 4.21 6.95 9.35 10.86 11.35 11.30 10.53 7.19 5.54 3.39 1.21 0.00 0.00 0.00 0.00
0.00 0.00 0.00 0.00 0.00 0.00 0.00 0.00 1.28 2.81 4.63 6.24 7.24 7.57 7.53 7.02 4.79 3.69 2.26 0.81 0.00 0.00 0.00 0.00
0.00 0.00 0.00 0.00 0.00 0.00 0.00 0.00 1.28 2.81 4.63 6.24 7.24 7.57 7.53 7.02 4.79 3.69 2.26 0.81 0.00 0.00 0.00 0.00
0.00 0.00 0.00 0.00 0.00 0.00 0.00 0.00 15.93 37.95 63.00 84.16 98.42 111.34 110.51 103.37 93.10 70.69 44.98 14.23 0.00 0.00 0.00 0.00
0.00 0.00 0.00 0.00 0.00 0.00 0.00 0.00 9.84 21.24 34.48 46.47 54.24 55.16 54.96 50.77 35.12 26.90 16.74 6.42 0.00 0.00 0.00 0.00
0.00 0.00 0.00 0.00 0.00 0.00 0.00 0.00 8.30 18.10 29.60 39.93 46.14 46.65 46.37 43.34 31.19 24.02 14.96 4.90 0.00 0.00 0.00 0.00
0.00 0.00 0.00 0.00 0.00 0.00 0.00 0.00 27.04 74.95 129.76 177.39 215.09 241.25 250.23 248.33 227.39 182.47 121.56 52.37 8.58 0.00 0.00 0.00
0.00 0.00 0.00 0.00 0.00 0.00 0.00 0.00 25.72 71.29 123.43 168.74 204.60 229.48 238.02 236.21 216.30 173.57 115.63 49.82 8.17 0.00 0.00 0.00
0.00 0.00 0.00 0.00 0.00 0.00 0.00 0.00 49.46 137.11 237.37 324.49 393.46 441.32 457.74 454.26 415.96 333.79 222.36 95.80 15.70 0.00 0.00 0.00
0.00 0.00 0.00 0.00 0.00 0.00 0.00 0.00 48.63 134.82 233.41 319.08 386.91 433.96 450.11 446.69 409.03 328.23 218.65 94.20 15.44 0.00 0.00 0.00
0.00 0.00 0.00 0.00 0.00 0.00 0.00 0.00 61.86 158.95 267.97 368.64 447.22 497.32 511.45 488.95 419.58 327.22 218.74 90.05 13.75 0.00 0.00 0.00
0.00 0.00 0.00 0.00 0.00 0.00 0.00 0.00 0.78 1.65 2.57 3.37 3.93 3.76 3.64 3.43 3.56 2.71 1.72 0.54 0.00 0.00 0.00 0.00
0.00 0.00 0.00 0.00 0.00 0.00 0.00 0.00 3.94 8.38 13.02 17.09 19.90 19.06 18.44 17.38 18.05 13.73 8.73 2.73 0.00 0.00 0.00 0.00
0.00 0.00 0.00 0.00 0.00 0.00 0.00 0.00 20.14 42.79 66.47 87.23 101.61 97.32 94.15 88.75 92.17 70.11 44.55 13.95 0.00 0.00 0.00 0.00
0.00 0.00 0.00 0.00 0.00 0.00 0.00 0.00 1.85 5.12 8.86 12.11 14.69 16.48 17.09 16.96 15.53 12.46 8.30 3.58 0.59 0.00 0.00 0.00
0.00 0.00 0.00 0.00 0.00 0.00 0.00 0.00 48.32 123.67 208.03 281.87 333.81 368.55 370.63 356.75 317.70 255.64 171.97 67.82 8.86 0.00 0.00 0.00
0.00 0.00 0.00 0.00 0.00 0.00 0.00 0.00 4.14 10.11 17.17 23.69 28.33 31.17 30.83 28.87 25.46 19.81 12.77 4.05 0.10 0.00 0.00 0.00
0.00 0.00 0.00 0.00 0.00 0.00 0.00 0.00 27.23 62.39 106.02 144.93 172.06 186.62 188.02 177.49 155.68 122.52 81.17 28.42 1.77 0.00 0.00 0.00
0.00 0.00 0.00 0.00 0.00 0.00 0.00 0.00 0.81 2.06 3.47 4.70 5.56 6.14 6.18 5.95 5.29 4.26 2.87 1.13 0.15 0.00 0.00 0.00
0.00 0.00 0.00 0.00 0.00 0.00 0.00 0.00 36.24 92.75 156.02 211.40 250.35 276.41 277.98 267.56 238.27 191.73 128.97 50.87 6.64 0.00 0.00 0.00
0.00 0.00 0.00 0.00 0.00 0.00 0.00 0.00 46.51 119.03 200.22 271.30 321.29 354.73 356.73 343.37 305.78 246.05 165.52 65.28 8.53 0.00 0.00 0.00
0.00 0.00 0.00 0.00 0.00 0.00 0.00 0.00 81.58 209.61 353.38 486.14 589.78 655.84 674.47 644.81 553.32 431.52 288.47 118.76 18.13 0.00 0.00 0.00
0.00 0.00 0.00 0.00 0.00 0.00 0.00 0.00 2.21 4.94 8.47 11.44 13.32 14.34 14.25 13.20 8.87 6.59 4.24 1.48 0.00 0.00 0.00 0.00
0.00 0.00 0.00 0.00 0.00 0.00 0.00 0.00 2.81 6.27 10.67 14.40 16.78 17.62 17.55 16.27 10.85 8.10 5.14 1.93 0.00 0.00 0.00 0.00
0.00 0.00 0.00 0.00 0.00 0.00 0.00 0.00 17.10 41.70 70.83 97.74 116.88 128.56 127.17 119.10 105.00 81.73 52.67 16.71 0.43 0.00 0.00 0.00
0.00 0.00 0.00 0.00 0.00 0.00 0.00 0.00 52.77 142.11 223.24 311.82 381.65 454.40 460.23 429.78 430.46 341.56 231.17 107.22 24.73 0.00 0.00 0.00
0.00 0.00 0.00 0.00 0.00 0.00 0.00 0.00 0.76 1.62 2.64 3.53 4.08 4.06 4.06 3.78 2.84 2.11 1.35 0.48 0.00 0.00 0.00 0.00
0.00 0.00 0.00 0.00 0.00 0.00 0.00 0.00 12.73 31.10 51.86 70.84 85.57 93.88 95.00 90.61 76.62 59.67 40.09 15.83 1.67 0.00 0.00 0.00
0.00 0.00 0.00 0.00 0.00 0.00 0.00 0.00 2.80 8.68 15.56 21.93 26.56 30.02 30.63 29.63 27.48 21.25 14.71 5.93 1.22 0.00 0.00 0.00
0.00 0.00 0.00 0.00 0.00 0.00 0.00 0.00 2.00 3.98 6.27 8.23 9.51 6.77 6.77 6.38 3.72 2.82 1.73 0.91 0.00 0.00 0.00 0.00
0.00 0.00 0.00 0.00 0.00 0.00 0.00 0.00 1.00 1.99 3.13 4.11 4.75 3.38 3.39 3.19 1.86 1.41 0.86 0.46 0.00 0.00 0.00 0.00
0.00 0.00 0.00 0.00 0.00 0.00 0.00 0.00 2.19 4.35 6.85 9.00 10.40 7.40 7.41 6.98 4.07 3.08 1.89 1.00 0.00 0.00 0.00 0.00
0.00 0.00 0.00 0.00 0.00 0.00 0.00 0.00 2.61 5.22 8.30 10.83 12.67 11.49 11.31 10.65 6.11 4.58 2.80 1.32 0.00 0.00 0.00 0.00
0.00 0.00 0.00 0.00 0.00 0.00 0.00 0.00 3.98 7.95 12.65 16.51 19.31 17.51 17.23 16.23 9.31 6.97 4.27 2.01 0.00 0.00 0.00 0.00
0.00 0.00 0.00 0.00 0.00 0.00 0.00 0.00 3.40 6.89 11.16 14.48 16.92 13.13 12.96 12.25 7.23 5.46 3.44 2.05 0.00 0.00 0.00 0.00
0.00 0.00 0.00 0.00 0.00 0.00 0.00 0.00 2.43 5.29 7.43 10.20 12.11 12.31 12.45 11.86 12.45 9.61 6.20 2.01 0.03 0.00 0.00 0.00
0.00 0.00 0.00 0.00 0.00 0.00 0.00 0.00 6.28 13.66 19.19 26.34 31.28 31.79 32.16 30.63 32.17 24.84 16.02 5.20 0.07 0.00 0.00 0.00
0.00 0.00 0.00 0.00 0.00 0.00 0.00 0.00 1.59 3.53 5.71 7.82 9.32 8.96 8.91 8.33 8.09 6.23 4.12 1.39 0.03 0.00 0.00 0.00
0.00 0.00 0.00 0.00 0.00 0.00 0.00 0.00 3.74 7.73 11.75 15.54 17.90 16.51 16.42 15.01 11.79 8.82 5.42 1.87 0.00 0.00 0.00 0.00
0.00 0.00 0.00 0.00 0.00 0.00 0.00 0.00 6.18 12.67 20.36 27.08 31.41 31.19 31.42 29.26 20.81 15.67 9.67 2.98 0.00 0.00 0.00 0.00
0.00 0.00 0.00 0.00 0.00 0.00 0.00 0.00 0.94 1.82 2.76 3.50 3.95 3.63 3.48 3.21 2.51 1.89 1.14 0.31 0.00 0.00 0.00 0.00
0.00 0.00 0.00 0.00 0.00 0.00 0.00 0.00 5.02 10.09 15.53 19.76 22.17 17.73 17.07 15.92 12.25 9.19 5.68 2.46 0.00 0.00 0.00 0.00
0.00 0.00 0.00 0.00 0.00 0.00 0.00 0.00 3.39 6.68 10.59 13.42 15.00 12.39 11.78 11.13 10.41 7.78 4.82 1.52 0.00 0.00 0.00 0.00
0.00 0.00 0.00 0.00 0.00 0.00 0.00 0.00 4.68 9.22 14.62 18.52 20.70 17.10 16.25 15.36 14.36 10.74 6.65 2.10 0.00 0.00 0.00 0.00
0.00 0.00 0.00 0.00 0.00 0.00 0.00 0.00 3.19 6.28 9.96 12.61 14.10 11.65 11.07 10.46 9.78 7.32 4.53 1.43 0.00 0.00 0.00 0.00
0.00 0.00 0.00 0.00 0.00 0.00 0.00 0.00 2.68 5.38 8.28 10.54 11.83 9.46 9.11 8.49 6.53 4.90 3.03 1.31 0.00 0.00 0.00 0.00
0.00 0.00 0.00 0.00 0.00 0.00 0.00 0.00 2.65 5.15 8.04 10.17 11.51 11.05 10.86 10.06 9.81 7.40 4.46 0.92 0.00 0.00 0.00 0.00
0.00 0.00 0.00 0.00 0.00 0.00 0.00 0.00 2.23 4.74 7.37 9.67 11.26 10.79 10.43 9.84 10.21 7.77 4.94 1.55 0.00 0.00 0.00 0.00
0.00 0.00 0.00 0.00 0.00 0.00 0.00 0.00 20.73 49.40 82.00 109.54 128.10 144.92 143.84 134.55 121.18 92.01 58.55 18.52 0.00 0.00 0.00 0.00
0.00 0.00 0.00 0.00 0.00 0.00 0.00 0.00 3.61 7.94 13.12 17.63 20.54 21.17 21.10 19.80 13.43 10.31 6.32 2.23 0.00 0.00 0.00 0.00
0.00 0.00 0.00 0.00 0.00 0.00 0.00 0.00 4.92 10.48 16.56 22.17 26.01 25.63 25.50 23.49 19.45 14.55 9.09 3.25 0.00 0.00 0.00 0.00
0.00 0.00 0.00 0.00 0.00 0.00 0.00 0.00 2.26 4.80 7.59 10.16 11.92 11.75 11.69 10.77 8.91 6.67 4.17 1.49 0.00 0.00 0.00 0.00
0.00 0.00 0.00 0.00 0.00 0.00 0.00 0.00 4.49 9.85 16.22 21.75 25.39 25.84 25.74 24.15 16.55 12.67 7.81 2.70 0.00 0.00 0.00 0.00
0.00 0.00 0.00 0.00 0.00 0.00 0.00 0.00 1.85 3.93 6.41 8.57 9.90 9.86 9.87 9.19 6.89 5.13 3.27 1.17 0.00 0.00 0.00 0.00
0.00 0.00 0.00 0.00 0.00 0.00 0.00 0.00 17.70 43.17 73.34 101.19 121.01 133.11 131.67 123.31 108.72 84.62 54.54 17.30 0.44 0.00 0.00 0.00
0.00 0.00 0.00 0.00 0.00 0.00 0.00 0.00 6.51 14.92 25.35 34.66 41.14 44.63 44.96 42.44 37.23 29.30 19.41 6.80 0.42 0.00 0.00 0.00
0.00 0.00 0.00 0.00 0.00 0.00 0.00 0.00 1.48 3.42 5.65 7.67 9.31 9.81 9.70 9.12 8.31 6.52 4.33 1.52 0.09 0.00 0.00 0.00
0.00 0.00 0.00 0.00 0.00 0.00 0.00 0.00 1.90 4.40 7.32 9.82 11.45 12.28 12.40 11.85 10.39 8.16 5.38 1.85 0.08 0.00 0.00 0.00
0.00 0.00 0.00 0.00 0.00 0.00 0.00 0.00 3.04 7.04 11.71 15.71 18.32 19.65 19.84 18.96 16.62 13.06 8.61 2.97 0.14 0.00 0.00 0.00
0.00 0.00 0.00 0.00 0.00 0.00 0.00 0.00 50.28 139.39 241.32 329.90 400.02 448.67 465.37 461.83 422.90 339.36 226.07 97.40 15.96 0.00 0.00 0.00
