0.00 0.00 0.00 0.00 0.00 0.00 0.00 0.00 0.62 1.54 2.10 2.85 3.39 2.74 2.76 2.66 2.64 2.13 1.45 0.92 0.16 0.00 0.00 0.00
0.00 0.00 0.00 0.00 0.00 0.00 0.00 0.00 15.09 32.01 51.73 66.25 77.37 88.57 87.73 81.51 64.96 49.47 32.11 9.24 0.00 0.00 0.00 0.00
0.00 0.00 0.00 0.00 0.00 0.00 0.00 0.00 14.13 35.24 48.13 65.27 77.47 62.63 63.07 60.85 60.37 48.75 33.05 21.02 3.70 0.00 0.00 0.00
0.00 0.00 0.00 0.00 0.00 0.00 0.00 0.00 50.21 125.25 171.06 231.96 275.33 222.58 224.16 216.24 214.56 173.25 117.45 74.71 13.13 0.00 0.00 0.00
0.00 0.00 0.00 0.00 0.00 0.00 0.00 0.09 3.04 5.81 8.82 11.19 12.66 14.47 14.04 12.84 9.72 7.39 4.53 1.22 0.00 0.00 0.00 0.00
0.00 0.00 0.00 0.00 0.00 0.00 0.00 0.00 95.95 257.49 299.01 409.07 497.25 391.21 407.28 405.98 428.04 344.76 231.45 169.14 34.64 0.00 0.00 0.00
0.00 0.00 0.00 0.00 0.00 0.00 0.00 0.00 0.80 1.61 2.89 3.80 4.44 7.73 7.59 7.05 6.69 5.04 3.17 1.22 0.00 0.00 0.00 0.00
0.00 0.00 0.00 0.00 0.00 0.00 0.00 0.00 0.90 1.88 2.94 3.84 4.47 5.25 5.08 4.81 3.94 3.02 1.94 0.59 0.00 0.00 0.00 0.00
0.00 0.00 0.00 0.00 0.00 0.00 0.00 0.00 1.44 3.00 4.70 6.15 7.15 8.39 8.14 7.69 6.30 4.83 3.11 0.95 0.00 0.00 0.00 0.00
0.00 0.00 0.00 0.00 0.00 0.00 0.00 0.00 1.44 3.00 4.70 6.15 7.15 8.39 8.14 7.69 6.30 4.83 3.11 0.95 0.00 0.00 0.00 0.00
0.00 0.00 0.00 0.00 0.00 0.00 0.00 0.00 3.27 7.06 11.36 15.22 17.69 19.09 19.01 17.85 15.94 12.30 7.63 3.25 0.00 0.00 0.00 0.00
0.00 0.00 0.00 0.00 0.00 0.00 0.00 0.00 1.53 3.30 5.32 7.14 8.28 9.06 9.01 8.40 7.60 5.89 3.65 1.57 0.00 0.00 0.00 0.00
0.00 0.00 0.00 0.00 0.00 0.00 0.00 0.00 1.97 4.24 6.84 9.18 10.64 11.64 11.59 10.80 9.77 7.57 4.69 2.01 0.00 0.00 0.00 0.00
0.00 0.00 0.00 0.00 0.00 0.00 0.00 0.00 1.31 2.83 4.56 6.12 7.10 7.76 7.72 7.20 6.51 5.05 3.13 1.34 0.00 0.00 0.00 0.00
0.00 0.00 0.00 0.00 0.00 0.00 0.00 0.00 1.31 2.83 4.56 6.12 7.10 7.76 7.72 7.20 6.51 5.05 3.13 1.34 0.00 0.00 0.00 0.00
0.00 0.00 0.00 0.00 0.00 0.00 0.00 0.00 16.24 38.10 63.12 84.14 98.28 110.79 110.07 103.11 92.63 70.78 45.53 15.06 0.00 0.00 0.00 0.00
0.00 0.00 0.00 0.00 0.00 0.00 0.00 0.00 10.10 21.44 33.55 45.06 52.48 57.22 56.96 52.60 46.35 35.72 22.47 9.11 0.00 0.00 0.00 0.00
0.00 0.00 0.00 0.00 0.00 0.00 0.00 0.00 8.14 17.46 27.47 36.92 42.55 46.55 46.21 43.16 37.22 28.81 18.12 7.19 0.00 0.00 0.00 0.00
0.00 0.00 0.00 0.00 0.00 0.00 0.00 0.00 28.30 75.95 88.20 120.66 146.67 115.39 120.13 119.75 126.26 101.69 68.27 49.89 10.22 0.00 0.00 0.00
0.00 0.00 0.00 0.00 0.00 0.00 0.00 0.00 26.92 72.25 83.89 114.78 139.52 109.76 114.27 113.91 120.10 96.73 64.94 47.46 9.72 0.00 0.00 0.00
0.00 0.00 0.00 0.00 0.00 0.00 0.00 0.00 51.77 138.93 161.33 220.72 268.30 211.09 219.76 219.06 230.95 186.02 124.88 91.26 18.69 0.00 0.00 0.00
0.00 0.00 0.00 0.00 0.00 0.00 0.00 0.00 50.91 136.62 158.65 217.04 263.83 207.57 216.10 215.40 227.11 182.92 122.80 89.74 18.38 0.00 0.00 0.00
0.00 0.00 0.00 0.00 0.00 0.00 0.00 0.00 64.23 160.52 266.70 366.89 445.80 440.82 453.36 433.79 415.11 325.09 219.15 94.22 18.52 0.00 0.00 0.00
0.00 0.00 0.00 0.00 0.00 0.00 0.00 0.00 0.90 1.88 2.94 3.84 4.47 5.25 5.08 4.81 3.94 3.02 1.94 0.59 0.00 0.00 0.00 0.00
0.00 0.00 0.00 0.00 0.00 0.00 0.00 0.00 4.55 9.51 14.88 19.47 22.65 26.58 25.76 24.35 19.95 15.30 9.85 3.01 0.00 0.00 0.00 0.00
0.00 0.00 0.00 0.00 0.00 0.00 0.00 0.00 23.23 48.57 75.94 99.40 115.62 135.71 131.52 124.29 101.83 78.11 50.30 15.36 0.00 0.00 0.00 0.00
0.00 0.00 0.00 0.00 0.00 0.00 0.00 0.00 1.93 5.19 6.02 8.24 10.02 7.88 8.20 8.18 8.62 6.94 4.66 3.41 0.70 0.00 0.00 0.00
0.00 0.00 0.00 0.00 0.00 0.00 0.00 0.00 49.43 123.30 168.39 228.34 271.04 219.11 220.67 212.87 211.22 170.55 115.62 73.54 12.93 0.00 0.00 0.00
0.00 0.00 0.00 0.00 0.00 0.00 0.00 0.00 4.29 10.24 17.17 23.59 28.13 29.69 29.40 27.59 25.16 19.71 12.84 5.45 0.42 0.00 0.00 0.00
0.00 0.00 0.00 0.00 0.00 0.00 0.00 0.00 22.98 51.84 74.27 101.84 121.47 135.91 136.84 129.20 121.25 95.74 63.93 27.39 3.17 0.00 0.00 0.00
0.00 0.00 0.00 0.00 0.00 0.00 0.00 0.00 0.82 2.05 2.81 3.81 4.52 3.65 3.68 3.55 3.52 2.84 1.93 1.23 0.22 0.00 0.00 0.00
0.00 0.00 0.00 0.00 0.00 0.00 0.00 0.00 37.07 92.47 126.30 171.26 203.28 164.34 165.50 159.65 158.41 127.91 86.72 55.16 9.70 0.00 0.00 0.00
0.00 0.00 0.00 0.00 0.00 0.00 0.00 0.00 47.58 118.67 162.08 219.78 260.87 210.90 212.39 204.89 203.30 164.16 111.28 70.78 12.44 0.00 0.00 0.00
0.00 0.00 0.00 0.00 0.00 0.00 0.00 0.00 84.71 211.69 351.71 483.84 587.90 581.33 597.87 572.06 547.43 428.72 289.01 124.25 24.42 0.00 0.00 0.00
0.00 0.00 0.00 0.00 0.00 0.00 0.00 0.00 2.27 4.98 8.35 11.25 13.07 14.48 14.40 13.35 11.98 8.96 5.84 2.56 0.00 0.00 0.00 0.00
0.00 0.00 0.00 0.00 0.00 0.00 0.00 0.00 2.89 6.32 10.50 14.13 16.44 18.16 18.09 16.79 14.99 11.26 7.22 3.15 0.00 0.00 0.00 0.00
0.00 0.00 0.00 0.00 0.00 0.00 0.00 0.00 17.68 42.23 70.83 97.33 116.05 122.46 121.27 113.79 103.80 81.29 52.95 22.49 1.75 0.00 0.00 0.00
0.00 0.00 0.00 0.00 0.00 0.00 0.00 0.00 46.81 121.91 181.31 253.82 311.99 314.86 319.60 299.31 389.88 309.40 210.29 111.74 30.08 0.00 0.00 0.00
0.00 0.00 0.00 0.00 0.00 0.00 0.00 0.00 0.81 1.70 2.63 3.51 4.05 4.38 4.38 4.07 3.48 2.60 1.68 0.65 0.00 0.00 0.00 0.00
0.00 0.00 0.00 0.00 0.00 0.00 0.00 0.00 13.18 31.43 50.80 69.40 83.95 84.10 85.14 81.28 70.07 54.81 37.16 16.38 2.51 0.00 0.00 0.00
0.00 0.00 0.00 0.00 0.00 0.00 0.00 0.00 2.92 8.73 15.23 21.41 25.90 24.91 25.53 24.81 26.84 20.91 14.62 7.02 1.71 0.00 0.00 0.00
0.00 0.00 0.00 0.00 0.00 0.00 0.00 0.00 0.86 1.69 3.70 4.87 5.65 9.40 9.30 8.66 7.42 5.65 3.49 1.33 0.00 0.00 0.00 0.00
0.00 0.00 0.00 0.00 0.00 0.00 0.00 0.00 0.43 0.85 1.85 2.44 2.82 4.70 4.65 4.33 3.71 2.82 1.75 0.66 0.00 0.00 0.00 0.00
0.00 0.00 0.00 0.00 0.00 0.00 0.00 0.00 0.94 1.85 4.05 5.33 6.18 10.29 10.17 9.47 8.12 6.17 3.82 1.45 0.00 0.00 0.00 0.00
0.00 0.00 0.00 0.00 0.00 0.00 0.00 0.00 1.62 3.22 4.29 5.60 6.58 11.53 11.24 10.50 10.21 7.67 4.74 1.71 0.00 0.00 0.00 0.00
0.00 0.00 0.00 0.00 0.00 0.00 0.00 0.00 2.47 4.91 6.53 8.54 10.02 17.58 17.14 16.00 15.55 11.68 7.23 2.61 0.00 0.00 0.00 0.00
0.00 0.00 0.00 0.00 0.00 0.00 0.00 0.00 1.71 3.44 5.14 6.70 7.87 14.40 14.04 13.12 13.45 10.21 6.48 2.55 0.00 0.00 0.00 0.00
0.00 0.00 0.00 0.00 0.00 0.00 0.00 0.00 1.53 3.30 6.38 8.76 10.40 11.91 12.01 11.41 9.85 7.63 4.96 2.00 0.15 0.00 0.00 0.00
0.00 0.00 0.00 0.00 0.00 0.00 0.00 0.00 3.96 8.53 16.49 22.62 26.87 30.76 31.02 29.49 25.44 19.70 12.82 5.16 0.38 0.00 0.00 0.00
0.00 0.00 0.00 0.00 0.00 0.00 0.00 0.00 1.22 2.69 3.82 5.24 6.26 7.34 7.28 6.79 7.54 5.82 3.88 1.48 0.12 0.00 0.00 0.00
0.00 0.00 0.00 0.00 0.00 0.00 0.00 0.00 3.81 7.76 11.51 15.17 17.44 19.05 18.91 17.25 14.74 11.09 6.89 2.49 0.00 0.00 0.00 0.00
0.00 0.00 0.00 0.00 0.00 0.00 0.00 0.00 5.90 11.95 14.44 19.24 22.39 23.38 23.47 21.80 24.56 18.53 11.51 3.45 0.00 0.00 0.00 0.00
0.00 0.00 0.00 0.00 0.00 0.00 0.00 0.03 0.96 1.83 2.81 3.56 4.01 4.53 4.34 4.01 3.28 2.48 1.52 0.42 0.00 0.00 0.00 0.00
0.00 0.00 0.00 0.00 0.00 0.00 0.00 0.00 5.16 10.23 16.22 20.59 23.06 26.77 25.69 23.90 15.79 12.02 7.57 2.02 0.00 0.00 0.00 0.00
0.00 0.00 0.00 0.00 0.00 0.00 0.00 0.00 3.47 6.77 10.90 13.78 15.38 17.82 16.88 15.92 11.69 8.84 5.58 1.78 0.00 0.00 0.00 0.00
0.00 0.00 0.00 0.00 0.00 0.00 0.00 0.00 4.79 9.34 15.04 19.02 21.22 24.59 23.30 21.97 16.13 12.21 7.70 2.46 0.00 0.00 0.00 0.00
0.00 0.00 0.00 0.00 0.00 0.00 0.00 0.00 3.27 6.36 10.25 12.95 14.46 16.75 15.87 14.97 10.99 8.31 5.24 1.68 0.00 0.00 0.00 0.00
0.00 0.00 0.00 0.00 0.00 0.00 0.00 0.00 2.75 5.46 8.65 10.98 12.30 14.28 13.70 12.75 8.42 6.41 4.04 1.08 0.00 0.00 0.00 0.00
0.00 0.00 0.00 0.00 0.00 0.00 0.00 0.04 2.70 5.20 8.05 10.17 11.50 13.27 13.03 12.06 9.23 7.03 4.31 1.17 0.00 0.00 0.00 0.00
0.00 0.00 0.00 0.00 0.00 0.00 0.00 0.00 2.57 5.38 8.42 11.02 12.81 15.04 14.58 13.77 11.29 8.66 5.57 1.70 0.00 0.00 0.00 0.00
0.00 0.00 0.00 0.00 0.00 0.00 0.00 0.00 21.14 49.58 82.16 109.52 127.92 144.20 143.27 134.21 120.56 92.12 59.27 19.60 0.00 0.00 0.00 0.00
0.00 0.00 0.00 0.00 0.00 0.00 0.00 0.00 3.71 8.00 12.87 17.25 20.05 21.63 21.55 20.23 18.07 13.94 8.65 3.69 0.00 0.00 0.00 0.00
0.00 0.00 0.00 0.00 0.00 0.00 0.00 0.00 5.58 11.68 18.22 24.35 28.54 32.28 32.08 29.54 26.74 20.10 12.69 4.21 0.00 0.00 0.00 0.00
0.00 0.00 0.00 0.00 0.00 0.00 0.00 0.00 2.56 5.35 8.35 11.16 13.08 14.80 14.70 13.54 12.25 9.21 5.82 1.93 0.00 0.00 0.00 0.00
0.00 0.00 0.00 0.00 0.00 0.00 0.00 0.00 4.61 9.92 15.89 21.24 24.73 26.63 26.51 24.87 22.08 17.01 10.59 4.46 0.00 0.00 0.00 0.00
0.00 0.00 0.00 0.00 0.00 0.00 0.00 0.00 1.97 4.13 6.39 8.52 9.82 10.64 10.63 9.90 8.46 6.32 4.08 1.58 0.00 0.00 0.00 0.00
0.00 0.00 0.00 0.00 0.00 0.00 0.00 0.00 18.30 43.72 73.33 100.77 120.15 126.79 125.56 117.81 107.47 84.16 54.82 23.28 1.81 0.00 0.00 0.00
0.00 0.00 0.00 0.00 0.00 0.00 0.00 0.00 5.50 12.40 17.76 24.35 29.05 32.50 32.72 30.90 28.99 22.89 15.29 6.55 0.76 0.00 0.00 0.00
0.00 0.00 0.00 0.00 0.00 0.00 0.00 0.00 1.51 3.43 4.74 6.45 7.85 9.64 9.52 8.95 7.25 5.71 3.83 1.45 0.17 0.00 0.00 0.00
0.00 0.00 0.00 0.00 0.00 0.00 0.00 0.00 1.92 4.37 5.93 7.95 9.27 11.87 11.97 11.42 10.20 8.06 5.37 1.99 0.20 0.00 0.00 0.00
0.00 0.00 0.00 0.00 0.00 0.00 0.00 0.00 3.07 6.99 9.48 12.71 14.83 18.99 19.14 18.28 16.33 12.90 8.59 3.19 0.32 0.00 0.00 0.00
0.00 0.00 0.00 0.00 0.00 0.00 0.00 0.00 52.64 141.25 164.02 224.40 272.77 214.60 223.42 222.71 234.80 189.12 126.96 92.78 19.00 0.00 0.00 0.00
