0.00 0.00 0.00 0.00 0.00 0.00 0.00 0.00 0.00 0.61 1.55 2.27 2.91 3.27 3.33 3.01 2.36 1.61 0.74 0.00 0.00 0.00 0.00 0.00
0.00 0.00 0.00 0.00 0.00 0.00 0.00 0.00 1.58 11.22 21.13 29.92 36.35 36.09 34.99 31.36 23.91 15.86 6.32 0.00 0.00 0.00 0.00 0.00
0.00 0.00 0.00 0.00 0.00 0.00 0.00 0.00 0.00 13.95 35.34 51.80 66.49 74.75 76.06 68.91 53.95 36.80 16.93 0.00 0.00 0.00 0.00 0.00
0.00 0.00 0.00 0.00 0.00 0.00 0.00 0.00 0.00 49.59 125.60 184.11 236.30 265.65 270.30 244.90 191.75 130.79 60.15 0.00 0.00 0.00 0.00 0.00
0.00 0.00 0.00 0.00 0.00 0.00 0.00 0.00 0.72 3.29 6.15 8.54 9.88 10.11 9.79 8.71 6.53 4.13 1.25 0.00 0.00 0.00 0.00 0.00
0.00 0.00 0.00 0.00 0.00 0.00 0.00 0.00 0.00 109.03 286.63 422.66 554.44 632.51 647.13 593.42 454.66 300.34 146.36 0.00 0.00 0.00 0.00 0.00
0.00 0.00 0.00 0.00 0.00 0.00 0.00 0.00 0.06 1.46 3.09 4.61 5.54 5.82 5.76 5.08 3.78 2.42 0.79 0.00 0.00 0.00 0.00 0.00
0.00 0.00 0.00 0.00 0.00 0.00 0.00 0.00 0.12 0.95 1.63 2.33 2.79 2.70 2.68 2.38 1.64 1.09 0.42 0.00 0.00 0.00 0.00 0.00
0.00 0.00 0.00 0.00 0.00 0.00 0.00 0.00 0.19 1.52 2.60 3.74 4.46 4.31 4.28 3.80 2.63 1.74 0.67 0.00 0.00 0.00 0.00 0.00
0.00 0.00 0.00 0.00 0.00 0.00 0.00 0.00 0.19 1.52 2.60 3.74 4.46 4.31 4.28 3.80 2.63 1.74 0.67 0.00 0.00 0.00 0.00 0.00
0.00 0.00 0.00 0.00 0.00 0.00 0.00 0.00 0.13 3.00 6.28 9.16 11.58 12.90 13.02 11.85 9.13 6.09 2.45 0.00 0.00 0.00 0.00 0.00
0.00 0.00 0.00 0.00 0.00 0.00 0.00 0.00 0.07 1.43 2.91 4.28 5.46 5.81 5.83 5.31 4.03 2.69 1.08 0.00 0.00 0.00 0.00 0.00
0.00 0.00 0.00 0.00 0.00 0.00 0.00 0.00 0.09 1.84 3.74 5.51 7.02 7.47 7.50 6.83 5.19 3.46 1.39 0.00 0.00 0.00 0.00 0.00
0.00 0.00 0.00 0.00 0.00 0.00 0.00 0.00 0.06 1.23 2.49 3.67 4.68 4.98 5.00 4.55 3.46 2.30 0.92 0.00 0.00 0.00 0.00 0.00
0.00 0.00 0.00 0.00 0.00 0.00 0.00 0.00 0.06 1.23 2.49 3.67 4.68 4.98 5.00 4.55 3.46 2.30 0.92 0.00 0.00 0.00 0.00 0.00
0.00 0.00 0.00 0.00 0.00 0.00 0.00 0.00 1.07 15.55 27.92 42.40 53.81 61.85 63.83 57.91 54.49 35.06 15.90 0.00 0.00 0.00 0.00 0.00
0.00 0.00 0.00 0.00 0.00 0.00 0.00 0.00 0.51 9.44 19.72 28.16 36.01 39.96 40.91 37.00 27.84 18.48 7.22 0.00 0.00 0.00 0.00 0.00
0.00 0.00 0.00 0.00 0.00 0.00 0.00 0.00 0.12 7.87 16.75 23.93 30.68 33.32 32.79 29.62 22.97 15.34 6.03 0.00 0.00 0.00 0.00 0.00
0.00 0.00 0.00 0.00 0.00 0.00 0.00 0.00 0.00 32.16 84.55 124.67 163.54 186.57 190.88 175.04 134.11 88.59 43.17 0.00 0.00 0.00 0.00 0.00
0.00 0.00 0.00 0.00 0.00 0.00 0.00 0.00 0.00 30.59 80.42 118.59 155.56 177.47 181.57 166.50 127.57 84.27 41.07 0.00 0.00 0.00 0.00 0.00
0.00 0.00 0.00 0.00 0.00 0.00 0.00 0.00 0.00 58.83 154.66 228.05 299.16 341.28 349.17 320.19 245.32 162.06 78.97 0.00 0.00 0.00 0.00 0.00
0.00 0.00 0.00 0.00 0.00 0.00 0.00 0.00 0.00 57.85 152.08 224.25 294.17 335.60 343.35 314.86 241.23 159.35 77.66 0.00 0.00 0.00 0.00 0.00
0.00 0.00 0.00 0.00 0.00 0.00 0.00 0.00 0.00 62.44 163.51 237.27 309.59 348.97 353.66 320.51 255.35 173.99 79.56 0.00 0.00 0.00 0.00 0.00
0.00 0.00 0.00 0.00 0.00 0.00 0.00 0.00 0.12 0.95 1.63 2.33 2.79 2.70 2.68 2.38 1.64 1.09 0.42 0.00 0.00 0.00 0.00 0.00
0.00 0.00 0.00 0.00 0.00 0.00 0.00 0.00 0.59 4.82 8.24 11.83 14.13 13.66 13.56 12.05 8.33 5.50 2.12 0.00 0.00 0.00 0.00 0.00
0.00 0.00 0.00 0.00 0.00 0.00 0.00 0.00 3.02 24.63 42.08 60.38 72.13 69.74 69.25 61.51 42.53 28.07 10.83 0.00 0.00 0.00 0.00 0.00
0.00 0.00 0.00 0.00 0.00 0.00 0.00 0.00 0.00 2.20 5.77 8.51 11.17 12.74 13.04 11.95 9.16 6.05 2.95 0.00 0.00 0.00 0.00 0.00
0.00 0.00 0.00 0.00 0.00 0.00 0.00 0.00 0.00 48.81 123.64 181.24 232.62 261.51 266.09 241.08 188.76 128.75 59.22 0.00 0.00 0.00 0.00 0.00
0.00 0.00 0.00 0.00 0.00 0.00 0.00 0.00 0.00 4.17 9.50 13.88 17.92 20.77 21.03 19.58 15.48 10.74 4.85 0.00 0.00 0.00 0.00 0.00
0.00 0.00 0.00 0.00 0.00 0.00 0.00 0.00 0.00 26.95 63.00 91.12 114.74 127.76 126.24 111.66 85.37 57.67 23.46 0.00 0.00 0.00 0.00 0.00
0.00 0.00 0.00 0.00 0.00 0.00 0.00 0.00 0.00 0.81 2.06 3.02 3.88 4.36 4.43 4.02 3.15 2.15 0.99 0.00 0.00 0.00 0.00 0.00
0.00 0.00 0.00 0.00 0.00 0.00 0.00 0.00 0.00 36.61 92.73 135.93 174.46 196.13 199.56 180.81 141.57 96.56 44.41 0.00 0.00 0.00 0.00 0.00
0.00 0.00 0.00 0.00 0.00 0.00 0.00 0.00 0.00 46.98 119.01 174.44 223.90 251.70 256.11 232.04 181.68 123.92 56.99 0.00 0.00 0.00 0.00 0.00
0.00 0.00 0.00 0.00 0.00 0.00 0.00 0.00 0.00 82.35 215.63 312.90 408.27 460.20 466.39 422.67 336.74 229.44 104.92 0.00 0.00 0.00 0.00 0.00
0.00 0.00 0.00 0.00 0.00 0.00 0.00 0.00 0.08 2.05 3.98 5.96 7.57 8.33 8.43 7.62 6.18 4.11 1.71 0.00 0.00 0.00 0.00 0.00
0.00 0.00 0.00 0.00 0.00 0.00 0.00 0.00 0.11 2.69 5.20 7.79 9.96 10.77 10.87 9.86 7.83 5.22 2.16 0.00 0.00 0.00 0.00 0.00
0.00 0.00 0.00 0.00 0.00 0.00 0.00 0.00 0.00 17.19 39.18 57.25 73.93 85.69 86.73 80.78 63.85 44.29 19.99 0.00 0.00 0.00 0.00 0.00
0.00 0.00 0.00 0.00 0.00 0.00 0.00 0.00 0.00 53.57 158.39 235.21 312.59 353.83 365.60 331.31 258.08 179.35 82.56 0.00 0.00 0.00 0.00 0.00
0.00 0.00 0.00 0.00 0.00 0.00 0.00 0.00 0.05 0.77 1.59 2.28 2.83 3.09 3.14 2.84 2.06 1.36 0.52 0.00 0.00 0.00 0.00 0.00
0.00 0.00 0.00 0.00 0.00 0.00 0.00 0.00 0.00 12.23 30.38 44.28 56.85 64.53 65.53 58.48 45.85 31.16 13.70 0.00 0.00 0.00 0.00 0.00
0.00 0.00 0.00 0.00 0.00 0.00 0.00 0.00 0.00 4.02 10.81 16.05 20.70 23.43 24.34 22.23 17.01 11.31 5.84 0.00 0.00 0.00 0.00 0.00
0.00 0.00 0.00 0.00 0.00 0.00 0.00 0.00 0.11 1.78 3.72 5.29 6.41 6.82 6.68 5.99 4.43 2.82 0.87 0.00 0.00 0.00 0.00 0.00
0.00 0.00 0.00 0.00 0.00 0.00 0.00 0.00 0.05 0.89 1.86 2.65 3.20 3.41 3.34 2.99 2.22 1.41 0.43 0.00 0.00 0.00 0.00 0.00
0.00 0.00 0.00 0.00 0.00 0.00 0.00 0.00 0.12 1.95 4.07 5.79 7.01 7.46 7.31 6.55 4.85 3.08 0.95 0.00 0.00 0.00 0.00 0.00
0.00 0.00 0.00 0.00 0.00 0.00 0.00 0.00 0.15 2.33 4.82 6.84 8.34 8.76 8.72 7.81 5.79 3.70 1.17 0.00 0.00 0.00 0.00 0.00
0.00 0.00 0.00 0.00 0.00 0.00 0.00 0.00 0.24 3.55 7.34 10.42 12.71 13.35 13.29 11.91 8.83 5.64 1.79 0.00 0.00 0.00 0.00 0.00
0.00 0.00 0.00 0.00 0.00 0.00 0.00 0.00 0.12 2.97 6.29 9.20 11.24 11.84 11.72 10.24 7.60 4.89 1.60 0.00 0.00 0.00 0.00 0.00
0.00 0.00 0.00 0.00 0.00 0.00 0.00 0.00 0.00 2.29 5.21 7.47 9.33 10.07 9.99 8.77 6.55 4.34 1.62 0.00 0.00 0.00 0.00 0.00
0.00 0.00 0.00 0.00 0.00 0.00 0.00 0.00 0.00 5.92 13.45 19.30 24.09 26.01 25.80 22.66 16.93 11.21 4.20 0.00 0.00 0.00 0.00 0.00
0.00 0.00 0.00 0.00 0.00 0.00 0.00 0.00 0.00 1.51 3.45 4.95 6.21 6.78 6.75 5.93 4.54 3.04 1.19 0.00 0.00 0.00 0.00 0.00
0.00 0.00 0.00 0.00 0.00 0.00 0.00 0.00 0.34 3.51 7.08 10.18 12.80 13.56 13.60 12.19 9.06 5.91 2.12 0.00 0.00 0.00 0.00 0.00
0.00 0.00 0.00 0.00 0.00 0.00 0.00 0.00 0.40 5.67 11.66 16.67 20.25 21.59 22.04 20.25 15.16 9.84 3.41 0.00 0.00 0.00 0.00 0.00
0.00 0.00 0.00 0.00 0.00 0.00 0.00 0.00 0.19 0.95 1.78 2.43 2.88 3.04 3.02 2.64 2.03 1.28 0.39 0.00 0.00 0.00 0.00 0.00
0.00 0.00 0.00 0.00 0.00 0.00 0.00 0.00 0.93 5.43 10.45 14.66 17.08 17.59 17.22 15.12 10.66 6.88 2.35 0.00 0.00 0.00 0.00 0.00
0.00 0.00 0.00 0.00 0.00 0.00 0.00 0.00 0.70 3.66 6.96 9.84 11.36 12.10 11.64 10.21 7.62 4.87 1.58 0.00 0.00 0.00 0.00 0.00
0.00 0.00 0.00 0.00 0.00 0.00 0.00 0.00 0.96 5.05 9.60 13.58 15.68 16.70 16.06 14.09 10.51 6.72 2.18 0.00 0.00 0.00 0.00 0.00
0.00 0.00 0.00 0.00 0.00 0.00 0.00 0.00 0.66 3.44 6.54 9.25 10.68 11.37 10.94 9.60 7.16 4.57 1.48 0.00 0.00 0.00 0.00 0.00
0.00 0.00 0.00 0.00 0.00 0.00 0.00 0.00 0.50 2.89 5.57 7.82 9.11 9.38 9.18 8.06 5.69 3.67 1.25 0.00 0.00 0.00 0.00 0.00
0.00 0.00 0.00 0.00 0.00 0.00 0.00 0.00 0.62 2.91 5.46 7.47 8.75 9.00 8.84 7.88 5.83 3.70 1.15 0.00 0.00 0.00 0.00 0.00
0.00 0.00 0.00 0.00 0.00 0.00 0.00 0.00 0.33 2.73 4.66 6.69 7.99 7.73 7.67 6.82 4.71 3.11 1.20 0.00 0.00 0.00 0.00 0.00
0.00 0.00 0.00 0.00 0.00 0.00 0.00 0.00 1.40 20.24 36.35 55.18 70.04 80.51 83.08 75.37 70.93 45.63 20.70 0.00 0.00 0.00 0.00 0.00
0.00 0.00 0.00 0.00 0.00 0.00 0.00 0.00 0.15 3.40 7.12 10.38 13.13 14.62 14.76 13.43 10.34 6.90 2.77 0.00 0.00 0.00 0.00 0.00
0.00 0.00 0.00 0.00 0.00 0.00 0.00 0.00 0.48 5.78 11.77 16.85 20.80 19.44 19.39 17.87 11.70 7.72 2.94 0.00 0.00 0.00 0.00 0.00
0.00 0.00 0.00 0.00 0.00 0.00 0.00 0.00 0.22 2.65 5.40 7.72 9.54 8.91 8.89 8.19 5.36 3.54 1.35 0.00 0.00 0.00 0.00 0.00
0.00 0.00 0.00 0.00 0.00 0.00 0.00 0.00 0.18 4.24 8.91 12.88 16.25 18.32 18.58 16.85 13.02 8.69 3.48 0.00 0.00 0.00 0.00 0.00
0.00 0.00 0.00 0.00 0.00 0.00 0.00 0.00 0.13 1.87 3.86 5.53 6.87 7.50 7.62 6.89 5.01 3.31 1.25 0.00 0.00 0.00 0.00 0.00
0.00 0.00 0.00 0.00 0.00 0.00 0.00 0.00 0.00 17.80 40.57 59.27 76.55 88.72 89.80 83.64 66.11 45.86 20.70 0.00 0.00 0.00 0.00 0.00
0.00 0.00 0.00 0.00 0.00 0.00 0.00 0.00 0.00 6.44 15.07 21.79 27.44 30.55 30.19 26.70 20.41 13.79 5.61 0.00 0.00 0.00 0.00 0.00
0.00 0.00 0.00 0.00 0.00 0.00 0.00 0.00 0.00 1.44 3.34 4.81 6.14 6.81 6.85 6.04 4.62 3.13 1.29 0.00 0.00 0.00 0.00 0.00
0.00 0.00 0.00 0.00 0.00 0.00 0.00 0.00 0.00 1.78 4.11 6.00 7.56 8.42 8.42 7.59 5.89 4.00 1.67 0.00 0.00 0.00 0.00 0.00
0.00 0.00 0.00 0.00 0.00 0.00 0.00 0.00 0.00 2.85 6.57 9.60 12.09 13.48 13.48 12.14 9.43 6.40 2.68 0.00 0.00 0.00 0.00 0.00
0.00 0.00 0.00 0.00 0.00 0.00 0.00 0.00 0.00 59.81 157.24 231.86 304.15 346.97 354.99 325.53 249.41 164.76 80.29 0.00 0.00 0.00 0.00 0.00
