0.00 0.00 0.00 0.00 0.00 0.00 0.00 0.23 1.09 1.91 2.83 3.73 4.49 5.00 5.16 4.86 4.03 3.29 2.39 1.29 0.59 0.00 0.00 0.00
0.00 0.00 0.00 0.00 0.00 0.00 0.00 4.82 17.91 30.33 45.37 58.78 68.67 78.26 78.21 72.80 65.59 52.03 34.89 16.60 4.74 0.00 0.00 0.00
0.00 0.00 0.00 0.00 0.00 0.00 0.00 5.31 24.91 43.72 64.74 85.18 102.79 114.39 117.92 111.23 92.18 75.19 54.58 29.42 13.49 0.00 0.00 0.00
0.00 0.00 0.00 0.00 0.00 0.00 0.00 18.87 88.52 155.39 230.10 302.74 365.29 406.53 419.07 395.32 327.62 267.22 193.97 104.56 47.94 0.00 0.00 0.00
0.00 0.00 0.00 0.00 0.00 0.00 0.00 1.34 3.57 5.95 8.43 10.66 12.13 13.15 13.10 11.84 10.02 7.88 5.30 2.70 0.65 0.00 0.00 0.00
0.00 0.00 0.00 0.00 0.00 0.00 0.00 28.44 189.62 343.94 517.00 684.99 824.81 897.06 920.98 876.94 780.36 636.59 453.19 233.15 108.41 0.00 0.00 0.00
0.00 0.00 0.00 0.00 0.00 0.00 0.00 0.95 2.53 4.18 6.03 7.74 8.90 9.46 9.54 8.90 8.06 6.45 4.46 2.23 0.82 0.00 0.00 0.00
0.00 0.00 0.00 0.00 0.00 0.00 0.00 0.34 1.15 1.92 2.76 3.52 4.04 4.07 4.18 3.94 2.63 2.05 1.40 0.79 0.24 0.00 0.00 0.00
0.00 0.00 0.00 0.00 0.00 0.00 0.00 0.54 1.84 3.07 4.41 5.63 6.47 6.51 6.68 6.31 4.20 3.28 2.24 1.26 0.38 0.00 0.00 0.00
0.00 0.00 0.00 0.00 0.00 0.00 0.00 0.54 1.84 3.07 4.41 5.63 6.47 6.51 6.68 6.31 4.20 3.28 2.24 1.26 0.38 0.00 0.00 0.00
0.00 0.00 0.00 0.00 0.00 0.00 0.00 1.23 4.37 7.34 11.00 14.82 17.61 19.79 19.81 18.81 17.88 14.51 10.15 5.49 1.92 0.00 0.00 0.00
0.00 0.00 0.00 0.00 0.00 0.00 0.00 0.58 2.07 3.47 5.03 6.77 8.04 9.21 9.31 8.78 8.19 6.59 4.59 2.62 0.90 0.00 0.00 0.00
0.00 0.00 0.00 0.00 0.00 0.00 0.00 0.75 2.66 4.46 6.47 8.70 10.33 11.84 11.97 11.29 10.53 8.48 5.90 3.36 1.16 0.00 0.00 0.00
0.00 0.00 0.00 0.00 0.00 0.00 0.00 0.50 1.77 2.97 4.31 5.80 6.89 7.89 7.98 7.52 7.02 5.65 3.93 2.24 0.78 0.00 0.00 0.00
0.00 0.00 0.00 0.00 0.00 0.00 0.00 0.50 1.77 2.97 4.31 5.80 6.89 7.89 7.98 7.52 7.02 5.65 3.93 2.24 0.78 0.00 0.00 0.00
0.00 0.00 0.00 0.00 0.00 0.00 0.00 4.14 23.81 42.45 66.45 86.81 98.94 110.36 112.49 107.40 98.39 77.87 53.23 23.72 7.61 0.00 0.00 0.00
0.00 0.00 0.00 0.00 0.00 0.00 0.00 4.14 13.96 23.23 34.76 46.04 54.92 60.44 61.16 57.50 54.55 44.03 31.23 16.21 5.61 0.00 0.00 0.00
0.00 0.00 0.00 0.00 0.00 0.00 0.00 3.87 12.97 21.57 31.01 39.60 46.61 51.54 52.24 49.95 45.91 36.62 25.45 13.35 4.88 0.00 0.00 0.00
0.00 0.00 0.00 0.00 0.00 0.00 0.00 8.39 55.93 101.45 152.50 202.05 243.29 264.60 271.66 258.67 230.18 187.77 133.67 68.77 31.98 0.00 0.00 0.00
0.00 0.00 0.00 0.00 0.00 0.00 0.00 7.98 53.20 96.50 145.06 192.19 231.42 251.69 258.40 246.05 218.95 178.61 127.15 65.42 30.42 0.00 0.00 0.00
0.00 0.00 0.00 0.00 0.00 0.00 0.00 15.35 102.31 185.58 278.95 369.60 445.04 484.03 496.93 473.17 421.06 343.48 244.53 125.80 58.49 0.00 0.00 0.00
0.00 0.00 0.00 0.00 0.00 0.00 0.00 15.09 100.61 182.49 274.31 363.44 437.62 475.96 488.65 465.28 414.04 337.76 240.45 123.71 57.52 0.00 0.00 0.00
0.00 0.00 0.00 0.00 0.00 0.00 0.00 27.21 121.16 210.97 303.48 400.22 482.96 520.16 532.23 523.36 457.97 371.32 270.74 132.28 62.72 0.00 0.00 0.00
0.00 0.00 0.00 0.00 0.00 0.00 0.00 0.34 1.15 1.92 2.76 3.52 4.04 4.07 4.18 3.94 2.63 2.05 1.40 0.79 0.24 0.00 0.00 0.00
0.00 0.00 0.00 0.00 0.00 0.00 0.00 1.72 5.84 9.71 13.97 17.84 20.49 20.63 21.16 19.97 13.30 10.39 7.08 3.99 1.21 0.00 0.00 0.00
0.00 0.00 0.00 0.00 0.00 0.00 0.00 8.76 29.83 49.60 71.33 91.09 104.63 105.31 108.02 101.97 67.92 53.06 36.17 20.36 6.19 0.00 0.00 0.00
0.00 0.00 0.00 0.00 0.00 0.00 0.00 0.57 3.82 6.93 10.41 13.80 16.61 18.07 18.55 17.67 15.72 12.82 9.13 4.70 2.18 0.00 0.00 0.00
0.00 0.00 0.00 0.00 0.00 0.00 0.00 18.58 87.14 152.97 226.51 298.02 359.60 400.19 412.54 389.15 322.51 263.05 190.95 102.93 47.19 0.00 0.00 0.00
0.00 0.00 0.00 0.00 0.00 0.00 0.00 1.15 5.61 9.88 15.05 20.89 26.43 30.30 31.16 30.18 27.59 22.31 15.65 9.06 3.58 0.00 0.00 0.00
0.00 0.00 0.00 0.00 0.00 0.00 0.00 14.43 48.18 80.38 118.61 151.42 176.43 195.18 203.97 193.98 169.20 138.55 99.80 59.24 26.30 0.00 0.00 0.00
0.00 0.00 0.00 0.00 0.00 0.00 0.00 0.31 1.45 2.55 3.78 4.97 5.99 6.67 6.88 6.49 5.38 4.38 3.18 1.72 0.79 0.00 0.00 0.00
0.00 0.00 0.00 0.00 0.00 0.00 0.00 13.93 65.35 114.73 169.88 223.52 269.70 300.15 309.40 291.87 241.88 197.29 143.21 77.19 35.39 0.00 0.00 0.00
0.00 0.00 0.00 0.00 0.00 0.00 0.00 17.88 83.87 147.23 218.01 286.85 346.11 385.19 397.07 374.56 310.42 253.19 183.79 99.07 45.42 0.00 0.00 0.00
0.00 0.00 0.00 0.00 0.00 0.00 0.00 35.88 159.78 278.21 400.22 527.79 636.91 685.97 701.87 690.18 603.95 489.68 357.04 174.44 82.72 0.00 0.00 0.00
0.00 0.00 0.00 0.00 0.00 0.00 0.00 0.81 3.14 5.34 7.66 10.12 12.02 13.75 13.86 13.16 12.86 10.14 7.09 3.57 1.24 0.00 0.00 0.00
0.00 0.00 0.00 0.00 0.00 0.00 0.00 1.05 4.00 6.78 9.65 12.65 15.13 17.27 17.49 16.68 15.84 12.44 8.82 4.64 1.61 0.00 0.00 0.00
0.00 0.00 0.00 0.00 0.00 0.00 0.00 4.75 23.12 40.75 62.09 86.17 109.04 124.98 128.54 124.51 113.81 92.02 64.56 37.38 14.77 0.00 0.00 0.00
0.00 0.00 0.00 0.00 0.00 0.00 0.00 31.27 130.26 225.53 334.69 434.19 516.83 548.84 561.42 527.66 476.95 387.97 286.25 182.22 95.27 6.42 0.00 0.00
0.00 0.00 0.00 0.00 0.00 0.00 0.00 0.36 1.15 1.90 2.85 3.73 4.37 4.81 4.84 4.59 4.26 3.42 2.42 1.24 0.42 0.00 0.00 0.00
0.00 0.00 0.00 0.00 0.00 0.00 0.00 5.88 23.55 40.50 59.24 76.23 90.53 99.03 100.15 94.55 77.15 63.09 46.71 22.11 10.03 0.00 0.00 0.00
0.00 0.00 0.00 0.00 0.00 0.00 0.00 0.45 6.61 12.57 18.82 25.21 30.43 33.14 33.68 31.02 27.23 21.86 15.76 7.77 3.70 0.00 0.00 0.00
0.00 0.00 0.00 0.00 0.00 0.00 0.00 1.17 3.02 4.99 7.03 8.94 10.27 11.03 11.01 10.35 9.49 7.50 5.14 2.52 0.90 0.00 0.00 0.00
0.00 0.00 0.00 0.00 0.00 0.00 0.00 0.58 1.51 2.50 3.51 4.47 5.13 5.52 5.51 5.17 4.74 3.75 2.57 1.26 0.45 0.00 0.00 0.00
0.00 0.00 0.00 0.00 0.00 0.00 0.00 1.28 3.31 5.46 7.69 9.78 11.23 12.07 12.05 11.32 10.38 8.20 5.63 2.76 0.99 0.00 0.00 0.00
0.00 0.00 0.00 0.00 0.00 0.00 0.00 1.51 3.98 6.58 9.33 11.72 13.51 14.60 14.62 13.72 12.58 9.88 6.87 3.32 1.17 0.00 0.00 0.00
0.00 0.00 0.00 0.00 0.00 0.00 0.00 2.30 6.07 10.03 14.22 17.85 20.59 22.24 22.29 20.90 19.16 15.05 10.47 5.06 1.79 0.00 0.00 0.00
0.00 0.00 0.00 0.00 0.00 0.00 0.00 1.90 5.12 8.43 12.17 15.75 17.93 19.21 19.26 18.07 16.44 13.22 9.07 4.58 1.67 0.00 0.00 0.00
0.00 0.00 0.00 0.00 0.00 0.00 0.00 1.38 4.10 6.68 9.76 12.25 14.16 14.93 15.55 15.19 13.67 10.92 7.76 4.66 2.01 0.00 0.00 0.00
0.00 0.00 0.00 0.00 0.00 0.00 0.00 3.57 10.59 17.27 25.22 31.66 36.57 38.57 40.18 39.24 35.31 28.21 20.05 12.05 5.19 0.00 0.00 0.00
0.00 0.00 0.00 0.00 0.00 0.00 0.00 0.84 2.67 4.42 6.45 8.23 9.60 10.50 10.72 10.32 9.32 7.54 5.31 3.14 1.34 0.00 0.00 0.00
0.00 0.00 0.00 0.00 0.00 0.00 0.00 1.74 5.22 8.57 12.34 16.42 19.14 21.26 21.62 20.10 18.74 14.94 10.47 5.45 1.78 0.00 0.00 0.00
0.00 0.00 0.00 0.00 0.00 0.00 0.00 3.38 9.66 15.77 22.16 28.53 33.93 36.91 37.68 35.43 32.79 25.98 17.78 8.58 2.97 0.00 0.00 0.00
0.00 0.00 0.00 0.00 0.00 0.00 0.00 0.47 1.23 1.98 2.70 3.41 3.82 4.19 4.11 3.83 3.43 2.70 1.80 0.97 0.25 0.00 0.00 0.00
0.00 0.00 0.00 0.00 0.00 0.00 0.00 2.13 6.21 10.21 14.84 18.45 20.78 24.38 24.62 22.84 18.12 14.02 9.31 3.48 0.96 0.00 0.00 0.00
0.00 0.00 0.00 0.00 0.00 0.00 0.00 1.50 4.18 6.85 10.10 12.69 13.93 15.86 15.52 14.61 13.01 10.10 6.80 3.64 0.96 0.00 0.00 0.00
0.00 0.00 0.00 0.00 0.00 0.00 0.00 2.07 5.77 9.46 13.94 17.51 19.23 21.89 21.41 20.16 17.95 13.93 9.38 5.02 1.32 0.00 0.00 0.00
0.00 0.00 0.00 0.00 0.00 0.00 0.00 1.41 3.93 6.44 9.50 11.93 13.10 14.91 14.58 13.73 12.23 9.49 6.39 3.42 0.90 0.00 0.00 0.00
0.00 0.00 0.00 0.00 0.00 0.00 0.00 1.13 3.31 5.45 7.91 9.84 11.08 13.00 13.13 12.18 9.67 7.48 4.97 1.85 0.51 0.00 0.00 0.00
0.00 0.00 0.00 0.00 0.00 0.00 0.00 1.20 3.25 5.36 7.51 9.40 10.56 11.59 11.61 10.74 9.22 7.27 5.01 2.62 0.64 0.00 0.00 0.00
0.00 0.00 0.00 0.00 0.00 0.00 0.00 0.97 3.31 5.50 7.91 10.10 11.60 11.67 11.97 11.30 7.53 5.88 4.01 2.26 0.69 0.00 0.00 0.00
0.00 0.00 0.00 0.00 0.00 0.00 0.00 5.39 31.00 55.26 86.49 112.99 128.77 143.64 146.42 139.79 128.06 101.36 69.28 30.87 9.91 0.00 0.00 0.00
0.00 0.00 0.00 0.00 0.00 0.00 0.00 1.39 4.95 8.32 12.46 16.79 19.96 22.43 22.46 21.32 20.27 16.45 11.50 6.22 2.17 0.00 0.00 0.00
0.00 0.00 0.00 0.00 0.00 0.00 0.00 2.17 7.09 11.68 17.71 23.36 27.93 30.74 31.37 29.34 25.85 20.76 14.54 8.08 2.67 0.00 0.00 0.00
0.00 0.00 0.00 0.00 0.00 0.00 0.00 0.99 3.25 5.35 8.12 10.70 12.80 14.09 14.38 13.45 11.85 9.51 6.67 3.70 1.22 0.00 0.00 0.00
0.00 0.00 0.00 0.00 0.00 0.00 0.00 1.75 6.19 10.40 15.70 21.06 25.09 27.82 27.68 26.27 25.03 20.23 14.31 7.54 2.64 0.00 0.00 0.00
0.00 0.00 0.00 0.00 0.00 0.00 0.00 0.87 2.80 4.62 6.91 9.05 10.62 11.69 11.75 11.14 10.34 8.31 5.87 3.01 1.02 0.00 0.00 0.00
0.00 0.00 0.00 0.00 0.00 0.00 0.00 4.91 23.94 42.19 64.28 89.21 112.90 129.39 133.09 128.91 117.83 95.28 66.84 38.70 15.29 0.00 0.00 0.00
0.00 0.00 0.00 0.00 0.00 0.00 0.00 3.45 11.52 19.22 28.36 36.21 42.19 46.67 48.77 46.39 40.46 33.13 23.87 14.17 6.29 0.00 0.00 0.00
0.00 0.00 0.00 0.00 0.00 0.00 0.00 0.74 2.57 4.31 6.44 8.21 9.67 10.43 10.61 10.11 9.11 7.41 5.28 3.25 1.43 0.00 0.00 0.00
0.00 0.00 0.00 0.00 0.00 0.00 0.00 0.87 3.12 5.28 7.74 9.91 11.63 12.86 13.27 12.91 11.83 9.38 6.70 4.09 1.75 0.00 0.00 0.00
0.00 0.00 0.00 0.00 0.00 0.00 0.00 1.39 4.99 8.44 12.38 15.86 18.60 20.58 21.23 20.66 18.92 15.01 10.72 6.54 2.80 0.00 0.00 0.00
0.00 0.00 0.00 0.00 0.00 0.00 0.00 15.60 104.02 188.67 283.60 375.76 452.46 492.09 505.21 481.06 428.08 349.21 248.60 127.90 59.47 0.00 0.00 0.00
