0.00 0.00 0.00 0.00 0.00 0.00 0.00 0.00 0.55 1.52 2.51 3.51 4.24 4.63 4.68 4.49 3.95 3.11 2.06 1.02 0.11 0.00 0.00 0.00
0.00 0.00 0.00 0.00 0.00 0.00 0.00 0.00 11.94 26.88 42.89 58.30 70.55 75.83 75.97 71.10 59.34 45.80 28.58 8.22 0.00 0.00 0.00 0.00
0.00 0.00 0.00 0.00 0.00 0.00 0.00 0.00 12.50 34.85 57.36 80.20 96.91 105.78 106.93 102.65 90.38 71.02 47.14 23.24 2.50 0.00 0.00 0.00
0.00 0.00 0.00 0.00 0.00 0.00 0.00 0.00 44.43 123.85 203.84 285.03 344.40 375.93 380.02 364.81 321.20 252.40 167.53 82.58 8.88 0.00 0.00 0.00
0.00 0.00 0.00 0.00 0.00 0.00 0.00 0.00 2.55 5.08 7.96 10.59 12.16 12.54 12.43 11.71 9.88 7.43 4.45 1.07 0.00 0.00 0.00 0.00
0.00 0.00 0.00 0.00 0.00 0.00 0.00 0.00 87.67 267.59 468.62 659.26 797.88 864.73 883.11 837.32 728.59 576.92 396.04 186.97 26.95 0.00 0.00 0.00
0.00 0.00 0.00 0.00 0.00 0.00 0.00 0.00 1.56 3.31 5.17 7.05 8.16 8.75 8.67 8.15 6.85 5.09 3.16 0.95 0.00 0.00 0.00 0.00
0.00 0.00 0.00 0.00 0.00 0.00 0.00 0.00 0.70 1.55 2.40 3.31 3.92 4.27 4.38 4.12 3.59 2.81 1.76 0.52 0.00 0.00 0.00 0.00
0.00 0.00 0.00 0.00 0.00 0.00 0.00 0.00 1.12 2.48 3.85 5.29 6.27 6.84 7.01 6.59 5.74 4.50 2.82 0.83 0.00 0.00 0.00 0.00
0.00 0.00 0.00 0.00 0.00 0.00 0.00 0.00 1.12 2.48 3.85 5.29 6.27 6.84 7.01 6.59 5.74 4.50 2.82 0.83 0.00 0.00 0.00 0.00
0.00 0.00 0.00 0.00 0.00 0.00 0.00 0.00 2.45 5.68 9.42 13.10 15.93 17.77 17.85 17.13 15.08 11.56 7.44 2.42 0.00 0.00 0.00 0.00
0.00 0.00 0.00 0.00 0.00 0.00 0.00 0.00 1.19 2.76 4.52 6.17 7.44 8.33 8.38 8.08 7.08 5.46 3.42 1.10 0.00 0.00 0.00 0.00
0.00 0.00 0.00 0.00 0.00 0.00 0.00 0.00 1.54 3.55 5.81 7.94 9.57 10.71 10.77 10.39 9.11 7.02 4.39 1.41 0.00 0.00 0.00 0.00
0.00 0.00 0.00 0.00 0.00 0.00 0.00 0.00 1.02 2.37 3.87 5.29 6.38 7.14 7.18 6.93 6.07 4.68 2.93 0.94 0.00 0.00 0.00 0.00
0.00 0.00 0.00 0.00 0.00 0.00 0.00 0.00 1.02 2.37 3.87 5.29 6.38 7.14 7.18 6.93 6.07 4.68 2.93 0.94 0.00 0.00 0.00 0.00
0.00 0.00 0.00 0.00 0.00 0.00 0.00 0.00 12.02 30.28 53.95 75.33 92.34 103.52 107.09 102.32 86.06 66.64 41.71 13.90 0.00 0.00 0.00 0.00
0.00 0.00 0.00 0.00 0.00 0.00 0.00 0.00 7.89 18.00 29.24 41.20 50.04 54.27 53.38 50.62 45.13 34.58 22.27 7.14 0.00 0.00 0.00 0.00
0.00 0.00 0.00 0.00 0.00 0.00 0.00 0.00 6.91 15.93 26.24 35.41 42.82 45.24 45.42 43.49 38.20 29.40 18.86 6.21 0.00 0.00 0.00 0.00
0.00 0.00 0.00 0.00 0.00 0.00 0.00 0.00 25.86 78.93 138.23 194.46 235.35 255.07 260.49 246.98 214.91 170.17 116.82 55.15 7.95 0.00 0.00 0.00
0.00 0.00 0.00 0.00 0.00 0.00 0.00 0.00 24.60 75.08 131.48 184.97 223.87 242.62 247.78 234.93 204.43 161.87 111.12 52.46 7.56 0.00 0.00 0.00
0.00 0.00 0.00 0.00 0.00 0.00 0.00 0.00 47.30 144.38 252.85 355.71 430.51 466.58 476.50 451.79 393.13 311.29 213.69 100.88 14.54 0.00 0.00 0.00
0.00 0.00 0.00 0.00 0.00 0.00 0.00 0.00 46.52 141.98 248.64 349.79 423.34 458.81 468.56 444.26 386.57 306.10 210.13 99.20 14.30 0.00 0.00 0.00
0.00 0.00 0.00 0.00 0.00 0.00 0.00 0.00 60.91 171.16 277.74 382.48 455.42 492.98 496.46 471.27 418.32 327.89 220.44 105.80 13.68 0.00 0.00 0.00
0.00 0.00 0.00 0.00 0.00 0.00 0.00 0.00 0.70 1.55 2.40 3.31 3.92 4.27 4.38 4.12 3.59 2.81 1.76 0.52 0.00 0.00 0.00 0.00
0.00 0.00 0.00 0.00 0.00 0.00 0.00 0.00 3.55 7.86 12.18 16.76 19.87 21.65 22.19 20.87 18.18 14.25 8.92 2.64 0.00 0.00 0.00 0.00
0.00 0.00 0.00 0.00 0.00 0.00 0.00 0.00 18.12 40.12 62.17 85.58 101.43 110.51 113.26 106.55 92.80 72.73 45.54 13.49 0.00 0.00 0.00 0.00
0.00 0.00 0.00 0.00 0.00 0.00 0.00 0.00 1.77 5.39 9.44 13.28 16.07 17.42 17.79 16.87 14.68 11.62 7.98 3.77 0.54 0.00 0.00 0.00
0.00 0.00 0.00 0.00 0.00 0.00 0.00 0.00 43.74 121.92 200.66 280.59 339.03 370.07 374.10 359.12 316.20 248.47 164.92 81.29 8.75 0.00 0.00 0.00
0.00 0.00 0.00 0.00 0.00 0.00 0.00 0.00 2.46 6.43 13.32 18.92 23.94 29.90 30.65 29.17 24.87 19.45 13.13 4.90 0.00 0.00 0.00 0.00
0.00 0.00 0.00 0.00 0.00 0.00 0.00 0.00 27.40 67.26 104.66 144.99 168.62 177.52 177.12 167.09 151.86 117.38 76.55 29.84 1.03 0.00 0.00 0.00
0.00 0.00 0.00 0.00 0.00 0.00 0.00 0.00 0.73 2.03 3.34 4.68 5.65 6.17 6.23 5.99 5.27 4.14 2.75 1.35 0.15 0.00 0.00 0.00
0.00 0.00 0.00 0.00 0.00 0.00 0.00 0.00 32.80 91.44 150.50 210.44 254.27 277.55 280.57 269.34 237.15 186.35 123.69 60.97 6.56 0.00 0.00 0.00
0.00 0.00 0.00 0.00 0.00 0.00 0.00 0.00 42.10 117.34 193.14 270.07 326.31 356.19 360.07 345.66 304.34 239.15 158.73 78.24 8.42 0.00 0.00 0.00
0.00 0.00 0.00 0.00 0.00 0.00 0.00 0.00 80.33 225.72 366.27 504.40 600.58 650.12 654.71 621.48 551.66 432.40 290.71 139.53 18.05 0.00 0.00 0.00
0.00 0.00 0.00 0.00 0.00 0.00 0.00 0.00 1.37 3.26 6.72 9.27 11.09 13.11 13.42 12.74 11.05 8.52 5.44 1.76 0.00 0.00 0.00 0.00
0.00 0.00 0.00 0.00 0.00 0.00 0.00 0.00 2.00 4.72 8.53 11.83 14.19 16.48 16.70 15.98 13.85 10.62 6.81 2.20 0.00 0.00 0.00 0.00
0.00 0.00 0.00 0.00 0.00 0.00 0.00 0.00 10.14 26.54 54.92 78.05 98.77 123.33 126.42 120.33 102.59 80.24 54.16 20.20 0.00 0.00 0.00 0.00
0.00 0.00 0.00 0.00 0.00 0.00 0.00 0.00 54.57 163.64 270.96 368.20 454.00 491.62 499.39 476.97 436.97 354.85 247.74 115.95 24.20 0.00 0.00 0.00
0.00 0.00 0.00 0.00 0.00 0.00 0.00 0.00 0.65 1.46 2.39 3.33 4.01 4.33 4.27 3.95 3.45 2.68 1.71 0.53 0.00 0.00 0.00 0.00
0.00 0.00 0.00 0.00 0.00 0.00 0.00 0.00 11.79 31.19 51.06 69.96 84.38 91.10 92.45 86.88 77.27 61.04 40.01 19.46 1.58 0.00 0.00 0.00
0.00 0.00 0.00 0.00 0.00 0.00 0.00 0.00 2.84 9.98 17.51 24.99 30.56 33.82 33.41 31.66 28.10 22.68 15.61 7.08 1.33 0.00 0.00 0.00
0.00 0.00 0.00 0.00 0.00 0.00 0.00 0.00 1.86 3.87 5.94 8.10 9.49 10.03 9.97 9.25 7.93 5.87 3.61 1.07 0.00 0.00 0.00 0.00
0.00 0.00 0.00 0.00 0.00 0.00 0.00 0.00 0.93 1.94 2.97 4.05 4.75 5.02 4.98 4.63 3.97 2.94 1.81 0.54 0.00 0.00 0.00 0.00
0.00 0.00 0.00 0.00 0.00 0.00 0.00 0.00 2.03 4.24 6.50 8.86 10.38 10.97 10.90 10.12 8.68 6.42 3.95 1.18 0.00 0.00 0.00 0.00
0.00 0.00 0.00 0.00 0.00 0.00 0.00 0.00 2.37 4.97 7.76 10.68 12.63 13.41 13.24 12.34 10.46 7.67 4.76 1.42 0.00 0.00 0.00 0.00
0.00 0.00 0.00 0.00 0.00 0.00 0.00 0.00 3.61 7.58 11.82 16.28 19.24 20.44 20.18 18.80 15.94 11.68 7.25 2.17 0.00 0.00 0.00 0.00
0.00 0.00 0.00 0.00 0.00 0.00 0.00 0.00 3.16 6.72 10.44 14.22 16.67 17.75 17.68 16.40 13.88 10.41 6.50 1.99 0.00 0.00 0.00 0.00
0.00 0.00 0.00 0.00 0.00 0.00 0.00 0.00 2.33 5.39 8.23 11.16 13.41 14.35 14.02 13.10 11.95 9.24 5.88 2.14 0.00 0.00 0.00 0.00
0.00 0.00 0.00 0.00 0.00 0.00 0.00 0.00 6.01 13.93 21.26 28.84 34.65 37.06 36.22 33.83 30.88 23.86 15.20 5.52 0.00 0.00 0.00 0.00
0.00 0.00 0.00 0.00 0.00 0.00 0.00 0.00 1.51 3.59 5.54 7.67 9.18 9.83 9.68 9.10 8.11 6.16 3.94 1.48 0.00 0.00 0.00 0.00
0.00 0.00 0.00 0.00 0.00 0.00 0.00 0.00 3.12 6.77 10.89 14.80 17.77 19.11 18.86 17.52 14.57 11.31 7.13 2.07 0.00 0.00 0.00 0.00
0.00 0.00 0.00 0.00 0.00 0.00 0.00 0.00 5.60 12.07 19.30 26.12 30.89 32.50 32.35 30.49 26.22 19.94 12.16 3.66 0.00 0.00 0.00 0.00
0.00 0.00 0.00 0.00 0.00 0.00 0.00 0.00 0.77 1.54 2.43 3.24 3.76 3.88 3.83 3.67 3.14 2.35 1.44 0.36 0.00 0.00 0.00 0.00
0.00 0.00 0.00 0.00 0.00 0.00 0.00 0.00 4.10 8.55 13.43 17.87 21.14 22.29 22.20 20.94 17.60 13.37 8.32 2.22 0.00 0.00 0.00 0.00
0.00 0.00 0.00 0.00 0.00 0.00 0.00 0.00 2.88 5.87 9.12 12.15 14.01 14.60 14.77 14.09 11.79 8.91 5.44 1.38 0.00 0.00 0.00 0.00
0.00 0.00 0.00 0.00 0.00 0.00 0.00 0.00 3.97 8.10 12.59 16.76 19.34 20.15 20.38 19.44 16.27 12.29 7.51 1.91 0.00 0.00 0.00 0.00
0.00 0.00 0.00 0.00 0.00 0.00 0.00 0.00 2.70 5.52 8.57 11.42 13.17 13.72 13.88 13.24 11.08 8.37 5.11 1.30 0.00 0.00 0.00 0.00
0.00 0.00 0.00 0.00 0.00 0.00 0.00 0.00 2.19 4.56 7.17 9.53 11.27 11.89 11.84 11.17 9.39 7.13 4.44 1.18 0.00 0.00 0.00 0.00
0.00 0.00 0.00 0.00 0.00 0.00 0.00 0.00 2.25 4.53 7.11 9.47 10.79 11.26 11.08 10.40 8.83 6.66 4.03 0.99 0.00 0.00 0.00 0.00
0.00 0.00 0.00 0.00 0.00 0.00 0.00 0.00 2.01 4.45 6.89 9.48 11.24 12.25 12.55 11.81 10.28 8.06 5.05 1.49 0.00 0.00 0.00 0.00
0.00 0.00 0.00 0.00 0.00 0.00 0.00 0.00 15.64 39.41 70.22 98.05 120.18 134.74 139.39 133.18 112.02 86.74 54.29 18.09 0.00 0.00 0.00 0.00
0.00 0.00 0.00 0.00 0.00 0.00 0.00 0.00 2.77 6.43 10.67 14.85 18.06 20.14 20.23 19.42 17.09 13.11 8.43 2.75 0.00 0.00 0.00 0.00
0.00 0.00 0.00 0.00 0.00 0.00 0.00 0.00 4.71 10.49 16.40 22.34 26.96 29.13 28.77 27.13 23.35 18.21 11.71 3.49 0.00 0.00 0.00 0.00
0.00 0.00 0.00 0.00 0.00 0.00 0.00 0.00 2.16 4.81 7.52 10.24 12.36 13.35 13.18 12.44 10.70 8.35 5.37 1.60 0.00 0.00 0.00 0.00
0.00 0.00 0.00 0.00 0.00 0.00 0.00 0.00 3.44 7.98 13.24 18.60 22.67 24.97 24.99 23.89 21.09 16.17 10.52 3.43 0.00 0.00 0.00 0.00
0.00 0.00 0.00 0.00 0.00 0.00 0.00 0.00 1.58 3.54 5.79 8.08 9.74 10.51 10.36 9.59 8.37 6.50 4.15 1.28 0.00 0.00 0.00 0.00
0.00 0.00 0.00 0.00 0.00 0.00 0.00 0.00 10.50 27.48 56.87 80.81 102.26 127.69 130.89 124.58 106.21 83.08 56.08 20.91 0.00 0.00 0.00 0.00
0.00 0.00 0.00 0.00 0.00 0.00 0.00 0.00 6.55 16.08 25.03 34.67 40.32 42.45 42.36 39.96 36.31 28.07 18.31 7.13 0.25 0.00 0.00 0.00
0.00 0.00 0.00 0.00 0.00 0.00 0.00 0.00 1.41 3.50 5.55 7.74 9.12 9.53 9.72 9.12 8.15 6.36 4.17 1.64 0.06 0.00 0.00 0.00
0.00 0.00 0.00 0.00 0.00 0.00 0.00 0.00 1.73 4.30 6.72 9.31 11.24 12.28 12.35 11.63 10.49 8.08 5.27 2.00 0.03 0.00 0.00 0.00
0.00 0.00 0.00 0.00 0.00 0.00 0.00 0.00 2.77 6.87 10.76 14.89 17.98 19.66 19.76 18.60 16.78 12.94 8.44 3.20 0.05 0.00 0.00 0.00
0.00 0.00 0.00 0.00 0.00 0.00 0.00 0.00 48.09 146.79 257.06 361.64 437.69 474.36 484.44 459.32 399.68 316.48 217.25 102.57 14.78 0.00 0.00 0.00
