0.00 0.00 0.00 0.00 0.00 0.00 0.00 0.00 0.24 1.14 1.98 2.91 3.69 4.05 4.16 3.96 3.65 2.83 1.78 0.69 0.00 0.00 0.00 0.00
0.00 0.00 0.00 0.00 0.00 0.00 0.00 0.00 7.35 21.16 35.80 50.35 61.88 66.86 68.17 66.10 56.42 42.24 26.43 6.96 0.00 0.00 0.00 0.00
0.00 0.00 0.00 0.00 0.00 0.00 0.00 0.00 5.50 26.13 45.35 66.64 84.33 92.53 95.14 90.65 83.44 64.68 40.69 15.78 0.00 0.00 0.00 0.00
0.00 0.00 0.00 0.00 0.00 0.00 0.00 0.00 19.56 92.88 161.16 236.84 299.71 328.86 338.13 322.15 296.53 229.88 144.59 56.08 0.00 0.00 0.00 0.00
0.00 0.00 0.00 0.00 0.00 0.00 0.00 0.00 1.69 4.05 6.42 9.30 11.25 11.36 11.35 10.40 8.77 6.41 4.04 0.94 0.00 0.00 0.00 0.00
0.00 0.00 0.00 0.00 0.00 0.00 0.00 0.00 33.88 200.81 358.99 535.49 672.32 757.96 800.11 770.87 589.44 460.27 299.85 133.49 3.86 0.00 0.00 0.00
0.00 0.00 0.00 0.00 0.00 0.00 0.00 0.00 0.95 2.58 4.00 5.67 6.78 7.14 7.07 6.64 6.13 4.65 2.96 0.84 0.00 0.00 0.00 0.00
0.00 0.00 0.00 0.00 0.00 0.00 0.00 0.00 0.42 1.18 1.93 2.73 3.47 3.75 3.80 3.74 3.26 2.45 1.54 0.45 0.00 0.00 0.00 0.00
0.00 0.00 0.00 0.00 0.00 0.00 0.00 0.00 0.67 1.88 3.09 4.36 5.54 6.00 6.08 5.98 5.22 3.92 2.46 0.73 0.00 0.00 0.00 0.00
0.00 0.00 0.00 0.00 0.00 0.00 0.00 0.00 0.67 1.88 3.09 4.36 5.54 6.00 6.08 5.98 5.22 3.92 2.46 0.73 0.00 0.00 0.00 0.00
0.00 0.00 0.00 0.00 0.00 0.00 0.00 0.00 1.44 4.44 7.47 10.78 13.80 14.64 15.08 14.50 13.08 10.09 6.43 2.27 0.00 0.00 0.00 0.00
0.00 0.00 0.00 0.00 0.00 0.00 0.00 0.00 0.69 2.13 3.57 5.18 6.64 7.08 7.11 6.87 6.18 4.76 2.95 1.03 0.00 0.00 0.00 0.00
0.00 0.00 0.00 0.00 0.00 0.00 0.00 0.00 0.89 2.74 4.59 6.66 8.54 9.10 9.14 8.83 7.95 6.13 3.80 1.33 0.00 0.00 0.00 0.00
0.00 0.00 0.00 0.00 0.00 0.00 0.00 0.00 0.59 1.83 3.06 4.44 5.69 6.07 6.09 5.89 5.30 4.08 2.53 0.89 0.00 0.00 0.00 0.00
0.00 0.00 0.00 0.00 0.00 0.00 0.00 0.00 0.59 1.83 3.06 4.44 5.69 6.07 6.09 5.89 5.30 4.08 2.53 0.89 0.00 0.00 0.00 0.00
0.00 0.00 0.00 0.00 0.00 0.00 0.00 0.00 6.94 24.13 41.75 63.20 82.34 90.21 92.85 89.12 78.07 59.34 35.51 10.28 0.00 0.00 0.00 0.00
0.00 0.00 0.00 0.00 0.00 0.00 0.00 0.00 4.52 13.57 22.50 32.36 41.08 45.20 46.00 43.30 40.09 31.12 19.29 6.52 0.00 0.00 0.00 0.00
0.00 0.00 0.00 0.00 0.00 0.00 0.00 0.00 3.90 12.02 19.71 27.85 34.86 38.56 38.88 37.22 33.45 25.72 16.50 5.65 0.00 0.00 0.00 0.00
0.00 0.00 0.00 0.00 0.00 0.00 0.00 0.00 9.99 59.23 105.89 157.95 198.31 223.57 236.00 227.38 173.86 135.76 88.44 39.38 1.14 0.00 0.00 0.00
0.00 0.00 0.00 0.00 0.00 0.00 0.00 0.00 9.51 56.34 100.72 150.24 188.64 212.67 224.49 216.29 165.38 129.14 84.13 37.46 1.08 0.00 0.00 0.00
0.00 0.00 0.00 0.00 0.00 0.00 0.00 0.00 18.28 108.35 193.70 288.93 362.77 408.97 431.71 415.94 318.04 248.35 161.79 72.03 2.08 0.00 0.00 0.00
0.00 0.00 0.00 0.00 0.00 0.00 0.00 0.00 17.98 106.55 190.47 284.12 356.72 402.16 424.52 409.00 312.74 244.21 159.09 70.83 2.05 0.00 0.00 0.00
0.00 0.00 0.00 0.00 0.00 0.00 0.00 0.00 23.93 118.25 206.85 307.65 392.41 432.49 435.29 409.41 368.54 282.31 181.42 74.61 0.00 0.00 0.00 0.00
0.00 0.00 0.00 0.00 0.00 0.00 0.00 0.00 0.42 1.18 1.93 2.73 3.47 3.75 3.80 3.74 3.26 2.45 1.54 0.45 0.00 0.00 0.00 0.00
0.00 0.00 0.00 0.00 0.00 0.00 0.00 0.00 2.11 5.97 9.77 13.81 17.56 19.01 19.26 18.93 16.54 12.40 7.80 2.30 0.00 0.00 0.00 0.00
0.00 0.00 0.00 0.00 0.00 0.00 0.00 0.00 10.75 30.46 49.88 70.49 89.63 97.05 98.30 96.63 84.43 63.32 39.83 11.74 0.00 0.00 0.00 0.00
0.00 0.00 0.00 0.00 0.00 0.00 0.00 0.00 0.68 4.05 7.23 10.79 13.54 15.27 16.12 15.53 11.87 9.27 6.04 2.69 0.08 0.00 0.00 0.00
0.00 0.00 0.00 0.00 0.00 0.00 0.00 0.00 19.26 91.43 158.64 233.14 295.04 323.73 332.86 317.13 291.91 226.29 142.34 55.21 0.00 0.00 0.00 0.00
0.00 0.00 0.00 0.00 0.00 0.00 0.00 0.00 1.58 6.16 10.78 15.78 21.00 23.31 24.18 23.53 21.16 16.63 11.07 4.13 0.00 0.00 0.00 0.00
0.00 0.00 0.00 0.00 0.00 0.00 0.00 0.00 12.86 46.70 77.61 112.87 142.09 155.78 161.00 153.73 136.88 104.21 65.88 26.70 0.00 0.00 0.00 0.00
0.00 0.00 0.00 0.00 0.00 0.00 0.00 0.00 0.32 1.52 2.64 3.89 4.92 5.40 5.55 5.29 4.87 3.77 2.37 0.92 0.00 0.00 0.00 0.00
0.00 0.00 0.00 0.00 0.00 0.00 0.00 0.00 14.44 68.57 118.98 174.86 221.28 242.80 249.65 237.84 218.93 169.72 106.75 41.40 0.00 0.00 0.00 0.00
0.00 0.00 0.00 0.00 0.00 0.00 0.00 0.00 18.53 88.00 152.70 224.40 283.97 311.59 320.38 305.23 280.97 217.81 137.00 53.14 0.00 0.00 0.00 0.00
0.00 0.00 0.00 0.00 0.00 0.00 0.00 0.00 31.55 155.94 272.78 405.71 517.49 570.35 574.04 539.91 486.01 372.29 239.25 98.39 0.00 0.00 0.00 0.00
0.00 0.00 0.00 0.00 0.00 0.00 0.00 0.00 1.02 3.25 5.55 8.08 10.33 10.85 11.09 10.75 9.54 7.29 4.58 1.58 0.00 0.00 0.00 0.00
0.00 0.00 0.00 0.00 0.00 0.00 0.00 0.00 1.31 4.15 7.03 10.00 12.86 13.59 13.82 13.34 11.96 9.16 5.75 1.97 0.00 0.00 0.00 0.00
0.00 0.00 0.00 0.00 0.00 0.00 0.00 0.00 6.54 25.40 44.47 65.11 86.61 96.16 99.76 97.07 87.29 68.59 45.68 17.04 0.00 0.00 0.00 0.00
0.00 0.00 0.00 0.00 0.00 0.00 0.00 0.00 16.84 108.32 204.73 304.21 391.83 459.20 470.99 451.43 406.14 327.86 215.06 92.96 7.63 0.00 0.00 0.00
0.00 0.00 0.00 0.00 0.00 0.00 0.00 0.00 0.38 1.09 1.76 2.56 3.23 3.55 3.64 3.47 3.13 2.40 1.52 0.52 0.00 0.00 0.00 0.00
0.00 0.00 0.00 0.00 0.00 0.00 0.00 0.00 5.40 22.81 39.19 58.04 73.20 80.32 81.78 77.76 69.49 53.02 33.86 13.48 0.00 0.00 0.00 0.00
0.00 0.00 0.00 0.00 0.00 0.00 0.00 0.00 0.78 6.95 13.13 19.32 25.00 24.11 24.42 23.86 24.94 19.38 12.86 5.56 0.51 0.00 0.00 0.00
0.00 0.00 0.00 0.00 0.00 0.00 0.00 0.00 1.13 2.97 4.70 6.69 8.17 8.41 8.26 7.58 6.71 5.14 3.31 0.92 0.00 0.00 0.00 0.00
0.00 0.00 0.00 0.00 0.00 0.00 0.00 0.00 0.56 1.49 2.35 3.34 4.08 4.20 4.13 3.79 3.35 2.57 1.65 0.46 0.00 0.00 0.00 0.00
0.00 0.00 0.00 0.00 0.00 0.00 0.00 0.00 1.23 3.25 5.14 7.32 8.93 9.19 9.03 8.29 7.34 5.62 3.62 1.00 0.00 0.00 0.00 0.00
0.00 0.00 0.00 0.00 0.00 0.00 0.00 0.00 1.49 3.94 6.17 8.90 10.66 11.01 10.85 10.13 9.04 6.94 4.42 1.22 0.00 0.00 0.00 0.00
0.00 0.00 0.00 0.00 0.00 0.00 0.00 0.00 2.26 6.01 9.41 13.56 16.24 16.77 16.54 15.44 13.78 10.58 6.74 1.85 0.00 0.00 0.00 0.00
0.00 0.00 0.00 0.00 0.00 0.00 0.00 0.00 1.91 5.21 8.10 11.50 13.69 14.53 14.51 13.70 12.49 9.64 6.15 1.76 0.00 0.00 0.00 0.00
0.00 0.00 0.00 0.00 0.00 0.00 0.00 0.00 0.95 3.08 6.67 9.46 11.56 12.17 12.63 12.11 10.71 8.18 5.09 1.88 0.00 0.00 0.00 0.00
0.00 0.00 0.00 0.00 0.00 0.00 0.00 0.00 2.45 7.95 17.22 24.44 29.86 31.45 32.62 31.29 27.67 21.14 13.14 4.86 0.00 0.00 0.00 0.00
0.00 0.00 0.00 0.00 0.00 0.00 0.00 0.00 0.72 2.42 4.24 6.13 7.81 8.60 8.81 8.30 7.39 5.64 3.57 1.31 0.00 0.00 0.00 0.00
0.00 0.00 0.00 0.00 0.00 0.00 0.00 0.00 1.84 5.08 7.89 11.31 13.94 15.32 15.70 15.02 13.45 10.32 6.63 2.20 0.00 0.00 0.00 0.00
0.00 0.00 0.00 0.00 0.00 0.00 0.00 0.00 2.82 7.80 14.45 20.15 24.42 26.79 27.01 25.60 23.74 18.12 11.35 3.28 0.00 0.00 0.00 0.00
0.00 0.00 0.00 0.00 0.00 0.00 0.00 0.00 0.53 1.26 2.01 2.83 3.44 3.42 3.39 3.22 2.82 2.11 1.33 0.34 0.00 0.00 0.00 0.00
0.00 0.00 0.00 0.00 0.00 0.00 0.00 0.00 2.57 6.60 10.36 14.83 18.77 18.99 19.15 18.15 16.32 12.35 7.86 2.19 0.00 0.00 0.00 0.00
0.00 0.00 0.00 0.00 0.00 0.00 0.00 0.00 1.87 4.63 7.36 10.35 12.80 12.95 12.76 12.04 10.87 8.13 5.12 1.45 0.00 0.00 0.00 0.00
0.00 0.00 0.00 0.00 0.00 0.00 0.00 0.00 2.58 6.40 10.15 14.29 17.67 17.88 17.61 16.61 14.99 11.22 7.07 2.00 0.00 0.00 0.00 0.00
0.00 0.00 0.00 0.00 0.00 0.00 0.00 0.00 1.75 4.36 6.92 9.73 12.03 12.18 11.99 11.32 10.21 7.64 4.81 1.37 0.00 0.00 0.00 0.00
0.00 0.00 0.00 0.00 0.00 0.00 0.00 0.00 1.37 3.52 5.53 7.91 10.01 10.13 10.21 9.68 8.70 6.59 4.19 1.17 0.00 0.00 0.00 0.00
0.00 0.00 0.00 0.00 0.00 0.00 0.00 0.00 1.50 3.63 5.73 8.11 9.91 10.04 10.14 9.37 8.03 5.96 3.76 0.95 0.00 0.00 0.00 0.00
0.00 0.00 0.00 0.00 0.00 0.00 0.00 0.00 1.19 3.38 5.53 7.81 9.93 10.76 10.89 10.71 9.36 7.02 4.41 1.30 0.00 0.00 0.00 0.00
0.00 0.00 0.00 0.00 0.00 0.00 0.00 0.00 9.04 31.41 54.34 82.25 107.18 117.42 120.85 115.99 101.62 77.24 46.22 13.38 0.00 0.00 0.00 0.00
0.00 0.00 0.00 0.00 0.00 0.00 0.00 0.00 1.63 5.04 8.47 12.22 15.64 16.59 17.09 16.44 14.82 11.43 7.28 2.57 0.00 0.00 0.00 0.00
0.00 0.00 0.00 0.00 0.00 0.00 0.00 0.00 2.61 7.52 12.19 17.72 22.93 25.24 25.14 24.09 21.74 16.69 10.79 3.36 0.00 0.00 0.00 0.00
0.00 0.00 0.00 0.00 0.00 0.00 0.00 0.00 1.19 3.44 5.59 8.12 10.51 11.57 11.52 11.04 9.97 7.65 4.95 1.54 0.00 0.00 0.00 0.00
0.00 0.00 0.00 0.00 0.00 0.00 0.00 0.00 2.01 6.21 10.42 15.00 19.03 20.31 21.02 20.11 18.22 14.11 9.12 3.19 0.00 0.00 0.00 0.00
0.00 0.00 0.00 0.00 0.00 0.00 0.00 0.00 0.91 2.66 4.28 6.23 7.85 8.62 8.85 8.42 7.61 5.84 3.69 1.27 0.00 0.00 0.00 0.00
0.00 0.00 0.00 0.00 0.00 0.00 0.00 0.00 6.77 26.30 46.04 67.41 89.67 99.56 103.28 100.50 90.37 71.02 47.29 17.64 0.00 0.00 0.00 0.00
0.00 0.00 0.00 0.00 0.00 0.00 0.00 0.00 3.08 11.17 18.56 26.99 33.98 37.25 38.50 36.76 32.73 24.92 15.75 6.39 0.00 0.00 0.00 0.00
0.00 0.00 0.00 0.00 0.00 0.00 0.00 0.00 0.67 2.46 4.14 6.10 7.71 8.52 8.72 8.42 7.54 5.66 3.59 1.37 0.00 0.00 0.00 0.00
0.00 0.00 0.00 0.00 0.00 0.00 0.00 0.00 0.85 3.10 5.23 7.62 9.56 10.79 11.05 10.59 9.41 7.17 4.57 1.69 0.00 0.00 0.00 0.00
0.00 0.00 0.00 0.00 0.00 0.00 0.00 0.00 1.36 4.96 8.37 12.18 15.29 17.27 17.68 16.95 15.05 11.46 7.31 2.70 0.00 0.00 0.00 0.00
0.00 0.00 0.00 0.00 0.00 0.00 0.00 0.00 18.59 110.16 196.93 293.75 368.81 415.79 438.91 422.87 323.34 252.49 164.48 73.23 2.12 0.00 0.00 0.00
